AQI,CO,NO2,O3,PM10,SO2,Clouds,Precipitation,Pressure,Relative Humidity,Temperature,UV Index,Wind Speed,year,month,day,hour,day_of_week,day_of_year,week_of_year,hour_sin,hour_cos,month_sin,month_cos,day_of_week_sin,day_of_week_cos,season,time_of_day,is_weekend,PM25_lag_1h,PM25_lag_2h,PM25_lag_3h,PM25_lag_6h,PM25_lag_12h,PM25_lag_24h,PM25_rolling_mean_3h,PM25_rolling_std_3h,PM25_rolling_max_3h,PM25_rolling_min_3h,PM25_rolling_mean_6h,PM25_rolling_std_6h,PM25_rolling_max_6h,PM25_rolling_min_6h,PM25_rolling_mean_12h,PM25_rolling_std_12h,PM25_rolling_max_12h,PM25_rolling_min_12h,PM25_rolling_mean_24h,PM25_rolling_std_24h,PM25_rolling_max_24h,PM25_rolling_min_24h,Temperature_lag_1h,Temperature_lag_3h,Temperature_lag_6h,Relative Humidity_lag_1h,Relative Humidity_lag_3h,Relative Humidity_lag_6h,Wind Speed_lag_1h,Wind Speed_lag_3h,Wind Speed_lag_6h,Pressure_lag_1h,Pressure_lag_3h,Pressure_lag_6h,temp_humidity_interaction,wind_humidity_interaction,temp_wind_interaction,clouds_precip_interaction,PM25_PM10_ratio,CO_NO2_ratio,O3_NO2_ratio,heat_index,wind_chill,atmospheric_stability,Temperature_squared,Relative Humidity_squared,Wind Speed_squared,Pressure_squared,total_pollutants,avg_pollutants,PM25_change_1h,PM25_change_3h,temp_change_1h
161,309.1,66.7,3.3,80.0,103.7,100,0.0,1019,91,21.3,0.0,0.66,2023,3,9,0,3,68,10,0.0,1.0,1.0,6.123233995736766e-17,0.43388373911755823,-0.900968867902419,1,3,0,79.0,68.0,81.0,48.0,51.0,47.0,70.33333333333333,7.767453465154017,79.0,64.0,63.333333333333336,16.59718851693463,81.0,39.0,59.416666666666664,12.773967372130018,81.0,39.0,51.916666666666664,12.325006981801236,81.0,35.0,21.7,22.3,23.2,88.0,82.0,75.0,1.33,1.33,1.0,1019.0,1018.0,1016.0,1938.3,60.06,14.058000000000002,0.0,0.7999900001249984,4.634113431582735,0.04947452062187972,19.383,20.970000000000002,0.02090282541430283,453.69000000000005,8281,0.43560000000000004,1038361,626.8000000000001,104.46666666666668,-15.0,-17.0,-0.3999999999999986
167,330.9,66.0,0.0,85.0,108.0,100,0.0,1018,94,21.0,0.0,1.2,2023,3,9,1,3,68,10,0.25881904510252074,0.9659258262890683,1.0,6.123233995736766e-17,0.43388373911755823,-0.900968867902419,1,3,0,64.0,79.0,68.0,39.0,65.0,45.0,70.33333333333333,7.767453465154017,79.0,64.0,68.16666666666667,11.548448669265788,81.0,49.0,59.666666666666664,12.921675470684784,81.0,39.0,52.875,12.653621238000706,81.0,35.0,21.3,22.0,23.0,91.0,85.0,76.0,0.66,2.0,2.0,1019.0,1019.0,1017.0,1974.0,112.8,25.2,0.0,0.7999905883460194,5.0135604005999905,0.0,19.74,20.4,0.020628663429603705,441.0,8836,1.44,1036324,657.9,109.64999999999999,4.0,0.0,-0.3000000000000007
169,361.6,65.0,0.0,87.5,117.7,91,0.25,1018,93,20.8,0.0,0.8,2023,3,9,2,3,68,10,0.49999999999999994,0.8660254037844387,1.0,6.123233995736766e-17,0.43388373911755823,-0.900968867902419,1,3,0,68.0,64.0,79.0,49.0,62.0,42.0,67.33333333333333,3.055050463303859,70.0,64.0,71.66666666666667,6.77249338624017,81.0,64.0,60.333333333333336,13.255073356906387,81.0,39.0,54.041666666666664,12.895834064994942,81.0,35.0,21.0,21.7,22.7,94.0,88.0,79.0,1.2,1.33,0.66,1018.0,1019.0,1018.0,1934.4,74.4,16.64,22.75,0.7999908572473458,5.562991338594791,0.0,19.344,20.400000000000002,0.020432199968369383,432.64000000000004,8649,0.6400000000000001,1036324,701.8000000000001,116.96666666666668,2.0,-9.0,-0.1999999999999993
200,392.4,64.0,0.0,116.3,127.3,83,0.75,1017,93,20.7,0.0,0.4,2023,3,9,3,3,68,10,0.7071067811865476,0.7071067811865476,1.0,6.123233995736766e-17,0.43388373911755823,-0.900968867902419,1,3,0,70.0,68.0,64.0,81.0,55.0,45.0,77.0,13.892443989449797,93.0,68.0,73.66666666666667,10.708252269472684,93.0,64.0,63.5,16.099124764465245,93.0,39.0,56.041666666666664,14.985439793249357,93.0,35.0,20.8,21.3,22.3,93.0,91.0,82.0,0.8,0.66,1.33,1018.0,1019.0,1018.0,1925.1,37.2,8.28,62.25,0.7996491861634896,6.131154200715613,0.0,19.250999999999998,20.5,0.02035396228715606,428.48999999999995,8649,0.16000000000000003,1034289,792.9999999999999,132.16666666666666,23.0,29.0,-0.10000000000000142
195,423.1,63.0,0.0,111.3,137.0,75,1.0,1017,93,20.5,0.0,0.8,2023,3,9,4,3,68,10,0.8660254037844386,0.5000000000000001,1.0,6.123233995736766e-17,0.43388373911755823,-0.900968867902419,1,3,0,93.0,70.0,68.0,68.0,54.0,42.0,84.0,12.288205727444499,93.0,70.0,77.16666666666667,11.856081421222907,93.0,64.0,66.41666666666667,17.343892471432298,93.0,39.0,58.0,16.10022954197696,93.0,35.0,20.7,21.0,22.0,93.0,94.0,85.0,0.4,1.2,2.0,1017.0,1018.0,1019.0,1906.5,74.4,16.400000000000002,75.0,0.7996334264741557,6.7157664164060895,0.0,19.065,20.1,0.020157305646700447,420.25,8649,0.6400000000000001,1034289,823.4,137.23333333333332,-4.0,21.0,-0.1999999999999993
196,467.7,64.3,1.3,112.5,137.7,83,0.75,1017,93,20.3,0.0,1.0,2023,3,9,5,3,68,10,0.9659258262890683,0.25881904510252074,1.0,6.123233995736766e-17,0.43388373911755823,-0.900968867902419,1,3,0,89.0,93.0,70.0,79.0,49.0,39.0,90.66666666666667,2.0816659994660855,93.0,89.0,79.0,12.992305415129387,93.0,64.0,69.83333333333333,17.636910332045296,93.0,39.0,60.125,16.832454418150974,93.0,35.0,20.5,20.8,21.7,93.0,93.0,88.0,0.8,0.8,1.33,1017.0,1018.0,1019.0,1887.9,93.0,20.3,62.25,0.7999928889520982,7.273603831977729,0.020217414970218194,18.879,19.8,0.01996064900624483,412.09000000000003,8649,1.0,1034289,873.5,145.58333333333334,1.0,20.0,-0.1999999999999993
216,512.2,65.7,2.7,131.3,138.3,91,0.5,1018,94,20.2,0.0,2.0,2023,3,9,6,3,68,10,1.0,6.123233995736766e-17,1.0,6.123233995736766e-17,0.43388373911755823,-0.900968867902419,1,0,0,90.0,89.0,93.0,64.0,48.0,35.0,94.66666666666667,8.96288643983249,105.0,89.0,85.83333333333333,14.246637030073703,105.0,68.0,74.58333333333333,18.85571209972933,105.0,39.0,63.041666666666664,18.291074484488362,105.0,39.0,20.3,20.7,21.3,93.0,93.0,91.0,1.0,0.4,0.66,1017.0,1017.0,1019.0,1898.8,188.0,40.4,45.5,0.7996892636004295,7.7959239585394435,0.041095264912253994,18.988,19.2,0.01984280958466642,408.03999999999996,8836,4.0,1036324,955.2,159.20000000000002,15.0,12.0,-0.10000000000000142
223,556.8,67.0,4.0,137.5,139.0,100,0.0,1019,95,20.0,0.9,3.0,2023,3,9,7,3,68,10,0.9659258262890683,-0.25881904510252063,1.0,6.123233995736766e-17,0.43388373911755823,-0.900968867902419,1,0,0,105.0,90.0,89.0,68.0,39.0,40.0,101.66666666666667,10.40832999733065,110.0,90.0,92.83333333333333,14.048724734532584,110.0,70.0,80.5,17.784058234068166,110.0,49.0,65.95833333333333,19.961874893790963,110.0,39.0,20.2,20.5,21.0,94.0,93.0,94.0,2.0,0.8,1.2,1018.0,1017.0,1018.0,1900.0,285.0,60.0,0.0,0.7999941818604955,8.310323726511543,0.05970060148355994,19.0,18.5,0.019627066116716274,400.0,9025,9.0,1038361,1014.3,169.04999999999998,5.0,21.0,-0.1999999999999993
235,434.4,51.0,30.0,148.8,126.0,93,0.0,1019,87,21.4,2.5,2.0,2023,3,9,8,3,68,10,0.8660254037844387,-0.4999999999999998,1.0,6.123233995736766e-17,0.43388373911755823,-0.900968867902419,1,0,0,110.0,105.0,90.0,70.0,49.0,43.0,111.33333333333333,7.094598884597567,119.0,105.0,101.0,12.247448713915944,119.0,89.0,86.33333333333333,17.991580522482465,119.0,64.0,69.125,22.077555984774882,119.0,39.0,20.0,20.3,20.8,95.0,93.0,93.0,3.0,1.0,0.8,1019.0,1017.0,1018.0,1861.8,174.0,42.8,0.0,0.799725808294299,8.517480049410796,0.5882237603184252,18.618,20.4,0.021000960744886412,457.9599999999999,7569,4.0,1038361,909.2,151.53333333333333,9.0,29.0,1.3999999999999986
221,312.0,35.0,56.0,136.3,113.0,87,0.0,1019,80,22.7,3.9,1.0,2023,3,9,9,3,68,10,0.7071067811865476,-0.7071067811865475,1.0,6.123233995736766e-17,0.43388373911755823,-0.900968867902419,1,0,0,119.0,110.0,105.0,93.0,81.0,47.0,112.66666666666667,5.507570547286079,119.0,109.0,103.66666666666667,11.89397606633997,119.0,89.0,88.66666666666667,19.023111939921623,119.0,64.0,71.70833333333333,22.98483274317835,119.0,39.0,21.4,20.2,20.7,87.0,94.0,93.0,2.0,2.0,0.4,1019.0,1018.0,1017.0,1816.0,80.0,22.7,0.0,0.7997006625043103,8.914031027684924,1.599954287020371,18.16,22.2,0.02227672004247297,515.29,6400,1.0,1038361,761.3,126.88333333333333,-10.0,4.0,1.3000000000000007
191,189.7,19.0,82.0,107.5,100.0,81,0.5,1019,74,24.1,4.8,2.0,2023,3,9,10,3,68,10,0.49999999999999994,-0.8660254037844387,1.0,6.123233995736766e-17,0.43388373911755823,-0.900968867902419,1,0,0,109.0,119.0,110.0,89.0,68.0,48.0,104.66666666666667,16.921386861996066,119.0,86.0,103.16666666666667,12.671490309615047,119.0,86.0,90.16666666666667,17.923236991191775,119.0,64.0,73.29166666666667,22.586027166998743,119.0,39.0,22.7,20.0,20.5,80.0,95.0,93.0,1.0,3.0,0.8,1019.0,1019.0,1017.0,1783.4,148.0,48.2,40.5,0.7999925582087608,9.983685069206883,4.3155623388242725,17.834,23.1,0.02365061467064311,580.8100000000001,5476,4.0,1038361,584.2,97.36666666666667,-23.0,-24.0,1.4000000000000021
176,178.2,15.3,88.0,93.8,80.3,75,0.5,1018,67,25.2,5.4,0.66,2023,3,9,11,3,68,10,0.258819045102521,-0.9659258262890682,1.0,6.123233995736766e-17,0.43388373911755823,-0.900968867902419,1,0,0,86.0,109.0,119.0,90.0,79.0,56.0,90.0,17.349351572897465,109.0,75.0,100.66666666666667,16.645319662495762,119.0,75.0,89.83333333333333,18.18507546580356,119.0,64.0,74.08333333333333,22.284556295231948,119.0,39.0,24.1,21.4,20.3,74.0,87.0,93.0,2.0,2.0,1.0,1019.0,1019.0,1017.0,1688.3999999999999,44.22,16.632,37.5,0.7995650366200786,11.646297627606039,5.7512580877066855,16.884,24.87,0.024754396115524446,635.04,4489,0.43560000000000004,1036324,530.6,88.43333333333334,-11.0,-44.0,1.0999999999999979
165,166.7,11.7,94.0,83.8,60.7,68,0.5,1017,60,26.3,4.3,1.33,2023,3,9,12,3,68,10,1.2246467991473532e-16,-1.0,1.0,6.123233995736766e-17,0.43388373911755823,-0.900968867902419,1,1,0,75.0,86.0,109.0,105.0,64.0,51.0,76.0,9.539392014169444,86.0,67.0,94.33333333333333,21.25715565795828,119.0,67.0,90.08333333333333,17.814490186532467,119.0,67.0,74.75,21.797985547133546,119.0,39.0,25.2,22.7,20.2,67.0,80.0,94.0,0.66,1.0,2.0,1018.0,1019.0,1018.0,1578.0,79.80000000000001,34.979000000000006,34.0,0.7995131323015239,14.246645585847364,8.033501410135887,15.78,25.635,0.025860348219913256,691.69,3600,1.7689000000000001,1034289,483.9,80.64999999999999,-8.0,-42.0,1.1000000000000014
165,155.2,8.0,100.0,83.8,41.0,62,0.5,1016,55,27.4,4.3,2.0,2023,3,9,13,3,68,10,-0.2588190451025208,-0.9659258262890683,1.0,6.123233995736766e-17,0.43388373911755823,-0.900968867902419,1,1,0,67.0,75.0,86.0,110.0,68.0,65.0,69.66666666666667,4.618802153516983,75.0,67.0,87.16666666666667,22.148739618015906,119.0,67.0,90.0,17.929153506357917,119.0,67.0,74.83333333333333,21.762885571674463,119.0,39.0,26.3,24.1,20.0,60.0,74.0,95.0,1.33,2.0,3.0,1017.0,1019.0,1019.0,1507.0,110.0,54.8,31.0,0.7995131323015239,19.397575303087113,12.49843769528809,15.07,26.4,0.02696847739323091,750.7599999999999,3025,4.0,1032256,455.0,75.83333333333333,0.0,-19.0,1.0999999999999979
148,158.4,8.7,107.3,66.3,41.0,54,0.0,1015,53,27.9,3.0,2.0,2023,3,9,14,3,68,10,-0.4999999999999997,-0.8660254037844388,1.0,6.123233995736766e-17,0.43388373911755823,-0.900968867902419,1,1,0,67.0,67.0,75.0,119.0,70.0,62.0,62.333333333333336,8.082903768654749,67.0,53.0,76.16666666666667,19.395016542057053,109.0,53.0,88.58333333333333,20.183063707129833,119.0,53.0,74.45833333333333,22.069020518968806,119.0,39.0,27.4,25.2,21.4,55.0,67.0,87.0,2.0,0.66,2.0,1016.0,1018.0,1019.0,1478.6999999999998,106.0,55.8,0.0,0.7993846246662946,18.204804045512013,12.331915871738882,14.786999999999999,26.9,0.027487657647627933,778.41,2809,4.0,1030225,434.7,72.45,-14.0,-22.0,0.5
148,161.5,9.3,114.7,66.3,41.0,45,0.0,1014,51,28.5,1.9,2.0,2023,3,9,15,3,68,10,-0.7071067811865471,-0.7071067811865479,1.0,6.123233995736766e-17,0.43388373911755823,-0.900968867902419,1,1,0,53.0,67.0,67.0,109.0,93.0,55.0,57.666666666666664,8.082903768654749,67.0,53.0,66.83333333333333,12.781497043252251,86.0,53.0,85.25,22.551456312579514,119.0,53.0,74.375,22.14932033504295,119.0,39.0,27.9,26.3,22.7,53.0,60.0,80.0,2.0,1.33,1.0,1015.0,1017.0,1019.0,1453.5,102.0,57.0,0.0,0.7993846246662946,17.363724330717126,12.332007311041824,14.535,27.5,0.028106481157316413,812.25,2601,4.0,1028196,445.8,74.3,0.0,-14.0,0.6000000000000014
153,164.6,10.0,122.0,72.5,41.0,37,0.0,1013,49,29.0,1.5,2.0,2023,3,9,16,3,68,10,-0.8660254037844385,-0.5000000000000004,1.0,6.123233995736766e-17,0.43388373911755823,-0.900968867902419,1,1,0,53.0,53.0,67.0,86.0,89.0,54.0,54.666666666666664,2.8867513459480953,58.0,53.0,62.166666666666664,8.90879715038263,75.0,53.0,82.66666666666667,23.822576508747996,119.0,53.0,74.54166666666667,22.003911048931162,119.0,39.0,28.5,27.4,24.1,51.0,55.0,74.0,2.0,2.0,2.0,1014.0,1016.0,1019.0,1421.0,98.0,58.0,0.0,0.799988965669439,16.458354164583543,12.198780121987802,14.21,28.0,0.028627809844215358,841.0,2401,4.0,1026169,468.1,78.01666666666667,5.0,-9.0,0.5
153,277.4,44.3,92.0,72.5,54.7,40,0.0,1014,54,27.7,1.1,2.0,2023,3,9,17,3,68,10,-0.9659258262890683,-0.25881904510252063,1.0,6.123233995736766e-17,0.43388373911755823,-0.900968867902419,1,1,0,58.0,53.0,53.0,75.0,90.0,49.0,56.333333333333336,2.8867513459480953,58.0,53.0,59.333333333333336,6.345602151621657,67.0,53.0,80.0,24.701858597721316,119.0,53.0,74.91666666666667,21.62308884073902,119.0,39.0,29.0,27.9,25.2,49.0,53.0,67.0,2.0,2.0,0.66,1013.0,1015.0,1018.0,1495.8,108.0,55.4,0.0,0.799988965669439,6.26170966795332,2.0767025575043454,14.958,26.7,0.027317527300268936,767.29,2916,4.0,1028196,598.9000000000001,99.81666666666668,0.0,5.0,-1.3000000000000007
171,390.2,78.7,62.0,88.8,68.3,44,0.0,1014,61,26.5,1.3,2.0,2023,3,9,18,3,68,10,-1.0,-1.8369701987210297e-16,1.0,6.123233995736766e-17,0.43388373911755823,-0.900968867902419,1,2,0,58.0,58.0,53.0,67.0,105.0,48.0,62.333333333333336,7.505553499465121,71.0,58.0,60.0,7.429670248402603,71.0,53.0,77.16666666666667,23.494035348779423,119.0,53.0,75.875,20.87501627179786,119.0,39.0,27.7,28.5,26.3,54.0,51.0,60.0,2.0,2.0,1.33,1014.0,1014.0,1017.0,1616.5,122.0,53.0,0.0,0.7995405457145752,4.958005616192932,0.7877917688466474,16.165,25.5,0.026134096514697717,702.25,3721,4.0,1028196,758.9999999999999,126.49999999999999,13.0,18.0,-1.1999999999999993
199,503.1,113.0,32.0,115.0,82.0,47,0.0,1015,68,25.2,0.0,2.0,2023,3,9,19,3,68,10,-0.9659258262890684,0.2588190451025203,1.0,6.123233995736766e-17,0.43388373911755823,-0.900968867902419,1,2,0,71.0,58.0,58.0,67.0,110.0,39.0,73.66666666666667,17.156145643277018,92.0,58.0,64.16666666666667,15.144856112445103,92.0,53.0,75.66666666666667,21.71439963515343,119.0,53.0,78.08333333333333,19.566867885294748,119.0,49.0,26.5,29.0,27.4,61.0,49.0,55.0,2.0,2.0,2.0,1014.0,1013.0,1016.0,1713.6,136.0,50.4,0.0,0.7999930435387518,4.4521729896195605,0.2831833346607552,17.136,24.2,0.024827561746244585,635.04,4624,4.0,1030225,937.1,156.18333333333334,21.0,34.0,-1.3000000000000007
213,440.2,103.3,31.0,128.8,86.0,51,0.0,1015,73,24.3,0.0,2.33,2023,3,9,20,3,68,10,-0.8660254037844386,0.5000000000000001,1.0,6.123233995736766e-17,0.43388373911755823,-0.900968867902419,1,2,0,92.0,71.0,58.0,53.0,119.0,49.0,88.66666666666667,16.258331197676252,103.0,71.0,72.5,20.55966925804012,103.0,53.0,74.33333333333333,19.15170694188585,109.0,53.0,80.33333333333333,19.17803695505028,119.0,53.0,25.2,27.7,27.9,68.0,54.0,53.0,2.0,2.0,2.0,1015.0,1014.0,1015.0,1773.9,170.09,56.61900000000001,0.0,0.7996832322730413,4.261333384962391,0.3000939003494642,17.739,23.135,0.023940863112450136,590.49,5329,5.4289000000000005,1030225,892.3,148.71666666666667,11.0,45.0,-0.8999999999999986
221,377.4,93.7,30.0,136.3,90.0,54,0.0,1016,78,23.4,0.0,2.66,2023,3,9,21,3,68,10,-0.7071067811865477,0.7071067811865474,1.0,6.123233995736766e-17,0.43388373911755823,-0.900968867902419,1,2,0,103.0,92.0,71.0,53.0,109.0,81.0,101.33333333333333,8.621678104251682,109.0,92.0,81.83333333333333,22.551422719346725,109.0,58.0,74.33333333333333,19.15170694188585,109.0,53.0,81.5,20.05210603706598,119.0,53.0,24.3,26.5,28.5,73.0,61.0,51.0,2.33,2.0,2.0,1015.0,1014.0,1014.0,1825.1999999999998,207.48000000000002,62.244,0.0,0.7997006625043103,4.027705147223615,0.32016734079678977,18.252,22.07,0.0230314733942191,547.56,6084,7.0756000000000006,1032256,836.4,139.4,6.0,38.0,-0.9000000000000021
199,314.6,84.0,29.0,115.0,94.0,58,0.0,1016,84,22.5,0.0,3.0,2023,3,9,22,3,68,10,-0.5000000000000004,0.8660254037844384,1.0,6.123233995736766e-17,0.43388373911755823,-0.900968867902419,1,3,0,109.0,103.0,92.0,58.0,86.0,68.0,101.33333333333333,8.621678104251682,109.0,92.0,87.5,19.419062799218754,109.0,58.0,74.83333333333333,19.557994567827024,109.0,53.0,82.5,19.947757855916027,119.0,53.0,23.4,25.2,29.0,78.0,68.0,49.0,2.66,2.0,2.0,1016.0,1015.0,1013.0,1890.0,252.0,67.5,0.0,0.7999930435387518,3.7451935096010764,0.3452339853096987,18.9,21.0,0.022145647494441444,506.25,7056,9.0,1032256,728.6,121.43333333333334,-17.0,0.0,-0.8999999999999986
201,271.2,70.7,30.3,117.5,91.3,0,0.0,1016,86,22.2,0.0,2.66,2023,3,9,23,3,68,10,-0.25881904510252157,0.9659258262890681,1.0,6.123233995736766e-17,0.43388373911755823,-0.900968867902419,1,3,0,92.0,109.0,103.0,58.0,75.0,79.0,98.33333333333333,9.291573243177544,109.0,92.0,93.5,12.973048986263889,109.0,71.0,76.41666666666667,20.326687935427216,109.0,53.0,83.125,20.067955204428653,119.0,53.0,22.5,24.3,27.7,84.0,73.0,54.0,3.0,2.33,2.0,1016.0,1015.0,1014.0,1909.2,228.76000000000002,59.052,0.0,0.799993191547306,3.8358721941698133,0.42856536682649465,19.092,20.869999999999997,0.021850372194515556,492.84,7396,7.0756000000000006,1032256,675.0,112.5,2.0,-9.0,-0.3000000000000007
220,227.8,57.3,31.7,135.0,88.7,0,0.0,1015,89,21.8,0.0,2.33,2023,3,10,0,4,69,10,0.0,1.0,1.0,6.123233995736766e-17,-0.433883739117558,-0.9009688679024191,1,3,0,94.0,92.0,109.0,71.0,67.0,64.0,98.0,8.717797887081318,108.0,92.0,99.66666666666667,7.966596931354697,109.0,92.0,79.83333333333333,21.978639768206907,109.0,53.0,84.95833333333333,20.253779393242716,119.0,53.0,22.2,23.4,26.5,86.0,78.0,61.0,2.66,2.66,2.0,1016.0,1016.0,1014.0,1940.2,207.37,50.794000000000004,0.0,0.7999940741179695,3.9754978098113476,0.5532189665101831,19.402,20.635,0.02147781135191,475.24,7921,5.4289000000000005,1030225,648.5,108.08333333333333,14.0,-1.0,-0.3999999999999986
242,184.4,44.0,33.0,156.3,86.0,0,0.0,1014,91,21.5,0.0,2.0,2023,3,10,1,4,69,10,0.25881904510252074,0.9659258262890683,1.0,6.123233995736766e-17,-0.433883739117558,-0.9009688679024191,1,3,0,108.0,94.0,92.0,92.0,67.0,68.0,109.0,15.524174696260006,125.0,94.0,105.16666666666667,11.990273836183682,125.0,92.0,84.66666666666667,25.061137365662532,125.0,53.0,87.33333333333333,21.483394328738093,125.0,53.0,21.8,22.5,25.2,89.0,84.0,68.0,2.33,3.0,2.0,1015.0,1016.0,1015.0,1956.5,182.0,43.0,0.0,0.799738965201758,4.190813845139884,0.7499829549328425,19.565,20.5,0.02120313490815098,462.25,8281,4.0,1028196,628.7,104.78333333333335,17.0,33.0,-0.3000000000000007
239,179.2,39.0,32.0,152.5,84.3,1,0.0,1014,93,21.3,0.0,2.0,2023,3,10,2,4,69,10,0.49999999999999994,0.8660254037844387,1.0,6.123233995736766e-17,-0.433883739117558,-0.9009688679024191,1,3,0,125.0,108.0,94.0,103.0,53.0,70.0,118.33333333333333,9.073771725877439,125.0,108.0,108.33333333333333,13.691846722289563,125.0,92.0,90.41666666666667,25.050706153477588,125.0,53.0,89.5,22.267152645915903,125.0,53.0,21.5,22.2,24.3,91.0,86.0,73.0,2.0,2.66,2.33,1014.0,1016.0,1015.0,1980.9,186.0,42.6,0.0,0.7999947541327598,4.5947539806671625,0.8204917822619934,19.809,20.3,0.02100589644388911,453.69000000000005,8649,4.0,1028196,609.0,101.5,-3.0,28.0,-0.1999999999999993
233,173.9,34.0,31.0,147.5,82.7,1,0.0,1014,95,21.2,0.0,2.0,2023,3,10,3,4,69,10,0.7071067811865476,0.7071067811865476,1.0,6.123233995736766e-17,-0.433883739117558,-0.9009688679024191,1,3,0,122.0,125.0,108.0,109.0,53.0,93.0,121.66666666666667,3.5118845842841813,125.0,118.0,109.83333333333333,14.260668521029148,125.0,92.0,95.83333333333333,23.18241235126845,125.0,58.0,90.54166666666667,23.010355261824188,125.0,53.0,21.3,21.8,23.4,93.0,89.0,78.0,2.0,2.33,2.66,1014.0,1015.0,1016.0,2014.0,190.0,42.4,0.0,0.7999945763079572,5.114555454251346,0.9117378900620571,20.14,20.2,0.020907277211758172,449.44,9025,4.0,1028196,587.1,97.85000000000001,-4.0,10.0,-0.10000000000000142
235,168.7,29.0,30.0,148.8,81.0,79,0.5,1014,96,21.0,0.0,2.0,2023,3,10,4,4,69,10,0.8660254037844386,0.5000000000000001,1.0,6.123233995736766e-17,-0.433883739117558,-0.9009688679024191,1,3,0,118.0,122.0,125.0,92.0,58.0,89.0,119.66666666666667,2.0816659994660265,122.0,118.0,114.33333333333333,11.50072461485242,125.0,94.0,100.91666666666667,20.68578050622014,125.0,58.0,91.79166666666667,23.726666646305905,125.0,53.0,21.2,21.5,22.5,95.0,91.0,84.0,2.0,2.0,3.0,1014.0,1014.0,1016.0,2016.0,192.0,42.0,39.5,0.799725808294299,5.817040791696837,1.0344470880314471,20.16,20.0,0.020710038747496304,441.0,9216,4.0,1028196,576.5,96.08333333333333,1.0,-6.0,-0.1999999999999993
246,194.3,33.7,25.0,160.0,83.7,82,0.5,1014,94,20.8,0.0,2.0,2023,3,10,5,4,69,10,0.9659258262890683,0.25881904510252074,1.0,6.123233995736766e-17,-0.433883739117558,-0.9009688679024191,1,3,0,119.0,118.0,122.0,94.0,58.0,90.0,121.66666666666667,5.50757054728606,128.0,118.0,120.0,6.957010852370906,128.0,108.0,106.75,17.030053648557008,128.0,71.0,93.375,24.843532095024635,128.0,53.0,21.0,21.3,22.2,96.0,93.0,86.0,2.0,2.0,2.66,1014.0,1014.0,1016.0,1955.2,188.0,41.6,41.0,0.7999950000312498,5.7654075546719685,0.7418177502151271,19.552,19.8,0.020512800283234437,432.64000000000004,8836,4.0,1028196,624.7,104.11666666666667,9.0,6.0,-0.1999999999999993
152,220.0,38.3,20.0,190.0,86.3,86,0.5,1014,93,20.6,0.0,2.0,2023,3,10,6,4,69,10,1.0,6.123233995736766e-17,1.0,6.123233995736766e-17,-0.433883739117558,-0.9009688679024191,1,0,0,128.0,119.0,118.0,108.0,71.0,105.0,133.0,17.05872210923197,152.0,119.0,127.33333333333333,12.643839079436054,152.0,118.0,113.5,17.61456009308011,152.0,92.0,95.33333333333333,27.509155261265345,152.0,53.0,20.8,21.2,21.8,94.0,95.0,89.0,2.0,2.0,2.33,1014.0,1014.0,1015.0,1915.8000000000002,186.0,41.2,43.0,0.7999957894958447,5.74397535312394,0.5221795775567218,19.158,19.6,0.020315561818972566,424.36000000000007,8649,4.0,1028196,706.5999999999999,117.76666666666665,24.0,34.0,-0.1999999999999993
252,245.7,43.0,15.0,165.0,89.0,89,0.25,1015,91,20.4,1.0,2.0,2023,3,10,7,4,69,10,0.9659258262890683,-0.25881904510252063,1.0,6.123233995736766e-17,-0.433883739117558,-0.9009688679024191,1,0,0,152.0,128.0,119.0,125.0,92.0,110.0,137.33333333333334,12.858201014657258,152.0,128.0,128.5,12.708265027139145,152.0,118.0,116.83333333333333,16.94822776110906,152.0,92.0,96.25,28.372138813800454,152.0,53.0,20.6,21.0,21.5,93.0,96.0,91.0,2.0,2.0,2.0,1014.0,1014.0,1014.0,1856.3999999999999,182.0,40.8,22.25,0.799995151544536,5.713820608823051,0.3488290969977443,18.564,19.4,0.02009850236600752,416.15999999999997,8281,4.0,1030225,689.7,114.95,-20.0,13.0,-0.20000000000000284
204,224.9,36.3,38.3,120.0,98.7,93,0.0,1015,89,20.9,2.7,1.66,2023,3,10,8,4,69,10,0.8660254037844387,-0.4999999999999998,1.0,6.123233995736766e-17,-0.433883739117558,-0.9009688679024191,1,0,0,132.0,152.0,128.0,122.0,103.0,119.0,126.66666666666667,28.378395538390343,152.0,96.0,124.16666666666667,18.486932321688037,152.0,96.0,116.25,17.5764563601945,152.0,92.0,95.29166666666667,27.955677912299482,152.0,53.0,20.4,20.8,21.3,91.0,94.0,93.0,2.0,2.0,2.0,1015.0,1014.0,1014.0,1860.1,147.73999999999998,34.693999999999996,0.0,0.7999933333888883,6.195421613729651,1.055067353516432,18.601,20.07,0.020591112718115548,436.80999999999995,7921,2.7556,1030225,614.2,102.36666666666667,-36.0,-32.0,0.5
237,204.1,29.7,61.7,151.3,108.3,96,0.0,1016,88,21.3,4.4,1.33,2023,3,10,9,4,69,10,0.7071067811865476,-0.7071067811865475,1.0,6.123233995736766e-17,-0.433883739117558,-0.9009688679024191,1,0,0,96.0,132.0,152.0,118.0,109.0,109.0,116.33333333333333,18.448125469362278,132.0,96.0,124.66666666666667,18.32666545410468,152.0,96.0,117.25,17.467502293219827,152.0,92.0,95.79166666666667,28.316501820710762,152.0,53.0,20.9,20.6,21.2,89.0,93.0,95.0,1.66,2.0,2.0,1015.0,1014.0,1014.0,1874.4,117.04,28.329000000000004,0.0,0.799730338860946,6.8718224975590045,2.0773711322851085,18.744,20.635,0.0209645462947379,453.69000000000005,7744,1.7689000000000001,1032256,676.0999999999999,112.68333333333332,25.0,-31.0,0.40000000000000213
227,183.3,23.0,85.0,141.3,118.0,100,0.0,1016,86,21.8,6.8,1.0,2023,3,10,10,4,69,10,0.49999999999999994,-0.8660254037844387,1.0,6.123233995736766e-17,-0.433883739117558,-0.9009688679024191,1,0,0,121.0,96.0,132.0,119.0,92.0,86.0,110.0,12.767145334803695,121.0,96.0,123.66666666666667,18.853823661705174,152.0,96.0,119.0,15.666989036012927,152.0,94.0,96.91666666666667,28.446619217888323,152.0,53.0,21.3,20.4,21.0,88.0,91.0,96.0,1.33,2.0,2.0,1016.0,1015.0,1014.0,1874.8,86.0,21.8,0.0,0.7997112546974189,7.969218729620452,3.695491500369549,18.748,21.3,0.021456671794614378,475.24,7396,1.0,1032256,663.6,110.60000000000001,-8.0,-19.0,0.5
215,172.6,17.7,107.0,130.0,98.0,70,0.0,1015,72,23.7,4.3,1.66,2023,3,10,11,4,69,10,0.258819045102521,-0.9659258262890682,1.0,6.123233995736766e-17,-0.433883739117558,-0.9009688679024191,1,0,0,113.0,121.0,96.0,128.0,94.0,75.0,112.66666666666667,8.50490054811537,121.0,104.0,119.66666666666667,20.245164031606986,152.0,96.0,119.83333333333333,14.433756729740779,152.0,96.0,98.125,28.088853583800294,152.0,53.0,21.8,20.9,20.8,86.0,89.0,94.0,1.0,1.66,2.0,1016.0,1015.0,1014.0,1706.3999999999999,119.52,39.342,0.0,0.7999938462011831,9.75086153324671,6.04485622281227,17.064,22.87,0.023349730689920502,561.6899999999999,5184,2.7556,1030225,629.3,104.88333333333333,-9.0,8.0,1.8999999999999986
185,161.9,12.3,129.0,102.5,78.0,41,0.0,1014,60,25.5,3.4,2.33,2023,3,10,12,4,69,10,1.2246467991473532e-16,-1.0,1.0,6.123233995736766e-17,-0.433883739117558,-0.9009688679024191,1,1,0,104.0,113.0,121.0,152.0,108.0,67.0,99.66666666666667,15.94783161854091,113.0,82.0,108.0,17.922053453776012,132.0,82.0,117.66666666666667,17.905475715715127,152.0,82.0,98.75,27.52745664904795,152.0,53.0,23.7,21.3,20.6,72.0,88.0,93.0,1.66,1.33,2.0,1015.0,1016.0,1014.0,1530.0,139.8,59.415,0.0,0.7999921951980956,13.161531582798148,10.486952280302415,15.3,24.335,0.02514790419338837,650.25,3600,5.4289000000000005,1028196,565.7,94.28333333333335,-22.0,-39.0,1.8000000000000007
156,151.2,7.0,151.0,75.0,58.0,12,0.0,1013,51,27.4,2.9,3.0,2023,3,10,13,4,69,10,-0.2588190451025208,-0.9659258262890683,1.0,6.123233995736766e-17,-0.433883739117558,-0.9009688679024191,1,1,0,82.0,104.0,113.0,132.0,125.0,67.0,82.0,21.999999999999996,104.0,60.0,96.0,22.226110770892927,121.0,60.0,112.25,24.207906296760363,152.0,60.0,98.45833333333333,27.912875580785343,152.0,53.0,25.5,21.8,20.4,60.0,86.0,91.0,2.33,1.0,2.0,1014.0,1016.0,1015.0,1397.3999999999999,153.0,82.19999999999999,0.0,0.7999893334755536,21.596914726467645,21.568347378945862,13.973999999999998,25.9,0.027048344473500026,750.7599999999999,2601,9.0,1026169,502.2,83.7,-22.0,-53.0,1.8999999999999986
157,146.7,8.0,147.0,76.3,53.0,16,0.0,1012,50,27.3,2.4,3.0,2023,3,10,14,4,69,10,-0.4999999999999997,-0.8660254037844388,1.0,6.123233995736766e-17,-0.433883739117558,-0.9009688679024191,1,1,0,60.0,82.0,104.0,96.0,122.0,53.0,67.66666666666667,12.423096769056146,82.0,60.0,90.16666666666667,26.422843652163337,121.0,60.0,107.16666666666667,28.07079793966853,152.0,60.0,98.79166666666667,27.38926982322224,152.0,53.0,27.4,23.7,20.9,51.0,72.0,89.0,3.0,1.66,1.66,1013.0,1015.0,1015.0,1365.0,150.0,81.9,0.0,0.7994652756844602,18.335208098987625,18.37270341207349,13.65,25.8,0.026976257928598885,745.2900000000001,2500,9.0,1024144,492.0,82.0,1.0,-43.0,-0.09999999999999787
145,142.2,9.0,143.0,65.0,48.0,20,0.0,1011,49,27.1,1.7,3.0,2023,3,10,15,4,69,10,-0.7071067811865471,-0.7071067811865479,1.0,6.123233995736766e-17,-0.433883739117558,-0.9009688679024191,1,1,0,61.0,60.0,82.0,121.0,118.0,53.0,57.666666666666664,4.932882862316254,61.0,52.0,78.66666666666667,25.311394008759503,113.0,52.0,101.66666666666667,31.95261643386498,152.0,52.0,98.75,27.462622820370054,152.0,52.0,27.3,25.5,21.3,50.0,60.0,88.0,3.0,2.33,1.33,1012.0,1014.0,1016.0,1327.9,147.0,81.30000000000001,0.0,0.7999876924970385,15.798244639484501,15.887123652927453,13.279000000000002,25.6,0.026805116908885353,734.4100000000001,2401,9.0,1022121,459.2,76.53333333333333,-9.0,-30.0,-0.1999999999999993
126,137.7,10.0,139.0,56.3,43.0,25,0.75,1011,49,27.0,2.7,3.0,2023,3,10,16,4,69,10,-0.8660254037844385,-0.5000000000000004,1.0,6.123233995736766e-17,-0.433883739117558,-0.9009688679024191,1,1,0,52.0,61.0,60.0,113.0,119.0,58.0,52.666666666666664,8.020806277010651,61.0,45.0,67.33333333333333,21.851010655497486,104.0,45.0,95.5,35.27167289895547,152.0,45.0,98.20833333333333,28.413069813588976,152.0,45.0,27.1,27.4,21.8,49.0,51.0,86.0,3.0,3.0,1.0,1011.0,1013.0,1016.0,1323.0,147.0,81.0,18.75,0.7992753237065062,13.76862313768623,13.898610138986102,13.23,25.5,0.02670620503837286,729.0,2401,9.0,1022121,431.0,71.83333333333333,-7.0,-15.0,-0.10000000000000142
115,150.0,21.7,111.0,51.3,55.3,33,1.0,1011,55,25.9,2.0,2.66,2023,3,10,17,4,69,10,-0.9659258262890683,-0.25881904510252063,1.0,6.123233995736766e-17,-0.433883739117558,-0.9009688679024191,1,1,0,45.0,52.0,61.0,104.0,128.0,58.0,46.0,5.567764362830044,52.0,41.0,56.833333333333336,14.661741597322711,82.0,41.0,88.25,36.88834504284517,152.0,41.0,97.5,29.644267720685043,152.0,41.0,27.0,27.3,23.7,49.0,50.0,72.0,3.0,3.0,1.66,1011.0,1012.0,1015.0,1424.5,146.3,68.894,33.0,0.7992046938656168,6.912123865259665,5.114971660292152,14.245,24.57,0.025618174462735448,670.81,3025,7.0756000000000006,1022121,430.3,71.71666666666667,-4.0,-20.0,-1.1000000000000014
110,162.2,33.3,83.0,48.8,67.7,41,0.5,1012,61,24.9,1.9,2.33,2023,3,10,18,4,69,10,-1.0,-1.8369701987210297e-16,1.0,6.123233995736766e-17,-0.433883739117558,-0.9009688679024191,1,2,0,41.0,45.0,52.0,82.0,152.0,71.0,41.666666666666664,3.0550504633039526,45.0,39.0,49.666666666666664,9.500877152487664,61.0,39.0,78.83333333333333,33.392523205960416,132.0,39.0,96.16666666666667,31.546606882469927,152.0,39.0,25.9,27.1,25.5,55.0,49.0,60.0,2.66,3.0,2.33,1011.0,1011.0,1014.0,1518.8999999999999,142.13,58.016999999999996,20.5,0.7991639515583698,4.8707246028647795,2.4924176451157627,15.188999999999998,23.735,0.02460471877004074,620.0099999999999,3721,5.4289000000000005,1024144,434.0,72.33333333333333,-2.0,-13.0,-1.0
148,174.5,45.0,55.0,66.3,80.0,50,0.0,1012,68,23.8,0.0,2.0,2023,3,10,19,4,69,10,-0.9659258262890684,0.2588190451025203,1.0,6.123233995736766e-17,-0.433883739117558,-0.9009688679024191,1,2,0,39.0,41.0,45.0,60.0,132.0,92.0,44.333333333333336,7.571877794400383,53.0,39.0,48.5,8.33666600026625,61.0,39.0,72.25,29.520793904081756,121.0,39.0,94.54166666666667,32.7520051383073,152.0,39.0,24.9,27.0,27.4,61.0,49.0,51.0,2.33,3.0,3.0,1012.0,1011.0,1013.0,1618.4,136.0,47.6,0.0,0.7993846246662946,3.877691606853181,1.2221950623319482,16.184,22.8,0.02351776332236826,566.44,4624,4.0,1024144,473.8,78.96666666666667,14.0,8.0,-1.0999999999999979
155,182.7,46.0,45.3,73.8,81.0,50,0.0,1013,73,23.1,0.0,2.0,2023,3,10,20,4,69,10,-0.8660254037844386,0.5000000000000001,1.0,6.123233995736766e-17,-0.433883739117558,-0.9009688679024191,1,2,0,53.0,39.0,41.0,61.0,96.0,103.0,50.333333333333336,10.263202878893773,59.0,39.0,48.166666666666664,7.7567175188130895,59.0,39.0,69.16666666666667,28.73652516898792,121.0,39.0,92.70833333333333,33.481311031765095,152.0,39.0,23.8,25.9,27.3,68.0,55.0,50.0,2.0,2.66,3.0,1012.0,1011.0,1012.0,1686.3000000000002,146.0,46.2,0.0,0.799447161962575,3.971652790156736,0.9847612008434599,16.863000000000003,22.1,0.02280353128970258,533.61,5329,4.0,1026169,487.8,81.3,6.0,18.0,-0.6999999999999993
159,190.8,47.0,35.7,77.5,82.0,50,0.0,1013,79,22.5,0.0,2.0,2023,3,10,21,4,69,10,-0.7071067811865477,0.7071067811865474,1.0,6.123233995736766e-17,-0.433883739117558,-0.9009688679024191,1,2,0,59.0,53.0,39.0,52.0,121.0,109.0,58.0,4.58257569495583,62.0,53.0,49.833333333333336,9.600347215942877,62.0,39.0,64.25,23.660957484660376,113.0,39.0,90.75,33.85936387085747,152.0,39.0,23.1,24.9,27.1,73.0,61.0,49.0,2.0,2.33,3.0,1013.0,1012.0,1011.0,1777.5,158.0,45.0,0.0,0.7999896775525477,4.059488095997958,0.7595583072700581,17.775,21.5,0.022211231775684327,506.25,6241,4.0,1026169,495.0,82.5,3.0,23.0,-0.6000000000000014
181,199.0,48.0,26.0,98.8,83.0,50,0.0,1013,85,21.8,0.0,2.0,2023,3,10,22,4,69,10,-0.5000000000000004,0.8660254037844384,1.0,6.123233995736766e-17,-0.433883739117558,-0.9009688679024191,1,3,0,62.0,59.0,53.0,45.0,113.0,92.0,66.66666666666667,10.785793124908944,79.0,59.0,55.5,14.802026888233799,79.0,39.0,61.416666666666664,18.83641701759128,104.0,39.0,90.20833333333333,33.94237977702115,152.0,39.0,22.5,23.8,27.0,79.0,68.0,49.0,2.0,2.0,3.0,1013.0,1012.0,1011.0,1853.0,170.0,43.6,0.0,0.7995870487140818,4.145746963604925,0.5416553821795379,18.53,20.8,0.021520215675996372,475.24,7225,4.0,1026169,533.8,88.96666666666665,17.0,26.0,-0.6999999999999993
176,188.7,43.7,25.7,93.8,80.0,50,0.0,1013,87,21.4,0.0,2.0,2023,3,10,23,4,69,10,-0.25881904510252157,0.9659258262890681,1.0,6.123233995736766e-17,-0.433883739117558,-0.9009688679024191,1,3,0,79.0,62.0,59.0,41.0,104.0,94.0,72.0,8.888194417315571,79.0,62.0,61.166666666666664,14.64809430153506,79.0,39.0,59.0,14.154986272110348,82.0,39.0,89.41666666666667,34.07142965654036,152.0,39.0,21.8,23.1,25.9,85.0,73.0,55.0,2.0,2.0,2.66,1013.0,1013.0,1011.0,1861.8,174.0,42.8,0.0,0.7995650366200786,4.317978993615706,0.5880872291251916,18.618,20.4,0.02112534933331754,457.9599999999999,7569,4.0,1026169,506.9,84.48333333333333,-4.0,16.0,-0.40000000000000213
179,178.4,39.3,25.3,96.3,77.0,50,0.0,1013,89,21.1,0.0,2.0,2023,3,11,0,5,70,10,0.0,1.0,1.0,6.123233995736766e-17,-0.9749279121818236,-0.2225209339563146,1,3,1,75.0,79.0,62.0,39.0,82.0,108.0,77.0,1.9999999999999218,79.0,75.0,67.5,10.8765803449429,79.0,53.0,58.583333333333336,13.473599325639558,79.0,39.0,88.125,33.92358740771226,152.0,39.0,21.4,22.5,24.9,87.0,79.0,61.0,2.0,2.0,2.33,1013.0,1013.0,1012.0,1877.9,178.0,42.2,0.0,0.7995763283870365,4.5393246991170715,0.6437495229129031,18.779,20.1,0.020829199576308417,445.21000000000004,7921,4.0,1026169,493.3,82.21666666666667,2.0,15.0,-0.29999999999999716
181,168.1,35.0,25.0,98.8,74.0,50,0.0,1013,91,20.7,0.0,2.0,2023,3,11,1,5,70,10,0.25881904510252074,0.9659258262890683,1.0,6.123233995736766e-17,-0.9749279121818236,-0.2225209339563146,1,3,1,77.0,75.0,79.0,53.0,60.0,125.0,77.0,1.9999999999999218,79.0,75.0,71.83333333333333,8.953584012375462,79.0,59.0,60.166666666666664,14.714453829998165,79.0,39.0,86.20833333333333,33.03750065115945,152.0,39.0,21.1,21.8,23.8,89.0,85.0,68.0,2.0,2.0,2.0,1013.0,1013.0,1012.0,1883.7,182.0,41.4,0.0,0.7995870487140818,4.802719922287935,0.7142653067055228,18.837,19.7,0.02043433323362958,428.48999999999995,8281,4.0,1026169,479.9,79.98333333333333,2.0,0.0,-0.40000000000000213
180,158.9,29.3,28.7,97.5,70.0,66,0.0,1013,90,20.9,0.0,1.66,2023,3,11,2,5,70,10,0.49999999999999994,0.8660254037844387,1.0,6.123233995736766e-17,-0.9749279121818236,-0.2225209339563146,1,3,1,79.0,77.0,75.0,59.0,61.0,122.0,78.0,0.9999999999998437,79.0,77.0,75.0,6.542170893518384,79.0,62.0,61.583333333333336,15.594045094979005,79.0,39.0,84.375,32.17454097507097,152.0,39.0,20.7,21.4,23.1,91.0,87.0,73.0,2.0,2.0,2.0,1013.0,1013.0,1013.0,1880.9999999999998,149.4,34.693999999999996,0.0,0.7999917949559491,5.42302310501348,0.9794887546500118,18.81,20.07,0.020631766404969,436.80999999999995,8100,2.7556,1026169,462.4,77.06666666666666,-1.0,3.0,0.1999999999999993
180,149.8,23.7,32.3,97.5,66.0,83,0.0,1013,90,21.0,0.0,1.33,2023,3,11,3,5,70,10,0.7071067811865476,0.7071067811865476,1.0,6.123233995736766e-17,-0.9749279121818236,-0.2225209339563146,1,3,1,78.0,79.0,77.0,62.0,52.0,118.0,78.33333333333333,0.577350269189354,79.0,78.0,77.66666666666667,1.505545305417963,79.0,75.0,63.75,15.943793320742152,79.0,39.0,82.70833333333333,31.383295427409422,152.0,39.0,20.9,21.1,22.5,90.0,89.0,79.0,1.66,2.0,2.0,1013.0,1013.0,1013.0,1890.0,119.7,27.93,0.0,0.7999917949559491,6.320408421585587,1.3628116957090417,18.9,20.335,0.020730482990638708,441.0,8100,1.7689000000000001,1026169,447.3,74.55,0.0,1.0,0.10000000000000142
153,140.6,18.0,36.0,68.8,62.0,100,0.0,1013,90,21.2,0.0,1.0,2023,3,11,4,5,70,10,0.8660254037844386,0.5000000000000001,1.0,6.123233995736766e-17,-0.9749279121818236,-0.2225209339563146,1,3,1,78.0,78.0,79.0,79.0,45.0,119.0,70.33333333333333,13.279056191361379,78.0,55.0,73.66666666666667,9.244818368505985,79.0,55.0,64.58333333333333,15.114462269527369,79.0,39.0,80.04166666666667,30.880525967961923,152.0,39.0,21.0,20.7,21.8,90.0,91.0,85.0,1.33,2.0,2.0,1013.0,1013.0,1013.0,1908.0,90.0,21.2,0.0,0.7994069853635848,7.810677184600855,1.9998888950613853,19.08,20.7,0.020927916161978123,449.44,8100,1.0,1026169,380.4,63.4,-23.0,-24.0,0.1999999999999993
168,134.4,17.3,43.0,86.3,55.7,87,0.0,1013,90,21.3,0.0,1.0,2023,3,11,5,5,70,10,0.9659258262890683,0.25881904510252074,1.0,6.123233995736766e-17,-0.9749279121818236,-0.2225209339563146,1,3,1,55.0,78.0,78.0,75.0,41.0,128.0,67.33333333333333,11.590225767142456,78.0,55.0,72.66666666666667,9.395034149308112,79.0,55.0,66.91666666666667,13.180276816884156,79.0,39.0,77.58333333333333,29.19933987739042,152.0,39.0,21.2,20.9,21.4,90.0,90.0,87.0,1.0,1.66,2.0,1013.0,1013.0,1013.0,1917.0,90.0,21.3,0.0,0.7995272360691069,7.768337090341598,2.485405467892029,19.17,20.8,0.021026632747647832,453.69000000000005,8100,1.0,1026169,405.7,67.61666666666666,14.0,-9.0,0.10000000000000142
131,128.2,16.7,50.0,58.8,49.3,75,0.0,1014,89,21.3,0.0,1.0,2023,3,11,6,5,70,10,1.0,6.123233995736766e-17,1.0,6.123233995736766e-17,-0.9749279121818236,-0.2225209339563146,1,0,1,69.0,55.0,78.0,77.0,39.0,152.0,57.0,11.135528725660018,69.0,47.0,67.66666666666667,13.647954669717553,79.0,47.0,67.58333333333333,11.76634903854916,79.0,47.0,73.20833333333333,25.14994885752717,132.0,39.0,21.3,21.0,21.1,90.0,90.0,89.0,1.0,1.33,2.0,1013.0,1013.0,1013.0,1895.7,89.0,21.3,0.0,0.7993061342494175,7.676187054667384,2.993832704628465,18.957,20.8,0.02100589644388911,453.69000000000005,7921,1.0,1028196,350.0,58.333333333333336,-22.0,-31.0,0.0
142,122.0,16.0,57.0,63.8,43.0,62,0.0,1015,89,21.4,0.7,1.0,2023,3,11,7,5,70,10,0.9659258262890683,-0.25881904510252063,1.0,6.123233995736766e-17,-0.9749279121818236,-0.2225209339563146,1,0,1,47.0,69.0,55.0,79.0,53.0,132.0,55.666666666666664,11.718930554164606,69.0,47.0,63.0,13.78404875209015,78.0,47.0,67.41666666666667,12.003471720020437,79.0,47.0,69.83333333333333,22.176498854627077,121.0,39.0,21.3,21.2,20.7,89.0,90.0,91.0,1.0,1.0,2.0,1014.0,1013.0,1013.0,1904.6,89.0,21.4,0.0,0.7993605115907275,7.624523467283294,3.562277357665146,19.046,20.9,0.021083723070223576,457.9599999999999,7921,1.0,1030225,352.8,58.800000000000004,4.0,-4.0,0.09999999999999787
151,123.9,16.7,63.0,70.0,44.0,66,0.0,1016,89,21.5,1.1,1.33,2023,3,11,8,5,70,10,0.8660254037844387,-0.4999999999999998,1.0,6.123233995736766e-17,-0.9749279121818236,-0.2225209339563146,1,0,1,51.0,47.0,69.0,78.0,59.0,96.0,51.333333333333336,4.509249752822817,56.0,47.0,59.333333333333336,11.775681155103696,78.0,47.0,67.16666666666667,12.223920910421478,79.0,47.0,68.16666666666667,21.62057527824641,121.0,39.0,21.4,21.3,20.9,89.0,90.0,90.0,1.0,1.0,1.66,1015.0,1013.0,1013.0,1913.5,118.37,28.595000000000002,0.0,0.7999885715918343,7.418717442069338,3.772229207831866,19.135,20.835,0.02116139649468849,462.25,7921,1.7689000000000001,1032256,373.6,62.26666666666667,5.0,-13.0,0.10000000000000142
139,125.9,17.3,69.0,62.5,45.0,70,0.5,1017,89,21.7,1.5,1.66,2023,3,11,9,5,70,10,0.7071067811865476,-0.7071067811865475,1.0,6.123233995736766e-17,-0.9749279121818236,-0.2225209339563146,1,0,1,56.0,51.0,47.0,78.0,62.0,121.0,52.333333333333336,3.2145502536642154,56.0,50.0,54.666666666666664,7.7631608682716235,69.0,47.0,66.16666666666667,13.141421905447167,79.0,47.0,65.20833333333333,18.743066350837193,113.0,39.0,21.5,21.3,21.0,89.0,89.0,90.0,1.33,1.0,1.33,1016.0,1014.0,1013.0,1931.3,147.73999999999998,36.022,35.0,0.7999872002047967,7.277036009479221,3.9882087740593026,19.313,20.87,0.02133724548943413,470.89,7921,2.7556,1034289,369.70000000000005,61.616666666666674,-6.0,3.0,0.1999999999999993
121,127.8,18.0,75.0,53.8,46.0,75,0.0,1017,88,21.8,2.2,2.0,2023,3,11,10,5,70,10,0.49999999999999994,-0.8660254037844387,1.0,6.123233995736766e-17,-0.9749279121818236,-0.2225209339563146,1,0,1,50.0,56.0,51.0,55.0,79.0,113.0,49.666666666666664,6.506407098647655,56.0,43.0,52.666666666666664,9.092121131323738,69.0,43.0,63.166666666666664,14.024869685560947,79.0,43.0,62.291666666666664,16.265405183920358,104.0,39.0,21.7,21.4,21.2,89.0,89.0,90.0,1.66,1.0,1.0,1017.0,1015.0,1013.0,1918.4,176.0,43.6,0.0,0.7992416497834613,7.099605577467917,4.166435198044553,19.184,20.8,0.021435573809661938,475.24,7744,4.0,1034289,363.6,60.6,-7.0,-8.0,0.10000000000000142
115,128.6,17.0,81.7,51.3,49.3,75,0.0,1017,86,22.1,2.8,2.0,2023,3,11,11,5,70,10,0.258819045102521,-0.9659258262890682,1.0,6.123233995736766e-17,-0.9749279121818236,-0.2225209339563146,1,0,1,43.0,50.0,56.0,69.0,75.0,104.0,44.666666666666664,4.7258156262525155,50.0,41.0,48.0,5.513619500835777,56.0,41.0,60.333333333333336,14.828310351445452,79.0,41.0,59.666666666666664,14.19328275496268,82.0,39.0,21.8,21.5,21.3,88.0,89.0,90.0,2.0,1.33,1.0,1017.0,1016.0,1013.0,1900.6000000000001,172.0,44.2,0.0,0.7992046938656168,7.564260925827892,4.805599670607611,19.006,21.1,0.02173055877034536,488.4100000000001,7396,4.0,1034289,368.90000000000003,61.48333333333334,-2.0,-15.0,0.3000000000000007
129,129.4,16.0,88.3,57.5,52.7,75,0.0,1016,84,22.4,3.1,2.0,2023,3,11,12,5,70,10,1.2246467991473532e-16,-1.0,1.0,6.123233995736766e-17,-0.9749279121818236,-0.2225209339563146,1,1,1,41.0,43.0,50.0,47.0,77.0,82.0,43.333333333333336,2.516611478423402,46.0,41.0,47.833333333333336,5.564770136013096,56.0,41.0,57.75,14.35349181463255,79.0,41.0,58.166666666666664,13.6211685212415,79.0,39.0,22.1,21.7,21.3,86.0,89.0,89.0,2.0,1.66,1.0,1017.0,1017.0,1014.0,1881.6,168.0,44.8,0.0,0.7999860871984835,8.086994562839822,5.518405099681269,18.816,21.4,0.022047222394466146,501.75999999999993,7056,4.0,1032256,389.9,64.98333333333333,5.0,-4.0,0.29999999999999716
156,130.1,15.0,95.0,75.0,56.0,75,0.0,1015,81,22.7,3.0,2.0,2023,3,11,13,5,70,10,-0.2588190451025208,-0.9659258262890683,1.0,6.123233995736766e-17,-0.9749279121818236,-0.2225209339563146,1,1,1,46.0,41.0,43.0,51.0,79.0,60.0,49.0,9.848857801796067,60.0,41.0,49.333333333333336,7.474400756359223,60.0,41.0,56.166666666666664,12.755272231393805,78.0,41.0,58.166666666666664,13.6211685212415,79.0,39.0,22.4,21.8,21.4,84.0,88.0,89.0,2.0,2.0,1.0,1016.0,1017.0,1015.0,1838.7,162.0,45.4,0.0,0.7999893334755536,8.67275514965669,6.332911139257383,18.387,21.7,0.022364509985704446,515.29,6561,4.0,1030225,431.1,71.85000000000001,14.0,17.0,0.3000000000000007
148,132.7,17.0,94.7,66.3,59.7,83,0.0,1015,81,22.7,2.4,2.0,2023,3,11,14,5,70,10,-0.4999999999999997,-0.8660254037844388,1.0,6.123233995736766e-17,-0.9749279121818236,-0.2225209339563146,1,1,1,60.0,46.0,41.0,56.0,78.0,61.0,53.0,6.999999999999952,60.0,46.0,48.833333333333336,7.026141662866134,60.0,41.0,54.083333333333336,10.74885476634022,78.0,41.0,57.833333333333336,13.646680331053904,79.0,39.0,22.7,22.1,21.5,81.0,86.0,89.0,2.0,2.0,1.33,1015.0,1017.0,1016.0,1838.7,162.0,45.4,0.0,0.7993846246662946,7.805423210399387,5.5702605729074754,18.387,21.7,0.022364509985704446,515.29,6561,4.0,1030225,423.4,70.56666666666666,-7.0,12.0,0.0
110,135.2,19.0,94.3,48.8,63.3,91,0.0,1014,81,22.6,1.6,2.0,2023,3,11,15,5,70,10,-0.7071067811865471,-0.7071067811865479,1.0,6.123233995736766e-17,-0.9749279121818236,-0.2225209339563146,1,1,1,53.0,60.0,46.0,50.0,78.0,52.0,50.666666666666664,10.692676621563592,60.0,39.0,47.0,8.024961059095332,60.0,39.0,50.833333333333336,8.526251796479245,69.0,39.0,57.291666666666664,14.137459235067345,79.0,39.0,22.7,22.4,21.7,81.0,84.0,89.0,2.0,2.0,1.66,1015.0,1016.0,1017.0,1830.6000000000001,162.0,45.2,0.0,0.7991639515583698,7.115414978159043,4.962896689647913,18.306,21.6,0.02228794646159126,510.76000000000005,6561,4.0,1028196,399.6,66.60000000000001,-14.0,-7.0,-0.09999999999999787
110,137.7,21.0,94.0,48.8,67.0,100,0.0,1014,82,22.6,1.0,2.0,2023,3,11,16,5,70,10,-0.8660254037844385,-0.5000000000000004,1.0,6.123233995736766e-17,-0.9749279121818236,-0.2225209339563146,1,1,1,39.0,53.0,60.0,43.0,55.0,45.0,43.666666666666664,8.082903768654703,53.0,39.0,46.333333333333336,8.571269839799882,60.0,39.0,49.5,9.050364131298071,69.0,39.0,57.041666666666664,14.414603605422242,79.0,39.0,22.6,22.7,21.8,81.0,81.0,88.0,2.0,2.0,2.0,1014.0,1015.0,1017.0,1853.2,164.0,45.2,0.0,0.7991639515583698,6.556830627112994,4.475977334412646,18.532,21.6,0.02228794646159126,510.76000000000005,6724,4.0,1028196,407.5,67.91666666666667,0.0,-21.0,0.0
157,163.4,33.0,76.0,76.3,71.3,100,0.0,1014,83,22.5,0.7,2.0,2023,3,11,17,5,70,10,-0.9659258262890683,-0.25881904510252063,1.0,6.123233995736766e-17,-0.9749279121818236,-0.2225209339563146,1,1,1,39.0,39.0,53.0,41.0,69.0,41.0,46.333333333333336,12.701705922171733,61.0,39.0,49.666666666666664,9.872520785830913,61.0,39.0,48.833333333333336,7.673251454160981,61.0,39.0,57.875,14.01959033080071,79.0,39.0,22.6,22.7,22.1,82.0,81.0,86.0,2.0,2.0,2.0,1014.0,1015.0,1017.0,1867.5,166.0,45.0,0.0,0.7994652756844602,4.951365110148178,2.30296051634799,18.675,21.5,0.022189327229460327,506.25,6889,4.0,1028196,481.0,80.16666666666667,22.0,8.0,-0.10000000000000142
151,189.1,45.0,58.0,70.0,75.7,100,0.0,1014,84,22.3,0.6,2.0,2023,3,11,18,5,70,10,-1.0,-1.8369701987210297e-16,1.0,6.123233995736766e-17,-0.9749279121818236,-0.2225209339563146,1,2,1,61.0,39.0,39.0,46.0,47.0,39.0,52.0,11.532562594670766,61.0,39.0,51.333333333333336,9.973297682645574,61.0,39.0,49.583333333333336,7.9138352193347865,61.0,39.0,58.583333333333336,13.442038751510273,79.0,39.0,22.5,22.6,22.4,83.0,81.0,84.0,2.0,2.0,2.0,1014.0,1014.0,1016.0,1873.2,168.0,44.6,0.0,0.7999885715918343,4.202128841581298,1.2888602475500546,18.732,21.3,0.021992088765198457,497.29,7056,4.0,1028196,493.8,82.3,-5.0,17.0,-0.1999999999999993
150,214.8,57.0,40.0,67.5,80.0,100,0.0,1015,85,22.2,0.0,2.0,2023,3,11,19,5,70,10,-0.9659258262890684,0.2588190451025203,1.0,6.123233995736766e-17,-0.9749279121818236,-0.2225209339563146,1,2,1,56.0,61.0,39.0,60.0,51.0,53.0,57.0,3.6055512754639114,61.0,54.0,50.333333333333336,9.201449161228002,61.0,39.0,49.833333333333336,8.00946409889644,61.0,39.0,58.625,13.425519178690772,79.0,39.0,22.3,22.6,22.7,84.0,82.0,81.0,2.0,2.0,2.0,1014.0,1014.0,1015.0,1887.0,170.0,44.4,0.0,0.7999881483237284,3.768354941141384,0.7017420747004439,18.87,21.2,0.02187189963359642,492.84,7225,4.0,1030225,513.3,85.55,-2.0,15.0,-0.10000000000000142
153,222.9,56.0,35.7,72.5,81.7,100,0.0,1015,87,22.0,0.0,2.0,2023,3,11,20,5,70,10,-0.8660254037844386,0.5000000000000001,1.0,6.123233995736766e-17,-0.9749279121818236,-0.2225209339563146,1,2,1,54.0,56.0,61.0,53.0,56.0,59.0,56.0,1.999999999999853,58.0,54.0,51.166666666666664,9.703951085339598,61.0,39.0,50.0,8.168676314267113,61.0,39.0,58.583333333333336,13.425856516007022,79.0,39.0,22.2,22.5,22.7,85.0,83.0,81.0,2.0,2.0,2.0,1015.0,1014.0,1015.0,1914.0,174.0,44.0,0.0,0.799988965669439,3.9802860663202444,0.6374886162747094,19.14,21.0,0.02167485549275321,484.0,7569,4.0,1030225,526.8,87.8,4.0,-3.0,-0.1999999999999993
164,231.1,55.0,31.3,82.5,83.3,100,0.0,1016,89,21.7,0.0,2.0,2023,3,11,21,5,70,10,-0.7071067811865477,0.7071067811865474,1.0,6.123233995736766e-17,-0.9749279121818236,-0.2225209339563146,1,2,1,58.0,54.0,56.0,39.0,50.0,62.0,59.333333333333336,6.110100926607747,66.0,54.0,55.666666666666664,9.179687721631057,66.0,39.0,51.333333333333336,9.384061277538738,66.0,39.0,58.75,13.494765490818146,79.0,39.0,22.0,22.3,22.6,87.0,84.0,81.0,2.0,2.0,2.0,1015.0,1014.0,1014.0,1931.3,178.0,43.4,0.0,0.7999903031478406,4.201741786512972,0.569080562171597,19.313,20.7,0.02135824669463908,470.89,7921,4.0,1032256,549.2,91.53333333333335,8.0,10.0,-0.3000000000000007
177,239.3,54.0,27.0,95.0,85.0,100,0.0,1017,91,21.5,0.0,2.0,2023,3,11,22,5,70,10,-0.5000000000000004,0.8660254037844384,1.0,6.123233995736766e-17,-0.9749279121818236,-0.2225209339563146,1,3,1,66.0,58.0,54.0,39.0,43.0,79.0,66.66666666666667,9.018499505645774,76.0,58.0,61.833333333333336,8.109665015687424,76.0,54.0,54.083333333333336,11.34947602581732,76.0,39.0,58.625,13.311689861040339,79.0,39.0,21.7,22.2,22.6,89.0,85.0,82.0,2.0,2.0,2.0,1016.0,1015.0,1014.0,1956.5,182.0,43.0,0.0,0.7999915790360101,4.431399418529287,0.49999074091220536,19.565,20.5,0.021140588848978518,462.25,8281,4.0,1034289,576.3,96.05,10.0,22.0,-0.1999999999999993
169,246.5,55.0,21.7,87.5,87.0,95,0.0,1017,91,21.5,0.0,2.0,2023,3,11,23,5,70,10,-0.25881904510252157,0.9659258262890681,1.0,6.123233995736766e-17,-0.9749279121818236,-0.2225209339563146,1,3,1,76.0,66.0,58.0,61.0,41.0,75.0,70.66666666666667,5.033222956847152,76.0,66.0,63.333333333333336,8.733078876700052,76.0,54.0,56.5,11.3977669264241,76.0,39.0,58.416666666666664,13.08140620903577,79.0,39.0,21.5,22.0,22.5,91.0,87.0,83.0,2.0,2.0,2.0,1017.0,1015.0,1014.0,1956.5,182.0,43.0,0.0,0.7999908572473458,4.481736695696442,0.39453828112216144,19.565,20.5,0.021140588848978518,462.25,8281,4.0,1034289,567.7,94.61666666666667,-6.0,12.0,0.0
176,253.7,56.0,16.3,93.8,89.0,91,0.0,1016,91,21.4,0.0,2.0,2023,3,12,0,6,71,10,0.0,1.0,1.0,6.123233995736766e-17,-0.7818314824680299,0.6234898018587334,1,3,1,70.0,76.0,66.0,56.0,46.0,77.0,73.66666666666667,3.214550253664309,76.0,70.0,66.5,8.983317872590185,76.0,54.0,58.916666666666664,12.026170956658826,76.0,39.0,58.333333333333336,12.963717484367484,79.0,39.0,21.5,21.7,22.3,91.0,89.0,84.0,2.0,2.0,2.0,1017.0,1016.0,1014.0,1947.3999999999999,182.0,42.8,0.0,0.7995650366200786,4.530276245067053,0.29106623096016143,19.474,20.4,0.021062971394713192,457.9599999999999,8281,4.0,1032256,583.8,97.3,5.0,9.0,-0.10000000000000142
152,260.9,57.0,11.0,71.3,91.0,87,0.0,1016,91,21.4,0.0,2.0,2023,3,12,1,6,71,10,0.25881904510252074,0.9659258262890683,1.0,6.123233995736766e-17,-0.7818314824680299,0.6234898018587334,1,3,1,75.0,70.0,76.0,54.0,60.0,79.0,67.33333333333333,9.291573243177558,75.0,57.0,67.0,8.197560612767575,76.0,57.0,58.666666666666664,12.032783501246715,76.0,39.0,57.416666666666664,12.193785540065237,78.0,39.0,21.4,21.5,22.2,91.0,91.0,85.0,2.0,2.0,2.0,1016.0,1017.0,1015.0,1947.3999999999999,182.0,42.8,0.0,0.7994277780115285,4.577112682233645,0.19297907054262206,19.474,20.4,0.021062971394713192,457.9599999999999,8281,4.0,1032256,548.2,91.36666666666667,-18.0,-19.0,0.0
134,256.8,51.3,12.7,60.0,93.7,87,0.0,1016,92,21.3,0.0,1.66,2023,3,12,2,6,71,10,0.49999999999999994,0.8660254037844387,1.0,6.123233995736766e-17,-0.7818314824680299,0.6234898018587334,1,3,1,57.0,75.0,70.0,58.0,53.0,78.0,60.0,13.747727084867511,75.0,48.0,65.33333333333333,10.948363652467195,76.0,48.0,58.25,12.329749684106469,76.0,39.0,56.166666666666664,11.510549666423023,78.0,39.0,21.4,21.5,22.0,91.0,91.0,87.0,2.0,2.0,2.0,1016.0,1017.0,1015.0,1959.6000000000001,152.72,35.358,0.0,0.7999866668888852,5.005750375236351,0.2475585271242276,19.596,20.470000000000002,0.0209645462947379,453.69000000000005,8464,2.7556,1032256,522.5,87.08333333333333,-9.0,-22.0,-0.09999999999999787
150,252.7,45.7,14.3,67.5,96.3,87,0.0,1016,93,21.1,0.0,1.33,2023,3,12,3,6,71,10,0.7071067811865476,0.7071067811865476,1.0,6.123233995736766e-17,-0.7818314824680299,0.6234898018587334,1,3,1,48.0,57.0,75.0,66.0,39.0,78.0,53.0,4.582575694955815,57.0,48.0,63.333333333333336,11.860297916438046,76.0,48.0,59.5,10.875326536372306,76.0,39.0,55.166666666666664,10.532214213159877,76.0,39.0,21.3,21.4,21.7,92.0,91.0,89.0,1.66,2.0,2.0,1016.0,1016.0,1016.0,1962.3000000000002,123.69000000000001,28.063000000000002,0.0,0.7999881483237284,5.529419487538566,0.3129034375615413,19.623,20.435000000000002,0.02076769609478731,445.21000000000004,8649,1.7689000000000001,1032256,530.5,88.41666666666667,6.0,-21.0,-0.1999999999999993
153,248.6,40.0,16.0,72.5,99.0,87,0.0,1016,94,21.0,0.0,1.0,2023,3,12,4,6,71,10,0.8660254037844386,0.5000000000000001,1.0,6.123233995736766e-17,-0.7818314824680299,0.6234898018587334,1,3,1,54.0,48.0,57.0,76.0,39.0,55.0,53.333333333333336,5.033222956847143,58.0,48.0,60.333333333333336,10.171856598805572,75.0,48.0,61.083333333333336,8.805559538602601,76.0,48.0,55.291666666666664,10.547940935131242,76.0,39.0,21.1,21.4,21.5,93.0,91.0,91.0,1.33,2.0,2.0,1016.0,1016.0,1017.0,1974.0,94.0,21.0,0.0,0.799988965669439,6.214844628884278,0.39999000024999376,19.74,20.5,0.020669270994812014,441.0,8836,1.0,1032256,534.1,89.01666666666667,4.0,1.0,-0.10000000000000142
142,287.5,42.3,12.7,63.8,101.3,79,0.5,1016,94,20.7,0.0,1.33,2023,3,12,5,6,71,10,0.9659258262890683,0.25881904510252074,1.0,6.123233995736766e-17,-0.7818314824680299,0.6234898018587334,1,3,1,58.0,54.0,48.0,70.0,61.0,69.0,54.333333333333336,3.5118845842842124,58.0,51.0,57.166666666666664,9.495613022162614,75.0,48.0,60.25,9.274843786971493,76.0,48.0,54.541666666666664,10.16378552665723,76.0,39.0,21.0,21.3,21.5,94.0,92.0,91.0,1.0,1.66,2.0,1016.0,1016.0,1017.0,1945.8,125.02000000000001,27.531,39.5,0.7993605115907275,6.7965296328692,0.3002293089997873,19.458,20.035,0.020373995694886127,428.48999999999995,8836,1.7689000000000001,1032256,558.6,93.10000000000001,-7.0,3.0,-0.3000000000000007
150,326.4,44.7,9.3,67.5,103.7,70,0.5,1017,94,20.3,0.0,1.66,2023,3,12,6,6,71,10,1.0,6.123233995736766e-17,1.0,6.123233995736766e-17,-0.7818314824680299,0.6234898018587334,1,0,1,51.0,58.0,54.0,75.0,56.0,47.0,54.333333333333336,3.5118845842842124,58.0,51.0,53.666666666666664,3.723797345004688,58.0,48.0,60.083333333333336,9.375580790090371,76.0,48.0,54.833333333333336,10.03761043218996,76.0,39.0,20.7,21.1,21.4,94.0,93.0,91.0,1.33,1.33,2.0,1016.0,1016.0,1016.0,1908.2,156.04,33.698,35.0,0.7999881483237284,7.301850070468221,0.20804903693429677,19.082,19.470000000000002,0.01996064900624483,412.09000000000003,8836,2.7556,1034289,605.6,100.93333333333334,3.0,0.0,-0.3999999999999986
129,365.3,47.0,6.0,57.5,106.0,62,0.5,1017,95,20.0,0.7,2.0,2023,3,12,7,6,71,10,0.9659258262890683,-0.25881904510252063,1.0,6.123233995736766e-17,-0.7818314824680299,0.6234898018587334,1,0,1,54.0,51.0,58.0,57.0,54.0,51.0,50.333333333333336,4.041451884327352,54.0,46.0,51.833333333333336,4.400757510550181,58.0,46.0,59.416666666666664,10.103629710818272,76.0,46.0,54.625,10.171625067890679,76.0,39.0,20.3,21.0,21.4,94.0,94.0,91.0,1.66,1.0,2.0,1017.0,1016.0,1016.0,1900.0,190.0,40.0,31.0,0.7999860871984835,7.772175060105105,0.12765685836471566,19.0,19.0,0.01966566404556141,400.0,9025,4.0,1034289,627.8,104.63333333333333,-8.0,-12.0,-0.3000000000000007
148,299.4,37.7,32.7,66.3,106.3,66,0.0,1018,89,21.1,0.9,1.33,2023,3,12,8,6,71,10,0.8660254037844387,-0.4999999999999998,1.0,6.123233995736766e-17,-0.7818314824680299,0.6234898018587334,1,0,1,46.0,54.0,51.0,48.0,58.0,56.0,51.0,4.358898943540648,54.0,46.0,52.666666666666664,3.9832984656768935,58.0,46.0,59.0,10.269106361049232,76.0,46.0,54.5,10.172426498607308,76.0,39.0,20.0,20.7,21.3,95.0,94.0,92.0,2.0,1.33,1.66,1017.0,1016.0,1016.0,1877.9,118.37,28.063000000000002,0.0,0.7993846246662946,7.941433914219782,0.8673509986472508,18.779,20.435000000000002,0.020726895160220866,445.21000000000004,7921,1.7689000000000001,1036324,595.4,99.23333333333333,7.0,2.0,1.1000000000000014
155,233.4,28.3,59.3,73.8,106.7,70,0.0,1019,84,22.3,1.5,0.66,2023,3,12,9,6,71,10,0.7071067811865476,-0.7071067811865475,1.0,6.123233995736766e-17,-0.7818314824680299,0.6234898018587334,1,0,1,53.0,46.0,54.0,54.0,66.0,50.0,52.666666666666664,6.506407098647695,59.0,46.0,53.5,4.764451699828355,59.0,46.0,58.416666666666664,10.03139012693576,76.0,46.0,54.875,10.165211347489697,76.0,39.0,21.1,20.3,21.1,89.0,94.0,93.0,1.33,1.66,1.33,1018.0,1017.0,1016.0,1873.2,55.440000000000005,14.718000000000002,0.0,0.799447161962575,8.247058407830112,2.095332320412706,18.732,21.970000000000002,0.021884178720138647,497.29,7056,0.43560000000000004,1038361,560.5,93.41666666666667,6.0,5.0,1.1999999999999993
179,167.5,19.0,86.0,96.3,107.0,75,0.0,1019,80,23.4,2.2,1.2,2023,3,12,10,6,71,10,0.49999999999999994,-0.8660254037844387,1.0,6.123233995736766e-17,-0.7818314824680299,0.6234898018587334,1,0,1,59.0,53.0,46.0,58.0,76.0,43.0,63.0,12.489995996796788,77.0,53.0,56.666666666666664,10.819735055289675,77.0,46.0,58.5,10.19358086783478,77.0,46.0,56.291666666666664,10.788396208594948,77.0,39.0,22.3,20.0,21.0,84.0,95.0,94.0,0.66,2.0,1.0,1019.0,1017.0,1016.0,1872.0,96.0,28.08,0.0,0.7995763283870365,8.815325509183726,4.52607757486448,18.72,22.799999999999997,0.02296366735655804,547.56,6400,1.44,1038361,552.8,92.13333333333333,18.0,31.0,1.0999999999999979
161,158.4,16.3,98.3,80.0,93.0,79,0.0,1018,71,24.4,2.9,0.66,2023,3,12,11,6,71,10,0.258819045102521,-0.9659258262890682,1.0,6.123233995736766e-17,-0.7818314824680299,0.6234898018587334,1,0,1,77.0,59.0,53.0,51.0,70.0,41.0,66.66666666666667,9.29157324317756,77.0,59.0,58.833333333333336,10.759491933482009,77.0,46.0,58.0,9.714094726922973,77.0,46.0,57.25,10.384980793769387,77.0,39.0,23.4,21.1,20.7,80.0,89.0,94.0,1.2,1.33,1.33,1019.0,1018.0,1016.0,1732.3999999999999,46.86,16.104,0.0,0.7999900001249984,9.717195264094226,6.030304889270596,17.323999999999998,24.07,0.02396854227058716,595.3599999999999,5041,0.43560000000000004,1036324,510.0,85.0,-13.0,11.0,1.0
172,149.2,13.7,110.7,90.0,79.0,83,0.25,1018,63,25.5,3.4,1.33,2023,3,12,12,6,71,10,1.2246467991473532e-16,-1.0,1.0,6.123233995736766e-17,-0.7818314824680299,0.6234898018587334,1,1,1,64.0,77.0,59.0,54.0,75.0,46.0,71.0,6.557438524301984,77.0,64.0,61.833333333333336,11.617515511789287,77.0,46.0,57.75,9.265036917946167,77.0,46.0,58.333333333333336,10.51568876226992,77.0,39.0,24.4,22.3,20.3,71.0,84.0,94.0,0.66,0.66,1.66,1018.0,1019.0,1017.0,1606.5,83.79,33.915,20.75,0.7999911112098754,10.889716079118312,8.079702211517409,16.065,24.835,0.025049091307375926,650.25,3969,1.7689000000000001,1036324,514.5999999999999,85.76666666666665,8.0,13.0,1.1000000000000014
153,140.1,11.0,123.0,72.5,65.0,87,0.25,1017,55,26.5,3.4,2.0,2023,3,12,13,6,71,10,-0.2588190451025208,-0.9659258262890683,1.0,6.123233995736766e-17,-0.7818314824680299,0.6234898018587334,1,1,1,72.0,64.0,77.0,46.0,57.0,60.0,64.66666666666667,7.023769168568479,72.0,58.0,63.833333333333336,9.108603991099015,77.0,53.0,57.833333333333336,9.26217462520952,77.0,46.0,58.25,10.509829767371725,77.0,39.0,25.5,23.4,20.0,63.0,80.0,95.0,1.33,1.2,2.0,1018.0,1019.0,1017.0,1457.5,110.0,53.0,21.75,0.799988965669439,12.735205890373603,11.180801745295883,14.575,25.5,0.026057004860368868,702.25,3025,4.0,1034289,469.6,78.26666666666667,-14.0,-19.0,1.0
150,143.8,12.7,125.0,67.5,62.7,91,0.0,1017,56,26.3,2.4,1.33,2023,3,12,14,6,71,10,-0.4999999999999997,-0.8660254037844388,1.0,6.123233995736766e-17,-0.7818314824680299,0.6234898018587334,1,1,1,58.0,72.0,64.0,53.0,48.0,53.0,61.333333333333336,9.451631252505207,72.0,54.0,64.0,8.876936408468762,77.0,54.0,58.333333333333336,8.83519134261406,77.0,46.0,58.291666666666664,10.490074674027305,77.0,39.0,26.5,24.4,21.1,55.0,71.0,89.0,2.0,0.66,1.33,1017.0,1018.0,1018.0,1472.8,74.48,34.979000000000006,0.0,0.7999881483237284,11.321943154082359,9.841744744508308,14.728,25.635,0.025860348219913256,691.69,3136,1.7689000000000001,1034289,465.7,77.61666666666666,-4.0,-10.0,-0.1999999999999993
168,147.5,14.3,127.0,86.3,60.3,95,0.0,1016,58,26.2,1.6,0.66,2023,3,12,15,6,71,10,-0.7071067811865471,-0.7071067811865479,1.0,6.123233995736766e-17,-0.7818314824680299,0.6234898018587334,1,1,1,54.0,58.0,72.0,59.0,54.0,39.0,60.333333333333336,7.767453465154017,69.0,54.0,65.66666666666667,8.6871552689396,77.0,54.0,59.583333333333336,9.219133594997995,77.0,46.0,59.541666666666664,9.859796129238532,77.0,39.0,26.3,25.5,22.3,56.0,63.0,84.0,1.33,1.33,0.66,1017.0,1018.0,1019.0,1519.6,38.28,17.292,0.0,0.7995272360691069,10.31396405845745,8.880497867282008,15.196,25.87,0.02578737619352737,686.4399999999999,3364,0.43560000000000004,1032256,504.40000000000003,84.06666666666668,15.0,-3.0,-0.10000000000000142
168,151.2,16.0,129.0,86.3,58.0,100,0.0,1016,59,26.0,1.0,1.6,2023,3,12,16,6,71,10,-0.8660254037844385,-0.5000000000000004,1.0,6.123233995736766e-17,-0.7818314824680299,0.6234898018587334,1,1,1,69.0,54.0,58.0,77.0,58.0,39.0,64.0,8.660254037844375,69.0,54.0,64.33333333333333,7.061633427661403,72.0,54.0,60.5,9.586922911397973,77.0,46.0,60.791666666666664,9.007142898189628,77.0,46.0,26.2,26.5,23.4,58.0,55.0,80.0,0.66,2.0,1.2,1016.0,1017.0,1019.0,1534.0,94.4,41.6,0.0,0.7995272360691069,9.449409411911754,8.061996125242171,15.34,25.2,0.02559052599357678,676.0,3481,2.5600000000000005,1032256,509.5,84.91666666666667,0.0,11.0,-0.1999999999999993
184,168.3,23.3,111.3,101.3,59.7,79,0.25,1016,61,25.6,1.1,0.4,2023,3,12,17,6,71,10,-0.9659258262890683,-0.25881904510252063,1.0,6.123233995736766e-17,-0.7818314824680299,0.6234898018587334,1,1,1,69.0,69.0,54.0,64.0,51.0,61.0,73.0,6.928203230275495,81.0,69.0,67.16666666666667,9.786044485217976,81.0,54.0,63.0,10.728043115634172,81.0,46.0,61.625,9.907452179831811,81.0,46.0,26.0,26.3,24.4,59.0,56.0,71.0,1.6,1.33,0.66,1016.0,1017.0,1018.0,1561.6000000000001,24.400000000000002,10.240000000000002,19.75,0.7995972399087866,7.222865971417535,4.776619029226213,15.616000000000001,25.400000000000002,0.025196825593675597,655.3600000000001,3721,0.16000000000000003,1032256,544.9000000000001,90.81666666666668,12.0,27.0,-0.3999999999999986
233,185.4,30.7,93.7,147.5,61.3,58,0.25,1017,64,25.1,0.9,2.8,2023,3,12,18,6,71,10,-1.0,-1.8369701987210297e-16,1.0,6.123233995736766e-17,-0.7818314824680299,0.6234898018587334,1,2,1,81.0,69.0,69.0,72.0,54.0,56.0,89.33333333333333,25.540817005987364,118.0,69.0,74.83333333333333,23.18117051977026,118.0,54.0,68.33333333333333,18.75358551576116,118.0,46.0,64.20833333333333,15.099608882543901,118.0,46.0,25.6,26.2,25.5,61.0,58.0,63.0,0.4,0.66,1.33,1016.0,1016.0,1018.0,1606.4,179.2,70.28,14.5,0.7999945763079572,6.0388912413276445,3.0520178495814467,16.064,23.700000000000003,0.024680408377179573,630.0100000000001,4096,7.839999999999999,1034289,636.5999999999999,106.09999999999998,37.0,49.0,-0.5
221,202.5,38.0,76.0,136.3,63.0,37,0.5,1018,68,24.7,0.0,4.0,2023,3,12,19,6,71,10,-0.9659258262890684,0.2588190451025203,1.0,6.123233995736766e-17,-0.7818314824680299,0.6234898018587334,1,2,1,118.0,81.0,69.0,58.0,46.0,54.0,102.66666666666667,19.295940851208403,118.0,81.0,83.33333333333333,25.04928475359459,118.0,54.0,73.58333333333333,20.654994259955274,118.0,53.0,66.5,17.47047198287296,118.0,46.0,25.1,26.0,26.5,64.0,59.0,55.0,2.8,1.6,2.0,1017.0,1016.0,1017.0,1679.6,272.0,98.8,18.5,0.7997006625043103,5.328807136654299,1.999947369806058,16.796,22.7,0.024263237462438643,610.0899999999999,4624,16.0,1036324,624.8,104.13333333333333,-9.0,40.0,-0.40000000000000213
266,182.5,28.0,82.7,178.8,56.0,58,0.5,1018,66,24.1,0.0,1.0,2023,3,12,20,6,71,10,-0.8660254037844386,0.5000000000000001,1.0,6.123233995736766e-17,-0.7818314824680299,0.6234898018587334,1,2,1,109.0,118.0,81.0,54.0,53.0,58.0,123.33333333333333,17.61628034896508,143.0,109.0,98.16666666666667,30.056058734748763,143.0,69.0,81.08333333333333,27.65520938377802,143.0,54.0,70.04166666666667,23.311648826595118,143.0,46.0,24.7,25.6,26.3,68.0,61.0,56.0,4.0,0.4,1.33,1018.0,1016.0,1017.0,1590.6000000000001,66.0,24.1,29.0,0.7997718133567485,6.517624370558194,2.953465947644727,15.906,23.6,0.023673847078735683,580.8100000000001,4356,1.0,1036324,671.0,111.83333333333333,34.0,62.0,-0.5999999999999979
187,162.4,18.0,89.3,103.8,49.0,79,0.5,1019,64,23.4,0.0,2.0,2023,3,12,21,6,71,10,-0.7071067811865477,0.7071067811865474,1.0,6.123233995736766e-17,-0.7818314824680299,0.6234898018587334,1,2,1,143.0,109.0,118.0,69.0,59.0,66.0,111.66666666666667,30.088757590391356,143.0,83.0,100.5,27.797481900344877,143.0,69.0,83.08333333333333,26.766527038391956,143.0,54.0,70.75,23.441416339462098,143.0,46.0,24.1,25.1,26.2,66.0,64.0,58.0,1.0,2.8,0.66,1018.0,1017.0,1016.0,1497.6,128.0,46.8,39.5,0.7996069402028883,9.02172101549914,4.960835509138381,14.975999999999999,22.4,0.02296366735655804,547.56,4096,4.0,1038361,505.5,84.25,-60.0,-35.0,-0.7000000000000028
67,142.4,8.0,96.0,25.0,42.0,100,0.25,1020,62,22.8,0.0,3.0,2023,3,12,22,6,71,10,-0.5000000000000004,0.8660254037844384,1.0,6.123233995736766e-17,-0.7818314824680299,0.6234898018587334,1,3,1,83.0,143.0,109.0,69.0,77.0,76.0,82.0,61.506097258727124,143.0,20.0,92.33333333333333,42.31154294830983,143.0,20.0,78.33333333333333,32.40744396342331,143.0,20.0,68.41666666666667,25.585180266618472,143.0,20.0,23.4,24.7,26.0,64.0,68.0,59.0,2.0,4.0,1.6,1019.0,1018.0,1016.0,1413.6000000000001,186.0,68.4,25.0,0.7999680012799487,17.797775278090242,11.998500187476566,14.136000000000001,21.3,0.02235291926184386,519.84,3844,9.0,1040400,333.4,55.56666666666666,-63.0,-89.0,-0.5999999999999979
67,130.5,6.7,93.0,25.0,42.0,100,0.5,1020,63,22.4,0.0,3.0,2023,3,12,23,6,71,10,-0.25881904510252157,0.9659258262890681,1.0,6.123233995736766e-17,-0.7818314824680299,0.6234898018587334,1,3,1,20.0,83.0,143.0,81.0,64.0,70.0,41.0,36.373066958946424,83.0,20.0,82.16666666666667,51.83595920465509,143.0,20.0,74.66666666666667,36.41761145712911,143.0,20.0,66.33333333333333,27.42050433473126,143.0,20.0,22.8,24.1,25.6,62.0,66.0,61.0,3.0,1.0,0.4,1020.0,1018.0,1016.0,1411.1999999999998,189.0,67.19999999999999,50.0,0.7999680012799487,19.474705267870466,13.878525593195045,14.111999999999998,20.9,0.021960762783565898,501.75999999999993,3969,9.0,1040400,317.2,52.86666666666667,0.0,-123.0,-0.40000000000000213
63,118.7,5.3,90.0,22.5,42.0,100,0.0,1020,64,21.9,0.0,3.0,2023,3,13,0,0,72,11,0.0,1.0,1.0,6.123233995736766e-17,0.0,1.0,1,3,0,20.0,20.0,83.0,118.0,72.0,75.0,19.333333333333332,1.154700538379251,20.0,18.0,65.5,54.039800147668934,143.0,18.0,70.16666666666667,39.94276207805664,143.0,18.0,63.958333333333336,29.056884489426693,143.0,18.0,22.4,23.4,25.1,63.0,64.0,64.0,3.0,2.0,2.8,1020.0,1019.0,1017.0,1401.6,192.0,65.69999999999999,0.0,0.7999644460246211,22.392001509149217,16.97792869269949,14.015999999999998,20.4,0.021470567185718444,479.60999999999996,4096,9.0,1040400,296.5,49.416666666666664,-2.0,-65.0,-0.5
65,106.8,4.0,87.0,23.8,42.0,100,0.0,1020,66,21.5,0.0,3.0,2023,3,13,1,0,72,11,0.25881904510252074,0.9659258262890683,1.0,6.123233995736766e-17,0.0,1.0,1,3,0,18.0,20.0,20.0,109.0,58.0,57.0,19.0,0.9999999999999991,20.0,18.0,50.5,52.00288453537937,143.0,18.0,66.91666666666667,42.52583884765786,143.0,18.0,62.375,30.454260071814925,143.0,18.0,21.9,22.8,24.7,64.0,62.0,68.0,3.0,3.0,4.0,1020.0,1020.0,1018.0,1419.0,198.0,64.5,0.0,0.7982857863114995,26.693326668332915,21.74456385903524,14.19,20.0,0.021078410707440483,462.25,4356,9.0,1040400,282.6,47.1,1.0,-1.0,-0.3999999999999986
89,103.1,3.7,83.3,37.5,41.7,100,0.0,1020,65,20.8,0.0,3.33,2023,3,13,2,0,72,11,0.49999999999999994,0.8660254037844387,1.0,6.123233995736766e-17,0.0,1.0,1,3,0,19.0,18.0,20.0,143.0,54.0,48.0,22.333333333333332,6.658328118479393,30.0,18.0,31.666666666666668,25.52384506038745,83.0,18.0,64.91666666666667,43.7356903004926,143.0,18.0,61.625,31.03968357637914,143.0,18.0,21.5,22.4,24.1,66.0,63.0,66.0,3.0,3.0,1.0,1020.0,1020.0,1018.0,1352.0,216.45000000000002,69.26400000000001,0.0,0.7999786672355405,27.857335855174274,22.507430424209673,13.52,19.135,0.02039213687045405,432.64000000000004,4225,11.0889,1040400,299.3,49.88333333333333,11.0,10.0,-0.6999999999999993
78,99.4,3.3,79.7,31.3,41.3,100,0.5,1020,65,20.2,0.0,3.66,2023,3,13,3,0,72,11,0.7071067811865476,0.7071067811865476,1.0,6.123233995736766e-17,0.0,1.0,1,3,0,30.0,19.0,18.0,83.0,69.0,54.0,24.666666666666668,5.507570547286103,30.0,19.0,22.0,4.604345773288297,30.0,18.0,61.25,45.1827098869387,143.0,18.0,60.416666666666664,31.901910351230892,143.0,18.0,20.8,21.9,23.4,65.0,64.0,64.0,3.33,3.0,2.0,1020.0,1020.0,1019.0,1313.0,237.9,73.932,50.0,0.7986965272674994,30.112087246289008,24.14419872765829,13.13,18.369999999999997,0.019803902153037106,408.03999999999996,4225,13.395600000000002,1040400,280.0,46.666666666666664,-5.0,7.0,-0.6000000000000014
112,95.7,3.0,76.0,50.0,41.0,100,0.5,1020,64,19.5,0.0,4.0,2023,3,13,4,0,72,11,0.8660254037844386,0.5000000000000001,1.0,6.123233995736766e-17,0.0,1.0,1,3,0,25.0,30.0,19.0,20.0,69.0,58.0,31.666666666666668,7.637626158259733,40.0,25.0,25.333333333333332,8.477420991472853,40.0,18.0,58.833333333333336,45.50491148982674,143.0,18.0,59.666666666666664,32.171641126209664,143.0,18.0,20.2,21.5,22.8,65.0,66.0,62.0,3.66,3.0,3.0,1020.0,1020.0,1020.0,1248.0,256.0,78.0,50.0,0.7999840003199936,31.889370209930025,25.324891702765747,12.48,17.5,0.01911762831605067,380.25,4096,16.0,1040400,305.7,50.949999999999996,15.0,21.0,-0.6999999999999993
67,101.7,6.7,70.0,25.0,39.3,100,0.25,1021,64,18.9,0.0,3.33,2023,3,13,5,0,72,11,0.9659258262890683,0.25881904510252074,1.0,6.123233995736766e-17,0.0,1.0,1,3,0,40.0,25.0,30.0,20.0,81.0,51.0,28.333333333333332,10.408329997330663,40.0,20.0,25.333333333333332,8.477420991472853,40.0,18.0,53.75,46.20532240101581,143.0,18.0,58.375,33.14239699027322,143.0,18.0,19.5,20.8,22.4,64.0,65.0,63.0,4.0,3.33,3.0,1020.0,1020.0,1020.0,1209.6,213.12,62.937,25.0,0.7999680012799487,15.176839277719743,10.44620205939412,12.095999999999998,17.235,0.01851124533668429,357.2099999999999,4096,11.0889,1042441,262.7,43.78333333333333,-20.0,-10.0,-0.6000000000000014
95,107.8,10.3,64.0,41.3,37.7,100,0.0,1022,63,18.2,0.0,2.66,2023,3,13,6,0,72,11,1.0,6.123233995736766e-17,1.0,6.123233995736766e-17,0.0,1.0,1,0,0,20.0,40.0,25.0,18.0,118.0,54.0,31.0,10.14889156509222,40.0,20.0,27.833333333333332,8.084965470963041,40.0,19.0,46.666666666666664,41.76195165531181,143.0,18.0,57.5,33.537778827698986,143.0,18.0,18.9,20.2,21.9,64.0,65.0,64.0,3.33,3.66,3.0,1021.0,1020.0,1020.0,1146.6,167.58,48.412,0.0,0.7990121304568898,10.465003397728376,6.212989030191244,11.466,16.869999999999997,0.017808201753227247,331.23999999999995,3969,7.0756000000000006,1044484,294.09999999999997,49.01666666666666,13.0,8.0,-0.6999999999999993
118,113.8,14.0,58.0,52.5,36.0,100,0.0,1023,63,17.6,0.7,2.0,2023,3,13,7,0,72,11,0.9659258262890683,-0.25881904510252063,1.0,6.123233995736766e-17,0.0,1.0,1,0,0,33.0,20.0,40.0,19.0,109.0,46.0,31.666666666666668,11.060440015358038,42.0,20.0,31.666666666666668,8.50098033562393,42.0,20.0,41.083333333333336,36.86204831612862,143.0,18.0,57.333333333333336,33.60728009468069,143.0,18.0,18.2,19.5,21.5,63.0,64.0,66.0,2.66,4.0,3.0,1022.0,1020.0,1020.0,1108.8000000000002,126.0,35.2,0.0,0.7999847621950058,8.127990857795872,4.142561245625313,11.088000000000001,16.6,0.01720428425778665,309.76000000000005,3969,4.0,1046529,316.3,52.71666666666667,9.0,2.0,-0.5999999999999979
112,109.3,12.7,60.3,50.0,39.0,100,0.0,1023,56,18.3,0.9,2.0,2023,3,13,8,0,72,11,0.8660254037844387,-0.4999999999999998,1.0,6.123233995736766e-17,0.0,1.0,1,0,0,42.0,33.0,20.0,30.0,143.0,53.0,38.333333333333336,4.725815626252606,42.0,33.0,33.333333333333336,9.070097390142223,42.0,20.0,32.5,18.283126846158485,83.0,18.0,56.791666666666664,33.78445637795028,143.0,18.0,17.6,18.9,20.8,63.0,64.0,65.0,2.0,3.33,3.33,1023.0,1021.0,1020.0,1024.8,112.0,36.6,0.0,0.7999840003199936,8.605621604598063,4.7476576647508075,10.248,17.3,0.017888545563494073,334.89000000000004,3136,4.0,1046529,311.3,51.88333333333333,-2.0,20.0,0.6999999999999993
121,104.9,11.3,62.7,53.8,42.0,100,0.0,1023,51,18.9,1.5,2.0,2023,3,13,9,0,72,11,0.7071067811865476,-0.7071067811865475,1.0,6.123233995736766e-17,0.0,1.0,1,0,0,40.0,42.0,33.0,25.0,83.0,59.0,41.666666666666664,1.527525231651938,43.0,40.0,36.333333333333336,8.733078876700064,43.0,20.0,29.166666666666668,10.01665280087749,43.0,18.0,56.125,33.89666201342215,143.0,18.0,18.3,18.2,20.2,56.0,63.0,65.0,2.0,2.66,3.66,1023.0,1022.0,1020.0,963.9,102.0,37.8,0.0,0.7992416497834613,9.282364392531635,5.548181576851606,9.639,17.9,0.018475055254100436,357.2099999999999,2601,4.0,1046529,317.7,52.949999999999996,3.0,10.0,0.5999999999999979
134,100.4,10.0,65.0,60.0,45.0,100,0.0,1024,46,19.6,2.2,2.0,2023,3,13,10,0,72,11,0.49999999999999994,-0.8660254037844387,1.0,6.123233995736766e-17,0.0,1.0,1,0,0,43.0,40.0,42.0,40.0,20.0,77.0,43.666666666666664,4.041451884327378,48.0,40.0,37.666666666666664,9.93310961716747,48.0,20.0,31.5,10.908712114635426,48.0,18.0,54.916666666666664,33.63605294874856,143.0,18.0,18.9,17.6,19.5,51.0,63.0,64.0,2.0,2.0,4.0,1023.0,1023.0,1020.0,901.6,92.0,39.2,0.0,0.7999866668888852,10.038996100389962,6.499350064993501,9.016,18.6,0.019140606308001653,384.1600000000001,2116,4.0,1048576,328.4,54.73333333333333,5.0,6.0,0.7000000000000028
131,99.6,9.3,66.7,58.8,44.0,100,0.0,1023,44,20.2,2.9,2.0,2023,3,13,11,0,72,11,0.258819045102521,-0.9659258262890682,1.0,6.123233995736766e-17,0.0,1.0,1,0,0,48.0,43.0,40.0,20.0,20.0,64.0,46.0,2.645751311064588,48.0,43.0,42.166666666666664,5.419102016632,48.0,33.0,33.75,11.103848636641644,48.0,18.0,54.208333333333336,33.615445682093814,143.0,18.0,19.6,18.3,18.9,46.0,56.0,64.0,2.0,2.0,3.33,1024.0,1023.0,1021.0,888.8,88.0,40.4,0.0,0.7993061342494175,10.708525964950004,7.17127190624664,8.888,19.2,0.01974582625041422,408.03999999999996,1936,4.0,1046529,325.4,54.23333333333333,-1.0,7.0,0.5999999999999979
112,98.8,8.7,68.3,50.0,43.0,100,0.0,1022,42,20.8,3.2,2.0,2023,3,13,12,0,72,11,1.2246467991473532e-16,-1.0,1.0,6.123233995736766e-17,0.0,1.0,1,1,0,47.0,48.0,43.0,33.0,18.0,72.0,45.0,4.358898943540672,48.0,40.0,43.333333333333336,3.44480284873678,48.0,40.0,35.583333333333336,10.031390126935648,48.0,19.0,52.875,33.51354366067031,143.0,18.0,20.2,18.9,18.2,44.0,51.0,63.0,2.0,2.0,2.66,1023.0,1023.0,1022.0,873.6,84.0,41.6,0.0,0.7999840003199936,11.35501666475118,7.8496724514423635,8.736,19.8,0.020352230575116856,432.64000000000004,1764,4.0,1044484,308.8,51.46666666666667,-7.0,-3.0,0.6000000000000014
134,98.0,8.0,70.0,60.0,42.0,100,0.0,1021,41,21.4,3.0,2.0,2023,3,13,13,0,72,11,-0.2588190451025208,-0.9659258262890683,1.0,6.123233995736766e-17,0.0,1.0,1,1,0,40.0,47.0,48.0,42.0,19.0,58.0,45.0,4.358898943540672,48.0,40.0,44.333333333333336,3.829708431025143,48.0,40.0,38.0,9.12538915733031,48.0,20.0,52.458333333333336,33.50921893484226,143.0,18.0,20.8,19.6,17.6,42.0,46.0,63.0,2.0,2.0,2.0,1022.0,1024.0,1023.0,877.4,82.0,42.8,0.0,0.7999866668888852,12.248468941382328,8.748906386701663,8.774,20.4,0.020959822762171634,457.9599999999999,1681,4.0,1042441,326.0,54.333333333333336,8.0,0.0,0.5999999999999979
118,103.9,9.7,71.3,52.5,45.7,83,0.0,1020,44,21.7,2.4,2.0,2023,3,13,14,0,72,11,-0.4999999999999997,-0.8660254037844388,1.0,6.123233995736766e-17,0.0,1.0,1,1,0,48.0,40.0,47.0,40.0,30.0,54.0,43.333333333333336,4.163331998932264,48.0,40.0,44.666666666666664,3.4448028487367854,48.0,40.0,39.0,8.821461433242014,48.0,20.0,51.958333333333336,33.574678821561605,143.0,18.0,21.4,20.2,18.3,41.0,44.0,56.0,2.0,2.0,2.0,1021.0,1023.0,1023.0,954.8,88.0,43.4,0.0,0.7999847621950058,10.710236058138339,7.349757756932275,9.548,20.7,0.021274488946579465,470.89,1936,4.0,1040400,325.09999999999997,54.18333333333333,-6.0,-5.0,0.3000000000000007
121,109.7,11.3,72.7,53.8,49.3,66,0.0,1019,47,22.1,1.7,2.0,2023,3,13,15,0,72,11,-0.7071067811865471,-0.7071067811865479,1.0,6.123233995736766e-17,0.0,1.0,1,1,0,42.0,48.0,40.0,43.0,25.0,69.0,44.333333333333336,3.214550253664316,48.0,42.0,44.666666666666664,3.4448028487367854,48.0,40.0,40.5,7.681145747868255,48.0,20.0,50.875,33.420005073764386,143.0,18.0,21.7,20.8,18.9,44.0,42.0,51.0,2.0,2.0,2.0,1020.0,1022.0,1023.0,1038.7,94.0,44.2,0.0,0.7992416497834613,9.707105565879125,6.433059021325547,10.387,21.1,0.021687908058971486,488.4100000000001,2209,4.0,1038361,339.8,56.63333333333333,1.0,3.0,0.40000000000000213
134,115.6,13.0,74.0,60.0,53.0,50,0.25,1017,50,22.4,1.0,2.0,2023,3,13,16,0,72,11,-0.8660254037844385,-0.5000000000000004,1.0,6.123233995736766e-17,0.0,1.0,1,1,0,43.0,42.0,48.0,48.0,40.0,69.0,44.333333333333336,3.214550253664316,48.0,42.0,44.666666666666664,3.4448028487367854,48.0,40.0,41.166666666666664,7.975340783067218,48.0,20.0,50.0,33.19900469959124,143.0,18.0,22.1,21.4,19.6,47.0,41.0,46.0,2.0,2.0,2.0,1019.0,1021.0,1024.0,1120.0,100.0,44.8,12.5,0.7999866668888852,8.891623721252211,5.691869856164911,11.2,21.4,0.022025543731028777,501.75999999999993,2500,4.0,1034289,363.6,60.6,5.0,0.0,0.29999999999999716
139,268.3,37.0,49.3,62.5,70.7,45,0.5,1017,52,21.6,0.7,1.66,2023,3,13,17,0,72,11,-0.9659258262890683,-0.25881904510252063,1.0,6.123233995736766e-17,0.0,1.0,1,1,0,48.0,43.0,42.0,47.0,20.0,81.0,47.0,3.6055512754639865,50.0,43.0,45.166666666666664,4.0207793606047435,50.0,40.0,43.666666666666664,4.811602139777356,50.0,33.0,48.708333333333336,32.53690769447588,143.0,18.0,22.4,21.7,20.2,50.0,44.0,44.0,2.0,2.0,2.0,1017.0,1020.0,1023.0,1123.2,86.32,35.856,22.5,0.7999872002047967,7.251155374179077,1.332396421718332,11.232000000000001,20.770000000000003,0.021238917169206326,466.56000000000006,2704,2.7556,1034289,537.8000000000001,89.63333333333334,2.0,8.0,-0.7999999999999972
151,421.0,61.0,24.7,70.0,88.3,41,0.0,1017,54,20.9,0.6,1.33,2023,3,13,18,0,72,11,-1.0,-1.8369701987210297e-16,1.0,6.123233995736766e-17,0.0,1.0,1,2,0,50.0,48.0,43.0,40.0,33.0,118.0,51.333333333333336,4.163331998932263,56.0,48.0,47.833333333333336,5.076087732364872,56.0,42.0,45.583333333333336,4.756972553923654,56.0,40.0,46.125,29.07309005278583,143.0,18.0,21.6,22.1,20.8,52.0,47.0,42.0,1.66,2.0,2.0,1017.0,1019.0,1022.0,1128.6,71.82000000000001,27.797,0.0,0.7999885715918343,6.9015262044884516,0.40491139489516564,11.286,20.235,0.020550618927611675,436.80999999999995,2916,1.7689000000000001,1034289,721.0,120.16666666666667,6.0,13.0,-0.7000000000000028
152,573.7,85.0,0.0,71.3,106.0,37,0.0,1017,57,20.1,0.0,1.0,2023,3,13,19,0,72,11,-0.9659258262890684,0.2588190451025203,1.0,6.123233995736766e-17,0.0,1.0,1,2,0,56.0,50.0,48.0,48.0,42.0,109.0,54.333333333333336,3.7859388972001775,57.0,50.0,49.333333333333336,6.31400559602739,57.0,42.0,46.833333333333336,5.6219267698944435,57.0,40.0,43.958333333333336,25.953937737036636,143.0,18.0,20.9,22.4,21.4,54.0,50.0,41.0,1.33,2.0,2.0,1017.0,1017.0,1021.0,1145.7,57.0,20.1,0.0,0.7994277780115285,6.749332360795756,0.0,11.457,19.6,0.01976399236578922,404.01000000000005,3249,1.0,1034289,893.0,148.83333333333334,1.0,9.0,-0.7999999999999972
165,783.8,84.3,0.0,83.8,119.7,45,0.0,1018,60,19.5,0.0,1.0,2023,3,13,20,0,72,11,-0.8660254037844386,0.5000000000000001,1.0,6.123233995736766e-17,0.0,1.0,1,2,0,57.0,56.0,50.0,42.0,40.0,143.0,60.0,6.082762530298216,67.0,56.0,53.5,8.408329203831084,67.0,43.0,49.083333333333336,7.668807342775108,67.0,40.0,40.791666666666664,16.116368041236314,83.0,18.0,20.1,21.6,21.7,57.0,52.0,44.0,1.0,1.66,2.0,1017.0,1017.0,1020.0,1170.0,60.0,19.5,0.0,0.7995131323015239,9.29763585248099,0.0,11.7,19.0,0.019155187470346297,380.25,3600,1.0,1036324,1138.6,189.76666666666665,10.0,17.0,-0.6000000000000014
152,993.9,83.7,0.0,71.3,133.3,54,0.0,1018,64,19.0,0.0,1.0,2023,3,13,21,0,72,11,-0.7071067811865477,0.7071067811865474,1.0,6.123233995736766e-17,0.0,1.0,1,2,0,67.0,57.0,56.0,43.0,43.0,83.0,60.333333333333336,5.773502691896255,67.0,57.0,55.833333333333336,6.6758270399004065,67.0,48.0,50.25,7.723929758166265,67.0,40.0,39.708333333333336,13.873588190348087,67.0,18.0,19.5,20.9,22.1,60.0,54.0,47.0,1.0,1.33,2.0,1018.0,1017.0,1019.0,1216.0,64.0,19.0,0.0,0.7994277780115285,11.874410102627207,0.0,12.16,18.5,0.018664028817260495,361.0,4096,1.0,1036324,1339.1999999999998,223.19999999999996,-10.0,1.0,-0.5
171,1204.0,83.0,0.0,88.8,147.0,62,0.0,1018,68,18.4,0.0,1.0,2023,3,13,22,0,72,11,-0.5000000000000004,0.8660254037844384,1.0,6.123233995736766e-17,0.0,1.0,1,3,0,57.0,67.0,57.0,48.0,48.0,20.0,65.0,7.211102550927976,71.0,57.0,59.666666666666664,7.788880963698546,71.0,50.0,52.166666666666664,9.712534856222085,71.0,40.0,41.833333333333336,14.609903331724079,71.0,18.0,19.0,20.1,22.4,64.0,57.0,50.0,1.0,1.0,2.0,1018.0,1017.0,1017.0,1251.1999999999998,68.0,18.4,0.0,0.7995405457145752,14.50584932711654,0.0,12.511999999999999,17.9,0.01807463843355753,338.55999999999995,4624,1.0,1036324,1593.8,265.6333333333333,14.0,14.0,-0.6000000000000014
215,1172.5,82.3,0.0,130.0,145.0,70,0.0,1018,73,18.2,0.0,0.66,2023,3,13,23,0,72,11,-0.25881904510252157,0.9659258262890681,1.0,6.123233995736766e-17,0.0,1.0,1,3,0,71.0,57.0,67.0,50.0,47.0,20.0,77.33333333333333,24.13158373031769,104.0,57.0,68.66666666666667,18.381149764545903,104.0,56.0,56.916666666666664,17.650435654336547,104.0,40.0,45.333333333333336,18.65398119685867,104.0,18.0,18.4,19.5,21.6,68.0,60.0,52.0,1.0,1.0,1.66,1018.0,1018.0,1017.0,1328.6,48.18,12.012,0.0,0.7999938462011831,14.246485461902042,0.0,13.286,17.87,0.017878174972323208,331.23999999999995,5329,0.43560000000000004,1036324,1633.8,272.3,33.0,37.0,-0.1999999999999993
189,1140.9,81.7,0.0,106.3,143.0,79,0.0,1017,78,18.0,0.0,0.33,2023,3,14,0,1,73,11,0.0,1.0,1.0,6.123233995736766e-17,0.7818314824680298,0.6234898018587336,1,3,0,104.0,71.0,57.0,56.0,40.0,18.0,86.66666666666667,16.563010998406465,104.0,71.0,73.5,18.196153439669587,104.0,57.0,60.666666666666664,18.48996451805098,104.0,42.0,48.125,19.38469252652281,104.0,19.0,18.2,19.0,20.9,73.0,64.0,54.0,0.66,1.0,1.33,1018.0,1018.0,1017.0,1404.0,25.740000000000002,5.94,0.0,0.7996161842315689,13.964333361892756,0.0,14.04,17.835,0.01769909764100527,324.0,6084,0.10890000000000001,1034289,1556.9,259.48333333333335,-19.0,28.0,-0.1999999999999993
185,1109.4,81.0,0.0,102.5,141.0,87,0.0,1017,83,17.8,0.0,1.6,2023,3,14,1,1,73,11,0.25881904510252074,0.9659258262890683,1.0,6.123233995736766e-17,0.7818314824680298,0.6234898018587336,1,3,0,85.0,104.0,71.0,57.0,48.0,19.0,90.33333333333333,11.930353445448858,104.0,82.0,77.66666666666667,16.439789130845508,104.0,57.0,63.5,18.97127014485555,104.0,42.0,50.75,19.534250856425032,104.0,20.0,18.0,18.4,20.1,78.0,68.0,57.0,0.33,1.0,1.0,1017.0,1018.0,1017.0,1477.4,132.8,28.480000000000004,0.0,0.7999921951980956,13.69612720830607,0.0,14.774000000000001,17.0,0.017502441000549658,316.84000000000003,6889,2.5600000000000005,1034289,1515.9,252.65,-3.0,11.0,-0.1999999999999993
183,1090.9,78.0,0.0,100.0,145.7,89,0.0,1016,84,17.3,0.0,0.33,2023,3,14,2,1,73,11,0.49999999999999994,0.8660254037844387,1.0,6.123233995736766e-17,0.7818314824680298,0.6234898018587336,1,3,0,82.0,85.0,104.0,67.0,42.0,30.0,82.33333333333333,2.516611478423593,85.0,80.0,79.83333333333333,15.587388064286658,104.0,57.0,66.66666666666667,18.21254978571003,104.0,43.0,52.833333333333336,19.888092716096757,104.0,20.0,17.8,18.2,19.5,83.0,73.0,60.0,1.6,0.66,1.0,1017.0,1018.0,1018.0,1453.2,27.720000000000002,5.7090000000000005,0.0,0.7999920000799992,13.985718131818823,0.0,14.532,17.135,0.01702754229572609,299.29,7056,0.10890000000000001,1032256,1494.6000000000001,249.10000000000002,-2.0,-24.0,-0.5
161,1072.5,75.0,0.0,80.0,150.3,91,0.0,1015,86,16.9,0.0,0.66,2023,3,14,3,1,73,11,0.7071067811865476,0.7071067811865476,1.0,6.123233995736766e-17,0.7818314824680298,0.6234898018587336,1,3,0,80.0,82.0,85.0,57.0,43.0,25.0,75.33333333333333,9.865765724632494,82.0,64.0,81.0,13.682105101189642,104.0,64.0,68.41666666666667,16.675830813885412,104.0,48.0,54.458333333333336,19.092404969941178,104.0,20.0,17.3,18.0,19.0,84.0,78.0,64.0,0.33,0.33,1.0,1016.0,1017.0,1018.0,1453.3999999999999,56.760000000000005,11.154,0.0,0.7999900001249984,14.299809335875521,0.0,14.533999999999999,16.57,0.016650229901251326,285.60999999999996,7396,0.43560000000000004,1030225,1441.8,240.29999999999998,-16.0,-21.0,-0.40000000000000213
145,1054.0,72.0,0.0,65.0,155.0,93,0.25,1014,87,16.4,0.0,1.0,2023,3,14,4,1,73,11,0.8660254037844386,0.5000000000000001,1.0,6.123233995736766e-17,0.7818314824680298,0.6234898018587336,1,3,0,64.0,80.0,82.0,71.0,48.0,40.0,65.33333333333333,14.047538337136983,80.0,52.0,77.83333333333333,17.982398801791327,104.0,52.0,68.75,16.265551998569823,104.0,50.0,54.958333333333336,18.852930037914412,104.0,20.0,16.9,17.8,18.4,86.0,83.0,68.0,0.66,1.6,1.0,1015.0,1017.0,1018.0,1426.8,87.0,16.4,23.25,0.7999876924970385,14.638685573811474,0.0,14.267999999999999,15.899999999999999,0.016173554069473302,268.96,7569,1.0,1028196,1398.0,233.0,-12.0,-30.0,-0.5
167,1156.3,92.3,0.7,85.0,163.0,95,0.75,1014,85,16.7,0.0,1.0,2023,3,14,5,1,73,11,0.9659258262890683,0.25881904510252074,1.0,6.123233995736766e-17,0.7818314824680298,0.6234898018587336,1,3,0,52.0,64.0,80.0,104.0,50.0,20.0,61.333333333333336,8.326663997864523,68.0,52.0,71.83333333333333,12.75016339764577,85.0,52.0,70.25,15.172493053369394,104.0,52.0,56.958333333333336,17.4791283402873,104.0,33.0,16.4,17.3,18.2,87.0,84.0,73.0,1.0,0.33,0.66,1014.0,1016.0,1018.0,1419.5,85.0,16.7,71.25,0.7999905883460194,12.527491576472627,0.007583883164862785,14.195,16.2,0.01646941176586611,278.89,7225,1.0,1028196,1565.3,260.8833333333333,16.0,-12.0,0.3000000000000007
168,1258.6,112.7,1.3,86.3,171.0,97,0.0,1015,84,17.1,0.0,1.0,2023,3,14,6,1,73,11,1.0,6.123233995736766e-17,1.0,6.123233995736766e-17,0.7818314824680298,0.6234898018587336,1,0,0,68.0,52.0,64.0,85.0,56.0,33.0,63.0,9.53939201416945,69.0,52.0,69.16666666666667,10.998484744121154,82.0,52.0,71.33333333333333,14.512272758119513,104.0,52.0,58.458333333333336,16.867718504179354,104.0,40.0,16.7,16.9,18.0,85.0,86.0,78.0,1.0,0.66,0.33,1014.0,1015.0,1017.0,1436.4,84.0,17.1,0.0,0.7995272360691069,11.16760277193636,0.011534946451229358,14.364,16.6,0.016847274042094542,292.41,7056,1.0,1030225,1698.8999999999999,283.15,1.0,5.0,0.40000000000000213
173,1361.0,133.0,2.0,91.3,179.0,100,0.0,1016,82,17.4,1.0,1.0,2023,3,14,7,1,73,11,0.9659258262890683,-0.25881904510252063,1.0,6.123233995736766e-17,0.7818314824680298,0.6234898018587336,1,0,0,69.0,68.0,52.0,82.0,57.0,42.0,70.0,2.645751311064609,73.0,68.0,67.66666666666667,9.395034149308115,80.0,52.0,72.66666666666667,13.792839600402138,104.0,52.0,59.75,16.73904573665762,104.0,40.0,17.1,16.4,17.8,84.0,87.0,83.0,1.0,1.0,1.6,1015.0,1014.0,1017.0,1426.8,82.0,17.4,0.0,0.7995531264717801,10.233005766873934,0.01503748092119608,14.267999999999999,16.9,0.01712596739570138,302.75999999999993,6724,1.0,1032256,1839.3,306.55,4.0,21.0,0.29999999999999716
196,1006.5,102.0,33.3,112.5,190.0,75,0.0,1016,70,19.1,1.2,1.33,2023,3,14,8,1,73,11,0.8660254037844387,-0.4999999999999998,1.0,6.123233995736766e-17,0.7818314824680298,0.6234898018587336,1,0,0,73.0,69.0,68.0,80.0,67.0,40.0,77.33333333333333,11.15048578911851,90.0,69.0,69.33333333333333,12.420413304985697,90.0,52.0,74.58333333333333,14.513055773295477,104.0,52.0,61.833333333333336,17.276942832086668,104.0,40.0,17.4,16.7,17.3,82.0,85.0,84.0,1.0,1.0,0.33,1016.0,1014.0,1016.0,1337.0,93.10000000000001,25.403000000000002,0.0,0.7999928889520982,9.867550318134136,0.32646738757463156,13.37,18.435000000000002,0.018799194095281403,364.81000000000006,4900,1.7689000000000001,1032256,1534.3,255.71666666666667,17.0,22.0,1.7000000000000028
229,652.1,71.0,64.7,143.8,201.0,50,0.0,1016,59,20.7,2.5,1.66,2023,3,14,9,1,73,11,0.7071067811865476,-0.7071067811865475,1.0,6.123233995736766e-17,0.7818314824680298,0.6234898018587336,1,0,0,90.0,73.0,69.0,64.0,57.0,43.0,92.66666666666667,21.126602503321134,115.0,73.0,77.83333333333333,21.885307095553085,115.0,52.0,79.41666666666667,17.47964183808914,115.0,52.0,64.83333333333333,19.914309180710482,115.0,40.0,19.1,17.1,16.9,70.0,84.0,86.0,1.33,1.0,0.66,1016.0,1015.0,1015.0,1221.3,97.94,34.361999999999995,0.0,0.7997162745738902,9.18437768482134,0.9112547710595625,12.213,19.87,0.020373995694886127,428.48999999999995,3481,2.7556,1032256,1247.6000000000001,207.93333333333337,25.0,46.0,1.5999999999999979
184,297.6,40.0,96.0,101.3,212.0,25,0.0,1016,50,22.4,5.8,2.0,2023,3,14,10,1,73,11,0.49999999999999994,-0.8660254037844387,1.0,6.123233995736766e-17,0.7818314824680298,0.6234898018587336,1,0,0,115.0,90.0,73.0,52.0,71.0,48.0,95.33333333333333,17.61628034896513,115.0,81.0,82.66666666666667,17.87363048366689,115.0,68.0,80.25,17.279125609190398,115.0,52.0,66.20833333333333,19.840624040559884,115.0,40.0,20.7,17.4,16.4,59.0,82.0,87.0,1.66,1.0,1.0,1016.0,1016.0,1014.0,1120.0,100.0,44.8,0.0,0.7995972399087866,7.439814004649885,2.399940001499963,11.2,21.4,0.022047222394466146,501.75999999999993,2500,4.0,1032256,827.9,137.98333333333332,-34.0,8.0,1.6999999999999993
163,271.0,30.3,130.3,81.3,185.7,41,0.0,1014,48,23.1,9.0,2.0,2023,3,14,11,1,73,11,0.258819045102521,-0.9659258262890682,1.0,6.123233995736766e-17,0.7818314824680298,0.6234898018587336,1,0,0,81.0,115.0,90.0,68.0,104.0,47.0,87.0,25.534290669607433,115.0,65.0,82.16666666666667,18.400181158528476,115.0,65.0,77.0,16.02838391445277,115.0,52.0,66.95833333333333,19.418680308598177,115.0,40.0,22.4,19.1,16.7,50.0,70.0,85.0,2.0,1.33,1.0,1016.0,1016.0,1014.0,1108.8000000000002,96.0,46.2,0.0,0.7994981611542293,8.943599221147815,4.300188112603545,11.088000000000001,22.1,0.022781042622245937,533.61,2304,4.0,1028196,763.5999999999999,127.26666666666665,-16.0,-25.0,0.7000000000000028
142,244.3,20.7,164.7,63.8,159.3,58,0.0,1013,47,23.9,9.0,2.0,2023,3,14,12,1,73,11,1.2246467991473532e-16,-1.0,1.0,6.123233995736766e-17,0.7818314824680298,0.6234898018587336,1,1,0,65.0,81.0,115.0,69.0,85.0,40.0,65.66666666666667,15.011106998930273,81.0,51.0,79.16666666666667,22.07638255391191,115.0,51.0,74.16666666666667,17.42951171972055,115.0,51.0,67.41666666666667,18.876985450811453,115.0,42.0,23.1,20.7,17.1,48.0,59.0,84.0,2.0,1.66,1.0,1014.0,1016.0,1015.0,1123.3,94.0,47.8,0.0,0.7993605115907275,11.801362253031256,7.956137384667406,11.232999999999999,22.9,0.02359326397506024,571.2099999999999,2209,4.0,1026169,703.8,117.3,-14.0,-64.0,0.7999999999999972
129,217.7,11.0,199.0,57.5,133.0,75,0.0,1012,45,24.6,5.7,2.0,2023,3,14,13,1,73,11,-0.2588190451025208,-0.9659258262890683,1.0,6.123233995736766e-17,0.7818314824680298,0.6234898018587336,1,1,0,51.0,65.0,81.0,73.0,82.0,48.0,54.0,9.848857801796068,65.0,46.0,74.66666666666667,25.989741565984566,115.0,46.0,71.16666666666667,18.98723654234993,115.0,46.0,67.33333333333333,18.970610374234585,115.0,42.0,23.9,22.4,17.4,47.0,50.0,82.0,2.0,2.0,1.0,1013.0,1016.0,1016.0,1107.0,90.0,49.2,0.0,0.7999860871984835,19.789110080901736,18.08926461230797,11.07,23.6,0.024308276375220976,605.1600000000001,2025,4.0,1024144,664.2,110.7,-5.0,-35.0,0.7000000000000028
126,210.1,11.3,201.3,56.3,127.0,62,0.0,1011,45,24.9,2.5,2.33,2023,3,14,14,1,73,11,-0.4999999999999997,-0.8660254037844388,1.0,6.123233995736766e-17,0.7818314824680298,0.6234898018587336,1,1,0,46.0,51.0,65.0,90.0,80.0,42.0,47.333333333333336,3.214550253664145,51.0,45.0,67.16666666666667,27.147129989497333,115.0,45.0,68.25,20.15902685241429,115.0,45.0,67.45833333333333,18.805593910292835,115.0,43.0,24.6,23.1,19.1,45.0,48.0,70.0,2.0,2.0,1.33,1012.0,1014.0,1016.0,1120.5,104.85000000000001,58.016999999999996,0.0,0.7992753237065062,18.591275108397486,17.81258295726042,11.205,23.735,0.024629055757610527,620.0099999999999,2025,5.4289000000000005,1022121,651.0,108.5,-1.0,-20.0,0.29999999999999716
131,202.5,11.7,203.7,58.8,121.0,50,0.0,1010,46,25.1,2.6,2.66,2023,3,14,15,1,73,11,-0.7071067811865471,-0.7071067811865479,1.0,6.123233995736766e-17,0.7818314824680298,0.6234898018587336,1,1,0,45.0,46.0,51.0,115.0,64.0,43.0,46.0,0.9999999999994049,47.0,45.0,55.833333333333336,14.372427306014279,81.0,45.0,66.83333333333333,21.06195766319117,115.0,45.0,67.625,18.595961459647576,115.0,45.0,24.9,23.9,20.7,45.0,47.0,59.0,2.33,2.0,1.66,1011.0,1013.0,1016.0,1154.6000000000001,122.36000000000001,66.766,0.0,0.7993061342494175,17.306213144175715,17.408768481326383,11.546000000000001,23.770000000000003,0.024851460543108377,630.0100000000001,2116,7.0756000000000006,1020100,644.7,107.45,2.0,-4.0,0.20000000000000284
151,194.9,12.0,206.0,70.0,115.0,37,0.0,1008,46,25.4,3.1,3.0,2023,3,14,16,1,73,11,-0.8660254037844385,-0.5000000000000004,1.0,6.123233995736766e-17,0.7818314824680298,0.6234898018587336,1,1,0,47.0,45.0,46.0,81.0,52.0,48.0,49.333333333333336,5.85946527708223,56.0,45.0,51.666666666666664,7.685484153042321,65.0,45.0,67.16666666666667,20.836302818674714,115.0,45.0,67.95833333333333,18.29820415675596,115.0,45.0,25.1,24.6,22.4,46.0,45.0,50.0,2.66,2.0,2.0,1010.0,1012.0,1016.0,1168.3999999999999,138.0,76.19999999999999,0.0,0.7999885715918343,16.240313307224397,17.165236230314143,11.684,23.9,0.0251983877000122,645.16,2116,9.0,1016064,653.9,108.98333333333333,9.0,10.0,0.29999999999999716
152,210.1,22.7,178.0,71.3,114.3,40,0.0,1009,51,24.4,1.7,3.0,2023,3,14,17,1,73,11,-0.9659258262890683,-0.25881904510252063,1.0,6.123233995736766e-17,0.7818314824680298,0.6234898018587336,1,1,0,56.0,47.0,45.0,65.0,68.0,50.0,53.333333333333336,5.507570547286032,57.0,47.0,50.333333333333336,5.202563470700245,57.0,45.0,66.25,21.03730452834151,115.0,45.0,68.25,18.053663966317142,115.0,45.0,25.4,24.9,23.1,46.0,45.0,48.0,3.0,2.33,2.0,1008.0,1011.0,1014.0,1244.3999999999999,153.0,73.19999999999999,0.0,0.7994277780115285,9.255098894321836,7.841064270296463,12.443999999999999,22.9,0.024182334804425366,595.3599999999999,2601,9.0,1018081,653.3999999999999,108.89999999999998,1.0,12.0,-1.0
160,225.3,33.3,150.0,78.8,113.7,44,0.0,1009,57,23.4,1.5,3.0,2023,3,14,18,1,73,11,-1.0,-1.8369701987210297e-16,1.0,6.123233995736766e-17,0.7818314824680298,0.6234898018587336,1,2,0,57.0,56.0,47.0,51.0,69.0,56.0,58.666666666666664,3.7859388972001193,63.0,56.0,52.333333333333336,7.3665912514992105,63.0,45.0,65.75,21.03730452834151,115.0,45.0,68.54166666666667,17.90307033824741,115.0,45.0,24.4,25.1,23.9,51.0,46.0,47.0,3.0,2.66,2.0,1009.0,1010.0,1013.0,1333.8,171.0,70.19999999999999,0.0,0.7994822400730955,6.765562595717848,4.504369238161017,13.338,21.9,0.023191255509162033,547.56,3249,9.0,1018081,664.1000000000001,110.68333333333335,6.0,16.0,-1.0
164,240.4,44.0,122.0,82.5,113.0,47,0.0,1009,62,22.4,0.0,3.0,2023,3,14,19,1,73,11,-0.9659258262890684,0.2588190451025203,1.0,6.123233995736766e-17,0.7818314824680298,0.6234898018587336,1,2,0,63.0,57.0,56.0,46.0,73.0,57.0,62.0,4.582575694955809,66.0,57.0,55.666666666666664,8.38252149813318,66.0,45.0,65.16666666666667,20.91468963251042,115.0,45.0,68.91666666666667,17.744360198118784,115.0,45.0,23.4,25.4,24.6,57.0,46.0,45.0,3.0,3.0,2.0,1009.0,1008.0,1012.0,1388.8,186.0,67.19999999999999,0.0,0.7999903031478406,5.463512192904707,2.7726642576305087,13.888,20.9,0.022200176213898696,501.75999999999993,3844,9.0,1018081,667.9,111.31666666666666,3.0,10.0,-1.0
153,237.9,41.0,111.3,68.8,106.0,50,0.0,1010,68,21.7,0.0,3.33,2023,3,14,20,1,73,11,-0.8660254037844386,0.5000000000000001,1.0,6.123233995736766e-17,0.7818314824680298,0.6234898018587336,1,2,0,66.0,63.0,57.0,45.0,90.0,67.0,61.333333333333336,5.686240703077299,66.0,55.0,57.333333333333336,6.653319973266358,66.0,47.0,62.25,19.53144318086272,115.0,45.0,68.41666666666667,17.96836995502325,115.0,45.0,22.4,24.4,24.9,62.0,51.0,45.0,3.0,3.0,2.33,1009.0,1009.0,1011.0,1475.6,226.44,72.261,0.0,0.7994069853635848,5.802297504938904,2.7145679373673812,14.755999999999998,20.035,0.021485127242448273,470.89,4624,11.0889,1020100,620.0,103.33333333333333,-11.0,-2.0,-0.6999999999999993
159,235.4,38.0,100.7,77.5,99.0,54,0.0,1011,75,21.0,0.0,3.66,2023,3,14,21,1,73,11,-0.7071067811865477,0.7071067811865474,1.0,6.123233995736766e-17,0.7818314824680298,0.6234898018587336,1,2,0,55.0,66.0,63.0,47.0,115.0,57.0,61.0,5.567764362829992,66.0,55.0,59.833333333333336,4.445971959725481,66.0,55.0,57.833333333333336,10.355791821122109,81.0,45.0,68.625,17.858897429329357,115.0,45.0,21.7,23.4,25.1,68.0,57.0,46.0,3.33,3.0,2.66,1010.0,1009.0,1010.0,1575.0,274.5,76.86,0.0,0.7999896775525477,6.194573827004553,2.6499302649930265,15.75,19.17,0.020771492807623335,441.0,5625,13.395600000000002,1022121,612.5999999999999,102.09999999999998,7.0,-1.0,-0.6999999999999993
167,232.9,35.0,90.0,85.0,92.0,57,0.0,1011,82,20.3,0.0,4.0,2023,3,14,22,1,73,11,-0.5000000000000004,0.8660254037844384,1.0,6.123233995736766e-17,0.7818314824680298,0.6234898018587336,1,3,0,62.0,55.0,66.0,56.0,81.0,71.0,61.666666666666664,6.506407098647688,68.0,55.0,61.833333333333336,5.036533199202146,68.0,55.0,56.75,8.158932639639636,68.0,45.0,68.5,17.852048962903822,115.0,45.0,21.0,22.4,25.4,75.0,62.0,46.0,3.66,3.0,3.0,1011.0,1009.0,1008.0,1664.6000000000001,328.0,81.2,0.0,0.7999905883460194,6.65409559726865,2.571355104139882,16.646,18.3,0.02007910971403589,412.09000000000003,6724,16.0,1022121,602.9,100.48333333333333,6.0,2.0,-0.6999999999999993
163,228.0,32.7,84.3,81.3,86.3,0,0.0,1011,84,20.0,0.0,3.66,2023,3,14,23,1,73,11,-0.25881904510252157,0.9659258262890681,1.0,6.123233995736766e-17,0.7818314824680298,0.6234898018587336,1,3,0,68.0,62.0,55.0,57.0,65.0,104.0,65.0,2.9999999999999765,68.0,62.0,63.166666666666664,4.535048695071036,68.0,55.0,56.75,8.158932639639636,68.0,45.0,66.875,16.176506045067008,115.0,45.0,20.3,21.7,24.4,82.0,68.0,51.0,4.0,3.33,3.0,1011.0,1010.0,1009.0,1680.0,307.44,73.2,0.0,0.7994981611542293,6.972263845142351,2.577902816427632,16.8,18.17,0.019782374102498414,400.0,7056,13.395600000000002,1022121,577.6,96.26666666666667,-3.0,10.0,-0.3000000000000007
161,223.1,30.3,78.7,80.0,80.7,0,0.0,1012,86,19.8,0.0,3.33,2023,3,15,0,2,74,11,0.0,1.0,1.0,6.123233995736766e-17,0.9749279121818236,-0.22252093395631434,1,3,0,65.0,68.0,62.0,63.0,51.0,85.0,65.66666666666667,2.0816659994661038,68.0,64.0,63.333333333333336,4.546060565661826,68.0,55.0,57.833333333333336,8.189054039423686,68.0,45.0,66.0,15.714850356880047,115.0,45.0,20.0,21.0,23.4,84.0,75.0,57.0,3.66,3.66,3.0,1011.0,1011.0,1009.0,1702.8,286.38,65.934,0.0,0.7999900001249984,7.362793307151579,2.597274017359163,17.028,18.135,0.019565198058104687,392.04,7396,11.0889,1024144,556.8000000000001,92.80000000000001,-1.0,2.0,-0.1999999999999993
176,218.3,28.0,73.0,93.8,75.0,67,0.0,1012,89,19.5,0.0,3.0,2023,3,15,1,2,74,11,0.25881904510252074,0.9659258262890683,1.0,6.123233995736766e-17,0.9749279121818236,-0.22252093395631434,1,3,0,64.0,65.0,68.0,66.0,46.0,82.0,68.0,6.0827625302982185,75.0,64.0,64.83333333333333,6.615638039272224,75.0,55.0,60.25,8.645808232895044,75.0,45.0,65.70833333333333,15.468001098106278,115.0,45.0,19.8,20.3,22.4,86.0,82.0,62.0,3.33,4.0,3.0,1012.0,1011.0,1009.0,1735.5,267.0,58.5,0.0,0.7995650366200786,7.79615013749509,2.6070497482232775,17.355,18.0,0.01926875566328492,380.25,7921,9.0,1024144,563.1,93.85000000000001,11.0,7.0,-0.3000000000000007
167,215.7,24.7,71.0,85.0,72.3,70,0.0,1012,89,19.6,0.0,2.66,2023,3,15,2,2,74,11,0.49999999999999994,0.8660254037844387,1.0,6.123233995736766e-17,0.9749279121818236,-0.22252093395631434,1,3,0,75.0,64.0,65.0,55.0,45.0,80.0,69.0,5.567764362830025,75.0,64.0,67.0,4.560701700396459,75.0,62.0,62.166666666666664,7.420283421851357,75.0,47.0,65.20833333333333,15.177154360839722,115.0,45.0,19.5,20.0,21.7,89.0,84.0,68.0,3.0,3.66,3.33,1012.0,1011.0,1010.0,1744.4,236.74,52.13600000000001,0.0,0.7999905883460194,8.732439982186955,2.874377555564552,17.444000000000003,18.270000000000003,0.019367569794891508,384.1600000000001,7921,7.0756000000000006,1024144,536.6999999999999,89.44999999999999,-7.0,3.0,0.10000000000000142
173,213.2,21.3,69.0,91.3,69.7,74,0.0,1012,90,19.7,0.0,2.33,2023,3,15,3,2,74,11,0.7071067811865476,0.7071067811865476,1.0,6.123233995736766e-17,0.9749279121818236,-0.22252093395631434,1,3,0,68.0,75.0,64.0,62.0,47.0,64.0,72.0,3.605551275464015,75.0,68.0,68.83333333333333,4.355073669487811,75.0,64.0,64.33333333333333,6.300553126271218,75.0,55.0,65.58333333333333,15.256977496176727,115.0,45.0,19.6,19.8,21.0,89.0,86.0,75.0,2.66,3.33,3.66,1012.0,1012.0,1011.0,1773.0,209.70000000000002,45.900999999999996,0.0,0.7995531264717801,10.008919769024926,3.239284540631895,17.73,18.535,0.019466383926498097,388.09,8100,5.4289000000000005,1024144,537.5,89.58333333333333,5.0,9.0,0.09999999999999787
169,210.7,18.0,67.0,87.5,67.0,77,0.5,1013,91,19.9,0.0,2.0,2023,3,15,4,2,74,11,0.8660254037844386,0.5000000000000001,1.0,6.123233995736766e-17,0.9749279121818236,-0.22252093395631434,1,3,0,73.0,68.0,75.0,68.0,56.0,52.0,70.33333333333333,2.516611478423603,73.0,68.0,69.16666666666667,4.355073669487815,75.0,64.0,65.5,5.900693333683619,75.0,55.0,66.33333333333333,15.000483084008517,115.0,45.0,19.7,19.5,20.3,90.0,89.0,82.0,2.33,3.0,4.0,1012.0,1012.0,1011.0,1810.8999999999999,182.0,39.8,38.5,0.7999908572473458,11.70490528303983,3.722015443586467,18.108999999999998,18.9,0.019644600548271916,396.00999999999993,8281,4.0,1026169,520.2,86.7,-3.0,-5.0,0.1999999999999993
189,234.0,27.3,55.7,106.3,66.3,80,0.5,1013,91,20.0,0.0,1.66,2023,3,15,5,2,74,11,0.9659258262890683,0.25881904510252074,1.0,6.123233995736766e-17,0.9749279121818236,-0.22252093395631434,1,3,0,70.0,73.0,68.0,65.0,57.0,68.0,76.0,7.937253933193797,85.0,70.0,72.5,7.231873892705802,85.0,64.0,67.83333333333333,7.541802694235952,85.0,55.0,67.04166666666667,15.476431356622053,115.0,45.0,19.9,19.6,20.0,91.0,89.0,84.0,2.0,2.66,3.66,1013.0,1012.0,1011.0,1820.0,151.06,33.199999999999996,40.0,0.7996161842315689,8.571114611186402,2.040218307021721,18.2,19.17,0.019743317133941625,400.0,8281,2.7556,1026169,574.6,95.76666666666667,15.0,17.0,0.10000000000000142
176,257.4,36.7,44.3,93.8,65.7,84,0.25,1013,92,20.1,0.0,1.33,2023,3,15,6,2,74,11,1.0,6.123233995736766e-17,1.0,6.123233995736766e-17,0.9749279121818236,-0.22252093395631434,1,0,0,85.0,70.0,73.0,64.0,63.0,69.0,76.66666666666667,7.637626158259761,85.0,70.0,74.33333333333333,5.921711464320651,85.0,68.0,68.83333333333333,7.637626158259532,85.0,55.0,67.29166666666667,15.55768834585232,115.0,45.0,20.0,19.7,19.8,91.0,90.0,86.0,1.66,2.33,3.33,1013.0,1012.0,1012.0,1849.2,122.36000000000001,26.733000000000004,21.0,0.7995650366200786,7.013432876488379,1.2070515789760496,18.492,19.435000000000002,0.019842033719611334,404.01000000000005,8464,1.7689000000000001,1026169,572.9,95.48333333333333,-10.0,2.0,0.10000000000000142
171,280.7,46.0,33.0,88.8,65.0,87,0.0,1013,92,20.2,0.7,1.0,2023,3,15,7,2,74,11,0.9659258262890683,-0.25881904510252063,1.0,6.123233995736766e-17,0.9749279121818236,-0.22252093395631434,1,0,0,75.0,85.0,70.0,75.0,66.0,73.0,77.0,7.211102550928012,85.0,71.0,73.66666666666667,6.055300708194975,85.0,68.0,69.25,7.605321103734283,85.0,55.0,67.20833333333333,15.531116499149292,115.0,45.0,20.1,19.9,19.5,92.0,91.0,89.0,1.33,2.0,3.0,1013.0,1013.0,1012.0,1858.3999999999999,92.0,20.2,0.0,0.7995405457145752,6.1020412599726095,0.7173757092237125,18.584,19.7,0.01994075030528104,408.03999999999996,8464,1.0,1026169,584.5,97.41666666666667,-4.0,1.0,0.09999999999999787
168,258.9,41.3,45.0,86.3,72.0,91,0.0,1014,89,20.6,1.0,1.33,2023,3,15,8,2,74,11,0.8660254037844387,-0.4999999999999998,1.0,6.123233995736766e-17,0.9749279121818236,-0.22252093395631434,1,0,0,71.0,75.0,85.0,68.0,55.0,90.0,71.66666666666667,3.0550504633039246,75.0,69.0,73.83333333333333,5.879342366852486,85.0,69.0,70.41666666666667,6.156420644458293,85.0,62.0,66.33333333333333,14.76384145447099,115.0,45.0,20.2,20.0,19.6,92.0,91.0,89.0,1.0,1.66,2.66,1013.0,1013.0,1012.0,1833.4,118.37,27.398000000000003,0.0,0.7995272360691069,6.2686133507663255,1.0895619960775769,18.334,19.935000000000002,0.020315561818972566,424.36000000000007,7921,1.7689000000000001,1028196,572.5,95.41666666666667,-2.0,-16.0,0.40000000000000213
155,237.1,36.7,57.0,73.8,79.0,95,0.0,1015,86,21.1,1.5,1.66,2023,3,15,9,2,74,11,0.7071067811865476,-0.7071067811865475,1.0,6.123233995736766e-17,0.9749279121818236,-0.22252093395631434,1,0,0,69.0,71.0,75.0,73.0,62.0,115.0,66.33333333333333,6.429100507328627,71.0,59.0,71.5,8.479386770280016,85.0,59.0,70.16666666666667,6.57589721957554,85.0,59.0,64.0,10.566559227726218,85.0,45.0,20.6,20.1,19.7,89.0,92.0,90.0,1.33,1.33,2.33,1014.0,1013.0,1012.0,1814.6000000000001,142.76,35.026,0.0,0.799447161962575,6.460314432849241,1.5530911964251655,18.146,20.270000000000003,0.02078815685895876,445.21000000000004,7396,2.7556,1030225,542.6,90.43333333333334,-10.0,-16.0,0.5
163,215.3,32.0,69.0,81.3,86.0,100,0.0,1015,84,21.5,2.3,2.0,2023,3,15,10,2,74,11,0.49999999999999994,-0.8660254037844387,1.0,6.123233995736766e-17,0.9749279121818236,-0.22252093395631434,1,0,0,59.0,69.0,71.0,70.0,68.0,81.0,64.33333333333333,5.033222956847142,69.0,59.0,70.66666666666667,8.891943919451268,85.0,59.0,69.91666666666667,6.721178648439533,85.0,59.0,63.333333333333336,9.933109617167695,85.0,45.0,21.1,20.2,19.9,86.0,92.0,91.0,1.66,1.0,2.0,1015.0,1013.0,1013.0,1806.0,168.0,43.0,0.0,0.7994981611542293,6.72791475266398,2.1561826192931473,18.06,20.5,0.021182245140645182,462.25,7056,4.0,1030225,548.6,91.43333333333334,6.0,-6.0,0.3999999999999986
171,201.9,29.0,76.0,88.8,81.7,100,0.0,1014,79,22.4,2.9,2.0,2023,3,15,11,2,74,11,0.258819045102521,-0.9659258262890682,1.0,6.123233995736766e-17,0.9749279121818236,-0.22252093395631434,1,0,0,65.0,59.0,69.0,85.0,65.0,65.0,65.0,5.999999999999981,71.0,59.0,68.33333333333333,5.609515724789996,75.0,59.0,70.41666666666667,6.542981435141259,85.0,59.0,63.583333333333336,10.05167806309278,85.0,45.0,21.5,20.6,20.0,84.0,89.0,91.0,2.0,1.33,1.66,1015.0,1014.0,1013.0,1769.6,158.0,44.8,0.0,0.7995405457145752,6.961828902451639,2.620599289679666,17.695999999999998,21.4,0.02209070799732939,501.75999999999993,6241,4.0,1028196,548.4,91.39999999999999,6.0,2.0,0.8999999999999986
185,188.5,26.0,83.0,102.5,77.3,100,0.0,1013,75,23.3,3.2,2.0,2023,3,15,12,2,74,11,1.2246467991473532e-16,-1.0,1.0,6.123233995736766e-17,0.9749279121818236,-0.22252093395631434,1,1,0,71.0,65.0,59.0,75.0,64.0,51.0,72.66666666666667,8.621678104251721,82.0,65.0,69.5,7.635443667528407,82.0,59.0,71.91666666666667,6.98645876396643,85.0,59.0,64.875,10.351695933307486,85.0,45.0,22.4,21.1,20.1,79.0,86.0,92.0,2.0,1.66,1.33,1014.0,1015.0,1013.0,1747.5,150.0,46.6,0.0,0.7999921951980956,7.249721164570593,3.1921849159647704,17.475,22.3,0.023000964461041995,542.89,5625,4.0,1026169,559.3,93.21666666666665,11.0,23.0,0.9000000000000021
179,175.1,23.0,90.0,96.3,73.0,100,0.0,1013,71,24.2,3.0,2.0,2023,3,15,13,2,74,11,-0.2588190451025208,-0.9659258262890683,1.0,6.123233995736766e-17,0.9749279121818236,-0.22252093395631434,1,1,0,82.0,71.0,65.0,71.0,75.0,46.0,76.66666666666667,5.507570547286144,82.0,71.0,70.5,8.24014562978105,82.0,59.0,72.08333333333333,7.089792064309702,85.0,59.0,66.16666666666667,9.81421624887656,85.0,45.0,23.3,21.5,20.2,75.0,84.0,92.0,2.0,2.0,1.0,1013.0,1015.0,1013.0,1718.2,142.0,48.4,0.0,0.7995763283870365,7.612712490761271,3.9128733533324636,17.182000000000002,23.2,0.023889413732069365,585.64,5041,4.0,1026169,534.4000000000001,89.06666666666668,-5.0,12.0,0.8999999999999986
171,168.1,24.3,86.0,88.8,74.0,100,0.25,1012,72,24.3,2.4,1.66,2023,3,15,14,2,74,11,-0.4999999999999997,-0.8660254037844388,1.0,6.123233995736766e-17,0.9749279121818236,-0.22252093395631434,1,1,0,77.0,82.0,71.0,69.0,68.0,45.0,76.66666666666667,5.507570547286144,82.0,71.0,70.83333333333333,8.207719943240415,82.0,59.0,72.33333333333333,6.984832051515348,85.0,59.0,67.25,8.753881126826615,85.0,47.0,24.2,22.4,20.6,71.0,79.0,89.0,2.0,2.0,1.33,1013.0,1014.0,1014.0,1749.6000000000001,119.52,40.338,25.0,0.7995405457145752,6.917410806139665,3.53894901444385,17.496000000000002,23.470000000000002,0.024011833980401208,590.49,5184,2.7556,1024144,512.2,85.36666666666667,-6.0,0.0,0.10000000000000142
167,161.1,25.7,82.0,85.0,75.0,100,0.75,1012,74,24.4,1.7,1.33,2023,3,15,15,2,74,11,-0.7071067811865471,-0.7071067811865479,1.0,6.123233995736766e-17,0.9749279121818236,-0.22252093395631434,1,1,0,71.0,77.0,82.0,59.0,73.0,47.0,72.0,4.582575694955861,77.0,68.0,72.33333333333333,6.186005711819745,82.0,65.0,71.91666666666667,7.0897920643097,85.0,59.0,68.125,7.617556951742856,85.0,55.0,24.3,23.3,21.1,72.0,75.0,86.0,1.66,2.0,1.66,1012.0,1013.0,1015.0,1805.6,98.42,32.452,75.0,0.7999905883460194,6.268238589938134,3.1905373331776974,18.055999999999997,23.735,0.024110648112007794,595.3599999999999,5476,1.7689000000000001,1024144,496.79999999999995,82.8,-3.0,-14.0,0.09999999999999787
173,154.1,27.0,78.0,91.3,76.0,100,1.0,1011,75,24.5,1.1,1.0,2023,3,15,16,2,74,11,-0.8660254037844385,-0.5000000000000004,1.0,6.123233995736766e-17,0.9749279121818236,-0.22252093395631434,1,1,0,68.0,71.0,77.0,65.0,70.0,56.0,70.66666666666667,2.516611478423612,73.0,68.0,73.66666666666667,5.046450898073473,82.0,68.0,72.16666666666667,7.068924739286327,85.0,59.0,68.83333333333333,7.221144475513163,85.0,55.0,24.4,24.2,21.5,74.0,71.0,84.0,1.33,2.0,2.0,1012.0,1013.0,1015.0,1837.5,75.0,24.5,100.0,0.7995531264717801,5.707196029776674,2.888781896966779,18.375,24.0,0.02423340827556056,600.25,5625,1.0,1022121,499.40000000000003,83.23333333333333,5.0,-4.0,0.10000000000000142
142,159.3,33.0,69.0,63.8,72.0,100,0.0,1012,80,23.7,0.7,1.33,2023,3,15,17,2,74,11,-0.9659258262890683,-0.25881904510252063,1.0,6.123233995736766e-17,0.9749279121818236,-0.22252093395631434,1,1,0,73.0,68.0,71.0,71.0,85.0,57.0,64.0,11.532562594670784,73.0,51.0,70.33333333333333,10.652073350604873,82.0,51.0,69.33333333333333,8.183501510337372,82.0,51.0,68.58333333333333,7.734264061933272,85.0,51.0,24.5,24.3,22.4,75.0,72.0,79.0,1.0,1.66,2.0,1011.0,1012.0,1014.0,1896.0,106.4,31.521,0.0,0.7993605115907275,4.827126450713616,2.090845731947517,18.96,23.035,0.02341894919076167,561.6899999999999,6400,1.7689000000000001,1024144,448.1,74.68333333333334,-22.0,-20.0,-0.8000000000000007
142,164.6,39.0,60.0,63.8,68.0,100,0.0,1012,85,22.9,0.7,1.66,2023,3,15,18,2,74,11,-1.0,-1.8369701987210297e-16,1.0,6.123233995736766e-17,0.9749279121818236,-0.22252093395631434,1,2,0,51.0,73.0,68.0,82.0,75.0,63.0,58.333333333333336,12.701705922171744,73.0,51.0,65.16666666666667,11.356349178616627,77.0,51.0,67.33333333333333,9.499601267549137,82.0,51.0,68.08333333333333,8.464332669279624,85.0,51.0,23.7,24.4,23.3,80.0,74.0,75.0,1.33,1.33,2.0,1012.0,1012.0,1013.0,1946.4999999999998,141.1,38.013999999999996,0.0,0.7993605115907275,4.2204046050101285,1.5384220917412375,19.464999999999996,22.07,0.022628436137908953,524.41,7225,2.7556,1024144,446.40000000000003,74.4,0.0,-17.0,-0.8000000000000007
137,169.8,45.0,51.0,61.3,64.0,100,0.0,1013,91,22.1,0.0,2.0,2023,3,15,19,2,74,11,-0.9659258262890684,0.2588190451025203,1.0,6.123233995736766e-17,0.9749279121818236,-0.22252093395631434,1,2,0,51.0,51.0,73.0,77.0,71.0,66.0,50.333333333333336,1.1547005383788045,51.0,49.0,60.5,11.27386357909301,73.0,49.0,65.5,10.766108438478952,82.0,49.0,67.375,9.314843227227637,85.0,49.0,22.9,24.5,24.2,85.0,75.0,71.0,1.66,1.0,2.0,1012.0,1011.0,1013.0,2011.1000000000001,182.0,44.2,0.0,0.7993344317384709,3.773249483344815,1.1333081487078065,20.111,21.1,0.021816365433005497,488.4100000000001,8281,4.0,1026169,440.1,73.35000000000001,-2.0,-24.0,-0.7999999999999972
121,182.7,45.7,48.3,53.8,70.0,100,0.0,1014,90,22.1,0.0,2.0,2023,3,15,20,2,74,11,-0.8660254037844386,0.5000000000000001,1.0,6.123233995736766e-17,0.9749279121818236,-0.22252093395631434,1,2,0,49.0,51.0,51.0,71.0,69.0,55.0,47.666666666666664,4.163331998932124,51.0,43.0,55.833333333333336,11.839200423452022,73.0,43.0,63.333333333333336,12.477859179240895,82.0,43.0,66.875,10.280046100387366,85.0,43.0,22.1,23.7,24.3,91.0,80.0,72.0,2.0,1.33,1.66,1013.0,1012.0,1012.0,1989.0000000000002,180.0,44.2,0.0,0.7992416497834613,3.9977243386359156,1.0568696527428283,19.89,21.1,0.02179485030093659,488.4100000000001,8100,4.0,1028196,443.5,73.91666666666667,-6.0,-8.0,0.0
107,195.5,46.3,45.7,47.5,76.0,100,0.0,1014,89,22.0,0.0,2.0,2023,3,15,21,2,74,11,-0.7071067811865477,0.7071067811865474,1.0,6.123233995736766e-17,0.9749279121818236,-0.22252093395631434,1,2,0,43.0,49.0,51.0,68.0,59.0,62.0,43.333333333333336,5.507570547285973,49.0,38.0,50.833333333333336,12.006942436218575,73.0,38.0,61.583333333333336,14.45657027937196,82.0,38.0,65.875,11.825957080488996,85.0,38.0,22.1,22.9,24.4,90.0,85.0,74.0,2.0,1.66,1.33,1014.0,1012.0,1012.0,1958.0,178.0,44.0,0.0,0.7999831582493001,4.222371007105679,0.9870197187965705,19.58,21.0,0.021696231068805652,484.0,7921,4.0,1028196,449.0,74.83333333333333,-5.0,-13.0,-0.10000000000000142
100,208.3,47.0,43.0,43.8,82.0,100,0.0,1015,87,22.0,0.0,2.0,2023,3,15,22,2,74,11,-0.5000000000000004,0.8660254037844384,1.0,6.123233995736766e-17,0.9749279121818236,-0.22252093395631434,1,3,0,38.0,43.0,49.0,73.0,65.0,68.0,38.666666666666664,4.041451884327173,43.0,35.0,44.5,6.92098258919929,51.0,35.0,59.083333333333336,16.289753239569247,82.0,35.0,64.5,13.383961849266136,85.0,35.0,22.0,22.1,24.5,89.0,91.0,75.0,2.0,2.0,1.0,1014.0,1013.0,1011.0,1914.0,174.0,44.0,0.0,0.7990685144174792,4.4318205995617115,0.9148741516137955,19.14,21.0,0.02167485549275321,484.0,7569,4.0,1030225,459.1,76.51666666666667,-3.0,-14.0,0.0
121,204.8,45.0,41.3,53.8,87.0,100,0.0,1015,89,21.8,0.0,1.66,2023,3,15,23,2,74,11,-0.25881904510252157,0.9659258262890681,1.0,6.123233995736766e-17,0.9749279121818236,-0.22252093395631434,1,3,0,35.0,38.0,43.0,51.0,71.0,65.0,38.666666666666664,4.041451884327173,43.0,35.0,43.166666666666664,6.145459028149675,51.0,35.0,56.75,16.432368279487992,82.0,35.0,63.583333333333336,14.083344052821676,85.0,35.0,22.0,22.1,23.7,87.0,90.0,80.0,2.0,2.0,1.33,1015.0,1014.0,1012.0,1940.2,147.73999999999998,36.188,0.0,0.7992416497834613,4.551009977556054,0.9177573831692629,19.402,20.970000000000002,0.02147781135191,475.24,7921,2.7556,1030225,474.90000000000003,79.15,8.0,0.0,-0.1999999999999993
102,201.3,43.0,39.7,45.0,92.0,100,0.0,1015,91,21.7,0.0,1.33,2023,3,16,0,3,75,11,0.0,1.0,1.0,6.123233995736766e-17,0.43388373911755823,-0.900968867902419,1,3,0,43.0,35.0,38.0,51.0,82.0,64.0,38.0,4.358898943540476,43.0,35.0,40.666666666666664,5.316640543300466,49.0,35.0,52.916666666666664,15.335391824933525,77.0,35.0,62.416666666666664,15.165511980252802,85.0,35.0,21.8,22.0,22.9,89.0,89.0,85.0,1.66,2.0,1.66,1015.0,1014.0,1012.0,1974.7,121.03,28.861,0.0,0.7999822226172753,4.681286481709728,0.9232343433873632,19.747,21.035,0.02137928928148839,470.89,8281,1.7689000000000001,1030225,457.0,76.16666666666667,-7.0,-2.0,-0.10000000000000142
107,197.8,41.0,38.0,47.5,97.0,100,0.0,1015,93,21.5,0.0,1.0,2023,3,16,1,3,75,11,0.25881904510252074,0.9659258262890683,1.0,6.123233995736766e-17,0.43388373911755823,-0.900968867902419,1,3,0,36.0,43.0,35.0,49.0,77.0,75.0,39.0,3.605551275463759,43.0,36.0,38.833333333333336,3.4302575219167197,43.0,35.0,49.666666666666664,13.82575550020723,73.0,35.0,60.875,15.70187609948191,85.0,35.0,21.7,22.0,22.1,91.0,87.0,91.0,1.33,2.0,2.0,1015.0,1015.0,1013.0,1999.5,93.0,21.5,0.0,0.7999831582493001,4.824272578717593,0.9268066632521158,19.995,21.0,0.021182245140645182,462.25,8649,1.0,1030225,459.3,76.55,2.0,3.0,-0.1999999999999993
110,190.3,36.0,39.7,48.8,99.3,100,0.0,1014,92,21.4,0.0,1.0,2023,3,16,2,3,75,11,0.49999999999999994,0.8660254037844387,1.0,6.123233995736766e-17,0.43388373911755823,-0.900968867902419,1,3,0,38.0,36.0,43.0,43.0,71.0,68.0,37.666666666666664,1.5275252316513757,39.0,36.0,38.166666666666664,2.78687399547705,43.0,35.0,47.0,12.343566598177022,73.0,35.0,59.666666666666664,16.236477093439948,85.0,35.0,21.5,21.8,22.1,93.0,89.0,90.0,1.0,1.66,2.0,1015.0,1015.0,1014.0,1968.8,92.0,21.4,0.0,0.7991639515583698,5.2859642787700345,1.1027471459126137,19.688,20.9,0.021104515676020043,457.9599999999999,8464,1.0,1028196,453.1,75.51666666666667,1.0,-4.0,-0.10000000000000142
100,182.7,31.0,41.3,43.8,101.7,100,0.0,1014,91,21.3,0.0,1.0,2023,3,16,3,3,75,11,0.7071067811865476,0.7071067811865476,1.0,6.123233995736766e-17,0.43388373911755823,-0.900968867902419,1,3,0,39.0,38.0,36.0,38.0,68.0,73.0,37.333333333333336,2.0816659994657085,39.0,35.0,37.666666666666664,3.0767948691237454,43.0,35.0,44.25,10.821905394320872,73.0,35.0,58.083333333333336,16.725187115783616,85.0,35.0,21.4,21.7,22.0,92.0,91.0,89.0,1.0,1.33,2.0,1014.0,1015.0,1014.0,1938.3,91.0,21.3,0.0,0.7990685144174792,5.8933582787652,1.3322150898358116,19.383,20.8,0.02100589644388911,453.69000000000005,8281,1.0,1028196,435.5,72.58333333333333,-4.0,-1.0,-0.09999999999999787
87,175.1,26.0,43.0,36.3,104.0,100,0.0,1013,90,21.2,0.0,1.0,2023,3,16,4,3,75,11,0.8660254037844386,0.5000000000000001,1.0,6.123233995736766e-17,0.43388373911755823,-0.900968867902419,1,3,0,35.0,39.0,38.0,35.0,73.0,70.0,34.333333333333336,5.033222956846974,39.0,29.0,36.666666666666664,4.676180777799997,43.0,29.0,40.583333333333336,6.960385743402746,51.0,29.0,56.375,17.5296332956016,85.0,29.0,21.3,21.5,22.0,91.0,93.0,87.0,1.0,1.0,2.0,1014.0,1015.0,1015.0,1908.0,90.0,21.2,0.0,0.798876064020275,6.73435637090881,1.653782546825122,19.08,20.7,0.020927916161978123,449.44,8100,1.0,1026169,413.4,68.89999999999999,-6.0,-9.0,-0.10000000000000142
85,178.6,28.7,43.0,35.0,102.0,100,0.0,1014,91,21.1,0.0,1.33,2023,3,16,5,3,75,11,0.9659258262890683,0.25881904510252074,1.0,6.123233995736766e-17,0.43388373911755823,-0.900968867902419,1,3,0,29.0,35.0,39.0,43.0,51.0,85.0,30.666666666666668,3.785938897199898,35.0,28.0,34.166666666666664,4.622409184252962,39.0,28.0,38.666666666666664,6.997835163083744,51.0,28.0,54.0,17.343085328039408,82.0,28.0,21.2,21.4,21.8,90.0,92.0,89.0,1.0,1.0,1.66,1013.0,1014.0,1015.0,1920.1000000000001,121.03,28.063000000000002,0.0,0.7999771435101855,6.222779694087314,1.4982056374342356,19.201,20.435000000000002,0.02080865797962724,445.21000000000004,8281,1.7689000000000001,1028196,415.29999999999995,69.21666666666665,-1.0,-11.0,-0.09999999999999787
82,182.1,31.3,43.0,33.8,100.0,100,0.0,1015,93,21.1,0.0,1.66,2023,3,16,6,3,75,11,1.0,6.123233995736766e-17,1.0,6.123233995736766e-17,0.43388373911755823,-0.900968867902419,1,0,0,28.0,29.0,35.0,36.0,51.0,75.0,28.0,0.9999999999988476,29.0,27.0,32.666666666666664,5.3166405433004496,39.0,27.0,36.666666666666664,6.5689812871943305,49.0,27.0,52.0,17.58210552757014,82.0,27.0,21.1,21.3,21.7,91.0,91.0,91.0,1.33,1.0,1.33,1014.0,1014.0,1015.0,1962.3000000000002,154.38,35.026,0.0,0.7987929351202628,5.817705504616465,1.3737580269000988,19.623,20.270000000000003,0.02078815685895876,445.21000000000004,8649,2.7556,1030225,417.2,69.53333333333333,-1.0,-8.0,0.0
87,185.6,34.0,43.0,36.3,98.0,100,0.0,1015,95,21.0,0.7,2.0,2023,3,16,7,3,75,11,0.9659258262890683,-0.25881904510252063,1.0,6.123233995736766e-17,0.43388373911755823,-0.900968867902419,1,0,0,27.0,28.0,29.0,38.0,49.0,71.0,28.0,0.9999999999988476,29.0,27.0,31.166666666666668,4.750438576243888,39.0,27.0,35.0,5.6246211993660165,43.0,27.0,50.25,17.698562948295734,82.0,27.0,21.1,21.2,21.5,93.0,90.0,93.0,1.66,1.0,1.0,1015.0,1013.0,1015.0,1995.0,190.0,42.0,0.0,0.798876064020275,5.4586629805005735,1.2646686862151113,19.95,20.0,0.020689634788537154,441.0,9025,4.0,1030225,425.90000000000003,70.98333333333333,2.0,0.0,-0.10000000000000142
87,176.4,31.0,52.7,36.3,92.0,100,0.0,1016,90,21.9,1.0,2.0,2023,3,16,8,3,75,11,0.8660254037844387,-0.4999999999999998,1.0,6.123233995736766e-17,0.43388373911755823,-0.900968867902419,1,0,0,29.0,27.0,28.0,39.0,43.0,69.0,28.333333333333332,1.1547005383782618,29.0,27.0,29.5,2.8106938645109247,35.0,27.0,33.833333333333336,5.254146991287402,43.0,27.0,48.583333333333336,17.739459005198142,82.0,27.0,21.0,21.1,21.4,95.0,91.0,92.0,2.0,1.33,1.0,1015.0,1014.0,1014.0,1970.9999999999998,180.0,43.8,0.0,0.798876064020275,5.690139027773298,1.6999451630592561,19.709999999999997,20.9,0.02155509689458967,479.60999999999996,8100,4.0,1032256,417.40000000000003,69.56666666666668,0.0,1.0,0.8999999999999986
87,167.3,28.0,62.3,36.3,86.0,100,0.0,1016,86,22.7,1.6,2.0,2023,3,16,9,3,75,11,0.7071067811865476,-0.7071067811865475,1.0,6.123233995736766e-17,0.43388373911755823,-0.900968867902419,1,0,0,29.0,29.0,27.0,35.0,38.0,59.0,29.0,0.0,29.0,29.0,28.5,0.8366600265336757,29.0,27.0,33.083333333333336,5.2476545987586265,43.0,27.0,47.333333333333336,18.028158329502972,82.0,27.0,21.9,21.1,21.3,90.0,93.0,91.0,2.0,1.66,1.0,1016.0,1015.0,1014.0,1952.2,172.0,45.4,0.0,0.798876064020275,5.974786614763759,2.2249205385521944,19.522000000000002,21.7,0.022342497694392033,515.29,7396,4.0,1032256,408.90000000000003,68.15,0.0,2.0,0.8000000000000007
95,158.2,25.0,72.0,41.3,80.0,100,0.0,1017,82,23.6,2.3,2.0,2023,3,16,10,3,75,11,0.49999999999999994,-0.8660254037844387,1.0,6.123233995736766e-17,0.43388373911755823,-0.900968867902419,1,0,0,29.0,29.0,29.0,29.0,35.0,65.0,30.333333333333332,2.3094010767580326,33.0,29.0,29.166666666666668,2.041241452319155,33.0,27.0,32.916666666666664,5.212891944423573,43.0,27.0,46.0,17.847177343502786,82.0,27.0,22.7,21.0,21.2,86.0,95.0,90.0,2.0,2.0,1.0,1016.0,1015.0,1013.0,1935.2,164.0,47.2,0.0,0.7990121304568898,6.327746890124394,2.8798848046078156,19.352,22.6,0.023205483573762467,556.96,6724,4.0,1034289,409.5,68.25,4.0,4.0,0.9000000000000021
95,145.1,21.0,79.7,41.3,72.0,91,0.0,1016,76,24.8,3.1,2.33,2023,3,16,11,3,75,11,0.258819045102521,-0.9659258262890682,1.0,6.123233995736766e-17,0.43388373911755823,-0.900968867902419,1,0,0,33.0,29.0,29.0,28.0,43.0,71.0,31.666666666666668,2.3094010767580495,33.0,29.0,30.0,2.4494897427830487,33.0,27.0,32.083333333333336,4.144181755695097,39.0,27.0,44.416666666666664,17.206966907184196,82.0,27.0,23.6,21.9,21.1,82.0,90.0,91.0,2.0,2.0,1.33,1017.0,1016.0,1014.0,1884.8,177.08,57.784000000000006,0.0,0.7990121304568898,6.909194800247606,3.7950573782200845,18.848,23.635,0.024409424793873237,615.0400000000001,5776,5.4289000000000005,1032256,392.1,65.35000000000001,0.0,4.0,1.1999999999999993
84,132.1,17.0,87.3,40.4,64.0,83,0.0,1015,70,26.0,3.3,2.66,2023,3,16,12,3,75,11,1.2246467991473532e-16,-1.0,1.0,6.123233995736766e-17,0.43388373911755823,-0.900968867902419,1,1,0,33.0,33.0,29.0,27.0,36.0,82.0,31.223333333333333,3.07727693478036,33.0,27.67,30.111666666666668,2.295825922552935,33.0,27.67,31.389166666666668,4.1260975582988415,39.0,27.0,42.15291666666666,15.540672717565911,77.0,27.0,24.8,22.7,21.1,76.0,86.0,93.0,2.33,2.0,1.66,1016.0,1016.0,1015.0,1820.0,186.20000000000002,69.16,0.0,0.6848840375238238,7.770131168754778,5.13499205929063,18.2,24.67,0.025615738309617428,676.0,4900,7.0756000000000006,1030225,368.46999999999997,61.41166666666666,-5.329999999999998,-1.3299999999999983,1.1999999999999993
78,119.1,13.0,95.0,40.0,56.0,75,0.5,1014,65,27.2,3.2,3.0,2023,3,16,13,3,75,11,-0.2588190451025208,-0.9659258262890683,1.0,6.123233995736766e-17,0.43388373911755823,-0.900968867902419,1,1,0,27.67,33.0,33.0,29.0,38.0,77.0,28.55666666666667,4.0730373596777945,33.0,25.0,29.445000000000004,3.1170739484329455,33.0,25.0,30.305833333333336,3.9347691588359828,39.0,25.0,39.98625,14.021760049698086,73.0,25.0,26.0,23.6,21.0,70.0,82.0,95.0,2.66,2.0,2.0,1015.0,1017.0,1015.0,1768.0,195.0,81.6,37.5,0.6249843753906152,9.160833782016768,7.30713022075225,17.68,25.7,0.02682443113961426,739.8399999999999,4225,9.0,1028196,348.1,58.01666666666667,-2.6700000000000017,-8.0,1.1999999999999993
102,112.6,12.7,99.0,45.0,49.7,83,0.75,1013,63,27.2,2.5,3.0,2023,3,16,14,3,75,11,-0.4999999999999997,-0.8660254037844388,1.0,6.123233995736766e-17,0.43388373911755823,-0.900968867902419,1,1,0,25.0,27.67,33.0,29.0,39.0,71.0,29.55666666666667,5.737563362031928,36.0,25.0,30.611666666666668,4.078825402817095,36.0,25.0,30.055833333333336,3.389710253997247,36.0,25.0,38.52791666666666,12.379892876957078,73.0,25.0,27.2,24.8,21.9,65.0,76.0,90.0,3.0,2.33,2.0,1014.0,1016.0,1016.0,1713.6,189.0,81.6,62.25,0.7999822226172753,8.865443665853084,7.79466183765058,17.136,25.7,0.02685091130216061,739.8399999999999,3969,9.0,1026169,355.0,59.166666666666664,11.0,3.0,0.0
95,106.2,12.3,103.0,41.3,43.3,91,0.0,1013,61,27.2,1.8,3.0,2023,3,16,15,3,75,11,-0.7071067811865471,-0.7071067811865479,1.0,6.123233995736766e-17,0.43388373911755823,-0.900968867902419,1,1,0,36.0,25.0,27.67,29.0,35.0,68.0,31.333333333333332,5.686240703077142,36.0,25.0,31.278333333333336,4.089598594809282,36.0,25.0,29.889166666666668,3.166321233151906,36.0,25.0,37.069583333333334,10.705408417433834,73.0,25.0,27.2,26.0,22.7,63.0,70.0,86.0,3.0,2.66,2.0,1013.0,1015.0,1016.0,1659.2,183.0,81.6,0.0,0.7990121304568898,8.633444435411755,8.373302983497277,16.592,25.7,0.02685091130216061,739.8399999999999,3721,9.0,1026169,339.1,56.51666666666667,-3.0,5.329999999999998,0.0
63,99.8,12.0,107.0,29.0,37.0,100,0.25,1012,59,27.2,1.5,3.0,2023,3,16,16,3,75,11,-0.8660254037844385,-0.5000000000000004,1.0,6.123233995736766e-17,0.43388373911755823,-0.900968867902419,1,1,0,33.0,36.0,25.0,33.0,29.0,73.0,29.0,9.64365076099284,36.0,18.0,28.778333333333336,6.625316344648458,36.0,18.0,28.9725,4.67838185895243,36.0,18.0,34.77791666666666,8.294957074170078,51.0,18.0,27.2,27.2,23.6,61.0,65.0,82.0,3.0,3.0,2.0,1013.0,1014.0,1017.0,1604.8,177.0,81.6,25.0,0.6206682528188683,8.315973668860929,8.915923673027248,16.048,25.7,0.026877443796992296,739.8399999999999,3481,9.0,1024144,302.8,50.46666666666667,-15.0,-7.0,0.0
60,117.3,23.7,86.3,26.3,41.7,79,0.5,1012,65,26.4,1.3,3.33,2023,3,16,17,3,75,11,-0.9659258262890683,-0.25881904510252063,1.0,6.123233995736766e-17,0.43388373911755823,-0.900968867902419,1,1,0,18.0,33.0,36.0,33.0,28.0,51.0,22.55666666666667,9.068607022764342,33.0,16.67,26.05666666666667,7.795107867545256,36.0,16.67,28.028333333333336,5.881157637022532,36.0,16.67,33.347500000000004,8.335830596835322,51.0,16.67,27.2,27.2,24.8,59.0,63.0,76.0,3.0,3.0,2.33,1012.0,1013.0,1016.0,1716.0,216.45000000000002,87.91199999999999,39.5,0.6338162047070454,4.9491582633644144,3.64119657398422,17.16,24.735,0.02608693074413958,696.9599999999999,4225,11.0889,1024144,311.97,51.995000000000005,-1.3299999999999983,-19.33,-0.8000000000000007
57,134.8,35.3,65.7,23.7,46.3,58,0.75,1012,71,25.5,1.2,3.66,2023,3,16,18,3,75,11,-1.0,-1.8369701987210297e-16,1.0,6.123233995736766e-17,0.43388373911755823,-0.900968867902419,1,2,0,16.67,18.0,33.0,27.67,27.0,51.0,16.666666666666668,1.3350031210938769,18.0,15.33,24.000000000000004,8.8419206058412,36.0,15.33,27.055833333333336,6.936787910491767,36.0,15.33,31.86125,8.230866250835088,49.0,15.33,26.4,27.2,26.0,65.0,61.0,70.0,3.33,3.0,2.66,1012.0,1013.0,1015.0,1810.5,259.86,93.33,43.5,0.6468081515547867,3.8185887085351697,1.8611370782697378,18.105,23.67,0.025197603559680277,650.25,5041,13.395600000000002,1024144,321.13,53.52166666666667,-1.3400000000000016,-17.67,-0.8999999999999986
54,152.3,47.0,45.0,21.0,51.0,37,0.5,1012,77,24.7,0.0,4.0,2023,3,16,19,3,75,11,-0.9659258262890684,0.2588190451025203,1.0,6.123233995736766e-17,0.43388373911755823,-0.900968867902419,1,2,0,15.33,16.67,18.0,25.0,29.0,49.0,15.333333333333334,1.3350031210938518,16.67,14.0,22.166666666666668,9.69258617019554,36.0,14.0,25.805833333333336,7.846448482458284,36.0,14.0,30.402916666666666,8.162561660552685,43.0,14.0,25.5,27.2,27.2,71.0,59.0,65.0,3.66,3.0,3.0,1012.0,1012.0,1014.0,1901.8999999999999,308.0,98.8,18.5,0.6666349221465644,3.2403565881576992,0.9574264377353674,19.019,22.7,0.024407090506827562,610.0899999999999,5929,16.0,1024144,330.3,55.050000000000004,-1.33,-4.0,-0.8000000000000007
54,157.2,46.0,39.3,20.7,54.3,44,0.5,1013,81,24.0,0.0,3.66,2023,3,16,20,3,75,11,-0.8660254037844386,0.5000000000000001,1.0,6.123233995736766e-17,0.43388373911755823,-0.900968867902419,1,2,0,14.0,15.33,16.67,36.0,29.0,43.0,14.333333333333334,0.8787680771001364,15.33,13.67,18.445,7.313802704475906,33.0,13.67,24.528333333333336,8.499871478528847,36.0,13.67,29.180833333333336,8.387078009428416,43.0,13.67,24.7,26.4,27.2,77.0,65.0,63.0,4.0,3.33,3.0,1012.0,1012.0,1013.0,1944.0,296.46000000000004,87.84,22.0,0.6603545722428869,3.4173170148475034,0.8543292537118758,19.44,22.17,0.02369198056072995,576.0,6561,13.395600000000002,1026169,331.17,55.195,-0.33000000000000007,-3.0000000000000018,-0.6999999999999993
53,162.0,45.0,33.7,20.3,57.7,51,0.5,1013,85,23.4,0.0,3.33,2023,3,16,21,3,75,11,-0.7071067811865477,0.7071067811865474,1.0,6.123233995736766e-17,0.43388373911755823,-0.900968867902419,1,2,0,13.67,14.0,15.33,33.0,29.0,38.0,13.666666666666666,0.33501243757543836,14.0,13.33,15.166666666666666,1.8595124809115067,18.0,13.33,23.2225,8.942596862005832,36.0,13.33,28.152916666666666,8.762576789549952,43.0,13.33,24.0,25.5,27.2,81.0,71.0,61.0,3.66,3.66,3.0,1013.0,1012.0,1013.0,1988.9999999999998,283.05,77.922,25.5,0.6566179005960296,3.5999200017777384,0.7488722472833939,19.889999999999997,21.735,0.0230996810467117,547.56,7225,11.0889,1026169,332.03,55.33833333333333,-0.33999999999999986,-2.0,-0.6000000000000014
52,166.9,44.0,28.0,20.0,61.0,58,0.0,1014,90,22.7,0.0,3.0,2023,3,16,22,3,75,11,-0.5000000000000004,0.8660254037844384,1.0,6.123233995736766e-17,0.43388373911755823,-0.900968867902419,1,3,0,13.33,13.67,14.0,18.0,33.0,35.0,13.333333333333334,0.3350124375754134,13.67,13.0,14.333333333333334,1.3992093005214223,16.67,13.0,21.555833333333336,8.817529501801754,36.0,13.0,27.23625,9.157000084278927,43.0,13.0,23.4,24.7,27.2,85.0,77.0,59.0,3.33,4.0,3.0,1013.0,1012.0,1012.0,2043.0,270.0,68.1,0.0,0.6499675016249187,3.793095611463376,0.6363491738824117,20.43,21.2,0.022386565693722195,515.29,8100,9.0,1028196,332.9,55.48333333333333,-0.33000000000000007,-1.0,-0.6999999999999993
54,154.1,38.3,31.0,21.3,60.0,65,0.0,1014,90,22.5,0.0,3.0,2023,3,16,23,3,75,11,-0.25881904510252157,0.9659258262890681,1.0,6.123233995736766e-17,0.43388373911755823,-0.900968867902419,1,3,0,13.0,13.33,13.67,16.67,33.0,43.0,13.443333333333333,0.5095422782559129,14.0,13.0,13.888333333333334,0.8064593397472914,15.33,13.0,19.9725,8.264246239620622,36.0,13.0,26.027916666666666,8.896080709658593,39.0,13.0,22.7,24.0,26.4,90.0,81.0,65.0,3.0,3.66,3.33,1014.0,1013.0,1012.0,2025.0,270.0,67.5,0.0,0.6572461386789352,4.023393645074542,0.8093783452129188,20.25,21.0,0.022189327229460327,506.25,8100,9.0,1028196,318.7,53.11666666666667,1.0,0.33000000000000007,-0.1999999999999993
56,141.2,32.7,34.0,22.7,59.0,72,0.0,1013,90,22.2,0.0,3.0,2023,3,17,0,4,76,11,0.0,1.0,1.0,6.123233995736766e-17,-0.433883739117558,-0.9009688679024191,1,3,0,14.0,13.0,13.33,15.33,27.67,36.0,14.0,0.9999999999984612,15.0,13.0,13.833333333333334,0.6915393457104491,15.0,13.0,18.916666666666668,7.996432537908761,36.0,13.0,25.152916666666666,8.90535573059336,39.0,13.0,22.5,23.4,25.5,90.0,85.0,71.0,3.0,3.33,3.66,1014.0,1013.0,1012.0,1998.0,270.0,66.6,0.0,0.6607638430025109,4.317910767254824,1.039723555854561,19.98,20.7,0.021915082018675203,492.84,8100,9.0,1026169,304.59999999999997,50.76666666666666,1.0,1.67,-0.3000000000000007
59,128.4,27.0,37.0,24.0,58.0,79,0.0,1013,90,22.0,0.0,3.0,2023,3,17,1,4,76,11,0.25881904510252074,0.9659258262890683,1.0,6.123233995736766e-17,-0.433883739117558,-0.9009688679024191,1,3,0,15.0,14.0,13.0,14.0,25.0,38.0,15.0,0.9999999999984879,16.0,14.0,14.166666666666666,1.130586868252786,16.0,13.0,18.166666666666668,7.793483680535967,36.0,13.0,24.23625,8.654189642570325,39.0,13.0,22.2,22.7,24.7,90.0,90.0,77.0,3.0,3.0,4.0,1013.0,1014.0,1012.0,1980.0,270.0,66.0,0.0,0.666638890046248,4.755379430391467,1.3703196177919337,19.8,20.5,0.021717648847335787,484.0,8100,9.0,1026169,290.4,48.4,1.0,3.0,-0.1999999999999993
61,121.4,22.7,39.7,25.3,56.3,86,0.0,1012,91,22.0,0.0,2.66,2023,3,17,2,4,76,11,0.49999999999999994,0.8660254037844387,1.0,6.123233995736766e-17,-0.433883739117558,-0.9009688679024191,1,3,0,16.0,15.0,14.0,13.67,36.0,39.0,16.0,0.9999999999985145,17.0,15.0,14.721666666666666,1.5699734604972315,17.0,13.0,16.583333333333332,5.405151302790059,33.0,13.0,23.31958333333333,8.174225919563536,36.0,13.0,22.0,22.5,24.0,90.0,90.0,81.0,3.0,3.0,3.66,1013.0,1014.0,1013.0,2002.0,242.06,58.52,0.0,0.671910201177819,5.347782036033655,1.7488216378133123,20.02,20.67,0.021739108953449653,484.0,8281,7.0756000000000006,1024144,282.40000000000003,47.06666666666667,1.0,3.0,0.0
63,114.4,18.3,42.3,26.7,54.7,93,0.0,1012,92,22.1,0.0,2.33,2023,3,17,3,4,76,11,0.7071067811865476,0.7071067811865476,1.0,6.123233995736766e-17,-0.433883739117558,-0.9009688679024191,1,3,0,17.0,16.0,15.0,13.33,33.0,35.0,17.0,0.999999999998542,18.0,16.0,15.5,1.8708286933867033,18.0,13.0,15.333333333333334,1.7868780969405007,18.0,13.0,22.61125,7.848116535333833,36.0,13.0,22.0,22.2,23.4,91.0,90.0,85.0,2.66,3.0,3.33,1012.0,1013.0,1013.0,2033.2,214.36,51.493,0.0,0.6741320549792142,6.25102453417846,2.311349106606196,20.332,20.935000000000002,0.021837923085056242,488.4100000000001,8464,5.4289000000000005,1024144,274.4,45.73333333333333,1.0,3.0,0.10000000000000142
65,107.4,14.0,45.0,28.0,53.0,100,0.0,1012,93,22.1,0.0,2.0,2023,3,17,4,4,76,11,0.8660254037844386,0.5000000000000001,1.0,6.123233995736766e-17,-0.433883739117558,-0.9009688679024191,1,3,0,18.0,17.0,16.0,13.0,18.0,29.0,18.0,0.9999999999985696,19.0,17.0,16.5,1.870828693386708,19.0,14.0,15.416666666666666,1.9393594693886769,19.0,13.0,22.19458333333333,7.759134296829663,36.0,13.0,22.1,22.0,22.7,92.0,90.0,90.0,2.33,3.0,3.0,1012.0,1013.0,1014.0,2055.3,186.0,44.2,0.0,0.6785471947430448,7.670880651382045,3.2140561388472255,20.553,21.1,0.021837923085056242,488.4100000000001,8649,4.0,1024144,266.4,44.4,1.0,3.0,0.0
73,114.8,16.3,42.7,33.3,54.7,100,0.25,1012,93,22.3,0.0,2.0,2023,3,17,5,4,76,11,0.9659258262890683,0.25881904510252074,1.0,6.123233995736766e-17,-0.433883739117558,-0.9009688679024191,1,3,0,19.0,18.0,17.0,14.0,16.67,28.0,19.89,2.458922528262582,22.67,18.0,17.945,2.7125910122978443,22.67,15.0,15.916666666666666,2.8510327740628125,22.67,13.0,21.9725,7.661408798818607,36.0,13.0,22.1,22.0,22.5,93.0,91.0,90.0,2.0,2.66,3.0,1012.0,1012.0,1014.0,2073.9,186.0,44.6,25.0,0.6807603375274017,7.0425127292804115,2.619471198086007,20.739,21.3,0.02203555134826942,497.29,8649,4.0,1024144,284.47,47.41166666666667,3.6700000000000017,5.670000000000002,0.1999999999999993
81,122.2,18.7,40.3,38.7,56.3,100,0.5,1013,92,22.4,0.0,2.0,2023,3,17,6,4,76,11,1.0,6.123233995736766e-17,1.0,6.123233995736766e-17,-0.433883739117558,-0.9009688679024191,1,0,0,22.67,19.0,18.0,15.0,15.33,27.0,22.666666666666668,3.6650011368798685,26.33,19.0,19.833333333333332,3.9250766446867935,26.33,16.0,16.833333333333332,4.1277582146705685,26.33,13.0,21.94458333333333,7.64349281595415,36.0,13.0,22.3,22.1,22.2,93.0,92.0,90.0,2.0,2.33,3.0,1012.0,1012.0,1013.0,2060.7999999999997,184.0,44.8,50.0,0.6803441771530451,6.534409924602962,2.1549649751350195,20.607999999999997,21.4,0.022112515190014618,501.75999999999993,8464,4.0,1026169,302.53,50.42166666666666,3.6599999999999966,8.329999999999998,0.09999999999999787
89,129.6,21.0,38.0,44.0,58.0,100,0.0,1014,92,22.6,1.6,2.0,2023,3,17,7,4,76,11,0.9659258262890683,-0.25881904510252063,1.0,6.123233995736766e-17,-0.433883739117558,-0.9009688679024191,1,0,0,26.33,22.67,19.0,16.0,14.0,29.0,26.333333333333332,3.6650011368798974,30.0,22.67,22.166666666666668,5.1581223974103,30.0,17.0,18.166666666666668,5.489016029279706,30.0,13.0,21.98625,7.686232079957187,36.0,13.0,22.4,22.1,22.0,92.0,93.0,90.0,2.0,2.0,3.0,1013.0,1012.0,1013.0,2079.2000000000003,184.0,45.2,0.0,0.6818026863025841,6.171134707871053,1.8094376458263892,20.792,21.6,0.02228794646159126,510.76000000000005,8464,4.0,1028196,320.6,53.43333333333334,3.6700000000000017,11.0,0.20000000000000284
83,124.5,19.7,46.0,40.3,54.7,100,0.0,1014,89,23.1,2.1,2.0,2023,3,17,8,4,76,11,0.8660254037844387,-0.4999999999999998,1.0,6.123233995736766e-17,-0.433883739117558,-0.9009688679024191,1,0,0,30.0,26.33,22.67,17.0,13.67,29.0,27.886666666666667,1.8972699684892074,30.0,26.33,23.888333333333332,4.800247563060244,30.0,18.0,19.305,5.874593216090636,30.0,13.0,21.916666666666668,7.627309438810568,36.0,13.0,22.6,22.3,22.0,92.0,93.0,91.0,2.0,2.0,2.66,1014.0,1012.0,1012.0,2055.9,178.0,46.2,0.0,0.6781469442445597,6.3194761687223995,2.3349068575199228,20.559,22.1,0.022781042622245937,533.61,7921,4.0,1028196,312.53,52.08833333333333,-2.6700000000000017,4.659999999999997,0.5
77,119.4,18.3,54.0,36.7,51.3,100,0.0,1015,86,23.5,2.9,2.0,2023,3,17,9,4,76,11,0.7071067811865476,-0.7071067811865475,1.0,6.123233995736766e-17,-0.433883739117558,-0.9009688679024191,1,0,0,27.33,30.0,26.33,18.0,13.33,29.0,27.333333333333332,2.6650015634762765,30.0,24.67,25.0,3.84019791156643,30.0,19.0,20.25,5.736530468687023,30.0,13.0,21.73625,7.502667822616713,36.0,13.0,23.1,22.4,22.1,89.0,92.0,92.0,2.0,2.0,2.33,1014.0,1013.0,1012.0,2021.0,172.0,47.0,0.0,0.6721887686984006,6.524233648434511,2.9506584339653568,20.21,22.5,0.023152686549077293,552.25,7396,4.0,1030225,304.37000000000006,50.728333333333346,-2.6599999999999966,-1.6599999999999966,0.3999999999999986
72,114.4,17.0,62.0,33.0,48.0,100,0.0,1015,84,24.0,2.6,2.0,2023,3,17,10,4,76,11,0.49999999999999994,-0.8660254037844387,1.0,6.123233995736766e-17,-0.433883739117558,-0.9009688679024191,1,0,0,24.67,27.33,30.0,19.0,13.0,33.0,24.666666666666668,2.6650015634762476,27.33,22.0,25.5,3.007843081013234,30.0,22.0,21.0,5.272015312433969,30.0,14.0,21.277916666666666,7.1103916477269005,36.0,13.0,23.5,22.6,22.1,86.0,92.0,93.0,2.0,2.0,2.0,1015.0,1014.0,1012.0,2016.0,168.0,48.0,0.0,0.6666464652586286,6.729015940238809,3.6468443032762776,20.16,23.0,0.02364529690118532,576.0,7056,4.0,1030225,296.4,49.4,-2.6700000000000017,-8.0,0.5
78,116.3,16.3,69.7,37.3,49.7,100,0.0,1015,82,24.2,3.2,2.0,2023,3,17,11,4,76,11,0.258819045102521,-0.9659258262890682,1.0,6.123233995736766e-17,-0.433883739117558,-0.9009688679024191,1,0,0,22.0,24.67,27.33,22.67,14.0,33.0,23.89,1.645083584501854,25.0,22.0,25.888333333333332,2.704510430127024,30.0,22.0,21.916666666666668,4.8864587164808455,30.0,15.0,20.944583333333334,6.71340772611853,36.0,13.0,24.0,23.1,22.3,84.0,89.0,93.0,2.0,2.0,2.0,1015.0,1014.0,1012.0,1984.3999999999999,164.0,48.4,0.0,0.6702233184096942,7.134531623826758,4.2758112999202496,19.843999999999998,23.2,0.02384234104202853,585.64,6724,4.0,1030225,314.3,52.38333333333333,3.0,-2.3299999999999983,0.1999999999999993
85,118.3,15.7,77.3,41.7,51.3,100,0.0,1014,80,24.5,3.3,2.0,2023,3,17,12,4,76,11,1.2246467991473532e-16,-1.0,1.0,6.123233995736766e-17,-0.433883739117558,-0.9009688679024191,1,1,0,25.0,22.0,24.67,26.33,15.0,27.67,25.0,2.9999999999995883,28.0,22.0,26.166666666666668,2.8415183734521,30.0,22.0,23.0,4.648906029671948,30.0,16.0,20.958333333333332,6.728103076982343,36.0,13.0,24.2,23.5,22.4,82.0,86.0,92.0,2.0,2.0,2.0,1015.0,1015.0,1013.0,1960.0,160.0,49.0,0.0,0.6714467278962135,7.53455193936692,4.92325329596841,19.6,23.5,0.024161711872079022,600.25,6400,4.0,1028196,332.3,55.38333333333333,3.0,3.3299999999999983,0.3000000000000007
91,120.2,15.0,85.0,46.0,53.0,100,0.5,1013,77,24.7,3.1,2.0,2023,3,17,13,4,76,11,-0.2588190451025208,-0.9659258262890683,1.0,6.123233995736766e-17,-0.433883739117558,-0.9009688679024191,1,1,0,28.0,25.0,22.0,30.0,16.0,25.0,28.0,2.999999999999616,31.0,25.0,26.333333333333332,3.126375963742345,31.0,22.0,24.25,4.612094771555674,31.0,17.0,21.208333333333332,6.991142014483268,36.0,13.0,24.5,24.0,22.6,80.0,84.0,92.0,2.0,2.0,2.0,1014.0,1015.0,1014.0,1901.8999999999999,154.0,49.4,50.0,0.6738983935131845,8.012799146723552,5.666288914072395,19.019,23.7,0.02438299666041791,610.0899999999999,5929,4.0,1026169,350.2,58.36666666666667,3.0,9.0,0.1999999999999993
90,119.4,15.3,87.0,45.7,51.7,100,1.0,1012,75,25.2,2.6,2.0,2023,3,17,14,4,76,11,-0.4999999999999997,-0.8660254037844388,1.0,6.123233995736766e-17,-0.433883739117558,-0.9009688679024191,1,1,0,31.0,28.0,25.0,27.33,17.0,36.0,29.89,1.6450835845019547,31.0,28.0,26.890000000000004,3.6006999319575668,31.0,22.0,25.389166666666664,4.338695778756462,31.0,18.0,20.98625,6.572986755753496,33.0,13.0,24.7,24.2,23.1,77.0,82.0,89.0,2.0,2.0,2.0,1013.0,1015.0,1014.0,1890.0,150.0,50.4,100.0,0.671101288812061,7.803411541729299,5.685902882164564,18.9,24.2,0.02490116116486051,635.04,5625,4.0,1024144,349.77000000000004,58.29500000000001,-0.3299999999999983,5.670000000000002,0.5
90,118.7,15.7,89.0,45.3,50.3,100,0.5,1011,72,25.7,1.8,2.0,2023,3,17,15,4,76,11,-0.7071067811865471,-0.7071067811865479,1.0,6.123233995736766e-17,-0.433883739117558,-0.9009688679024191,1,1,0,30.67,31.0,28.0,24.67,18.0,33.0,30.666666666666668,0.3350124375768377,31.0,30.33,27.833333333333332,3.6439301127581896,31.0,22.0,26.416666666666668,3.863701318526192,31.0,19.0,20.875,6.38058876934447,31.0,13.0,25.2,24.5,23.5,75.0,80.0,86.0,2.0,2.0,2.0,1012.0,1014.0,1015.0,1850.3999999999999,144.0,51.4,50.0,0.6695216441138165,7.560028023692759,5.668428762499205,18.503999999999998,24.7,0.025420350721710464,660.49,5184,4.0,1022121,349.33,58.221666666666664,-0.3400000000000034,2.3299999999999983,0.5
89,117.9,16.0,91.0,45.0,49.0,100,0.75,1010,69,26.2,1.4,2.0,2023,3,17,16,4,76,11,-0.8660254037844385,-0.5000000000000004,1.0,6.123233995736766e-17,-0.433883739117558,-0.9009688679024191,1,1,0,30.33,30.67,31.0,22.0,19.0,18.0,30.333333333333332,0.33501243757680893,30.67,30.0,29.166666666666668,2.297439154072625,31.0,25.0,27.333333333333332,3.1903272369431157,31.0,22.0,21.375,6.611498547491692,31.0,13.0,25.7,24.7,24.0,72.0,77.0,84.0,2.0,2.0,2.0,1011.0,1013.0,1015.0,1807.8,138.0,52.4,75.0,0.6666518521810627,7.3682894819073805,5.687144553465408,18.078,25.2,0.025940568375674874,686.4399999999999,4761,4.0,1020100,348.9,58.15,-0.3299999999999983,-1.0,0.5
84,128.0,26.0,69.7,41.3,50.3,100,1.0,1011,73,25.6,1.6,2.33,2023,3,17,17,4,76,11,-0.9659258262890683,-0.25881904510252063,1.0,6.123233995736766e-17,-0.433883739117558,-0.9009688679024191,1,1,0,30.0,30.33,30.67,25.0,22.67,16.67,29.333333333333332,1.44990804306035,30.33,27.67,29.611666666666668,1.419991784013537,31.0,27.67,27.75,2.8323360098548545,31.0,22.0,21.833333333333332,6.6523037308546495,31.0,13.0,26.2,25.2,24.2,69.0,75.0,82.0,2.0,2.0,2.0,1010.0,1012.0,1015.0,1868.8000000000002,170.09,59.648,100.0,0.6699595651437013,4.922887581246875,2.6806661282258375,18.688000000000002,24.435000000000002,0.02532143885119797,655.3600000000001,5329,5.4289000000000005,1022121,342.97,57.16166666666667,-2.3299999999999983,-3.0,-0.5999999999999979
79,138.1,36.0,48.3,37.7,51.7,100,1.0,1011,77,25.1,1.4,2.66,2023,3,17,18,4,76,11,-1.0,-1.8369701987210297e-16,1.0,6.123233995736766e-17,-0.433883739117558,-0.9009688679024191,1,2,0,27.67,30.0,30.33,28.0,26.33,15.33,27.666666666666668,2.3350017844385054,30.0,25.33,29.166666666666668,2.219411333364309,31.0,25.33,27.666666666666668,2.891996269747882,31.0,22.0,22.25,6.539475447651839,31.0,13.0,25.6,25.7,24.5,73.0,72.0,80.0,2.33,2.0,2.0,1011.0,1011.0,1014.0,1932.7,204.82000000000002,66.766,100.0,0.6718654677594759,3.836004555429016,1.341629399183356,19.327,23.770000000000003,0.024826879498635514,630.0100000000001,5929,7.0756000000000006,1022121,337.12999999999994,56.188333333333325,-2.3400000000000034,-5.0,-0.5
74,148.2,46.0,27.0,34.0,53.0,100,0.25,1012,81,24.5,0.0,3.0,2023,3,17,19,4,76,11,-0.9659258262890684,0.2588190451025203,1.0,6.123233995736766e-17,-0.433883739117558,-0.9009688679024191,1,2,0,25.33,27.67,30.0,31.0,30.0,14.0,25.333333333333332,2.335001784438477,27.67,23.0,27.833333333333332,3.118619352640831,30.67,23.0,27.083333333333332,3.0785189276455633,31.0,22.0,22.625,6.299461674723545,31.0,13.0,25.1,26.2,24.7,77.0,69.0,77.0,2.66,2.0,2.0,1011.0,1010.0,1013.0,1984.5,243.0,73.5,25.0,0.6764506926266874,3.221669094150127,0.5869437620921285,19.845,23.0,0.024209462243614383,600.25,6561,9.0,1024144,331.2,55.199999999999996,-2.3299999999999983,-7.0,-0.6000000000000014
72,152.1,45.3,24.3,32.7,57.3,100,1.0,1012,83,24.2,0.0,3.0,2023,3,17,20,4,76,11,-0.8660254037844386,0.5000000000000001,1.0,6.123233995736766e-17,-0.433883739117558,-0.9009688679024191,1,2,0,23.0,25.33,27.67,30.67,27.33,13.67,23.44333333333333,1.7086934579762272,25.33,22.0,26.388333333333332,3.5236879354826365,30.33,22.0,26.639166666666668,3.406705842447051,31.0,22.0,22.972083333333334,6.00731943343857,31.0,13.0,24.5,25.6,25.2,81.0,73.0,75.0,3.0,2.33,2.0,1012.0,1011.0,1012.0,2008.6,249.0,72.6,100.0,0.6727623008470689,3.357541776119733,0.5364119997351052,20.086,22.7,0.023913019848794615,585.64,6889,9.0,1024144,333.7,55.61666666666667,-1.0,-5.670000000000002,-0.3000000000000007
69,156.0,44.7,21.7,31.3,61.7,100,0.75,1013,86,23.8,0.0,3.0,2023,3,17,21,4,76,11,-0.7071067811865477,0.7071067811865474,1.0,6.123233995736766e-17,-0.433883739117558,-0.9009688679024191,1,2,0,22.0,23.0,25.33,30.33,24.67,13.33,22.0,0.9999999999986728,23.0,21.0,24.833333333333332,3.4948857873564134,30.0,21.0,26.333333333333332,3.7472689044712815,31.0,21.0,23.291666666666668,5.666413378824079,31.0,13.0,24.2,25.1,25.7,83.0,77.0,72.0,3.0,2.66,2.0,1012.0,1011.0,1011.0,2046.8,258.0,71.4,75.0,0.6709050829046995,3.4898548130914295,0.48544775284669245,20.468,22.3,0.023494547389390535,566.44,7396,9.0,1026169,336.4,56.06666666666666,-1.0,-4.329999999999998,-0.3999999999999986
67,159.9,44.0,19.0,30.0,66.0,100,0.0,1014,89,23.5,0.0,3.0,2023,3,17,22,4,76,11,-0.5000000000000004,0.8660254037844384,1.0,6.123233995736766e-17,-0.433883739117558,-0.9009688679024191,1,3,0,21.0,22.0,23.0,30.0,22.0,13.0,21.0,0.9999999999986453,22.0,20.0,23.166666666666668,2.8660472198946447,27.67,20.0,26.166666666666668,3.9938847193563687,31.0,20.0,23.583333333333332,5.2806642094304745,31.0,14.0,23.8,24.5,26.2,86.0,81.0,69.0,3.0,3.0,2.0,1013.0,1012.0,1010.0,2091.5,267.0,70.5,0.0,0.6666444451851604,3.634008317992773,0.4318083679916366,20.915,22.0,0.023175519550769675,552.25,7921,9.0,1028196,338.9,56.48333333333333,-1.0,-3.0,-0.3000000000000007
69,150.2,39.7,22.0,31.3,66.7,100,0.0,1013,89,23.2,0.0,3.0,2023,3,17,23,4,76,11,-0.25881904510252157,0.9659258262890681,1.0,6.123233995736766e-17,-0.433883739117558,-0.9009688679024191,1,3,0,20.0,21.0,22.0,27.67,25.0,14.0,20.666666666666668,0.577350269187264,21.0,20.0,22.054999999999996,1.9010917915763894,25.33,20.0,25.833333333333332,4.258278212297367,31.0,20.0,23.875,4.908538257576618,31.0,15.0,23.5,24.2,25.6,89.0,83.0,73.0,3.0,3.0,2.33,1014.0,1012.0,1011.0,2064.7999999999997,267.0,69.6,0.0,0.6709050829046995,3.783280018135563,0.5541422130424927,20.647999999999996,21.7,0.022902247875372286,538.24,7921,9.0,1026169,330.9,55.15,1.0,-1.0,-0.3000000000000007
72,140.5,35.3,25.0,32.7,67.3,100,0.0,1012,90,23.0,0.0,3.0,2023,3,18,0,5,77,11,0.0,1.0,1.0,6.123233995736766e-17,-0.9749279121818236,-0.2225209339563146,1,3,1,21.0,20.0,21.0,25.33,28.0,15.0,21.0,0.9999999999986453,22.0,20.0,21.5,1.0488088481697295,23.0,20.0,25.333333333333332,4.3323546680402405,31.0,20.0,24.166666666666668,4.553376832606375,31.0,16.0,23.2,23.8,25.1,89.0,86.0,77.0,3.0,3.0,2.66,1013.0,1013.0,1011.0,2070.0,270.0,69.0,0.0,0.6727623008470689,3.98005722217501,0.7081952352624573,20.7,21.5,0.022727250269515546,529.0,8100,9.0,1024144,322.8,53.800000000000004,1.0,1.0,-0.1999999999999993
74,130.7,31.0,28.0,34.0,68.0,100,0.0,1012,91,22.7,0.0,3.0,2023,3,18,1,5,77,11,0.25881904510252074,0.9659258262890683,1.0,6.123233995736766e-17,-0.9749279121818236,-0.2225209339563146,1,3,1,22.0,21.0,20.0,23.0,31.0,16.0,22.0,0.9999999999986728,23.0,21.0,21.5,1.0488088481697295,23.0,20.0,24.666666666666668,3.9824874212731807,30.67,20.0,24.458333333333332,4.219465932275018,31.0,17.0,23.0,23.5,24.5,90.0,89.0,81.0,3.0,3.0,3.0,1012.0,1014.0,1012.0,2065.7,273.0,68.1,0.0,0.6764506926266874,4.215993032482823,0.9031966710751266,20.656999999999996,21.2,0.022430807874695775,515.29,8281,9.0,1024144,314.7,52.449999999999996,1.0,3.0,-0.3000000000000007
77,127.0,27.3,29.7,36.3,68.3,100,0.0,1012,91,22.7,0.0,2.66,2023,3,18,2,5,77,11,0.49999999999999994,0.8660254037844387,1.0,6.123233995736766e-17,-0.9749279121818236,-0.2225209339563146,1,3,1,23.0,22.0,21.0,22.0,30.67,17.0,23.223333333333333,1.3489378537689385,24.67,22.0,21.945000000000004,1.6799255935901232,24.67,20.0,24.166666666666668,3.508719873616041,30.33,20.0,24.777916666666666,3.9090552390987154,31.0,18.0,22.7,23.2,24.2,91.0,89.0,83.0,3.0,3.0,3.0,1012.0,1013.0,1012.0,2065.7,242.06,60.382,0.0,0.679595603426903,4.651844254789202,1.0878722391121203,20.656999999999996,21.369999999999997,0.022430807874695775,515.29,8281,7.0756000000000006,1024144,313.27000000000004,52.21166666666667,1.6700000000000017,3.6700000000000017,0.0
81,123.3,23.7,31.3,38.7,68.7,100,0.5,1011,91,22.6,0.0,2.33,2023,3,18,3,5,77,11,0.7071067811865476,0.7071067811865476,1.0,6.123233995736766e-17,-0.9749279121818236,-0.2225209339563146,1,3,1,24.67,23.0,22.0,21.0,30.33,18.0,24.666666666666668,1.6650025024998696,26.33,23.0,22.833333333333332,2.354193421676693,26.33,20.0,23.833333333333332,3.0268835858713223,30.0,20.0,25.125,3.641750654025232,31.0,19.0,22.7,23.0,23.8,91.0,90.0,86.0,2.66,3.0,3.0,1012.0,1012.0,1013.0,2056.6,212.03,52.65800000000001,50.0,0.6803441771530451,5.202312138728323,1.3206193831483903,20.566,21.435000000000002,0.022354082735823212,510.76000000000005,8281,5.4289000000000005,1022121,312.03,52.004999999999995,1.6599999999999966,4.329999999999998,-0.09999999999999787
85,119.6,20.0,33.0,41.0,69.0,100,0.5,1011,91,22.6,0.0,2.0,2023,3,18,4,5,77,11,0.8660254037844386,0.5000000000000001,1.0,6.123233995736766e-17,-0.9749279121818236,-0.2225209339563146,1,3,1,26.33,24.67,23.0,20.0,30.0,19.0,26.333333333333332,1.6650025024998985,28.0,24.67,24.166666666666668,2.6724944652264218,28.0,21.0,23.666666666666668,2.6931270548056796,28.0,20.0,25.5,3.4414923456581463,31.0,20.0,22.6,22.7,23.5,91.0,91.0,89.0,2.33,3.0,3.0,1011.0,1012.0,1014.0,2056.6,182.0,45.2,50.0,0.6829101729226117,5.979701014949252,1.6499175041247938,20.566,21.6,0.022354082735823212,510.76000000000005,8281,4.0,1022121,310.6,51.76666666666667,1.6700000000000017,5.0,0.0
85,123.3,20.7,32.7,41.7,67.7,100,0.5,1012,92,22.5,0.0,2.0,2023,3,18,5,5,77,11,0.9659258262890683,0.25881904510252074,1.0,6.123233995736766e-17,-0.9749279121818236,-0.2225209339563146,1,3,1,28.0,26.33,24.67,21.0,27.67,22.67,27.55333333333333,1.0722095566310708,28.33,26.33,25.388333333333332,2.610053000738854,28.33,22.0,23.721666666666668,2.7874062017090933,28.33,20.0,25.735833333333336,3.4330502556731113,31.0,20.0,22.6,22.7,23.2,91.0,91.0,89.0,2.0,2.66,3.0,1011.0,1012.0,1013.0,2070.0,184.0,45.0,50.0,0.679360207189276,5.956233998357567,1.5796338341142941,20.7,21.5,0.0222331796114826,506.25,8464,4.0,1024144,314.42999999999995,52.404999999999994,0.3299999999999983,3.6599999999999966,-0.10000000000000142
86,127.0,21.3,32.3,42.3,66.3,100,0.5,1012,92,22.3,0.0,2.0,2023,3,18,6,5,77,11,1.0,6.123233995736766e-17,1.0,6.123233995736766e-17,-0.9749279121818236,-0.2225209339563146,1,0,1,28.33,28.0,26.33,22.0,25.33,26.33,28.333333333333332,0.3350124375766387,28.67,28.0,26.5,2.27752497242056,28.67,23.0,24.0,3.1106211013809824,28.67,20.0,25.833333333333332,3.4835160481871195,31.0,20.0,22.5,22.6,23.0,92.0,91.0,90.0,2.0,2.33,3.0,1012.0,1011.0,1012.0,2051.6,184.0,44.6,50.0,0.6777617550412521,5.962161400873198,1.516360734237829,20.516,21.3,0.02203555134826942,497.29,8464,4.0,1024144,317.87000000000006,52.978333333333346,0.3400000000000034,2.3400000000000034,-0.1999999999999993
87,130.7,22.0,32.0,43.0,65.0,100,0.0,1013,93,22.2,1.0,2.0,2023,3,18,7,5,77,11,0.9659258262890683,-0.25881904510252063,1.0,6.123233995736766e-17,-0.9749279121818236,-0.2225209339563146,1,0,1,28.67,28.33,28.0,23.0,23.0,30.0,28.666666666666668,0.3350124375766674,29.0,28.33,27.5,1.669466980805343,29.0,24.67,24.5,3.403682497743815,29.0,20.0,25.791666666666668,3.437183714040343,31.0,20.0,22.3,22.6,22.7,92.0,91.0,91.0,2.0,2.0,3.0,1012.0,1011.0,1012.0,2064.6,186.0,44.4,0.0,0.6744029208623056,5.940639061860824,1.4544793418480977,20.646,21.2,0.021915082018675203,492.84,8649,4.0,1026169,321.7,53.61666666666667,0.3299999999999983,1.0,-0.10000000000000142
81,123.7,20.7,41.0,39.3,62.0,100,0.0,1013,92,22.4,1.0,2.33,2023,3,18,8,5,77,11,0.8660254037844387,-0.4999999999999998,1.0,6.123233995736766e-17,-0.9749279121818236,-0.2225209339563146,1,0,1,29.0,28.67,28.33,24.67,22.0,27.33,28.0,1.455644187292243,29.0,26.33,27.77666666666666,1.1693017859671586,29.0,26.33,24.860833333333332,3.3435431895818413,29.0,20.0,25.75,3.42375969290907,31.0,20.0,22.2,22.5,22.7,93.0,92.0,91.0,2.0,2.0,2.66,1013.0,1012.0,1012.0,2060.7999999999997,214.36,52.192,0.0,0.6699575074425588,5.975556736389547,1.980580648277861,20.607999999999997,21.235,0.022112515190014618,501.75999999999993,8464,5.4289000000000005,1026169,313.03,52.17166666666666,-2.6700000000000017,-2.0,0.1999999999999993
75,116.7,19.3,50.0,35.7,59.0,100,0.0,1014,91,22.5,1.6,2.66,2023,3,18,9,5,77,11,0.7071067811865476,-0.7071067811865475,1.0,6.123233995736766e-17,-0.9749279121818236,-0.2225209339563146,1,0,1,26.33,29.0,28.67,26.33,21.0,24.67,26.333333333333332,2.6650015634762627,29.0,23.67,27.333333333333332,2.0213328935793746,29.0,23.67,25.083333333333332,3.1462830403016886,29.0,20.0,25.708333333333332,3.4435025983631466,31.0,20.0,22.4,22.3,22.6,92.0,92.0,91.0,2.33,2.0,2.33,1013.0,1012.0,1011.0,2047.5,242.06,59.85,0.0,0.6630066384695107,6.046318843583234,2.5905393502927305,20.475,21.17,0.022189327229460327,506.25,8281,7.0756000000000006,1028196,304.37,50.72833333333333,-2.6599999999999966,-5.0,0.10000000000000142
69,109.7,18.0,59.0,32.0,56.0,100,0.0,1015,90,22.7,2.3,3.0,2023,3,18,10,5,77,11,0.49999999999999994,-0.8660254037844387,1.0,6.123233995736766e-17,-0.9749279121818236,-0.2225209339563146,1,0,1,23.67,26.33,29.0,28.0,20.0,22.0,23.666666666666668,2.665001563476234,26.33,21.0,26.166666666666668,3.2226986620945377,29.0,21.0,25.166666666666668,3.0096823551300145,29.0,21.0,25.666666666666668,3.49597491119664,31.0,20.0,22.5,22.2,22.6,91.0,93.0,91.0,2.66,2.0,2.0,1014.0,1013.0,1011.0,2043.0,270.0,68.1,0.0,0.6562294928283492,6.0941058830065,3.2775956891283817,20.43,21.2,0.022364509985704446,515.29,8100,9.0,1030225,295.7,49.28333333333333,-2.6700000000000017,-8.0,0.1999999999999993
75,108.0,17.0,66.3,36.0,55.7,100,0.0,1014,87,23.0,3.0,2.66,2023,3,18,11,5,77,11,0.258819045102521,-0.9659258262890682,1.0,6.123233995736766e-17,-0.9749279121818236,-0.2225209339563146,1,0,1,21.0,23.67,26.33,28.33,21.0,25.0,22.78,1.5415252187354542,23.67,21.0,25.390000000000004,3.157942368061714,29.0,21.0,25.389166666666664,2.762161401159189,29.0,21.0,25.61125,3.517477248776229,31.0,20.0,22.7,22.4,22.5,90.0,92.0,92.0,3.0,2.33,2.0,1015.0,1013.0,1012.0,2001.0,231.42000000000002,61.18000000000001,0.0,0.6574817366184273,6.3525674960296445,3.8997706017293097,20.01,21.67,0.022682423390115,529.0,7569,7.0756000000000006,1028196,306.67,51.11166666666667,2.6700000000000017,-2.6599999999999966,0.3000000000000007
81,106.2,16.0,73.7,40.0,55.3,100,0.0,1013,85,23.2,3.3,2.33,2023,3,18,12,5,77,11,1.2246467991473532e-16,-1.0,1.0,6.123233995736766e-17,-0.9749279121818236,-0.2225209339563146,1,1,1,23.67,21.0,23.67,28.67,22.0,28.0,23.666666666666668,2.665001563476234,26.33,21.0,25.0,2.795553612435148,29.0,21.0,25.75,2.5541623782638725,29.0,21.0,25.541666666666668,3.4845318650927557,31.0,20.0,23.0,22.5,22.3,87.0,91.0,92.0,2.66,2.66,2.0,1014.0,1014.0,1012.0,1972.0,198.05,54.056,0.0,0.658233544161396,6.637085182176114,4.6059621273670395,19.72,22.035,0.022902247875372286,538.24,7225,5.4289000000000005,1026169,317.53000000000003,52.921666666666674,2.6599999999999966,2.6599999999999966,0.1999999999999993
87,104.5,15.0,81.0,44.0,55.0,100,0.0,1012,82,23.5,3.1,2.0,2023,3,18,13,5,77,11,-0.2588190451025208,-0.9659258262890683,1.0,6.123233995736766e-17,-0.9749279121818236,-0.2225209339563146,1,1,1,26.33,23.67,21.0,29.0,23.0,31.0,26.333333333333332,2.6650015634762627,29.0,23.67,25.0,2.795553612435148,29.0,21.0,26.25,2.5541623782638787,29.0,21.0,25.458333333333332,3.3703640193893944,30.67,20.0,23.2,22.7,22.2,85.0,90.0,93.0,2.33,3.0,2.0,1013.0,1015.0,1013.0,1927.0,164.0,47.0,0.0,0.659075930092498,6.966202253183122,5.3996400239984,19.27,22.5,0.02322132092754849,552.25,6724,4.0,1024144,328.5,54.75,2.6700000000000017,8.0,0.3000000000000007
85,103.5,15.7,82.0,43.0,51.7,100,0.25,1011,81,23.7,2.5,2.0,2023,3,18,14,5,77,11,-0.4999999999999997,-0.8660254037844388,1.0,6.123233995736766e-17,-0.9749279121818236,-0.2225209339563146,1,1,1,29.0,26.33,23.67,26.33,24.67,30.67,27.886666666666667,1.389112426454756,29.0,26.33,25.333333333333332,3.089625651541928,29.0,21.0,26.555000000000003,2.566832147359938,29.0,21.0,25.360833333333336,3.2445404533815605,30.33,20.0,23.5,23.0,22.4,82.0,87.0,92.0,2.0,2.66,2.33,1012.0,1014.0,1013.0,1919.7,162.0,47.4,25.0,0.6588218878630729,6.591936819310872,5.222597286797019,19.197,22.7,0.02344211331146062,561.6899999999999,6561,4.0,1022121,324.22999999999996,54.03833333333333,-0.6700000000000017,4.659999999999997,0.1999999999999993
84,102.5,16.3,83.0,42.0,48.3,100,0.25,1010,80,24.0,1.7,2.0,2023,3,18,15,5,77,11,-0.7071067811865471,-0.7071067811865479,1.0,6.123233995736766e-17,-0.9749279121818236,-0.2225209339563146,1,1,1,28.33,29.0,26.33,23.67,26.33,30.33,28.333333333333332,0.6650062656329216,29.0,27.67,26.0,3.0904886345041365,29.0,21.0,26.666666666666668,2.5852354678511564,29.0,21.0,25.25,3.1100594150632617,30.0,20.0,23.7,23.2,22.5,81.0,85.0,91.0,2.0,2.33,2.66,1011.0,1013.0,1014.0,1920.0,160.0,48.0,25.0,0.6587938382419467,6.287957794000367,5.091712164897858,19.2,23.0,0.023762352710541872,576.0,6400,4.0,1020100,319.77000000000004,53.29500000000001,-0.6599999999999966,1.3400000000000034,0.3000000000000007
82,101.5,17.0,84.0,41.0,45.0,100,0.75,1009,78,24.2,1.0,2.0,2023,3,18,16,5,77,11,-0.8660254037844385,-0.5000000000000004,1.0,6.123233995736766e-17,-0.9749279121818236,-0.2225209339563146,1,1,1,27.67,28.33,29.0,21.0,28.0,30.0,27.666666666666668,0.6650062656328927,28.33,27.0,27.0,1.8844415618424672,29.0,23.67,26.583333333333332,2.554281017261937,29.0,21.0,25.125,2.9678846221578494,29.0,20.0,24.0,23.5,22.7,80.0,82.0,90.0,2.0,2.0,3.0,1010.0,1012.0,1015.0,1887.6,156.0,48.4,75.0,0.6585205238896613,5.970237044879712,4.940885830245279,18.875999999999998,23.2,0.0239841189453727,585.64,6084,4.0,1018081,315.5,52.583333333333336,-0.6700000000000017,-2.0,0.1999999999999993
78,113.2,25.7,67.7,38.0,46.7,100,1.0,1009,80,24.0,0.8,2.0,2023,3,18,17,5,77,11,-0.9659258262890683,-0.25881904510252063,1.0,6.123233995736766e-17,-0.9749279121818236,-0.2225209339563146,1,1,1,27.0,27.67,28.33,23.67,28.33,27.67,26.55666666666667,1.3891124264547285,27.67,25.0,27.221666666666664,1.440269650678634,29.0,25.0,26.305833333333336,2.528022793096887,29.0,21.0,25.01375,2.917960592904811,29.0,20.0,24.2,23.7,23.0,78.0,81.0,87.0,2.0,2.0,2.66,1009.0,1011.0,1014.0,1920.0,160.0,48.0,100.0,0.6578774242783085,4.404497879459943,2.6341387494650013,19.2,23.0,0.023785903086320035,576.0,6400,4.0,1018081,316.3,52.71666666666667,-2.0,-3.3299999999999983,-0.1999999999999993
74,124.9,34.3,51.3,35.0,48.3,100,0.5,1010,81,23.8,0.9,2.0,2023,3,18,18,5,77,11,-1.0,-1.8369701987210297e-16,1.0,6.123233995736766e-17,-0.9749279121818236,-0.2225209339563146,1,2,1,25.0,27.0,27.67,26.33,28.67,25.33,25.0,1.99999999999938,27.0,23.0,26.666666666666668,2.260581046250264,29.0,23.0,25.833333333333332,2.575409352574158,29.0,21.0,24.916666666666668,2.945610834514986,29.0,20.0,24.0,24.0,23.2,80.0,80.0,85.0,2.0,2.0,2.33,1009.0,1010.0,1013.0,1927.8,162.0,47.6,50.0,0.6571240821690809,3.6412932567563634,1.49558321914813,19.278,22.8,0.02356433310462069,566.44,6561,4.0,1020100,316.8,52.800000000000004,-2.0,-4.670000000000002,-0.1999999999999993
69,136.6,43.0,35.0,32.0,50.0,100,0.0,1010,82,23.6,0.0,2.0,2023,3,18,19,5,77,11,-0.9659258262890684,0.2588190451025203,1.0,6.123233995736766e-17,-0.9749279121818236,-0.2225209339563146,1,2,1,23.0,25.0,27.0,29.0,29.0,23.0,23.0,1.9999999999993525,25.0,21.0,25.333333333333332,2.8827463757094374,28.33,21.0,25.166666666666668,2.712933110233116,29.0,21.0,24.833333333333332,3.0292941733037546,29.0,20.0,23.8,24.2,23.5,81.0,78.0,82.0,2.0,2.0,2.0,1010.0,1009.0,1012.0,1935.2,164.0,47.2,0.0,0.6562294928283492,3.176670309992791,0.8139345596614033,19.352,22.6,0.02336631349869951,556.96,6724,4.0,1020100,317.6,52.93333333333334,-2.0,-6.0,-0.1999999999999993
68,140.6,43.0,30.7,31.0,56.0,100,0.0,1010,83,23.5,0.0,2.0,2023,3,18,20,5,77,11,-0.8660254037844386,0.5000000000000001,1.0,6.123233995736766e-17,-0.9749279121818236,-0.2225209339563146,1,2,1,21.0,23.0,25.0,28.33,26.33,22.0,21.44333333333333,1.3891124264546262,23.0,20.33,24.0,3.0639125313884534,27.67,20.33,24.666666666666668,3.0151144508141297,29.0,20.33,24.763749999999998,3.1151687964604857,29.0,20.0,23.6,24.0,23.7,82.0,80.0,81.0,2.0,2.0,2.0,1010.0,1009.0,1011.0,1950.5,166.0,47.0,0.0,0.6557852972484758,3.2696914025255226,0.7139368851887166,19.505,22.5,0.023267303695738914,552.25,6889,4.0,1020100,321.63,53.605,-0.6700000000000017,-4.670000000000002,-0.10000000000000142
67,144.7,43.0,26.3,30.0,62.0,100,0.0,1011,83,23.3,0.0,2.0,2023,3,18,21,5,77,11,-0.7071067811865477,0.7071067811865474,1.0,6.123233995736766e-17,-0.9749279121818236,-0.2225209339563146,1,2,1,20.33,21.0,23.0,27.67,23.67,21.0,20.333333333333332,0.6650062656325826,21.0,19.67,22.666666666666668,2.882746375709426,27.0,19.67,24.333333333333332,3.3390263505534046,29.0,19.67,24.708333333333332,3.195820186849216,29.0,19.67,23.5,23.8,24.0,83.0,81.0,80.0,2.0,2.0,2.0,1010.0,1010.0,1010.0,1933.9,166.0,46.6,0.0,0.6556448118396053,3.365038022371573,0.6116136834027116,19.339000000000002,22.3,0.023046465829410653,542.89,6889,4.0,1022121,325.67,54.278333333333336,-0.6599999999999966,-3.3299999999999983,-0.1999999999999993
65,148.8,43.0,22.0,29.0,68.0,100,0.5,1012,84,23.2,0.0,2.0,2023,3,18,22,5,77,11,-0.5000000000000004,0.8660254037844384,1.0,6.123233995736766e-17,-0.9749279121818236,-0.2225209339563146,1,3,1,19.67,20.33,21.0,27.0,21.0,20.0,19.666666666666668,0.6650062656325536,20.33,19.0,21.333333333333332,2.2605810462502336,25.0,19.0,24.166666666666668,3.5629414133752637,29.0,19.0,24.666666666666668,3.265632193495572,29.0,19.0,23.3,23.6,24.2,83.0,82.0,78.0,2.0,2.0,2.0,1011.0,1010.0,1009.0,1948.8,168.0,46.4,50.0,0.6551498224199165,3.4603846422176234,0.5116160089300249,19.488,22.2,0.02292487853272872,538.24,7056,4.0,1024144,329.8,54.96666666666667,-0.6700000000000017,-2.0,-0.10000000000000142
67,145.7,42.0,20.3,29.7,70.7,100,0.25,1011,86,22.9,0.0,2.33,2023,3,18,23,5,77,11,-0.25881904510252157,0.9659258262890681,1.0,6.123233995736766e-17,-0.9749279121818236,-0.2225209339563146,1,3,1,19.0,19.67,20.33,25.0,23.67,21.0,19.44666666666667,0.3868246803534432,19.67,19.0,20.445,1.4239768256538157,23.0,19.0,23.833333333333332,3.7932963197844107,29.0,19.0,24.61125,3.3409752709165423,29.0,19.0,23.2,23.5,24.0,84.0,83.0,80.0,2.0,2.0,2.0,1012.0,1010.0,1009.0,1969.3999999999999,200.38,53.357,25.0,0.662267263728494,3.4689650246422703,0.4833218256708174,19.694,21.735,0.022650818347360685,524.41,7396,5.4289000000000005,1022121,328.07,54.678333333333335,0.6700000000000017,-0.6599999999999966,-0.3000000000000007
68,142.6,41.0,18.7,30.3,73.3,100,0.0,1011,89,22.5,0.0,2.66,2023,3,19,0,6,78,11,0.0,1.0,1.0,6.123233995736766e-17,-0.7818314824680299,0.6234898018587334,1,3,1,19.67,19.0,19.67,23.0,26.33,22.0,19.666666666666668,0.6650062656325536,20.33,19.0,20.0,0.6979398254857712,21.0,19.0,23.333333333333332,3.829550966634804,29.0,19.0,24.541666666666668,3.414310888098214,29.0,19.0,22.9,23.3,23.8,86.0,83.0,81.0,2.33,2.0,2.0,1011.0,1011.0,1010.0,2002.5,236.74,59.85,0.0,0.6709349526418269,3.4779639520987295,0.4560864369161728,20.025,21.17,0.022255170865310717,506.25,7921,7.0756000000000006,1022121,326.23,54.37166666666667,0.6599999999999966,0.6599999999999966,-0.3999999999999986
69,139.5,40.0,17.0,31.0,76.0,100,0.0,1010,92,22.2,0.0,3.0,2023,3,19,1,6,78,11,0.25881904510252074,0.9659258262890683,1.0,6.123233995736766e-17,-0.7818314824680299,0.6234898018587334,1,3,1,20.33,19.67,19.0,21.0,29.0,23.0,20.333333333333332,0.6650062656325826,21.0,19.67,20.0,0.6979398254857712,21.0,19.0,22.666666666666668,3.4287562901090842,28.33,19.0,24.458333333333332,3.4773986612526437,29.0,19.0,22.5,23.2,23.6,89.0,84.0,82.0,2.66,2.0,2.0,1011.0,1012.0,1010.0,2042.3999999999999,276.0,66.6,0.0,0.677397503306345,3.487412814679633,0.42498937526561836,20.424,20.7,0.02198017625725123,492.84,8464,9.0,1020100,324.5,54.083333333333336,0.6700000000000017,2.0,-0.3000000000000007
75,135.0,36.0,18.3,34.7,76.3,100,0.0,1010,92,22.1,0.0,2.33,2023,3,19,2,6,78,11,0.49999999999999994,0.8660254037844387,1.0,6.123233995736766e-17,-0.7818314824680299,0.6234898018587334,1,3,1,21.0,20.33,19.67,20.33,28.33,24.67,21.666666666666668,1.7669842481840854,23.67,20.33,20.55666666666667,1.6695109064231324,23.67,19.0,22.278333333333336,2.9610158985571218,27.67,19.0,24.416666666666668,3.4807416334521153,29.0,19.0,22.2,22.9,23.5,92.0,86.0,83.0,3.0,2.33,2.0,1010.0,1011.0,1010.0,2033.2,214.36,51.493,0.0,0.6821129074090084,3.749895836226772,0.5083192133551846,20.332,20.935000000000002,0.02188116645429064,488.4100000000001,8464,5.4289000000000005,1020100,323.97,53.995000000000005,2.6700000000000017,4.0,-0.09999999999999787
81,130.5,32.0,19.7,38.3,76.7,100,0.25,1010,92,22.1,0.0,1.66,2023,3,19,3,6,78,11,0.7071067811865476,0.7071067811865476,1.0,6.123233995736766e-17,-0.7818314824680299,0.6234898018587334,1,3,1,23.67,21.0,20.33,19.67,27.67,26.33,23.666666666666668,2.6650015634762365,26.33,21.0,21.666666666666668,2.796030519623456,26.33,19.0,22.166666666666668,2.7574702943522893,27.0,19.0,24.416666666666668,3.4807416334521153,29.0,19.0,22.1,22.5,23.3,92.0,89.0,83.0,2.33,2.66,2.0,1010.0,1011.0,1011.0,2033.2,152.72,36.686,25.0,0.6874494138534243,4.0779975625761695,0.6156057623199275,20.332,21.270000000000003,0.02188116645429064,488.4100000000001,8464,2.7556,1020100,323.53,53.92166666666666,2.6599999999999966,6.0,0.0
87,126.1,28.0,21.0,42.0,77.0,100,0.75,1010,92,22.0,0.0,1.0,2023,3,19,4,6,78,11,0.8660254037844386,0.5000000000000001,1.0,6.123233995736766e-17,-0.7818314824680299,0.6234898018587334,1,3,1,26.33,23.67,21.0,19.0,27.0,28.0,26.333333333333332,2.6650015634762654,29.0,23.67,23.333333333333332,3.7172283581542107,29.0,19.67,22.333333333333332,3.1136074760869263,29.0,19.0,24.458333333333332,3.531122086307993,29.0,19.0,22.1,22.2,23.2,92.0,92.0,84.0,1.66,3.0,2.0,1010.0,1010.0,1012.0,2024.0,92.0,22.0,75.0,0.6904597509583106,4.50341059247884,0.7499732152423128,20.24,21.5,0.02178215665133005,484.0,8464,1.0,1020100,323.1,53.85,2.6700000000000017,8.0,-0.10000000000000142
87,131.3,29.3,19.7,42.3,80.0,100,1.0,1010,92,22.1,0.0,1.33,2023,3,19,5,6,78,11,0.9659258262890683,0.25881904510252074,1.0,6.123233995736766e-17,-0.7818314824680299,0.6234898018587334,1,3,1,29.0,26.33,23.67,19.67,25.0,28.33,28.11,1.5415252187355595,29.0,26.33,24.888333333333332,3.828103533953318,29.0,20.33,22.666666666666668,3.601010800854629,29.0,19.0,24.486250000000002,3.56554259850383,29.0,19.0,22.0,22.1,22.9,92.0,92.0,86.0,1.0,2.33,2.33,1010.0,1010.0,1011.0,2033.2,122.36000000000001,29.393000000000004,100.0,0.6855629890546323,4.481075731203713,0.6723320023207399,20.332,21.435000000000002,0.02188116645429064,488.4100000000001,8464,1.7689000000000001,1020100,331.6,55.26666666666667,0.0,5.329999999999998,0.10000000000000142
87,136.6,30.7,18.3,42.7,83.0,100,0.5,1011,93,22.1,0.0,1.66,2023,3,19,6,6,78,11,1.0,6.123233995736766e-17,1.0,6.123233995736766e-17,-0.7818314824680299,0.6234898018587334,1,0,1,29.0,29.0,26.33,20.33,23.0,28.67,29.0,0.0,29.0,29.0,26.333333333333332,3.372569742298283,29.0,21.0,23.166666666666668,4.041152700840207,29.0,19.0,24.5,3.5829718051539357,29.0,19.0,22.1,22.1,22.5,92.0,92.0,89.0,1.33,1.66,2.66,1010.0,1010.0,1011.0,2055.3,154.38,36.686,50.0,0.6791410037235662,4.449366470147552,0.5960717891925345,20.553,21.270000000000003,0.021859523383260752,488.4100000000001,8649,2.7556,1022121,340.3,56.71666666666667,0.0,2.6700000000000017,0.0
87,141.8,32.0,17.0,43.0,86.0,100,0.25,1011,93,22.2,0.9,2.0,2023,3,19,7,6,78,11,0.9659258262890683,-0.25881904510252063,1.0,6.123233995736766e-17,-0.7818314824680299,0.6234898018587334,1,0,1,29.0,29.0,29.0,21.0,21.0,29.0,29.0,0.0,29.0,29.0,27.666666666666668,2.2302974390573853,29.0,23.67,23.833333333333332,4.302642598836942,29.0,19.0,24.5,3.5829718051539357,29.0,19.0,22.1,22.0,22.2,93.0,92.0,92.0,1.66,1.0,3.0,1011.0,1010.0,1010.0,2064.6,186.0,44.4,25.0,0.6744029208623056,4.431111527764758,0.5312333989562826,20.646,21.2,0.02195843525377324,492.84,8649,4.0,1022121,348.8,58.13333333333333,0.0,0.0,0.09999999999999787
79,124.5,26.7,29.0,37.7,76.7,100,0.0,1012,88,23.0,1.1,2.33,2023,3,19,8,6,78,11,0.8660254037844387,-0.4999999999999998,1.0,6.123233995736766e-17,-0.7818314824680299,0.6234898018587334,1,0,1,29.0,29.0,29.0,23.67,20.33,26.33,27.776666666666667,2.118875487925382,29.0,25.33,27.94333333333333,1.6672452329114456,29.0,25.33,24.25,4.172675182878629,29.0,19.0,24.458333333333332,3.5665421893498066,29.0,19.0,22.2,22.1,22.1,93.0,92.0,92.0,2.0,1.33,2.33,1011.0,1010.0,1010.0,2024.0,205.04000000000002,53.59,0.0,0.6718654677594759,4.662746713606232,1.0861016441331786,20.24,21.835,0.022727250269515546,529.0,7744,5.4289000000000005,1024144,319.92999999999995,53.32166666666666,-3.6700000000000017,-3.6700000000000017,0.8000000000000007
71,107.2,21.3,41.0,32.3,67.3,100,0.0,1012,83,23.8,1.8,2.66,2023,3,19,9,6,78,11,0.7071067811865476,-0.7071067811865475,1.0,6.123233995736766e-17,-0.7818314824680299,0.6234898018587334,1,0,1,25.33,29.0,29.0,26.33,19.67,23.67,25.333333333333332,3.6650011368798885,29.0,21.67,27.166666666666668,3.066957232611164,29.0,21.67,24.416666666666668,4.0098749319261815,29.0,19.0,24.375,3.6088767372070425,29.0,19.0,23.0,22.1,22.1,88.0,93.0,92.0,2.33,1.66,1.66,1012.0,1011.0,1010.0,1975.4,220.78,63.30800000000001,0.0,0.6708770626296401,5.032627576170133,1.9247922632740244,19.754,22.47,0.02351776332236826,566.44,6889,7.0756000000000006,1024144,290.77000000000004,48.46166666666667,-3.6599999999999966,-7.329999999999998,0.8000000000000007
63,89.9,16.0,53.0,27.0,58.0,100,0.0,1013,78,24.6,2.5,3.0,2023,3,19,10,6,78,11,0.49999999999999994,-0.8660254037844387,1.0,6.123233995736766e-17,-0.7818314824680299,0.6234898018587334,1,0,1,21.67,25.33,29.0,29.0,19.0,21.0,21.666666666666668,3.6650011368798596,25.33,18.0,25.333333333333332,4.6374806378750435,29.0,18.0,24.333333333333332,4.140927285991848,29.0,18.0,24.25,3.778812788027856,29.0,18.0,23.8,22.2,22.0,83.0,93.0,92.0,2.66,2.0,1.0,1012.0,1011.0,1010.0,1918.8000000000002,234.0,73.80000000000001,0.0,0.6666419762231028,5.618398850071871,3.3122929816886444,19.188000000000002,23.1,0.0242842800747482,605.1600000000001,6084,9.0,1026169,261.9,43.65,-3.6700000000000017,-11.0,0.8000000000000007
66,83.8,14.3,60.3,29.3,51.7,91,0.0,1012,73,25.3,3.1,3.0,2023,3,19,11,6,78,11,0.258819045102521,-0.9659258262890682,1.0,6.123233995736766e-17,-0.7818314824680299,0.6234898018587334,1,0,1,18.0,21.67,25.33,29.0,19.67,23.67,19.666666666666668,1.8580186579608284,21.67,18.0,23.721666666666664,4.786269598201288,29.0,18.0,24.305000000000003,4.176744055970383,29.0,18.0,24.06916666666667,3.909364361395761,29.0,18.0,24.6,23.0,22.1,78.0,88.0,92.0,3.0,2.33,1.33,1013.0,1012.0,1010.0,1846.9,219.0,75.9,0.0,0.6597044469472031,5.859730088804978,4.2164883574575205,18.469,23.8,0.024999975296467098,640.09,5329,9.0,1024144,258.72999999999996,43.12166666666666,1.3299999999999983,-6.0,0.6999999999999993
69,77.8,12.7,67.7,31.7,45.3,83,0.5,1011,68,26.0,3.3,3.0,2023,3,19,12,6,78,11,1.2246467991473532e-16,-1.0,1.0,6.123233995736766e-17,-0.7818314824680299,0.6234898018587334,1,1,1,19.33,18.0,21.67,29.0,20.33,26.33,19.333333333333332,1.3350031210939304,20.67,18.0,22.333333333333332,4.109231882805583,29.0,18.0,24.333333333333332,4.148384862773702,29.0,18.0,23.833333333333332,3.93766722672348,29.0,18.0,25.3,23.8,22.1,73.0,83.0,93.0,3.0,2.66,1.66,1012.0,1012.0,1011.0,1768.0,204.0,78.0,41.5,0.652029904419419,6.12550192898197,5.3302889536257,17.68,24.5,0.02571708633324794,676.0,4624,9.0,1022121,255.87,42.645,1.3400000000000034,-1.0,0.6999999999999993
72,71.8,11.0,75.0,34.0,39.0,75,1.0,1010,63,26.7,3.1,3.0,2023,3,19,13,6,78,11,-0.2588190451025208,-0.9659258262890683,1.0,6.123233995736766e-17,-0.7818314824680299,0.6234898018587334,1,1,1,20.67,19.33,18.0,29.0,21.0,29.0,20.666666666666668,1.3350031210939592,22.0,19.33,21.166666666666668,2.5270114100782983,25.33,18.0,24.416666666666668,4.084895310404261,29.0,18.0,23.541666666666668,3.7949917416045835,29.0,18.0,26.0,24.6,22.2,68.0,78.0,93.0,3.0,3.0,2.0,1011.0,1013.0,1011.0,1682.1,189.0,80.1,75.0,0.6470397929472663,6.526679392782475,6.817562039814563,16.820999999999998,25.2,0.026435617390477832,712.89,3969,9.0,1020100,252.8,42.13333333333333,1.3299999999999983,4.0,0.6999999999999993
72,72.4,11.3,76.3,34.0,38.0,75,0.25,1009,64,26.6,2.5,3.0,2023,3,19,14,6,78,11,-0.4999999999999997,-0.8660254037844388,1.0,6.123233995736766e-17,-0.7818314824680299,0.6234898018587334,1,1,1,22.0,20.67,19.33,25.33,23.67,28.33,21.666666666666668,0.8787680771003608,22.33,20.67,20.666666666666668,1.6999372537437707,22.33,18.0,24.305000000000003,4.125277952067134,29.0,18.0,23.291666666666668,3.6611065880798663,29.0,18.0,26.7,25.3,23.0,63.0,73.0,88.0,3.0,3.0,2.33,1010.0,1012.0,1012.0,1702.4,192.0,79.80000000000001,18.75,0.6567453898414752,6.406512697991329,6.751614901336165,17.024,25.1,0.026362709254004704,707.5600000000001,4096,9.0,1018081,254.32999999999998,42.38833333333333,0.3299999999999983,3.0,-0.09999999999999787
73,72.9,11.7,77.7,34.0,37.0,75,0.25,1008,64,26.6,1.7,3.0,2023,3,19,15,6,78,11,-0.7071067811865471,-0.7071067811865479,1.0,6.123233995736766e-17,-0.7818314824680299,0.6234898018587334,1,1,1,22.33,22.0,20.67,21.67,26.33,27.67,22.333333333333332,0.33501243757614124,22.67,22.0,20.833333333333332,1.8595124809115728,22.67,18.0,24.0,4.097154223026726,29.0,18.0,23.083333333333332,3.541432609487676,29.0,18.0,26.6,26.0,23.8,64.0,68.0,83.0,3.0,3.0,2.66,1009.0,1011.0,1012.0,1702.4,192.0,79.80000000000001,18.75,0.6667450957324785,6.230236731903258,6.64045808050594,17.024,25.1,0.0263888627094616,707.5600000000001,4096,9.0,1016064,255.97000000000003,42.66166666666667,0.3400000000000034,2.0,0.0
74,73.5,12.0,79.0,34.0,36.0,75,0.0,1008,65,26.5,1.1,3.0,2023,3,19,16,6,78,11,-0.8660254037844385,-0.5000000000000004,1.0,6.123233995736766e-17,-0.7818314824680299,0.6234898018587334,1,1,1,22.67,22.33,22.0,18.0,29.0,27.0,22.666666666666668,0.33501243757616994,23.0,22.33,21.666666666666668,1.3992093005215156,23.0,19.33,23.5,3.785779612275423,29.0,18.0,22.916666666666668,3.441815328228646,29.0,18.0,26.6,26.7,24.6,64.0,63.0,78.0,3.0,3.0,3.0,1008.0,1010.0,1013.0,1722.5,195.0,79.5,0.0,0.6764506926266874,6.124489625864512,6.582784767936006,17.225,25.0,0.02628965645867415,702.25,4225,9.0,1016064,257.5,42.916666666666664,0.3299999999999983,1.0,-0.10000000000000142
71,90.5,23.0,60.0,32.3,39.7,79,0.0,1008,69,25.9,0.8,3.0,2023,3,19,17,6,78,11,-0.9659258262890683,-0.25881904510252063,1.0,6.123233995736766e-17,-0.7818314824680299,0.6234898018587334,1,1,1,23.0,22.67,22.33,19.33,29.0,25.0,22.44666666666667,0.6925556535981153,23.0,21.67,22.05666666666667,0.8265994596332049,23.0,20.67,22.889166666666664,3.3881463377566132,29.0,18.0,22.777916666666666,3.4212379899773797,29.0,18.0,26.5,26.6,25.3,65.0,64.0,73.0,3.0,3.0,3.0,1008.0,1009.0,1012.0,1787.1,207.0,77.69999999999999,0.0,0.6708770626296401,3.9346115386287552,2.6085822355549757,17.871,24.4,0.02569441895394945,670.81,4761,9.0,1016064,267.17,44.528333333333336,-1.3299999999999983,-0.6599999999999966,-0.6000000000000014
68,107.4,34.0,41.0,30.7,43.3,83,0.0,1008,74,25.3,0.7,3.0,2023,3,19,18,6,78,11,-1.0,-1.8369701987210297e-16,1.0,6.123233995736766e-17,-0.7818314824680299,0.6234898018587334,1,2,1,21.67,23.0,22.67,20.67,29.0,23.0,21.666666666666668,1.3350031210939808,23.0,20.33,22.0,0.9439915253852881,23.0,20.33,22.166666666666668,2.8479317322414968,29.0,18.0,22.666666666666668,3.456927093177224,29.0,18.0,25.9,26.6,26.0,69.0,64.0,68.0,3.0,3.0,3.0,1008.0,1008.0,1011.0,1872.2,222.0,75.9,0.0,0.6621934138953128,3.1587306255698366,1.205846886856269,18.722,23.8,0.025099181449224753,640.09,5476,9.0,1016064,276.73,46.12166666666667,-1.3400000000000034,-2.3400000000000034,-0.5999999999999979
65,124.3,45.0,22.0,29.0,47.0,87,0.0,1008,79,24.7,0.0,3.0,2023,3,19,19,6,78,11,-0.9659258262890684,0.2588190451025203,1.0,6.123233995736766e-17,-0.7818314824680299,0.6234898018587334,1,2,1,20.33,21.67,23.0,22.0,29.0,21.0,20.333333333333332,1.3350031210939521,21.67,19.0,21.5,1.5463246748336026,23.0,19.0,21.333333333333332,2.004945400902207,25.33,18.0,22.583333333333332,3.5223382385388793,29.0,18.0,25.3,26.5,26.7,74.0,65.0,63.0,3.0,3.0,3.0,1008.0,1008.0,1010.0,1951.3,237.0,74.1,0.0,0.6551498224199165,2.762160840870203,0.4888780249327793,19.512999999999998,23.2,0.024503943944500055,610.0899999999999,6241,9.0,1016064,286.3,47.71666666666667,-1.3299999999999983,-4.0,-0.6000000000000014
63,128.2,43.7,19.0,27.7,51.0,87,0.25,1009,82,24.5,0.0,2.66,2023,3,19,20,6,78,11,-0.8660254037844386,0.5000000000000001,1.0,6.123233995736766e-17,-0.7818314824680299,0.6234898018587334,1,2,1,19.0,20.33,21.67,22.33,25.33,20.33,19.11,1.1688883607929317,20.33,18.0,20.778333333333332,2.019499112816324,23.0,18.0,20.7225,1.7806593518316578,23.0,18.0,22.486250000000002,3.6179574017497886,29.0,18.0,24.7,25.9,26.6,79.0,69.0,64.0,3.0,3.0,3.0,1008.0,1008.0,1009.0,2009.0,218.12,65.17,21.75,0.6497960362441789,2.9335713141575703,0.43477265966453854,20.09,23.17,0.024281442733951702,600.25,6724,7.0756000000000006,1018081,287.59999999999997,47.93333333333333,-1.0,-3.6700000000000017,-0.1999999999999993
61,132.1,42.3,16.0,26.3,55.0,87,0.0,1009,84,24.3,0.0,2.33,2023,3,19,21,6,78,11,-0.7071067811865477,0.7071067811865474,1.0,6.123233995736766e-17,-0.7818314824680299,0.6234898018587334,1,2,1,18.0,19.0,20.33,22.67,21.67,19.67,18.0,0.9999999999985639,19.0,17.0,19.833333333333332,2.268529626578838,23.0,17.0,20.333333333333332,2.045395420019124,23.0,17.0,22.375,3.7470672590020038,29.0,17.0,24.5,25.3,26.6,82.0,74.0,64.0,2.66,3.0,3.0,1009.0,1008.0,1008.0,2041.2,195.72,56.61900000000001,0.0,0.6463632561499563,3.1228576156592047,0.37824164913359026,20.412,23.135,0.024083226874899034,590.49,7056,5.4289000000000005,1018081,288.7,48.11666666666667,-1.0,-3.3299999999999983,-0.1999999999999993
59,136.0,41.0,13.0,25.0,59.0,87,0.0,1010,86,24.1,0.0,2.0,2023,3,19,22,6,78,11,-0.5000000000000004,0.8660254037844384,1.0,6.123233995736766e-17,-0.7818314824680299,0.6234898018587334,1,3,1,17.0,18.0,19.0,23.0,18.0,19.0,17.0,0.9999999999985364,18.0,16.0,18.666666666666668,2.1086077555263634,21.67,16.0,20.166666666666668,2.316346391637783,23.0,16.0,22.25,3.9110034295681073,29.0,16.0,24.3,24.7,26.5,84.0,79.0,65.0,2.33,3.0,3.0,1009.0,1008.0,1008.0,2072.6,172.0,48.2,0.0,0.639974401023959,3.3169922684812567,0.3170654374283554,20.726,23.1,0.023861362513502463,580.8100000000001,7396,4.0,1020100,290.0,48.333333333333336,-1.0,-3.0,-0.1999999999999993
59,125.3,36.3,16.3,24.3,59.3,91,0.0,1009,88,23.9,0.0,2.0,2023,3,19,23,6,78,11,-0.25881904510252157,0.9659258262890681,1.0,6.123233995736766e-17,-0.7818314824680299,0.6234898018587334,1,3,1,16.0,17.0,18.0,21.67,19.33,19.67,16.333333333333332,0.5773502691870587,17.0,16.0,17.721666666666668,1.7299759150537124,20.33,16.0,19.889166666666668,2.6069329186645738,23.0,16.0,22.097083333333334,4.084177826013371,29.0,16.0,24.1,24.5,25.9,86.0,82.0,69.0,2.0,2.66,3.0,1010.0,1009.0,1008.0,2103.2,176.0,47.8,0.0,0.6584091189662976,3.451695545577257,0.4490234428803615,21.031999999999996,22.9,0.0236867951567937,571.2099999999999,7744,4.0,1018081,277.5,46.25,0.0,-2.0,-0.20000000000000284
59,114.6,31.7,19.7,23.7,59.7,95,0.0,1009,89,23.8,0.0,2.0,2023,3,20,0,0,79,12,0.0,1.0,1.0,6.123233995736766e-17,0.0,1.0,1,3,0,16.0,16.0,17.0,20.33,20.67,20.33,16.0,0.0,16.0,16.0,17.0,1.2649110640670624,19.0,16.0,19.5,2.819664712497181,23.0,16.0,21.916666666666668,4.25758828106019,29.0,16.0,23.9,24.3,25.3,88.0,84.0,74.0,2.0,2.33,3.0,1009.0,1009.0,1008.0,2118.2000000000003,178.0,47.6,0.0,0.6750770009704232,3.6150279171004067,0.6214315005835778,21.182000000000002,22.8,0.023587687227267368,566.44,7921,4.0,1018081,265.4,44.23333333333333,0.0,-1.0,-0.09999999999999787
59,103.9,27.0,23.0,23.0,60.0,100,0.0,1008,91,23.6,0.0,2.0,2023,3,20,1,0,79,12,0.25881904510252074,0.9659258262890683,1.0,6.123233995736766e-17,0.0,1.0,1,3,0,16.0,16.0,16.0,19.0,22.0,21.0,16.0,0.0,16.0,16.0,16.5,0.836660026533641,18.0,16.0,19.0,2.8676185875442095,23.0,16.0,21.708333333333332,4.42349130917259,29.0,16.0,23.8,24.1,24.7,89.0,86.0,79.0,2.0,2.0,3.0,1009.0,1010.0,1008.0,2147.6,182.0,47.2,0.0,0.6956219294813268,3.8480056294211327,0.8518203029517425,21.476,22.6,0.02341267518583811,556.96,8281,4.0,1016064,252.9,42.15,0.0,0.0,-0.1999999999999993
60,98.6,23.7,25.0,24.3,58.3,100,0.0,1008,92,23.5,0.0,2.0,2023,3,20,2,0,79,12,0.49999999999999994,0.8660254037844387,1.0,6.123233995736766e-17,0.0,1.0,1,3,0,16.0,16.0,16.0,18.0,22.33,23.67,16.223333333333333,0.3868246803532107,16.67,16.0,16.278333333333332,0.44364024464191887,17.0,16.0,18.528333333333332,2.7323976595088824,23.0,16.0,21.416666666666668,4.518283308733267,29.0,16.0,23.6,23.9,24.5,91.0,88.0,82.0,2.0,2.0,2.66,1008.0,1009.0,1009.0,2162.0,184.0,47.0,0.0,0.6859800008230114,4.160162018480232,1.0548078140162862,21.62,22.5,0.02331346893505066,552.25,8464,4.0,1016064,246.57000000000005,41.095000000000006,0.6700000000000017,0.6700000000000017,-0.10000000000000142
62,93.4,20.3,27.0,25.7,56.7,100,0.0,1007,92,23.3,0.0,2.0,2023,3,20,3,0,79,12,0.7071067811865476,0.7071067811865476,1.0,6.123233995736766e-17,0.0,1.0,1,3,0,16.67,16.0,16.0,17.0,22.67,26.33,16.666666666666668,0.665006265632428,17.33,16.0,16.333333333333332,0.5569799517630241,17.33,16.0,18.083333333333332,2.412698727878756,23.0,16.0,21.041666666666668,4.465945215368558,29.0,16.0,23.5,23.8,24.3,92.0,89.0,84.0,2.0,2.0,2.33,1008.0,1009.0,1009.0,2143.6,184.0,46.6,0.0,0.6742928290727986,4.600758583321019,1.3299837446431209,21.436,22.3,0.023138010786483827,542.89,8464,4.0,1014049,240.42999999999995,40.07166666666666,0.6599999999999966,1.3299999999999983,-0.1999999999999993
63,88.1,17.0,29.0,27.0,55.0,100,0.5,1007,93,23.2,0.0,2.0,2023,3,20,4,0,79,12,0.8660254037844386,0.5000000000000001,1.0,6.123233995736766e-17,0.0,1.0,1,3,0,17.33,16.67,16.0,16.0,23.0,29.0,17.333333333333332,0.665006265632457,18.0,16.67,16.666666666666668,0.8427494685052843,18.0,16.0,17.666666666666668,1.8533082623093498,21.67,16.0,20.583333333333332,4.168214784864178,29.0,16.0,23.3,23.6,24.1,92.0,91.0,86.0,2.0,2.0,2.0,1007.0,1008.0,1010.0,2157.6,186.0,46.4,50.0,0.6666419762231028,5.182048114816775,1.705782012822775,21.576,22.2,0.02303870601915986,538.24,8649,4.0,1014049,234.1,39.016666666666666,0.6700000000000017,2.0,-0.10000000000000142
63,90.1,17.3,29.3,27.0,55.0,100,1.5,1007,93,23.3,0.0,2.0,2023,3,20,5,0,79,12,0.9659258262890683,0.25881904510252074,1.0,6.123233995736766e-17,0.0,1.0,1,3,0,18.0,17.33,16.67,16.0,21.67,29.0,17.776666666666667,0.38682468035332657,18.0,17.33,17.0,0.9184552248200628,18.0,16.0,17.360833333333332,1.3732606078098437,20.33,16.0,20.125,3.790112995907362,29.0,16.0,23.2,23.5,23.9,93.0,92.0,88.0,2.0,2.0,2.0,1007.0,1008.0,1009.0,2166.9,186.0,46.6,150.0,0.6666419762231028,5.207791457141205,1.6935437257961965,21.669,22.3,0.023138010786483827,542.89,8649,4.0,1014049,236.7,39.449999999999996,0.0,1.3299999999999983,0.10000000000000142
63,92.0,17.7,29.7,27.0,55.0,100,0.75,1008,93,23.4,0.0,2.0,2023,3,20,6,0,79,12,1.0,6.123233995736766e-17,1.0,6.123233995736766e-17,0.0,1.0,1,0,0,18.0,18.0,17.33,16.0,20.33,29.0,18.0,0.0,18.0,18.0,17.333333333333332,0.8427494685052843,18.0,16.0,17.166666666666668,1.0394258321778487,19.0,16.0,19.666666666666668,3.304162942959984,29.0,16.0,23.3,23.3,23.8,93.0,92.0,89.0,2.0,2.0,2.0,1007.0,1007.0,1009.0,2176.2,186.0,46.8,75.0,0.6666419762231028,5.197446471950737,1.6778713067058357,21.761999999999997,22.4,0.023214262684263208,547.56,8649,4.0,1016064,239.4,39.9,0.0,0.6700000000000017,0.09999999999999787
63,94.0,18.0,30.0,27.0,55.0,100,0.0,1008,92,23.5,0.7,2.0,2023,3,20,7,0,79,12,0.9659258262890683,-0.25881904510252063,1.0,6.123233995736766e-17,0.0,1.0,1,0,0,18.0,18.0,18.0,16.0,19.0,29.0,18.0,0.0,18.0,18.0,17.666666666666668,0.5569799517630241,18.0,16.67,17.083333333333332,0.9112661853698993,18.0,16.0,19.208333333333332,2.6517207975977857,25.33,16.0,23.4,23.2,23.6,93.0,93.0,91.0,2.0,2.0,2.0,1008.0,1007.0,1008.0,2162.0,184.0,47.0,0.0,0.6666419762231028,5.221932114882506,1.6665740792178212,21.62,22.5,0.02331346893505066,552.25,8464,4.0,1016064,242.0,40.333333333333336,0.0,0.0,0.10000000000000142
67,101.4,19.7,33.3,29.3,53.7,100,0.0,1008,90,24.0,1.0,2.33,2023,3,20,8,0,79,12,0.8660254037844387,-0.4999999999999998,1.0,6.123233995736766e-17,0.0,1.0,1,0,0,18.0,18.0,18.0,16.67,18.0,25.33,18.55666666666667,0.9641749495452058,19.67,18.0,18.166666666666668,0.7837261426454689,19.67,17.33,17.2225,1.1580793268447909,19.67,16.0,18.9725,2.313766456969711,23.0,16.0,23.5,23.3,23.5,92.0,93.0,92.0,2.0,2.0,2.0,1008.0,1007.0,1008.0,2160.0,209.70000000000002,55.92,0.0,0.6713081464796423,5.14694685548957,1.6902695294655092,21.6,22.835,0.02380950018898791,576.0,8100,5.4289000000000005,1016064,257.07,42.845,1.6700000000000017,1.6700000000000017,0.5
70,108.7,21.3,36.7,31.7,52.3,100,0.25,1009,87,24.5,1.6,2.66,2023,3,20,9,0,79,12,0.7071067811865476,-0.7071067811865475,1.0,6.123233995736766e-17,0.0,1.0,1,0,0,19.67,18.0,18.0,17.33,17.0,21.67,19.666666666666668,1.6650025024997892,21.33,18.0,18.833333333333332,1.3936379252395328,21.33,18.0,17.583333333333332,1.6517832420691456,21.33,16.0,18.958333333333332,2.2975159869197417,23.0,16.0,24.0,23.4,23.3,90.0,93.0,92.0,2.33,2.0,2.0,1008.0,1008.0,1007.0,2131.5,231.42000000000002,65.17,25.0,0.6728494369262799,5.103046805314304,1.722923806394066,21.315,23.17,0.024281442733951702,600.25,7569,7.0756000000000006,1018081,272.03,45.33833333333333,1.6599999999999966,3.3299999999999983,0.5
74,116.1,23.0,40.0,34.0,51.0,100,0.25,1010,84,25.0,2.4,3.0,2023,3,20,10,0,79,12,0.49999999999999994,-0.8660254037844387,1.0,6.123233995736766e-17,0.0,1.0,1,0,0,21.33,19.67,18.0,18.0,16.0,18.0,21.333333333333332,1.665002502499818,23.0,19.67,19.666666666666668,2.107659048960709,23.0,18.0,18.166666666666668,2.1901072341240084,23.0,16.0,19.166666666666668,2.4297283202349544,23.0,16.0,24.5,23.5,23.2,87.0,92.0,93.0,2.66,2.0,2.0,1009.0,1008.0,1007.0,2100.0,252.0,75.0,25.0,0.6764506926266874,5.047606625798878,1.7390548237033172,21.0,23.5,0.024752450740147782,625.0,7056,9.0,1020100,287.1,47.85,1.6700000000000017,5.0,0.5
82,115.9,20.7,50.0,39.3,49.0,91,0.0,1008,81,25.8,3.0,3.0,2023,3,20,11,0,79,12,0.258819045102521,-0.9659258262890682,1.0,6.123233995736766e-17,0.0,1.0,1,0,0,23.0,21.33,19.67,18.0,16.0,19.33,23.666666666666668,2.731708866869016,26.67,21.33,21.111666666666668,3.3452020367484514,26.67,18.0,19.055833333333336,3.1750031018823233,26.67,16.0,19.4725,2.8727418352822327,26.67,16.0,25.0,24.0,23.3,84.0,90.0,93.0,3.0,2.33,2.0,1010.0,1008.0,1007.0,2089.8,243.0,77.4,0.0,0.6786086868018627,5.5987633447659535,2.4153422539973914,20.898000000000003,24.3,0.025595212703162003,665.64,6561,9.0,1016064,301.57,50.26166666666666,3.6700000000000017,7.0,0.8000000000000007
90,115.7,18.3,60.0,44.7,47.0,83,0.0,1007,77,26.7,3.3,3.0,2023,3,20,12,0,79,12,1.2246467991473532e-16,-1.0,1.0,6.123233995736766e-17,0.0,1.0,1,1,0,26.67,23.0,21.33,18.0,16.0,20.67,26.666666666666668,3.6650011368799005,30.33,23.0,23.166666666666668,4.602367506693268,30.33,18.0,20.25,4.385341284530878,30.33,16.0,19.875,3.6258372346508727,30.33,16.0,25.8,24.5,23.4,81.0,87.0,93.0,3.0,2.66,2.0,1008.0,1009.0,1008.0,2055.9,231.0,80.1,0.0,0.6785083107760452,6.322058903885033,3.2785093710726185,20.559,25.2,0.026514372875498633,712.89,5929,9.0,1014049,316.03,52.67166666666666,3.6599999999999966,9.0,0.8999999999999986
98,115.6,16.0,70.0,50.0,45.0,75,0.0,1006,74,27.5,3.1,3.0,2023,3,20,13,0,79,12,-0.2588190451025208,-0.9659258262890683,1.0,6.123233995736766e-17,0.0,1.0,1,1,0,30.33,26.67,23.0,18.0,16.0,22.0,30.333333333333332,3.6650011368799293,34.0,26.67,25.833333333333332,5.548133620116412,34.0,19.67,21.75,5.685255251325144,34.0,16.67,20.375,4.622130131933594,34.0,16.0,26.7,25.0,23.5,77.0,84.0,92.0,3.0,3.0,2.0,1007.0,1010.0,1008.0,2035.0,222.0,82.5,0.0,0.6799864002719946,7.224548465720892,4.374726579588775,20.35,26.0,0.02733595692250803,756.25,5476,9.0,1012036,330.6,55.1,3.6700000000000017,11.0,0.8000000000000007
100,117.7,15.7,79.7,52.0,43.3,79,0.0,1005,73,27.7,2.5,3.33,2023,3,20,14,0,79,12,-0.4999999999999997,-0.8660254037844388,1.0,6.123233995736766e-17,0.0,1.0,1,1,0,34.0,30.33,26.67,19.67,16.67,22.33,33.22,2.5896524863382764,35.33,30.33,28.443333333333328,5.748675209704065,35.33,21.33,23.304999999999996,6.641037021976741,35.33,17.33,20.916666666666668,5.533150424775661,35.33,16.0,27.5,25.8,24.0,74.0,81.0,90.0,3.0,3.0,2.33,1006.0,1008.0,1008.0,2022.1,243.09,92.241,0.0,0.6794100113459357,7.496337812878162,5.076109801923445,20.221,26.035,0.02756216162968992,767.29,5329,11.0889,1010025,343.73,57.288333333333334,1.3299999999999983,8.659999999999997,0.1999999999999993
103,119.8,15.3,89.3,54.0,41.7,83,0.0,1004,72,27.8,1.8,3.66,2023,3,20,15,0,79,12,-0.7071067811865471,-0.7071067811865479,1.0,6.123233995736766e-17,0.0,1.0,1,1,0,35.33,34.0,30.33,21.33,17.33,22.67,35.333333333333336,1.335003121094291,36.67,34.0,31.0,5.349684102823217,36.67,23.0,24.916666666666668,7.36632427560221,36.67,18.0,21.5,6.396632945814921,36.67,16.0,27.7,26.7,24.5,73.0,77.0,87.0,3.33,3.0,2.66,1005.0,1007.0,1009.0,2001.6000000000001,263.52,101.748,0.0,0.6790614988611322,7.829553623946147,5.836219854911444,20.016000000000002,25.97,0.0276892154489886,772.84,5184,13.395600000000002,1008016,356.77,59.461666666666666,1.3400000000000034,6.340000000000003,0.10000000000000142
107,122.0,15.0,99.0,56.0,40.0,87,0.5,1004,70,28.0,2.0,4.0,2023,3,20,16,0,79,12,-0.8660254037844385,-0.5000000000000004,1.0,6.123233995736766e-17,0.0,1.0,1,1,0,36.67,35.33,34.0,23.0,18.0,23.0,36.666666666666664,1.3350031210943334,38.0,35.33,33.5,4.256655964486616,38.0,26.67,26.583333333333332,7.902186502174239,38.0,18.0,22.125,7.2283078782392245,38.0,16.0,27.8,27.5,25.0,72.0,74.0,84.0,3.66,3.0,3.0,1004.0,1006.0,1010.0,1960.0,280.0,112.0,43.5,0.6785593114408671,8.13279114725685,6.5995600293313785,19.6,26.0,0.027888418437830242,784.0,4900,16.0,1008016,370.0,61.666666666666664,1.3299999999999983,4.0,0.1999999999999993
112,128.2,25.0,75.0,50.0,44.0,91,0.0,1004,75,27.2,1.6,4.0,2023,3,20,17,0,79,12,-0.9659258262890683,-0.25881904510252063,1.0,6.123233995736766e-17,0.0,1.0,1,1,0,38.0,36.67,35.33,26.67,18.0,21.67,38.223333333333336,1.676196090358094,40.0,36.67,35.721666666666664,3.3639822631319247,40.0,30.33,28.416666666666668,8.273122234993561,40.0,18.0,22.88875,8.09461190223673,40.0,16.0,28.0,27.7,25.8,70.0,73.0,81.0,4.0,3.33,3.0,1004.0,1005.0,1008.0,2040.0,300.0,108.8,0.0,0.7999840003199936,5.1277948882044715,2.9998800047998078,20.4,25.2,0.027091606482463663,739.8399999999999,5625,16.0,1008016,362.2,60.36666666666667,2.0,4.670000000000002,-0.8000000000000007
112,134.4,35.0,51.0,50.0,48.0,95,0.0,1004,79,26.3,1.7,4.0,2023,3,20,18,0,79,12,-1.0,-1.8369701987210297e-16,1.0,6.123233995736766e-17,0.0,1.0,1,2,0,40.0,38.0,36.67,30.33,18.0,20.33,39.333333333333336,1.1547005383786189,40.0,38.0,37.333333333333336,2.458907616537513,40.0,34.0,30.25,8.192143686594592,40.0,18.0,23.708333333333332,8.790186062564269,40.0,16.0,27.2,27.8,26.7,75.0,72.0,77.0,4.0,3.66,3.0,1004.0,1004.0,1007.0,2077.7000000000003,316.0,105.2,0.0,0.7999840003199936,3.8398902888488906,1.4571012256792664,20.777,24.3,0.026195193032676263,691.69,6241,16.0,1008016,358.4,59.73333333333333,0.0,3.3299999999999983,-0.8999999999999986
121,140.6,45.0,27.0,53.8,52.0,100,0.0,1005,84,25.5,0.0,4.0,2023,3,20,19,0,79,12,-0.9659258262890684,0.2588190451025203,1.0,6.123233995736766e-17,0.0,1.0,1,2,0,40.0,40.0,38.0,34.0,18.0,19.0,41.0,1.7320508075685046,43.0,40.0,38.833333333333336,2.747039618692496,43.0,35.33,32.333333333333336,7.969487645597235,43.0,19.67,24.708333333333332,9.562493610872496,43.0,16.0,26.3,28.0,27.5,79.0,70.0,74.0,4.0,4.0,3.0,1004.0,1004.0,1006.0,2142.0,336.0,102.0,0.0,0.7992416497834613,3.12437501388858,0.5999866669629564,21.42,23.5,0.025373109081483502,650.25,7056,16.0,1010025,361.4,60.23333333333333,3.0,5.0,-0.8000000000000007
121,140.1,43.3,22.3,53.8,54.3,100,0.0,1005,86,25.2,0.0,3.66,2023,3,20,20,0,79,12,-0.8660254037844386,0.5000000000000001,1.0,6.123233995736766e-17,0.0,1.0,1,2,0,43.0,40.0,40.0,35.33,19.67,18.0,42.0,1.7320508075685364,43.0,40.0,40.11166666666667,2.569594650264168,43.0,36.67,34.277499999999996,7.426613231541203,43.0,21.33,25.75,10.14394486338084,43.0,16.0,25.5,27.2,27.7,84.0,75.0,73.0,4.0,4.0,3.33,1005.0,1004.0,1005.0,2167.2,314.76,92.232,0.0,0.7992416497834613,3.235491097203298,0.5149996535876771,21.671999999999997,23.369999999999997,0.02507460191581899,635.04,7396,13.395600000000002,1010025,356.8,59.46666666666667,0.0,3.0,-0.3000000000000007
126,139.5,41.7,17.7,56.3,56.7,100,0.0,1006,89,25.0,0.0,3.33,2023,3,20,21,0,79,12,-0.7071067811865477,0.7071067811865474,1.0,6.123233995736766e-17,0.0,1.0,1,2,0,43.0,43.0,40.0,36.67,21.33,17.0,43.666666666666664,1.1547005383788205,45.0,43.0,41.5,2.5884358211088787,45.0,38.0,36.25,6.7913420818510675,45.0,23.0,26.916666666666668,10.689337502010595,45.0,16.0,25.2,26.3,27.8,86.0,79.0,72.0,3.66,4.0,3.66,1005.0,1004.0,1004.0,2225.0,296.37,83.25,0.0,0.7992753237065062,3.345243519340064,0.42445025299153494,22.25,23.335,0.024850869929552755,625.0,7921,11.0889,1012036,356.9,59.48333333333333,2.0,5.0,-0.1999999999999993
107,138.9,40.0,13.0,47.5,59.0,100,0.0,1007,91,24.7,0.0,3.0,2023,3,20,22,0,79,12,-0.5000000000000004,0.8660254037844384,1.0,6.123233995736766e-17,0.0,1.0,1,3,0,45.0,43.0,43.0,38.0,23.0,16.0,42.0,3.605551275463826,45.0,38.0,41.5,2.5884358211088787,45.0,38.0,37.5,5.3605935899261805,45.0,26.67,27.833333333333332,10.655728268285664,45.0,16.0,25.0,25.5,28.0,89.0,84.0,70.0,3.33,4.0,4.0,1006.0,1005.0,1004.0,2247.7,273.0,74.1,0.0,0.7999831582493001,3.4724131896702586,0.32499187520311995,22.476999999999997,23.2,0.024528277529019336,610.0899999999999,8281,9.0,1014049,336.4,56.06666666666666,-7.0,-5.0,-0.3000000000000007
107,132.5,37.3,14.3,47.5,60.3,100,0.0,1006,92,24.6,0.0,3.0,2023,3,20,23,0,79,12,-0.25881904510252157,0.9659258262890681,1.0,6.123233995736766e-17,0.0,1.0,1,3,0,38.0,45.0,43.0,40.0,26.67,16.0,40.333333333333336,4.041451884327211,45.0,38.0,41.166666666666664,2.926886855801955,45.0,38.0,38.44416666666667,4.138063794782659,45.0,30.33,28.75,10.539142775140133,45.0,16.0,24.7,25.2,27.2,91.0,86.0,75.0,3.0,3.66,4.0,1007.0,1005.0,1004.0,2263.2000000000003,276.0,73.80000000000001,0.0,0.7999831582493001,3.5521835875713794,0.3833677381303451,22.632,23.1,0.02445325601067991,605.1600000000001,8464,9.0,1012036,329.90000000000003,54.98333333333334,0.0,-5.0,-0.09999999999999787
52,126.1,34.7,15.7,16.3,61.7,100,0.0,1006,93,24.6,0.0,3.0,2023,3,21,0,1,80,12,0.0,1.0,1.0,6.123233995736766e-17,0.7818314824680298,0.6234898018587336,1,3,0,38.0,38.0,45.0,40.0,30.33,16.0,29.666666666666668,14.433756729740553,38.0,13.0,36.666666666666664,11.944315244779258,45.0,13.0,37.0,8.22909362069577,45.0,13.0,28.625,10.713291622620483,45.0,13.0,24.6,25.0,26.3,92.0,89.0,79.0,3.0,3.33,4.0,1006.0,1006.0,1004.0,2287.8,279.0,73.80000000000001,0.0,0.7974970860683392,3.6339010403158407,0.45243652920665106,22.878,23.1,0.02445325601067991,605.1600000000001,8649,9.0,1012036,267.5,44.583333333333336,-25.0,-32.0,0.0
102,119.6,32.0,17.0,45.0,63.0,100,0.0,1005,93,24.5,0.0,3.0,2023,3,21,1,1,80,12,0.25881904510252074,0.9659258262890683,1.0,6.123233995736766e-17,0.7818314824680298,0.6234898018587336,1,3,0,13.0,38.0,38.0,43.0,34.0,16.0,29.0,13.892443989449708,38.0,13.0,35.5,11.536897329871644,45.0,13.0,37.166666666666664,8.182933829660366,45.0,13.0,29.458333333333332,10.463496658328246,45.0,13.0,24.6,24.7,25.5,93.0,91.0,84.0,3.0,3.0,4.0,1006.0,1007.0,1005.0,2278.5,279.0,73.5,0.0,0.7999822226172753,3.7373832067747883,0.5312333989562826,22.785,23.0,0.02437808519593513,600.25,8649,9.0,1010025,312.6,52.1,23.0,-2.0,-0.10000000000000142
95,118.1,28.7,20.0,41.3,61.0,100,0.0,1005,93,24.4,0.0,2.66,2023,3,21,2,1,80,12,0.49999999999999994,0.8660254037844387,1.0,6.123233995736766e-17,0.7818314824680298,0.6234898018587336,1,3,0,36.0,13.0,38.0,43.0,35.33,16.67,27.333333333333332,12.503332889007254,36.0,13.0,33.833333333333336,10.943795807061923,45.0,13.0,36.9725,8.257777738702595,45.0,13.0,30.13875,10.121093476111149,45.0,13.0,24.5,24.6,25.2,93.0,92.0,86.0,3.0,3.0,3.66,1005.0,1006.0,1005.0,2269.2,247.38000000000002,64.904,0.0,0.7990121304568898,4.114839204208912,0.6968398313647608,22.691999999999997,23.07,0.02427858280738029,595.3599999999999,8649,7.0756000000000006,1010025,302.09999999999997,50.349999999999994,-3.0,-5.0,-0.10000000000000142
102,116.5,25.3,23.0,45.0,59.0,100,0.0,1004,93,24.2,0.0,2.33,2023,3,21,3,1,80,12,0.7071067811865476,0.7071067811865476,1.0,6.123233995736766e-17,0.7818314824680298,0.6234898018587336,1,3,0,33.0,36.0,13.0,45.0,36.67,17.33,35.0,1.7320508075683025,36.0,33.0,32.333333333333336,9.647106647418495,38.0,13.0,36.916666666666664,8.262272781453387,45.0,13.0,30.916666666666668,9.8064014880553,45.0,13.0,24.4,24.6,25.0,93.0,93.0,89.0,2.66,3.0,3.33,1005.0,1006.0,1006.0,2250.6,216.69,56.386,0.0,0.7999822226172753,4.604561084542112,0.9090549780641081,22.506,23.035,0.024103561649838994,585.64,8649,5.4289000000000005,1008016,304.8,50.800000000000004,3.0,23.0,-0.1999999999999993
102,115.0,22.0,26.0,45.0,57.0,100,0.0,1004,93,24.1,0.0,2.0,2023,3,21,4,1,80,12,0.8660254037844386,0.5000000000000001,1.0,6.123233995736766e-17,0.7818314824680298,0.6234898018587336,1,3,0,36.0,33.0,36.0,38.0,38.0,18.0,35.0,1.7320508075683025,36.0,33.0,32.0,9.444575162494047,38.0,13.0,36.75,8.258604328489131,45.0,13.0,31.666666666666668,9.457701562249959,45.0,13.0,24.2,24.5,24.7,93.0,93.0,91.0,2.33,3.0,3.0,1004.0,1005.0,1007.0,2241.3,186.0,48.2,0.0,0.7999822226172753,5.227035134766601,1.1817644652515793,22.413,23.1,0.024003960155418173,580.8100000000001,8649,4.0,1008016,301.0,50.166666666666664,0.0,0.0,-0.09999999999999787
95,122.8,24.0,24.0,41.3,56.7,100,0.5,1005,94,24.1,0.0,1.33,2023,3,21,5,1,80,12,0.9659258262890683,0.25881904510252074,1.0,6.123233995736766e-17,0.7818314824680298,0.6234898018587336,1,3,0,36.0,36.0,33.0,38.0,40.0,18.0,35.0,1.7320508075683025,36.0,33.0,31.166666666666668,9.020347369512224,36.0,13.0,36.166666666666664,8.255393094911295,45.0,13.0,32.291666666666664,8.999835103159587,45.0,13.0,24.1,24.4,24.6,93.0,93.0,92.0,2.0,2.66,3.0,1004.0,1005.0,1006.0,2265.4,125.02000000000001,32.053000000000004,50.0,0.7990121304568898,5.116453481104954,0.999958335069372,22.654,23.435000000000002,0.02398007564171578,580.8100000000001,8836,1.7689000000000001,1010025,301.8,50.300000000000004,-3.0,0.0,0.0
95,130.5,26.0,22.0,41.3,56.3,100,0.5,1005,94,24.2,0.0,0.66,2023,3,21,6,1,80,12,1.0,6.123233995736766e-17,1.0,6.123233995736766e-17,0.7818314824680298,0.6234898018587336,1,0,0,33.0,36.0,36.0,13.0,40.0,18.0,34.0,1.7320508075682706,36.0,33.0,34.5,1.6431676725153361,36.0,33.0,35.583333333333336,8.207073815072853,45.0,13.0,32.916666666666664,8.469399479079811,45.0,13.0,24.1,24.2,24.6,94.0,93.0,93.0,1.33,2.33,3.0,1005.0,1004.0,1006.0,2274.7999999999997,62.040000000000006,15.972,50.0,0.7990121304568898,5.019037729318103,0.8461213030268067,22.747999999999998,23.87,0.024079578030270617,585.64,8836,0.43560000000000004,1010025,309.1,51.51666666666667,0.0,-3.0,0.09999999999999787
87,138.3,28.0,20.0,43.0,56.0,100,0.0,1006,95,24.2,0.7,0.4,2023,3,21,7,1,80,12,0.9659258262890683,-0.25881904510252063,1.0,6.123233995736766e-17,0.7818314824680298,0.6234898018587336,1,0,0,33.0,33.0,36.0,36.0,43.0,18.0,31.666666666666668,2.3094010767579913,33.0,29.0,33.333333333333336,2.5819888974715095,36.0,29.0,34.416666666666664,8.050503466280842,45.0,13.0,33.375,7.905964726766432,45.0,13.0,24.2,24.1,24.5,94.0,93.0,93.0,0.66,2.0,3.0,1005.0,1004.0,1005.0,2299.0,38.0,9.68,0.0,0.6744029208623056,4.939109317524374,0.7142602049926788,22.99,24.0,0.024055642091807064,585.64,9025,0.16000000000000003,1012036,314.3,52.38333333333333,-4.0,-7.0,0.0
92,143.8,26.7,31.0,47.0,60.0,91,0.0,1006,88,25.1,1.0,0.33,2023,3,21,8,1,80,12,0.8660254037844387,-0.4999999999999998,1.0,6.123233995736766e-17,0.7818314824680298,0.6234898018587336,1,0,0,29.0,33.0,33.0,33.0,43.0,19.67,31.223333333333333,2.037064881963979,33.0,29.0,33.11166666666667,2.671856408317285,36.0,29.0,33.472500000000004,7.604363729285077,45.0,13.0,33.875,7.362296428130124,45.0,13.0,24.2,24.1,24.4,95.0,94.0,93.0,0.4,1.33,2.66,1006.0,1005.0,1005.0,2208.8,29.040000000000003,8.283000000000001,0.0,0.6738154507350909,5.385566083667278,1.1610052057975357,22.088,24.935000000000002,0.024950273409270966,630.0100000000001,7744,0.10890000000000001,1012036,340.17,56.695,2.6700000000000017,-1.3299999999999983,0.9000000000000021
98,149.2,25.3,42.0,51.0,64.0,83,0.0,1006,82,26.1,1.6,0.66,2023,3,21,9,1,80,12,0.7071067811865476,-0.7071067811865475,1.0,6.123233995736766e-17,0.7818314824680298,0.6234898018587336,1,0,0,31.67,29.0,33.0,36.0,45.0,21.33,31.666666666666668,2.6650015634762707,34.33,29.0,32.833333333333336,2.3820635311985585,36.0,29.0,32.583333333333336,6.704506399474886,38.0,13.0,34.416666666666664,6.860304003067073,45.0,13.0,25.1,24.2,24.2,88.0,94.0,93.0,0.33,0.66,2.33,1006.0,1005.0,1004.0,2140.2000000000003,54.120000000000005,17.226000000000003,0.0,0.6731240563910511,5.897000118572388,1.6600134382040235,21.402,25.770000000000003,0.025944308206453076,681.21,6724,0.43560000000000004,1012036,365.83,60.971666666666664,2.6599999999999966,1.3299999999999983,1.0
104,154.7,24.0,53.0,55.0,68.0,75,0.0,1007,77,27.0,2.4,1.0,2023,3,21,10,1,80,12,0.49999999999999994,-0.8660254037844387,1.0,6.123233995736766e-17,0.7818314824680298,0.6234898018587336,1,0,0,34.33,31.67,29.0,36.0,38.0,23.0,34.333333333333336,2.665001563476328,37.0,31.67,33.0,2.6660007501873437,37.0,29.0,32.5,6.636933848478869,38.0,13.0,35.0,6.4289880196285205,45.0,13.0,26.1,24.2,24.1,82.0,95.0,93.0,0.66,0.4,2.0,1006.0,1006.0,1004.0,2079.0,77.0,27.0,0.0,0.6727150415446992,6.44556476813466,2.2082413232781968,20.79,26.5,0.02681228717747053,729.0,5929,1.0,1014049,391.7,65.28333333333333,2.6700000000000017,8.0,0.8999999999999986
123,162.6,21.0,82.7,65.0,66.7,79,0.0,1006,73,27.9,3.1,1.33,2023,3,21,11,1,80,12,0.258819045102521,-0.9659258262890682,1.0,6.123233995736766e-17,0.7818314824680298,0.6234898018587336,1,0,0,37.0,34.33,31.67,33.0,38.0,26.67,38.443333333333335,4.993959684792399,44.0,34.33,34.833333333333336,5.222473232738119,44.0,29.0,33.0,7.283466956682413,44.0,13.0,35.72208333333334,6.42593520797609,45.0,13.0,27.0,25.1,24.1,77.0,88.0,94.0,1.0,0.33,1.33,1007.0,1006.0,1005.0,2036.6999999999998,97.09,37.107,0.0,0.6769126628821095,7.742488452930812,3.9379077186800626,20.366999999999997,27.235,0.027733570841380874,778.41,5329,1.7689000000000001,1012036,442.0,73.66666666666667,7.0,12.329999999999998,0.8999999999999986
142,170.6,18.0,112.3,75.0,65.3,83,0.25,1005,70,28.8,3.5,1.66,2023,3,21,12,1,80,12,1.2246467991473532e-16,-1.0,1.0,6.123233995736766e-17,0.7818314824680298,0.6234898018587336,1,1,0,44.0,37.0,34.33,33.0,13.0,30.33,44.0,6.999999999999934,51.0,37.0,37.833333333333336,8.250710676460914,51.0,29.0,36.166666666666664,5.932993010327918,51.0,29.0,36.583333333333336,7.028726563286872,51.0,13.0,27.9,26.1,24.2,73.0,82.0,94.0,1.33,0.66,0.66,1006.0,1006.0,1005.0,2016.0,116.19999999999999,47.808,20.75,0.6799909334542206,9.477251263818676,6.238542303205377,20.16,27.970000000000002,0.02865668790379313,829.44,4900,2.7556,1010025,492.2,82.03333333333333,7.0,16.67,0.9000000000000021
153,178.6,15.0,142.0,85.0,64.0,87,0.0,1004,67,29.7,3.3,2.0,2023,3,21,13,1,80,12,-0.2588190451025208,-0.9659258262890683,1.0,6.123233995736766e-17,0.7818314824680298,0.6234898018587336,1,1,0,51.0,44.0,37.0,29.0,36.0,34.0,51.0,6.999999999999989,58.0,44.0,42.666666666666664,10.284659773986988,58.0,31.67,38.0,8.652576074630415,58.0,29.0,37.583333333333336,8.246920198087789,58.0,13.0,28.8,27.0,24.2,70.0,77.0,95.0,1.66,1.0,0.4,1005.0,1007.0,1006.0,1989.8999999999999,134.0,59.4,0.0,0.6823449135892519,11.90587294180388,9.466035597626826,19.898999999999997,28.7,0.029581643842984222,882.0899999999999,4489,4.0,1008016,542.6,90.43333333333334,7.0,21.0,0.8999999999999986
150,184.2,16.3,153.7,77.9,69.0,91,0.0,1003,69,29.5,2.7,2.0,2023,3,21,14,1,80,12,-0.4999999999999997,-0.8660254037844388,1.0,6.123233995736766e-17,0.7818314824680298,0.6234898018587336,1,1,0,58.0,51.0,44.0,31.67,33.0,35.33,54.89000000000001,3.5645897379642837,58.0,51.0,46.666666666666664,9.808477285831172,58.0,34.33,39.88916666666667,9.853191876316489,58.0,29.0,38.43083333333333,9.014675916751697,58.0,13.0,29.7,27.9,25.1,67.0,73.0,88.0,2.0,1.33,0.33,1004.0,1006.0,1006.0,2035.5,138.0,59.0,0.0,0.7146249727217878,11.299920250291391,9.428869394515672,20.355,28.5,0.029411735382118265,870.25,4761,4.0,1006009,556.77,92.795,-2.3299999999999983,11.670000000000002,-0.1999999999999993
148,189.9,17.7,165.3,70.8,74.0,95,0.0,1002,70,29.2,1.9,2.0,2023,3,21,15,1,80,12,-0.7071067811865471,-0.7071067811865479,1.0,6.123233995736766e-17,0.7818314824680298,0.6234898018587336,1,1,0,55.67,58.0,51.0,34.33,36.0,36.67,55.666666666666664,2.335001784439083,58.0,53.33,49.833333333333336,7.912915181313773,58.0,37.0,41.333333333333336,10.481335214503067,58.0,29.0,39.125,9.50148867054667,58.0,13.0,29.5,28.8,26.1,69.0,70.0,82.0,2.0,1.66,0.66,1003.0,1005.0,1006.0,2044.0,140.0,58.4,0.0,0.7532379486165449,10.72820744590701,9.338455454494097,20.44,28.2,0.029141687483345825,852.64,4900,4.0,1004004,571.03,95.17166666666667,-2.3400000000000034,2.3299999999999983,-0.3000000000000007
142,195.5,19.0,177.0,63.8,79.0,100,0.0,1001,72,29.0,1.2,2.0,2023,3,21,16,1,80,12,-0.8660254037844385,-0.5000000000000004,1.0,6.123233995736766e-17,0.7818314824680298,0.6234898018587336,1,1,0,53.33,55.67,58.0,37.0,36.0,38.0,53.333333333333336,2.335001784439041,55.67,51.0,52.166666666666664,4.838824926225986,58.0,44.0,42.583333333333336,10.680024968759557,58.0,29.0,39.666666666666664,9.800419097812021,58.0,13.0,29.2,29.7,27.0,70.0,67.0,77.0,2.0,2.0,1.0,1002.0,1004.0,1007.0,2088.0,144.0,58.0,0.0,0.7993605115907275,10.288932161465185,9.315299194779222,20.88,28.0,0.028971000028971,841.0,5184,4.0,1002001,585.3,97.55,-2.3299999999999983,-7.0,-0.1999999999999993
153,225.9,38.3,139.7,72.5,82.7,100,1.5,1002,77,28.1,0.8,2.0,2023,3,21,17,1,80,12,-0.9659258262890683,-0.25881904510252063,1.0,6.123233995736766e-17,0.7818314824680298,0.6234898018587336,1,1,0,51.0,53.33,55.67,44.0,33.0,40.0,54.10999999999999,3.564589737964274,58.0,51.0,54.5,3.216762347454223,58.0,51.0,44.666666666666664,11.071840886052101,58.0,29.0,40.416666666666664,10.491422859802826,58.0,13.0,29.0,29.5,27.9,72.0,69.0,73.0,2.0,2.0,1.33,1001.0,1003.0,1006.0,2163.7000000000003,154.0,56.2,150.0,0.799988965669439,5.8980183285031735,3.6474243492337015,21.637000000000004,27.1,0.028043884187740335,789.6100000000001,5929,4.0,1004004,617.1,102.85000000000001,7.0,2.3299999999999983,-0.8999999999999986
161,256.2,57.7,102.3,80.0,86.3,100,0.0,1002,82,27.1,1.1,2.0,2023,3,21,18,1,80,12,-1.0,-1.8369701987210297e-16,1.0,6.123233995736766e-17,0.7818314824680298,0.6234898018587336,1,2,0,58.0,51.0,53.33,51.0,33.0,40.0,57.666666666666664,6.506407098647743,64.0,51.0,56.666666666666664,4.50713064672701,64.0,51.0,47.25,11.70091527111502,64.0,29.0,41.416666666666664,11.541247263870659,64.0,13.0,28.1,29.2,28.8,77.0,70.0,70.0,2.0,2.0,1.66,1002.0,1002.0,1005.0,2222.2000000000003,164.0,54.2,0.0,0.7999900001249984,4.440131020259614,1.772932878113031,22.222,26.1,0.02704588119173534,734.4100000000001,6724,4.0,1004004,646.5,107.75,6.0,10.670000000000002,-1.0
155,286.5,77.0,65.0,73.8,90.0,100,0.0,1002,88,26.2,0.0,2.0,2023,3,21,19,1,80,12,-0.9659258262890684,0.2588190451025203,1.0,6.123233995736766e-17,0.7818314824680298,0.6234898018587336,1,2,0,64.0,58.0,51.0,58.0,29.0,43.0,60.333333333333336,3.214550253664403,64.0,58.0,56.833333333333336,4.584127688739247,64.0,51.0,49.75,10.600281299869279,64.0,31.67,42.083333333333336,12.085940328464028,64.0,13.0,27.1,29.0,29.7,82.0,72.0,67.0,2.0,2.0,2.0,1002.0,1001.0,1004.0,2305.6,176.0,52.4,0.0,0.799447161962575,3.7207308995987063,0.8441448812353086,23.055999999999997,25.2,0.026147678495330843,686.4399999999999,7744,4.0,1004004,651.3,108.55,-5.0,8.0,-0.9000000000000021
163,290.2,75.3,53.0,81.3,89.7,100,0.0,1003,88,26.0,0.0,2.33,2023,3,21,20,1,80,12,-0.8660254037844386,0.5000000000000001,1.0,6.123233995736766e-17,0.7818314824680298,0.6234898018587336,1,2,0,59.0,64.0,58.0,55.67,31.67,43.0,62.666666666666664,3.214550253664423,65.0,59.0,58.38833333333333,5.58397856968182,65.0,51.0,52.527499999999996,9.76602471000143,65.0,34.33,43.0,12.961105025354343,65.0,13.0,26.2,28.1,29.5,88.0,77.0,69.0,2.0,2.0,2.0,1002.0,1002.0,1003.0,2288.0,205.04000000000002,60.58,0.0,0.7994981611542293,3.8538664825168323,0.7038419144500073,22.88,24.835,0.025922207455426265,676.0,7744,5.4289000000000005,1006009,654.5,109.08333333333333,6.0,7.0,-0.1999999999999993
168,293.9,73.7,41.0,86.3,89.3,100,0.0,1003,89,25.8,0.0,2.66,2023,3,21,21,1,80,12,-0.7071067811865477,0.7071067811865474,1.0,6.123233995736766e-17,0.7818314824680298,0.6234898018587336,1,2,0,65.0,59.0,64.0,53.33,34.33,45.0,64.33333333333333,5.033222956847243,69.0,59.0,61.0,6.356099432828213,69.0,51.0,55.416666666666664,8.990674292978213,69.0,37.0,44.0,14.005861505874737,69.0,13.0,26.0,27.1,29.2,88.0,82.0,70.0,2.33,2.0,2.0,1003.0,1002.0,1002.0,2296.2000000000003,236.74,68.628,0.0,0.7995272360691069,3.987734223416235,0.5563018140866474,22.962000000000003,24.47,0.025722805859615297,665.64,7921,7.0756000000000006,1006009,653.1999999999999,108.86666666666666,4.0,5.0,-0.1999999999999993
169,297.6,72.0,29.0,87.5,89.0,100,0.0,1004,89,25.6,0.0,3.0,2023,3,21,22,1,80,12,-0.5000000000000004,0.8660254037844384,1.0,6.123233995736766e-17,0.7818314824680298,0.6234898018587336,1,3,0,69.0,65.0,59.0,51.0,37.0,38.0,68.0,2.6457513110647737,70.0,65.0,64.16666666666667,4.956477243634409,70.0,58.0,58.166666666666664,7.8155117709859185,70.0,44.0,45.333333333333336,14.904199777730344,70.0,13.0,25.8,26.2,29.0,89.0,88.0,72.0,2.66,2.0,2.0,1003.0,1002.0,1001.0,2278.4,267.0,76.80000000000001,0.0,0.7999908572473458,4.13327592672324,0.40277218371967055,22.784000000000002,24.1,0.02549798257173051,655.3600000000001,7921,9.0,1008016,645.1,107.51666666666667,1.0,11.0,-0.1999999999999993
164,289.7,65.0,31.0,82.5,83.3,100,0.0,1004,90,25.5,0.0,2.66,2023,3,21,23,1,80,12,-0.25881904510252157,0.9659258262890681,1.0,6.123233995736766e-17,0.7818314824680298,0.6234898018587336,1,3,0,70.0,69.0,65.0,58.0,44.0,38.0,68.33333333333333,2.0816659994663675,70.0,66.0,65.5,3.937003937005787,70.0,59.0,60.0,6.689461182269185,70.0,51.0,46.5,15.393075235877843,70.0,13.0,25.6,26.0,28.1,89.0,88.0,77.0,3.0,2.33,2.0,1004.0,1003.0,1002.0,2295.0,239.4,67.83,0.0,0.7999903031478406,4.456854509930616,0.47691573975784984,22.95,24.17,0.025398381077309684,650.25,8100,7.0756000000000006,1008016,617.5,102.91666666666667,-4.0,1.0,-0.10000000000000142
150,281.7,58.0,33.0,67.5,77.7,100,0.0,1003,90,25.3,0.0,2.33,2023,3,22,0,2,81,12,0.0,1.0,1.0,6.123233995736766e-17,0.9749279121818236,-0.22252093395631434,1,3,0,66.0,70.0,69.0,64.0,51.0,13.0,63.333333333333336,8.326663997864573,70.0,54.0,63.833333333333336,6.177917664283469,70.0,54.0,60.25,6.371012478405246,70.0,51.0,48.208333333333336,13.695022792071816,70.0,29.0,25.5,25.8,27.1,90.0,89.0,82.0,2.66,2.66,2.0,1004.0,1003.0,1002.0,2277.0,209.70000000000002,58.949000000000005,0.0,0.7999881483237284,4.85681281357218,0.5689557076602128,22.77,24.135,0.025224301870087867,640.09,8100,5.4289000000000005,1006009,571.9,95.31666666666666,-12.0,-15.0,-0.1999999999999993
153,273.7,51.0,35.0,72.5,72.0,100,0.0,1003,91,25.2,0.0,2.0,2023,3,22,1,2,81,12,0.25881904510252074,0.9659258262890683,1.0,6.123233995736766e-17,0.9749279121818236,-0.22252093395631434,1,3,0,54.0,66.0,70.0,59.0,58.0,36.0,59.333333333333336,6.110100926607824,66.0,54.0,63.666666666666664,6.345602151621682,70.0,54.0,60.25,6.371012478405246,70.0,51.0,49.125,13.578116344996642,70.0,29.0,25.3,25.6,26.2,90.0,89.0,88.0,2.33,3.0,2.0,1003.0,1004.0,1002.0,2293.2,182.0,50.4,0.0,0.799988965669439,5.366561439971766,0.6862610537048294,22.932,24.2,0.02512460107218238,635.04,8281,4.0,1006009,562.2,93.7,4.0,-12.0,-0.10000000000000142
160,264.8,43.0,39.0,78.8,68.3,100,0.75,1003,91,25.1,0.0,2.0,2023,3,22,2,2,81,12,0.49999999999999994,0.8660254037844387,1.0,6.123233995736766e-17,0.9749279121818236,-0.22252093395631434,1,3,0,58.0,54.0,66.0,65.0,55.67,33.0,58.333333333333336,4.50924975282294,63.0,54.0,63.333333333333336,6.314005596027431,70.0,54.0,60.860833333333325,6.242060350896796,70.0,51.0,50.375,13.408953206233532,70.0,29.0,25.2,25.5,26.0,91.0,90.0,88.0,2.0,2.66,2.33,1003.0,1004.0,1003.0,2284.1,182.0,50.2,75.0,0.7994822400730955,6.157996325666845,0.9069556521941351,22.840999999999998,24.1,0.025024900274276896,630.0100000000001,8281,4.0,1006009,556.9,92.81666666666666,5.0,-3.0,-0.09999999999999787
165,255.8,35.0,43.0,83.8,64.7,100,1.0,1002,92,25.1,0.0,2.0,2023,3,22,3,2,81,12,0.7071067811865476,0.7071067811865476,1.0,6.123233995736766e-17,0.9749279121818236,-0.22252093395631434,1,3,0,63.0,58.0,54.0,69.0,53.33,36.0,62.666666666666664,4.509249752822966,67.0,58.0,63.0,5.99999999999992,70.0,54.0,62.0,5.984829305684275,70.0,51.0,51.666666666666664,13.457031349953342,70.0,29.0,25.1,25.3,25.8,91.0,90.0,89.0,2.0,2.33,2.66,1003.0,1003.0,1003.0,2309.2000000000003,184.0,50.2,100.0,0.7995131323015239,7.308362618210909,1.228536327533499,23.092000000000002,24.1,0.02504987519972535,630.0100000000001,8464,4.0,1004004,549.3000000000001,91.55000000000001,4.0,13.0,0.0
176,246.9,27.0,47.0,93.8,61.0,100,1.0,1002,93,25.0,0.0,2.0,2023,3,22,4,2,81,12,0.8660254037844386,0.5000000000000001,1.0,6.123233995736766e-17,0.9749279121818236,-0.22252093395631434,1,3,0,67.0,63.0,58.0,70.0,51.0,36.0,68.33333333333333,6.110100926607865,75.0,63.0,63.833333333333336,7.3598007219398065,75.0,54.0,64.0,5.984829305684286,75.0,54.0,53.291666666666664,13.832434997896003,75.0,29.0,25.1,25.2,25.6,92.0,91.0,89.0,2.0,2.0,3.0,1002.0,1003.0,1004.0,2325.0,186.0,50.0,100.0,0.7995650366200786,9.144105773860227,1.740676271249213,23.25,24.0,0.024950074900124852,625.0,8649,4.0,1004004,550.7,91.78333333333335,8.0,17.0,-0.10000000000000142
187,257.8,30.7,43.0,103.8,59.7,100,1.0,1002,93,24.8,0.0,2.0,2023,3,22,5,2,81,12,0.9659258262890683,0.25881904510252074,1.0,6.123233995736766e-17,0.9749279121818236,-0.22252093395631434,1,3,0,75.0,67.0,63.0,66.0,58.0,33.0,75.0,8.000000000000082,83.0,67.0,66.66666666666667,10.819735055289739,83.0,54.0,66.08333333333333,7.786448990315398,83.0,54.0,55.375,14.397162461975807,83.0,29.0,25.0,25.1,25.5,93.0,91.0,90.0,2.0,2.0,2.66,1002.0,1003.0,1004.0,2306.4,186.0,49.6,100.0,0.7996069402028883,8.397120614963683,1.4006058434578679,23.064,23.8,0.024750474300923853,615.0400000000001,8649,4.0,1004004,578.0,96.33333333333333,8.0,20.0,-0.1999999999999993
187,268.7,34.3,39.0,103.8,58.3,100,0.25,1003,94,24.7,0.0,2.0,2023,3,22,6,2,81,12,1.0,6.123233995736766e-17,1.0,6.123233995736766e-17,0.9749279121818236,-0.22252093395631434,1,0,0,83.0,75.0,67.0,54.0,64.0,33.0,80.33333333333333,4.618802153517177,83.0,75.0,71.5,10.502380682492849,83.0,58.0,67.66666666666667,9.138662457665642,83.0,54.0,57.458333333333336,14.634286621750292,83.0,29.0,24.8,25.1,25.3,93.0,92.0,90.0,2.0,2.0,2.33,1002.0,1002.0,1003.0,2321.7999999999997,188.0,49.4,25.0,0.7996069402028883,7.833590857409406,1.1369930905804497,23.217999999999996,23.7,0.024626097082654952,610.0899999999999,8836,4.0,1006009,587.0999999999999,97.84999999999998,0.0,16.0,-0.10000000000000142
192,279.5,38.0,35.0,108.8,57.0,100,0.0,1004,94,24.5,0.7,2.0,2023,3,22,7,2,81,12,0.9659258262890683,-0.25881904510252063,1.0,6.123233995736766e-17,0.9749279121818236,-0.22252093395631434,1,0,0,83.0,83.0,75.0,58.0,59.0,29.0,84.33333333333333,2.309401076758895,87.0,83.0,76.33333333333333,9.688481133111917,87.0,63.0,70.0,10.233634385069111,87.0,54.0,59.875,14.518954028681254,87.0,31.67,24.7,25.0,25.2,94.0,93.0,91.0,2.0,2.0,2.0,1003.0,1002.0,1003.0,2303.0,188.0,49.0,0.0,0.7996250034466594,7.355069603431489,0.9210283939896319,23.03,23.5,0.024402366133101462,600.25,8836,4.0,1008016,605.3,100.88333333333333,4.0,12.0,-0.1999999999999993
193,280.9,34.3,69.0,110.0,65.3,87,0.25,1004,88,25.7,1.4,2.0,2023,3,22,8,2,81,12,0.8660254037844387,-0.4999999999999998,1.0,6.123233995736766e-17,0.9749279121818236,-0.22252093395631434,1,0,0,87.0,83.0,83.0,63.0,65.0,31.67,86.0,2.645751311064949,88.0,83.0,80.5,8.043631020876006,88.0,67.0,71.91666666666667,11.309355204940353,88.0,54.0,62.22208333333333,14.31278388111618,88.0,34.33,24.5,24.8,25.1,94.0,93.0,91.0,2.0,2.0,2.0,1004.0,1002.0,1003.0,2261.6,176.0,51.4,21.75,0.7999927273388423,8.189265619078162,2.0116031602577187,22.616,24.7,0.025597584066151327,660.49,7744,4.0,1008016,647.5,107.91666666666667,1.0,5.0,1.1999999999999993
191,282.3,30.7,103.0,107.5,73.7,75,0.0,1004,82,26.8,2.4,2.0,2023,3,22,9,2,81,12,0.7071067811865476,-0.7071067811865475,1.0,6.123233995736766e-17,0.9749279121818236,-0.22252093395631434,1,0,0,88.0,87.0,83.0,67.0,69.0,34.33,87.0,1.0000000000009734,88.0,86.0,83.66666666666667,4.7187568984495645,88.0,75.0,73.33333333333333,11.9569936426216,88.0,54.0,64.375,13.812191841929492,88.0,37.0,25.7,24.7,25.1,88.0,94.0,92.0,2.0,2.0,2.0,1004.0,1003.0,1002.0,2197.6,164.0,53.6,0.0,0.7999925582087608,9.19514022344549,3.3549395785153577,21.976,25.8,0.026693200504780374,718.24,6724,4.0,1008016,683.2,113.86666666666667,-2.0,3.0,1.1000000000000014
189,283.6,27.0,137.0,106.3,82.0,62,0.0,1004,76,28.0,4.3,2.0,2023,3,22,10,2,81,12,0.49999999999999994,-0.8660254037844387,1.0,6.123233995736766e-17,0.9749279121818236,-0.22252093395631434,1,0,0,86.0,88.0,87.0,75.0,70.0,37.0,86.33333333333333,1.5275252316525716,88.0,85.0,85.33333333333333,2.0655911179769526,88.0,83.0,74.58333333333333,12.354302403567122,88.0,54.0,66.375,13.13452602544325,88.0,44.0,26.8,24.5,25.0,82.0,94.0,93.0,2.0,2.0,2.0,1004.0,1004.0,1002.0,2128.0,152.0,56.0,0.0,0.7996161842315689,10.503314692048443,5.073886152364727,21.28,27.0,0.027888418437830242,784.0,5776,4.0,1008016,720.9,120.14999999999999,-1.0,-2.0,1.1999999999999993
183,255.4,20.7,162.0,100.0,72.3,50,0.0,1003,67,29.9,7.1,2.33,2023,3,22,11,2,81,12,0.258819045102521,-0.9659258262890682,1.0,6.123233995736766e-17,0.9749279121818236,-0.22252093395631434,1,0,0,85.0,86.0,88.0,83.0,66.0,44.0,83.66666666666667,3.21455025366459,86.0,80.0,84.83333333333333,2.92688685580179,88.0,80.0,75.75,12.129041032317144,88.0,54.0,67.875,12.5088886657519,88.0,51.0,28.0,25.7,24.8,76.0,88.0,93.0,2.0,2.0,2.0,1004.0,1004.0,1002.0,2003.3,156.11,69.667,0.0,0.7999920000799992,12.337568233418676,7.825708902951548,20.033,28.735,0.029810538573740206,894.0099999999999,4489,5.4289000000000005,1006009,690.4,115.06666666666666,-5.0,-8.0,1.8999999999999986
185,227.2,14.3,187.0,102.5,62.7,37,0.0,1002,60,31.7,8.0,2.66,2023,3,22,12,2,81,12,1.2246467991473532e-16,-1.0,1.0,6.123233995736766e-17,0.9749279121818236,-0.22252093395631434,1,1,0,80.0,85.0,86.0,83.0,54.0,51.0,82.33333333333333,2.5166114784239135,85.0,80.0,84.66666666666667,3.0767948691235976,88.0,80.0,78.08333333333333,10.085618323617728,88.0,58.0,69.16666666666667,12.28921608094106,88.0,51.0,29.9,26.8,24.7,67.0,82.0,94.0,2.33,2.0,2.0,1003.0,1004.0,1003.0,1902.0,159.60000000000002,84.322,0.0,0.7999921951980956,15.88700090902734,13.076008670722327,19.02,30.369999999999997,0.03163669497335831,1004.89,3600,7.0756000000000006,1004004,675.7,112.61666666666667,2.0,-4.0,1.8000000000000007
188,199.0,8.0,212.0,105.0,53.0,25,0.0,1001,53,33.6,9.3,3.0,2023,3,22,13,2,81,12,-0.2588190451025208,-0.9659258262890683,1.0,6.123233995736766e-17,0.9749279121818236,-0.22252093395631434,1,1,0,82.0,80.0,85.0,87.0,58.0,58.0,82.0,2.0000000000004086,84.0,80.0,84.16666666666667,2.857738033246805,88.0,80.0,80.25,7.944409126148605,88.0,63.0,70.25,12.407462340830726,88.0,51.0,31.7,28.0,24.5,60.0,76.0,94.0,2.66,2.0,2.0,1002.0,1004.0,1004.0,1780.8000000000002,159.0,100.80000000000001,0.0,0.7999923810249426,24.871891013623298,26.49668791401075,17.808000000000003,32.1,0.0335664000335664,1128.96,2809,9.0,1002001,661.0,110.16666666666667,2.0,-1.0,1.9000000000000021
180,187.1,11.0,191.7,97.5,46.3,25,0.25,1000,54,33.7,7.1,3.0,2023,3,22,14,2,81,12,-0.4999999999999997,-0.8660254037844388,1.0,6.123233995736766e-17,0.9749279121818236,-0.22252093395631434,1,1,0,84.0,82.0,80.0,88.0,63.0,55.67,81.33333333333333,3.0550504633041538,84.0,78.0,82.5,3.08220700148428,86.0,78.0,81.5,5.900693333683659,88.0,67.0,71.18041666666666,12.10003179268799,88.0,51.0,33.6,29.9,25.7,53.0,67.0,88.0,3.0,2.33,2.0,1001.0,1003.0,1004.0,1819.8000000000002,162.0,101.10000000000001,6.25,0.7999917949559491,17.007544768657397,17.42568857376602,18.198,32.2,0.033699966300033704,1135.6900000000003,2916,9.0,1000000,611.5999999999999,101.93333333333332,-6.0,-2.0,0.10000000000000142
188,175.3,14.0,171.3,105.0,39.7,25,0.0,999,54,33.9,4.2,3.0,2023,3,22,15,2,81,12,-0.7071067811865471,-0.7071067811865479,1.0,6.123233995736766e-17,0.9749279121818236,-0.22252093395631434,1,1,0,78.0,84.0,82.0,86.0,67.0,53.33,82.0,3.464101615137989,84.0,78.0,82.16666666666667,2.714160398109404,85.0,78.0,82.91666666666667,3.7527767497321736,88.0,75.0,72.45833333333333,11.747263017647947,88.0,51.0,33.7,31.7,26.8,54.0,60.0,82.0,3.0,2.66,2.0,1000.0,1002.0,1004.0,1830.6,162.0,101.69999999999999,0.0,0.7999923810249426,12.520534247553748,12.234840368545106,18.305999999999997,32.4,0.0339338999660661,1149.2099999999998,2916,9.0,998001,589.3000000000001,98.21666666666668,6.0,2.0,0.19999999999999574
176,163.4,17.0,151.0,93.8,33.0,25,0.0,999,55,34.0,2.0,3.0,2023,3,22,16,2,81,12,-0.8660254037844385,-0.5000000000000004,1.0,6.123233995736766e-17,0.9749279121818236,-0.22252093395631434,1,1,0,84.0,78.0,84.0,85.0,75.0,51.0,79.0,4.582575694956001,84.0,75.0,80.5,3.563705936240917,84.0,75.0,82.91666666666667,3.7527767497321736,88.0,75.0,73.45833333333333,10.826614415880291,88.0,54.0,33.9,33.6,28.0,54.0,53.0,76.0,3.0,3.0,2.0,999.0,1001.0,1004.0,1870.0,165.0,102.0,0.0,0.7995650366200786,9.611199341215222,8.881830480559966,18.7,32.5,0.034033999965966004,1156.0,3025,9.0,998001,533.2,88.86666666666667,-9.0,-9.0,0.10000000000000142
173,197.8,32.3,129.3,91.3,47.3,25,0.0,999,63,31.9,1.6,2.66,2023,3,22,17,2,81,12,-0.9659258262890683,-0.25881904510252063,1.0,6.123233995736766e-17,0.9749279121818236,-0.22252093395631434,1,1,0,75.0,84.0,78.0,80.0,83.0,58.0,77.33333333333333,5.859465277082433,84.0,73.0,79.33333333333333,4.71875689844957,84.0,73.0,82.08333333333333,4.718596350096973,88.0,73.0,74.08333333333333,10.316372241824451,88.0,54.0,34.0,33.7,29.9,55.0,54.0,67.0,3.0,3.0,2.33,999.0,1000.0,1003.0,2009.6999999999998,167.58,84.854,0.0,0.7995531264717801,6.123649422618496,4.002972044209159,20.096999999999998,30.57,0.0319318999680681,1017.6099999999999,3969,7.0756000000000006,998001,571.0,95.16666666666667,-2.0,-5.0,-2.1000000000000014
152,232.3,47.7,107.7,71.3,61.7,25,0.0,1000,73,29.8,1.7,2.33,2023,3,22,18,2,81,12,-1.0,-1.8369701987210297e-16,1.0,6.123233995736766e-17,0.9749279121818236,-0.22252093395631434,1,2,0,73.0,75.0,84.0,82.0,83.0,64.0,68.33333333333333,9.865765724632539,75.0,57.0,75.16666666666667,9.988326519826298,84.0,57.0,79.91666666666667,8.617723105040461,88.0,57.0,73.79166666666667,10.705460478558267,88.0,54.0,31.9,33.9,31.7,63.0,54.0,60.0,2.66,3.0,2.66,999.0,999.0,1002.0,2175.4,170.09,69.434,0.0,0.7994277780115285,4.869918869625375,2.257814301586969,21.754,28.635,0.0297999702000298,888.0400000000001,5329,5.4289000000000005,1000000,577.7,96.28333333333335,-16.0,-27.0,-2.099999999999998
163,266.7,63.0,86.0,81.3,76.0,25,0.0,1000,84,27.7,0.0,2.0,2023,3,22,19,2,81,12,-0.9659258262890684,0.2588190451025203,1.0,6.123233995736766e-17,0.9749279121818236,-0.22252093395631434,1,2,0,57.0,73.0,75.0,84.0,87.0,59.0,65.0,8.000000000000043,73.0,57.0,72.0,9.633275663033766,84.0,57.0,78.08333333333333,9.28790350483617,88.0,57.0,74.04166666666667,10.411027459075553,88.0,54.0,29.8,34.0,33.6,73.0,55.0,53.0,2.33,3.0,3.0,1000.0,999.0,1001.0,2326.7999999999997,168.0,55.4,0.0,0.7994981611542293,4.23326613863272,1.3650576974968651,23.267999999999997,26.7,0.0276999723000277,767.29,7056,4.0,1000000,638.0,106.33333333333333,8.0,-10.0,-2.1000000000000014
152,256.8,58.0,73.0,71.3,73.3,41,0.0,1001,85,27.1,0.0,2.0,2023,3,22,20,2,81,12,-0.8660254037844386,0.5000000000000001,1.0,6.123233995736766e-17,0.9749279121818236,-0.22252093395631434,1,2,0,65.0,57.0,73.0,78.0,88.0,65.0,59.666666666666664,4.618802153517055,65.0,57.0,68.5,10.765686229869354,84.0,57.0,75.5,10.509735746180377,86.0,57.0,73.70833333333333,10.832636543923904,88.0,54.0,27.7,31.9,33.7,84.0,63.0,54.0,2.0,2.66,3.0,1000.0,999.0,1000.0,2303.5,170.0,54.2,0.0,0.7994277780115285,4.427509870519474,1.258598989672592,23.035,26.1,0.027072900027072903,734.4100000000001,7225,4.0,1002001,589.4,98.23333333333333,-8.0,-16.0,-0.5999999999999979
145,246.9,53.0,60.0,65.0,70.7,58,0.0,1002,86,26.6,0.0,2.0,2023,3,22,21,2,81,12,-0.7071067811865477,0.7071067811865474,1.0,6.123233995736766e-17,0.9749279121818236,-0.22252093395631434,1,2,0,57.0,65.0,57.0,84.0,86.0,69.0,58.0,6.557438524302027,65.0,52.0,63.166666666666664,9.38971068066878,75.0,52.0,72.66666666666667,11.91128825437382,85.0,52.0,73.0,11.676807187196273,88.0,52.0,27.1,29.8,33.9,85.0,73.0,54.0,2.0,2.33,3.0,1001.0,1000.0,999.0,2287.6,172.0,53.2,0.0,0.7999876924970385,4.658402671647705,1.1320541121865626,22.875999999999998,25.6,0.02654687969373284,707.5600000000001,7396,4.0,1004004,547.6,91.26666666666667,-5.0,-5.0,-0.5
139,236.9,48.0,47.0,62.5,68.0,75,0.0,1003,87,26.0,0.0,2.0,2023,3,22,22,2,81,12,-0.5000000000000004,0.8660254037844384,1.0,6.123233995736766e-17,0.9749279121818236,-0.22252093395631434,1,3,0,52.0,57.0,65.0,75.0,85.0,70.0,53.0,3.6055512754639945,57.0,50.0,59.0,8.602325267042552,73.0,50.0,69.75,12.863796979401853,84.0,50.0,72.16666666666667,12.579025560748857,88.0,50.0,26.6,27.7,34.0,86.0,84.0,55.0,2.0,2.0,3.0,1002.0,1000.0,999.0,2262.0,174.0,52.0,0.0,0.7999872002047967,4.935313847628175,0.9791462677860878,22.62,25.0,0.025922207455426265,676.0,7569,4.0,1006009,512.4,85.39999999999999,-2.0,-15.0,-0.6000000000000014
126,218.5,42.0,49.3,56.3,68.3,75,0.0,1002,89,25.6,0.0,2.0,2023,3,22,23,2,81,12,-0.25881904510252157,0.9659258262890681,1.0,6.123233995736766e-17,0.9749279121818236,-0.22252093395631434,1,3,0,50.0,52.0,57.0,73.0,80.0,66.0,49.0,3.605551275463961,52.0,45.0,54.333333333333336,6.918574034197031,65.0,45.0,66.83333333333333,14.224392195567741,84.0,45.0,71.29166666666667,13.706485823258655,88.0,45.0,26.0,27.1,31.9,87.0,85.0,63.0,2.0,2.0,2.66,1003.0,1001.0,999.0,2278.4,178.0,51.2,0.0,0.7992753237065062,5.202257089116926,1.173781576629128,22.784000000000002,24.6,0.02554887669772785,655.3600000000001,7921,4.0,1004004,479.40000000000003,79.9,-5.0,-12.0,-0.3999999999999986
121,200.0,36.0,51.7,53.8,68.7,75,0.0,1002,91,25.1,0.0,2.0,2023,3,23,0,3,82,12,0.0,1.0,1.0,6.123233995736766e-17,0.43388373911755823,-0.900968867902419,1,3,0,45.0,50.0,52.0,57.0,82.0,54.0,46.0,3.605551275463936,50.0,43.0,52.0,8.099382692526557,65.0,43.0,63.583333333333336,14.884148574502792,84.0,43.0,70.83333333333333,14.47236246651945,88.0,43.0,25.6,26.6,29.8,89.0,86.0,73.0,2.0,2.0,2.33,1002.0,1002.0,1000.0,2284.1,182.0,50.2,0.0,0.7992416497834613,5.5554012388544765,1.4360712202438823,22.840999999999998,24.1,0.02504987519972535,630.0100000000001,8281,4.0,1004004,453.2,75.53333333333333,-2.0,-9.0,-0.5
115,181.5,30.0,54.0,51.3,69.0,75,0.0,1002,93,24.7,0.0,2.0,2023,3,23,1,3,82,12,0.25881904510252074,0.9659258262890683,1.0,6.123233995736766e-17,0.43388373911755823,-0.900968867902419,1,3,0,43.0,45.0,50.0,65.0,84.0,58.0,43.0,1.9999999999998583,45.0,41.0,48.0,6.066300355241136,57.0,41.0,60.0,14.69693845669887,84.0,41.0,70.125,15.50683579979298,88.0,41.0,25.1,26.0,27.7,91.0,87.0,84.0,2.0,2.0,2.0,1002.0,1003.0,1000.0,2297.1,186.0,49.4,0.0,0.7992046938656168,6.0497983400553315,1.7999400019999332,22.971,23.7,0.024650674001323352,610.0899999999999,8649,4.0,1004004,426.8,71.13333333333334,-2.0,-9.0,-0.40000000000000213
121,173.5,25.3,56.0,53.8,66.3,83,0.0,1002,92,24.9,0.0,2.0,2023,3,23,2,3,82,12,0.49999999999999994,0.8660254037844387,1.0,6.123233995736766e-17,0.43388373911755823,-0.900968867902419,1,3,0,41.0,43.0,45.0,57.0,78.0,63.0,42.333333333333336,1.1547005383789883,43.0,41.0,45.666666666666664,4.36653943834994,52.0,41.0,57.083333333333336,14.266670206739644,84.0,41.0,69.29166666666667,16.417062086019957,88.0,41.0,24.7,25.6,27.1,93.0,89.0,85.0,2.0,2.0,2.0,1002.0,1002.0,1001.0,2290.7999999999997,184.0,49.8,0.0,0.7992416497834613,6.857436464961859,2.213351250938698,22.907999999999998,23.9,0.02485027460052435,620.0099999999999,8464,4.0,1004004,417.90000000000003,69.65,2.0,-2.0,0.1999999999999993
134,165.5,20.7,58.0,60.0,63.7,91,0.0,1002,91,25.0,0.0,2.0,2023,3,23,3,3,82,12,0.7071067811865476,0.7071067811865476,1.0,6.123233995736766e-17,0.43388373911755823,-0.900968867902419,1,3,0,43.0,41.0,43.0,52.0,84.0,67.0,44.0,3.605551275463919,48.0,41.0,45.0,3.4058772731850966,50.0,41.0,54.083333333333336,11.634262357625172,75.0,41.0,68.5,16.980807580529223,88.0,41.0,24.9,25.1,26.6,92.0,91.0,86.0,2.0,2.0,2.0,1002.0,1002.0,1002.0,2275.0,182.0,50.0,0.0,0.7999866668888852,7.994782860731365,2.801797014636974,22.75,24.0,0.024950074900124852,625.0,8281,4.0,1004004,415.9,69.31666666666666,5.0,5.0,0.10000000000000142
145,157.6,16.0,60.0,65.0,61.0,100,0.5,1002,89,25.2,0.0,2.0,2023,3,23,4,3,82,12,0.8660254037844386,0.5000000000000001,1.0,6.123233995736766e-17,0.43388373911755823,-0.900968867902419,1,3,0,48.0,43.0,41.0,50.0,75.0,75.0,47.666666666666664,4.5092497528228614,52.0,43.0,45.333333333333336,4.03319558993429,52.0,41.0,52.166666666666664,9.590083261874744,73.0,41.0,67.54166666666667,17.24498456808893,88.0,41.0,25.0,24.7,26.0,91.0,93.0,87.0,2.0,2.0,2.0,1002.0,1002.0,1003.0,2242.7999999999997,178.0,50.4,50.0,0.7999876924970385,9.849384413474157,3.7497656396475216,22.427999999999997,24.2,0.025149675499325848,635.04,7921,4.0,1004004,411.6,68.60000000000001,4.0,11.0,0.1999999999999993
145,190.3,22.3,51.0,65.0,61.0,100,0.0,1002,89,25.1,0.0,2.0,2023,3,23,5,3,82,12,0.9659258262890683,0.25881904510252074,1.0,6.123233995736766e-17,0.43388373911755823,-0.900968867902419,1,3,0,52.0,48.0,43.0,45.0,73.0,83.0,50.666666666666664,2.309401076758473,52.0,48.0,46.5,4.847679857416195,52.0,41.0,50.416666666666664,7.012434842780027,65.0,41.0,66.25,17.197699542823152,88.0,41.0,25.2,24.9,25.6,89.0,92.0,89.0,2.0,2.0,2.0,1002.0,1002.0,1002.0,2233.9,178.0,50.2,0.0,0.7999876924970385,8.533249630061432,2.2868929644410563,22.339000000000002,24.1,0.02504987519972535,630.0100000000001,7921,4.0,1004004,441.6,73.60000000000001,0.0,9.0,-0.09999999999999787
129,222.9,28.7,42.0,57.5,61.0,100,0.0,1003,90,25.1,0.0,2.0,2023,3,23,6,3,82,12,1.0,6.123233995736766e-17,1.0,6.123233995736766e-17,0.43388373911755823,-0.900968867902419,1,0,0,52.0,52.0,48.0,43.0,57.0,83.0,50.0,3.4641016151377273,52.0,46.0,47.0,4.560701700396408,52.0,41.0,49.5,6.789028582271686,65.0,41.0,64.70833333333333,17.289049478906012,88.0,41.0,25.1,25.0,25.1,89.0,91.0,91.0,2.0,2.0,2.0,1002.0,1002.0,1002.0,2259.0,180.0,50.2,0.0,0.7999860871984835,7.766279920560259,1.4633636458659978,22.59,24.1,0.025024900274276896,630.0100000000001,8100,4.0,1006009,458.1,76.35000000000001,-6.0,-2.0,0.0
139,255.6,35.0,33.0,62.5,61.0,100,0.0,1003,90,25.0,1.6,2.0,2023,3,23,7,3,82,12,0.9659258262890683,-0.25881904510252063,1.0,6.123233995736766e-17,0.43388373911755823,-0.900968867902419,1,0,0,46.0,52.0,52.0,41.0,65.0,87.0,49.333333333333336,3.0550504633038558,52.0,46.0,48.5,3.563705936240901,52.0,43.0,48.25,4.750598048474998,57.0,41.0,63.166666666666664,16.85917803624997,88.0,41.0,25.1,25.2,24.7,90.0,89.0,93.0,2.0,2.0,2.0,1003.0,1002.0,1002.0,2250.0,180.0,50.0,0.0,0.7999872002047967,7.302648495757264,0.94283020485129,22.5,24.0,0.02492519947637141,625.0,8100,4.0,1006009,497.1,82.85000000000001,4.0,-2.0,-0.10000000000000142
150,234.6,28.0,64.7,67.5,68.7,100,0.0,1004,86,25.7,1.7,1.66,2023,3,23,8,3,82,12,0.8660254037844387,-0.4999999999999998,1.0,6.123233995736766e-17,0.43388373911755823,-0.900968867902419,1,0,0,50.0,46.0,52.0,43.0,57.0,88.0,50.0,3.999999999999977,54.0,46.0,50.333333333333336,2.9439202887757077,54.0,46.0,48.0,4.306443375390783,54.0,41.0,61.75,16.09280152333855,86.0,41.0,25.0,25.1,24.9,90.0,89.0,92.0,2.0,2.0,2.0,1003.0,1002.0,1002.0,2210.2,142.76,42.662,0.0,0.7999881483237284,8.378272204564123,2.3106317631513162,22.101999999999997,24.87,0.025597584066151327,660.49,7396,2.7556,1008016,517.5,86.25,4.0,2.0,0.6999999999999993
156,213.6,21.0,96.3,75.0,76.3,100,0.0,1004,83,26.4,3.2,1.33,2023,3,23,9,3,82,12,0.7071067811865476,-0.7071067811865475,1.0,6.123233995736766e-17,0.43388373911755823,-0.900968867902419,1,0,0,54.0,50.0,46.0,48.0,52.0,86.0,54.666666666666664,5.033222956847174,60.0,50.0,52.333333333333336,4.633213427704923,60.0,46.0,48.666666666666664,5.44949260912999,60.0,41.0,60.666666666666664,15.242009072944173,85.0,41.0,25.7,25.1,25.0,86.0,90.0,91.0,1.66,2.0,2.0,1004.0,1003.0,1002.0,2191.2,110.39,35.112,0.0,0.7999893334755536,10.17094424075044,4.5854959287652965,21.912,25.735,0.026294794527097085,696.9599999999999,6889,1.7689000000000001,1008016,542.1999999999999,90.36666666666666,6.0,14.0,0.6999999999999993
165,192.6,14.0,128.0,83.8,84.0,100,0.0,1005,79,27.1,7.4,1.0,2023,3,23,10,3,82,12,0.49999999999999994,-0.8660254037844387,1.0,6.123233995736766e-17,0.43388373911755823,-0.900968867902419,1,0,0,60.0,54.0,50.0,52.0,50.0,85.0,60.333333333333336,6.506407098647742,67.0,54.0,54.833333333333336,7.547626558506001,67.0,46.0,50.083333333333336,7.609304511682259,67.0,41.0,59.916666666666664,14.41290685663282,84.0,41.0,26.4,25.0,25.2,83.0,90.0,89.0,1.33,2.0,2.0,1004.0,1003.0,1002.0,2140.9,79.0,27.1,0.0,0.7995131323015239,13.756160274266124,9.142204128276552,21.409000000000002,26.6,0.0269651472983609,734.4100000000001,6241,1.0,1010025,569.4000000000001,94.90000000000002,7.0,17.0,0.7000000000000028
180,200.2,12.0,165.0,97.5,88.7,91,0.0,1004,74,28.2,10.0,1.33,2023,3,23,11,3,82,12,0.258819045102521,-0.9659258262890682,1.0,6.123233995736766e-17,0.43388373911755823,-0.900968867902419,1,0,0,67.0,60.0,54.0,52.0,45.0,80.0,68.33333333333333,9.073771725877513,78.0,60.0,59.166666666666664,11.839200423451958,78.0,46.0,52.833333333333336,10.869752304054968,78.0,41.0,59.833333333333336,14.297055539566585,84.0,41.0,27.1,25.7,25.1,79.0,86.0,89.0,1.0,1.66,2.0,1005.0,1004.0,1002.0,2086.7999999999997,98.42,37.506,0.0,0.7999917949559491,16.681943171402384,13.748854262144821,20.868,27.535,0.028087621426671885,795.24,5476,1.7689000000000001,1008016,641.4000000000001,106.90000000000002,11.0,24.0,1.0999999999999979
179,207.8,10.0,202.0,96.3,93.3,83,0.25,1003,69,29.4,10.5,1.66,2023,3,23,12,3,82,12,1.2246467991473532e-16,-1.0,1.0,6.123233995736766e-17,0.43388373911755823,-0.900968867902419,1,1,0,78.0,67.0,60.0,46.0,43.0,82.0,74.0,6.082762530298315,78.0,67.0,64.33333333333333,11.707547423208027,78.0,50.0,55.666666666666664,12.39745819500768,78.0,41.0,59.625,13.993204872676523,84.0,41.0,28.2,26.4,25.1,74.0,83.0,90.0,1.33,1.33,2.0,1004.0,1004.0,1003.0,2028.6,114.53999999999999,48.803999999999995,20.75,0.7995763283870365,20.777922207779223,20.197980201979803,20.285999999999998,28.57,0.029312034584212776,864.3599999999999,4761,2.7556,1006009,686.4,114.39999999999999,-1.0,17.0,1.1999999999999993
193,215.3,8.0,239.0,110.0,98.0,75,0.0,1002,64,30.5,9.2,2.0,2023,3,23,13,3,82,12,-0.2588190451025208,-0.9659258262890683,1.0,6.123233995736766e-17,0.43388373911755823,-0.900968867902419,1,1,0,77.0,78.0,67.0,50.0,41.0,84.0,81.0,6.082762530298344,88.0,77.0,70.66666666666667,12.643839079435672,88.0,54.0,59.583333333333336,14.57556069923087,88.0,43.0,59.791666666666664,14.316239385569448,88.0,41.0,29.4,27.1,25.0,69.0,79.0,90.0,1.66,1.0,2.0,1003.0,1005.0,1003.0,1952.0,128.0,61.0,0.0,0.7999927273388423,26.90913635795526,29.871266091738534,19.52,29.5,0.030439091378152316,930.25,4096,4.0,1004004,758.3,126.38333333333333,11.0,21.0,1.1000000000000014
183,219.8,10.0,246.7,100.0,95.7,66,0.0,1001,64,31.2,7.6,2.0,2023,3,23,14,3,82,12,-0.4999999999999997,-0.8660254037844388,1.0,6.123233995736766e-17,0.43388373911755823,-0.900968867902419,1,1,0,88.0,77.0,78.0,54.0,43.0,78.0,81.66666666666667,5.686240703077462,88.0,77.0,75.0,9.959919678390873,88.0,60.0,62.666666666666664,14.661844937445323,88.0,46.0,59.875,14.43218775786482,88.0,41.0,30.5,28.2,25.7,64.0,74.0,86.0,2.0,1.33,1.66,1002.0,1004.0,1004.0,1996.8,128.0,62.4,0.0,0.7999920000799992,21.977802219778024,24.667533246675333,19.968,30.2,0.0311688000311688,973.4399999999999,4096,4.0,1002001,752.2,125.36666666666667,-8.0,2.0,0.6999999999999993
183,224.3,12.0,254.3,100.0,93.3,58,0.0,1000,64,32.0,5.3,2.0,2023,3,23,15,3,82,12,-0.7071067811865471,-0.7071067811865479,1.0,6.123233995736766e-17,0.43388373911755823,-0.900968867902419,1,1,0,80.0,88.0,77.0,60.0,48.0,84.0,82.66666666666667,4.618802153517179,88.0,80.0,78.33333333333333,6.772493386239977,88.0,67.0,65.33333333333333,14.661844937445334,88.0,46.0,59.708333333333336,14.162041018056112,88.0,41.0,31.2,29.4,26.4,64.0,69.0,83.0,2.0,1.66,1.33,1001.0,1003.0,1004.0,2048.0,128.0,64.0,0.0,0.7999920000799992,18.690109157570205,21.189900841596536,20.48,31.0,0.031999968000032,1024.0,4096,4.0,1000000,763.9,127.31666666666666,0.0,3.0,0.8000000000000007
175,228.8,14.0,262.0,92.5,91.0,50,0.0,999,64,32.7,3.1,2.0,2023,3,23,16,3,82,12,-0.8660254037844385,-0.5000000000000004,1.0,6.123233995736766e-17,0.43388373911755823,-0.900968867902419,1,1,0,80.0,80.0,88.0,67.0,52.0,75.0,78.0,3.4641016151379467,80.0,74.0,79.5,4.722287581246771,88.0,74.0,67.16666666666667,14.21160430668162,88.0,46.0,59.666666666666664,14.116492564332079,88.0,41.0,32.0,30.5,27.1,64.0,64.0,79.0,2.0,2.0,1.0,1000.0,1002.0,1005.0,2092.8,128.0,65.4,0.0,0.7999913514448492,16.34168987929434,18.712949075066067,20.928,31.700000000000003,0.032732699967267305,1069.2900000000002,4096,4.0,998001,762.3,127.05,-6.0,-14.0,0.7000000000000028
156,335.8,61.3,188.7,75.0,95.3,41,0.0,1000,68,31.5,1.3,2.0,2023,3,23,17,3,82,12,-0.9659258262890683,-0.25881904510252063,1.0,6.123233995736766e-17,0.43388373911755823,-0.900968867902419,1,1,0,74.0,80.0,80.0,78.0,52.0,73.0,71.33333333333333,10.263202878893814,80.0,60.0,76.5,9.332738076255948,88.0,60.0,67.83333333333333,13.610379283562194,88.0,46.0,59.125,13.82912018956353,88.0,41.0,32.7,31.2,28.2,64.0,64.0,74.0,2.0,2.0,1.33,999.0,1001.0,1004.0,2142.0,136.0,63.0,0.0,0.7999893334755536,5.477887799546501,3.0782532095724378,21.42,30.5,0.0314999685000315,992.25,4624,4.0,1000000,816.0999999999999,136.01666666666665,-14.0,-20.0,-1.2000000000000028
156,442.8,108.7,115.3,75.0,99.7,33,0.0,1000,72,30.3,1.7,2.0,2023,3,23,18,3,82,12,-1.0,-1.8369701987210297e-16,1.0,6.123233995736766e-17,0.43388373911755823,-0.900968867902419,1,2,0,60.0,74.0,80.0,77.0,46.0,57.0,64.66666666666667,8.082903768654795,74.0,60.0,73.66666666666667,11.483321238503446,88.0,60.0,69.0,12.083045973594357,88.0,50.0,59.25,13.8226342421156,88.0,41.0,31.5,32.0,29.4,68.0,64.0,69.0,2.0,2.0,1.66,1000.0,1000.0,1003.0,2181.6,144.0,60.6,0.0,0.7999893334755536,4.073559580868621,1.0607078131755916,21.816,29.3,0.0302999697000303,918.09,5184,4.0,1000000,901.5,150.25,0.0,-20.0,-1.1999999999999993
172,549.8,156.0,42.0,90.0,104.0,25,0.0,1001,76,29.1,0.0,2.0,2023,3,23,19,3,82,12,-0.9659258262890684,0.2588190451025203,1.0,6.123233995736766e-17,0.43388373911755823,-0.900968867902419,1,2,0,60.0,60.0,74.0,88.0,50.0,65.0,64.0,6.928203230275545,72.0,60.0,71.0,9.099450532861741,80.0,60.0,70.83333333333333,10.50396750439225,88.0,54.0,59.541666666666664,14.02165767867599,88.0,41.0,30.3,32.7,30.5,72.0,64.0,64.0,2.0,2.0,2.0,1000.0,999.0,1002.0,2211.6,152.0,58.2,0.0,0.7999911112098754,3.5243363824590865,0.2692290434035679,22.116,28.1,0.029070900029070902,846.8100000000001,5776,4.0,1002001,1013.8,168.96666666666667,12.0,-2.0,-1.1999999999999993
177,469.6,127.0,38.7,95.0,87.3,25,0.0,1001,81,28.2,0.0,2.0,2023,3,23,20,3,82,12,-0.8660254037844386,0.5000000000000001,1.0,6.123233995736766e-17,0.43388373911755823,-0.900968867902419,1,2,0,72.0,60.0,60.0,80.0,54.0,57.0,69.33333333333333,8.326663997864578,76.0,60.0,70.33333333333333,8.430104783848451,80.0,60.0,72.66666666666667,9.128709291752505,88.0,60.0,60.333333333333336,14.403099505395396,88.0,41.0,29.1,31.5,31.2,76.0,68.0,64.0,2.0,2.0,2.0,1001.0,1000.0,1001.0,2284.2,162.0,56.4,0.0,0.7999915790360101,3.697608680246612,0.3047220100629129,22.842,27.2,0.0281718000281718,795.24,6561,4.0,1002001,893.6,148.93333333333334,4.0,16.0,-0.9000000000000021
165,389.5,98.0,35.3,83.8,70.7,25,0.0,1002,85,27.4,0.0,2.0,2023,3,23,21,3,82,12,-0.7071067811865477,0.7071067811865474,1.0,6.123233995736766e-17,0.43388373911755823,-0.900968867902419,1,2,0,76.0,72.0,60.0,80.0,60.0,52.0,71.66666666666667,4.509249752822996,76.0,67.0,68.16666666666667,6.997618642557243,76.0,60.0,73.25,8.443663573677588,88.0,60.0,60.958333333333336,14.351122260817437,88.0,41.0,28.2,30.3,32.0,81.0,72.0,64.0,2.0,2.0,2.0,1001.0,1000.0,1000.0,2329.0,170.0,54.8,0.0,0.7995131323015239,3.974449240313874,0.3602004061183049,23.29,26.4,0.027345282090536834,750.7599999999999,7225,4.0,1004004,744.3,124.05,-9.0,7.0,-0.8000000000000007
157,309.3,69.0,32.0,76.3,54.0,25,0.0,1003,90,26.5,0.0,2.0,2023,3,23,22,3,82,12,-0.5000000000000004,0.8660254037844384,1.0,6.123233995736766e-17,0.43388373911755823,-0.900968867902419,1,3,0,67.0,76.0,72.0,74.0,67.0,50.0,68.0,7.549834435270799,76.0,61.0,66.0,6.841052550594695,76.0,60.0,72.75,9.006310918663177,88.0,60.0,61.416666666666664,14.160314006180283,88.0,41.0,27.4,29.1,32.7,85.0,76.0,64.0,2.0,2.0,2.0,1002.0,1001.0,999.0,2385.0,180.0,53.0,0.0,0.7994652756844602,4.482543731250272,0.4637613947623947,23.85,25.5,0.026420711444953695,702.25,8100,4.0,1006009,601.6,100.26666666666667,-6.0,-11.0,-0.8999999999999986
131,272.2,58.7,36.0,58.8,53.3,45,0.0,1003,91,26.0,0.0,2.0,2023,3,23,23,3,82,12,-0.25881904510252157,0.9659258262890681,1.0,6.123233995736766e-17,0.43388373911755823,-0.900968867902419,1,3,0,61.0,67.0,76.0,60.0,78.0,45.0,58.333333333333336,10.263202878893786,67.0,47.0,63.833333333333336,10.303721010715739,76.0,47.0,70.16666666666667,11.471968471280574,88.0,47.0,61.5,14.06506619097557,88.0,41.0,26.5,28.2,31.5,90.0,81.0,68.0,2.0,2.0,2.0,1003.0,1001.0,1000.0,2366.0,182.0,52.0,0.0,0.7993061342494175,4.637058993884261,0.6132774569428119,23.66,25.0,0.025922207455426265,676.0,8281,4.0,1006009,526.0,87.66666666666667,-14.0,-29.0,-0.5
131,235.0,48.3,40.0,58.8,52.7,66,0.0,1003,92,25.6,0.0,2.0,2023,3,24,0,4,83,12,0.0,1.0,1.0,6.123233995736766e-17,-0.433883739117558,-0.9009688679024191,1,3,0,47.0,61.0,67.0,60.0,77.0,43.0,51.666666666666664,8.08290376865477,61.0,47.0,61.666666666666664,12.42041330498567,76.0,47.0,67.66666666666667,13.01281419729522,88.0,47.0,61.666666666666664,13.858498151477129,88.0,41.0,26.0,27.4,30.3,91.0,85.0,72.0,2.0,2.0,2.0,1003.0,1002.0,1000.0,2355.2000000000003,184.0,51.2,0.0,0.7993061342494175,4.865323699302293,0.8281402041365604,23.552000000000003,24.6,0.025523404263804325,655.3600000000001,8464,4.0,1006009,481.8,80.3,0.0,-20.0,-0.3999999999999986
129,197.8,38.0,44.0,57.5,52.0,87,0.0,1003,93,25.1,0.0,2.0,2023,3,24,1,4,83,12,0.25881904510252074,0.9659258262890683,1.0,6.123233995736766e-17,-0.433883739117558,-0.9009688679024191,1,3,0,47.0,47.0,61.0,72.0,88.0,41.0,46.666666666666664,0.5773502691896298,47.0,46.0,57.333333333333336,12.628011192054956,76.0,46.0,64.16666666666667,12.690965529091965,80.0,46.0,61.875,13.568866217734806,88.0,43.0,25.6,26.5,29.1,92.0,90.0,76.0,2.0,2.0,2.0,1003.0,1003.0,1001.0,2334.3,186.0,50.2,0.0,0.7999860871984835,5.205126180889978,1.157864266729823,23.343000000000004,24.1,0.025024900274276896,630.0100000000001,8649,4.0,1006009,435.3,72.55,-1.0,-15.0,-0.5
126,191.2,31.3,44.3,56.3,53.3,87,0.0,1003,94,25.0,0.0,2.0,2023,3,24,2,4,83,12,0.49999999999999994,0.8660254037844387,1.0,6.123233995736766e-17,-0.433883739117558,-0.9009688679024191,1,3,0,46.0,47.0,47.0,76.0,80.0,43.0,46.0,0.9999999999999938,47.0,45.0,52.166666666666664,9.389710680668784,67.0,45.0,61.25,12.743090819591524,80.0,45.0,61.958333333333336,13.453556719537007,88.0,45.0,25.1,26.0,28.2,93.0,91.0,81.0,2.0,2.0,2.0,1003.0,1003.0,1001.0,2350.0,188.0,50.0,0.0,0.7992753237065062,6.108431040541835,1.4152902463180088,23.5,24.0,0.02492519947637141,625.0,8836,4.0,1006009,421.40000000000003,70.23333333333333,-1.0,-2.0,-0.10000000000000142
134,184.6,24.7,44.7,60.0,54.7,87,0.5,1003,94,24.8,0.0,2.0,2023,3,24,3,4,83,12,0.7071067811865476,0.7071067811865476,1.0,6.123233995736766e-17,-0.433883739117558,-0.9009688679024191,1,3,0,45.0,46.0,47.0,67.0,80.0,48.0,46.333333333333336,1.5275252316519472,48.0,45.0,49.0,5.966573556070432,61.0,45.0,58.583333333333336,11.774072697192837,76.0,45.0,61.958333333333336,13.453556719537007,88.0,45.0,25.0,25.6,27.4,94.0,92.0,85.0,2.0,2.0,2.0,1003.0,1003.0,1002.0,2331.2000000000003,188.0,49.6,43.5,0.7999866668888852,7.4733816444678345,1.8096433342779645,23.312,23.8,0.024725797880560438,615.0400000000001,8836,4.0,1006009,416.7,69.45,3.0,1.0,-0.1999999999999993
160,178.0,18.0,45.0,78.8,56.0,87,0.75,1003,95,24.7,0.0,2.0,2023,3,24,4,4,83,12,0.8660254037844386,0.5000000000000001,1.0,6.123233995736766e-17,-0.433883739117558,-0.9009688679024191,1,3,0,48.0,45.0,46.0,61.0,74.0,52.0,52.0,9.643650760992962,63.0,45.0,49.333333333333336,6.77249338624008,63.0,45.0,57.666666666666664,10.857199817576431,76.0,45.0,62.416666666666664,13.28587568636804,88.0,45.0,24.8,25.1,26.5,94.0,93.0,90.0,2.0,2.0,2.0,1003.0,1003.0,1003.0,2346.5,190.0,49.4,65.25,0.7994822400730955,9.888339536692405,2.4998611188267317,23.465,23.7,0.024626097082654952,610.0899999999999,9025,4.0,1006009,438.8,73.13333333333334,15.0,17.0,-0.10000000000000142
185,189.7,22.3,41.0,102.5,56.7,91,0.5,1003,93,24.9,0.0,2.0,2023,3,24,5,4,83,12,0.9659258262890683,0.25881904510252074,1.0,6.123233995736766e-17,-0.433883739117558,-0.9009688679024191,1,3,0,63.0,48.0,45.0,47.0,60.0,52.0,64.33333333333333,17.039170558842756,82.0,48.0,55.166666666666664,14.743360087397491,82.0,45.0,59.5,12.943935048718707,82.0,45.0,63.666666666666664,13.668964105232963,88.0,45.0,24.7,25.0,26.0,95.0,94.0,91.0,2.0,2.0,2.0,1003.0,1003.0,1003.0,2315.7,186.0,49.8,45.5,0.7999921951980956,8.50634500695036,1.8384825792565354,23.156999999999996,23.9,0.024825498678465924,620.0099999999999,8649,4.0,1006009,494.2,82.36666666666666,19.0,37.0,0.1999999999999993
173,201.3,26.7,37.0,91.3,57.3,95,0.0,1004,92,25.0,0.0,2.0,2023,3,24,6,4,83,12,1.0,6.123233995736766e-17,1.0,6.123233995736766e-17,-0.433883739117558,-0.9009688679024191,1,0,0,82.0,63.0,48.0,47.0,60.0,46.0,72.66666666666667,9.50438495292219,82.0,63.0,59.5,15.655669899432553,82.0,45.0,60.583333333333336,13.52074724490478,82.0,45.0,64.79166666666667,13.25659529594918,88.0,45.0,24.9,24.8,25.6,93.0,94.0,92.0,2.0,2.0,2.0,1003.0,1003.0,1003.0,2300.0,184.0,50.0,0.0,0.7995531264717801,7.539043481517546,1.385715890790607,23.0,24.0,0.024900373605205573,625.0,8464,4.0,1008016,486.6,81.10000000000001,-9.0,25.0,0.10000000000000142
142,213.0,31.0,33.0,63.8,58.0,100,0.0,1005,91,25.2,1.1,2.0,2023,3,24,7,4,83,12,0.9659258262890683,-0.25881904510252063,1.0,6.123233995736766e-17,-0.433883739117558,-0.9009688679024191,1,0,0,73.0,82.0,63.0,46.0,72.0,50.0,68.66666666666667,15.947831618540928,82.0,51.0,60.333333333333336,14.9086104874554,82.0,45.0,58.833333333333336,13.265357023830564,82.0,45.0,64.83333333333333,13.20957053136818,88.0,45.0,25.0,24.7,25.1,92.0,95.0,93.0,2.0,2.0,2.0,1004.0,1003.0,1003.0,2293.2,182.0,50.4,0.0,0.7993605115907275,6.870746104964356,1.0644817909099706,22.932,24.2,0.02507460191581899,635.04,8281,4.0,1010025,449.8,74.96666666666667,-22.0,-12.0,0.1999999999999993
139,197.8,26.0,56.3,62.5,66.7,100,0.0,1006,88,25.7,1.4,2.0,2023,3,24,8,4,83,12,0.8660254037844387,-0.4999999999999998,1.0,6.123233995736766e-17,-0.433883739117558,-0.9009688679024191,1,0,0,51.0,73.0,82.0,45.0,76.0,54.0,58.0,13.000000000000025,73.0,50.0,61.166666666666664,13.991664185030494,82.0,48.0,56.666666666666664,12.294369245777062,82.0,45.0,64.66666666666667,13.37637978796529,88.0,45.0,25.2,24.9,25.0,91.0,93.0,94.0,2.0,2.0,2.0,1005.0,1003.0,1003.0,2261.6,176.0,51.4,0.0,0.7999872002047967,7.6073997153955615,2.165301334564055,22.616,24.7,0.025546694287580232,660.49,7744,4.0,1012036,459.3,76.55,-1.0,-32.0,0.5
150,182.7,21.0,79.7,67.5,75.3,100,0.0,1006,86,26.1,3.4,2.0,2023,3,24,9,4,83,12,0.7071067811865476,-0.7071067811865475,1.0,6.123233995736766e-17,-0.433883739117558,-0.9009688679024191,1,0,0,50.0,51.0,73.0,48.0,67.0,60.0,51.666666666666664,2.081665999466322,54.0,50.0,62.166666666666664,13.044794619566266,82.0,50.0,55.583333333333336,11.866364483724562,82.0,45.0,64.41666666666667,13.52265945887058,88.0,45.0,25.7,25.0,24.8,88.0,92.0,94.0,2.0,2.0,2.0,1006.0,1004.0,1003.0,2244.6,172.0,52.2,0.0,0.7999881483237284,8.699585734012665,3.7950573782200845,22.445999999999998,25.1,0.025944308206453076,681.21,7396,4.0,1012036,480.2,80.03333333333333,4.0,-19.0,0.40000000000000213
175,167.5,16.0,103.0,92.5,84.0,100,0.0,1007,84,26.6,7.4,2.0,2023,3,24,10,4,83,12,0.49999999999999994,-0.8660254037844387,1.0,6.123233995736766e-17,-0.433883739117558,-0.9009688679024191,1,0,0,54.0,50.0,51.0,63.0,61.0,67.0,59.333333333333336,12.858201014657295,74.0,50.0,64.0,13.928388277184059,82.0,50.0,56.666666666666664,12.949786473025856,82.0,45.0,64.70833333333333,13.65563800323385,88.0,45.0,26.1,25.2,24.7,86.0,91.0,95.0,2.0,2.0,2.0,1006.0,1005.0,1003.0,2234.4,168.0,53.2,0.0,0.7999913514448492,10.468095744015999,6.437097681394913,22.344,25.6,0.02641506810817467,707.5600000000001,7056,4.0,1014049,537.0,89.5,20.0,23.0,0.5
173,165.2,13.7,131.7,91.3,91.3,95,0.0,1006,78,27.6,10.0,2.33,2023,3,24,11,4,83,12,0.258819045102521,-0.9659258262890682,1.0,6.123233995736766e-17,-0.433883739117558,-0.9009688679024191,1,0,0,74.0,54.0,50.0,82.0,47.0,78.0,67.0,11.269427669584658,74.0,54.0,62.5,11.945710527214292,74.0,50.0,58.833333333333336,13.354150416006528,82.0,45.0,64.5,13.481065626825828,88.0,45.0,26.6,25.7,24.9,84.0,88.0,93.0,2.0,2.0,2.0,1007.0,1006.0,1003.0,2152.8,181.74,64.308,0.0,0.7995531264717801,12.057514050069338,9.612437048390628,21.528000000000002,26.435000000000002,0.02743536040222624,761.7600000000001,6084,5.4289000000000005,1012036,566.1999999999999,94.36666666666666,-1.0,23.0,1.0
188,162.8,11.3,160.3,105.0,98.7,91,0.0,1005,73,28.5,10.8,2.66,2023,3,24,12,4,83,12,1.2246467991473532e-16,-1.0,1.0,6.123233995736766e-17,-0.433883739117558,-0.9009688679024191,1,1,0,73.0,74.0,54.0,73.0,47.0,77.0,77.0,6.082762530298204,84.0,73.0,64.33333333333333,14.459137825840964,84.0,50.0,61.916666666666664,14.588029546878508,84.0,45.0,64.79166666666667,13.834359137799822,88.0,45.0,27.6,26.1,25.0,78.0,86.0,92.0,2.33,2.0,2.0,1006.0,1006.0,1004.0,2080.5,194.18,75.81,0.0,0.7999923810249426,14.40580479603575,14.184585434917265,20.805,27.17,0.02835818073812862,812.25,5329,7.0756000000000006,1010025,622.1000000000001,103.68333333333335,11.0,30.0,0.8999999999999986
184,160.5,9.0,189.0,101.3,106.0,87,0.5,1004,68,29.5,10.0,3.0,2023,3,24,13,4,83,12,-0.2588190451025208,-0.9659258262890683,1.0,6.123233995736766e-17,-0.433883739117558,-0.9009688679024191,1,1,0,84.0,73.0,74.0,51.0,46.0,88.0,79.33333333333333,5.686240703077299,84.0,73.0,69.33333333333333,14.10909871914804,84.0,50.0,64.83333333333333,14.615268064803164,84.0,45.0,64.5,13.390457341931574,84.0,45.0,28.5,26.6,25.2,73.0,84.0,91.0,2.66,2.0,2.0,1005.0,1007.0,1005.0,2006.0,204.0,88.5,43.5,0.7995972399087866,17.831352071992,20.997666925897125,20.06,28.0,0.029382440854142575,870.25,4624,9.0,1008016,646.8,107.8,-3.0,7.0,1.0
187,152.3,12.0,168.0,103.8,100.0,87,0.5,1004,68,29.5,6.7,3.0,2023,3,24,14,4,83,12,-0.4999999999999997,-0.8660254037844388,1.0,6.123233995736766e-17,-0.433883739117558,-0.9009688679024191,1,1,0,81.0,84.0,73.0,50.0,45.0,80.0,82.66666666666667,1.527525231651776,84.0,81.0,74.83333333333333,11.19672571186169,84.0,54.0,68.0,14.032429971643753,84.0,48.0,64.625,13.554439349783479,84.0,45.0,29.5,27.6,25.7,68.0,78.0,88.0,3.0,2.33,2.0,1004.0,1006.0,1006.0,2006.0,204.0,88.5,43.5,0.7996069402028883,12.690609115907009,13.998833430547455,20.06,28.0,0.029382440854142575,870.25,4624,9.0,1008016,619.1,103.18333333333334,2.0,10.0,0.0
173,144.1,15.0,147.0,91.3,94.0,87,0.25,1003,69,29.5,4.6,3.0,2023,3,24,15,4,83,12,-0.7071067811865471,-0.7071067811865479,1.0,6.123233995736766e-17,-0.433883739117558,-0.9009688679024191,1,1,0,83.0,81.0,84.0,54.0,48.0,80.0,79.0,5.2915026221291495,83.0,73.0,78.0,5.215361924161922,84.0,73.0,70.08333333333333,12.573119475028005,84.0,50.0,64.33333333333333,13.281784409538183,84.0,45.0,29.5,28.5,26.1,68.0,73.0,86.0,3.0,2.66,2.0,1004.0,1005.0,1006.0,2035.5,207.0,88.5,21.75,0.7995531264717801,9.606026264915672,9.79934671021932,20.355,28.0,0.029411735382118265,870.25,4761,9.0,1006009,564.4000000000001,94.06666666666668,-10.0,-11.0,0.0
175,136.0,18.0,126.0,92.5,88.0,87,0.25,1003,69,29.5,2.5,3.0,2023,3,24,16,4,83,12,-0.8660254037844385,-0.5000000000000004,1.0,6.123233995736766e-17,-0.433883739117558,-0.9009688679024191,1,1,0,73.0,83.0,81.0,74.0,63.0,74.0,76.66666666666667,5.507570547286083,83.0,73.0,78.0,5.215361924161922,84.0,73.0,71.0,12.409673645990665,84.0,50.0,64.33333333333333,13.281784409538183,84.0,45.0,29.5,29.5,26.6,69.0,68.0,84.0,3.0,3.0,2.0,1003.0,1004.0,1007.0,2035.5,207.0,88.5,21.75,0.7999913514448492,7.555135825787456,6.999611132714849,20.355,28.0,0.029411735382118265,870.25,4761,9.0,1006009,534.5,89.08333333333333,1.0,-7.0,0.0
152,134.6,25.0,102.7,71.3,82.0,91,0.75,1003,73,28.5,1.9,3.66,2023,3,24,17,4,83,12,-0.9659258262890683,-0.25881904510252063,1.0,6.123233995736766e-17,-0.433883739117558,-0.9009688679024191,1,1,0,74.0,73.0,83.0,73.0,82.0,60.0,68.0,9.539392014169469,74.0,57.0,75.33333333333333,10.092901796146867,84.0,57.0,68.91666666666667,12.493331554606577,84.0,50.0,64.20833333333333,13.33833692347214,84.0,45.0,29.5,29.5,27.6,69.0,68.0,78.0,3.0,3.0,2.33,1003.0,1004.0,1006.0,2080.5,267.18,104.31,68.25,0.7994277780115285,5.383784648614055,4.107835686572537,20.805,26.67,0.028414727403063406,812.25,5329,13.395600000000002,1006009,472.6,78.76666666666667,-17.0,-26.0,-1.0
145,133.3,32.0,79.3,65.0,76.0,95,0.5,1004,78,27.5,1.6,4.33,2023,3,24,18,4,83,12,-1.0,-1.8369701987210297e-16,1.0,6.123233995736766e-17,-0.433883739117558,-0.9009688679024191,1,2,0,57.0,74.0,73.0,84.0,73.0,60.0,61.0,11.532562594670823,74.0,52.0,70.0,12.712198865656488,83.0,52.0,67.16666666666667,13.31324243910623,84.0,50.0,63.875,13.546417784145406,84.0,45.0,28.5,29.5,28.5,73.0,69.0,73.0,3.66,3.0,2.66,1003.0,1003.0,1005.0,2145.0,337.74,119.075,47.5,0.7999876924970385,4.165494828286617,2.4780475610137183,21.45,25.335,0.02739041096572613,756.25,6084,18.7489,1008016,437.6,72.93333333333334,-5.0,-21.0,-1.0
239,131.9,39.0,56.0,152.5,70.0,100,0.0,1005,83,26.5,0.0,5.0,2023,3,24,19,4,83,12,-0.9659258262890684,0.2588190451025203,1.0,6.123233995736766e-17,-0.433883739117558,-0.9009688679024191,1,2,0,52.0,57.0,74.0,81.0,51.0,72.0,77.0,39.05124837953327,122.0,52.0,76.83333333333333,24.94326896512694,122.0,52.0,73.08333333333333,19.71367007634,122.0,50.0,65.95833333333333,17.9721503556419,122.0,45.0,27.5,29.5,29.5,78.0,69.0,68.0,4.33,3.0,3.0,1004.0,1003.0,1004.0,2199.5,415.0,132.5,0.0,0.7999947541327598,3.381964565011154,1.4358606189584884,21.995,24.0,0.026368132967031874,702.25,6889,25.0,1010025,571.4,95.23333333333333,70.0,48.0,-1.0
160,138.9,37.0,57.3,78.8,68.0,100,0.75,1005,85,26.1,0.0,4.33,2023,3,24,20,4,83,12,-0.8660254037844386,0.5000000000000001,1.0,6.123233995736766e-17,-0.433883739117558,-0.9009688679024191,1,2,0,122.0,52.0,57.0,83.0,50.0,76.0,79.0,37.64306044943742,122.0,52.0,73.5,25.28833723280355,122.0,52.0,74.16666666666667,18.658818696571082,122.0,52.0,65.41666666666667,17.85184600530443,122.0,45.0,26.5,28.5,29.5,83.0,73.0,68.0,5.0,3.66,3.0,1005.0,1003.0,1004.0,2218.5,368.05,113.013,75.0,0.7994822400730955,3.7539525958757873,1.5486067944109618,22.185,23.935000000000002,0.025970123412812525,681.21,7225,18.7489,1010025,443.0,73.83333333333333,-59.0,6.0,-0.3999999999999986
148,145.9,35.0,58.7,66.3,66.0,100,1.25,1006,88,25.6,0.0,3.66,2023,3,24,21,4,83,12,-0.7071067811865477,0.7071067811865474,1.0,6.123233995736766e-17,-0.433883739117558,-0.9009688679024191,1,2,0,63.0,122.0,52.0,73.0,54.0,67.0,79.33333333333333,37.28717384481336,122.0,53.0,70.16666666666667,26.6489524497055,122.0,52.0,74.08333333333333,18.759038225653,122.0,52.0,64.83333333333333,18.025746481959807,122.0,45.0,26.1,27.5,29.5,85.0,78.0,69.0,4.33,4.33,3.0,1005.0,1004.0,1003.0,2252.8,322.08000000000004,93.69600000000001,125.0,0.7993846246662946,4.168452329933431,1.6770949401445674,22.528000000000002,23.770000000000003,0.02544729080786202,655.3600000000001,7744,13.395600000000002,1012036,424.90000000000003,70.81666666666668,-10.0,1.0,-0.5
115,152.9,33.0,60.0,51.3,64.0,100,1.0,1007,91,25.2,0.0,3.0,2023,3,24,22,4,83,12,-0.5000000000000004,0.8660254037844384,1.0,6.123233995736766e-17,-0.433883739117558,-0.9009688679024191,1,3,0,53.0,63.0,122.0,74.0,74.0,61.0,52.333333333333336,11.015141094572295,63.0,41.0,64.66666666666667,29.001149402509288,122.0,41.0,71.33333333333333,21.051164223185147,122.0,41.0,64.0,18.661748834587282,122.0,41.0,25.6,26.5,29.5,88.0,83.0,69.0,3.66,5.0,3.0,1006.0,1005.0,1003.0,2293.2,273.0,75.6,100.0,0.7992046938656168,4.633192933547469,1.8181267234326235,22.932,23.7,0.02502480136563916,635.04,8281,9.0,1014049,402.2,67.03333333333333,-12.0,-81.0,-0.40000000000000213
107,150.2,29.7,62.0,47.5,65.0,100,0.0,1007,90,25.2,0.0,3.0,2023,3,24,23,4,83,12,-0.25881904510252157,0.9659258262890681,1.0,6.123233995736766e-17,-0.433883739117558,-0.9009688679024191,1,3,0,41.0,53.0,63.0,57.0,73.0,47.0,44.0,7.937253933193934,53.0,38.0,61.5,30.975797003467047,122.0,38.0,68.41666666666667,23.122041170251013,122.0,38.0,63.625,19.103408528095365,122.0,38.0,25.2,26.1,28.5,91.0,85.0,73.0,3.0,4.33,3.66,1007.0,1005.0,1003.0,2268.0,270.0,75.6,0.0,0.7999831582493001,5.057068785562775,2.087471802296219,22.68,23.7,0.02502480136563916,635.04,8100,9.0,1014049,392.4,65.39999999999999,-3.0,-25.0,0.0
107,147.5,26.3,64.0,47.5,66.0,100,0.0,1007,90,25.2,0.0,3.0,2023,3,25,0,5,84,12,0.0,1.0,1.0,6.123233995736766e-17,-0.9749279121818236,-0.2225209339563146,1,3,1,38.0,41.0,53.0,52.0,84.0,47.0,39.0,1.7320508075697065,41.0,38.0,59.166666666666664,32.33213056182139,122.0,38.0,64.58333333333333,24.096240119130254,122.0,38.0,63.25,19.527572479868667,122.0,38.0,25.2,25.6,27.5,90.0,88.0,78.0,3.0,3.66,4.33,1007.0,1006.0,1004.0,2268.0,270.0,75.6,0.0,0.7999831582493001,5.608151781301091,2.4333675525645413,22.68,23.7,0.02502480136563916,635.04,8100,9.0,1014049,389.3,64.88333333333334,0.0,-15.0,0.0
112,144.7,23.0,66.0,50.0,67.0,100,0.0,1007,89,25.2,0.0,3.0,2023,3,25,1,5,84,12,0.25881904510252074,0.9659258262890683,1.0,6.123233995736766e-17,-0.9749279121818236,-0.2225209339563146,1,3,1,38.0,38.0,41.0,122.0,81.0,46.0,38.666666666666664,1.1547005383805051,40.0,38.0,45.5,10.25182910509134,63.0,38.0,61.166666666666664,24.46085307860966,122.0,38.0,63.0,19.794597418399906,122.0,38.0,25.2,25.2,26.5,90.0,91.0,83.0,3.0,3.0,5.0,1007.0,1007.0,1005.0,2242.7999999999997,267.0,75.6,0.0,0.7999840003199936,6.291030824746749,2.869440459110473,22.427999999999997,23.7,0.02502480136563916,635.04,7921,9.0,1014049,390.7,65.11666666666666,2.0,-1.0,0.0
112,144.1,19.7,66.7,50.0,63.7,100,0.0,1007,90,25.1,0.0,3.0,2023,3,25,2,5,84,12,0.49999999999999994,0.8660254037844387,1.0,6.123233995736766e-17,-0.9749279121818236,-0.2225209339563146,1,3,1,40.0,38.0,38.0,63.0,83.0,45.0,39.333333333333336,1.1547005383804891,40.0,38.0,41.666666666666664,5.680375574437352,53.0,38.0,57.583333333333336,24.118865996760526,122.0,38.0,62.791666666666664,20.01733849890421,122.0,38.0,25.2,25.2,26.1,89.0,90.0,85.0,3.0,3.0,4.33,1007.0,1007.0,1005.0,2259.0,270.0,75.30000000000001,0.0,0.7999840003199936,7.314349525404801,3.3856149434038882,22.59,23.6,0.024925496598315198,630.0100000000001,8100,9.0,1014049,384.2,64.03333333333333,0.0,2.0,-0.09999999999999787
115,143.6,16.3,67.3,51.3,60.3,100,0.0,1007,90,25.1,0.0,3.0,2023,3,25,3,5,84,12,0.7071067811865476,0.7071067811865476,1.0,6.123233995736766e-17,-0.9749279121818236,-0.2225209339563146,1,3,1,40.0,40.0,38.0,53.0,73.0,48.0,40.333333333333336,0.5773502691920548,41.0,40.0,39.666666666666664,1.36626010212713,41.0,38.0,54.916666666666664,24.028234654382217,122.0,38.0,62.5,20.29135605214164,122.0,38.0,25.1,25.2,25.6,90.0,90.0,88.0,3.0,3.0,3.66,1007.0,1007.0,1006.0,2259.0,270.0,75.30000000000001,0.0,0.7992046938656168,8.80927550457027,4.128581068646095,22.59,23.6,0.024925496598315198,630.0100000000001,8100,9.0,1014049,379.8,63.300000000000004,1.0,3.0,0.0
107,143.0,13.0,68.0,47.5,57.0,100,0.5,1006,91,25.0,0.0,3.0,2023,3,25,4,5,84,12,0.8660254037844386,0.5000000000000001,1.0,6.123233995736766e-17,-0.9749279121818236,-0.2225209339563146,1,3,1,41.0,40.0,40.0,41.0,74.0,63.0,39.666666666666664,1.5275252316528773,41.0,38.0,39.166666666666664,1.3291601358242828,41.0,38.0,51.916666666666664,23.673761207230328,122.0,38.0,61.458333333333336,20.897220881727616,122.0,38.0,25.1,25.2,25.2,90.0,89.0,91.0,3.0,3.0,3.0,1007.0,1007.0,1007.0,2275.0,273.0,75.0,50.0,0.7999831582493001,10.999153911237597,5.230366894854242,22.75,23.5,0.024850869929552755,625.0,8281,9.0,1012036,366.5,61.083333333333336,-3.0,-2.0,-0.10000000000000142
85,156.2,17.7,61.0,35.0,50.7,100,0.5,1007,91,24.9,0.0,3.0,2023,3,25,5,5,84,12,0.9659258262890683,0.25881904510252074,1.0,6.123233995736766e-17,-0.9749279121818236,-0.2225209339563146,1,3,1,38.0,41.0,40.0,38.0,57.0,82.0,35.666666666666664,6.806859285554271,41.0,28.0,37.5,4.8062459362789305,41.0,28.0,49.5,24.570862270731695,122.0,28.0,59.208333333333336,21.488073874607338,122.0,28.0,25.0,25.1,25.2,91.0,90.0,90.0,3.0,3.0,3.0,1006.0,1007.0,1007.0,2265.9,273.0,74.69999999999999,50.0,0.7999771435101855,8.824360205638099,3.446132986836902,22.659000000000002,23.4,0.024726887063667265,620.0099999999999,8281,9.0,1014049,348.59999999999997,58.099999999999994,-10.0,-12.0,-0.10000000000000142
110,169.4,22.3,54.0,48.8,44.3,100,0.0,1008,90,24.8,0.0,3.0,2023,3,25,6,5,84,12,1.0,6.123233995736766e-17,1.0,6.123233995736766e-17,-0.9749279121818236,-0.2225209339563146,1,0,1,28.0,38.0,41.0,38.0,52.0,73.0,35.0,6.082762530298474,39.0,28.0,37.666666666666664,4.844240566555753,41.0,28.0,48.416666666666664,24.736643166596163,122.0,28.0,57.791666666666664,21.65937725763159,122.0,28.0,24.9,25.1,25.2,91.0,90.0,90.0,3.0,3.0,3.0,1007.0,1007.0,1007.0,2232.0,270.0,74.4,0.0,0.7991639515583698,7.596071925025783,2.4214160799964124,22.32,23.3,0.024603150195287506,615.0400000000001,8100,9.0,1016064,377.8,62.96666666666667,11.0,-2.0,-0.09999999999999787
110,182.7,27.0,47.0,48.8,38.0,100,0.0,1009,90,24.7,0.7,3.0,2023,3,25,7,5,84,12,0.9659258262890683,-0.25881904510252063,1.0,6.123233995736766e-17,-0.9749279121818236,-0.2225209339563146,1,0,1,39.0,28.0,38.0,40.0,122.0,51.0,35.333333333333336,6.350852961086127,39.0,28.0,37.5,4.7644516998284,41.0,28.0,41.5,8.69168882009978,63.0,28.0,57.291666666666664,21.95940754460711,122.0,28.0,24.8,25.0,25.2,90.0,91.0,89.0,3.0,3.0,3.0,1008.0,1006.0,1007.0,2223.0,270.0,74.1,0.0,0.7991639515583698,6.766416058664493,1.740676271249213,22.23,23.2,0.02447965859300437,610.0899999999999,8100,9.0,1018081,382.5,63.75,0.0,1.0,-0.10000000000000142
118,181.5,24.7,49.0,52.5,33.0,100,0.0,1009,89,25.0,1.0,2.66,2023,3,25,8,5,84,12,0.8660254037844387,-0.4999999999999998,1.0,6.123233995736766e-17,-0.9749279121818236,-0.2225209339563146,1,0,1,39.0,39.0,28.0,40.0,63.0,50.0,40.0,1.7320508075696968,42.0,39.0,37.833333333333336,5.036533199202046,42.0,28.0,39.75,5.495866215123711,53.0,28.0,56.958333333333336,22.13492060398976,122.0,28.0,24.7,24.9,25.1,90.0,91.0,90.0,3.0,3.0,3.0,1009.0,1007.0,1007.0,2225.0,236.74,66.5,0.0,0.7999847621950058,7.347880652605157,1.9837253552487752,22.25,23.67,0.02477698238158337,625.0,7921,7.0756000000000006,1018081,382.7,63.78333333333333,3.0,14.0,0.3000000000000007
134,180.3,22.3,51.0,60.0,28.0,100,0.0,1010,88,25.2,1.7,2.33,2023,3,25,9,5,84,12,0.7071067811865476,-0.7071067811865475,1.0,6.123233995736766e-17,-0.9749279121818236,-0.2225209339563146,1,0,1,42.0,39.0,39.0,41.0,53.0,54.0,43.0,4.58257569495613,48.0,39.0,39.0,6.511528238439709,48.0,28.0,39.333333333333336,4.499158170415548,48.0,28.0,56.708333333333336,22.203562516087366,122.0,28.0,25.0,24.8,25.1,89.0,90.0,90.0,2.66,3.0,3.0,1009.0,1008.0,1007.0,2217.6,205.04000000000002,58.716,0.0,0.7999866668888852,8.08483924487691,2.2868929644410563,22.176,24.035,0.024950470346068964,635.04,7744,5.4289000000000005,1020100,389.6,64.93333333333334,6.0,9.0,0.1999999999999993
153,179.2,20.0,53.0,68.8,23.0,100,0.0,1010,87,25.5,2.5,2.0,2023,3,25,10,5,84,12,0.49999999999999994,-0.8660254037844387,1.0,6.123233995736766e-17,-0.9749279121818236,-0.2225209339563146,1,0,1,48.0,42.0,39.0,38.0,41.0,74.0,48.333333333333336,6.506407098647893,55.0,42.0,41.833333333333336,9.152413160837114,55.0,28.0,40.5,6.388910847568206,55.0,28.0,55.916666666666664,21.896826584981586,122.0,28.0,25.2,24.7,25.0,88.0,90.0,91.0,2.33,3.0,3.0,1010.0,1009.0,1006.0,2218.5,174.0,51.0,0.0,0.7994069853635848,8.95955202239888,2.6498675066246684,22.185,24.5,0.025247499754950737,650.25,7569,4.0,1020100,399.0,66.5,7.0,16.0,0.3000000000000007
151,169.2,17.7,59.7,70.0,26.7,100,0.0,1009,87,25.7,4.0,2.33,2023,3,25,11,5,84,12,0.258819045102521,-0.9659258262890682,1.0,6.123233995736766e-17,-0.9749279121818236,-0.2225209339563146,1,0,1,55.0,48.0,42.0,28.0,38.0,73.0,53.0,4.358898943540915,56.0,48.0,46.5,7.713624310270608,56.0,39.0,42.0,7.7224583933069315,56.0,28.0,55.208333333333336,21.59303262561832,122.0,28.0,25.5,25.0,24.9,87.0,89.0,91.0,2.0,2.66,3.0,1010.0,1009.0,1007.0,2235.9,202.71,59.881,0.0,0.7999885715918343,9.558781989718094,3.3726908084289025,22.359,24.535,0.025470737888267703,660.49,7569,5.4289000000000005,1018081,399.29999999999995,66.55,1.0,14.0,0.1999999999999993
169,159.3,15.3,66.3,87.5,30.3,100,0.5,1009,86,25.8,4.8,2.66,2023,3,25,12,5,84,12,1.2246467991473532e-16,-1.0,1.0,6.123233995736766e-17,-0.9749279121818236,-0.2225209339563146,1,1,1,56.0,55.0,48.0,39.0,38.0,84.0,60.333333333333336,8.386497083606184,70.0,55.0,51.666666666666664,11.254628677422653,70.0,39.0,44.666666666666664,11.03163495121929,70.0,28.0,54.625,20.96127381625465,122.0,28.0,25.7,25.2,24.8,87.0,88.0,90.0,2.33,2.33,3.0,1009.0,1010.0,1008.0,2218.8,228.76000000000002,68.628,50.0,0.7999908572473458,10.411084242859944,4.33305012744265,22.188000000000002,24.47,0.025569845817794038,665.64,7396,7.0756000000000006,1018081,428.70000000000005,71.45,14.0,22.0,0.10000000000000142
156,149.4,13.0,73.0,75.0,34.0,100,0.5,1008,86,26.0,3.2,3.0,2023,3,25,13,5,84,12,-0.2588190451025208,-0.9659258262890683,1.0,6.123233995736766e-17,-0.9749279121818236,-0.2225209339563146,1,1,1,70.0,56.0,55.0,39.0,40.0,81.0,62.0,7.21110255092809,70.0,56.0,55.166666666666664,9.683318990235962,70.0,42.0,46.333333333333336,11.749919406557627,70.0,28.0,53.75,20.238254779544157,122.0,28.0,25.8,25.5,24.7,86.0,87.0,90.0,2.66,2.0,3.0,1009.0,1010.0,1009.0,2236.0,258.0,78.0,50.0,0.7999893334755536,11.491423736635644,5.6149526959464655,22.36,24.5,0.0257936252047369,676.0,7396,9.0,1016064,404.4,67.39999999999999,-10.0,5.0,0.1999999999999993
118,153.3,16.0,70.7,52.5,37.7,100,1.5,1007,87,25.5,2.5,3.0,2023,3,25,14,5,84,12,-0.4999999999999997,-0.8660254037844388,1.0,6.123233995736766e-17,-0.9749279121818236,-0.2225209339563146,1,1,1,60.0,70.0,56.0,42.0,40.0,83.0,57.333333333333336,14.18919776919524,70.0,42.0,55.166666666666664,9.683318990235962,70.0,42.0,46.5,11.665800833672012,70.0,28.0,52.041666666666664,19.373848726898757,122.0,28.0,26.0,25.7,25.0,86.0,87.0,89.0,3.0,2.33,2.66,1008.0,1009.0,1009.0,2218.5,261.0,76.5,150.0,0.7999847621950058,9.580651209299418,4.418473845384663,22.185,24.0,0.025322715667611056,650.25,7569,9.0,1014049,372.2,62.03333333333333,-18.0,-14.0,-0.5
91,157.2,19.0,68.3,38.8,41.3,100,0.5,1007,89,25.0,1.7,3.0,2023,3,25,15,5,84,12,-0.7071067811865471,-0.7071067811865479,1.0,6.123233995736766e-17,-0.9749279121818236,-0.2225209339563146,1,1,1,42.0,60.0,70.0,48.0,41.0,73.0,44.333333333333336,14.640127503998585,60.0,31.0,52.333333333333336,13.80821011813857,70.0,31.0,45.666666666666664,12.426755104380058,70.0,28.0,50.291666666666664,19.295142814498345,122.0,28.0,25.5,25.8,25.2,87.0,86.0,88.0,3.0,2.66,2.33,1007.0,1009.0,1010.0,2225.0,267.0,75.0,50.0,0.7989484807092602,8.27324877638019,3.5945476553865583,22.25,23.5,0.02482619183099123,625.0,7921,9.0,1014049,355.6,59.26666666666667,-11.0,-39.0,-0.5
80,161.1,22.0,66.0,32.5,45.0,100,0.0,1006,91,24.5,1.1,3.0,2023,3,25,16,5,84,12,-0.8660254037844385,-0.5000000000000004,1.0,6.123233995736766e-17,-0.9749279121818236,-0.2225209339563146,1,1,1,31.0,42.0,60.0,55.0,38.0,74.0,33.0,8.185352771872642,42.0,26.0,47.5,17.317621083740043,70.0,26.0,44.666666666666664,13.533348260925987,70.0,26.0,48.291666666666664,19.21837699944396,122.0,26.0,25.0,26.0,25.5,89.0,86.0,87.0,3.0,3.0,2.0,1007.0,1008.0,1010.0,2229.5,273.0,73.5,0.0,0.7999753853727578,7.322394436616516,2.9998636425617016,22.295,23.0,0.0243538525309617,600.25,8281,9.0,1012036,352.6,58.76666666666667,-5.0,-34.0,-0.5
98,192.6,35.7,51.0,42.5,50.0,100,0.0,1006,90,24.5,0.7,2.66,2023,3,25,17,5,84,12,-0.9659258262890683,-0.25881904510252063,1.0,6.123233995736766e-17,-0.9749279121818236,-0.2225209339563146,1,1,1,26.0,31.0,42.0,56.0,28.0,57.0,30.333333333333332,4.04145188432779,34.0,26.0,43.833333333333336,17.48618502323089,70.0,26.0,45.166666666666664,12.96031237932521,70.0,26.0,47.333333333333336,19.33833018884404,122.0,26.0,24.5,25.5,25.7,91.0,87.0,87.0,3.0,3.0,2.33,1006.0,1007.0,1009.0,2205.0,239.4,65.17,0.0,0.7999811769134845,5.394806868154953,1.428531413685891,22.05,23.17,0.0243538525309617,600.25,8100,7.0756000000000006,1012036,405.8,67.63333333333334,8.0,-8.0,0.0
118,224.1,49.3,36.0,52.5,55.0,100,0.0,1007,90,24.5,0.7,2.33,2023,3,25,18,5,84,12,-1.0,-1.8369701987210297e-16,1.0,6.123233995736766e-17,-0.9749279121818236,-0.2225209339563146,1,2,1,34.0,26.0,31.0,70.0,39.0,52.0,34.0,8.000000000000194,42.0,26.0,39.166666666666664,11.973582031567007,60.0,26.0,45.416666666666664,12.859084749936674,70.0,26.0,46.916666666666664,19.34114035275404,122.0,26.0,24.5,25.0,25.8,90.0,89.0,86.0,2.66,3.0,2.66,1006.0,1007.0,1009.0,2205.0,209.70000000000002,57.085,0.0,0.7999847621950058,4.545546743473763,0.7302083122046207,22.05,23.335,0.024329667994371407,600.25,8100,5.4289000000000005,1014049,458.9,76.48333333333333,8.0,11.0,0.0
139,255.6,63.0,21.0,62.5,60.0,100,0.0,1007,89,24.5,0.0,2.0,2023,3,25,19,5,84,12,-0.9659258262890684,0.2588190451025203,1.0,6.123233995736766e-17,-0.9749279121818236,-0.2225209339563146,1,2,1,42.0,34.0,26.0,60.0,39.0,122.0,42.0,8.000000000000163,50.0,34.0,37.5,8.757853618324392,50.0,26.0,46.333333333333336,12.751708144639059,70.0,26.0,43.916666666666664,10.954120394773451,70.0,26.0,24.5,24.5,26.0,90.0,91.0,86.0,2.33,3.0,3.0,1007.0,1006.0,1008.0,2180.5,178.0,49.0,0.0,0.7999872002047967,4.057078459072078,0.33332804241202524,21.805,23.5,0.024329667994371407,600.25,7921,4.0,1014049,512.1,85.35000000000001,8.0,24.0,0.0
156,235.2,48.7,31.3,75.0,52.3,100,0.0,1008,90,24.4,0.0,2.0,2023,3,25,20,5,84,12,-0.8660254037844386,0.5000000000000001,1.0,6.123233995736766e-17,-0.9749279121818236,-0.2225209339563146,1,2,1,50.0,42.0,34.0,42.0,42.0,63.0,50.666666666666664,9.018499505645906,60.0,42.0,40.5,12.771061036577878,60.0,26.0,47.833333333333336,13.244781705420293,70.0,26.0,43.791666666666664,10.741950137364558,70.0,26.0,24.5,24.5,25.5,89.0,90.0,87.0,2.0,2.66,3.0,1007.0,1006.0,1007.0,2196.0,180.0,48.8,0.0,0.7999893334755536,4.829469620747007,0.6426972752099547,21.96,23.4,0.024206325192137706,595.3599999999999,8100,4.0,1016064,502.5,83.75,10.0,26.0,-0.10000000000000142
177,214.8,34.3,41.7,95.0,44.7,100,0.25,1009,90,24.3,0.0,2.0,2023,3,25,21,5,84,12,-0.7071067811865477,0.7071067811865474,1.0,6.123233995736766e-17,-0.9749279121818236,-0.2225209339563146,1,2,1,60.0,50.0,42.0,31.0,48.0,53.0,62.0,13.114877048604056,76.0,50.0,48.0,18.15488914865628,76.0,26.0,50.166666666666664,15.543682337401732,76.0,26.0,44.75,12.483902678528047,76.0,26.0,24.4,24.5,25.0,90.0,90.0,89.0,2.0,2.33,3.0,1008.0,1007.0,1007.0,2187.0,180.0,48.6,25.0,0.7999915790360101,6.262208098889246,1.215707996851404,21.87,23.3,0.024083226874899034,590.49,8100,4.0,1018081,506.5,84.41666666666667,16.0,34.0,-0.09999999999999787
173,194.3,20.0,52.0,91.3,37.0,100,0.5,1010,91,24.2,0.0,2.0,2023,3,25,22,5,84,12,-0.5000000000000004,0.8660254037844384,1.0,6.123233995736766e-17,-0.9749279121818236,-0.2225209339563146,1,3,1,76.0,60.0,50.0,26.0,55.0,41.0,69.66666666666667,8.50490054811544,76.0,60.0,55.833333333333336,16.857243744653644,76.0,34.0,51.666666666666664,16.864881927373123,76.0,26.0,46.083333333333336,13.714215622664343,76.0,26.0,24.3,24.5,24.5,90.0,89.0,91.0,2.0,2.0,3.0,1009.0,1007.0,1006.0,2202.2,182.0,48.4,50.0,0.7995531264717801,9.714514274286286,2.5998700064996747,22.022,23.2,0.023960372316463054,585.64,8281,4.0,1020100,467.6,77.93333333333334,-3.0,23.0,-0.10000000000000142
126,181.1,16.0,55.0,56.3,32.0,100,0.5,1010,92,23.2,0.0,2.0,2023,3,25,23,5,84,12,-0.25881904510252157,0.9659258262890681,1.0,6.123233995736766e-17,-0.9749279121818236,-0.2225209339563146,1,3,1,73.0,76.0,60.0,34.0,56.0,38.0,64.66666666666667,17.097758137642916,76.0,45.0,57.666666666666664,14.431447143882155,76.0,42.0,50.75,16.906830249662505,76.0,26.0,46.375,13.608860604640086,76.0,26.0,24.2,24.4,24.5,91.0,90.0,90.0,2.0,2.0,2.66,1010.0,1008.0,1006.0,2134.4,184.0,46.4,50.0,0.7992753237065062,11.318042622336103,3.437285169676895,21.344,22.2,0.02297027428685714,538.24,8464,4.0,1020100,385.4,64.23333333333333,-28.0,-15.0,-1.0
121,167.9,12.0,58.0,53.8,27.0,100,0.5,1010,93,22.2,0.0,2.0,2023,3,26,0,6,85,12,0.0,1.0,1.0,6.123233995736766e-17,-0.7818314824680299,0.6234898018587334,1,3,1,45.0,73.0,76.0,42.0,70.0,38.0,53.666666666666664,16.77299416721222,73.0,43.0,57.833333333333336,14.218532507494025,76.0,43.0,48.5,15.877370975413493,76.0,26.0,46.583333333333336,13.513010370578629,76.0,26.0,23.2,24.3,24.5,92.0,90.0,90.0,2.0,2.0,2.33,1010.0,1009.0,1007.0,2064.6,186.0,44.4,50.0,0.7992416497834613,13.9905007916007,4.832930589117574,20.646,21.2,0.02198017625725123,492.84,8649,4.0,1020100,361.7,60.28333333333333,-2.0,-33.0,-1.0
80,154.7,8.0,61.0,32.5,22.0,100,0.25,1010,95,21.2,0.0,2.0,2023,3,26,1,6,85,12,0.25881904510252074,0.9659258262890683,1.0,6.123233995736766e-17,-0.7818314824680299,0.6234898018587334,1,3,1,43.0,45.0,73.0,50.0,60.0,40.0,38.0,10.440306508910686,45.0,26.0,53.833333333333336,19.322698224281833,76.0,26.0,45.666666666666664,16.653327995728862,76.0,26.0,46.0,14.09902864369228,76.0,26.0,22.2,24.2,24.5,93.0,91.0,89.0,2.0,2.0,2.0,1010.0,1010.0,1007.0,2014.0,190.0,42.4,25.0,0.7999753853727578,19.335083114610672,7.6240469941257345,20.14,20.2,0.020990078227645318,449.44,9025,4.0,1020100,304.2,50.699999999999996,-17.0,-47.0,-1.0
91,151.2,6.7,63.7,38.8,18.0,100,0.25,1009,95,20.8,0.0,2.0,2023,3,26,2,6,85,12,0.49999999999999994,0.8660254037844387,1.0,6.123233995736766e-17,-0.7818314824680299,0.6234898018587334,1,3,1,26.0,43.0,45.0,60.0,42.0,40.0,33.333333333333336,8.736894948054282,43.0,26.0,49.0,21.023796041628582,76.0,26.0,44.75,17.1682847133892,76.0,26.0,45.625,14.382394128571518,76.0,26.0,21.2,23.2,24.4,95.0,92.0,90.0,2.0,2.0,2.0,1010.0,1010.0,1008.0,1976.0,190.0,41.6,25.0,0.7989484807092602,22.563796448291296,9.506043874048649,19.76,19.8,0.020614449341477364,432.64000000000004,9025,4.0,1018081,309.4,51.56666666666666,5.0,-14.0,-0.3999999999999986
61,147.7,5.3,66.3,21.3,14.0,100,0.0,1009,95,20.5,0.0,2.0,2023,3,26,3,6,85,12,0.7071067811865476,0.7071067811865476,1.0,6.123233995736766e-17,-0.7818314824680299,0.6234898018587334,1,3,1,31.0,26.0,43.0,76.0,31.0,41.0,24.666666666666668,7.094598884597836,31.0,17.0,39.166666666666664,19.62056743997645,73.0,17.0,43.583333333333336,18.60331511675611,76.0,17.0,44.625,15.508237642704989,76.0,17.0,20.8,22.2,24.3,95.0,93.0,90.0,2.0,2.0,2.0,1009.0,1010.0,1009.0,1947.5,190.0,41.0,0.0,0.7980845969672785,27.862667421241273,12.507074136955291,19.475,19.5,0.02031712555289836,420.25,9025,4.0,1018081,271.6,45.26666666666667,-14.0,-26.0,-0.3000000000000007
52,144.1,4.0,69.0,16.3,10.0,100,0.5,1009,95,20.1,0.0,2.0,2023,3,26,4,6,85,12,0.8660254037844386,0.5000000000000001,1.0,6.123233995736766e-17,-0.7818314824680299,0.6234898018587334,1,3,1,17.0,31.0,26.0,73.0,26.0,38.0,20.333333333333332,9.451631252505413,31.0,13.0,29.166666666666668,13.151679233720085,45.0,13.0,42.5,20.043135301825053,76.0,13.0,43.583333333333336,16.761541556859328,76.0,13.0,20.5,21.2,24.2,95.0,95.0,91.0,2.0,2.0,2.0,1009.0,1010.0,1010.0,1909.5000000000002,190.0,40.2,50.0,0.7974970860683392,36.01599600099975,17.245688577855535,19.095000000000002,19.1,0.01992069383479303,404.01000000000005,9025,4.0,1018081,256.4,42.73333333333333,-4.0,-13.0,-0.3999999999999986
59,154.1,8.0,62.7,20.0,11.0,100,1.0,1010,88,20.1,0.0,2.66,2023,3,26,5,6,85,12,0.9659258262890683,0.25881904510252074,1.0,6.123233995736766e-17,-0.7818314824680299,0.6234898018587334,1,3,1,13.0,17.0,31.0,45.0,34.0,28.0,15.333333333333334,2.0816659994670683,17.0,13.0,24.333333333333332,11.378341999898932,43.0,13.0,41.0,21.366924311782622,76.0,13.0,43.083333333333336,17.412930394610193,76.0,13.0,20.1,20.8,23.2,95.0,95.0,92.0,2.0,2.0,2.0,1009.0,1009.0,1010.0,1768.8000000000002,234.08,53.46600000000001,100.0,0.7999600019998999,19.260092488438946,7.8365204349456326,17.688000000000002,18.770000000000003,0.019900970395078817,404.01000000000005,7744,7.0756000000000006,1020100,271.8,45.300000000000004,3.0,-15.0,0.0
61,164.0,12.0,56.3,21.3,12.0,100,0.0,1010,81,20.2,0.6,3.33,2023,3,26,6,6,85,12,1.0,6.123233995736766e-17,1.0,6.123233995736766e-17,-0.7818314824680299,0.6234898018587334,1,0,1,16.0,13.0,17.0,43.0,42.0,39.0,15.333333333333334,2.0816659994670683,17.0,13.0,20.0,6.928203230275318,31.0,13.0,38.916666666666664,22.451800224777653,76.0,13.0,42.166666666666664,18.1985825216445,76.0,13.0,20.1,20.5,22.2,88.0,95.0,93.0,2.66,2.0,2.0,1010.0,1009.0,1010.0,1636.2,269.73,67.266,0.0,0.7980845969672785,13.665527872677277,4.691275727022748,16.362000000000002,18.535,0.01999998019803941,408.03999999999996,6561,11.0889,1020100,282.6,47.1,1.0,0.0,0.09999999999999787
61,173.9,16.0,50.0,21.3,13.0,100,0.0,1011,75,20.2,0.7,4.0,2023,3,26,7,6,85,12,0.9659258262890683,-0.25881904510252063,1.0,6.123233995736766e-17,-0.7818314824680299,0.6234898018587334,1,0,1,17.0,16.0,13.0,26.0,50.0,39.0,16.666666666666668,0.5773502691929515,17.0,16.0,18.5,6.316644678941292,31.0,13.0,36.166666666666664,22.985502677412246,76.0,13.0,41.25,18.905370757492808,76.0,13.0,20.2,20.1,21.2,81.0,95.0,95.0,3.33,2.0,2.0,1010.0,1009.0,1010.0,1515.0,300.0,80.8,0.0,0.7980845969672785,10.8680707455784,3.124804699706268,15.15,18.2,0.0199801978435234,408.03999999999996,5625,16.0,1022121,291.2,48.53333333333333,0.0,4.0,0.0
65,173.5,15.3,52.7,23.8,15.3,100,0.0,1011,75,20.2,1.0,3.66,2023,3,26,8,6,85,12,0.8660254037844387,-0.4999999999999998,1.0,6.123233995736766e-17,-0.7818314824680299,0.6234898018587334,1,0,1,17.0,17.0,16.0,31.0,60.0,42.0,17.666666666666668,1.1547005383808953,19.0,17.0,16.5,1.9748417658124717,19.0,13.0,32.75,22.152877916875536,76.0,13.0,40.291666666666664,19.441057330940897,76.0,13.0,20.2,20.1,20.8,75.0,88.0,95.0,4.0,2.66,2.0,1011.0,1010.0,1009.0,1515.0,274.5,73.932,0.0,0.7982857863114995,11.339128161558069,3.4442193320697996,15.15,18.369999999999997,0.0199801978435234,408.03999999999996,5625,13.395600000000002,1022121,299.6,49.93333333333334,2.0,3.0,0.0
61,173.1,14.7,55.3,21.3,17.7,100,0.0,1012,74,20.2,1.7,3.33,2023,3,26,9,6,85,12,0.7071067811865476,-0.7071067811865475,1.0,6.123233995736766e-17,-0.7818314824680299,0.6234898018587334,1,0,1,19.0,17.0,17.0,17.0,76.0,48.0,17.666666666666668,1.1547005383808953,19.0,17.0,16.5,1.9748417658124717,19.0,13.0,27.833333333333332,17.801089513812887,73.0,13.0,39.0,19.930313376973057,76.0,13.0,20.2,20.2,20.5,75.0,81.0,95.0,3.66,3.33,2.0,1011.0,1010.0,1009.0,1494.8,246.42000000000002,67.266,0.0,0.7980845969672785,11.774709203455547,3.7616488674239847,14.948,18.535,0.019960454584531044,408.03999999999996,5476,11.0889,1024144,299.09999999999997,49.849999999999994,-2.0,0.0,0.0
56,172.7,14.0,58.0,18.8,20.0,100,0.0,1013,73,20.2,2.5,3.0,2023,3,26,10,6,85,12,0.49999999999999994,-0.8660254037844387,1.0,6.123233995736766e-17,-0.7818314824680299,0.6234898018587334,1,0,1,17.0,19.0,17.0,13.0,73.0,55.0,17.0,2.0000000000009557,19.0,15.0,16.833333333333332,1.329160135824119,19.0,15.0,23.0,10.99586699215126,45.0,13.0,37.333333333333336,20.20474904714172,76.0,13.0,20.2,20.2,20.1,74.0,75.0,95.0,3.33,4.0,2.0,1012.0,1011.0,1009.0,1474.6,219.0,60.599999999999994,0.0,0.7978299026647518,12.334833226198128,4.142561245625313,14.745999999999999,18.7,0.01994075030528104,408.03999999999996,5329,9.0,1026169,298.5,49.75,-2.0,-2.0,0.0
89,167.7,13.3,61.3,37.5,24.7,100,0.0,1012,77,19.7,3.1,2.0,2023,3,26,11,6,85,12,0.258819045102521,-0.9659258262890682,1.0,6.123233995736766e-17,-0.7818314824680299,0.6234898018587334,1,0,1,15.0,17.0,19.0,16.0,45.0,56.0,20.666666666666668,8.144527815247303,30.0,15.0,19.166666666666668,5.455883674224005,30.0,15.0,21.75,8.925194166463912,43.0,13.0,36.25,19.85436103665682,76.0,13.0,20.2,20.2,20.1,73.0,75.0,88.0,3.0,3.66,2.66,1013.0,1011.0,1010.0,1516.8999999999999,154.0,39.4,0.0,0.7999786672355405,12.608074580858581,4.608676039395534,15.168999999999999,18.7,0.019466383926498097,388.09,5929,4.0,1024144,334.5,55.75,15.0,11.0,-0.5
98,162.6,12.7,64.7,42.5,29.3,100,0.0,1011,82,19.2,3.4,1.0,2023,3,26,12,6,85,12,1.2246467991473532e-16,-1.0,1.0,6.123233995736766e-17,-0.7818314824680299,0.6234898018587334,1,1,1,30.0,15.0,17.0,17.0,43.0,70.0,26.333333333333332,10.016652800877983,34.0,15.0,22.0,7.949842765740552,34.0,15.0,21.0,7.185844671042792,34.0,13.0,34.75,18.50793014523431,76.0,13.0,19.7,20.2,20.2,77.0,74.0,81.0,2.0,3.33,3.33,1012.0,1012.0,1010.0,1574.3999999999999,82.0,19.2,0.0,0.7999811769134845,12.802141563656406,5.0940870797575,15.743999999999998,18.7,0.018991079138398478,368.64,6724,1.0,1022121,345.8,57.63333333333333,4.0,17.0,-0.5
98,157.6,12.0,68.0,42.5,34.0,100,0.0,1011,86,18.7,3.2,2.4,2023,3,26,13,6,85,12,-0.2588190451025208,-0.9659258262890683,1.0,6.123233995736766e-17,-0.7818314824680299,0.6234898018587334,1,1,1,34.0,30.0,15.0,17.0,26.0,60.0,32.666666666666664,2.309401076759187,34.0,30.0,24.833333333333332,8.795832346439084,34.0,15.0,21.666666666666668,8.015137194235342,34.0,13.0,33.666666666666664,17.709409600712284,76.0,13.0,19.2,20.2,20.2,82.0,73.0,75.0,1.0,3.0,4.0,1011.0,1013.0,1011.0,1608.2,206.4,44.879999999999995,0.0,0.7999811769134845,13.132238980084994,5.666194483793017,16.082,17.5,0.018496519785836017,349.69,7396,5.76,1022121,348.1,58.01666666666667,0.0,19.0,-0.5
93,158.0,14.0,67.0,40.0,45.0,100,0.0,1010,84,19.0,2.5,0.33,2023,3,26,14,6,85,12,-0.4999999999999997,-0.8660254037844388,1.0,6.123233995736766e-17,-0.7818314824680299,0.6234898018587334,1,1,1,34.0,34.0,30.0,19.0,31.0,42.0,33.333333333333336,1.1547005383806086,34.0,32.0,27.0,8.671793355471372,34.0,15.0,21.75,8.12543705118179,34.0,13.0,33.25,17.622243848638373,76.0,13.0,18.7,19.7,20.2,86.0,77.0,75.0,2.4,2.0,3.66,1011.0,1012.0,1011.0,1596.0,27.720000000000002,6.2700000000000005,0.0,0.7999800004999875,11.28490822084137,4.785372473394758,15.96,18.835,0.018811862562512313,361.0,7056,0.10890000000000001,1020100,356.0,59.333333333333336,-2.0,2.0,0.3000000000000007
95,158.4,16.0,66.0,41.3,56.0,100,0.0,1009,82,19.4,1.7,0.66,2023,3,26,15,6,85,12,-0.7071067811865471,-0.7071067811865479,1.0,6.123233995736766e-17,-0.7818314824680299,0.6234898018587334,1,1,1,32.0,34.0,34.0,17.0,17.0,31.0,33.0,1.0000000000015716,34.0,32.0,29.666666666666668,7.3393914370787,34.0,15.0,23.083333333333332,8.575422950961048,34.0,13.0,33.333333333333336,17.61586899871004,76.0,13.0,19.0,19.2,20.2,84.0,82.0,74.0,0.33,1.0,3.33,1010.0,1011.0,1012.0,1590.8,54.120000000000005,12.804,0.0,0.7990121304568898,9.899381288669458,4.124742203612274,15.908,19.07,0.019226938328108692,376.35999999999996,6724,0.43560000000000004,1018081,370.7,61.78333333333333,1.0,-1.0,0.3999999999999986
95,158.7,18.0,65.0,41.3,67.0,100,0.0,1008,81,19.7,1.1,1.0,2023,3,26,16,6,85,12,-0.8660254037844385,-0.5000000000000004,1.0,6.123233995736766e-17,-0.7818314824680299,0.6234898018587334,1,1,1,33.0,32.0,34.0,15.0,13.0,26.0,32.666666666666664,0.577350269192354,33.0,32.0,32.666666666666664,1.5055453054173384,34.0,30.0,24.75,8.378815277504115,34.0,15.0,33.625,17.54698661110899,76.0,13.0,19.4,18.7,20.2,82.0,86.0,73.0,0.66,2.4,3.0,1009.0,1011.0,1013.0,1595.7,81.0,19.7,0.0,0.7990121304568898,8.816176879062272,3.6109105049719457,15.957,19.2,0.019543631405127573,388.09,6561,1.0,1016064,383.0,63.833333333333336,0.0,-1.0,0.3000000000000007
100,179.4,27.0,52.0,43.8,64.3,100,0.0,1009,85,19.2,0.7,1.66,2023,3,26,17,6,85,12,-0.9659258262890683,-0.25881904510252063,1.0,6.123233995736766e-17,-0.7818314824680299,0.6234898018587334,1,1,1,33.0,33.0,32.0,30.0,16.0,34.0,33.666666666666664,1.1547005383806017,35.0,33.0,33.5,1.0488088481689717,35.0,32.0,26.333333333333332,8.370221386594094,35.0,15.0,33.666666666666664,17.549102954075945,76.0,13.0,19.7,19.0,19.7,81.0,84.0,77.0,1.0,0.33,2.0,1008.0,1010.0,1012.0,1632.0,141.1,31.871999999999996,0.0,0.7990685144174792,6.644198363023592,1.9258545979778525,16.32,18.37,0.019028722469056028,368.64,7225,2.7556,1018081,401.5,66.91666666666667,2.0,3.0,-0.5
110,200.0,36.0,39.0,48.8,61.7,100,0.0,1009,89,18.7,0.7,2.33,2023,3,26,18,6,85,12,-1.0,-1.8369701987210297e-16,1.0,6.123233995736766e-17,-0.7818314824680299,0.6234898018587334,1,2,1,35.0,33.0,33.0,34.0,17.0,42.0,35.666666666666664,3.055050463304393,39.0,33.0,34.333333333333336,2.503331114068652,39.0,32.0,28.166666666666668,8.547549710917005,39.0,15.0,33.541666666666664,17.497774185572254,76.0,13.0,19.2,19.4,19.2,85.0,82.0,82.0,1.66,0.66,1.0,1009.0,1009.0,1011.0,1664.3,207.37,43.571,0.0,0.7991639515583698,5.5554012388544765,1.0833032415766228,16.643,17.535,0.018533182821424358,349.69,7921,5.4289000000000005,1018081,424.5,70.75,4.0,6.0,-0.5
126,220.6,45.0,26.0,56.3,59.0,100,0.0,1010,93,18.2,0.0,3.0,2023,3,26,19,6,85,12,-0.9659258262890684,0.2588190451025203,1.0,6.123233995736766e-17,-0.7818314824680299,0.6234898018587334,1,2,1,39.0,35.0,33.0,34.0,17.0,50.0,39.666666666666664,5.033222956847458,45.0,35.0,36.166666666666664,4.996665554813954,45.0,32.0,30.5,9.030252186148854,45.0,15.0,33.333333333333336,17.322181473893412,76.0,13.0,18.7,19.7,18.7,89.0,81.0,86.0,2.33,1.0,2.4,1009.0,1008.0,1011.0,1692.6,279.0,54.599999999999994,0.0,0.7992753237065062,4.9021132863714145,0.577764938556921,16.926,16.7,0.018019784138827585,331.23999999999995,8649,9.0,1020100,451.90000000000003,75.31666666666668,6.0,12.0,-0.5
121,216.9,40.0,28.3,53.8,54.7,100,0.5,1011,93,18.2,0.0,2.33,2023,3,26,20,6,85,12,-0.8660254037844386,0.5000000000000001,1.0,6.123233995736766e-17,-0.7818314824680299,0.6234898018587334,1,2,1,45.0,39.0,35.0,32.0,19.0,60.0,42.333333333333336,3.0550504633043585,45.0,39.0,38.0,5.176871642217685,45.0,33.0,32.5,8.908627075123768,45.0,15.0,32.625,16.513005414705415,76.0,13.0,18.2,19.2,19.0,93.0,85.0,84.0,3.0,1.66,0.33,1010.0,1009.0,1010.0,1692.6,216.69,42.406,50.0,0.7992416497834613,5.422364440888979,0.7074823129421765,16.926,17.035,0.018001960433273557,331.23999999999995,8649,5.4289000000000005,1022121,436.7,72.78333333333333,-2.0,8.0,0.0
142,213.2,35.0,30.7,63.8,50.3,100,0.0,1011,93,18.2,0.0,1.66,2023,3,26,21,6,85,12,-0.7071067811865477,0.7071067811865474,1.0,6.123233995736766e-17,-0.7818314824680299,0.6234898018587334,1,2,1,43.0,45.0,39.0,33.0,17.0,76.0,46.333333333333336,4.163331998932594,51.0,43.0,41.0,6.693280212272434,51.0,33.0,35.333333333333336,8.937493377831398,51.0,15.0,31.583333333333332,14.29781578535293,73.0,13.0,18.2,18.7,19.4,93.0,89.0,82.0,2.33,2.33,0.66,1011.0,1009.0,1009.0,1692.6,154.38,30.211999999999996,0.0,0.7993605115907275,6.091254535584698,0.8771177966343819,16.926,17.37,0.018001960433273557,331.23999999999995,8649,2.7556,1022121,444.0,74.0,8.0,12.0,0.0
107,209.5,30.0,33.0,47.5,46.0,100,0.0,1012,93,18.2,0.0,1.0,2023,3,26,22,6,85,12,-0.5000000000000004,0.8660254037844384,1.0,6.123233995736766e-17,-0.7818314824680299,0.6234898018587334,1,3,1,51.0,43.0,45.0,33.0,15.0,73.0,44.0,6.557438524302213,51.0,38.0,41.833333333333336,5.741660619251578,51.0,35.0,37.25,6.239536696086547,51.0,30.0,30.125,11.376224253278103,51.0,13.0,18.2,18.2,19.7,93.0,93.0,81.0,1.66,3.0,1.0,1011.0,1010.0,1008.0,1692.6,93.0,18.2,0.0,0.7999831582493001,6.983100563314556,1.0999633345555149,16.926,17.7,0.017984171952399257,331.23999999999995,8649,1.0,1024144,404.0,67.33333333333333,-13.0,-7.0,0.0
100,191.0,23.7,39.0,43.8,39.0,100,0.0,1012,93,18.0,0.0,1.33,2023,3,26,23,6,85,12,-0.25881904510252157,0.9659258262890681,1.0,6.123233995736766e-17,-0.7818314824680299,0.6234898018587334,1,3,1,38.0,51.0,43.0,35.0,30.0,45.0,41.333333333333336,8.50490054811555,51.0,35.0,41.833333333333336,5.741660619251578,51.0,35.0,37.666666666666664,5.867217604984062,51.0,32.0,29.708333333333332,10.98409588081076,51.0,13.0,18.2,18.2,19.2,93.0,93.0,85.0,1.0,2.33,1.66,1012.0,1011.0,1009.0,1674.0,123.69000000000001,23.94,0.0,0.7990685144174792,8.058731699084426,1.6455001898654065,16.74,17.335,0.017786543689186078,324.0,8649,1.7689000000000001,1024144,371.5,61.916666666666664,-3.0,-8.0,-0.1999999999999993
137,172.6,17.3,45.0,61.3,32.0,100,0.0,1012,93,17.9,0.0,1.66,2023,3,27,0,0,86,13,0.0,1.0,1.0,6.123233995736766e-17,0.0,1.0,1,3,0,35.0,38.0,51.0,39.0,34.0,43.0,40.666666666666664,7.371114795832188,49.0,35.0,43.5,6.188699378706144,51.0,35.0,38.916666666666664,6.570710952723081,51.0,32.0,29.958333333333332,11.361564369730939,51.0,13.0,18.0,18.2,18.7,93.0,93.0,89.0,1.33,1.66,2.33,1012.0,1011.0,1009.0,1664.6999999999998,154.38,29.713999999999995,0.0,0.7993344317384709,9.976301947864284,2.6010057222125886,16.647,17.07,0.01768772955757949,320.40999999999997,8649,2.7556,1024144,377.2,62.86666666666667,14.0,-2.0,-0.10000000000000142
100,154.1,11.0,51.0,43.8,25.0,100,0.0,1012,92,17.7,0.0,2.0,2023,3,27,1,0,86,13,0.25881904510252074,0.9659258262890683,1.0,6.123233995736766e-17,0.0,1.0,1,3,0,49.0,35.0,38.0,45.0,34.0,26.0,39.666666666666664,8.08290376865494,49.0,35.0,41.833333333333336,6.997618642557224,51.0,35.0,39.0,6.508735388969889,51.0,32.0,30.333333333333332,11.373755705156633,51.0,13.0,17.9,18.2,18.2,93.0,93.0,93.0,1.66,1.0,3.0,1012.0,1012.0,1010.0,1628.3999999999999,184.0,35.4,0.0,0.7990685144174792,14.007817471138987,4.635942187073903,16.284,16.7,0.01749010129436631,313.28999999999996,8464,4.0,1024144,319.9,53.31666666666666,-14.0,-3.0,-0.1999999999999993
65,153.1,9.7,50.3,23.8,24.7,100,0.0,1012,92,17.6,0.0,1.66,2023,3,27,2,0,86,13,0.49999999999999994,0.8660254037844387,1.0,6.123233995736766e-17,0.0,1.0,1,3,0,35.0,49.0,35.0,43.0,32.0,31.0,34.333333333333336,15.011106998930371,49.0,19.0,37.833333333333336,11.56575404660951,51.0,19.0,37.916666666666664,8.543560396135604,51.0,19.0,29.833333333333332,11.60459679035295,51.0,13.0,17.7,18.0,18.2,92.0,93.0,93.0,2.0,1.33,2.33,1012.0,1012.0,1011.0,1619.2,152.72,29.216,0.0,0.7982857863114995,15.781878156891043,5.185032470879291,16.192,16.770000000000003,0.01739128716275972,309.76000000000005,8464,2.7556,1024144,280.59999999999997,46.76666666666666,-16.0,-16.0,-0.09999999999999787
50,152.1,8.3,49.7,15.0,24.3,100,0.5,1011,91,17.6,0.0,1.33,2023,3,27,3,0,86,13,0.7071067811865476,0.7071067811865476,1.0,6.123233995736766e-17,0.0,1.0,1,3,0,19.0,35.0,49.0,51.0,33.0,17.0,22.0,11.789826122551741,35.0,12.0,31.333333333333332,13.485794995722866,49.0,12.0,36.166666666666664,11.336452333739327,51.0,12.0,29.625,11.886464717411322,51.0,12.0,17.6,17.9,18.2,92.0,93.0,93.0,1.66,1.66,1.66,1012.0,1012.0,1011.0,1601.6000000000001,121.03,23.408000000000005,50.0,0.7999466702219852,18.32309360318034,5.987230454162149,16.016000000000002,16.935000000000002,0.017408489210198608,309.76000000000005,8281,1.7689000000000001,1022121,261.40000000000003,43.56666666666667,-7.0,-37.0,0.0
42,151.2,7.0,49.0,12.5,24.0,100,0.0,1011,91,17.5,0.0,1.0,2023,3,27,4,0,86,13,0.8660254037844386,0.5000000000000001,1.0,6.123233995736766e-17,0.0,1.0,1,3,0,12.0,19.0,35.0,38.0,33.0,13.0,13.666666666666666,4.725815626252997,19.0,10.0,26.666666666666668,15.422926656982574,49.0,10.0,34.25,13.63234789355455,51.0,10.0,29.5,12.08304597359471,51.0,10.0,17.6,17.7,18.2,91.0,92.0,93.0,1.33,2.0,1.0,1011.0,1012.0,1012.0,1592.5,91.0,17.5,0.0,0.7999360051195905,21.596914726467645,6.999000142836738,15.925,17.0,0.017309577339686112,306.25,8281,1.0,1022121,253.7,42.28333333333333,-2.0,-25.0,-0.10000000000000142
46,156.6,10.0,46.7,13.8,23.7,100,0.0,1012,90,17.5,0.0,1.33,2023,3,27,5,0,86,13,0.9659258262890683,0.25881904510252074,1.0,6.123233995736766e-17,0.0,1.0,1,3,0,10.0,12.0,19.0,35.0,35.0,16.0,11.0,1.000000000001874,12.0,10.0,22.666666666666668,15.933193862708865,49.0,10.0,32.25,15.184471733260057,51.0,10.0,29.291666666666668,12.36572811782878,51.0,10.0,17.5,17.6,18.0,91.0,92.0,93.0,1.0,1.66,1.33,1011.0,1012.0,1012.0,1575.0,119.7,23.275000000000002,0.0,0.7970436924860518,15.658434156584342,4.669533046695331,15.75,16.835,0.01729247303115313,306.25,8100,1.7689000000000001,1024144,261.8,43.63333333333333,1.0,-8.0,0.0
69,162.0,13.0,44.3,26.3,23.3,100,0.0,1013,89,17.5,0.6,1.66,2023,3,27,6,0,86,13,1.0,6.123233995736766e-17,1.0,6.123233995736766e-17,0.0,1.0,1,0,0,11.0,10.0,12.0,49.0,39.0,17.0,14.0,6.08276253029852,21.0,10.0,18.0,9.465727652959199,35.0,10.0,30.75,15.34526874079644,51.0,10.0,29.458333333333332,12.218941698522315,51.0,10.0,17.5,17.6,17.9,90.0,91.0,93.0,1.33,1.33,1.66,1012.0,1011.0,1012.0,1557.5,147.73999999999998,29.049999999999997,0.0,0.79844872818524,12.460579955388047,3.4074301976771015,15.575,16.67,0.017275402492198923,306.25,7921,2.7556,1026169,289.90000000000003,48.31666666666667,10.0,9.0,0.0
69,167.5,16.0,42.0,26.3,23.0,100,0.5,1014,88,17.5,0.7,2.0,2023,3,27,7,0,86,13,0.9659258262890683,-0.25881904510252063,1.0,6.123233995736766e-17,0.0,1.0,1,0,0,21.0,11.0,10.0,35.0,45.0,17.0,17.666666666666668,5.773502691896566,21.0,11.0,15.666666666666666,5.202563470700094,21.0,10.0,28.75,14.876002640005343,51.0,10.0,29.625,12.067968742303764,51.0,10.0,17.5,17.5,17.7,89.0,91.0,92.0,1.66,1.0,2.0,1013.0,1011.0,1012.0,1540.0,176.0,35.0,50.0,0.79844872818524,10.468095744015999,2.6248359477532652,15.4,16.5,0.017258365622913587,306.25,7744,4.0,1028196,295.8,49.300000000000004,0.0,11.0,0.0
67,161.5,14.7,46.0,25.0,25.7,100,0.0,1015,85,17.7,1.0,2.33,2023,3,27,8,0,86,13,0.8660254037844387,-0.4999999999999998,1.0,6.123233995736766e-17,0.0,1.0,1,0,0,21.0,21.0,11.0,19.0,43.0,19.0,20.666666666666668,0.5773502691926425,21.0,20.0,15.833333333333334,5.344779384283603,21.0,10.0,26.833333333333332,14.345308598558274,51.0,10.0,29.666666666666668,12.031359989145413,51.0,10.0,17.5,17.5,17.6,88.0,90.0,92.0,2.0,1.33,1.66,1014.0,1012.0,1012.0,1504.5,198.05,41.241,0.0,0.7999680012799487,10.985647234881982,3.1290388408951775,15.045,16.535,0.017438406464624173,313.28999999999996,7225,5.4289000000000005,1030225,292.9,48.81666666666666,-1.0,9.0,0.1999999999999993
74,155.4,13.3,50.0,28.8,28.3,100,0.0,1015,82,18.0,1.7,2.66,2023,3,27,9,0,86,13,0.7071067811865476,-0.7071067811865475,1.0,6.123233995736766e-17,0.0,1.0,1,0,0,20.0,21.0,21.0,12.0,51.0,17.0,21.333333333333332,1.5275252316530805,23.0,20.0,17.666666666666668,5.645056834670766,23.0,10.0,24.5,12.16926082763041,49.0,10.0,29.916666666666668,11.817145490186503,51.0,10.0,17.7,17.5,17.6,85.0,89.0,91.0,2.33,1.66,1.33,1015.0,1013.0,1011.0,1476.0,218.12,47.88,0.0,0.7985833825214401,11.683332080294715,3.7591158559506805,14.76,16.67,0.01773397267588899,324.0,6724,7.0756000000000006,1030225,298.8,49.800000000000004,3.0,2.0,0.3000000000000007
56,149.4,12.0,54.0,18.8,31.0,100,0.0,1016,80,18.2,2.5,3.0,2023,3,27,10,0,86,13,0.49999999999999994,-0.8660254037844387,1.0,6.123233995736766e-17,0.0,1.0,1,0,0,23.0,20.0,21.0,10.0,38.0,15.0,19.333333333333332,4.041451884327816,23.0,15.0,18.5,4.549725266430546,23.0,11.0,22.583333333333332,11.64987969764871,49.0,10.0,29.916666666666668,11.817145490186503,51.0,10.0,18.0,17.5,17.5,82.0,88.0,91.0,2.66,2.0,1.0,1015.0,1014.0,1011.0,1456.0,240.0,54.599999999999994,0.0,0.7978299026647518,12.44896258645113,4.499625031247397,14.56,16.7,0.017913368195503744,331.23999999999995,6400,9.0,1032256,280.20000000000005,46.70000000000001,-8.0,-6.0,0.1999999999999993
37,144.5,11.0,58.0,11.3,31.3,100,0.0,1015,77,18.6,3.2,2.66,2023,3,27,11,0,86,13,0.258819045102521,-0.9659258262890682,1.0,6.123233995736766e-17,0.0,1.0,1,0,0,15.0,23.0,20.0,11.0,35.0,30.0,15.666666666666666,7.02376916856875,23.0,9.0,18.166666666666668,5.231315959360813,23.0,9.0,20.416666666666668,11.547989461635778,49.0,9.0,29.041666666666668,12.564543510338595,51.0,9.0,18.2,17.7,17.5,80.0,85.0,90.0,3.0,2.33,1.33,1016.0,1015.0,1012.0,1432.2,204.82000000000002,49.476000000000006,0.0,0.7963897000265463,13.135169530042724,5.272247977456595,14.322000000000001,17.270000000000003,0.018325105098418625,345.96000000000004,5929,7.0756000000000006,1030225,265.1,44.18333333333334,-6.0,-11.0,0.40000000000000213
61,139.7,10.0,62.0,21.3,31.7,100,0.0,1015,74,19.1,3.4,2.33,2023,3,27,12,0,86,13,1.2246467991473532e-16,-1.0,1.0,6.123233995736766e-17,0.0,1.0,1,1,0,9.0,15.0,23.0,21.0,49.0,34.0,13.666666666666666,4.163331998932707,17.0,9.0,17.5,5.049752469180687,23.0,9.0,17.75,7.237842471092728,35.0,9.0,28.333333333333332,12.750674889782536,51.0,9.0,18.6,18.0,17.5,77.0,82.0,89.0,2.66,2.66,1.66,1015.0,1015.0,1013.0,1413.4,172.42000000000002,44.50300000000001,0.0,0.7980845969672785,13.968603139686032,6.199380061993801,14.134,17.935000000000002,0.018817715450526653,364.81000000000006,5476,5.4289000000000005,1030225,281.7,46.949999999999996,8.0,-6.0,0.5
56,134.8,9.0,66.0,18.8,32.0,100,0.0,1014,71,19.5,3.3,2.0,2023,3,27,13,0,86,13,-0.2588190451025208,-0.9659258262890683,1.0,6.123233995736766e-17,0.0,1.0,1,1,0,17.0,9.0,15.0,21.0,35.0,34.0,13.666666666666666,4.163331998932707,17.0,9.0,16.5,4.806245936278791,23.0,9.0,16.083333333333332,4.79504163093649,23.0,9.0,27.541666666666668,12.971470925497146,51.0,9.0,19.1,18.2,17.5,74.0,80.0,88.0,2.33,3.0,2.0,1015.0,1016.0,1014.0,1384.5,142.0,39.0,0.0,0.7978299026647518,14.976113765137208,7.33251860904344,13.845,18.5,0.01923075026553228,380.25,5041,4.0,1028196,275.6,45.93333333333334,-2.0,0.0,0.3999999999999986
46,137.1,10.7,66.0,13.8,32.3,100,0.0,1014,68,19.7,2.6,2.0,2023,3,27,14,0,86,13,-0.4999999999999997,-0.8660254037844388,1.0,6.123233995736766e-17,0.0,1.0,1,1,0,15.0,17.0,9.0,20.0,19.0,32.0,14.333333333333334,3.0550504633044913,17.0,11.0,15.0,4.89897948556598,23.0,9.0,15.416666666666666,4.907477288110775,23.0,9.0,26.666666666666668,13.360118024298727,51.0,9.0,19.5,18.6,17.7,71.0,77.0,85.0,2.0,2.66,2.33,1014.0,1015.0,1015.0,1339.6,136.0,39.4,0.0,0.7970436924860518,12.811886739557051,6.167647883375386,13.395999999999999,18.7,0.019427988729794152,388.09,4624,4.0,1028196,270.9,45.15,-4.0,2.0,0.1999999999999993
65,139.5,12.3,66.0,23.8,32.7,100,0.0,1013,65,20.0,1.8,2.0,2023,3,27,15,0,86,13,-0.7071067811865471,-0.7071067811865479,1.0,6.123233995736766e-17,0.0,1.0,1,1,0,11.0,15.0,17.0,23.0,12.0,33.0,15.0,4.000000000000454,19.0,11.0,14.333333333333334,3.7237973450045523,19.0,9.0,16.0,4.8803874659878845,23.0,9.0,26.083333333333332,13.377192357229605,51.0,9.0,19.7,19.1,18.0,68.0,74.0,82.0,2.0,2.33,2.66,1014.0,1015.0,1015.0,1300.0,130.0,40.0,0.0,0.7982857863114995,11.340541419396796,5.365417445736119,13.0,19.0,0.019743317133941625,400.0,4225,4.0,1026169,293.3,48.88333333333333,8.0,2.0,0.3000000000000007
76,141.8,14.0,66.0,30.0,33.0,100,0.0,1012,62,20.2,1.1,2.0,2023,3,27,16,0,86,13,-0.8660254037844385,-0.5000000000000004,1.0,6.123233995736766e-17,0.0,1.0,1,1,0,19.0,11.0,15.0,15.0,10.0,33.0,18.0,6.557438524302271,24.0,11.0,15.833333333333334,5.455883674223913,24.0,9.0,17.166666666666668,4.987864059773267,24.0,9.0,25.708333333333332,13.30079816718009,51.0,9.0,20.0,19.5,18.2,65.0,71.0,80.0,2.0,2.0,3.0,1013.0,1014.0,1016.0,1252.3999999999999,124.0,40.4,0.0,0.7999733342221925,10.127848010856368,4.713949003642597,12.524,19.2,0.019960454584531044,408.03999999999996,3844,4.0,1024144,308.8,51.46666666666667,5.0,9.0,0.1999999999999993
74,156.6,20.7,56.3,28.8,38.0,95,0.0,1013,62,20.1,0.8,2.0,2023,3,27,17,0,86,13,-0.9659258262890683,-0.25881904510252063,1.0,6.123233995736766e-17,0.0,1.0,1,1,0,24.0,19.0,11.0,9.0,11.0,35.0,22.0,2.6457513110652378,24.0,19.0,18.166666666666668,4.915960401250517,24.0,11.0,18.166666666666668,4.839859752537519,24.0,9.0,25.208333333333332,13.161138997448065,51.0,9.0,20.2,19.7,18.6,62.0,68.0,77.0,2.0,2.0,2.66,1012.0,1014.0,1015.0,1246.2,124.0,40.2,0.0,0.7985833825214401,7.56485193951983,2.7196753780010625,12.462,19.1,0.019842033719611334,404.01000000000005,3844,4.0,1026169,323.4,53.9,-1.0,12.0,-0.09999999999999787
89,171.4,27.3,46.7,37.5,43.0,91,0.0,1013,63,20.1,0.7,2.0,2023,3,27,18,0,86,13,-1.0,-1.8369701987210297e-16,1.0,6.123233995736766e-17,0.0,1.0,1,2,0,23.0,24.0,19.0,17.0,21.0,39.0,25.666666666666668,3.785938897200621,30.0,23.0,20.333333333333332,6.80196050169826,30.0,11.0,18.916666666666668,5.900051360843926,30.0,9.0,24.833333333333332,12.876222328356974,51.0,9.0,20.1,20.0,19.1,62.0,65.0,74.0,2.0,2.0,2.33,1013.0,1013.0,1015.0,1266.3000000000002,126.0,40.2,0.0,0.7999786672355405,6.278158309219442,1.7105600527453206,12.663000000000002,19.1,0.019842033719611334,404.01000000000005,3969,4.0,1026169,355.90000000000003,59.31666666666667,7.0,11.0,0.0
98,186.2,34.0,37.0,42.5,48.0,87,0.0,1014,64,20.0,0.0,2.0,2023,3,27,19,0,86,13,-0.9659258262890684,0.2588190451025203,1.0,6.123233995736766e-17,0.0,1.0,1,2,0,30.0,23.0,24.0,15.0,21.0,45.0,29.0,5.567764362830312,34.0,23.0,23.5,8.11788149704076,34.0,11.0,20.0,7.336087637029165,34.0,9.0,24.375,12.310520421309636,51.0,9.0,20.1,20.2,19.5,63.0,62.0,71.0,2.0,2.0,2.0,1013.0,1012.0,1014.0,1280.0,128.0,40.0,0.0,0.7999811769134845,5.476309520308226,1.0882032881385841,12.8,19.0,0.019723846426186957,400.0,4096,4.0,1028196,381.7,63.61666666666667,4.0,10.0,-0.10000000000000142
107,184.4,30.3,39.7,47.5,45.7,91,0.0,1014,64,19.9,0.0,2.0,2023,3,27,20,0,86,13,-0.8660254037844386,0.5000000000000001,1.0,6.123233995736766e-17,0.0,1.0,1,2,0,34.0,30.0,23.0,11.0,20.0,43.0,34.0,4.0000000000003855,38.0,30.0,28.0,7.23878442834133,38.0,19.0,21.5,8.989893315171898,38.0,9.0,24.166666666666668,12.020513866852436,51.0,9.0,20.0,20.1,19.7,64.0,62.0,68.0,2.0,2.0,2.0,1014.0,1013.0,1014.0,1273.6,128.0,39.8,0.0,0.7999831582493001,6.085607735718293,1.310187782581433,12.735999999999999,18.9,0.01962522719405602,396.00999999999993,4096,4.0,1028196,385.6,64.26666666666667,4.0,15.0,-0.10000000000000142
93,182.7,26.7,42.3,40.0,43.3,95,0.0,1015,63,19.8,0.0,2.0,2023,3,27,21,0,86,13,-0.7071067811865477,0.7071067811865474,1.0,6.123233995736766e-17,0.0,1.0,1,2,0,38.0,34.0,30.0,19.0,23.0,51.0,34.666666666666664,3.0550504633043967,38.0,32.0,30.166666666666668,5.810909280539809,38.0,23.0,22.25,9.488030737340491,38.0,9.0,23.375,10.73317692747702,49.0,9.0,19.9,20.1,20.0,64.0,63.0,65.0,2.0,2.0,2.0,1014.0,1013.0,1013.0,1247.4,126.0,39.6,0.0,0.7999800004999875,6.842440358039024,1.5842103292011533,12.474,18.8,0.01950736994347789,392.04,3969,4.0,1030225,367.0,61.166666666666664,-6.0,2.0,-0.09999999999999787
89,180.9,23.0,45.0,37.5,41.0,100,0.0,1016,63,19.7,0.0,2.0,2023,3,27,22,0,86,13,-0.5000000000000004,0.8660254037844384,1.0,6.123233995736766e-17,0.0,1.0,1,3,0,32.0,38.0,34.0,24.0,15.0,38.0,33.333333333333336,4.163331998932639,38.0,30.0,31.166666666666668,4.996665554813902,38.0,23.0,23.5,9.433981132056116,38.0,9.0,23.041666666666668,10.377564289355833,49.0,9.0,19.8,20.0,20.2,63.0,64.0,62.0,2.0,2.0,2.0,1015.0,1014.0,1012.0,1241.1,126.0,39.4,0.0,0.7999786672355405,7.864875440198252,1.9564366766662318,12.411,18.7,0.019389744695133174,388.09,3969,4.0,1032256,357.4,59.56666666666666,-2.0,-4.0,-0.10000000000000142
93,170.8,20.0,46.3,40.0,39.3,100,0.0,1015,63,19.5,0.0,2.0,2023,3,27,23,0,86,13,-0.25881904510252157,0.9659258262890681,1.0,6.123233995736766e-17,0.0,1.0,1,3,0,30.0,32.0,38.0,23.0,9.0,35.0,31.333333333333332,1.1547005383806228,32.0,30.0,32.666666666666664,3.011090610835843,38.0,30.0,25.416666666666668,8.511578566691421,38.0,11.0,22.916666666666668,10.244475358080674,49.0,9.0,19.7,19.9,20.1,63.0,64.0,62.0,2.0,2.0,2.0,1016.0,1014.0,1013.0,1228.5,126.0,39.0,0.0,0.7999800004999875,8.539573021348932,2.3148842557872102,12.285,18.5,0.01921180373221307,380.25,3969,4.0,1030225,348.40000000000003,58.06666666666667,2.0,-6.0,-0.1999999999999993
80,160.7,17.0,47.7,32.5,37.7,100,0.0,1015,64,19.4,0.0,2.0,2023,3,28,0,1,87,13,0.0,1.0,1.0,6.123233995736766e-17,0.7818314824680298,0.6234898018587336,1,3,0,32.0,30.0,32.0,30.0,17.0,49.0,29.333333333333332,3.0550504633044206,32.0,26.0,32.0,3.9999999999996354,38.0,26.0,26.166666666666668,8.088525355355795,38.0,11.0,21.958333333333332,8.65010262149081,38.0,9.0,19.5,19.8,20.1,63.0,63.0,63.0,2.0,2.0,2.0,1015.0,1015.0,1013.0,1241.6,128.0,38.8,0.0,0.7999753853727578,9.45238515381448,2.805717310746427,12.415999999999999,18.4,0.019113281661791465,376.35999999999996,4096,4.0,1030225,321.59999999999997,53.599999999999994,-6.0,-6.0,-0.10000000000000142
85,150.6,14.0,49.0,35.0,36.0,100,0.0,1015,65,19.2,0.0,2.0,2023,3,28,1,1,87,13,0.25881904510252074,0.9659258262890683,1.0,6.123233995736766e-17,0.7818314824680298,0.6234898018587336,1,3,0,26.0,32.0,30.0,34.0,15.0,35.0,28.666666666666668,3.055050463304424,32.0,26.0,31.0,4.147288270665189,38.0,26.0,27.25,7.287910287841617,38.0,11.0,21.666666666666668,8.302260910853585,38.0,9.0,19.4,19.7,20.0,64.0,63.0,64.0,2.0,2.0,2.0,1015.0,1016.0,1014.0,1248.0,130.0,38.4,0.0,0.7999771435101855,10.75637454467538,3.4997500178558676,12.48,18.2,0.018916237520948256,368.64,4225,4.0,1030225,312.6,52.1,2.0,-2.0,-0.1999999999999993
72,146.9,12.0,49.7,27.5,35.0,100,0.0,1015,67,19.0,0.0,2.0,2023,3,28,2,1,87,13,0.49999999999999994,0.8660254037844387,1.0,6.123233995736766e-17,0.7818314824680298,0.6234898018587336,1,3,0,28.0,26.0,32.0,38.0,11.0,19.0,25.333333333333332,3.055050463304439,28.0,22.0,28.333333333333332,3.8815804341355125,32.0,22.0,28.166666666666668,5.540484608494201,38.0,19.0,21.791666666666668,8.282927263834589,38.0,9.0,19.2,19.5,19.9,65.0,63.0,64.0,2.0,2.0,2.0,1015.0,1015.0,1014.0,1273.0,134.0,38.0,0.0,0.7999709101487218,12.24064661278227,4.141321556536956,12.73,18.0,0.018719193380105043,361.0,4489,4.0,1030225,293.1,48.85,-6.0,-10.0,-0.1999999999999993
72,143.2,10.0,50.3,27.5,34.0,100,0.0,1015,68,18.7,0.0,2.0,2023,3,28,3,1,87,13,0.7071067811865476,0.7071067811865476,1.0,6.123233995736766e-17,0.7818314824680298,0.6234898018587336,1,3,0,22.0,28.0,26.0,32.0,19.0,12.0,24.0,3.4641016151382416,28.0,22.0,26.666666666666668,4.131182235954205,32.0,22.0,28.416666666666668,5.142661732698464,38.0,22.0,22.208333333333332,8.01617477173607,38.0,9.0,19.0,19.4,19.8,67.0,64.0,63.0,2.0,2.0,2.0,1015.0,1015.0,1015.0,1271.6,136.0,37.4,0.0,0.7999709101487218,14.318568143185681,5.02949705029497,12.716,17.7,0.018423627168840228,349.69,4624,4.0,1030225,287.0,47.833333333333336,0.0,-4.0,-0.3000000000000007
78,139.5,8.0,51.0,31.3,33.0,100,0.0,1014,70,18.5,0.0,2.0,2023,3,28,4,1,87,13,0.8660254037844386,0.5000000000000001,1.0,6.123233995736766e-17,0.7818314824680298,0.6234898018587336,1,3,0,22.0,22.0,28.0,30.0,24.0,10.0,23.0,1.7320508075698597,25.0,22.0,25.833333333333332,3.8166302763908857,32.0,22.0,28.5,5.072205903476732,38.0,22.0,22.833333333333332,7.596719352953586,38.0,9.0,18.7,19.2,19.7,68.0,65.0,63.0,2.0,2.0,2.0,1015.0,1015.0,1016.0,1295.0,140.0,37.0,0.0,0.7986965272674994,17.435320584926885,6.374203224596926,12.95,17.5,0.018244557944222934,342.25,4900,4.0,1028196,287.8,47.96666666666667,3.0,-3.0,-0.1999999999999993
104,152.3,12.7,45.0,46.3,33.3,100,0.0,1015,69,18.5,0.0,2.0,2023,3,28,5,1,87,13,0.9659258262890683,0.25881904510252074,1.0,6.123233995736766e-17,0.7818314824680298,0.6234898018587336,1,3,0,25.0,22.0,22.0,32.0,23.0,11.0,28.0,7.937253933193976,37.0,22.0,26.666666666666668,5.5737479909539855,37.0,22.0,29.666666666666668,5.297226261034892,38.0,22.0,23.916666666666668,7.6891604486966205,38.0,9.0,18.5,19.0,19.5,70.0,67.0,63.0,2.0,2.0,2.0,1014.0,1015.0,1015.0,1276.5,138.0,37.0,0.0,0.799118809528952,11.991181796708922,3.5430281080229906,12.765,17.5,0.018226583027997015,342.25,4761,4.0,1030225,326.6,54.43333333333334,12.0,15.0,0.0
107,165.2,17.3,39.0,47.5,33.7,100,0.0,1016,68,18.6,0.6,2.0,2023,3,28,6,1,87,13,1.0,6.123233995736766e-17,1.0,6.123233995736766e-17,0.7818314824680298,0.6234898018587336,1,0,0,37.0,25.0,22.0,26.0,30.0,21.0,33.333333333333336,7.234178138070449,38.0,25.0,28.666666666666668,7.201851613763202,38.0,22.0,30.333333333333332,5.820548760965722,38.0,22.0,24.625,8.176384339643564,38.0,9.0,18.5,18.7,19.4,69.0,68.0,64.0,2.0,2.0,2.0,1015.0,1015.0,1015.0,1264.8000000000002,136.0,37.2,0.0,0.7999831582493001,9.548581006878214,2.25420495925091,12.648000000000001,17.6,0.018307068595404926,345.96000000000004,4624,4.0,1032256,340.7,56.78333333333333,1.0,16.0,0.10000000000000142
85,178.0,22.0,33.0,35.0,34.0,100,0.0,1016,67,18.6,0.7,2.0,2023,3,28,7,1,87,13,0.9659258262890683,-0.25881904510252063,1.0,6.123233995736766e-17,0.7818314824680298,0.6234898018587336,1,0,0,38.0,37.0,25.0,28.0,34.0,21.0,34.333333333333336,5.507570547286381,38.0,28.0,28.666666666666668,7.201851613763202,38.0,22.0,29.833333333333332,5.734002779802216,38.0,22.0,24.916666666666668,8.166296945195217,38.0,9.0,18.6,18.5,19.2,68.0,70.0,65.0,2.0,2.0,2.0,1016.0,1014.0,1015.0,1246.2,134.0,37.2,0.0,0.7999771435101855,8.090541339030043,1.4999318212808508,12.462,17.6,0.018307068595404926,345.96000000000004,4489,4.0,1032256,330.0,55.0,-10.0,3.0,0.0
82,180.1,22.0,34.3,33.8,41.7,100,0.0,1017,68,18.6,1.0,2.33,2023,3,28,8,1,87,13,0.8660254037844387,-0.4999999999999998,1.0,6.123233995736766e-17,0.7818314824680298,0.6234898018587336,1,0,0,28.0,38.0,37.0,22.0,38.0,20.0,31.0,6.0827625302984805,38.0,27.0,29.5,6.534523701081585,38.0,22.0,28.916666666666668,5.160308893736829,38.0,22.0,25.208333333333332,8.107855378617888,38.0,9.0,18.6,18.5,19.0,67.0,69.0,67.0,2.0,2.0,2.0,1016.0,1015.0,1015.0,1264.8000000000002,158.44,43.33800000000001,0.0,0.7987929351202628,8.185991545838824,1.5590200445434297,12.648000000000001,17.435000000000002,0.018289067562372113,345.96000000000004,4624,5.4289000000000005,1034289,338.9,56.48333333333333,-1.0,-10.0,0.0
102,182.3,22.0,35.7,45.0,49.3,100,0.0,1017,70,18.7,1.7,2.66,2023,3,28,9,1,87,13,0.7071067811865476,-0.7071067811865475,1.0,6.123233995736766e-17,0.7818314824680298,0.6234898018587336,1,0,0,27.0,28.0,38.0,22.0,32.0,23.0,30.333333333333332,4.932882862316571,36.0,27.0,31.833333333333332,5.776388721914729,38.0,25.0,29.25,5.495866215123603,38.0,22.0,25.75,8.383472353127638,38.0,9.0,18.6,18.6,18.7,68.0,68.0,68.0,2.33,2.0,2.0,1017.0,1016.0,1015.0,1309.0,186.20000000000002,49.742,0.0,0.7999822226172753,8.285987000590882,1.622653515749284,13.09,17.369999999999997,0.018387395882599918,349.69,4900,7.0756000000000006,1034289,370.3,61.71666666666667,9.0,-2.0,0.09999999999999787
102,184.4,22.0,37.0,45.0,57.0,100,0.0,1018,71,18.7,2.5,3.0,2023,3,28,10,1,87,13,0.49999999999999994,-0.8660254037844387,1.0,6.123233995736766e-17,0.7818314824680298,0.6234898018587336,1,0,0,36.0,27.0,28.0,25.0,30.0,15.0,33.0,5.196152422706933,36.0,27.0,33.666666666666664,4.844240566555679,38.0,27.0,29.75,5.83290041683543,38.0,22.0,26.625,8.308259379259098,38.0,9.0,18.7,18.6,18.5,70.0,67.0,70.0,2.66,2.0,2.0,1017.0,1016.0,1014.0,1327.7,213.0,56.099999999999994,0.0,0.7999822226172753,8.381437207399664,1.681741739011863,13.277000000000001,17.2,0.01836933362540901,349.69,5041,9.0,1036324,381.4,63.56666666666666,0.0,8.0,0.0
107,182.9,20.7,40.7,47.5,61.3,100,0.0,1017,71,19.0,3.2,2.66,2023,3,28,11,1,87,13,0.258819045102521,-0.9659258262890682,1.0,6.123233995736766e-17,0.7818314824680298,0.6234898018587336,1,0,0,36.0,36.0,27.0,37.0,32.0,9.0,36.666666666666664,1.1547005383805637,38.0,36.0,33.833333333333336,4.996665554813899,38.0,27.0,30.25,6.283094200094762,38.0,22.0,27.833333333333332,7.721605299793584,38.0,11.0,18.7,18.6,18.5,71.0,68.0,69.0,3.0,2.33,2.0,1018.0,1017.0,1015.0,1349.0,188.86,50.540000000000006,0.0,0.7999831582493001,8.835321965122457,1.9660885947538767,13.49,17.67,0.01868238084328334,361.0,5041,7.0756000000000006,1034289,391.1,65.18333333333334,2.0,11.0,0.3000000000000007
95,181.3,19.3,44.3,41.3,65.7,100,0.0,1016,72,19.2,3.4,2.33,2023,3,28,12,1,87,13,1.2246467991473532e-16,-1.0,1.0,6.123233995736766e-17,0.7818314824680298,0.6234898018587336,1,1,0,38.0,36.0,36.0,38.0,26.0,17.0,35.666666666666664,2.5166114784241915,38.0,33.0,33.0,4.560701700396225,38.0,27.0,30.833333333333332,6.176691278630246,38.0,22.0,28.5,7.430840551670524,38.0,11.0,19.0,18.7,18.6,71.0,70.0,68.0,2.66,2.66,2.0,1017.0,1017.0,1016.0,1382.3999999999999,167.76,44.736,0.0,0.7990121304568898,9.393295684161442,2.2952178643593593,13.823999999999998,18.035,0.018897619195256697,368.64,5184,5.4289000000000005,1032256,384.90000000000003,64.15,-5.0,-3.0,0.1999999999999993
107,179.7,18.0,48.0,47.5,70.0,100,0.0,1015,72,19.5,3.2,2.0,2023,3,28,13,1,87,13,-0.2588190451025208,-0.9659258262890683,1.0,6.123233995736766e-17,0.7818314824680298,0.6234898018587336,1,1,0,33.0,38.0,36.0,28.0,28.0,15.0,36.333333333333336,2.886751345948656,38.0,33.0,34.666666666666664,4.179314138308305,38.0,27.0,31.666666666666668,6.429100507328007,38.0,22.0,29.458333333333332,7.089362310604372,38.0,11.0,19.2,18.7,18.6,72.0,71.0,67.0,2.33,3.0,2.0,1016.0,1018.0,1016.0,1404.0,144.0,39.0,0.0,0.7999831582493001,9.982778734514747,2.6665185267485136,14.04,18.5,0.01921180373221307,380.25,5184,4.0,1030225,401.2,66.86666666666666,5.0,2.0,0.3000000000000007
104,180.7,19.3,48.3,46.3,74.0,100,0.0,1015,72,19.7,2.6,2.0,2023,3,28,14,1,87,13,-0.4999999999999997,-0.8660254037844388,1.0,6.123233995736766e-17,0.7818314824680298,0.6234898018587336,1,1,0,38.0,33.0,38.0,27.0,22.0,11.0,36.0,2.645751311065168,38.0,33.0,36.333333333333336,1.8618986725017297,38.0,33.0,32.916666666666664,5.806866364028799,38.0,22.0,30.541666666666668,6.0575441046445055,38.0,19.0,19.5,19.0,18.6,72.0,71.0,68.0,2.0,2.66,2.33,1015.0,1017.0,1017.0,1418.3999999999999,144.0,39.4,0.0,0.799118809528952,9.362209211957929,2.5024610123827777,14.184,18.7,0.019408847873056283,388.09,5184,4.0,1030225,405.6,67.60000000000001,-1.0,-1.0,0.1999999999999993
98,181.7,20.7,48.7,42.5,78.0,100,0.0,1014,72,19.8,1.8,2.0,2023,3,28,15,1,87,13,-0.7071067811865471,-0.7071067811865479,1.0,6.123233995736766e-17,0.7818314824680298,0.6234898018587336,1,1,0,37.0,38.0,33.0,36.0,22.0,19.0,36.333333333333336,2.081665999466866,38.0,34.0,36.0,2.0976176963395954,38.0,33.0,33.916666666666664,4.679905463949819,38.0,25.0,31.166666666666668,5.569065698447671,38.0,22.0,19.7,19.2,18.7,72.0,72.0,70.0,2.0,2.33,2.66,1015.0,1016.0,1017.0,1425.6000000000001,144.0,39.6,0.0,0.7999811769134845,8.777353751026519,2.3525433553934594,14.256000000000002,18.8,0.01952660796192509,392.04,5184,4.0,1028196,405.59999999999997,67.6,-3.0,1.0,0.10000000000000142
98,182.7,22.0,49.0,42.5,82.0,100,0.0,1013,72,20.0,1.1,2.0,2023,3,28,16,1,87,13,-0.8660254037844385,-0.5000000000000004,1.0,6.123233995736766e-17,0.7818314824680298,0.6234898018587336,1,1,0,34.0,37.0,38.0,36.0,25.0,24.0,35.0,1.7320508075697687,37.0,34.0,35.666666666666664,2.25092573548389,38.0,33.0,34.666666666666664,3.7497474662433454,38.0,27.0,31.583333333333332,5.380453081509224,38.0,22.0,19.8,19.5,18.7,72.0,72.0,71.0,2.0,2.0,3.0,1014.0,1015.0,1018.0,1440.0,144.0,40.0,0.0,0.7999811769134845,8.304167992363983,2.2271714922048997,14.4,19.0,0.019743317133941625,400.0,5184,4.0,1026169,412.2,68.7,0.0,-4.0,0.1999999999999993
93,199.8,30.7,38.3,40.0,83.7,100,0.0,1013,73,19.8,0.8,2.0,2023,3,28,17,1,87,13,-0.9659258262890683,-0.25881904510252063,1.0,6.123233995736766e-17,0.7818314824680298,0.6234898018587336,1,1,0,34.0,34.0,37.0,38.0,37.0,23.0,33.333333333333336,1.1547005383806075,34.0,32.0,34.666666666666664,2.338090388899383,38.0,32.0,34.25,3.74469321476667,38.0,27.0,31.958333333333332,5.0603245012522935,38.0,22.0,20.0,19.7,19.0,72.0,72.0,71.0,2.0,2.0,2.66,1013.0,1015.0,1017.0,1445.4,146.0,39.6,0.0,0.7999800004999875,6.507931337741442,1.247516367545031,14.454,18.8,0.01954588396260221,392.04,5329,4.0,1026169,424.5,70.75,-2.0,-5.0,-0.1999999999999993
110,216.9,39.3,27.7,48.8,85.3,100,0.0,1014,74,19.7,0.7,2.0,2023,3,28,18,1,87,13,-1.0,-1.8369701987210297e-16,1.0,6.123233995736766e-17,0.7818314824680298,0.6234898018587336,1,2,0,32.0,34.0,34.0,33.0,38.0,30.0,35.0,3.605551275464418,39.0,32.0,35.666666666666664,2.732520204255349,39.0,32.0,34.333333333333336,3.845501110111797,39.0,27.0,32.333333333333336,5.239205604127605,39.0,22.0,19.8,19.8,19.2,73.0,72.0,72.0,2.0,2.0,2.33,1013.0,1014.0,1016.0,1457.8,148.0,39.4,0.0,0.7991639515583698,5.518943538332358,0.7048166713315184,14.578,18.7,0.019427988729794152,388.09,5476,4.0,1028196,457.0,76.16666666666667,7.0,5.0,-0.10000000000000142
121,234.0,48.0,17.0,53.8,87.0,100,0.0,1014,75,19.5,0.0,2.0,2023,3,28,19,1,87,13,-0.9659258262890684,0.2588190451025203,1.0,6.123233995736766e-17,0.7818314824680298,0.6234898018587336,1,2,0,39.0,32.0,34.0,38.0,28.0,34.0,38.0,5.567764362830293,43.0,32.0,36.5,4.037325847636904,43.0,32.0,35.583333333333336,4.0330077504443205,43.0,27.0,32.708333333333336,5.668211639345258,43.0,22.0,19.7,20.0,19.5,74.0,72.0,72.0,2.0,2.0,2.0,1014.0,1013.0,1015.0,1462.5,150.0,39.0,0.0,0.7992416497834613,4.8748984396158415,0.3541592883481594,14.625,18.5,0.01923075026553228,380.25,5625,4.0,1028196,482.8,80.46666666666667,4.0,9.0,-0.1999999999999993
153,233.1,43.3,18.7,72.5,79.0,100,0.0,1014,76,19.2,0.0,2.0,2023,3,28,20,1,87,13,-0.8660254037844386,0.5000000000000001,1.0,6.123233995736766e-17,0.7818314824680298,0.6234898018587336,1,2,0,43.0,39.0,32.0,37.0,27.0,38.0,46.666666666666664,10.016652800877951,58.0,39.0,40.0,9.695359714832508,58.0,32.0,38.166666666666664,6.9260159521683,58.0,32.0,33.541666666666664,7.61565416794909,58.0,22.0,19.5,19.8,19.7,75.0,73.0,72.0,2.0,2.0,2.0,1014.0,1013.0,1015.0,1459.2,152.0,38.4,0.0,0.799988965669439,5.383247500057736,0.4318606960578278,14.592,18.2,0.018934892569139477,368.64,5776,4.0,1028196,504.59999999999997,84.1,15.0,26.0,-0.3000000000000007
91,232.1,38.7,20.3,38.8,71.0,100,0.0,1015,77,18.8,0.0,2.0,2023,3,28,21,1,87,13,-0.7071067811865477,0.7071067811865474,1.0,6.123233995736766e-17,0.7818314824680298,0.6234898018587336,1,2,0,58.0,43.0,39.0,34.0,36.0,32.0,44.0,13.527749258468786,58.0,31.0,39.5,10.134100848126442,58.0,31.0,37.75,7.212678231608561,58.0,31.0,33.5,7.627182510172515,58.0,22.0,19.2,19.7,19.8,76.0,74.0,72.0,2.0,2.0,2.0,1014.0,1014.0,1014.0,1447.6000000000001,154.0,37.6,0.0,0.7989484807092602,5.997261052685977,0.5245342497609881,14.476,17.8,0.018522149239261834,353.44000000000005,5929,4.0,1030225,431.90000000000003,71.98333333333333,-27.0,-8.0,-0.3999999999999986
112,231.1,34.0,22.0,50.0,63.0,100,0.0,1016,78,18.5,0.0,2.0,2023,3,28,22,1,87,13,-0.5000000000000004,0.8660254037844384,1.0,6.123233995736766e-17,0.7818314824680298,0.6234898018587336,1,3,0,31.0,58.0,43.0,34.0,36.0,30.0,43.0,13.747727084867622,58.0,31.0,40.5,9.772410142845883,58.0,31.0,38.083333333333336,7.216878364869821,58.0,31.0,33.916666666666664,7.700461119262833,58.0,22.0,18.8,19.5,20.0,77.0,75.0,72.0,2.0,2.0,2.0,1015.0,1014.0,1013.0,1443.0,156.0,37.0,0.0,0.7999840003199936,6.796858915914238,0.6470397929472663,14.43,17.5,0.01820864349542963,342.25,6084,4.0,1032256,440.1,73.35000000000001,9.0,-3.0,-0.3000000000000007
98,215.5,28.0,26.0,42.5,57.0,100,0.0,1015,82,18.1,0.0,2.0,2023,3,28,23,1,87,13,-0.25881904510252157,0.9659258262890681,1.0,6.123233995736766e-17,0.7818314824680298,0.6234898018587336,1,3,0,40.0,31.0,58.0,32.0,38.0,32.0,35.0,4.58257569495617,40.0,31.0,40.833333333333336,9.45339445208248,58.0,31.0,37.75,7.312815649752525,58.0,31.0,34.0,7.689631641542522,58.0,22.0,18.5,19.2,19.8,78.0,76.0,73.0,2.0,2.0,2.0,1016.0,1014.0,1013.0,1484.2,164.0,36.2,0.0,0.7999811769134845,7.696153708796114,0.9285382664904824,14.842,17.1,0.017832494746310597,327.61000000000007,6724,4.0,1030225,403.0,67.16666666666667,-6.0,-24.0,-0.3999999999999986
153,200.0,22.0,30.0,68.8,51.0,100,0.0,1015,86,17.6,0.0,2.0,2023,3,29,0,2,88,13,0.0,1.0,1.0,6.123233995736766e-17,0.9749279121818236,-0.22252093395631434,1,3,0,34.0,40.0,31.0,39.0,33.0,26.0,43.0,10.816653826392098,55.0,34.0,43.5,10.968135666556883,58.0,31.0,39.583333333333336,8.649312461727757,58.0,31.0,35.208333333333336,8.602219969624139,58.0,22.0,18.1,18.8,19.7,82.0,77.0,74.0,2.0,2.0,2.0,1015.0,1015.0,1014.0,1513.6000000000001,172.0,35.2,0.0,0.7994069853635848,9.090495886550611,1.3635743829825917,15.136000000000001,16.6,0.01733988439420257,309.76000000000005,7396,4.0,1030225,426.8,71.13333333333334,21.0,24.0,-0.5
89,184.4,16.0,34.0,37.5,45.0,100,0.5,1015,91,17.2,0.0,2.0,2023,3,29,1,2,88,13,0.25881904510252074,0.9659258262890683,1.0,6.123233995736766e-17,0.9749279121818236,-0.22252093395631434,1,3,0,55.0,34.0,40.0,43.0,38.0,28.0,39.666666666666664,13.428824718989233,55.0,30.0,41.333333333333336,12.290918056299287,58.0,30.0,38.916666666666664,9.080031370923924,58.0,30.0,35.291666666666664,8.538807404085256,58.0,22.0,17.6,18.5,19.5,86.0,78.0,75.0,2.0,2.0,2.0,1015.0,1016.0,1014.0,1565.2,182.0,34.4,50.0,0.7999786672355405,11.524279732516717,2.1248671958002623,15.652000000000001,16.2,0.016945796112516145,295.84,8281,4.0,1030225,346.9,57.81666666666666,-25.0,-10.0,-0.40000000000000213
54,181.1,13.3,35.0,17.5,41.7,100,0.0,1014,90,17.3,0.0,1.66,2023,3,29,2,2,88,13,0.49999999999999994,0.8660254037844387,1.0,6.123233995736766e-17,0.9749279121818236,-0.22252093395631434,1,3,0,30.0,55.0,34.0,58.0,37.0,22.0,33.0,20.6639783197719,55.0,14.0,34.0,13.431306712304544,55.0,14.0,37.0,11.599373023808104,58.0,14.0,34.958333333333336,9.210009520208004,58.0,14.0,17.2,18.1,19.2,91.0,82.0,76.0,2.0,2.0,2.0,1015.0,1015.0,1014.0,1557.0,149.4,28.718,0.0,0.7999542883263813,13.615517630253365,2.6313810991654765,15.57,16.470000000000002,0.01706112715865172,299.29,8100,2.7556,1028196,302.59999999999997,50.43333333333333,-16.0,-20.0,0.10000000000000142
69,177.8,10.7,36.0,26.3,38.3,100,0.0,1014,90,17.4,0.0,1.33,2023,3,29,3,2,88,13,0.7071067811865476,0.7071067811865476,1.0,6.123233995736766e-17,0.9749279121818236,-0.22252093395631434,1,3,0,14.0,30.0,55.0,31.0,34.0,22.0,21.666666666666668,8.020806277010852,30.0,14.0,32.333333333333336,14.459137825840921,55.0,14.0,35.916666666666664,12.478769850016844,58.0,14.0,34.916666666666664,9.273227788811813,58.0,14.0,17.3,17.6,18.8,90.0,86.0,77.0,1.66,2.0,2.0,1014.0,1015.0,1015.0,1565.9999999999998,119.7,23.142,0.0,0.79844872818524,16.615269600971875,3.3641715727502106,15.659999999999998,16.735,0.017159746390782653,302.75999999999993,8100,1.7689000000000001,1028196,310.1,51.68333333333334,7.0,-34.0,0.09999999999999787
78,174.5,8.0,37.0,31.3,35.0,100,0.0,1014,89,17.5,0.0,1.0,2023,3,29,4,2,88,13,0.8660254037844386,0.5000000000000001,1.0,6.123233995736766e-17,0.9749279121818236,-0.22252093395631434,1,3,0,21.0,14.0,30.0,40.0,34.0,25.0,20.0,5.567764362830327,25.0,14.0,29.833333333333332,14.16215614469293,55.0,14.0,35.166666666666664,12.868801832573727,58.0,14.0,34.916666666666664,9.273227788811813,58.0,14.0,17.4,17.2,18.5,90.0,91.0,78.0,1.33,2.0,2.0,1014.0,1015.0,1016.0,1557.5,89.0,17.5,0.0,0.7986965272674994,21.809773778277716,4.624421947256593,15.575,17.0,0.017258365622913587,306.25,7921,1.0,1028196,310.8,51.800000000000004,4.0,-5.0,0.10000000000000142
72,183.4,11.3,33.7,27.5,37.3,100,0.25,1014,87,17.6,0.0,0.66,2023,3,29,5,2,88,13,0.9659258262890683,0.25881904510252074,1.0,6.123233995736766e-17,0.9749279121818236,-0.22252093395631434,1,3,0,25.0,21.0,14.0,34.0,32.0,37.0,22.666666666666668,2.0816659994669293,25.0,21.0,27.833333333333332,14.302680401472433,55.0,14.0,34.333333333333336,13.40510983531884,58.0,14.0,34.291666666666664,9.625505821453947,58.0,14.0,17.5,17.3,18.1,89.0,90.0,82.0,1.0,1.66,2.0,1014.0,1014.0,1015.0,1531.2,57.42,11.616000000000001,25.0,0.7999709101487218,16.228652331652068,2.982036987877179,15.312000000000001,17.270000000000003,0.017356984855044524,309.76000000000005,7569,0.43560000000000004,1028196,315.20000000000005,52.53333333333334,-3.0,8.0,0.10000000000000142
67,192.4,14.7,30.3,25.0,39.7,100,0.0,1015,86,17.6,0.6,0.33,2023,3,29,6,2,88,13,1.0,6.123233995736766e-17,1.0,6.123233995736766e-17,0.9749279121818236,-0.22252093395631434,1,0,0,22.0,25.0,21.0,55.0,39.0,38.0,22.333333333333332,2.5166114784242444,25.0,20.0,22.0,5.3291650377894015,30.0,14.0,32.75,13.916144972983101,58.0,14.0,33.541666666666664,10.017285784720174,58.0,14.0,17.6,17.4,17.6,87.0,90.0,86.0,0.66,1.33,2.0,1014.0,1014.0,1015.0,1513.6000000000001,28.380000000000003,5.808000000000001,0.0,0.7999680012799487,13.087545064961569,2.061084279980954,15.136000000000001,17.435000000000002,0.01733988439420257,309.76000000000005,7396,0.10890000000000001,1030225,322.09999999999997,53.68333333333333,-2.0,-1.0,0.0
78,201.3,18.0,27.0,31.3,42.0,100,0.0,1015,84,17.7,0.7,1.2,2023,3,29,7,2,88,13,0.9659258262890683,-0.25881904510252063,1.0,6.123233995736766e-17,0.9749279121818236,-0.22252093395631434,1,0,0,20.0,22.0,25.0,30.0,43.0,28.0,22.333333333333332,2.5166114784242444,25.0,20.0,21.166666666666668,4.0702170294301965,25.0,14.0,31.25,13.678948657101836,58.0,14.0,33.416666666666664,10.1077528000377,58.0,14.0,17.6,17.5,17.2,86.0,89.0,91.0,0.33,1.0,2.0,1015.0,1014.0,1015.0,1486.8,100.8,21.24,0.0,0.7986965272674994,11.182712071551581,1.499916671296039,14.868,17.099999999999998,0.017438406464624173,313.28999999999996,7056,1.44,1030225,344.6,57.43333333333334,5.0,0.0,0.09999999999999787
98,212.0,20.0,27.7,42.5,47.3,100,0.25,1015,84,18.0,1.0,0.66,2023,3,29,8,2,88,13,0.8660254037844387,-0.4999999999999998,1.0,6.123233995736766e-17,0.9749279121818236,-0.22252093395631434,1,0,0,25.0,20.0,22.0,14.0,58.0,27.0,26.333333333333332,7.094598884597814,34.0,20.0,24.5,5.0892042599994864,34.0,20.0,29.25,10.88054978557403,55.0,14.0,33.708333333333336,10.015115387846878,58.0,14.0,17.7,17.6,17.3,84.0,87.0,90.0,1.2,0.66,1.66,1015.0,1014.0,1014.0,1512.0,55.440000000000005,11.88,25.0,0.7999811769134845,10.599470026498674,1.3849307534623267,15.12,17.67,0.01773397267588899,324.0,7056,0.43560000000000004,1030225,383.5,63.916666666666664,9.0,12.0,0.3000000000000007
102,222.7,22.0,28.3,45.0,52.7,100,0.75,1016,85,18.3,1.8,1.33,2023,3,29,9,2,88,13,0.7071067811865476,-0.7071067811865475,1.0,6.123233995736766e-17,0.9749279121818236,-0.22252093395631434,1,0,0,34.0,25.0,20.0,21.0,31.0,36.0,31.666666666666668,5.859465277082577,36.0,25.0,27.0,6.511528238439646,36.0,20.0,29.666666666666668,11.048104184003586,55.0,14.0,33.708333333333336,10.015115387846878,58.0,14.0,18.0,17.6,17.4,84.0,86.0,90.0,0.66,0.33,1.33,1015.0,1015.0,1014.0,1555.5,113.05000000000001,24.339000000000002,75.0,0.7999822226172753,10.122267169674105,1.2863051679469115,15.555,17.635,0.018011793295479042,334.89000000000004,7225,1.7689000000000001,1032256,406.7,67.78333333333333,2.0,16.0,0.3000000000000007
110,233.4,24.0,29.0,48.8,58.0,100,0.25,1016,85,18.6,3.5,2.0,2023,3,29,10,2,88,13,0.49999999999999994,-0.8660254037844387,1.0,6.123233995736766e-17,0.9749279121818236,-0.22252093395631434,1,0,0,36.0,34.0,25.0,25.0,40.0,36.0,36.333333333333336,2.516611478424167,39.0,34.0,29.333333333333332,7.991662321861678,39.0,20.0,29.583333333333332,10.966546927594983,55.0,14.0,33.833333333333336,10.063566083593024,58.0,14.0,18.3,17.7,17.5,85.0,84.0,89.0,1.33,1.2,1.0,1016.0,1015.0,1014.0,1581.0000000000002,170.0,37.2,25.0,0.7991639515583698,9.724594808549643,1.2082829882088246,15.810000000000002,17.6,0.018307068595404926,345.96000000000004,7225,4.0,1032256,432.2,72.03333333333333,3.0,14.0,0.3000000000000007
74,223.7,21.3,40.7,28.8,60.3,95,0.0,1015,75,20.1,4.8,2.0,2023,3,29,11,2,88,13,0.258819045102521,-0.9659258262890682,1.0,6.123233995736766e-17,0.9749279121818236,-0.22252093395631434,1,0,0,39.0,36.0,34.0,22.0,34.0,38.0,32.666666666666664,8.504900548115561,39.0,23.0,29.5,7.816648898344924,39.0,20.0,28.666666666666668,11.023391107782706,55.0,14.0,33.208333333333336,10.257464584883937,58.0,14.0,18.6,18.0,17.6,85.0,84.0,87.0,2.0,0.66,0.66,1016.0,1015.0,1014.0,1507.5,150.0,40.2,0.0,0.7985833825214401,10.501854373034128,1.9107084174451903,15.075,19.1,0.019802936154742705,404.01000000000005,5625,4.0,1030225,397.8,66.3,-16.0,-11.0,1.5
80,214.0,18.7,52.3,32.5,62.7,91,0.0,1014,67,21.6,4.4,2.0,2023,3,29,12,2,88,13,1.2246467991473532e-16,-1.0,1.0,6.123233995736766e-17,0.9749279121818236,-0.22252093395631434,1,1,0,23.0,39.0,36.0,20.0,55.0,33.0,29.333333333333332,8.50490054811557,39.0,23.0,30.5,6.655824516917264,39.0,23.0,26.25,7.2629195231663495,39.0,14.0,32.916666666666664,10.362627947148242,58.0,14.0,20.1,18.3,17.6,75.0,85.0,86.0,2.0,1.33,0.33,1015.0,1016.0,1015.0,1447.2,134.0,43.2,0.0,0.7999753853727578,11.443238329501096,2.7966418908079778,14.472000000000001,20.6,0.021301754140281914,466.56000000000006,4489,4.0,1028196,406.2,67.7,3.0,-10.0,1.5
85,204.3,16.0,64.0,35.0,65.0,87,0.0,1012,59,23.1,3.2,2.0,2023,3,29,13,2,88,13,-0.2588190451025208,-0.9659258262890683,1.0,6.123233995736766e-17,0.9749279121818236,-0.22252093395631434,1,1,0,26.0,23.0,39.0,25.0,30.0,38.0,25.666666666666668,2.516611478424245,28.0,23.0,31.0,6.260990336999166,39.0,23.0,26.083333333333332,7.191640770344961,39.0,14.0,32.5,10.350383315733383,58.0,14.0,21.6,18.6,17.7,67.0,85.0,84.0,2.0,2.0,1.2,1014.0,1016.0,1015.0,1362.9,118.0,46.2,0.0,0.7999771435101855,12.767952002999813,3.999750015624023,13.629000000000001,22.1,0.022826064401122136,533.61,3481,4.0,1024144,412.3,68.71666666666667,2.0,-11.0,1.5
80,201.5,17.0,69.0,32.5,66.3,91,0.0,1012,62,22.6,2.6,1.66,2023,3,29,14,2,88,13,-0.4999999999999997,-0.8660254037844388,1.0,6.123233995736766e-17,0.9749279121818236,-0.22252093395631434,1,1,0,28.0,26.0,23.0,34.0,14.0,37.0,26.666666666666668,1.1547005383806743,28.0,26.0,29.666666666666668,6.345602151621513,39.0,23.0,27.083333333333332,6.111960455210068,39.0,20.0,32.041666666666664,10.385940189659852,58.0,14.0,23.1,20.1,18.0,59.0,75.0,84.0,2.0,2.0,0.66,1012.0,1015.0,1015.0,1401.2,102.92,37.516,0.0,0.7999753853727578,11.852243985647902,4.058584789130051,14.012,21.770000000000003,0.02233199374308919,510.76000000000005,3844,2.7556,1024144,412.3,68.71666666666667,-2.0,3.0,-0.5
93,198.8,18.0,74.0,40.0,67.7,95,1.0,1011,64,22.2,1.8,1.33,2023,3,29,15,2,88,13,-0.7071067811865471,-0.7071067811865479,1.0,6.123233995736766e-17,0.9749279121818236,-0.22252093395631434,1,1,0,26.0,28.0,26.0,36.0,21.0,34.0,28.666666666666668,3.0550504633044167,32.0,26.0,29.0,5.727128425310271,39.0,23.0,28.0,5.9390847167487415,39.0,20.0,31.958333333333332,10.377564289355835,58.0,14.0,22.6,21.6,18.3,62.0,67.0,85.0,1.66,2.0,1.33,1012.0,1014.0,1016.0,1420.8,85.12,29.526,95.0,0.7999800004999875,11.043830898283428,4.110882728737292,14.208,21.535,0.02195843525377324,492.84,4096,1.7689000000000001,1022121,430.5,71.75,6.0,6.0,-0.40000000000000213
102,196.1,19.0,79.0,45.0,69.0,100,0.5,1011,67,21.7,1.1,1.0,2023,3,29,16,2,88,13,-0.8660254037844385,-0.5000000000000004,1.0,6.123233995736766e-17,0.9749279121818236,-0.22252093395631434,1,1,0,32.0,26.0,28.0,39.0,25.0,34.0,31.333333333333332,5.033222956847473,36.0,26.0,28.5,4.72228758124671,36.0,23.0,28.916666666666668,6.273440890456525,39.0,20.0,32.041666666666664,10.402671758262308,58.0,14.0,22.2,23.1,18.6,64.0,59.0,85.0,1.33,2.0,2.0,1011.0,1012.0,1016.0,1453.8999999999999,67.0,21.7,50.0,0.7999822226172753,10.320509446871217,4.157675911794116,14.538999999999998,21.2,0.02146387590121078,470.89,4489,1.0,1022121,444.1,74.01666666666667,4.0,8.0,-0.5
121,278.2,36.7,52.7,53.8,77.7,100,0.5,1011,70,21.5,0.7,1.33,2023,3,29,17,2,88,13,-0.9659258262890683,-0.25881904510252063,1.0,6.123233995736766e-17,0.9749279121818236,-0.22252093395631434,1,1,0,36.0,32.0,26.0,23.0,22.0,32.0,37.0,5.567764362830278,43.0,32.0,31.833333333333332,6.705718952257361,43.0,26.0,30.666666666666668,7.049607769015332,43.0,20.0,32.5,10.640366126423991,58.0,14.0,21.7,22.6,20.1,67.0,62.0,75.0,1.0,1.66,2.0,1011.0,1012.0,1015.0,1505.0,93.10000000000001,28.595000000000002,50.0,0.7992416497834613,7.580174927113702,1.4359281763439689,15.05,20.835,0.021266052160185796,462.25,4900,1.7689000000000001,1022121,542.1,90.35000000000001,7.0,17.0,-0.1999999999999993
91,360.3,54.3,26.3,38.8,86.3,100,0.0,1011,72,21.3,0.8,1.66,2023,3,29,18,2,88,13,-1.0,-1.8369701987210297e-16,1.0,6.123233995736766e-17,0.9749279121818236,-0.22252093395631434,1,2,0,43.0,36.0,32.0,26.0,20.0,39.0,36.666666666666664,6.027713773341945,43.0,31.0,32.666666666666664,6.121002096606695,43.0,26.0,31.583333333333332,6.200562046860065,43.0,23.0,32.166666666666664,10.552834635328226,58.0,14.0,21.5,22.2,21.6,70.0,64.0,67.0,1.33,1.33,2.0,1011.0,1011.0,1014.0,1533.6000000000001,119.52,35.358,0.0,0.7989484807092602,6.635236920130385,0.484337305022007,15.336000000000002,20.470000000000002,0.02106822841916081,453.69000000000005,5184,2.7556,1022121,597.0,99.5,-12.0,-1.0,-0.1999999999999993
98,442.4,72.0,0.0,42.5,95.0,100,0.5,1011,75,21.1,0.0,2.0,2023,3,29,19,2,88,13,-0.9659258262890684,0.2588190451025203,1.0,6.123233995736766e-17,0.9749279121818236,-0.22252093395631434,1,2,0,31.0,43.0,36.0,28.0,25.0,43.0,36.0,6.244997998398628,43.0,31.0,33.666666666666664,5.680375574437272,43.0,26.0,32.333333333333336,5.8672176049840115,43.0,23.0,31.791666666666668,10.308203430812656,58.0,14.0,21.3,21.7,23.1,72.0,67.0,59.0,1.66,1.0,2.0,1011.0,1011.0,1012.0,1582.5,150.0,42.2,50.0,0.7999811769134845,6.144359106123526,0.0,15.825,20.1,0.02087040467813583,445.21000000000004,5625,4.0,1022121,685.9,114.31666666666666,3.0,-2.0,-0.1999999999999993
118,439.1,67.7,0.3,52.5,94.7,100,0.5,1012,76,20.9,0.0,1.33,2023,3,29,20,2,88,13,-0.8660254037844386,0.5000000000000001,1.0,6.123233995736766e-17,0.9749279121818236,-0.22252093395631434,1,2,0,34.0,31.0,43.0,26.0,34.0,58.0,35.666666666666664,5.686240703077578,42.0,31.0,36.333333333333336,5.085928299402537,43.0,31.0,33.0,6.494753127087294,43.0,23.0,31.125,8.970058891765564,55.0,14.0,21.1,21.5,22.6,75.0,70.0,62.0,2.0,1.33,1.66,1011.0,1011.0,1012.0,1588.3999999999999,101.08000000000001,27.797,50.0,0.7999847621950058,6.485871700565722,0.00443124916914078,15.883999999999999,20.235,0.020652153505777166,436.80999999999995,5776,1.7689000000000001,1024144,696.3000000000001,116.05000000000001,8.0,-1.0,-0.20000000000000284
95,435.8,63.3,0.7,41.3,94.3,100,0.0,1013,77,20.8,0.0,0.66,2023,3,29,21,2,88,13,-0.7071067811865477,0.7071067811865474,1.0,6.123233995736766e-17,0.9749279121818236,-0.22252093395631434,1,2,0,42.0,34.0,31.0,32.0,36.0,31.0,36.333333333333336,4.932882862316534,42.0,33.0,36.5,4.929503017546184,43.0,31.0,32.75,6.426153946603405,43.0,23.0,31.208333333333332,8.978133662291642,55.0,14.0,20.9,21.3,22.2,76.0,72.0,64.0,1.33,1.66,1.33,1012.0,1011.0,1011.0,1601.6000000000001,50.82,13.728000000000002,0.0,0.7990121304568898,6.884567384401511,0.011058277120424637,16.016000000000002,20.470000000000002,0.020533049819299293,432.64000000000004,5929,0.43560000000000004,1026169,668.4,111.39999999999999,-9.0,2.0,-0.09999999999999787
112,432.4,59.0,1.0,50.0,94.0,100,0.25,1014,78,20.6,0.0,2.0,2023,3,29,22,2,88,13,-0.5000000000000004,0.8660254037844384,1.0,6.123233995736766e-17,0.9749279121818236,-0.22252093395631434,1,3,0,33.0,42.0,34.0,36.0,39.0,40.0,38.333333333333336,4.725815626252901,42.0,33.0,37.166666666666664,5.115336417740635,43.0,31.0,32.833333333333336,6.520364369814274,43.0,23.0,31.208333333333332,8.978133662291642,55.0,14.0,20.8,21.1,21.7,77.0,75.0,67.0,0.66,2.0,1.0,1013.0,1011.0,1011.0,1606.8000000000002,156.0,41.2,25.0,0.7999840003199936,7.328689344248403,0.01694886527346994,16.068,19.6,0.020315561818972566,424.36000000000007,6084,4.0,1028196,676.4,112.73333333333333,7.0,6.0,-0.1999999999999993
112,350.9,48.0,6.7,50.0,86.0,100,0.25,1013,79,20.2,0.0,1.6,2023,3,29,23,2,88,13,-0.25881904510252157,0.9659258262890681,1.0,6.123233995736766e-17,0.9749279121818236,-0.22252093395631434,1,3,0,40.0,33.0,42.0,43.0,23.0,34.0,37.666666666666664,4.041451884327724,40.0,33.0,36.666666666666664,4.546060565661614,42.0,31.0,34.25,6.017021310793047,43.0,26.0,31.458333333333332,9.141302193730649,55.0,14.0,20.6,20.9,21.5,78.0,76.0,70.0,2.0,1.33,1.33,1014.0,1012.0,1011.0,1595.8,126.4,32.32,25.0,0.7999840003199936,7.310264369492302,0.13958042540780402,15.958,19.4,0.01994075030528104,408.03999999999996,6241,2.5600000000000005,1026169,581.5999999999999,96.93333333333332,0.0,-2.0,-0.40000000000000213
104,269.4,37.0,12.3,46.3,78.0,100,0.0,1013,80,19.9,0.0,1.2,2023,3,30,0,3,89,13,0.0,1.0,1.0,6.123233995736766e-17,0.43388373911755823,-0.900968867902419,1,3,0,40.0,40.0,33.0,31.0,26.0,55.0,39.0,1.732050807569666,40.0,37.0,37.666666666666664,3.61478445645983,42.0,33.0,35.166666666666664,5.45782729553356,43.0,26.0,30.708333333333332,7.75986982559297,43.0,14.0,20.2,20.8,21.3,79.0,77.0,72.0,1.6,0.66,1.66,1013.0,1013.0,1011.0,1592.0,96.0,23.88,0.0,0.799118809528952,7.2808843004243124,0.3324234480149186,15.92,19.299999999999997,0.019644600548271916,396.00999999999993,6400,1.44,1026169,480.0,80.0,-3.0,4.0,-0.3000000000000007
102,187.9,26.0,18.0,45.0,70.0,100,0.0,1013,81,19.5,0.0,1.6,2023,3,30,1,3,89,13,0.25881904510252074,0.9659258262890683,1.0,6.123233995736766e-17,0.43388373911755823,-0.900968867902419,1,3,0,37.0,40.0,40.0,34.0,28.0,30.0,37.666666666666664,2.0816659994667983,40.0,36.0,38.0,3.286335345030528,42.0,33.0,35.833333333333336,4.9696045815499446,43.0,26.0,30.958333333333332,7.8323696601192765,43.0,14.0,19.9,20.6,21.1,80.0,78.0,75.0,1.2,2.0,2.0,1013.0,1014.0,1011.0,1579.5,129.6,31.200000000000003,0.0,0.7999822226172753,7.226645129033499,0.6922810661128418,15.795,18.7,0.019249734205593085,380.25,6561,2.5600000000000005,1026169,382.9,63.81666666666666,-1.0,-4.0,-0.3999999999999986
152,179.2,21.3,23.3,71.3,62.0,100,0.25,1012,84,19.0,0.0,1.0,2023,3,30,2,3,89,13,0.49999999999999994,0.8660254037844387,1.0,6.123233995736766e-17,0.43388373911755823,-0.900968867902419,1,3,0,36.0,37.0,40.0,42.0,26.0,14.0,43.333333333333336,11.846237095944685,57.0,36.0,40.5,8.502940667792341,57.0,33.0,38.416666666666664,7.025386865223408,57.0,31.0,32.75,8.658998837600596,57.0,20.0,19.5,20.2,20.9,81.0,79.0,76.0,1.6,1.6,1.33,1013.0,1013.0,1012.0,1596.0,84.0,19.0,25.0,0.7994277780115285,8.41275057509037,1.0938453593727993,15.96,18.5,0.018774685005251972,361.0,7056,1.0,1024144,414.1,69.01666666666667,21.0,17.0,-0.5
107,170.4,16.7,28.7,47.5,54.0,100,0.25,1011,88,18.5,0.0,2.0,2023,3,30,3,3,89,13,0.7071067811865476,0.7071067811865476,1.0,6.123233995736766e-17,0.43388373911755823,-0.900968867902419,1,3,0,57.0,36.0,37.0,33.0,32.0,21.0,43.666666666666664,11.590225767142586,57.0,36.0,41.333333333333336,7.840068026915553,57.0,36.0,38.916666666666664,6.734690832254564,57.0,31.0,33.458333333333336,8.345679260482266,57.0,20.0,19.0,19.9,20.8,84.0,80.0,77.0,1.0,1.2,0.66,1012.0,1013.0,1013.0,1628.0,176.0,37.0,25.0,0.7999831582493001,10.20298185737381,1.718459972456739,16.28,17.5,0.018298696044811033,342.25,7744,4.0,1022121,355.29999999999995,59.21666666666666,-19.0,1.0,-0.5
118,161.7,12.0,34.0,52.5,46.0,100,0.5,1011,91,18.0,0.0,3.0,2023,3,30,4,3,89,13,0.8660254037844386,0.5000000000000001,1.0,6.123233995736766e-17,0.43388373911755823,-0.900968867902419,1,3,0,38.0,57.0,36.0,40.0,36.0,25.0,45.666666666666664,10.01665280087794,57.0,38.0,41.666666666666664,7.814516406449187,57.0,36.0,39.416666666666664,6.721178648439245,57.0,31.0,34.166666666666664,8.317956828278485,57.0,20.0,18.5,19.5,20.6,88.0,81.0,78.0,2.0,1.6,2.0,1011.0,1013.0,1014.0,1638.0,273.0,54.0,50.0,0.7999847621950058,13.473877176901924,2.8330972418965086,16.38,16.5,0.017804136692248573,324.0,8281,9.0,1022121,348.2,58.03333333333333,4.0,6.0,-0.5
65,172.2,14.7,30.0,23.8,45.7,100,0.25,1012,90,17.8,0.0,2.33,2023,3,30,5,3,89,13,0.9659258262890683,0.25881904510252074,1.0,6.123233995736766e-17,0.43388373911755823,-0.900968867902419,1,3,0,42.0,38.0,57.0,40.0,43.0,22.0,33.0,12.288205727444625,42.0,19.0,38.166666666666664,12.18879266648931,57.0,19.0,37.416666666666664,8.805559538602392,57.0,19.0,34.041666666666664,8.528617639487829,57.0,19.0,18.0,19.0,20.2,91.0,84.0,79.0,3.0,1.0,1.6,1011.0,1012.0,1013.0,1602.0,209.70000000000002,41.474000000000004,25.0,0.7982857863114995,11.713488878307599,2.0406775049316375,16.02,16.635,0.0175889154259729,316.84000000000003,8100,5.4289000000000005,1024144,305.4,50.9,-23.0,-38.0,-0.1999999999999993
76,182.7,17.3,26.0,30.0,45.3,100,0.0,1013,89,17.7,0.6,1.66,2023,3,30,6,3,89,13,1.0,6.123233995736766e-17,1.0,6.123233995736766e-17,0.43388373911755823,-0.900968867902419,1,0,0,19.0,42.0,38.0,37.0,31.0,20.0,28.333333333333332,12.096831541082826,42.0,19.0,36.0,13.520355024924344,57.0,19.0,36.833333333333336,9.475646615818441,57.0,19.0,34.208333333333336,8.2776764575716,57.0,19.0,17.8,18.5,19.9,90.0,88.0,80.0,2.33,2.0,1.2,1012.0,1011.0,1013.0,1575.3,147.73999999999998,29.381999999999998,0.0,0.7999733342221925,10.560083232183109,1.5028033061672734,15.753,16.87,0.017472835663538338,313.28999999999996,7921,2.7556,1026169,325.3,54.21666666666667,5.0,-14.0,-0.10000000000000142
76,193.2,20.0,22.0,30.0,45.0,100,0.25,1013,89,17.5,0.7,1.0,2023,3,30,7,3,89,13,0.9659258262890683,-0.25881904510252063,1.0,6.123233995736766e-17,0.43388373911755823,-0.900968867902419,1,0,0,24.0,19.0,42.0,36.0,34.0,25.0,22.333333333333332,2.886751345948663,24.0,19.0,34.0,14.380542409797933,57.0,19.0,36.0,10.16231899089572,57.0,19.0,34.166666666666664,8.328404339402773,57.0,19.0,17.7,18.0,19.5,89.0,91.0,81.0,1.66,3.0,1.6,1013.0,1011.0,1013.0,1557.5,89.0,17.5,25.0,0.7999733342221925,9.65951702414879,1.0999450027498625,15.575,17.0,0.017275402492198923,306.25,7921,1.0,1026169,334.2,55.699999999999996,0.0,-18.0,-0.1999999999999993
78,197.6,20.7,24.7,31.3,48.3,100,0.5,1014,89,17.7,1.1,1.0,2023,3,30,8,3,89,13,0.8660254037844387,-0.4999999999999998,1.0,6.123233995736766e-17,0.43388373911755823,-0.900968867902419,1,0,0,24.0,24.0,19.0,57.0,42.0,34.0,24.333333333333332,0.5773502691922686,25.0,24.0,28.666666666666668,9.114091653404836,42.0,19.0,34.583333333333336,10.431232240756522,57.0,19.0,33.791666666666664,8.536261103269489,57.0,19.0,17.5,17.8,19.0,89.0,90.0,84.0,1.0,2.33,1.0,1013.0,1012.0,1012.0,1575.3,89.0,17.7,50.0,0.7986965272674994,9.54543258779769,1.1931790734747112,15.753,17.2,0.017455604087175457,313.28999999999996,7921,1.0,1028196,347.59999999999997,57.93333333333333,1.0,6.0,0.1999999999999993
102,202.1,21.3,27.3,45.0,51.7,100,0.25,1014,90,17.8,1.7,1.0,2023,3,30,9,3,89,13,0.7071067811865476,-0.7071067811865475,1.0,6.123233995736766e-17,0.43388373911755823,-0.900968867902419,1,0,0,25.0,24.0,24.0,38.0,33.0,36.0,28.333333333333332,6.658328118479617,36.0,24.0,28.333333333333332,8.733078876699999,42.0,19.0,34.833333333333336,10.425783888847974,57.0,19.0,33.791666666666664,8.536261103269489,57.0,19.0,17.7,17.7,18.5,89.0,89.0,88.0,1.0,1.66,2.0,1014.0,1013.0,1011.0,1602.0,90.0,17.8,25.0,0.7999822226172753,9.487817473358056,1.2816299704239236,16.02,17.3,0.01755422331930639,316.84000000000003,8100,1.0,1028196,383.40000000000003,63.900000000000006,11.0,12.0,0.10000000000000142
78,206.6,22.0,30.0,31.3,55.0,100,0.25,1014,91,18.0,2.5,1.0,2023,3,30,10,3,89,13,0.49999999999999994,-0.8660254037844387,1.0,6.123233995736766e-17,0.43388373911755823,-0.900968867902419,1,0,0,36.0,25.0,24.0,42.0,40.0,39.0,28.666666666666668,6.350852961086118,36.0,25.0,25.5,5.6124860801606555,36.0,19.0,33.583333333333336,10.646880322707336,57.0,19.0,33.208333333333336,8.642559839521702,57.0,19.0,17.8,17.5,18.0,90.0,89.0,91.0,1.0,1.0,3.0,1014.0,1013.0,1011.0,1638.0,91.0,18.0,25.0,0.7986965272674994,9.39048225080678,1.3635743829825917,16.38,17.5,0.017751461783568262,324.0,8281,1.0,1028196,369.90000000000003,61.650000000000006,-11.0,1.0,0.1999999999999993
123,198.4,20.0,41.3,55.0,58.7,100,0.0,1013,84,18.7,3.2,1.0,2023,3,30,11,3,89,13,0.258819045102521,-0.9659258262890682,1.0,6.123233995736766e-17,0.43388373911755823,-0.900968867902419,1,0,0,25.0,36.0,25.0,19.0,40.0,23.0,35.0,9.539392014169607,44.0,25.0,29.666666666666668,8.40634680861215,44.0,24.0,33.916666666666664,10.925019936185597,57.0,19.0,34.083333333333336,8.627139516194653,57.0,19.0,18.0,17.7,17.8,91.0,89.0,90.0,1.0,1.0,2.33,1014.0,1014.0,1012.0,1570.8,84.0,18.7,0.0,0.7999854548099126,9.91950402479876,2.0648967551622417,15.708,18.2,0.018460001520235417,349.69,7056,1.0,1026169,417.4,69.56666666666666,19.0,19.0,0.6999999999999993
100,190.3,18.0,52.7,43.8,62.3,100,0.0,1012,78,19.3,3.7,1.0,2023,3,30,12,3,89,13,1.2246467991473532e-16,-1.0,1.0,6.123233995736766e-17,0.43388373911755823,-0.900968867902419,1,1,0,44.0,25.0,36.0,24.0,37.0,26.0,34.666666666666664,9.50438495292232,44.0,25.0,31.5,8.117881497040775,44.0,24.0,33.75,10.88890177282236,57.0,19.0,34.458333333333336,8.454374564411347,57.0,19.0,18.7,17.8,17.7,84.0,90.0,89.0,1.0,1.0,1.66,1013.0,1014.0,1013.0,1505.4,78.0,19.3,0.0,0.7990685144174792,10.571634909171713,2.9276151324926394,15.054,18.8,0.01907112740007174,372.49,6084,1.0,1024144,402.1,67.01666666666667,-9.0,-1.0,0.6000000000000014
100,182.1,16.0,64.0,43.8,66.0,100,0.25,1011,72,20.0,3.3,1.0,2023,3,30,13,3,89,13,-0.2588190451025208,-0.9659258262890683,1.0,6.123233995736766e-17,0.43388373911755823,-0.900968867902419,1,1,0,35.0,44.0,25.0,24.0,36.0,28.0,38.0,5.196152422706898,44.0,35.0,33.333333333333336,7.284687135811916,44.0,25.0,33.666666666666664,10.87393324618173,57.0,19.0,34.75,8.341879675573267,57.0,19.0,19.3,18.0,17.5,78.0,91.0,89.0,1.0,1.0,1.0,1012.0,1014.0,1013.0,1440.0,72.0,20.0,25.0,0.7990685144174792,11.380538716330229,3.999750015624023,14.4,19.5,0.019782374102498414,400.0,5184,1.0,1022121,406.90000000000003,67.81666666666668,0.0,10.0,0.6999999999999993
107,184.8,18.0,69.7,47.5,72.0,100,0.0,1010,71,20.4,2.6,1.33,2023,3,30,14,3,89,13,-0.4999999999999997,-0.8660254037844388,1.0,6.123233995736766e-17,0.43388373911755823,-0.900968867902419,1,1,0,35.0,35.0,44.0,25.0,57.0,26.0,36.0,1.7320508075696897,38.0,35.0,35.5,6.156297588648302,44.0,25.0,32.083333333333336,8.229197832698445,44.0,19.0,35.25,8.152086956058165,57.0,19.0,20.0,18.7,17.7,72.0,84.0,89.0,1.0,1.0,1.0,1011.0,1013.0,1014.0,1448.3999999999999,94.43,27.131999999999998,0.0,0.7999831582493001,10.266096327981778,3.8720071107160714,14.483999999999998,19.735,0.02019799980396059,416.15999999999997,5041,1.7689000000000001,1020100,430.0,71.66666666666667,3.0,-6.0,0.3999999999999986
112,187.5,20.0,75.3,50.0,78.0,100,0.0,1009,69,20.8,1.8,1.66,2023,3,30,15,3,89,13,-0.7071067811865471,-0.7071067811865479,1.0,6.123233995736766e-17,0.43388373911755823,-0.900968867902419,1,1,0,38.0,35.0,35.0,36.0,38.0,32.0,37.666666666666664,2.5166114784241325,40.0,35.0,36.166666666666664,6.431692364118757,44.0,25.0,32.25,8.37881527750417,44.0,19.0,35.583333333333336,8.176938231427636,57.0,19.0,20.4,19.3,17.8,71.0,78.0,90.0,1.33,1.0,1.0,1010.0,1012.0,1014.0,1435.2,114.53999999999999,34.528,0.0,0.7999840003199936,9.374531273436327,3.764811759412029,14.352,19.970000000000002,0.020614449341477364,432.64000000000004,4761,2.7556,1018081,450.8,75.13333333333334,2.0,5.0,0.40000000000000213
102,190.3,22.0,81.0,45.0,84.0,100,0.0,1008,68,21.2,1.1,2.0,2023,3,30,16,3,89,13,-0.8660254037844385,-0.5000000000000004,1.0,6.123233995736766e-17,0.43388373911755823,-0.900968867902419,1,1,0,40.0,38.0,35.0,25.0,42.0,36.0,38.0,2.0000000000006866,40.0,36.0,38.0,3.5213633723313444,44.0,35.0,31.75,7.910005171817119,44.0,19.0,35.583333333333336,8.176938231427636,57.0,19.0,20.8,20.0,18.0,69.0,72.0,91.0,1.66,1.0,1.0,1009.0,1011.0,1014.0,1441.6,136.0,42.4,0.0,0.7999822226172753,8.649606836052907,3.681650834052997,14.415999999999999,20.2,0.021031725166939318,449.44,4624,4.0,1016064,458.3,76.38333333333334,-4.0,1.0,0.3999999999999986
118,287.9,46.7,54.7,52.5,95.7,100,0.25,1008,72,20.9,0.8,2.0,2023,3,30,17,3,89,13,-0.9659258262890683,-0.25881904510252063,1.0,6.123233995736766e-17,0.43388373911755823,-0.900968867902419,1,1,0,36.0,40.0,38.0,44.0,19.0,43.0,39.333333333333336,3.0550504633043367,42.0,36.0,37.666666666666664,2.875181153712484,42.0,35.0,33.666666666666664,7.302967433401674,44.0,24.0,35.541666666666664,8.139966705768378,57.0,19.0,21.2,20.4,18.7,68.0,71.0,84.0,2.0,1.33,1.0,1008.0,1010.0,1013.0,1504.8,144.0,41.8,25.0,0.7999847621950058,6.164750219481381,1.17128112888375,15.048,19.9,0.02073410641457697,436.80999999999995,5184,4.0,1016064,579.5,96.58333333333333,6.0,4.0,-0.3000000000000007
126,385.6,71.3,28.3,56.3,107.3,100,0.75,1009,75,20.5,0.7,2.0,2023,3,30,18,3,89,13,-1.0,-1.8369701987210297e-16,1.0,6.123233995736766e-17,0.43388373911755823,-0.900968867902419,1,2,0,42.0,36.0,40.0,35.0,24.0,31.0,41.0,4.582575694956131,45.0,36.0,39.333333333333336,3.777124126456975,45.0,35.0,35.416666666666664,7.292067088571996,45.0,24.0,36.125,8.300405961785122,57.0,19.0,20.9,20.8,19.3,72.0,69.0,78.0,2.0,1.66,1.0,1008.0,1009.0,1012.0,1537.5,150.0,41.0,75.0,0.7992753237065062,5.408058793004306,0.39690887925835544,15.375,19.5,0.02031712555289836,420.25,5625,4.0,1018081,693.8,115.63333333333333,3.0,5.0,-0.3999999999999986
175,483.2,96.0,2.0,92.5,119.0,100,0.0,1009,79,20.2,0.0,2.0,2023,3,30,19,3,89,13,-0.9659258262890684,0.2588190451025203,1.0,6.123233995736766e-17,0.43388373911755823,-0.900968867902419,1,2,0,45.0,42.0,36.0,35.0,24.0,34.0,53.666666666666664,17.672954855748817,74.0,42.0,45.833333333333336,14.148026953136009,74.0,36.0,39.583333333333336,12.558650284552485,74.0,25.0,37.791666666666664,11.321311825459034,74.0,19.0,20.5,21.2,20.0,75.0,68.0,72.0,2.0,2.0,1.0,1009.0,1008.0,1011.0,1595.8,158.0,40.4,0.0,0.7999913514448492,5.033280903323924,0.02083311632170498,15.958,19.2,0.02001980176431936,408.03999999999996,6241,4.0,1018081,866.7,144.45000000000002,29.0,38.0,-0.3000000000000007
152,604.8,93.3,1.3,71.3,123.3,100,0.0,1009,83,19.8,0.0,1.33,2023,3,30,20,3,89,13,-0.8660254037844386,0.5000000000000001,1.0,6.123233995736766e-17,0.43388373911755823,-0.900968867902419,1,2,0,74.0,45.0,42.0,38.0,25.0,42.0,58.666666666666664,14.571661996263003,74.0,45.0,49.0,14.170391667134545,74.0,36.0,42.25,12.577938839672386,74.0,25.0,38.416666666666664,11.959775578331776,74.0,19.0,20.2,20.9,20.4,79.0,72.0,71.0,2.0,2.0,1.33,1009.0,1008.0,1010.0,1643.4,110.39,26.334000000000003,0.0,0.7994277780115285,6.482245635095015,0.013933398355858995,16.434,19.135,0.01962337004621403,392.04,6889,1.7689000000000001,1018081,950.9999999999998,158.49999999999997,-17.0,15.0,-0.3999999999999986
155,726.4,90.7,0.7,73.8,127.7,100,0.0,1010,87,19.5,0.0,0.66,2023,3,30,21,3,89,13,-0.7071067811865477,0.7071067811865474,1.0,6.123233995736766e-17,0.43388373911755823,-0.900968867902419,1,2,0,57.0,74.0,45.0,40.0,36.0,33.0,63.333333333333336,9.291573243177679,74.0,57.0,52.166666666666664,13.876839217439345,74.0,36.0,44.166666666666664,13.2722083750787,74.0,25.0,39.5,12.607796069858269,74.0,19.0,19.8,20.5,20.8,83.0,75.0,69.0,1.33,2.0,1.66,1009.0,1009.0,1009.0,1696.5,57.42,12.870000000000001,0.0,0.799447161962575,8.00873198751943,0.0077176657368716985,16.965,19.17,0.01930691157731527,380.25,7569,0.43560000000000004,1020100,1078.3,179.71666666666667,2.0,14.0,-0.3000000000000007
153,848.0,88.0,0.0,72.5,132.0,100,0.0,1011,92,19.1,0.0,2.0,2023,3,30,22,3,89,13,-0.5000000000000004,0.8660254037844384,1.0,6.123233995736766e-17,0.43388373911755823,-0.900968867902419,1,3,0,59.0,57.0,74.0,36.0,25.0,40.0,58.0,1.0000000000010871,59.0,57.0,55.833333333333336,11.44406687618796,74.0,42.0,46.916666666666664,12.324833270738782,74.0,35.0,40.25,13.162033673972491,74.0,19.0,19.5,20.2,21.2,87.0,79.0,68.0,0.66,2.0,2.0,1010.0,1009.0,1008.0,1757.2,184.0,38.2,0.0,0.799988965669439,9.636254133475756,0.0,17.572,18.1,0.01889216726788599,364.81000000000006,8464,4.0,1022121,1198.5,199.75,-1.0,-16.0,-0.3999999999999986
155,811.4,85.3,1.3,73.8,137.0,100,0.0,1011,92,19.0,0.0,2.4,2023,3,30,23,3,89,13,-0.25881904510252157,0.9659258262890681,1.0,6.123233995736766e-17,0.43388373911755823,-0.900968867902419,1,3,0,58.0,59.0,57.0,42.0,44.0,40.0,58.666666666666664,0.5773502691914933,59.0,58.0,58.666666666666664,9.223159256277773,74.0,45.0,48.166666666666664,12.755272231393745,74.0,35.0,41.041666666666664,13.706485823258694,74.0,19.0,19.1,19.8,20.9,92.0,83.0,72.0,2.0,1.33,2.0,1011.0,1009.0,1008.0,1748.0,220.79999999999998,45.6,0.0,0.799447161962575,9.512197981266338,0.015240149587929802,17.48,17.8,0.018793255397373494,361.0,8464,5.76,1022121,1167.7999999999997,194.6333333333333,1.0,2.0,-0.10000000000000142
165,774.8,82.7,2.7,83.8,142.0,100,0.0,1011,92,18.8,0.0,2.4,2023,3,31,0,4,90,13,0.0,1.0,1.0,6.123233995736766e-17,-0.433883739117558,-0.9009688679024191,1,3,0,59.0,58.0,59.0,45.0,35.0,37.0,61.333333333333336,4.9328828623164584,67.0,58.0,62.333333333333336,6.742897497861153,74.0,57.0,50.833333333333336,13.092908096532165,74.0,35.0,42.291666666666664,14.656884913320496,74.0,19.0,19.0,19.5,20.5,92.0,87.0,75.0,2.4,0.66,2.0,1011.0,1010.0,1009.0,1729.6000000000001,220.79999999999998,45.12,0.0,0.7995131323015239,9.368689616812372,0.0326477309826967,17.296000000000003,17.6,0.018595431656348513,353.44000000000005,8464,5.76,1022121,1153.0,192.16666666666666,8.0,8.0,-0.1999999999999993
165,738.3,80.0,4.0,83.8,147.0,100,0.0,1010,92,18.7,0.0,1.6,2023,3,31,1,4,90,13,0.25881904510252074,0.9659258262890683,1.0,6.123233995736766e-17,-0.433883739117558,-0.9009688679024191,1,3,0,67.0,59.0,58.0,74.0,35.0,36.0,64.33333333333333,4.618802153517223,67.0,59.0,61.166666666666664,4.578937285731509,67.0,57.0,53.5,12.831070245165023,74.0,36.0,43.583333333333336,15.42419518488574,74.0,19.0,18.8,19.1,20.2,92.0,92.0,79.0,2.4,2.0,2.0,1011.0,1011.0,1009.0,1720.3999999999999,147.20000000000002,29.92,0.0,0.7995131323015239,9.228634642066973,0.0499993750078124,17.203999999999997,17.9,0.01851483315363054,349.69,8464,2.5600000000000005,1020100,1120.1,186.6833333333333,0.0,9.0,-0.10000000000000142
163,672.7,76.3,5.7,81.3,145.3,100,0.0,1010,92,18.7,0.0,0.33,2023,3,31,2,4,90,13,0.49999999999999994,0.8660254037844387,1.0,6.123233995736766e-17,-0.433883739117558,-0.9009688679024191,1,3,0,67.0,67.0,59.0,57.0,38.0,57.0,66.33333333333333,1.1547005383800935,67.0,65.0,62.5,4.277849927240965,67.0,58.0,55.75,12.21865191195209,74.0,36.0,43.916666666666664,15.808409062946607,74.0,19.0,18.7,19.0,19.8,92.0,92.0,83.0,1.6,2.4,1.33,1010.0,1011.0,1009.0,1720.3999999999999,30.360000000000003,6.171,0.0,0.7994981611542293,8.81639821234322,0.07470413231805612,17.203999999999997,18.535,0.01851483315363054,349.69,8464,0.10890000000000001,1020100,1046.3,174.38333333333333,-2.0,6.0,0.0
159,607.1,72.7,7.3,77.5,143.7,100,0.0,1010,93,18.7,0.0,0.66,2023,3,31,3,4,90,13,0.7071067811865476,0.7071067811865476,1.0,6.123233995736766e-17,-0.433883739117558,-0.9009688679024191,1,3,0,65.0,67.0,67.0,59.0,40.0,38.0,64.66666666666667,2.516611478423977,67.0,62.0,63.0,3.9496835316257313,67.0,58.0,57.583333333333336,11.252945742283845,74.0,36.0,44.916666666666664,16.17275397124732,74.0,19.0,18.7,18.8,19.5,92.0,92.0,87.0,0.33,2.4,0.66,1010.0,1011.0,1010.0,1739.1,61.38,12.342,0.0,0.7999896775525477,8.350641669303036,0.10041127357257808,17.391,18.37,0.01851483315363054,349.69,8649,0.43560000000000004,1020100,970.3,161.71666666666667,-3.0,-5.0,0.0
163,541.6,69.0,9.0,81.3,142.0,100,0.0,1010,94,18.7,0.0,1.0,2023,3,31,4,4,90,13,0.8660254037844386,0.5000000000000001,1.0,6.123233995736766e-17,-0.433883739117558,-0.9009688679024191,1,3,0,62.0,65.0,67.0,58.0,36.0,42.0,64.0,1.7320508075694532,65.0,62.0,64.16666666666667,3.1251666622217344,67.0,59.0,60.0,9.105442927671756,74.0,42.0,45.875,16.66632246021387,74.0,19.0,18.7,18.7,19.1,93.0,92.0,92.0,0.66,1.6,2.0,1010.0,1010.0,1011.0,1757.8,94.0,18.7,0.0,0.7994981611542293,7.8491616063535306,0.1304328922769235,17.578,18.2,0.01851483315363054,349.69,8836,1.0,1020100,907.9,151.31666666666666,3.0,-2.0,0.0
165,526.2,68.7,7.0,83.8,128.7,100,0.0,1010,93,19.0,0.0,1.0,2023,3,31,5,4,90,13,0.9659258262890683,0.25881904510252074,1.0,6.123233995736766e-17,-0.433883739117558,-0.9009688679024191,1,3,0,65.0,62.0,65.0,59.0,42.0,19.0,64.66666666666667,2.516611478423978,67.0,62.0,65.5,1.9748417658119897,67.0,62.0,62.083333333333336,7.292067088572315,74.0,45.0,47.875,16.173818080600235,74.0,24.0,18.7,18.7,19.0,94.0,92.0,92.0,1.0,0.33,2.4,1010.0,1010.0,1011.0,1767.0,93.0,19.0,0.0,0.7995131323015239,7.659277157537736,0.10189080217172966,17.67,18.5,0.018811862562512313,361.0,8649,1.0,1020100,881.4000000000001,146.9,2.0,2.0,0.3000000000000007
169,510.8,68.3,5.0,87.5,115.3,100,0.0,1011,92,19.2,0.6,1.0,2023,3,31,6,4,90,13,1.0,6.123233995736766e-17,1.0,6.123233995736766e-17,-0.433883739117558,-0.9009688679024191,1,0,0,67.0,65.0,62.0,67.0,45.0,24.0,67.33333333333333,2.516611478423978,70.0,65.0,66.0,2.6832815729988906,70.0,62.0,64.16666666666667,5.254146991287748,74.0,57.0,49.791666666666664,15.945502750650974,74.0,24.0,19.0,18.7,18.8,93.0,93.0,92.0,1.0,0.66,2.4,1010.0,1010.0,1011.0,1766.3999999999999,92.0,19.2,0.0,0.7999908572473458,7.47866063454415,0.07320537034596858,17.663999999999998,18.7,0.018991079138398478,368.64,8464,1.0,1022121,856.9,142.81666666666666,3.0,8.0,0.1999999999999993
159,495.5,68.0,3.0,77.5,102.0,100,0.0,1012,91,19.5,0.7,1.0,2023,3,31,7,4,90,13,0.9659258262890683,-0.25881904510252063,1.0,6.123233995736766e-17,-0.433883739117558,-0.9009688679024191,1,0,0,70.0,67.0,65.0,67.0,74.0,24.0,66.33333333333333,4.041451884327625,70.0,62.0,65.16666666666667,3.0605010483027257,70.0,62.0,63.166666666666664,4.260459500043679,70.0,57.0,51.375,15.13938859255964,74.0,25.0,19.2,18.7,18.7,92.0,94.0,92.0,1.0,1.0,1.6,1011.0,1010.0,1010.0,1774.5,91.0,19.5,0.0,0.7999896775525477,7.286657549153689,0.04411699827943706,17.745,19.0,0.01926875566328492,380.25,8281,1.0,1024144,808.0,134.66666666666666,-8.0,-3.0,0.3000000000000007
129,419.2,59.3,19.0,57.5,116.3,100,0.0,1012,90,19.9,1.1,1.0,2023,3,31,8,4,90,13,0.8660254037844387,-0.4999999999999998,1.0,6.123233995736766e-17,-0.433883739117558,-0.9009688679024191,1,0,0,62.0,70.0,67.0,65.0,57.0,25.0,59.333333333333336,12.220201853215656,70.0,46.0,62.0,8.41427358718478,70.0,46.0,62.25,6.369315647554211,70.0,46.0,52.25,14.12136832882225,74.0,25.0,19.5,19.0,18.7,91.0,93.0,92.0,1.0,1.0,0.33,1012.0,1010.0,1010.0,1790.9999999999998,90.0,19.9,0.0,0.7999860871984835,7.06902075850323,0.32039931872986965,17.909999999999997,19.4,0.019664012189711273,396.00999999999993,8100,1.0,1024144,717.3,119.55,-16.0,-21.0,0.3999999999999986
152,343.0,50.7,35.0,71.3,130.7,100,0.0,1012,89,20.3,1.7,1.0,2023,3,31,9,4,90,13,0.7071067811865476,-0.7071067811865475,1.0,6.123233995736766e-17,-0.433883739117558,-0.9009688679024191,1,0,0,46.0,62.0,70.0,62.0,59.0,36.0,55.0,8.185352771872575,62.0,46.0,61.166666666666664,8.658329323065859,70.0,46.0,62.083333333333336,6.487166818675963,70.0,46.0,53.125,13.71547047806913,74.0,25.0,19.9,19.2,18.7,90.0,92.0,93.0,1.0,1.0,0.66,1012.0,1011.0,1010.0,1806.7,89.0,20.3,0.0,0.7994277780115285,6.765152561093469,0.6903216899074969,18.067,19.8,0.020059268716137633,412.09000000000003,7921,1.0,1024144,687.7,114.61666666666667,11.0,-13.0,0.40000000000000213
134,266.7,42.0,51.0,60.0,145.0,100,0.0,1013,88,20.7,2.6,1.0,2023,3,31,10,4,90,13,0.49999999999999994,-0.8660254037844387,1.0,6.123233995736766e-17,-0.433883739117558,-0.9009688679024191,1,0,0,57.0,46.0,62.0,65.0,58.0,25.0,50.333333333333336,5.85946527708249,57.0,46.0,58.333333333333336,9.852241707685723,70.0,46.0,61.25,7.605321103734279,70.0,46.0,54.083333333333336,12.405877522426719,74.0,35.0,20.3,19.5,18.7,89.0,91.0,94.0,1.0,1.0,1.0,1012.0,1012.0,1010.0,1821.6,88.0,20.7,0.0,0.7999866668888852,6.349848813123497,1.2142568034094428,18.215999999999998,20.2,0.02043433323362958,428.48999999999995,7744,1.0,1026169,612.7,102.11666666666667,-9.0,-14.0,0.3999999999999986
155,244.5,36.3,65.3,73.8,130.0,100,0.0,1012,86,21.1,3.2,1.0,2023,3,31,11,4,90,13,0.258819045102521,-0.9659258262890682,1.0,6.123233995736766e-17,-0.433883739117558,-0.9009688679024191,1,0,0,48.0,57.0,46.0,67.0,59.0,44.0,54.666666666666664,5.85946527708249,59.0,48.0,57.0,8.944271909998902,70.0,46.0,61.25,7.605321103734279,70.0,46.0,54.708333333333336,12.252698608404968,74.0,35.0,20.7,19.9,19.0,88.0,90.0,93.0,1.0,1.0,1.0,1013.0,1012.0,1010.0,1814.6000000000001,86.0,21.1,0.0,0.799447161962575,6.735351643205422,1.7988485165697916,18.146,20.6,0.02084978176899035,445.21000000000004,7396,1.0,1024144,608.9000000000001,101.48333333333335,11.0,13.0,0.40000000000000213
155,222.4,30.7,79.7,73.8,115.0,100,0.0,1011,83,21.6,3.5,1.0,2023,3,31,12,4,90,13,1.2246467991473532e-16,-1.0,1.0,6.123233995736766e-17,-0.433883739117558,-0.9009688679024191,1,1,0,59.0,48.0,57.0,70.0,67.0,35.0,55.333333333333336,6.350852961086044,59.0,48.0,55.166666666666664,6.554896388705319,62.0,46.0,60.583333333333336,7.403418538796981,70.0,46.0,55.708333333333336,11.532484051833773,74.0,35.0,21.1,20.3,19.2,86.0,89.0,92.0,1.0,1.0,1.0,1012.0,1012.0,1011.0,1792.8000000000002,83.0,21.6,0.0,0.799447161962575,7.244063711279763,2.5960066447346994,17.928,21.1,0.02136496403069829,466.56000000000006,6889,1.0,1022121,580.6,96.76666666666667,0.0,2.0,0.5
172,200.2,25.0,94.0,90.0,100.0,100,0.0,1010,81,22.0,3.2,1.0,2023,3,31,13,4,90,13,-0.2588190451025208,-0.9659258262890683,1.0,6.123233995736766e-17,-0.433883739117558,-0.9009688679024191,1,1,0,59.0,59.0,48.0,62.0,67.0,35.0,63.333333333333336,7.505553499465269,72.0,59.0,56.833333333333336,9.325592027676423,72.0,46.0,61.0,7.920055096226894,72.0,46.0,57.25,11.109142337654339,74.0,36.0,21.6,20.7,19.5,83.0,88.0,91.0,1.0,1.0,1.0,1011.0,1013.0,1012.0,1782.0,81.0,22.0,0.0,0.7999911112098754,8.007679692812287,3.7598496060157593,17.82,21.5,0.02178215665133005,484.0,6561,1.0,1020100,581.2,96.86666666666667,13.0,24.0,0.3999999999999986
155,203.7,26.7,97.3,73.8,97.3,100,0.25,1009,80,22.0,2.6,1.0,2023,3,31,14,4,90,13,-0.4999999999999997,-0.8660254037844388,1.0,6.123233995736766e-17,-0.433883739117558,-0.9009688679024191,1,1,0,72.0,59.0,59.0,46.0,65.0,38.0,63.333333333333336,7.505553499465269,72.0,59.0,59.0,7.668115805072027,72.0,48.0,60.5,7.833494518006195,72.0,46.0,58.125,10.326464523989836,74.0,36.0,22.0,21.1,19.9,81.0,86.0,90.0,1.0,1.0,1.0,1010.0,1012.0,1012.0,1760.0,80.0,22.0,25.0,0.799447161962575,7.628927755514774,3.6440582749709747,17.6,21.5,0.021803744495793365,484.0,6400,1.0,1018081,557.8,92.96666666666665,-13.0,0.0,0.0
171,207.2,28.3,100.7,88.8,94.7,100,0.5,1008,80,22.0,1.8,1.0,2023,3,31,15,4,90,13,-0.7071067811865471,-0.7071067811865479,1.0,6.123233995736766e-17,-0.433883739117558,-0.9009688679024191,1,1,0,59.0,72.0,59.0,57.0,62.0,40.0,67.33333333333333,7.234178138070374,72.0,59.0,61.333333333333336,8.95916662791033,72.0,48.0,61.25,8.400486998869692,72.0,46.0,59.416666666666664,9.890340771667748,74.0,36.0,22.0,21.6,20.3,80.0,83.0,89.0,1.0,1.0,1.0,1009.0,1011.0,1012.0,1760.0,80.0,22.0,50.0,0.7995405457145752,7.321296067276774,3.5581781562488954,17.6,21.5,0.021825375173238917,484.0,6400,1.0,1016064,590.7,98.45,12.0,12.0,0.0
165,210.7,30.0,104.0,83.8,92.0,100,0.5,1007,79,22.0,1.1,1.0,2023,3,31,16,4,90,13,-0.8660254037844385,-0.5000000000000004,1.0,6.123233995736766e-17,-0.433883739117558,-0.9009688679024191,1,1,0,71.0,59.0,72.0,48.0,65.0,36.0,65.66666666666667,6.11010092660795,71.0,59.0,64.5,6.2529992803450325,72.0,59.0,61.416666666666664,8.50089121887514,72.0,46.0,60.708333333333336,8.645074831404466,74.0,42.0,22.0,22.0,20.7,80.0,81.0,88.0,1.0,1.0,1.0,1008.0,1010.0,1013.0,1738.0,79.0,22.0,50.0,0.7995131323015239,7.023099230025665,3.4665511149628343,17.38,21.5,0.021847048811272283,484.0,6241,1.0,1014049,587.5,97.91666666666667,-4.0,-5.0,0.0
183,295.1,55.7,71.7,100.0,101.3,100,0.25,1008,82,21.8,0.7,1.33,2023,3,31,17,4,90,13,-0.9659258262890683,-0.25881904510252063,1.0,6.123233995736766e-17,-0.433883739117558,-0.9009688679024191,1,1,0,67.0,71.0,59.0,59.0,67.0,42.0,72.66666666666667,6.658328118479539,80.0,67.0,68.0,8.14861951498507,80.0,59.0,62.5,9.977246841962552,80.0,46.0,62.291666666666664,8.548985023237526,80.0,45.0,22.0,22.0,21.1,79.0,80.0,86.0,1.0,1.0,1.0,1007.0,1009.0,1012.0,1787.6000000000001,109.06,28.994000000000003,25.0,0.7999920000799992,5.297930019209709,1.2872300317768084,17.876,21.135,0.02162696267166402,475.24,6724,1.7689000000000001,1016064,703.8,117.3,13.0,21.0,-0.1999999999999993
200,379.5,81.3,39.3,116.3,110.7,100,0.25,1008,84,21.7,0.7,1.66,2023,3,31,18,4,90,13,-1.0,-1.8369701987210297e-16,1.0,6.123233995736766e-17,-0.433883739117558,-0.9009688679024191,1,2,0,80.0,67.0,71.0,59.0,70.0,45.0,80.0,13.000000000000075,93.0,67.0,73.66666666666667,11.690451944499932,93.0,59.0,64.41666666666667,13.228470215501934,93.0,46.0,64.29166666666667,9.844350252000448,93.0,46.0,21.8,22.0,21.6,82.0,80.0,83.0,1.33,1.0,1.0,1008.0,1008.0,1011.0,1822.8,139.44,36.022,25.0,0.7996491861634896,4.667839263969693,0.4833888882055571,18.227999999999998,20.87,0.021527756420876565,470.89,7056,2.7556,1016064,820.1,136.68333333333334,13.0,22.0,-0.10000000000000142
203,464.0,107.0,7.0,118.8,120.0,100,0.0,1008,87,21.5,0.0,2.0,2023,3,31,19,4,90,13,-0.9659258262890684,0.2588190451025203,1.0,6.123233995736766e-17,-0.433883739117558,-0.9009688679024191,1,2,0,93.0,80.0,67.0,72.0,62.0,74.0,89.33333333333333,8.144527815247198,95.0,80.0,77.5,14.47411482612998,95.0,59.0,67.16666666666667,15.8506285125361,95.0,46.0,65.16666666666667,11.533190918112235,95.0,46.0,21.7,22.0,22.0,84.0,79.0,81.0,1.66,1.0,1.0,1008.0,1007.0,1010.0,1870.5,174.0,43.0,0.0,0.7996565685474027,4.336408070952608,0.06541994934626778,18.705,20.5,0.021329343919301667,462.25,7569,4.0,1016064,911.8,151.96666666666667,2.0,28.0,-0.1999999999999993
208,455.6,100.7,5.7,123.8,125.3,100,0.0,1009,88,21.2,0.0,1.33,2023,3,31,20,4,90,13,-0.8660254037844386,0.5000000000000001,1.0,6.123233995736766e-17,-0.433883739117558,-0.9009688679024191,1,2,0,95.0,93.0,80.0,59.0,46.0,57.0,95.66666666666667,3.055050463304217,99.0,93.0,84.16666666666667,13.422617727800437,99.0,67.0,71.58333333333333,16.77367164952443,99.0,48.0,66.91666666666667,13.292419110045575,99.0,46.0,21.5,21.8,22.0,87.0,82.0,80.0,2.0,1.33,1.0,1008.0,1008.0,1009.0,1865.6,117.04,28.196,0.0,0.7996704388494439,4.5242847638057215,0.05660321148747281,18.656,20.535,0.021010881059582695,449.44,7744,1.7689000000000001,1018081,910.1,151.68333333333334,4.0,19.0,-0.3000000000000007
219,447.2,94.3,4.3,133.8,130.7,100,0.0,1010,90,21.0,0.0,0.66,2023,3,31,21,4,90,13,-0.7071067811865477,0.7071067811865474,1.0,6.123233995736766e-17,-0.433883739117558,-0.9009688679024191,1,2,0,99.0,95.0,93.0,71.0,57.0,59.0,100.33333333333333,6.11010092660795,107.0,95.0,90.16666666666667,14.372427306014204,107.0,67.0,75.75,18.897450525497778,107.0,48.0,68.91666666666667,15.480469228554906,107.0,46.0,21.2,21.7,22.0,88.0,84.0,80.0,1.33,1.66,1.0,1009.0,1008.0,1008.0,1890.0,59.400000000000006,13.860000000000001,0.0,0.7996950695435758,4.74226148185067,0.04559866809471797,18.9,20.67,0.020792058621724136,441.0,8100,0.43560000000000004,1020100,917.3,152.88333333333333,8.0,14.0,-0.1999999999999993
191,438.9,88.0,3.0,107.5,136.0,100,0.0,1010,91,20.7,0.0,2.8,2023,3,31,22,4,90,13,-0.5000000000000004,0.8660254037844384,1.0,6.123233995736766e-17,-0.433883739117558,-0.9009688679024191,1,3,0,107.0,99.0,95.0,67.0,48.0,58.0,97.33333333333333,10.59874206372319,107.0,86.0,93.33333333333333,9.521904571390266,107.0,80.0,78.91666666666667,16.90324516090616,107.0,59.0,70.08333333333333,15.675837587126706,107.0,46.0,21.0,21.5,22.0,90.0,87.0,79.0,0.66,2.0,1.0,1010.0,1008.0,1007.0,1883.7,254.79999999999998,57.959999999999994,0.0,0.7999925582087608,4.987443324507676,0.03409052169861706,18.837,19.3,0.020495029212842363,428.48999999999995,8281,7.839999999999999,1020100,859.4,143.23333333333332,-21.0,-9.0,-0.3000000000000007
205,403.7,80.7,6.0,121.3,144.7,100,0.0,1010,92,20.5,0.0,0.33,2023,3,31,23,4,90,13,-0.25881904510252157,0.9659258262890681,1.0,6.123233995736766e-17,-0.433883739117558,-0.9009688679024191,1,3,0,86.0,107.0,99.0,80.0,59.0,59.0,96.66666666666667,10.50396750439258,107.0,86.0,96.16666666666667,6.940220937885406,107.0,86.0,82.08333333333333,16.384351366379168,107.0,59.0,71.66666666666667,16.409611888123496,107.0,46.0,20.7,21.2,21.8,91.0,88.0,82.0,2.8,1.33,1.33,1010.0,1009.0,1008.0,1886.0,30.360000000000003,6.765000000000001,0.0,0.7996636466311078,5.002416326935229,0.07434852108400143,18.86,20.335,0.02029700960692118,420.25,8464,0.10890000000000001,1020100,853.3999999999999,142.23333333333332,11.0,-2.0,-0.1999999999999993
169,368.4,73.3,9.0,87.5,153.3,100,0.0,1010,93,20.4,0.0,0.66,2023,4,1,0,5,91,13,0.0,1.0,0.8660254037844387,-0.4999999999999998,-0.9749279121818236,-0.2225209339563146,1,3,1,97.0,86.0,107.0,93.0,59.0,67.0,84.33333333333333,13.576941236277605,97.0,70.0,92.33333333333333,12.86338472823785,107.0,70.0,83.0,15.243478486344177,107.0,59.0,71.79166666666667,16.383924164085236,107.0,46.0,20.5,21.0,21.7,92.0,90.0,84.0,0.33,0.66,1.66,1010.0,1010.0,1008.0,1897.1999999999998,61.38,13.464,0.0,0.7999908572473458,5.025852307608354,0.12278140816632788,18.971999999999998,20.07,0.02019799980396059,416.15999999999997,8649,0.43560000000000004,1020100,761.5,126.91666666666667,-27.0,-37.0,-0.10000000000000142
123,333.2,66.0,12.0,55.0,162.0,100,0.0,1010,93,20.2,0.0,1.0,2023,4,1,1,5,91,13,0.25881904510252074,0.9659258262890683,0.8660254037844387,-0.4999999999999998,-0.9749279121818236,-0.2225209339563146,1,3,1,70.0,97.0,86.0,95.0,72.0,67.0,70.33333333333333,26.501572280401312,97.0,44.0,83.83333333333333,23.33595223398142,107.0,44.0,80.66666666666667,18.80683305867765,107.0,44.0,70.83333333333333,17.322181473893412,107.0,44.0,20.4,20.7,21.5,93.0,91.0,87.0,0.66,2.8,2.0,1010.0,1010.0,1008.0,1878.6,93.0,20.2,0.0,0.7999854548099126,5.048408357449129,0.18181542703898423,18.785999999999998,19.7,0.01999998019803941,408.03999999999996,8649,1.0,1020100,672.2,112.03333333333335,-26.0,-42.0,-0.1999999999999993
100,325.1,62.7,12.3,43.8,160.3,100,0.0,1009,94,20.2,0.0,1.0,2023,4,1,2,5,91,13,0.49999999999999994,0.8660254037844387,0.8660254037844387,-0.4999999999999998,-0.9749279121818236,-0.2225209339563146,1,3,1,44.0,70.0,97.0,99.0,59.0,65.0,49.666666666666664,18.175074506954157,70.0,35.0,73.16666666666667,28.96492131297204,107.0,35.0,78.66666666666667,22.276499371364984,107.0,35.0,69.58333333333333,18.782315148001427,107.0,35.0,20.2,20.5,21.2,93.0,92.0,88.0,1.0,0.33,1.33,1010.0,1010.0,1009.0,1898.8,94.0,20.2,0.0,0.7990685144174792,5.18492528029856,0.19616912010972712,18.988,19.7,0.02001980176431936,408.03999999999996,8836,1.0,1018081,639.2,106.53333333333335,-9.0,-62.0,0.0
87,316.9,59.3,12.7,36.3,158.7,100,0.0,1009,94,20.2,0.0,1.0,2023,4,1,3,5,91,13,0.7071067811865476,0.7071067811865476,0.8660254037844387,-0.4999999999999998,-0.9749279121818236,-0.2225209339563146,1,3,1,35.0,44.0,70.0,107.0,71.0,62.0,36.0,7.5498344352708555,44.0,29.0,60.166666666666664,28.237681680100117,97.0,29.0,75.16666666666667,26.491279296928607,107.0,29.0,68.20833333333333,20.491735697203914,107.0,29.0,20.2,20.4,21.0,94.0,93.0,90.0,1.0,0.66,0.66,1009.0,1010.0,1010.0,1898.8,94.0,20.2,0.0,0.798876064020275,5.343923373973458,0.21416164988786024,18.988,19.7,0.02001980176431936,408.03999999999996,8836,1.0,1018081,612.9,102.14999999999999,-6.0,-41.0,0.0
87,308.7,56.0,13.0,36.3,157.0,100,0.0,1009,94,20.2,0.0,1.0,2023,4,1,4,5,91,13,0.8660254037844386,0.5000000000000001,0.8660254037844387,-0.4999999999999998,-0.9749279121818236,-0.2225209339563146,1,3,1,29.0,35.0,44.0,86.0,67.0,65.0,31.0,3.4641016151379844,35.0,29.0,50.666666666666664,27.383693444578682,97.0,29.0,72.0,29.640267450639733,107.0,29.0,66.70833333333333,21.99897066103164,107.0,29.0,20.2,20.2,20.7,94.0,93.0,91.0,1.0,1.0,2.8,1009.0,1010.0,1010.0,1898.8,94.0,20.2,0.0,0.798876064020275,5.5124015642577815,0.2321387118087177,18.988,19.7,0.02001980176431936,408.03999999999996,8836,1.0,1018081,600.0,100.0,0.0,-15.0,0.0
74,325.8,54.0,10.3,28.8,139.3,100,0.0,1009,94,20.2,0.0,1.0,2023,4,1,5,5,91,13,0.9659258262890683,0.25881904510252074,0.8660254037844387,-0.4999999999999998,-0.9749279121818236,-0.2225209339563146,1,3,1,29.0,29.0,35.0,97.0,80.0,67.0,27.0,3.4641016151379844,29.0,23.0,38.333333333333336,17.060676031935586,70.0,23.0,67.25,32.655571708919155,107.0,23.0,64.875,23.738269414230935,107.0,23.0,20.2,20.2,20.5,94.0,94.0,92.0,1.0,1.0,0.33,1009.0,1009.0,1010.0,1898.8,94.0,20.2,0.0,0.7985833825214401,6.033221607007278,0.19073720857021167,18.988,19.7,0.02001980176431936,408.03999999999996,8836,1.0,1018081,581.2,96.86666666666667,-6.0,-12.0,0.0
93,343.0,52.0,7.7,40.0,121.7,100,0.0,1010,94,20.2,0.6,1.0,2023,4,1,6,5,91,13,1.0,6.123233995736766e-17,0.8660254037844387,-0.4999999999999998,-0.9749279121818236,-0.2225209339563146,1,0,1,23.0,29.0,29.0,70.0,93.0,70.0,28.0,4.582575694956014,32.0,23.0,32.0,7.0992957397191585,44.0,23.0,62.166666666666664,33.02845421570292,107.0,23.0,63.291666666666664,24.63203846295679,107.0,23.0,20.2,20.2,20.4,94.0,94.0,93.0,1.0,1.0,0.66,1009.0,1009.0,1010.0,1898.8,94.0,20.2,0.0,0.7999800004999875,6.596026999480779,0.14807407549854812,18.988,19.7,0.01999998019803941,408.03999999999996,8836,1.0,1020100,596.4,99.39999999999999,9.0,3.0,0.0
93,360.1,50.0,5.0,40.0,104.0,100,0.0,1010,93,20.2,0.7,1.0,2023,4,1,7,5,91,13,0.9659258262890683,-0.25881904510252063,0.8660254037844387,-0.4999999999999998,-0.9749279121818236,-0.2225209339563146,1,0,1,32.0,23.0,29.0,44.0,95.0,62.0,29.0,5.196152422706785,32.0,23.0,30.0,4.098780306383175,35.0,23.0,56.916666666666664,32.334778162032805,107.0,23.0,62.041666666666664,25.448121424929855,107.0,23.0,20.2,20.2,20.2,94.0,94.0,93.0,1.0,1.0,1.0,1010.0,1009.0,1010.0,1878.6,93.0,20.2,0.0,0.7999800004999875,7.201855962880743,0.0999980000399992,18.785999999999998,19.7,0.01999998019803941,408.03999999999996,8649,1.0,1020100,591.1,98.51666666666667,0.0,3.0,0.0
69,342.4,50.7,10.7,26.3,110.0,100,0.0,1011,92,20.6,1.1,1.33,2023,4,1,8,5,91,13,0.8660254037844387,-0.4999999999999998,0.8660254037844387,-0.4999999999999998,-0.9749279121818236,-0.2225209339563146,1,0,1,32.0,32.0,23.0,35.0,99.0,46.0,28.333333333333332,6.350852961086009,32.0,21.0,27.666666666666668,4.63321342770449,32.0,21.0,50.416666666666664,30.91471651122957,107.0,21.0,61.0,26.618071664386918,107.0,21.0,20.2,20.2,20.2,93.0,94.0,94.0,1.0,1.0,1.0,1010.0,1009.0,1009.0,1895.2,122.36000000000001,27.398000000000003,0.0,0.79844872818524,6.7533184749807695,0.21104120234314905,18.952,19.935000000000002,0.02037584532557337,424.36000000000007,8464,1.7689000000000001,1022121,561.0999999999999,93.51666666666665,-11.0,-2.0,0.40000000000000213
91,324.7,51.3,16.3,38.8,116.0,100,0.0,1011,91,21.1,1.8,1.66,2023,4,1,9,5,91,13,0.7071067811865476,-0.7071067811865475,0.8660254037844387,-0.4999999999999998,-0.9749279121818236,-0.2225209339563146,1,0,1,21.0,32.0,32.0,29.0,107.0,57.0,28.0,6.08276253029835,32.0,21.0,28.0,4.81663783151635,32.0,21.0,44.083333333333336,25.59637166522306,97.0,21.0,59.916666666666664,27.3080919153641,107.0,21.0,20.6,20.2,20.2,92.0,94.0,94.0,1.33,1.0,1.0,1011.0,1010.0,1009.0,1920.1000000000001,151.06,35.026,0.0,0.7989484807092602,6.3293113194674575,0.31773259780511104,19.201,20.270000000000003,0.02087040467813583,445.21000000000004,8281,2.7556,1022121,578.1,96.35000000000001,10.0,-1.0,0.5
107,307.0,52.0,22.0,47.5,122.0,100,0.0,1011,90,21.5,2.6,2.0,2023,4,1,10,5,91,13,0.49999999999999994,-0.8660254037844387,0.8660254037844387,-0.4999999999999998,-0.9749279121818236,-0.2225209339563146,1,0,1,31.0,21.0,32.0,29.0,86.0,48.0,30.0,8.544003745317625,38.0,21.0,29.5,6.348228099241123,38.0,21.0,40.083333333333336,21.939828180868943,97.0,21.0,59.5,27.572828465088968,107.0,21.0,21.1,20.2,20.2,91.0,93.0,94.0,1.66,1.0,1.0,1011.0,1010.0,1009.0,1935.0,180.0,43.0,0.0,0.7999831582493001,5.903732620526529,0.4230687871387089,19.35,20.5,0.021266052160185796,462.25,8100,4.0,1022121,588.5,98.08333333333333,7.0,6.0,0.3999999999999986
107,290.4,47.0,39.7,47.5,131.7,100,0.0,1010,90,21.8,3.2,1.33,2023,4,1,11,5,91,13,0.258819045102521,-0.9659258262890682,0.8660254037844387,-0.4999999999999998,-0.9749279121818236,-0.2225209339563146,1,0,1,38.0,31.0,21.0,23.0,97.0,59.0,35.666666666666664,4.041451884327578,38.0,31.0,32.0,6.228964600958541,38.0,21.0,35.166666666666664,12.68380021439856,70.0,21.0,58.625,27.92040316763856,107.0,21.0,21.5,20.6,20.2,90.0,92.0,94.0,2.0,1.33,1.0,1011.0,1011.0,1009.0,1962.0,119.7,28.994000000000003,0.0,0.7999831582493001,6.178591944852237,0.844662879513202,19.62,21.135,0.021584137045408867,475.24,8100,1.7689000000000001,1020100,594.3,99.05,0.0,17.0,0.3000000000000007
155,273.9,42.0,57.3,73.8,141.3,100,0.0,1009,90,22.2,3.5,0.66,2023,4,1,12,5,91,13,1.2246467991473532e-16,-1.0,0.8660254037844387,-0.4999999999999998,-0.9749279121818236,-0.2225209339563146,1,1,1,38.0,38.0,31.0,32.0,70.0,59.0,45.0,12.124355652982207,59.0,38.0,36.5,12.660963628412913,59.0,21.0,34.25,10.064564299831531,59.0,21.0,58.625,27.92040316763856,107.0,21.0,21.8,21.1,20.2,90.0,91.0,94.0,1.33,1.66,1.0,1010.0,1011.0,1010.0,1998.0,59.400000000000006,14.652000000000001,0.0,0.799447161962575,6.521273303016595,1.364253232065903,19.98,21.87,0.022001960354846032,492.84,8100,0.43560000000000004,1018081,647.3,107.88333333333333,21.0,28.0,0.3999999999999986
152,257.4,37.0,75.0,71.3,151.0,100,0.0,1008,90,22.5,3.3,1.2,2023,4,1,13,5,91,13,-0.2588190451025208,-0.9659258262890683,0.8660254037844387,-0.4999999999999998,-0.9749279121818236,-0.2225209339563146,1,1,1,59.0,38.0,38.0,32.0,44.0,72.0,51.333333333333336,11.590225767142542,59.0,38.0,40.666666666666664,14.814407401805225,59.0,21.0,35.333333333333336,11.765383224707623,59.0,21.0,58.0,27.77549749094637,107.0,21.0,22.2,21.5,20.2,90.0,90.0,93.0,0.66,2.0,1.0,1009.0,1011.0,1010.0,2025.0,108.0,27.0,0.0,0.7994277780115285,6.956568741385368,2.0269722439934057,20.25,21.9,0.022321406427176164,506.25,8100,1.44,1016064,648.7,108.11666666666667,-2.0,19.0,0.3000000000000007
151,266.3,40.3,76.0,70.0,147.7,100,0.0,1007,88,22.7,2.6,1.6,2023,4,1,14,5,91,13,-0.4999999999999997,-0.8660254037844388,0.8660254037844387,-0.4999999999999998,-0.9749279121818236,-0.2225209339563146,1,1,1,57.0,59.0,38.0,21.0,35.0,59.0,57.333333333333336,1.52752523165245,59.0,56.0,46.5,12.177848742696506,59.0,31.0,37.083333333333336,13.187172371342719,59.0,21.0,57.875,27.777551931449082,107.0,21.0,22.5,21.8,20.6,90.0,90.0,92.0,1.2,1.33,1.33,1008.0,1010.0,1011.0,1997.6,140.8,36.32,0.0,0.7999885715918343,6.607776481973153,1.8858092851294015,19.976,21.9,0.022542182182540036,515.29,7744,2.5600000000000005,1014049,656.3,109.38333333333333,-1.0,18.0,0.1999999999999993
171,275.3,43.7,77.0,88.8,144.3,100,0.0,1006,87,22.8,1.8,1.6,2023,4,1,15,5,91,13,-0.7071067811865471,-0.7071067811865479,0.8660254037844387,-0.4999999999999998,-0.9749279121818236,-0.2225209339563146,1,1,1,56.0,57.0,59.0,31.0,29.0,71.0,61.333333333333336,8.386497083606173,71.0,56.0,53.166666666666664,12.921558213569362,71.0,38.0,40.583333333333336,16.09888947798055,71.0,21.0,57.875,27.777551931449082,107.0,21.0,22.7,22.2,21.1,88.0,90.0,91.0,1.6,0.66,1.66,1007.0,1009.0,1011.0,1983.6000000000001,139.20000000000002,36.480000000000004,0.0,0.7995405457145752,6.299627010823551,1.7619734102194458,19.836000000000002,22.0,0.022663993375752114,519.84,7569,2.5600000000000005,1012036,700.0999999999999,116.68333333333332,15.0,12.0,0.10000000000000142
175,284.2,47.0,78.0,92.5,141.0,100,0.0,1005,85,23.0,1.1,2.0,2023,4,1,16,5,91,13,-0.8660254037844385,-0.5000000000000004,0.8660254037844387,-0.4999999999999998,-0.9749279121818236,-0.2225209339563146,1,1,1,71.0,56.0,57.0,38.0,29.0,67.0,67.0,9.643650760993033,74.0,56.0,59.166666666666664,12.828354012368932,74.0,38.0,44.333333333333336,18.252438608347834,74.0,21.0,58.166666666666664,27.913946438959584,107.0,21.0,22.8,22.5,21.5,87.0,90.0,90.0,1.6,1.2,2.0,1006.0,1008.0,1011.0,1955.0,170.0,46.0,0.0,0.7999913514448492,6.046679857875365,1.6595391587413035,19.55,22.0,0.02288554936761257,529.0,7225,4.0,1010025,716.7,119.45,3.0,17.0,0.1999999999999993
175,368.6,65.7,52.0,92.5,135.3,100,0.0,1005,87,22.7,0.8,0.66,2023,4,1,17,5,91,13,-0.9659258262890683,-0.25881904510252063,0.8660254037844387,-0.4999999999999998,-0.9749279121818236,-0.2225209339563146,1,1,1,74.0,71.0,56.0,38.0,23.0,80.0,73.0,1.7320508075693122,74.0,71.0,65.16666666666667,8.704405015086461,74.0,56.0,48.583333333333336,18.763883748662636,74.0,21.0,57.916666666666664,27.73620560655834,107.0,21.0,23.0,22.7,21.8,85.0,88.0,90.0,2.0,1.6,1.33,1005.0,1007.0,1010.0,1974.8999999999999,57.42,14.982000000000001,0.0,0.7999913514448492,5.610264683946972,0.7914643612730399,19.749,22.37,0.022587042201948057,515.29,7569,0.43560000000000004,1010025,788.0999999999999,131.35,0.0,18.0,-0.3000000000000007
159,453.1,84.3,26.0,77.5,129.7,100,0.0,1006,90,22.5,0.7,1.33,2023,4,1,18,5,91,13,-1.0,-1.8369701987210297e-16,0.8660254037844387,-0.4999999999999998,-0.9749279121818236,-0.2225209339563146,1,2,1,74.0,74.0,71.0,59.0,32.0,93.0,70.0,6.928203230275618,74.0,62.0,65.66666666666667,8.358628276617065,74.0,56.0,51.083333333333336,18.347446358520333,74.0,21.0,56.625,26.73511369618295,107.0,21.0,22.7,22.8,22.2,87.0,87.0,90.0,0.66,1.6,0.66,1005.0,1006.0,1009.0,2025.0,119.7,29.925,0.0,0.7999896775525477,5.37478796218313,0.3084186427207269,20.25,21.835,0.022365782936597477,506.25,8100,1.7689000000000001,1012036,832.5999999999999,138.76666666666665,-12.0,-9.0,-0.1999999999999993
184,537.5,103.0,0.0,101.3,124.0,100,0.0,1006,92,22.2,0.0,2.0,2023,4,1,19,5,91,13,-0.9659258262890684,0.2588190451025203,0.8660254037844387,-0.4999999999999998,-0.9749279121818236,-0.2225209339563146,1,2,1,62.0,74.0,74.0,57.0,32.0,95.0,72.33333333333333,9.60902353693313,81.0,62.0,69.66666666666667,9.092121131323678,81.0,56.0,55.166666666666664,19.149333400851425,81.0,21.0,56.041666666666664,26.0041454331833,107.0,21.0,22.5,23.0,22.5,90.0,85.0,90.0,1.33,2.0,1.2,1006.0,1005.0,1008.0,2042.3999999999999,184.0,44.4,0.0,0.7995972399087866,5.218395937903515,0.0,20.424,21.2,0.022067572497442844,492.84,8464,4.0,1012036,946.8,157.79999999999998,19.0,7.0,-0.3000000000000007
189,470.8,92.3,2.3,106.3,113.7,100,0.0,1007,92,22.2,0.0,2.0,2023,4,1,20,5,91,13,-0.8660254037844386,0.5000000000000001,0.8660254037844387,-0.4999999999999998,-0.9749279121818236,-0.2225209339563146,1,2,1,81.0,62.0,74.0,56.0,21.0,99.0,76.0,12.28820572744457,85.0,62.0,74.5,8.01872807869154,85.0,62.0,60.5,17.619720356876865,85.0,31.0,55.458333333333336,25.14130356460339,107.0,21.0,22.2,22.7,22.7,92.0,87.0,88.0,2.0,0.66,1.6,1006.0,1005.0,1007.0,2042.3999999999999,184.0,44.4,0.0,0.7996161842315689,5.100703134310571,0.02491847325597772,20.424,21.2,0.022045658345920212,492.84,8464,4.0,1014049,870.4,145.06666666666666,4.0,11.0,0.0
171,404.0,81.7,4.7,88.8,103.3,100,0.0,1008,92,22.2,0.0,2.0,2023,4,1,21,5,91,13,-0.7071067811865477,0.7071067811865474,0.8660254037844387,-0.4999999999999998,-0.9749279121818236,-0.2225209339563146,1,2,1,85.0,81.0,62.0,71.0,31.0,107.0,79.0,7.211102550928085,85.0,71.0,74.5,8.01872807869154,85.0,62.0,63.833333333333336,15.140753754104207,85.0,38.0,53.958333333333336,22.907145584742388,97.0,21.0,22.2,22.5,22.8,92.0,90.0,87.0,2.0,1.33,1.6,1007.0,1006.0,1006.0,2042.3999999999999,184.0,44.4,0.0,0.7995405457145752,4.944859916035299,0.057526835656846305,20.424,21.2,0.022023787674813815,492.84,8464,4.0,1016064,753.4999999999999,125.58333333333331,-14.0,9.0,0.0
151,337.3,71.0,7.0,70.0,93.0,100,0.0,1009,92,22.2,0.0,2.0,2023,4,1,22,5,91,13,-0.5000000000000004,0.8660254037844384,0.8660254037844387,-0.4999999999999998,-0.9749279121818236,-0.2225209339563146,1,3,1,71.0,85.0,81.0,74.0,38.0,86.0,70.66666666666667,14.502873278538116,85.0,56.0,71.5,11.040833301884238,85.0,56.0,65.33333333333333,13.103319033625276,85.0,38.0,52.708333333333336,21.87807949338432,97.0,21.0,22.2,22.2,23.0,92.0,92.0,85.0,2.0,2.0,2.0,1008.0,1006.0,1005.0,2042.3999999999999,184.0,44.4,0.0,0.7999885715918343,4.750637314967395,0.09859016070196194,20.424,21.2,0.022001960354846032,492.84,8464,4.0,1018081,634.3,105.71666666666665,-15.0,-25.0,0.0
104,279.2,62.7,9.7,46.3,84.7,100,0.25,1008,91,22.2,0.0,1.33,2023,4,1,23,5,91,13,-0.25881904510252157,0.9659258262890681,0.8660254037844387,-0.4999999999999998,-0.9749279121818236,-0.2225209339563146,1,3,1,56.0,71.0,85.0,74.0,38.0,97.0,54.666666666666664,17.039170558842795,71.0,37.0,65.33333333333333,17.693690024035757,85.0,37.0,65.25,13.294735800308208,85.0,37.0,50.208333333333336,19.93899209581829,85.0,21.0,22.2,22.2,22.7,92.0,92.0,87.0,2.0,2.0,0.66,1009.0,1007.0,1005.0,2020.2,121.03,29.526,25.0,0.799118809528952,4.452879539401286,0.15470247683450022,20.202,21.535,0.022023787674813815,492.84,8281,1.7689000000000001,1016064,519.6,86.60000000000001,-19.0,-48.0,0.0
93,221.0,54.3,12.3,40.0,76.3,100,0.0,1007,90,22.1,0.0,0.66,2023,4,2,0,6,92,13,0.0,1.0,0.8660254037844387,-0.4999999999999998,-0.7818314824680299,0.6234898018587334,1,3,1,37.0,56.0,71.0,62.0,59.0,70.0,41.666666666666664,12.662279942148464,56.0,32.0,60.333333333333336,22.42914770263601,85.0,32.0,63.0,16.376257758774265,85.0,32.0,48.625,19.807360292051367,85.0,21.0,22.2,22.2,22.5,91.0,92.0,90.0,1.33,2.0,1.33,1008.0,1008.0,1006.0,1989.0000000000002,59.400000000000006,14.586000000000002,0.0,0.7999800004999875,4.069906631553747,0.22651516546656603,19.89,21.770000000000003,0.02194635357859625,488.4100000000001,8100,0.43560000000000004,1014049,435.90000000000003,72.65,-5.0,-39.0,-0.09999999999999787
89,162.8,46.0,15.0,37.5,68.0,100,0.0,1007,90,22.1,0.0,2.8,2023,4,2,1,6,92,13,0.25881904510252074,0.9659258262890683,0.8660254037844387,-0.4999999999999998,-0.7818314824680299,0.6234898018587334,1,3,1,32.0,37.0,56.0,81.0,57.0,44.0,33.0,3.605551275464281,37.0,30.0,51.833333333333336,22.692877002854033,85.0,30.0,60.75,18.93109515153202,85.0,30.0,48.041666666666664,20.152633157689557,85.0,21.0,22.1,22.2,22.2,90.0,92.0,92.0,0.66,2.0,2.0,1007.0,1009.0,1006.0,1989.0000000000002,251.99999999999997,61.88,0.0,0.7999786672355405,3.5390534988369824,0.32607986782896026,19.89,20.700000000000003,0.02194635357859625,488.4100000000001,8100,7.839999999999999,1014049,359.3,59.88333333333333,-2.0,-26.0,0.0
50,143.8,37.0,20.0,15.0,63.0,100,0.0,1007,88,22.1,0.0,2.4,2023,4,2,2,6,92,13,0.49999999999999994,0.8660254037844387,0.8660254037844387,-0.4999999999999998,-0.7818314824680299,0.6234898018587334,1,3,1,30.0,32.0,37.0,85.0,56.0,35.0,24.666666666666668,11.015141094572309,32.0,12.0,39.666666666666664,20.848661028149046,71.0,12.0,57.083333333333336,23.616089790007397,85.0,12.0,47.083333333333336,21.313226484706828,85.0,12.0,22.1,22.2,22.2,90.0,91.0,92.0,2.8,1.33,2.0,1007.0,1008.0,1007.0,1944.8000000000002,211.2,53.04,0.0,0.7999466702219852,3.8863814491500235,0.5405259317315748,19.448,20.900000000000002,0.02194635357859625,488.4100000000001,7744,5.76,1014049,290.8,48.46666666666667,-18.0,-25.0,0.0
67,124.7,28.0,25.0,25.0,58.0,100,0.0,1006,86,22.1,0.0,2.4,2023,4,2,3,6,92,13,0.7071067811865476,0.7071067811865476,0.8660254037844387,-0.4999999999999998,-0.7818314824680299,0.6234898018587334,1,3,1,12.0,30.0,32.0,71.0,71.0,29.0,20.666666666666668,9.018499505645922,30.0,12.0,31.166666666666668,15.131644546005575,56.0,12.0,52.833333333333336,25.405201090017687,85.0,12.0,46.708333333333336,21.72051558093067,85.0,12.0,22.1,22.1,22.2,88.0,90.0,92.0,2.4,0.66,2.0,1007.0,1007.0,1008.0,1900.6000000000001,206.4,53.04,0.0,0.7999680012799487,4.453412378129353,0.8928252562408485,19.006,20.900000000000002,0.021968169017724637,488.4100000000001,7396,5.76,1012036,280.7,46.78333333333333,8.0,-12.0,0.0
67,105.6,19.0,30.0,25.0,53.0,100,0.0,1006,84,22.1,0.0,2.4,2023,4,2,4,6,92,13,0.8660254037844386,0.5000000000000001,0.8660254037844387,-0.4999999999999998,-0.7818314824680299,0.6234898018587334,1,3,1,20.0,12.0,30.0,56.0,74.0,29.0,17.333333333333332,4.618802153517274,20.0,12.0,25.166666666666668,9.347013783378086,37.0,12.0,48.333333333333336,26.088427714334433,85.0,12.0,46.333333333333336,22.113672077554778,85.0,12.0,22.1,22.1,22.2,86.0,90.0,92.0,2.4,2.8,2.0,1006.0,1007.0,1009.0,1856.4,201.6,53.04,0.0,0.7999680012799487,5.557602231461502,1.578864270301563,18.564,20.900000000000002,0.021968169017724637,488.4100000000001,7056,5.76,1012036,252.6,42.1,0.0,-10.0,0.0
74,123.1,22.3,25.0,28.8,50.0,100,0.0,1007,86,22.2,0.0,0.33,2023,4,2,5,6,92,13,0.9659258262890683,0.25881904510252074,0.8660254037844387,-0.4999999999999998,-0.7818314824680299,0.6234898018587334,1,3,1,20.0,20.0,12.0,37.0,74.0,23.0,21.0,1.732050807569562,23.0,20.0,22.833333333333332,7.332575718440268,32.0,12.0,44.083333333333336,25.677929445460588,85.0,12.0,46.333333333333336,22.113672077554778,85.0,12.0,22.1,22.1,22.2,84.0,88.0,91.0,2.4,2.4,1.33,1006.0,1007.0,1008.0,1909.2,28.380000000000003,7.3260000000000005,0.0,0.7985833825214401,5.519931841621451,1.1210259629613022,19.092,22.035,0.022045658345920212,492.84,7396,0.10890000000000001,1014049,272.20000000000005,45.366666666666674,3.0,11.0,0.09999999999999787
61,140.6,25.7,20.0,21.3,47.0,100,0.0,1007,89,22.4,0.6,0.66,2023,4,2,6,6,92,13,1.0,6.123233995736766e-17,0.8660254037844387,-0.4999999999999998,-0.7818314824680299,0.6234898018587334,1,0,1,23.0,20.0,20.0,32.0,62.0,32.0,20.0,3.0000000000004,23.0,17.0,20.333333333333332,6.022181221672067,30.0,12.0,40.333333333333336,26.10584515994726,85.0,12.0,45.708333333333336,22.739506259537364,85.0,12.0,22.2,22.1,22.1,86.0,86.0,90.0,0.33,2.4,0.66,1007.0,1006.0,1007.0,1993.6,58.74,14.783999999999999,0.0,0.7980845969672785,5.47060425664371,0.778179837360414,19.936,22.07,0.02224426788056814,501.75999999999993,7921,0.43560000000000004,1014049,271.6,45.26666666666667,-6.0,-3.0,0.1999999999999993
87,158.2,29.0,15.0,36.3,44.0,100,0.0,1007,91,22.5,0.7,1.0,2023,4,2,7,6,92,13,0.9659258262890683,-0.25881904510252063,0.8660254037844387,-0.4999999999999998,-0.7818314824680299,0.6234898018587334,1,0,1,17.0,23.0,20.0,30.0,81.0,32.0,23.0,6.000000000000193,29.0,17.0,20.166666666666668,5.706721183539605,29.0,12.0,36.0,22.85527589777961,85.0,12.0,45.583333333333336,22.82621808105891,85.0,12.0,22.4,22.1,22.1,89.0,84.0,90.0,0.66,2.4,2.8,1007.0,1006.0,1007.0,2047.5,91.0,22.5,0.0,0.798876064020275,5.4549843108858305,0.5172235440157236,20.475,22.0,0.022343572647892107,506.25,8281,1.0,1014049,311.5,51.916666666666664,12.0,9.0,0.10000000000000142
102,165.7,31.3,17.0,45.0,48.0,100,0.0,1008,91,22.9,1.1,1.0,2023,4,2,8,6,92,13,0.8660254037844387,-0.4999999999999998,0.8660254037844387,-0.4999999999999998,-0.7818314824680299,0.6234898018587334,1,0,1,29.0,17.0,23.0,12.0,85.0,21.0,27.333333333333332,9.609023536933163,36.0,17.0,24.166666666666668,7.0828431202914475,36.0,17.0,31.916666666666668,16.908622508989403,71.0,12.0,46.208333333333336,22.32366489832609,85.0,12.0,22.5,22.2,22.1,91.0,86.0,88.0,1.0,0.33,2.4,1007.0,1007.0,1007.0,2083.9,91.0,22.9,0.0,0.7999822226172753,5.293760582728986,0.5431136385418995,20.839000000000002,22.4,0.02271823143032596,524.41,8281,1.0,1016064,343.0,57.166666666666664,7.0,13.0,0.3999999999999986
98,173.3,33.7,19.0,42.5,52.0,100,0.0,1008,91,23.2,1.8,1.0,2023,4,2,9,6,92,13,0.7071067811865476,-0.7071067811865475,0.8660254037844387,-0.4999999999999998,-0.7818314824680299,0.6234898018587334,1,0,1,36.0,29.0,17.0,20.0,71.0,31.0,33.0,3.6055512754642716,36.0,29.0,26.5,7.713624310270326,36.0,17.0,28.833333333333332,11.707288587055213,56.0,12.0,46.333333333333336,22.243057865060024,85.0,12.0,22.9,22.4,22.1,91.0,89.0,86.0,1.0,0.66,2.4,1008.0,1007.0,1006.0,2111.2,91.0,23.2,0.0,0.7999811769134845,5.142280644491262,0.5637814901634967,21.112,22.7,0.02301585018268831,538.24,8281,1.0,1016064,354.5,59.083333333333336,-2.0,17.0,0.3000000000000007
100,180.9,36.0,21.0,43.8,56.0,100,0.5,1009,91,23.6,2.6,1.0,2023,4,2,10,6,92,13,0.49999999999999994,-0.8660254037844387,0.8660254037844387,-0.4999999999999998,-0.7818314824680299,0.6234898018587334,1,0,1,34.0,36.0,29.0,20.0,56.0,38.0,35.0,1.000000000000992,36.0,34.0,29.0,7.615773105863483,36.0,17.0,27.083333333333332,8.37157890324878,37.0,12.0,46.208333333333336,22.30028107966101,85.0,12.0,23.2,22.5,22.1,91.0,91.0,84.0,1.0,1.0,2.4,1008.0,1007.0,1006.0,2147.6,91.0,23.6,50.0,0.7990685144174792,5.024860420543874,0.5833171300797201,21.476,23.1,0.0233894713682147,556.96,8281,1.0,1018081,372.7,62.11666666666667,1.0,6.0,0.40000000000000213
95,174.3,33.3,33.7,41.3,59.0,95,0.0,1008,87,24.6,3.3,1.33,2023,4,2,11,6,92,13,0.258819045102521,-0.9659258262890682,0.8660254037844387,-0.4999999999999998,-0.7818314824680299,0.6234898018587334,1,0,1,35.0,34.0,36.0,23.0,37.0,38.0,34.0,1.0000000000010045,35.0,33.0,30.666666666666668,7.118052168020426,36.0,17.0,26.75,8.012773892637435,36.0,12.0,46.0,22.403415888615367,85.0,12.0,23.6,22.9,22.2,91.0,91.0,86.0,1.0,1.0,0.33,1009.0,1008.0,1007.0,2140.2000000000003,115.71000000000001,32.718,0.0,0.7990121304568898,5.234077054743102,1.0119816221735085,21.402,23.935000000000002,0.024404737693712607,605.1600000000001,7569,1.7689000000000001,1016064,374.6,62.43333333333334,-2.0,-3.0,1.0
85,167.7,30.7,46.3,35.0,62.0,91,0.0,1006,84,25.6,3.5,1.66,2023,4,2,12,6,92,13,1.2246467991473532e-16,-1.0,0.8660254037844387,-0.4999999999999998,-0.7818314824680299,0.6234898018587334,1,1,1,33.0,35.0,34.0,17.0,32.0,59.0,32.0,3.6055512754642747,35.0,28.0,32.5,3.2710854467582657,36.0,28.0,26.416666666666668,7.85618845049452,36.0,12.0,44.708333333333336,22.514689246890807,85.0,12.0,24.6,23.2,22.4,87.0,91.0,89.0,1.33,1.0,0.66,1008.0,1008.0,1007.0,2150.4,139.44,42.496,0.0,0.7999771435101855,5.462362789485684,1.5080941988860297,21.504,24.770000000000003,0.02544729080786202,655.3600000000001,7056,2.7556,1012036,369.7,61.61666666666667,-5.0,-6.0,1.0
156,161.1,28.0,59.0,75.0,65.0,87,0.0,1005,80,26.6,3.3,2.0,2023,4,2,13,6,92,13,-0.2588190451025208,-0.9659258262890683,0.8660254037844387,-0.4999999999999998,-0.7818314824680299,0.6234898018587334,1,1,1,28.0,33.0,35.0,29.0,30.0,57.0,40.333333333333336,17.214335111567195,60.0,28.0,37.666666666666664,11.290113669341894,60.0,28.0,28.916666666666668,12.500606045913884,60.0,12.0,44.833333333333336,22.594086695929775,85.0,12.0,25.6,23.6,22.5,84.0,91.0,91.0,1.66,1.0,1.0,1006.0,1009.0,1007.0,2128.0,160.0,53.2,0.0,0.7999893334755536,5.753365951216027,2.1070676047284023,21.28,25.6,0.026467635355586713,707.5600000000001,6400,4.0,1010025,448.1,74.68333333333334,32.0,25.0,1.0
98,163.4,27.3,74.3,42.5,65.0,91,0.0,1004,82,26.5,3.2,2.0,2023,4,2,14,6,92,13,-0.4999999999999997,-0.8660254037844388,0.8660254037844387,-0.4999999999999998,-0.7818314824680299,0.6234898018587334,1,1,1,60.0,28.0,33.0,36.0,12.0,56.0,40.666666666666664,17.00980109623082,60.0,28.0,37.333333333333336,11.378341999898785,60.0,28.0,30.75,11.354814757705467,60.0,17.0,43.916666666666664,22.56761177992208,85.0,12.0,26.6,24.6,22.9,80.0,87.0,91.0,2.0,1.33,1.0,1005.0,1008.0,1008.0,2173.0,164.0,53.0,0.0,0.7999811769134845,5.985128749862642,2.721512032526281,21.73,25.5,0.026394396021517906,702.25,6724,4.0,1008016,406.5,67.75,-26.0,1.0,-0.10000000000000142
129,165.7,26.7,89.7,57.5,65.0,95,0.0,1003,84,26.3,2.8,2.0,2023,4,2,15,6,92,13,-0.7071067811865471,-0.7071067811865479,0.8660254037844387,-0.4999999999999998,-0.7818314824680299,0.6234898018587334,1,1,1,34.0,60.0,28.0,34.0,20.0,71.0,46.666666666666664,13.012814197295487,60.0,34.0,39.333333333333336,11.72461797529714,60.0,28.0,32.916666666666664,11.595126980631042,60.0,17.0,42.875,21.828008533115007,85.0,12.0,26.5,25.6,23.2,82.0,84.0,91.0,2.0,1.66,1.0,1004.0,1006.0,1008.0,2209.2000000000003,168.0,52.6,0.0,0.7999860871984835,6.205760083891988,3.3594247406464177,22.092000000000002,25.3,0.026221309849142723,691.69,7056,4.0,1006009,450.59999999999997,75.1,12.0,18.0,-0.1999999999999993
131,168.1,26.0,105.0,58.8,65.0,100,0.0,1002,86,26.2,1.7,2.0,2023,4,2,16,6,92,13,-0.8660254037844385,-0.5000000000000004,0.8660254037844387,-0.4999999999999998,-0.7818314824680299,0.6234898018587334,1,1,1,46.0,34.0,60.0,35.0,20.0,74.0,42.333333333333336,7.2341781380703605,47.0,34.0,41.333333333333336,11.860297916437887,60.0,28.0,35.166666666666664,11.479890190584038,60.0,17.0,41.75,20.826926551107334,85.0,12.0,26.3,26.6,23.6,84.0,80.0,91.0,2.0,2.0,1.0,1003.0,1005.0,1009.0,2253.2,172.0,52.4,0.0,0.7993061342494175,6.465135956309372,4.038306218991577,22.531999999999996,25.2,0.026147678495330843,686.4399999999999,7396,4.0,1004004,469.90000000000003,78.31666666666668,1.0,-13.0,-0.10000000000000142
100,188.9,41.3,79.7,43.8,63.7,100,0.0,1003,87,26.0,1.8,2.0,2023,4,2,17,6,92,13,-0.9659258262890683,-0.25881904510252063,0.8660254037844387,-0.4999999999999998,-0.7818314824680299,0.6234898018587334,1,1,1,47.0,46.0,34.0,33.0,23.0,74.0,42.666666666666664,6.658328118479529,47.0,35.0,41.666666666666664,11.60459679035256,60.0,28.0,36.166666666666664,10.827854092220369,60.0,17.0,40.125,19.691782660486282,85.0,12.0,26.2,26.5,24.6,86.0,82.0,87.0,2.0,2.0,1.33,1002.0,1004.0,1008.0,2262.0,174.0,52.0,0.0,0.7990685144174792,4.573739134645651,1.9297353574973974,22.62,25.0,0.025922207455426265,676.0,7569,4.0,1006009,452.4,75.39999999999999,-12.0,1.0,-0.1999999999999993
126,209.7,56.7,54.3,56.3,62.3,100,0.0,1003,89,25.7,1.9,2.0,2023,4,2,18,6,92,13,-1.0,-1.8369701987210297e-16,0.8660254037844387,-0.4999999999999998,-0.7818314824680299,0.6234898018587334,1,2,1,35.0,47.0,46.0,28.0,17.0,62.0,42.333333333333336,6.429100507328779,47.0,35.0,44.5,9.481561052906553,60.0,34.0,38.5,9.219544457292333,60.0,28.0,39.416666666666664,19.169533497003933,85.0,12.0,26.0,26.3,25.6,87.0,84.0,84.0,2.0,2.0,1.66,1003.0,1003.0,1006.0,2287.2999999999997,178.0,51.4,0.0,0.7992753237065062,3.6983474718258935,0.9576550678118552,22.872999999999998,24.7,0.025623105061709808,660.49,7921,4.0,1006009,484.3,80.71666666666667,10.0,-1.0,-0.3000000000000007
134,230.5,72.0,29.0,60.0,61.0,100,0.0,1003,90,25.5,0.0,2.0,2023,4,2,19,6,92,13,-0.9659258262890684,0.2588190451025203,0.8660254037844387,-0.4999999999999998,-0.7818314824680299,0.6234898018587334,1,2,1,45.0,35.0,47.0,60.0,29.0,81.0,42.666666666666664,6.806859285554179,48.0,35.0,42.5,6.284902544987812,48.0,34.0,40.083333333333336,9.07001386521221,60.0,28.0,38.041666666666664,17.132423282660103,85.0,12.0,25.7,26.2,26.6,89.0,86.0,80.0,2.0,2.0,2.0,1003.0,1002.0,1005.0,2295.0,180.0,51.0,0.0,0.7999866668888852,3.201344425771864,0.40277218371967055,22.95,24.5,0.02542370346589884,650.25,8100,4.0,1006009,500.5,83.41666666666667,3.0,1.0,-0.1999999999999993
98,217.1,65.3,26.3,42.5,64.7,100,0.0,1004,90,25.2,0.0,2.0,2023,4,2,20,6,92,13,-0.8660254037844386,0.5000000000000001,0.8660254037844387,-0.4999999999999998,-0.7818314824680299,0.6234898018587334,1,2,1,48.0,45.0,35.0,34.0,36.0,85.0,42.333333333333336,7.371114795832116,48.0,34.0,42.5,6.284902544987812,48.0,34.0,39.916666666666664,9.16969646898541,60.0,28.0,35.916666666666664,13.915636080906753,71.0,12.0,25.5,26.0,26.5,90.0,87.0,82.0,2.0,2.0,2.0,1003.0,1003.0,1004.0,2268.0,180.0,50.4,0.0,0.7999811769134845,3.324604523667325,0.402750340729851,22.68,24.2,0.025099576594047216,635.04,8100,4.0,1008016,449.9,74.98333333333333,-14.0,-1.0,-0.3000000000000007
82,203.7,58.7,23.7,33.8,68.3,100,0.0,1005,91,25.0,0.0,2.0,2023,4,2,21,6,92,13,-0.7071067811865477,0.7071067811865474,0.8660254037844387,-0.4999999999999998,-0.7818314824680299,0.6234898018587334,1,2,1,34.0,48.0,45.0,46.0,34.0,71.0,36.333333333333336,10.69267662156372,48.0,27.0,39.333333333333336,8.547904226572777,48.0,27.0,39.333333333333336,9.782482798193907,60.0,27.0,34.083333333333336,11.835527455290254,60.0,12.0,25.2,25.7,26.3,90.0,89.0,84.0,2.0,2.0,2.0,1004.0,1003.0,1003.0,2275.0,182.0,50.0,0.0,0.7987929351202628,3.47012827720141,0.4037409924873511,22.75,24.0,0.024875597138709314,625.0,8281,4.0,1010025,415.2,69.2,-7.0,-18.0,-0.1999999999999993
78,190.3,52.0,21.0,31.3,72.0,100,0.0,1005,91,24.7,0.0,2.0,2023,4,2,22,6,92,13,-0.5000000000000004,0.8660254037844384,0.8660254037844387,-0.4999999999999998,-0.7818314824680299,0.6234898018587334,1,3,1,27.0,34.0,48.0,47.0,35.0,56.0,28.666666666666668,4.725815626252841,34.0,25.0,35.666666666666664,9.287985070329329,48.0,25.0,38.5,10.578709321513692,60.0,25.0,32.791666666666664,11.001893776376342,60.0,12.0,25.0,25.5,26.2,91.0,90.0,86.0,2.0,2.0,2.0,1005.0,1003.0,1002.0,2247.7,182.0,49.4,0.0,0.7986965272674994,3.659545008749832,0.40383838772331304,22.476999999999997,23.7,0.024577089973044804,610.0899999999999,8281,4.0,1010025,391.6,65.26666666666667,-2.0,-23.0,-0.3000000000000007
78,171.2,44.3,26.0,31.3,73.0,100,0.0,1005,91,24.6,0.0,2.0,2023,4,2,23,6,92,13,-0.25881904510252157,0.9659258262890681,0.8660254037844387,-0.4999999999999998,-0.7818314824680299,0.6234898018587334,1,3,1,25.0,27.0,34.0,35.0,33.0,37.0,25.666666666666668,1.154700538380237,27.0,25.0,34.0,10.276186062931798,48.0,25.0,37.833333333333336,11.191176177793547,60.0,25.0,32.291666666666664,11.074762404622609,60.0,12.0,24.7,25.2,26.0,91.0,90.0,87.0,2.0,2.0,2.0,1005.0,1004.0,1003.0,2238.6,182.0,49.2,0.0,0.7986965272674994,3.8644725852689557,0.5868942010338368,22.386,23.6,0.02447758758448997,605.1600000000001,8281,4.0,1010025,370.8,61.800000000000004,0.0,-9.0,-0.09999999999999787
76,152.1,36.7,31.0,30.0,74.0,100,0.0,1005,90,24.6,0.0,2.0,2023,4,3,0,0,93,14,0.0,1.0,0.8660254037844387,-0.4999999999999998,0.0,1.0,1,3,0,25.0,25.0,27.0,45.0,28.0,32.0,24.666666666666668,0.5773502691916195,25.0,24.0,30.5,9.311283477587473,48.0,24.0,37.5,11.564050878790797,60.0,24.0,31.958333333333332,11.203567625369772,60.0,12.0,24.6,25.0,25.7,91.0,91.0,89.0,2.0,2.0,2.0,1005.0,1005.0,1003.0,2214.0,180.0,49.2,0.0,0.7999733342221925,4.144301245197679,0.8446636331435111,22.14,23.6,0.02447758758448997,605.1600000000001,8100,4.0,1010025,347.8,57.96666666666667,-1.0,-3.0,0.0
82,133.1,29.0,36.0,33.8,75.0,100,0.0,1004,90,24.5,0.0,2.0,2023,4,3,1,0,93,14,0.25881904510252074,0.9659258262890683,0.8660254037844387,-0.4999999999999998,0.0,1.0,1,3,0,24.0,25.0,25.0,48.0,60.0,30.0,25.333333333333332,1.527525231652694,27.0,24.0,27.0,3.633180424916061,34.0,24.0,34.75,9.459242714258972,48.0,24.0,31.833333333333332,11.243033269605272,60.0,12.0,24.6,24.7,25.5,90.0,91.0,90.0,2.0,2.0,2.0,1005.0,1005.0,1003.0,2205.0,180.0,49.0,0.0,0.7987929351202628,4.58949691389952,1.2413365056377366,22.05,23.5,0.024402366133101462,600.25,8100,4.0,1008016,333.9,55.65,3.0,2.0,-0.10000000000000142
67,125.9,23.3,41.3,25.0,69.3,100,0.0,1004,91,24.3,0.0,1.66,2023,4,3,2,0,93,14,0.49999999999999994,0.8660254037844387,0.8660254037844387,-0.4999999999999998,0.0,1.0,1,3,0,27.0,24.0,25.0,34.0,34.0,12.0,23.666666666666668,3.5118845842845774,27.0,20.0,24.666666666666668,2.5819888974702727,27.0,20.0,33.583333333333336,10.37880999776397,48.0,20.0,32.166666666666664,10.736636452765007,60.0,17.0,24.5,24.6,25.2,90.0,91.0,90.0,2.0,2.0,2.0,1004.0,1005.0,1004.0,2211.3,151.06,40.338,0.0,0.7999680012799487,5.403201579331359,1.772456117763186,22.113000000000003,23.470000000000002,0.02420316314425982,590.49,8281,2.7556,1008016,304.8,50.800000000000004,-7.0,-5.0,-0.1999999999999993
69,118.7,17.7,46.7,26.3,63.7,100,0.0,1004,92,24.2,0.0,1.33,2023,4,3,3,0,93,14,0.7071067811865476,0.7071067811865476,0.8660254037844387,-0.4999999999999998,0.0,1.0,1,3,0,20.0,27.0,24.0,27.0,46.0,20.0,22.666666666666668,3.7859388972004933,27.0,20.0,23.666666666666668,2.658320271648939,27.0,20.0,31.5,10.16679085865467,48.0,20.0,32.208333333333336,10.689202868830597,60.0,17.0,24.3,24.6,25.0,91.0,90.0,91.0,1.66,2.0,2.0,1004.0,1005.0,1005.0,2226.4,122.36000000000001,32.186,0.0,0.79844872818524,6.7058358284842665,2.638269024348907,22.264,23.535,0.024103561649838994,585.64,8464,1.7689000000000001,1008016,294.1,49.01666666666667,1.0,-3.0,-0.10000000000000142
72,111.5,12.0,52.0,27.5,58.0,100,0.0,1003,93,24.0,0.0,1.0,2023,4,3,4,0,93,14,0.8660254037844386,0.5000000000000001,0.8660254037844387,-0.4999999999999998,0.0,1.0,1,3,0,21.0,20.0,27.0,25.0,47.0,20.0,21.0,1.0000000000011977,22.0,20.0,23.166666666666668,2.6394443859758927,27.0,20.0,29.416666666666668,9.219133594997498,48.0,20.0,32.291666666666664,10.597289098249883,60.0,17.0,24.2,24.5,24.7,92.0,90.0,91.0,1.33,2.0,2.0,1004.0,1004.0,1005.0,2232.0,93.0,24.0,0.0,0.7999709101487218,9.290892425631197,4.332972252312308,22.32,23.5,0.023928191497316554,576.0,8649,1.0,1006009,283.0,47.166666666666664,1.0,-5.0,-0.1999999999999993
76,136.6,16.3,48.7,30.0,53.0,100,0.0,1004,92,24.1,0.0,1.0,2023,4,3,5,0,93,14,0.9659258262890683,0.25881904510252074,0.8660254037844387,-0.4999999999999998,0.0,1.0,1,3,0,22.0,21.0,20.0,25.0,35.0,23.0,22.333333333333332,1.527525231652718,24.0,21.0,23.0,2.5298221281333158,27.0,20.0,28.5,9.160190549823618,48.0,20.0,32.333333333333336,10.561071531054969,60.0,17.0,24.0,24.3,24.6,93.0,91.0,91.0,1.0,1.66,2.0,1003.0,1004.0,1005.0,2217.2000000000003,92.0,24.1,0.0,0.7999733342221925,8.379853996687318,2.9875467762713943,22.172000000000004,23.6,0.024003960155418173,580.8100000000001,8464,1.0,1008016,308.6,51.43333333333334,2.0,4.0,0.10000000000000142
74,161.7,20.7,45.3,28.8,48.0,100,0.0,1005,91,24.2,0.6,1.0,2023,4,3,6,0,93,14,1.0,6.123233995736766e-17,0.8660254037844387,-0.4999999999999998,0.0,1.0,1,0,0,24.0,22.0,21.0,24.0,45.0,17.0,23.0,1.0000000000011686,24.0,22.0,22.833333333333332,2.483277404290474,27.0,20.0,26.666666666666668,7.631672440717745,48.0,20.0,32.583333333333336,10.24871854838739,60.0,20.0,24.1,24.2,24.6,92.0,92.0,90.0,1.0,1.33,2.0,1004.0,1004.0,1005.0,2202.2,91.0,24.2,0.0,0.7985833825214401,7.811216849427563,2.1883000821216365,22.022,23.7,0.024079578030270617,585.64,8281,1.0,1010025,327.5,54.583333333333336,-1.0,2.0,0.09999999999999787
74,186.8,25.0,42.0,28.8,43.0,100,0.0,1005,91,24.3,0.7,1.0,2023,4,3,7,0,93,14,0.9659258262890683,-0.25881904510252063,0.8660254037844387,-0.4999999999999998,0.0,1.0,1,0,0,23.0,24.0,22.0,27.0,48.0,29.0,23.333333333333332,0.5773502691916411,24.0,23.0,22.166666666666668,1.4719601443855714,24.0,20.0,24.583333333333332,3.654594451652131,34.0,20.0,32.333333333333336,10.411810462232351,60.0,20.0,24.2,24.0,24.5,91.0,93.0,90.0,1.0,1.0,2.0,1005.0,1003.0,1004.0,2211.3,91.0,24.3,0.0,0.7985833825214401,7.471701131954722,1.6799328026878924,22.113000000000003,23.8,0.024179080418825456,590.49,8281,1.0,1010025,348.6,58.1,0.0,1.0,0.10000000000000142
78,184.8,23.3,59.3,31.3,49.3,100,0.0,1006,88,25.0,1.1,1.33,2023,4,3,8,0,93,14,0.8660254037844387,-0.4999999999999998,0.8660254037844387,-0.4999999999999998,0.0,1.0,1,0,0,23.0,23.0,24.0,20.0,34.0,36.0,23.666666666666668,1.1547005383802555,25.0,23.0,23.0,1.4142135623706138,25.0,21.0,23.833333333333332,2.1672493388983716,27.0,20.0,31.875,10.485238070320868,60.0,20.0,24.3,24.1,24.3,91.0,92.0,91.0,1.0,1.0,1.66,1005.0,1004.0,1004.0,2200.0,117.04,33.25,0.0,0.7986965272674994,7.930990086262392,2.544955152139393,22.0,24.335,0.024850869929552755,625.0,7744,1.7689000000000001,1012036,373.00000000000006,62.16666666666668,2.0,1.0,0.6999999999999993
87,182.9,21.7,76.7,36.3,55.7,100,0.0,1006,86,25.8,1.9,1.66,2023,4,3,9,0,93,14,0.7071067811865476,-0.7071067811865475,0.8660254037844387,-0.4999999999999998,0.0,1.0,1,0,0,25.0,23.0,23.0,21.0,27.0,34.0,25.666666666666668,3.0550504633042643,29.0,23.0,24.333333333333332,2.5033311140677608,29.0,22.0,24.0,2.4863262420293837,29.0,20.0,31.666666666666668,10.490851777357951,60.0,20.0,25.0,24.2,24.2,88.0,91.0,92.0,1.33,1.0,1.33,1006.0,1005.0,1004.0,2218.8,142.76,42.827999999999996,0.0,0.798876064020275,8.428183033039952,3.534399336436109,22.188000000000002,24.970000000000002,0.025646097767298443,665.64,7396,2.7556,1012036,402.3,67.05,4.0,6.0,0.8000000000000007
100,180.9,20.0,94.0,43.8,62.0,100,0.0,1006,83,26.5,3.9,2.0,2023,4,3,10,0,93,14,0.49999999999999994,-0.8660254037844387,0.8660254037844387,-0.4999999999999998,0.0,1.0,1,0,0,29.0,25.0,23.0,22.0,25.0,35.0,29.666666666666668,5.033222956847381,35.0,25.0,26.5,4.722287581246318,35.0,23.0,24.833333333333332,4.041451884325648,35.0,20.0,31.666666666666668,10.490851777357951,60.0,20.0,25.8,24.3,24.0,86.0,91.0,93.0,1.66,1.0,1.0,1006.0,1005.0,1003.0,2199.5,166.0,53.0,0.0,0.7990685144174792,9.044547772611368,4.699765011749412,21.995,25.5,0.02634192212532592,702.25,6889,4.0,1012036,435.7,72.61666666666666,6.0,12.0,0.6999999999999993
102,177.6,15.7,127.3,45.0,57.3,91,0.0,1005,78,27.4,5.0,2.33,2023,4,3,11,0,93,14,0.258819045102521,-0.9659258262890682,0.8660254037844387,-0.4999999999999998,0.0,1.0,1,0,0,35.0,29.0,25.0,24.0,25.0,33.0,33.333333333333336,3.785938897200454,36.0,29.0,28.5,5.856620185737959,36.0,23.0,25.75,5.17204021639297,36.0,20.0,31.791666666666668,10.525245702664192,60.0,20.0,26.5,25.0,24.1,83.0,88.0,92.0,2.0,1.33,1.0,1006.0,1006.0,1004.0,2137.2,181.74,63.842,0.0,0.7999822226172753,11.31138144067257,8.1077638366983,21.372,26.235,0.027263654464025407,750.7599999999999,6084,5.4289000000000005,1010025,458.9,76.48333333333333,1.0,11.0,0.8999999999999986
123,174.3,11.3,160.7,55.0,52.7,83,0.0,1004,73,28.4,8.6,2.66,2023,4,3,12,0,93,14,1.2246467991473532e-16,-1.0,0.8660254037844387,-0.4999999999999998,0.0,1.0,1,1,0,36.0,35.0,29.0,23.0,24.0,28.0,38.333333333333336,4.9328828623164425,44.0,35.0,32.0,7.848566748139021,44.0,23.0,27.416666666666668,7.329372208428471,44.0,20.0,32.458333333333336,10.778316262259015,60.0,20.0,27.4,25.8,24.2,78.0,86.0,91.0,2.33,1.66,1.0,1005.0,1006.0,1005.0,2073.2,194.18,75.544,0.0,0.7999854548099126,15.423413857180782,14.219980532696221,20.732,27.07,0.02828682441551353,806.56,5329,7.0756000000000006,1008016,498.0,83.0,8.0,15.0,1.0
129,171.0,7.0,194.0,57.5,48.0,75,0.0,1003,68,29.3,10.1,3.0,2023,4,3,13,0,93,14,-0.2588190451025208,-0.9659258262890683,0.8660254037844387,-0.4999999999999998,0.0,1.0,1,1,0,44.0,36.0,35.0,23.0,27.0,60.0,42.0,5.291502622129354,46.0,36.0,35.833333333333336,8.183316361149704,46.0,25.0,29.0,9.07544138671081,46.0,20.0,31.875,9.529416698240107,48.0,20.0,28.4,26.5,24.3,73.0,83.0,91.0,2.66,2.0,1.0,1004.0,1006.0,1005.0,1992.4,204.0,87.9,0.0,0.7999860871984835,24.425082131124125,27.710327096129124,19.924,27.8,0.029212333786307294,858.49,4624,9.0,1006009,523.5,87.25,2.0,11.0,0.9000000000000021
115,171.6,9.7,188.7,51.3,49.7,75,0.0,1003,67,29.4,7.7,3.0,2023,4,3,14,0,93,14,-0.4999999999999997,-0.8660254037844388,0.8660254037844387,-0.4999999999999998,0.0,1.0,1,1,0,46.0,44.0,36.0,25.0,20.0,34.0,43.666666666666664,2.5166114784239397,46.0,41.0,38.5,6.348228099241072,46.0,29.0,30.75,9.205976319760307,46.0,21.0,32.166666666666664,9.70283090320725,48.0,20.0,29.3,27.4,25.0,68.0,78.0,88.0,3.0,2.33,1.33,1003.0,1005.0,1006.0,1969.8,201.0,88.19999999999999,0.0,0.7992046938656168,17.688898051747245,19.451602927533244,19.698,27.9,0.029312034584212776,864.3599999999999,4489,9.0,1006009,512.0,85.33333333333333,-5.0,5.0,0.09999999999999787
107,172.2,12.3,183.3,46.3,51.3,75,0.0,1002,66,29.5,4.1,3.0,2023,4,3,15,0,93,14,-0.7071067811865471,-0.7071067811865479,0.8660254037844387,-0.4999999999999998,0.0,1.0,1,1,0,41.0,46.0,44.0,29.0,21.0,46.0,41.333333333333336,4.5092497528231,46.0,37.0,39.833333333333336,4.5350486950705,46.0,35.0,32.083333333333336,8.81587754960814,46.0,22.0,31.791666666666668,9.310952721376683,48.0,20.0,29.4,28.4,25.8,67.0,73.0,86.0,3.0,2.66,1.66,1003.0,1004.0,1006.0,1947.0,198.0,88.5,0.0,0.799118809528952,13.998861881147873,14.901227542476223,19.47,28.0,0.029441088382147325,870.25,4356,9.0,1004004,502.40000000000003,83.73333333333333,-4.0,-7.0,0.10000000000000142
105,172.7,15.0,178.0,40.0,53.0,75,1.5,1001,65,29.6,2.4,3.0,2023,4,3,16,0,93,14,-0.8660254037844385,-0.5000000000000004,0.8660254037844387,-0.4999999999999998,0.0,1.0,1,1,0,37.0,41.0,46.0,35.0,22.0,47.0,36.666666666666664,4.509249752823116,41.0,32.0,39.333333333333336,5.278888771953868,46.0,32.0,32.916666666666664,8.229197832698219,46.0,23.0,31.166666666666668,8.731087220843273,48.0,20.0,29.5,29.3,26.5,66.0,68.0,83.0,3.0,3.0,2.0,1002.0,1003.0,1006.0,1924.0,195.0,88.80000000000001,112.5,0.7999800004999875,11.512565828944737,11.86587560829278,19.24,28.1,0.029570400029570402,876.1600000000001,4225,9.0,1002001,490.7,81.78333333333333,-5.0,-14.0,0.10000000000000142
95,230.7,44.0,130.7,41.3,64.3,58,0.0,1002,71,28.5,2.2,2.66,2023,4,3,17,0,93,14,-0.9659258262890683,-0.25881904510252063,0.8660254037844387,-0.4999999999999998,0.0,1.0,1,1,0,32.0,37.0,41.0,36.0,24.0,35.0,34.0,2.6457513110649837,37.0,32.0,38.833333333333336,5.776388721914462,46.0,32.0,33.666666666666664,7.73813852801668,46.0,23.0,31.083333333333332,8.702406796856414,48.0,20.0,29.6,29.4,27.4,65.0,67.0,78.0,3.0,3.0,2.33,1001.0,1003.0,1005.0,2023.5,188.86,75.81,0.0,0.7990121304568898,5.243062657666871,2.970387036658258,20.235,27.17,0.02844308538614233,812.25,5041,7.0756000000000006,1004004,544.0,90.66666666666667,1.0,-8.0,-1.1000000000000014
107,288.7,73.0,83.3,47.5,75.7,41,0.0,1002,76,27.5,1.9,2.33,2023,4,3,18,0,93,14,-1.0,-1.8369701987210297e-16,0.8660254037844387,-0.4999999999999998,0.0,1.0,1,2,0,33.0,32.0,37.0,44.0,23.0,45.0,34.333333333333336,3.2145502536646395,38.0,32.0,37.833333333333336,5.192943930629384,46.0,32.0,34.916666666666664,7.038315053183353,46.0,23.0,30.791666666666668,8.324814486334558,48.0,20.0,28.5,29.5,28.4,71.0,66.0,73.0,2.66,3.0,2.66,1002.0,1002.0,1004.0,2090.0,177.08,64.075,0.0,0.7999831582493001,3.954740346022657,1.1410802591745317,20.9,26.335,0.027445082390137335,756.25,5776,5.4289000000000005,1004004,606.2,101.03333333333335,5.0,1.0,-1.0
104,346.7,102.0,36.0,46.3,87.0,25,0.0,1003,83,26.4,0.0,2.0,2023,4,3,19,0,93,14,-0.9659258262890684,0.2588190451025203,0.8660254037844387,-0.4999999999999998,0.0,1.0,1,2,0,38.0,33.0,32.0,46.0,23.0,48.0,36.0,2.645751311064972,38.0,33.0,36.333333333333336,3.32665998663231,41.0,32.0,36.083333333333336,5.961365513694633,46.0,25.0,30.333333333333332,7.608157330853255,46.0,20.0,27.5,29.6,29.3,76.0,65.0,68.0,2.33,3.0,3.0,1002.0,1001.0,1003.0,2191.2,166.0,52.8,0.0,0.799118809528952,3.3989862844481915,0.352937716296899,21.912,25.4,0.02632101064704821,696.9599999999999,6889,4.0,1006009,655.0,109.16666666666667,-1.0,5.0,-1.1000000000000014
131,306.4,87.0,32.0,58.8,84.3,50,0.0,1004,84,26.1,0.0,2.0,2023,4,3,20,0,93,14,-0.8660254037844386,0.5000000000000001,0.8660254037844387,-0.4999999999999998,0.0,1.0,1,2,0,37.0,38.0,33.0,41.0,25.0,34.0,40.666666666666664,5.507570547286273,47.0,37.0,37.333333333333336,5.3166405432999255,47.0,32.0,37.916666666666664,5.61585957693639,47.0,29.0,30.875,8.310875535941728,47.0,20.0,26.4,28.5,29.4,83.0,71.0,67.0,2.0,2.66,3.0,1003.0,1002.0,1003.0,2192.4,168.0,52.2,0.0,0.7993061342494175,3.5217986000160915,0.3678118642314456,21.924,25.1,0.02599599004383462,681.21,7056,4.0,1008016,615.5,102.58333333333333,10.0,14.0,-0.29999999999999716
118,266.1,72.0,28.0,52.5,81.7,75,0.0,1004,86,25.8,0.0,2.0,2023,4,3,21,0,93,14,-0.7071067811865477,0.7071067811865474,0.8660254037844387,-0.4999999999999998,0.0,1.0,1,2,0,47.0,37.0,38.0,37.0,29.0,27.0,42.0,5.000000000000184,47.0,37.0,38.166666666666664,5.636192568273422,47.0,32.0,39.0,4.954336943067581,47.0,32.0,31.5,8.56687249513075,47.0,20.0,26.1,27.5,29.5,84.0,76.0,66.0,2.0,2.33,3.0,1004.0,1002.0,1002.0,2218.8,172.0,51.6,0.0,0.7999847621950058,3.6957820030277357,0.38888348772933706,22.188000000000002,24.8,0.025697185560572152,665.64,7396,4.0,1008016,542.3000000000001,90.38333333333334,-5.0,4.0,-0.3000000000000007
107,225.9,57.0,24.0,47.5,79.0,100,0.0,1005,88,25.5,0.0,2.0,2023,4,3,22,0,93,14,-0.5000000000000004,0.8660254037844384,0.8660254037844387,-0.4999999999999998,0.0,1.0,1,3,0,42.0,47.0,37.0,32.0,35.0,25.0,42.333333333333336,4.509249752823098,47.0,38.0,39.166666666666664,4.792355023019538,47.0,33.0,39.25,4.8076643355818955,47.0,32.0,32.041666666666664,8.548985023237433,47.0,20.0,25.8,26.4,29.6,86.0,83.0,65.0,2.0,2.0,3.0,1004.0,1003.0,1001.0,2244.0,176.0,51.0,0.0,0.7999831582493001,3.963088366870757,0.42104524482026634,22.44,24.5,0.025373109081483502,650.25,7744,4.0,1010025,471.4,78.56666666666666,-4.0,1.0,-0.3000000000000007
102,191.4,47.0,28.0,45.0,72.0,100,0.0,1005,88,25.3,0.0,2.0,2023,4,3,23,0,93,14,-0.25881904510252157,0.9659258262890681,0.8660254037844387,-0.4999999999999998,0.0,1.0,1,3,0,38.0,42.0,47.0,33.0,36.0,25.0,38.666666666666664,3.055050463304211,42.0,36.0,39.666666666666664,4.131182235953846,47.0,36.0,39.25,4.8076643355818955,47.0,32.0,32.5,8.449337509404382,47.0,20.0,25.5,26.1,28.5,88.0,84.0,71.0,2.0,2.0,2.66,1005.0,1004.0,1002.0,2226.4,176.0,50.6,0.0,0.7999822226172753,4.072253781834429,0.5957320057020064,22.264,24.3,0.025174104304373827,640.09,7744,4.0,1010025,419.4,69.89999999999999,-2.0,-11.0,-0.1999999999999993
100,157.0,37.0,32.0,43.8,65.0,100,0.0,1004,89,25.2,0.0,2.0,2023,4,4,0,1,94,14,0.0,1.0,0.8660254037844387,-0.4999999999999998,0.7818314824680298,0.6234898018587336,1,3,0,36.0,38.0,42.0,38.0,44.0,24.0,36.333333333333336,1.527525231652606,38.0,35.0,39.166666666666664,4.535048695070495,47.0,35.0,38.5,4.700096710802728,47.0,32.0,32.958333333333336,8.264534846673818,47.0,20.0,25.3,25.8,27.5,88.0,86.0,76.0,2.0,2.0,2.33,1005.0,1004.0,1002.0,2242.7999999999997,178.0,50.4,0.0,0.7990685144174792,4.243128564092863,0.8648414907705197,22.427999999999997,24.2,0.025099576594047216,635.04,7921,4.0,1008016,369.8,61.63333333333333,-1.0,-7.0,-0.10000000000000142
87,122.6,27.0,36.0,36.3,58.0,100,0.0,1004,90,25.0,0.0,2.0,2023,4,4,1,1,94,14,0.25881904510252074,0.9659258262890683,0.8660254037844387,-0.4999999999999998,0.7818314824680298,0.6234898018587336,1,3,0,35.0,36.0,38.0,37.0,46.0,27.0,33.333333333333336,3.7859388972004595,36.0,29.0,37.833333333333336,6.177917664283051,47.0,29.0,37.083333333333336,4.795041630936418,47.0,29.0,33.041666666666664,8.211758095225075,47.0,20.0,25.2,25.5,26.4,89.0,88.0,83.0,2.0,2.0,2.0,1004.0,1005.0,1003.0,2250.0,180.0,50.0,0.0,0.798876064020275,4.540572571386244,1.3332839524462057,22.5,24.0,0.024900373605205573,625.0,8100,4.0,1008016,308.9,51.48333333333333,-6.0,-9.0,-0.1999999999999993
82,117.1,22.3,39.7,33.8,54.0,100,0.0,1003,90,24.9,0.0,2.0,2023,4,4,2,1,94,14,0.49999999999999994,0.8660254037844387,0.8660254037844387,-0.4999999999999998,0.7818314824680298,0.6234898018587336,1,3,0,29.0,35.0,36.0,47.0,41.0,20.0,30.333333333333332,4.163331998932528,35.0,27.0,34.5,5.612486080160354,42.0,27.0,35.916666666666664,5.418123347253127,47.0,27.0,33.333333333333336,7.844503291098793,47.0,21.0,25.0,25.3,26.1,90.0,88.0,84.0,2.0,2.0,2.0,1004.0,1005.0,1004.0,2241.0,180.0,49.8,0.0,0.7987929351202628,5.250885610510739,1.7801892291825478,22.41,23.9,0.024825498678465924,620.0099999999999,8100,4.0,1006009,293.90000000000003,48.98333333333334,-2.0,-9.0,-0.10000000000000142
78,111.7,17.7,43.3,31.3,50.0,100,0.0,1003,90,24.9,0.0,2.0,2023,4,4,3,1,94,14,0.7071067811865476,0.7071067811865476,0.8660254037844387,-0.4999999999999998,0.7818314824680298,0.6234898018587336,1,3,0,27.0,29.0,35.0,42.0,37.0,21.0,27.0,2.0000000000005698,29.0,25.0,31.666666666666668,5.354126134735744,38.0,25.0,34.916666666666664,6.2443914229020585,47.0,25.0,33.5,7.610061989120897,47.0,22.0,24.9,25.2,25.8,90.0,89.0,86.0,2.0,2.0,2.0,1003.0,1004.0,1004.0,2241.0,180.0,49.8,0.0,0.7986965272674994,6.310377944748884,2.4461894808202924,22.41,23.9,0.024825498678465924,620.0099999999999,8100,4.0,1006009,279.0,46.5,-2.0,-10.0,0.0
78,106.2,13.0,47.0,31.3,46.0,100,0.0,1003,90,24.8,0.0,2.0,2023,4,4,4,1,94,14,0.8660254037844386,0.5000000000000001,0.8660254037844387,-0.4999999999999998,0.7818314824680298,0.6234898018587336,1,3,0,25.0,27.0,29.0,38.0,32.0,22.0,25.666666666666668,1.1547005383802553,27.0,25.0,29.5,4.888762624631471,36.0,25.0,34.333333333333336,6.840166576032135,47.0,25.0,33.625,7.435593014566001,47.0,23.0,24.9,25.0,25.5,90.0,90.0,88.0,2.0,2.0,2.0,1003.0,1004.0,1005.0,2232.0,180.0,49.6,0.0,0.7986965272674994,8.168602415198832,3.6151065302669028,22.32,23.8,0.024725797880560438,615.0400000000001,8100,4.0,1006009,268.5,44.75,0.0,-4.0,-0.09999999999999787
80,122.0,17.0,42.0,32.5,48.0,70,0.0,1003,90,24.7,0.0,2.0,2023,4,4,5,1,94,14,0.9659258262890683,0.25881904510252074,0.8660254037844387,-0.4999999999999998,0.7818314824680298,0.6234898018587336,1,3,0,25.0,25.0,27.0,36.0,33.0,24.0,25.333333333333332,0.5773502691916406,26.0,25.0,27.833333333333332,3.8166302763904434,35.0,25.0,33.75,7.250391838940158,47.0,25.0,33.708333333333336,7.333539193421626,47.0,23.0,24.8,24.9,25.3,90.0,90.0,88.0,2.0,2.0,2.0,1003.0,1003.0,1005.0,2223.0,180.0,49.4,0.0,0.7999753853727578,7.176048467737192,2.4704429151226397,22.23,23.7,0.024626097082654952,610.0899999999999,8100,4.0,1006009,287.5,47.916666666666664,1.0,-1.0,-0.10000000000000142
89,137.7,21.0,37.0,37.5,50.0,41,0.0,1004,89,24.7,0.6,2.0,2023,4,4,6,1,94,14,1.0,6.123233995736766e-17,0.8660254037844387,-0.4999999999999998,0.7818314824680298,0.6234898018587336,1,0,0,26.0,25.0,25.0,35.0,38.0,23.0,27.0,2.6457513110650206,30.0,25.0,27.0,2.097617696338752,30.0,25.0,33.083333333333336,7.191640770344763,47.0,25.0,34.0,7.0217054784495785,47.0,23.0,24.7,24.9,25.2,90.0,90.0,89.0,2.0,2.0,2.0,1003.0,1003.0,1004.0,2198.2999999999997,178.0,49.4,0.0,0.7999786672355405,6.556830627112994,1.7618208656730632,21.982999999999997,23.7,0.024601569121943105,610.0899999999999,7921,4.0,1008016,313.2,52.199999999999996,4.0,5.0,0.0
95,153.5,25.0,32.0,41.3,52.0,12,0.0,1004,89,24.6,0.7,2.0,2023,4,4,7,1,94,14,0.9659258262890683,-0.25881904510252063,0.8660254037844387,-0.4999999999999998,0.7818314824680298,0.6234898018587336,1,0,0,30.0,26.0,25.0,29.0,37.0,23.0,29.666666666666668,3.5118845842845596,33.0,26.0,27.666666666666668,3.204163957518432,33.0,25.0,32.75,7.085516597576595,47.0,25.0,34.416666666666664,6.626144965321176,47.0,25.0,24.7,24.8,25.0,89.0,90.0,90.0,2.0,2.0,2.0,1004.0,1003.0,1004.0,2189.4,178.0,49.2,0.0,0.7990121304568898,6.139754409823607,1.279948802047918,21.894000000000002,23.6,0.024501967627522284,605.1600000000001,7921,4.0,1008016,336.8,56.13333333333333,3.0,8.0,-0.09999999999999787
104,170.2,24.3,51.3,46.3,60.7,33,0.0,1005,85,25.7,1.1,2.0,2023,4,4,8,1,94,14,0.8660254037844387,-0.4999999999999998,0.8660254037844387,-0.4999999999999998,0.7818314824680298,0.6234898018587336,1,0,0,33.0,30.0,26.0,27.0,47.0,25.0,33.333333333333336,3.5118845842845454,37.0,30.0,29.333333333333332,4.926120853842325,37.0,25.0,31.916666666666668,5.712161401674115,42.0,25.0,34.916666666666664,6.33085382432176,47.0,25.0,24.6,24.7,24.9,89.0,90.0,90.0,2.0,2.0,2.0,1004.0,1003.0,1003.0,2184.5,170.0,51.4,0.0,0.799118809528952,7.00382700300399,2.1110242376856916,21.845,24.7,0.025572113858593176,660.49,7225,4.0,1010025,389.8,64.96666666666667,4.0,11.0,1.0999999999999979
131,186.9,23.7,70.7,58.8,69.3,54,0.0,1005,80,26.7,1.8,2.0,2023,4,4,9,1,94,14,0.7071067811865476,-0.7071067811865475,0.8660254037844387,-0.4999999999999998,0.7818314824680298,0.6234898018587336,1,0,0,37.0,33.0,30.0,25.0,42.0,29.0,39.0,7.211102550928114,47.0,33.0,33.0,8.173126696680635,47.0,25.0,32.333333333333336,6.6241065721179115,47.0,25.0,35.666666666666664,6.657239711750817,47.0,25.0,25.7,24.7,24.9,85.0,89.0,90.0,2.0,2.0,2.0,1005.0,1004.0,1003.0,2136.0,160.0,53.4,0.0,0.7993061342494175,7.885743217585756,2.9829964980380574,21.36,25.7,0.026567137744141548,712.89,6400,4.0,1010025,456.40000000000003,76.06666666666668,10.0,17.0,1.0
155,203.7,23.0,90.0,73.8,78.0,75,0.0,1005,77,27.8,2.9,2.0,2023,4,4,10,1,94,14,0.49999999999999994,-0.8660254037844387,0.8660254037844387,-0.4999999999999998,0.7818314824680298,0.6234898018587336,1,0,0,47.0,37.0,33.0,25.0,38.0,35.0,47.666666666666664,11.01514109457228,59.0,37.0,38.666666666666664,12.274635093014398,59.0,26.0,34.083333333333336,10.112623374532438,59.0,25.0,36.666666666666664,8.180925145231807,59.0,25.0,26.7,24.6,24.8,80.0,89.0,90.0,2.0,2.0,2.0,1005.0,1004.0,1003.0,2140.6,154.0,55.6,0.0,0.799447161962575,8.856136689709142,3.9128733533324636,21.406,26.8,0.02766166401824476,772.84,5929,4.0,1010025,527.5,87.91666666666667,12.0,26.0,1.1000000000000014
156,208.0,18.7,133.0,75.0,75.0,75,0.0,1004,72,28.6,6.0,1.66,2023,4,4,11,1,94,14,0.258819045102521,-0.9659258262890682,0.8660254037844387,-0.4999999999999998,0.7818314824680298,0.6234898018587336,1,0,0,59.0,47.0,37.0,26.0,36.0,36.0,55.333333333333336,7.2341781380703365,60.0,47.0,44.333333333333336,13.079245645933133,60.0,30.0,36.083333333333336,12.594792093511378,60.0,25.0,37.666666666666664,9.462358685024576,60.0,25.0,27.8,25.7,24.7,77.0,85.0,90.0,2.0,2.0,2.0,1005.0,1005.0,1003.0,2059.2000000000003,119.52,47.476,0.0,0.7999893334755536,11.122399871664616,7.111919148708625,20.592000000000002,27.770000000000003,0.02848602740435518,817.96,5184,2.7556,1008016,569.7,94.95,1.0,23.0,0.8000000000000007
157,212.2,14.3,176.0,76.3,72.0,75,0.0,1003,67,29.4,9.5,1.33,2023,4,4,12,1,94,14,1.2246467991473532e-16,-1.0,0.8660254037844387,-0.4999999999999998,0.7818314824680298,0.6234898018587336,1,1,0,60.0,59.0,47.0,30.0,35.0,44.0,60.0,1.0000000000006724,61.0,59.0,49.5,12.38951169336364,61.0,33.0,38.25,14.48588654832346,61.0,25.0,38.375,10.532816213686937,61.0,25.0,28.6,26.7,24.7,72.0,80.0,89.0,1.66,2.0,2.0,1004.0,1005.0,1004.0,1969.8,89.11,39.102,0.0,0.7994652756844602,14.83812320816726,12.306831690091602,19.698,28.735,0.029312034584212776,864.3599999999999,4489,1.7689000000000001,1006009,611.8,101.96666666666665,1.0,14.0,0.7999999999999972
155,216.5,10.0,219.0,73.8,69.0,75,0.0,1002,63,30.2,10.0,1.0,2023,4,4,13,1,94,14,-0.2588190451025208,-0.9659258262890683,0.8660254037844387,-0.4999999999999998,0.7818314824680298,0.6234898018587336,1,1,0,61.0,60.0,59.0,33.0,29.0,46.0,60.0,1.0000000000006724,61.0,59.0,53.833333333333336,9.72453940640179,61.0,37.0,40.75,15.309682022705559,61.0,25.0,38.916666666666664,11.251730945741834,61.0,25.0,29.4,27.8,24.6,67.0,77.0,89.0,1.33,2.0,2.0,1003.0,1005.0,1004.0,1902.6,63.0,30.2,0.0,0.799447161962575,21.647835216478352,21.897810218978105,19.026,29.7,0.03013969047935082,912.04,3969,1.0,1004004,647.3,107.88333333333333,-2.0,0.0,0.8000000000000007
152,218.1,11.7,225.3,71.3,75.7,70,0.0,1001,64,30.2,7.4,2.0,2023,4,4,14,1,94,14,-0.4999999999999997,-0.8660254037844388,0.8660254037844387,-0.4999999999999998,0.7818314824680298,0.6234898018587336,1,1,0,59.0,61.0,60.0,37.0,27.0,41.0,59.0,2.0000000000003424,61.0,57.0,57.166666666666664,5.154286242212539,61.0,47.0,43.25,15.30968202270558,61.0,25.0,39.583333333333336,11.839200423452118,61.0,25.0,30.2,28.6,25.7,63.0,72.0,85.0,1.0,1.66,2.0,1002.0,1004.0,1005.0,1932.8,128.0,60.4,0.0,0.7994277780115285,18.639432527134435,19.254764550038463,19.328,29.2,0.0301698000301698,912.04,4096,4.0,1002001,659.1,109.85000000000001,-2.0,-3.0,0.0
163,219.6,13.3,231.7,81.3,82.3,66,0.0,1000,65,30.2,4.8,3.0,2023,4,4,15,1,94,14,-0.7071067811865471,-0.7071067811865479,0.8660254037844387,-0.4999999999999998,0.7818314824680298,0.6234898018587336,1,1,0,57.0,59.0,61.0,47.0,25.0,37.0,60.333333333333336,4.163331998932425,65.0,57.0,60.166666666666664,2.714160398108706,65.0,57.0,46.583333333333336,15.329462620797116,65.0,25.0,40.75,12.905172538981095,65.0,25.0,30.2,29.4,26.7,64.0,67.0,80.0,2.0,1.33,2.0,1001.0,1003.0,1005.0,1963.0,195.0,90.6,0.0,0.7994981611542293,16.51003683933539,17.419742876475453,19.63,28.7,0.0301999698000302,912.04,4225,9.0,1000000,693.1999999999999,115.53333333333332,8.0,4.0,0.0
164,221.2,15.0,238.0,82.5,89.0,62,0.0,1000,67,30.2,2.8,4.0,2023,4,4,16,1,94,14,-0.8660254037844385,-0.5000000000000004,0.8660254037844387,-0.4999999999999998,0.7818314824680298,0.6234898018587336,1,1,0,65.0,57.0,59.0,59.0,25.0,32.0,62.666666666666664,4.932882862316375,66.0,57.0,61.333333333333336,3.5023801430829407,66.0,57.0,50.0,14.63495193643665,66.0,26.0,42.166666666666664,13.741927801809585,66.0,25.0,30.2,30.2,27.8,65.0,63.0,77.0,3.0,1.0,2.0,1000.0,1002.0,1005.0,2023.3999999999999,268.0,120.8,0.0,0.7999903031478406,14.745683621091928,15.865608959402707,20.233999999999998,28.2,0.0301999698000302,912.04,4489,16.0,1000000,711.7,118.61666666666667,1.0,7.0,0.0
137,283.4,45.7,182.7,61.3,91.7,75,0.0,1000,71,29.4,1.9,3.33,2023,4,4,17,1,94,14,-0.9659258262890683,-0.25881904510252063,0.8660254037844387,-0.4999999999999998,0.7818314824680298,0.6234898018587336,1,1,0,66.0,65.0,57.0,60.0,26.0,33.0,60.0,9.539392014169525,66.0,49.0,59.5,6.188699378705907,66.0,49.0,51.916666666666664,12.565886962387825,66.0,30.0,42.833333333333336,13.665782933604943,66.0,25.0,30.2,30.2,28.6,67.0,64.0,72.0,4.0,2.0,1.66,1000.0,1001.0,1004.0,2087.4,236.43,97.902,0.0,0.7993344317384709,6.201177217128728,3.9977243386359156,20.874000000000002,27.735,0.0293999706000294,864.3599999999999,5041,11.0889,1000000,713.8,118.96666666666665,-17.0,-8.0,-0.8000000000000007
139,345.7,76.3,127.3,62.5,94.3,87,0.0,1000,75,28.6,2.0,2.66,2023,4,4,18,1,94,14,-1.0,-1.8369701987210297e-16,0.8660254037844387,-0.4999999999999998,0.7818314824680298,0.6234898018587336,1,2,0,49.0,66.0,65.0,61.0,30.0,38.0,55.0,9.53939201416953,66.0,49.0,57.666666666666664,7.201851613763049,66.0,49.0,53.583333333333336,10.561149501255647,66.0,33.0,43.333333333333336,13.700735196606734,66.0,25.0,29.4,30.2,29.4,71.0,65.0,67.0,3.33,3.0,1.33,1000.0,1000.0,1003.0,2145.0,199.5,76.07600000000001,0.0,0.7999872002047967,4.530740095149474,1.6683922884365865,21.45,27.270000000000003,0.028599971400028602,817.96,5625,7.0756000000000006,1000000,756.0999999999999,126.01666666666665,1.0,-15.0,-0.7999999999999972
153,407.9,107.0,72.0,72.5,97.0,100,0.0,1001,79,27.8,0.0,2.0,2023,4,4,19,1,94,14,-0.9659258262890684,0.2588190451025203,0.8660254037844387,-0.4999999999999998,0.7818314824680298,0.6234898018587336,1,2,0,50.0,49.0,66.0,59.0,33.0,37.0,52.333333333333336,4.932882862316398,58.0,49.0,57.5,7.176350047203297,66.0,49.0,55.666666666666664,8.370221386594272,66.0,37.0,44.208333333333336,13.947040099470362,66.0,25.0,28.6,30.2,30.2,75.0,67.0,63.0,2.66,4.0,1.0,1000.0,1000.0,1002.0,2196.2000000000003,158.0,55.6,0.0,0.799988965669439,3.8121139054775184,0.6728909075616115,21.962000000000003,26.8,0.0277722000277722,772.84,6241,4.0,1002001,814.4,135.73333333333332,8.0,-8.0,-0.8000000000000007
163,362.6,93.3,59.0,81.3,95.7,100,0.0,1002,82,27.2,0.0,2.0,2023,4,4,20,1,94,14,-0.8660254037844386,0.5000000000000001,0.8660254037844387,-0.4999999999999998,0.7818314824680298,0.6234898018587336,1,2,0,58.0,50.0,49.0,57.0,37.0,47.0,57.666666666666664,7.505553499465223,65.0,50.0,58.833333333333336,7.782458908767942,66.0,49.0,58.0,6.3532382580563596,66.0,47.0,44.958333333333336,14.573588876924777,66.0,25.0,27.8,29.4,30.2,79.0,71.0,64.0,2.0,3.33,2.0,1001.0,1000.0,1001.0,2230.4,164.0,54.4,0.0,0.7994981611542293,3.886346341411132,0.6323619253812928,22.304000000000002,26.2,0.027145681491335838,739.8399999999999,6724,4.0,1004004,756.9000000000001,126.15000000000002,7.0,16.0,-0.6000000000000014
161,317.3,79.7,46.0,80.0,94.3,100,0.0,1003,84,26.6,0.0,2.0,2023,4,4,21,1,94,14,-0.7071067811865477,0.7071067811865474,0.8660254037844387,-0.4999999999999998,0.7818314824680298,0.6234898018587336,1,2,0,65.0,58.0,50.0,65.0,47.0,42.0,62.333333333333336,3.785938897200337,65.0,58.0,58.666666666666664,7.633260552782246,66.0,49.0,59.416666666666664,5.517877281796385,66.0,49.0,45.875,15.063091951204349,66.0,25.0,27.2,28.6,30.2,82.0,75.0,65.0,2.0,2.66,3.0,1002.0,1000.0,1000.0,2234.4,168.0,53.2,0.0,0.7999900001249984,3.981129471399355,0.5771571247537671,22.344,25.6,0.02652041224285918,707.5600000000001,7056,4.0,1006009,681.3,113.55,-1.0,14.0,-0.5999999999999979
151,272.0,66.0,33.0,70.0,93.0,100,0.0,1003,87,26.0,0.0,2.0,2023,4,4,22,1,94,14,-0.5000000000000004,0.8660254037844384,0.8660254037844387,-0.4999999999999998,0.7818314824680298,0.6234898018587336,1,3,0,64.0,65.0,58.0,66.0,59.0,38.0,61.666666666666664,4.932882862316369,65.0,56.0,57.0,6.752777206453262,65.0,49.0,59.166666666666664,5.605732996160033,66.0,49.0,46.625,15.102008216588796,66.0,25.0,26.6,27.8,30.2,84.0,79.0,67.0,2.0,2.0,4.0,1003.0,1001.0,1000.0,2262.0,174.0,52.0,0.0,0.7999885715918343,4.121149679550309,0.4999924243572067,22.62,25.0,0.025922207455426265,676.0,7569,4.0,1006009,590.0,98.33333333333333,-8.0,-2.0,-0.6000000000000014
155,231.5,54.3,37.3,73.8,92.3,100,0.0,1003,88,25.8,0.0,2.33,2023,4,4,23,1,94,14,-0.25881904510252157,0.9659258262890681,0.8660254037844387,-0.4999999999999998,0.7818314824680298,0.6234898018587336,1,3,0,56.0,64.0,65.0,49.0,60.0,36.0,59.666666666666664,4.041451884327536,64.0,56.0,58.666666666666664,5.501514942873601,65.0,50.0,59.083333333333336,5.599648257351126,66.0,49.0,47.583333333333336,15.128196152898806,66.0,25.0,26.0,27.2,29.4,87.0,82.0,71.0,2.0,2.0,3.33,1003.0,1002.0,1000.0,2270.4,205.04000000000002,60.114000000000004,0.0,0.799447161962575,4.263273236220328,0.6869118432441391,22.704,24.635,0.025722805859615297,665.64,7744,5.4289000000000005,1006009,548.2,91.36666666666667,3.0,-6.0,-0.1999999999999993
164,191.0,42.7,41.7,82.5,91.7,100,0.0,1003,89,25.6,0.0,2.66,2023,4,5,0,2,95,14,0.0,1.0,0.8660254037844387,-0.4999999999999998,0.9749279121818236,-0.22252093395631434,1,3,0,59.0,56.0,64.0,50.0,61.0,35.0,60.333333333333336,5.131601439447006,66.0,56.0,61.333333333333336,4.179314138308073,66.0,56.0,59.5,5.931426319344545,66.0,49.0,48.875,15.329177918341756,66.0,25.0,25.8,26.6,28.6,88.0,84.0,75.0,2.33,2.0,2.66,1003.0,1003.0,1000.0,2278.4,236.74,68.096,0.0,0.7999903031478406,4.472963162455212,0.9765579260438866,22.784000000000002,24.270000000000003,0.025523404263804325,655.3600000000001,7921,7.0756000000000006,1006009,515.6,85.93333333333334,7.0,2.0,-0.1999999999999993
107,150.6,31.0,46.0,47.5,91.0,100,0.0,1003,90,25.4,0.0,3.0,2023,4,5,1,2,95,14,0.25881904510252074,0.9659258262890683,0.8660254037844387,-0.4999999999999998,0.9749279121818236,-0.22252093395631434,1,3,0,66.0,59.0,56.0,58.0,59.0,29.0,54.333333333333336,14.571661996262979,66.0,38.0,58.0,10.526157893552366,66.0,38.0,57.75,8.593073320465948,66.0,38.0,49.25,14.926632166235274,66.0,25.0,25.6,26.0,27.8,89.0,87.0,79.0,2.66,2.0,2.0,1003.0,1003.0,1001.0,2286.0,270.0,76.19999999999999,0.0,0.7999831582493001,4.857907809425502,1.483823102480565,22.86,23.9,0.02532400266799335,645.16,8100,9.0,1006009,404.1,67.35000000000001,-28.0,-18.0,-0.20000000000000284
100,145.5,26.3,47.7,43.8,87.0,100,0.0,1003,90,25.3,0.0,2.0,2023,4,5,2,2,95,14,0.49999999999999994,0.8660254037844387,0.8660254037844387,-0.4999999999999998,0.9749279121818236,-0.22252093395631434,1,3,0,38.0,66.0,59.0,65.0,57.0,27.0,46.333333333333336,17.09775813764293,66.0,35.0,53.0,13.296616110875517,66.0,35.0,55.916666666666664,10.824705188790897,66.0,35.0,49.583333333333336,14.491126720279244,66.0,25.0,25.4,25.8,27.2,90.0,88.0,82.0,3.0,2.33,2.0,1003.0,1003.0,1002.0,2277.0,180.0,50.6,0.0,0.7990685144174792,5.532109045283449,1.8136192540207596,22.77,24.3,0.025224301870087867,640.09,8100,4.0,1006009,385.3,64.21666666666667,-3.0,-24.0,-0.09999999999999787
98,140.5,21.7,49.3,42.5,83.0,100,0.0,1003,90,25.3,0.0,1.0,2023,4,5,3,2,95,14,0.7071067811865476,0.7071067811865476,0.8660254037844387,-0.4999999999999998,0.9749279121818236,-0.22252093395631434,1,3,0,35.0,38.0,66.0,64.0,65.0,25.0,35.666666666666664,2.081665999466617,38.0,34.0,48.0,13.957077057894104,66.0,34.0,53.333333333333336,12.085553610017193,66.0,34.0,49.958333333333336,13.933004815487879,66.0,25.0,25.3,25.6,26.6,90.0,89.0,84.0,2.0,2.66,2.0,1003.0,1003.0,1003.0,2277.0,90.0,25.3,0.0,0.7999811769134845,6.4743560204598865,2.27178471038201,22.77,24.8,0.025224301870087867,640.09,8100,1.0,1006009,371.0,61.833333333333336,-1.0,-32.0,0.0
91,135.4,17.0,51.0,38.8,79.0,100,0.0,1003,90,25.2,0.0,1.6,2023,4,5,4,2,95,14,0.8660254037844386,0.5000000000000001,0.8660254037844387,-0.4999999999999998,0.9749279121818236,-0.22252093395631434,1,3,0,34.0,35.0,38.0,56.0,66.0,25.0,33.333333333333336,2.081665999466634,35.0,31.0,43.833333333333336,14.797522315126281,66.0,31.0,50.416666666666664,12.943642408065498,66.0,31.0,50.208333333333336,13.513211463526117,66.0,26.0,25.3,25.4,26.0,90.0,90.0,87.0,1.0,3.0,2.0,1003.0,1003.0,1003.0,2268.0,144.0,40.32,0.0,0.7989484807092602,7.9642373978001295,2.9998235397917767,22.68,24.4,0.02512460107218238,635.04,8100,2.5600000000000005,1006009,352.2,58.699999999999996,-3.0,-7.0,-0.10000000000000142
115,154.8,21.7,43.0,51.3,75.7,100,0.0,1003,90,25.2,0.0,1.0,2023,4,5,5,2,95,14,0.9659258262890683,0.25881904510252074,0.8660254037844387,-0.4999999999999998,0.9749279121818236,-0.22252093395631434,1,3,0,31.0,34.0,35.0,59.0,49.0,26.0,35.333333333333336,5.131601439447082,41.0,31.0,40.833333333333336,12.797135096054117,66.0,31.0,49.75,13.226179273766512,66.0,31.0,50.833333333333336,12.66514102177516,66.0,30.0,25.2,25.3,25.8,90.0,90.0,88.0,1.6,2.0,2.33,1003.0,1003.0,1003.0,2268.0,90.0,25.2,0.0,0.7992046938656168,7.133311828947975,1.981475508041104,22.68,24.7,0.02512460107218238,635.04,8100,1.0,1006009,387.5,64.58333333333333,10.0,6.0,0.0
148,174.3,26.3,35.0,66.3,72.3,100,0.0,1004,89,25.3,0.6,2.0,2023,4,5,6,2,95,14,1.0,6.123233995736766e-17,0.8660254037844387,-0.4999999999999998,0.9749279121818236,-0.22252093395631434,1,0,0,41.0,31.0,34.0,66.0,50.0,30.0,41.666666666666664,11.015141094572288,53.0,31.0,38.666666666666664,7.814516406448951,53.0,31.0,50.0,13.25964486018289,66.0,31.0,51.791666666666664,11.86510838978945,66.0,31.0,25.2,25.3,25.6,90.0,90.0,89.0,1.0,1.0,2.66,1003.0,1003.0,1003.0,2251.7000000000003,178.0,50.6,0.0,0.7993846246662946,6.627124443937493,1.3307478803087334,22.517000000000003,24.3,0.02519917808846804,640.09,7921,4.0,1008016,427.20000000000005,71.2,12.0,19.0,0.10000000000000142
153,193.8,31.0,27.0,72.5,69.0,100,0.0,1005,89,25.3,0.7,3.0,2023,4,5,7,2,95,14,0.9659258262890683,-0.25881904510252063,0.8660254037844387,-0.4999999999999998,0.9749279121818236,-0.22252093395631434,1,0,0,53.0,41.0,31.0,38.0,58.0,33.0,50.666666666666664,8.736894948054193,58.0,41.0,42.0,11.063453348751167,58.0,31.0,50.0,13.25964486018289,66.0,31.0,52.833333333333336,11.223680968949378,66.0,31.0,25.3,25.2,25.4,89.0,90.0,90.0,2.0,1.6,3.0,1004.0,1003.0,1003.0,2251.7000000000003,267.0,75.9,0.0,0.799988965669439,6.251411244798555,0.8709396471081577,22.517000000000003,23.8,0.025174104304373827,640.09,7921,9.0,1010025,451.3,75.21666666666667,5.0,27.0,0.0
129,188.9,26.3,52.3,57.5,76.0,91,0.0,1005,83,26.2,1.1,2.66,2023,4,5,8,2,95,14,0.8660254037844387,-0.4999999999999998,0.8660254037844387,-0.4999999999999998,0.9749279121818236,-0.22252093395631434,1,0,0,58.0,53.0,41.0,35.0,65.0,37.0,52.333333333333336,6.027713773341832,58.0,46.0,43.833333333333336,10.571975532825462,58.0,31.0,48.416666666666664,12.413030787576647,66.0,31.0,53.208333333333336,10.814560099464535,66.0,31.0,25.3,25.2,25.3,89.0,90.0,90.0,3.0,1.0,2.0,1005.0,1003.0,1003.0,2174.6,220.78,69.69200000000001,0.0,0.7999860871984835,7.182236416866279,1.9885175468613359,21.746,24.869999999999997,0.02606962580136736,686.4399999999999,6889,7.0756000000000006,1010025,447.0,74.5,-12.0,5.0,0.8999999999999986
137,184.0,21.7,77.7,61.3,83.0,83,0.0,1006,78,27.1,2.6,2.33,2023,4,5,9,2,95,14,0.7071067811865476,-0.7071067811865475,0.8660254037844387,-0.4999999999999998,0.9749279121818236,-0.22252093395631434,1,0,0,46.0,58.0,53.0,34.0,64.0,47.0,51.0,6.24499799839852,58.0,46.0,46.333333333333336,9.500877152487575,58.0,31.0,47.166666666666664,11.416362526362125,66.0,31.0,53.291666666666664,10.772263767039382,66.0,31.0,26.2,25.3,25.3,83.0,89.0,90.0,2.66,2.0,1.0,1005.0,1004.0,1003.0,2113.8,181.74,63.14300000000001,0.0,0.7993344317384709,8.47887194138519,3.580480162204507,21.138,25.935000000000002,0.026938343003635186,734.4100000000001,6084,5.4289000000000005,1012036,476.7,79.45,3.0,-4.0,0.9000000000000021
165,179.2,17.0,103.0,83.8,90.0,75,0.0,1006,74,28.0,5.7,2.0,2023,4,5,10,2,95,14,0.49999999999999994,-0.8660254037844387,0.8660254037844387,-0.4999999999999998,0.9749279121818236,-0.22252093395631434,1,0,0,49.0,46.0,58.0,31.0,56.0,59.0,54.0,11.357816691600611,67.0,46.0,52.333333333333336,9.244818368505726,67.0,41.0,48.083333333333336,12.573119475027891,67.0,31.0,53.625,11.076070956168971,67.0,31.0,27.1,25.3,25.2,78.0,89.0,90.0,2.33,3.0,1.6,1006.0,1005.0,1003.0,2072.0,148.0,56.0,0.0,0.7995131323015239,10.540556437856596,6.058467148991236,20.72,27.0,0.027832974321099085,784.0,5476,4.0,1012036,540.0,90.0,18.0,9.0,0.8999999999999986
185,183.6,14.0,141.3,102.5,88.7,58,0.0,1005,69,29.3,10.6,2.0,2023,4,5,11,2,95,14,0.258819045102521,-0.9659258262890682,0.8660254037844387,-0.4999999999999998,0.9749279121818236,-0.22252093395631434,1,0,0,67.0,49.0,46.0,41.0,59.0,60.0,66.0,16.52271164185834,82.0,49.0,59.166666666666664,13.407709225168237,82.0,46.0,50.0,15.742241956537656,82.0,31.0,54.541666666666664,12.451572859147937,82.0,31.0,28.0,26.2,25.2,74.0,83.0,90.0,2.0,2.66,1.0,1006.0,1005.0,1003.0,2021.7,138.0,58.6,0.0,0.7999921951980956,13.11334904649668,10.092136275980288,20.217,28.3,0.02915419984656732,858.49,4761,4.0,1010025,612.1,102.01666666666667,15.0,36.0,1.3000000000000007
195,188.1,11.0,179.7,111.3,87.3,41,0.0,1004,64,30.5,11.2,2.0,2023,4,5,12,2,95,14,1.2246467991473532e-16,-1.0,0.8660254037844387,-0.4999999999999998,0.9749279121818236,-0.22252093395631434,1,1,0,82.0,67.0,49.0,53.0,66.0,61.0,79.33333333333333,11.23981020005826,89.0,67.0,65.16666666666667,17.52046422520425,89.0,46.0,51.916666666666664,18.94229674724264,89.0,31.0,55.708333333333336,14.26299305947022,89.0,31.0,29.3,27.1,25.3,69.0,78.0,89.0,2.0,2.33,2.0,1005.0,1006.0,1004.0,1952.0,128.0,61.0,0.0,0.7996334264741557,17.098445595854923,16.33487864739569,19.52,29.5,0.0303784557983508,930.25,4096,4.0,1008016,666.3999999999999,111.06666666666665,7.0,40.0,1.1999999999999993
192,192.6,8.0,218.0,108.8,86.0,25,0.0,1003,60,31.8,9.5,2.0,2023,4,5,13,2,95,14,-0.2588190451025208,-0.9659258262890683,0.8660254037844387,-0.4999999999999998,0.9749279121818236,-0.22252093395631434,1,1,0,89.0,82.0,67.0,58.0,38.0,59.0,86.0,3.60555127546398,89.0,82.0,70.0,19.078784028338802,89.0,46.0,56.0,20.854474122093915,89.0,31.0,56.875,15.624152150909998,89.0,31.0,30.5,28.0,25.3,64.0,74.0,89.0,2.0,2.0,3.0,1004.0,1006.0,1005.0,1908.0,120.0,63.6,0.0,0.7996250034466594,24.07199100112486,27.246594175728035,19.08,30.8,0.03170485373394443,1011.24,3600,4.0,1006009,700.4,116.73333333333333,-2.0,20.0,1.3000000000000007
183,198.8,10.3,225.3,100.0,91.7,37,0.0,1002,60,31.5,7.6,2.33,2023,4,5,14,2,95,14,-0.4999999999999997,-0.8660254037844388,0.8660254037844387,-0.4999999999999998,0.9749279121818236,-0.22252093395631434,1,1,0,87.0,89.0,82.0,46.0,35.0,57.0,85.33333333333333,4.725815626252609,89.0,80.0,75.66666666666667,15.174540080894147,89.0,49.0,59.75,20.7807822059446,89.0,31.0,57.833333333333336,16.321942197589483,89.0,31.0,31.8,29.3,26.2,60.0,69.0,83.0,2.0,2.0,2.66,1003.0,1005.0,1005.0,1890.0,139.8,73.395,0.0,0.7999920000799992,19.29909717503155,21.87166294534511,18.9,30.335,0.031437094374157315,992.25,3600,5.4289000000000005,1004004,706.1000000000001,117.68333333333335,-7.0,-2.0,-0.3000000000000007
180,205.0,12.7,232.7,97.5,97.3,50,0.0,1001,61,31.3,5.7,2.66,2023,4,5,15,2,95,14,-0.7071067811865471,-0.7071067811865479,0.8660254037844387,-0.4999999999999998,0.9749279121818236,-0.22252093395631434,1,1,0,80.0,87.0,89.0,49.0,34.0,65.0,81.66666666666667,4.725815626252632,87.0,78.0,80.5,7.816648898344913,89.0,67.0,63.416666666666664,19.67674369463194,89.0,31.0,58.375,16.77941932974682,89.0,31.0,31.5,30.5,27.1,60.0,64.0,78.0,2.33,2.0,2.33,1002.0,1004.0,1006.0,1909.3,162.26000000000002,83.25800000000001,0.0,0.7999917949559491,16.140461380993624,18.321392016376663,19.093,29.97,0.0312687000312687,979.69,3721,7.0756000000000006,1002001,723.1999999999999,120.53333333333332,-2.0,-11.0,-0.1999999999999993
172,211.3,15.0,240.0,90.0,103.0,62,0.0,1001,62,31.0,3.5,3.0,2023,4,5,16,2,95,14,-0.8660254037844385,-0.5000000000000004,0.8660254037844387,-0.4999999999999998,0.9749279121818236,-0.22252093395631434,1,1,0,78.0,80.0,87.0,67.0,31.0,66.0,76.66666666666667,4.1633319989323265,80.0,72.0,81.33333333333333,6.186005711819498,89.0,72.0,66.83333333333333,16.899883449481443,89.0,41.0,58.625,16.941876339799155,89.0,31.0,31.3,31.8,28.0,61.0,60.0,74.0,2.66,2.0,2.0,1001.0,1003.0,1006.0,1922.0,186.0,93.0,0.0,0.7999911112098754,14.08572761815879,15.998933404439704,19.22,29.5,0.030969000030969,961.0,3844,9.0,1002001,731.3,121.88333333333333,-6.0,-15.0,-0.3000000000000007
152,244.3,37.0,183.0,71.3,108.0,75,0.0,1001,69,29.7,2.3,3.0,2023,4,5,17,2,95,14,-0.9659258262890683,-0.25881904510252063,0.8660254037844387,-0.4999999999999998,0.9749279121818236,-0.22252093395631434,1,1,0,72.0,78.0,80.0,82.0,41.0,49.0,69.0,10.81665382639201,78.0,57.0,77.16666666666667,11.651895410904746,89.0,57.0,68.16666666666667,15.224581399430175,89.0,46.0,58.958333333333336,16.822549997125883,89.0,31.0,31.0,31.5,29.3,62.0,60.0,69.0,3.0,2.33,2.0,1001.0,1002.0,1005.0,2049.2999999999997,207.0,89.1,0.0,0.7994277780115285,6.602524256101187,4.9458122753439095,20.493,28.2,0.0296703000296703,882.0899999999999,4761,9.0,1002001,700.6,116.76666666666667,-15.0,-23.0,-1.3000000000000007
145,277.4,59.0,126.0,65.0,113.0,87,0.0,1002,76,28.3,2.0,3.0,2023,4,5,18,2,95,14,-1.0,-1.8369701987210297e-16,0.8660254037844387,-0.4999999999999998,0.9749279121818236,-0.22252093395631434,1,2,0,57.0,72.0,78.0,89.0,53.0,50.0,60.333333333333336,10.408329997330728,72.0,52.0,71.0,13.740451229853983,87.0,52.0,68.08333333333333,15.31759732721762,89.0,46.0,59.041666666666664,16.781146684835754,89.0,31.0,29.7,31.3,30.5,69.0,61.0,64.0,3.0,2.66,2.0,1001.0,1001.0,1004.0,2150.8,228.0,84.9,0.0,0.7999876924970385,4.701615226860562,2.1355570244572126,21.508000000000003,26.8,0.02824348478694133,800.89,5776,9.0,1004004,692.4,115.39999999999999,-5.0,-26.0,-1.3999999999999986
152,310.5,81.0,69.0,71.3,118.0,100,0.0,1003,84,27.0,0.0,3.0,2023,4,5,19,2,95,14,-0.9659258262890684,0.2588190451025203,0.8660254037844387,-0.4999999999999998,0.9749279121818236,-0.22252093395631434,1,2,0,52.0,57.0,72.0,87.0,58.0,58.0,55.333333333333336,2.8867513459484093,57.0,52.0,66.0,12.116104984688576,80.0,52.0,68.0,15.38003428297385,89.0,46.0,59.0,16.785086548325737,89.0,31.0,28.3,31.0,31.8,76.0,62.0,60.0,3.0,3.0,2.0,1002.0,1001.0,1003.0,2268.0,252.0,81.0,0.0,0.7994277780115285,3.8332860088147056,0.8518413352921569,22.68,25.5,0.026919215434481124,729.0,7056,9.0,1006009,706.8,117.8,5.0,-15.0,-1.3000000000000007
151,292.0,76.7,51.3,70.0,113.0,100,0.0,1003,84,26.7,0.0,3.0,2023,4,5,20,2,95,14,-0.8660254037844386,0.5000000000000001,0.8660254037844387,-0.4999999999999998,0.9749279121818236,-0.22252093395631434,1,2,0,57.0,52.0,57.0,80.0,46.0,65.0,55.0,2.645751311064899,57.0,52.0,62.0,10.411532067856054,78.0,52.0,68.83333333333333,14.313587526500282,89.0,49.0,58.625,16.74570029174273,89.0,31.0,27.0,29.7,31.5,84.0,69.0,60.0,3.0,3.0,2.33,1003.0,1001.0,1002.0,2242.7999999999997,252.0,80.1,0.0,0.7999885715918343,3.806990782388756,0.6688309148511752,22.427999999999997,25.2,0.026620113040764667,712.89,7056,9.0,1006009,659.0,109.83333333333333,-1.0,-1.0,-0.3000000000000007
150,273.5,72.3,33.7,67.5,108.0,100,0.0,1004,85,26.5,0.0,3.0,2023,4,5,21,2,95,14,-0.7071067811865477,0.7071067811865474,0.8660254037844387,-0.4999999999999998,0.9749279121818236,-0.22252093395631434,1,2,0,56.0,57.0,52.0,78.0,49.0,64.0,55.666666666666664,1.5275252316524668,57.0,54.0,58.0,7.127411872481804,72.0,52.0,69.25,13.745247112431805,89.0,52.0,58.208333333333336,16.730547865627738,89.0,31.0,26.7,28.3,31.3,84.0,76.0,61.0,3.0,3.0,2.66,1003.0,1002.0,1001.0,2252.5,255.0,79.5,0.0,0.7999881483237284,3.782796918438196,0.4661069694748344,22.525,25.0,0.026394396021517906,702.25,7225,9.0,1008016,609.0,101.5,-2.0,2.0,-0.1999999999999993
139,255.0,68.0,16.0,62.5,103.0,100,0.0,1005,86,26.2,0.0,3.0,2023,4,5,22,2,95,14,-0.5000000000000004,0.8660254037844384,0.8660254037844387,-0.4999999999999998,0.9749279121818236,-0.22252093395631434,1,3,0,54.0,56.0,57.0,72.0,67.0,56.0,53.333333333333336,3.055050463304174,56.0,50.0,54.333333333333336,2.8751811537120306,57.0,50.0,67.83333333333333,14.831375424069522,89.0,50.0,57.958333333333336,16.809622416851138,89.0,31.0,26.5,27.0,31.0,85.0,84.0,62.0,3.0,3.0,3.0,1004.0,1003.0,1001.0,2253.2,258.0,78.6,0.0,0.7999872002047967,3.7499448537521505,0.235290657490331,22.531999999999996,24.7,0.02606962580136736,686.4399999999999,7396,9.0,1010025,554.5,92.41666666666667,-4.0,-7.0,-0.3000000000000007
121,220.2,59.0,18.0,53.8,101.3,100,0.0,1005,87,26.1,0.0,2.66,2023,4,5,23,2,95,14,-0.25881904510252157,0.9659258262890681,0.8660254037844387,-0.4999999999999998,0.9749279121818236,-0.22252093395631434,1,3,0,50.0,54.0,56.0,57.0,82.0,59.0,49.0,5.567764362830198,54.0,43.0,52.0,5.099019513592187,57.0,43.0,64.58333333333333,15.692837586464323,89.0,43.0,57.291666666666664,17.08159234677646,89.0,31.0,26.2,26.7,29.7,86.0,84.0,69.0,3.0,3.0,3.0,1005.0,1003.0,1001.0,2270.7000000000003,231.42000000000002,69.426,0.0,0.7992416497834613,3.732140133218081,0.30507957492245896,22.707000000000004,24.770000000000003,0.025970123412812525,681.21,7569,7.0756000000000006,1010025,495.3,82.55,-7.0,-13.0,-0.09999999999999787
110,185.4,50.0,20.0,48.8,99.7,100,0.0,1005,88,25.9,0.0,2.33,2023,4,6,0,3,96,14,0.0,1.0,0.8660254037844387,-0.4999999999999998,0.43388373911755823,-0.900968867902419,1,3,0,43.0,50.0,54.0,52.0,89.0,66.0,44.0,5.567764362830226,50.0,39.0,49.833333333333336,7.359800721939441,57.0,39.0,60.416666666666664,15.252173218226414,87.0,39.0,56.166666666666664,17.369805552381383,89.0,31.0,26.1,26.5,28.3,87.0,85.0,76.0,2.66,3.0,3.0,1005.0,1004.0,1002.0,2279.2,205.04000000000002,60.347,0.0,0.7991639515583698,3.7079258414831706,0.3999920001599968,22.791999999999998,24.735,0.02577111863570285,670.81,7744,5.4289000000000005,1010025,442.9,73.81666666666666,-4.0,-15.0,-0.20000000000000284
110,150.6,41.0,22.0,48.8,98.0,100,0.0,1005,89,25.8,0.0,2.0,2023,4,6,1,3,96,14,0.25881904510252074,0.9659258262890683,0.8660254037844387,-0.4999999999999998,0.43388373911755823,-0.900968867902419,1,3,0,39.0,43.0,50.0,57.0,87.0,38.0,40.333333333333336,2.3094010767590416,43.0,39.0,46.833333333333336,7.5210814825169905,56.0,39.0,56.416666666666664,13.879077342488674,80.0,39.0,56.208333333333336,17.3254755042763,89.0,31.0,25.9,26.2,27.0,88.0,86.0,84.0,2.33,3.0,3.0,1005.0,1005.0,1003.0,2296.2000000000003,178.0,51.6,0.0,0.7991639515583698,3.6730811443623326,0.5365722787249092,22.962000000000003,24.8,0.025671616247148015,665.64,7921,4.0,1010025,399.4,66.56666666666666,0.0,-11.0,-0.09999999999999787
110,138.9,34.0,25.3,48.8,95.7,100,0.0,1005,90,25.7,0.0,2.0,2023,4,6,2,3,96,14,0.49999999999999994,0.8660254037844387,0.8660254037844387,-0.4999999999999998,0.43388373911755823,-0.900968867902419,1,3,0,39.0,39.0,43.0,56.0,80.0,35.0,39.0,0.0,39.0,39.0,44.0,6.511528238439343,54.0,39.0,53.0,12.52633589319259,78.0,39.0,56.375,17.130731348128194,89.0,31.0,25.8,26.1,26.7,89.0,87.0,84.0,2.0,2.66,3.0,1005.0,1005.0,1003.0,2313.0,180.0,51.4,0.0,0.7991639515583698,4.085173965471604,0.7440957618893562,23.13,24.7,0.025572113858593176,660.49,8100,4.0,1010025,381.7,63.61666666666667,0.0,-4.0,-0.10000000000000142
102,127.2,27.0,28.7,45.0,93.3,100,0.0,1005,90,25.7,0.0,2.0,2023,4,6,3,3,96,14,0.7071067811865476,0.7071067811865476,0.8660254037844387,-0.4999999999999998,0.43388373911755823,-0.900968867902419,1,3,0,39.0,39.0,39.0,54.0,78.0,34.0,38.0,1.7320508075696333,39.0,36.0,41.0,4.939635614090641,50.0,36.0,49.5,10.630145812734346,72.0,36.0,56.458333333333336,17.021672034221037,89.0,31.0,25.7,25.9,26.5,90.0,88.0,85.0,2.0,2.33,3.0,1005.0,1005.0,1004.0,2313.0,180.0,51.4,0.0,0.7999822226172753,4.710936631976593,1.0629235954223917,23.13,24.7,0.025572113858593176,660.49,8100,4.0,1010025,357.2,59.53333333333333,-3.0,-3.0,0.0
98,115.6,20.0,32.0,42.5,91.0,100,0.0,1005,90,25.6,0.0,2.0,2023,4,6,4,3,96,14,0.8660254037844386,0.5000000000000001,0.8660254037844387,-0.4999999999999998,0.43388373911755823,-0.900968867902419,1,3,0,36.0,39.0,39.0,50.0,72.0,31.0,36.333333333333336,2.516611478424122,39.0,34.0,38.333333333333336,3.07679486912257,43.0,34.0,46.333333333333336,8.824895913198123,57.0,34.0,56.583333333333336,16.836597473740248,89.0,34.0,25.7,25.8,26.2,90.0,89.0,86.0,2.0,2.0,3.0,1005.0,1005.0,1005.0,2304.0,180.0,51.2,0.0,0.7999811769134845,5.779711014449277,1.5999200039997998,23.04,24.6,0.02547261147003834,655.3600000000001,8100,4.0,1010025,335.1,55.85,-2.0,-5.0,-0.09999999999999787
102,131.7,22.0,28.7,45.0,85.0,100,0.0,1006,90,25.7,0.0,1.66,2023,4,6,5,3,96,14,0.9659258262890683,0.25881904510252074,0.8660254037844387,-0.4999999999999998,0.43388373911755823,-0.900968867902419,1,3,0,34.0,36.0,39.0,43.0,57.0,41.0,35.333333333333336,1.1547005383804483,36.0,34.0,37.166666666666664,2.1369760566414486,39.0,34.0,44.583333333333336,8.596599045640545,57.0,34.0,56.375,17.067162724901397,89.0,34.0,25.6,25.7,26.1,90.0,90.0,87.0,2.0,2.0,2.66,1005.0,1005.0,1005.0,2313.0,149.4,42.662,0.0,0.7999822226172753,5.986091541293577,1.3044861597200126,23.13,24.87,0.025546694287580232,660.49,8100,2.7556,1012036,348.4,58.06666666666666,2.0,-3.0,0.09999999999999787
100,147.8,24.0,25.3,43.8,79.0,100,0.0,1007,90,25.7,0.6,1.33,2023,4,6,6,3,96,14,1.0,6.123233995736766e-17,0.8660254037844387,-0.4999999999999998,0.43388373911755823,-0.900968867902419,1,0,0,36.0,34.0,36.0,39.0,52.0,53.0,35.0,1.0000000000013909,36.0,34.0,36.5,2.0736441353308646,39.0,34.0,43.166666666666664,8.663752423782585,57.0,34.0,55.625,17.608823134267546,89.0,34.0,25.7,25.7,25.9,90.0,90.0,88.0,1.66,2.0,2.33,1006.0,1005.0,1005.0,2313.0,119.7,34.181,0.0,0.7990685144174792,6.158076746802217,1.0541227448856298,23.13,25.035,0.025521325202258985,660.49,8100,1.7689000000000001,1014049,354.90000000000003,59.150000000000006,-1.0,-1.0,0.0
110,164.0,26.0,22.0,48.8,73.0,100,0.0,1008,89,25.8,0.7,1.0,2023,4,6,7,3,96,14,0.9659258262890683,-0.25881904510252063,0.8660254037844387,-0.4999999999999998,0.43388373911755823,-0.900968867902419,1,0,0,35.0,36.0,34.0,39.0,57.0,58.0,36.666666666666664,2.081665999466778,39.0,35.0,36.5,2.0736441353308646,39.0,34.0,41.666666666666664,7.535773270731484,56.0,34.0,54.833333333333336,17.921729988957658,89.0,34.0,25.7,25.6,25.8,90.0,90.0,89.0,1.33,2.0,2.0,1007.0,1005.0,1005.0,2296.2000000000003,89.0,25.8,0.0,0.7991639515583698,6.3074497134725585,0.8461213030268067,22.962000000000003,25.3,0.025595212703162003,665.64,7921,1.0,1016064,372.8,62.13333333333333,4.0,5.0,0.10000000000000142
134,148.8,21.7,38.7,60.0,69.7,95,0.0,1008,85,26.5,1.2,1.0,2023,4,6,8,3,96,14,0.8660254037844387,-0.4999999999999998,0.8660254037844387,-0.4999999999999998,0.43388373911755823,-0.900968867902419,1,0,0,39.0,35.0,36.0,39.0,56.0,46.0,40.666666666666664,6.658328118479577,48.0,35.0,38.0,5.176871642217167,48.0,34.0,41.0,6.424385361473848,54.0,34.0,54.916666666666664,17.88347954341417,89.0,34.0,25.8,25.7,25.7,89.0,90.0,90.0,1.0,1.66,2.0,1008.0,1006.0,1005.0,2252.5,85.0,26.5,0.0,0.7999866668888852,6.856826874337589,1.7833279572369938,22.525,26.0,0.02628965645867415,702.25,7225,1.0,1016064,386.9,64.48333333333333,9.0,12.0,0.6999999999999993
161,133.6,17.3,55.3,80.0,66.3,91,0.0,1008,82,27.3,1.8,1.0,2023,4,6,9,3,96,14,0.7071067811865476,-0.7071067811865475,0.8660254037844387,-0.4999999999999998,0.43388373911755823,-0.900968867902419,1,0,0,48.0,39.0,35.0,36.0,54.0,49.0,50.333333333333336,12.662279942148462,64.0,39.0,42.666666666666664,11.621818561079824,64.0,34.0,41.833333333333336,8.558178792384311,64.0,34.0,55.541666666666664,17.929764339649452,89.0,34.0,26.5,25.7,25.7,85.0,90.0,90.0,1.0,1.33,2.0,1008.0,1007.0,1005.0,2238.6,82.0,27.3,0.0,0.7999900001249984,7.722096988613374,3.19634703196347,22.386,26.8,0.027083306464973745,745.2900000000001,6724,1.0,1016064,416.5,69.41666666666667,16.0,29.0,0.8000000000000007
171,118.5,13.0,72.0,88.8,63.0,87,0.0,1009,78,28.0,2.6,1.0,2023,4,6,10,3,96,14,0.49999999999999994,-0.8660254037844387,0.8660254037844387,-0.4999999999999998,0.43388373911755823,-0.900968867902419,1,0,0,64.0,48.0,39.0,34.0,50.0,67.0,61.0,11.789826122551652,71.0,48.0,48.833333333333336,15.328622464744193,71.0,35.0,43.583333333333336,11.88167675137794,71.0,34.0,55.708333333333336,18.059031623772317,89.0,34.0,27.3,25.8,25.6,82.0,89.0,90.0,1.0,1.0,2.0,1008.0,1008.0,1005.0,2184.0,78.0,28.0,0.0,0.7995405457145752,9.1146834858857,5.538035535728021,21.84,27.5,0.027750220267373372,784.0,6084,1.0,1018081,426.3,71.05,7.0,32.0,0.6999999999999993
183,118.3,10.7,82.7,100.0,54.7,87,0.0,1008,70,29.1,4.0,1.66,2023,4,6,11,3,96,14,0.258819045102521,-0.9659258262890682,0.8660254037844387,-0.4999999999999998,0.43388373911755823,-0.900968867902419,1,0,0,71.0,64.0,48.0,36.0,43.0,82.0,71.66666666666667,8.020806277010687,80.0,64.0,56.166666666666664,18.214463117716683,80.0,35.0,46.666666666666664,15.85349593412527,80.0,34.0,55.625,17.936633633069484,89.0,34.0,28.0,26.5,25.7,78.0,85.0,90.0,1.0,1.0,1.66,1009.0,1008.0,1006.0,2037.0,116.19999999999999,48.306,0.0,0.7999920000799992,11.055041584898609,7.728249696290067,20.37,28.270000000000003,0.02886901897914784,846.8100000000001,4900,2.7556,1016064,446.4,74.39999999999999,9.0,32.0,1.1000000000000014
204,118.1,8.3,93.3,120.0,46.3,87,0.5,1007,64,30.3,6.4,2.33,2023,4,6,12,3,96,14,1.2246467991473532e-16,-1.0,0.8660254037844387,-0.4999999999999998,0.43388373911755823,-0.900968867902419,1,1,0,80.0,71.0,64.0,35.0,39.0,89.0,82.33333333333333,12.662279942148388,96.0,71.0,66.33333333333333,20.86783809278437,96.0,39.0,51.416666666666664,21.038744921662552,96.0,34.0,55.916666666666664,18.54938570802091,96.0,34.0,29.1,27.3,25.7,70.0,82.0,90.0,1.66,1.0,1.33,1008.0,1008.0,1007.0,1939.2,149.12,70.599,43.5,0.7999933333888883,14.227201541982893,11.23960968558005,19.392,29.135,0.030089344499161372,918.09,4096,5.4289000000000005,1014049,482.0,80.33333333333333,16.0,32.0,1.1999999999999993
209,117.9,6.0,104.0,125.0,38.0,87,0.0,1007,57,31.4,5.0,3.0,2023,4,6,13,3,96,14,-0.2588190451025208,-0.9659258262890683,0.8660254037844387,-0.4999999999999998,0.43388373911755823,-0.900968867902419,1,1,0,96.0,80.0,71.0,39.0,39.0,87.0,92.0,10.583005244258338,100.0,80.0,76.5,19.715476154533956,100.0,48.0,56.5,24.79919353527438,100.0,34.0,56.458333333333336,19.65347445036163,100.0,34.0,30.3,28.0,25.8,64.0,78.0,89.0,2.33,1.0,1.0,1007.0,1009.0,1008.0,1789.8,171.0,94.19999999999999,0.0,0.7999936000511996,19.646725545742378,17.33044492584569,17.898,29.9,0.031181696939724984,985.9599999999999,3249,9.0,1014049,490.9,81.81666666666666,4.0,29.0,1.0999999999999979
196,121.6,7.0,103.7,112.5,34.3,75,0.0,1006,59,31.3,7.0,3.33,2023,4,6,14,3,96,14,-0.4999999999999997,-0.8660254037844388,0.8660254037844387,-0.4999999999999998,0.43388373911755823,-0.900968867902419,1,1,0,100.0,96.0,80.0,48.0,39.0,80.0,95.33333333333333,5.033222956847101,100.0,90.0,83.5,14.279355727763003,100.0,64.0,60.75,25.874258882666922,100.0,34.0,56.875,20.27058803119529,100.0,34.0,31.4,29.1,26.5,57.0,70.0,85.0,3.0,1.66,1.0,1007.0,1008.0,1008.0,1846.7,196.47,104.229,0.0,0.7999928889520982,17.36894729324382,14.812169690044279,18.467,29.635,0.03111328915180005,979.69,3481,11.0889,1012036,469.1,78.18333333333334,-10.0,10.0,-0.09999999999999787
191,125.3,8.0,103.3,107.5,30.7,62,0.0,1005,61,31.1,4.6,3.66,2023,4,6,15,3,96,14,-0.7071067811865471,-0.7071067811865479,0.8660254037844387,-0.4999999999999998,0.43388373911755823,-0.900968867902419,1,1,0,90.0,100.0,96.0,64.0,36.0,78.0,92.0,7.211102550927945,100.0,86.0,87.16666666666667,10.628577828979058,100.0,71.0,64.91666666666667,25.550158630830495,100.0,34.0,57.208333333333336,20.69442093828715,100.0,34.0,31.3,30.3,27.3,59.0,64.0,82.0,3.33,2.33,1.0,1006.0,1007.0,1008.0,1897.1000000000001,223.26000000000002,113.82600000000001,0.0,0.7999925582087608,15.660542432195976,12.910886139232597,18.971,29.270000000000003,0.03094524284055439,967.21,3721,13.395600000000002,1010025,460.8,76.8,-4.0,-10.0,-0.1999999999999993
185,129.0,9.0,103.0,102.5,27.0,50,0.0,1005,63,31.0,3.2,4.0,2023,4,6,16,3,96,14,-0.8660254037844385,-0.5000000000000004,0.8660254037844387,-0.4999999999999998,0.43388373911755823,-0.900968867902419,1,1,0,86.0,90.0,100.0,71.0,34.0,72.0,86.0,3.999999999999977,90.0,82.0,89.0,7.874007874011731,100.0,80.0,68.91666666666667,23.97899965057802,100.0,35.0,57.625,21.10184929048314,100.0,34.0,31.1,31.4,28.0,61.0,57.0,78.0,3.66,3.0,1.0,1005.0,1007.0,1009.0,1953.0,252.0,124.0,0.0,0.7999921951980956,14.331740917675814,11.443172980779915,19.53,29.0,0.030845740451999552,961.0,3969,16.0,1010025,452.5,75.41666666666667,-4.0,-18.0,-0.10000000000000142
159,136.6,12.7,93.3,77.5,32.7,66,0.0,1006,69,29.9,1.9,3.66,2023,4,6,17,3,96,14,-0.9659258262890683,-0.25881904510252063,0.8660254037844387,-0.4999999999999998,0.43388373911755823,-0.900968867902419,1,1,0,82.0,86.0,90.0,80.0,36.0,57.0,76.66666666666667,12.858201014657286,86.0,62.0,86.0,13.446189051177226,100.0,62.0,71.08333333333333,21.81099944912415,100.0,35.0,57.833333333333336,21.120084540893668,100.0,34.0,31.0,31.3,29.1,63.0,59.0,70.0,4.0,3.33,1.66,1005.0,1006.0,1008.0,2063.1,252.54000000000002,109.434,0.0,0.7999896775525477,10.755058656798678,7.345878277301001,20.631,28.07,0.029721640435745093,894.0099999999999,4761,13.395600000000002,1012036,414.79999999999995,69.13333333333333,-20.0,-28.0,-1.1000000000000014
131,144.1,16.3,83.7,58.8,38.3,83,0.0,1006,75,28.9,1.5,3.33,2023,4,6,18,3,96,14,-1.0,-1.8369701987210297e-16,0.8660254037844387,-0.4999999999999998,0.43388373911755823,-0.900968867902419,1,2,0,62.0,82.0,86.0,96.0,35.0,52.0,63.666666666666664,17.559422921421262,82.0,47.0,77.83333333333333,19.620567439976444,100.0,47.0,72.08333333333333,20.22356111673761,100.0,39.0,57.625,21.204619062016192,100.0,34.0,29.9,31.1,30.3,69.0,61.0,64.0,3.66,3.66,2.33,1006.0,1005.0,1007.0,2167.5,249.75,96.237,0.0,0.7993061342494175,8.839948469419053,5.134654315686154,21.675,27.235,0.028727605638562984,835.2099999999999,5625,11.0889,1012036,388.20000000000005,64.7,-15.0,-39.0,-1.0
148,151.7,20.0,74.0,66.3,44.0,100,0.0,1007,82,27.8,0.0,3.0,2023,4,6,19,3,96,14,-0.9659258262890684,0.2588190451025203,0.8660254037844387,-0.4999999999999998,0.43388373911755823,-0.900968867902419,1,2,0,47.0,62.0,82.0,100.0,39.0,57.0,54.0,7.549834435270857,62.0,47.0,70.0,18.34121042897649,90.0,47.0,73.25,18.46926193337551,100.0,47.0,57.458333333333336,21.22545470740815,100.0,34.0,28.9,31.0,31.4,75.0,63.0,57.0,3.33,4.0,3.0,1006.0,1005.0,1007.0,2279.6,246.0,83.4,0.0,0.7993846246662946,7.584620768961551,3.699815009249537,22.796,26.3,0.027606725316062248,772.84,6724,9.0,1014049,409.0,68.16666666666667,6.0,-29.0,-1.0999999999999979
155,149.6,18.7,72.7,73.8,43.7,100,0.0,1008,84,27.1,0.0,3.0,2023,4,6,20,3,96,14,-0.8660254037844386,0.5000000000000001,0.8660254037844387,-0.4999999999999998,0.43388373911755823,-0.900968867902419,1,2,0,53.0,47.0,62.0,90.0,48.0,56.0,53.0,6.000000000000139,59.0,47.0,64.83333333333333,15.765997166898824,86.0,47.0,74.16666666666667,17.340616185619446,100.0,47.0,57.583333333333336,21.22532668190589,100.0,34.0,27.8,29.9,31.3,82.0,69.0,59.0,3.0,3.66,3.33,1007.0,1006.0,1006.0,2276.4,252.0,81.30000000000001,0.0,0.799447161962575,7.999572215389551,3.887492647452008,22.764,25.6,0.026884893963398847,734.4100000000001,7056,9.0,1016064,417.5,69.58333333333333,6.0,-3.0,-0.6999999999999993
123,147.5,17.3,71.3,55.0,43.3,100,0.0,1010,86,26.3,0.0,3.0,2023,4,6,21,3,96,14,-0.7071067811865477,0.7071067811865474,0.8660254037844387,-0.4999999999999998,0.43388373911755823,-0.900968867902419,1,2,0,59.0,53.0,47.0,86.0,64.0,54.0,52.0,7.549834435270864,59.0,44.0,57.833333333333336,13.673575489485568,82.0,44.0,72.5,19.26136028425815,100.0,44.0,57.166666666666664,21.396193620578366,100.0,34.0,27.1,28.9,31.1,84.0,75.0,61.0,3.0,3.33,3.66,1008.0,1006.0,1005.0,2261.8,258.0,78.9,0.0,0.7999854548099126,8.525518756141263,4.121149066527946,22.618000000000002,24.8,0.026039578178635468,691.69,7396,9.0,1020100,378.40000000000003,63.06666666666667,-15.0,-3.0,-0.8000000000000007
129,145.3,16.0,70.0,57.5,43.0,100,0.0,1011,88,25.6,0.0,3.0,2023,4,6,22,3,96,14,-0.5000000000000004,0.8660254037844384,0.8660254037844387,-0.4999999999999998,0.43388373911755823,-0.900968867902419,1,3,0,44.0,59.0,53.0,82.0,71.0,50.0,49.666666666666664,8.144527815247192,59.0,44.0,51.833333333333336,7.413950813612089,62.0,44.0,70.41666666666667,20.73406653677739,100.0,44.0,57.0,21.46989803746477,100.0,34.0,26.3,27.8,31.0,86.0,82.0,63.0,3.0,3.0,4.0,1010.0,1007.0,1005.0,2252.8,264.0,76.80000000000001,0.0,0.7999860871984835,9.080682457346416,4.374726579588775,22.528000000000002,24.1,0.02532143885119797,655.3600000000001,7744,9.0,1022121,377.8,62.96666666666667,2.0,-7.0,-0.6999999999999993
134,134.4,12.7,73.3,60.0,42.0,100,0.0,1011,87,25.3,0.0,2.33,2023,4,6,23,3,96,14,-0.25881904510252157,0.9659258262890681,0.8660254037844387,-0.4999999999999998,0.43388373911755823,-0.900968867902419,1,3,0,46.0,44.0,59.0,62.0,80.0,43.0,46.0,2.000000000000518,48.0,44.0,49.5,5.54075807087733,59.0,44.0,67.75,21.43542098320603,100.0,44.0,57.208333333333336,21.352077928952514,100.0,34.0,25.6,27.1,29.9,88.0,84.0,69.0,3.0,3.0,3.66,1011.0,1008.0,1006.0,2201.1,202.71,58.949000000000005,0.0,0.7999866668888852,10.581843949295333,5.771199118179672,22.011,24.135,0.025024703239660495,640.09,7569,5.4289000000000005,1022121,370.4,61.73333333333333,2.0,-11.0,-0.3000000000000007
131,123.5,9.3,76.7,58.8,41.0,100,0.0,1011,86,24.9,0.0,1.66,2023,4,7,0,4,97,14,0.0,1.0,0.8660254037844387,-0.4999999999999998,-0.433883739117558,-0.9009688679024191,1,3,0,48.0,46.0,44.0,47.0,96.0,39.0,47.0,1.0000000000010054,48.0,46.0,49.5,5.54075807087733,59.0,44.0,63.666666666666664,20.196009206741415,100.0,44.0,57.541666666666664,21.116610331302255,100.0,34.0,25.3,26.3,28.9,87.0,86.0,75.0,2.33,3.0,3.33,1011.0,1010.0,1006.0,2141.4,142.76,41.333999999999996,0.0,0.7993061342494175,13.278142135254274,8.24642511557897,21.414,24.07,0.024629055757610527,620.0099999999999,7396,2.7556,1022121,356.3,59.38333333333333,-1.0,3.0,-0.40000000000000213
145,112.6,6.0,80.0,65.0,40.0,100,0.0,1011,85,24.6,0.0,1.0,2023,4,7,1,4,97,14,0.25881904510252074,0.9659258262890683,0.8660254037844387,-0.4999999999999998,-0.433883739117558,-0.9009688679024191,1,3,0,47.0,48.0,46.0,53.0,100.0,39.0,49.0,2.6457513110649478,52.0,47.0,49.333333333333336,5.428320796218561,59.0,44.0,59.666666666666664,16.81629801079519,90.0,44.0,58.083333333333336,20.784435369362132,100.0,34.0,24.9,25.6,27.8,86.0,88.0,82.0,1.66,3.0,3.0,1011.0,1011.0,1007.0,2091.0,85.0,24.6,0.0,0.7999876924970385,18.763539410098314,13.331111481419763,20.91,24.1,0.024332320146073054,605.1600000000001,7225,1.0,1022121,355.6,59.26666666666667,5.0,6.0,-0.29999999999999716
104,111.5,5.7,78.0,46.3,38.7,100,0.0,1010,74,24.7,0.0,1.33,2023,4,7,2,4,97,14,0.49999999999999994,0.8660254037844387,0.8660254037844387,-0.4999999999999998,-0.433883739117558,-0.9009688679024191,1,3,0,52.0,47.0,48.0,59.0,90.0,39.0,45.333333333333336,7.63762615825987,52.0,37.0,45.666666666666664,5.006662228137446,52.0,37.0,55.25,14.985599147787745,86.0,37.0,58.0,20.868115891703507,100.0,34.0,24.6,25.3,27.1,85.0,87.0,84.0,1.0,2.33,3.0,1011.0,1011.0,1008.0,1827.8,98.42,32.851,0.0,0.799118809528952,19.557972285563935,13.681810208735309,18.278,24.035,0.02445542133126601,610.0899999999999,5476,1.7689000000000001,1020100,317.2,52.86666666666667,-15.0,-11.0,0.09999999999999787
104,110.3,5.3,76.0,46.3,37.3,100,0.0,1010,65,24.9,0.0,1.66,2023,4,7,3,4,97,14,0.7071067811865476,0.7071067811865476,0.8660254037844387,-0.4999999999999998,-0.433883739117558,-0.9009688679024191,1,3,0,37.0,52.0,47.0,44.0,86.0,36.0,42.0,8.660254037844519,52.0,37.0,44.5,6.156297588647849,52.0,37.0,51.166666666666664,12.27586940696927,82.0,37.0,58.041666666666664,20.823229433927253,100.0,34.0,24.7,24.9,26.3,74.0,86.0,86.0,1.33,1.66,3.0,1010.0,1011.0,1010.0,1618.5,107.89999999999999,41.333999999999996,0.0,0.799118809528952,20.80739483116393,14.336917562724015,16.185,24.07,0.02465344093718719,620.0099999999999,4225,2.7556,1020100,312.2,52.03333333333333,0.0,-10.0,0.1999999999999993
89,109.1,5.0,74.0,37.5,36.0,100,0.0,1010,56,25.0,0.0,2.0,2023,4,7,4,4,97,14,0.8660254037844386,0.5000000000000001,0.8660254037844387,-0.4999999999999998,-0.433883739117558,-0.9009688679024191,1,3,0,37.0,37.0,52.0,46.0,82.0,34.0,34.666666666666664,4.041451884327717,37.0,30.0,41.833333333333336,8.424171571534938,52.0,30.0,46.833333333333336,9.193212252262278,62.0,30.0,57.875,21.038913222056426,100.0,30.0,24.9,24.6,25.6,65.0,85.0,88.0,1.66,1.0,3.0,1010.0,1011.0,1011.0,1400.0,112.0,50.0,0.0,0.7999786672355405,21.815636872625472,14.797040591881622,14.0,24.0,0.024752450740147782,625.0,3136,4.0,1020100,291.6,48.6,-7.0,-22.0,0.10000000000000142
72,114.2,6.7,68.3,27.5,36.7,100,0.0,1011,54,24.8,0.0,2.0,2023,4,7,5,4,97,14,0.9659258262890683,0.25881904510252074,0.8660254037844387,-0.4999999999999998,-0.433883739117558,-0.9009688679024191,1,3,0,30.0,37.0,37.0,48.0,62.0,36.0,29.666666666666668,7.505553499465335,37.0,22.0,37.5,10.931605554537258,52.0,22.0,43.5,10.37041245782673,59.0,22.0,57.291666666666664,21.8502396100019,100.0,22.0,25.0,24.7,25.3,56.0,74.0,87.0,2.0,1.33,2.33,1010.0,1010.0,1011.0,1339.2,108.0,49.6,0.0,0.7999709101487218,17.04223250261155,10.192508580808834,13.392000000000001,23.8,0.024530143887098035,615.0400000000001,2916,4.0,1022121,275.4,45.9,-8.0,-15.0,-0.1999999999999993
87,119.2,8.3,62.7,36.3,37.3,100,0.0,1012,52,24.6,0.6,2.0,2023,4,7,6,4,97,14,1.0,6.123233995736766e-17,0.8660254037844387,-0.4999999999999998,-0.433883739117558,-0.9009688679024191,1,0,0,22.0,30.0,37.0,47.0,47.0,35.0,27.0,4.3588989435410355,30.0,22.0,34.5,10.251829105090916,52.0,22.0,42.0,11.094634247729942,59.0,22.0,57.041666666666664,22.148666004911103,100.0,22.0,24.8,24.9,24.9,54.0,65.0,86.0,2.0,1.66,1.66,1011.0,1010.0,1011.0,1279.2,104.0,49.2,0.0,0.798876064020275,14.359715696903988,7.55330683050235,12.792,23.6,0.024308276375220976,605.1600000000001,2704,4.0,1024144,292.8,48.800000000000004,7.0,-8.0,-0.1999999999999993
87,124.3,10.0,57.0,36.3,38.0,100,0.0,1013,50,24.4,0.7,2.0,2023,4,7,7,4,97,14,0.9659258262890683,-0.25881904510252063,0.8660254037844387,-0.4999999999999998,-0.433883739117558,-0.9009688679024191,1,0,0,29.0,22.0,30.0,52.0,53.0,39.0,26.666666666666668,4.041451884327773,29.0,22.0,30.666666666666668,5.6803755744365265,37.0,22.0,40.0,11.09463424772993,59.0,22.0,56.625,22.592442945836396,100.0,22.0,24.6,25.0,24.6,52.0,56.0,85.0,2.0,2.0,1.0,1012.0,1010.0,1011.0,1220.0,100.0,48.8,0.0,0.798876064020275,12.428757124287571,5.699430056994301,12.2,23.4,0.02408684690340878,595.3599999999999,2500,4.0,1026169,294.6,49.1,0.0,-1.0,-0.20000000000000284
98,126.1,10.7,58.0,42.5,42.3,100,0.0,1013,50,24.5,1.1,2.0,2023,4,7,8,4,97,14,0.8660254037844387,-0.4999999999999998,0.8660254037844387,-0.4999999999999998,-0.433883739117558,-0.9009688679024191,1,0,0,29.0,29.0,22.0,37.0,59.0,48.0,30.666666666666668,2.8867513459486385,34.0,29.0,30.166666666666668,5.115336417739795,37.0,22.0,37.916666666666664,9.42393792745891,52.0,22.0,56.041666666666664,23.00185090221088,100.0,22.0,24.4,24.8,24.7,50.0,54.0,74.0,2.0,2.0,1.33,1013.0,1011.0,1010.0,1225.0,100.0,49.0,0.0,0.7999811769134845,11.783945425661154,5.4200542005420065,12.25,23.5,0.02418556348907849,600.25,2500,4.0,1026169,313.59999999999997,52.26666666666666,5.0,12.0,0.10000000000000142
98,127.8,11.3,59.0,42.5,46.7,100,0.0,1014,51,24.7,1.8,2.0,2023,4,7,9,4,97,14,0.7071067811865476,-0.7071067811865475,0.8660254037844387,-0.4999999999999998,-0.433883739117558,-0.9009688679024191,1,0,0,34.0,29.0,29.0,37.0,44.0,64.0,32.333333333333336,2.886751345948623,34.0,29.0,29.666666666666668,4.412104562071812,34.0,22.0,37.083333333333336,9.278110439810774,52.0,22.0,54.791666666666664,23.362882428380324,100.0,22.0,24.5,24.6,24.9,50.0,52.0,65.0,2.0,2.0,1.66,1013.0,1012.0,1010.0,1259.7,102.0,49.4,0.0,0.7999811769134845,11.308733740376958,5.220776922396248,12.597000000000001,23.7,0.02435895033634089,610.0899999999999,2601,4.0,1028196,321.3,53.550000000000004,0.0,5.0,0.1999999999999993
115,129.6,12.0,60.0,51.3,51.0,100,0.0,1015,52,24.8,2.7,2.0,2023,4,7,10,4,97,14,0.49999999999999994,-0.8660254037844387,0.8660254037844387,-0.4999999999999998,-0.433883739117558,-0.9009688679024191,1,0,0,34.0,34.0,29.0,30.0,46.0,71.0,36.333333333333336,4.0414518843277065,41.0,34.0,31.5,6.410928169928955,41.0,22.0,36.666666666666664,8.947659250362541,52.0,22.0,53.541666666666664,23.26030237693977,100.0,22.0,24.7,24.4,25.0,51.0,50.0,56.0,2.0,2.0,2.0,1014.0,1013.0,1010.0,1289.6000000000001,104.0,49.6,0.0,0.7992046938656168,10.799100074993751,4.9995833680526625,12.896,23.8,0.024433473464558163,615.0400000000001,2704,4.0,1030225,344.9,57.48333333333333,7.0,12.0,0.10000000000000142
139,141.6,15.0,62.7,62.5,66.0,100,0.0,1014,55,24.8,3.3,2.0,2023,4,7,11,4,97,14,0.258819045102521,-0.9659258262890682,0.8660254037844387,-0.4999999999999998,-0.433883739117558,-0.9009688679024191,1,0,0,41.0,34.0,34.0,22.0,48.0,80.0,41.666666666666664,8.02080627701079,50.0,34.0,36.166666666666664,8.084965470962524,50.0,29.0,36.833333333333336,9.1932122522622,52.0,22.0,52.291666666666664,22.572548095778533,100.0,22.0,24.8,24.5,24.8,52.0,50.0,54.0,2.0,2.0,2.0,1015.0,1013.0,1011.0,1364.0,110.0,49.6,0.0,0.7999872002047967,9.439370708619425,4.179721351909873,13.64,23.8,0.024457569568471827,615.0400000000001,3025,4.0,1028196,397.8,66.3,9.0,16.0,0.0
137,153.7,18.0,65.3,61.3,81.0,100,0.0,1013,58,24.9,3.6,2.0,2023,4,7,12,4,97,14,1.2246467991473532e-16,-1.0,0.8660254037844387,-0.4999999999999998,-0.433883739117558,-0.9009688679024191,1,1,0,50.0,41.0,34.0,29.0,47.0,96.0,46.666666666666664,4.932882862316456,50.0,41.0,39.5,8.6429161745322,50.0,29.0,37.0,9.409859432820815,52.0,22.0,50.333333333333336,20.565202071263172,100.0,22.0,24.8,24.7,24.6,55.0,51.0,52.0,2.0,2.0,2.0,1014.0,1014.0,1012.0,1444.1999999999998,116.0,49.8,0.0,0.7993344317384709,8.53841453252597,3.6275762457641236,14.441999999999998,23.9,0.024580429831757324,620.0099999999999,3364,4.0,1026169,428.3,71.38333333333334,-1.0,15.0,0.09999999999999787
163,165.7,21.0,68.0,81.3,96.0,100,0.0,1013,62,24.9,3.3,2.0,2023,4,7,13,4,97,14,-0.2588190451025208,-0.9659258262890683,0.8660254037844387,-0.4999999999999998,-0.433883739117558,-0.9009688679024191,1,1,0,49.0,50.0,41.0,29.0,52.0,100.0,54.666666666666664,8.962886439832591,65.0,49.0,45.5,11.811011811017359,65.0,34.0,38.083333333333336,11.750886491381227,65.0,22.0,48.875,17.96690798687127,90.0,22.0,24.9,24.8,24.4,58.0,52.0,50.0,2.0,2.0,2.0,1013.0,1015.0,1013.0,1543.8,124.0,49.8,0.0,0.7994981611542293,7.8901004714061225,3.23794105042617,15.437999999999999,23.9,0.024580429831757324,620.0099999999999,3844,4.0,1026169,497.0,82.83333333333333,16.0,24.0,0.0
131,170.0,23.3,67.0,58.8,100.0,100,0.0,1012,63,24.7,2.6,1.66,2023,4,7,14,4,97,14,-0.4999999999999997,-0.8660254037844388,0.8660254037844387,-0.4999999999999998,-0.433883739117558,-0.9009688679024191,1,1,0,65.0,49.0,50.0,34.0,37.0,90.0,53.666666666666664,9.86576572463258,65.0,47.0,47.666666666666664,10.38588786125956,65.0,34.0,38.916666666666664,12.018609307942508,65.0,22.0,47.083333333333336,15.686928002159329,86.0,22.0,24.9,24.8,24.5,62.0,55.0,50.0,2.0,2.0,2.0,1013.0,1014.0,1013.0,1556.1,104.58,41.001999999999995,0.0,0.7993061342494175,7.2958242135530655,2.8754130724003257,15.561,23.87,0.024407090506827562,610.0899999999999,3969,2.7556,1024144,466.1,77.68333333333334,-18.0,-3.0,-0.1999999999999993
137,174.3,25.7,66.0,61.3,104.0,100,0.0,1011,64,24.4,1.8,1.33,2023,4,7,15,4,97,14,-0.7071067811865471,-0.7071067811865479,0.8660254037844387,-0.4999999999999998,-0.433883739117558,-0.9009688679024191,1,1,0,47.0,65.0,49.0,34.0,37.0,86.0,53.666666666666664,9.86576572463258,65.0,47.0,50.166666666666664,7.9603182515939155,65.0,41.0,39.916666666666664,12.339576634355987,65.0,22.0,45.541666666666664,13.338336923472164,82.0,22.0,24.7,24.9,24.7,63.0,58.0,51.0,1.66,2.0,2.0,1012.0,1013.0,1014.0,1561.6,85.12,32.452,0.0,0.7993344317384709,6.781837282596008,2.567993463289366,15.616,23.735,0.024134496405048066,595.3599999999999,4096,1.7689000000000001,1022121,480.3,80.05,2.0,0.0,-0.3000000000000007
161,178.6,28.0,65.0,80.0,108.0,100,0.0,1011,65,24.2,1.1,1.0,2023,4,7,16,4,97,14,-0.8660254037844385,-0.5000000000000004,0.8660254037844387,-0.4999999999999998,-0.433883739117558,-0.9009688679024191,1,1,0,49.0,47.0,65.0,41.0,30.0,82.0,53.333333333333336,9.29157324317766,64.0,47.0,54.0,8.197560612767273,65.0,47.0,42.75,13.685592955566364,65.0,22.0,44.791666666666664,11.590772816890016,65.0,22.0,24.4,24.9,24.8,64.0,62.0,52.0,1.33,2.0,2.0,1011.0,1013.0,1015.0,1573.0,65.0,24.2,0.0,0.7999900001249984,6.378343630584621,2.321345666226206,15.73,23.7,0.023936672664023082,585.64,4225,1.0,1022121,523.6,87.26666666666667,15.0,-1.0,-0.1999999999999993
167,201.9,38.3,47.7,85.0,112.0,100,0.0,1011,68,23.9,0.7,1.0,2023,4,7,17,4,97,14,-0.9659258262890683,-0.25881904510252063,0.8660254037844387,-0.4999999999999998,-0.433883739117558,-0.9009688679024191,1,1,0,64.0,49.0,47.0,50.0,22.0,62.0,60.333333333333336,10.016652800877878,68.0,49.0,57.0,9.612491872558019,68.0,47.0,46.583333333333336,13.78707123842214,68.0,29.0,45.041666666666664,12.034295798355704,68.0,22.0,24.2,24.7,24.8,65.0,63.0,55.0,1.0,1.66,2.0,1011.0,1012.0,1014.0,1625.1999999999998,68.0,23.9,0.0,0.7999905883460194,5.271402835435107,1.2453982924727816,16.252,23.4,0.023639937052485606,571.2099999999999,4624,1.0,1022121,552.9,92.14999999999999,4.0,21.0,-0.3000000000000007
196,225.3,48.7,30.3,112.5,116.0,100,0.0,1012,72,23.5,0.6,1.0,2023,4,7,18,4,97,14,-1.0,-1.8369701987210297e-16,0.8660254037844387,-0.4999999999999998,-0.433883739117558,-0.9009688679024191,1,2,0,68.0,64.0,49.0,49.0,29.0,47.0,74.0,14.000000000000023,90.0,64.0,63.833333333333336,15.535979745953007,90.0,47.0,51.666666666666664,17.46858652414412,90.0,29.0,46.833333333333336,15.138969773307046,90.0,22.0,23.9,24.4,24.9,68.0,64.0,58.0,1.0,1.33,2.0,1011.0,1011.0,1013.0,1692.0,72.0,23.5,0.0,0.7999928889520982,4.626188373955361,0.6221638159380711,16.92,23.0,0.02322132092754849,552.25,5184,1.0,1024144,622.8,103.8,22.0,41.0,-0.3999999999999986
181,248.6,59.0,13.0,98.8,120.0,100,0.0,1013,75,23.2,0.0,1.0,2023,4,7,19,4,97,14,-0.9659258262890684,0.2588190451025203,0.8660254037844387,-0.4999999999999998,-0.433883739117558,-0.9009688679024191,1,2,0,90.0,68.0,64.0,65.0,29.0,53.0,79.0,11.000000000000016,90.0,68.0,66.16666666666667,16.750124377647545,90.0,47.0,55.833333333333336,17.533517685400078,90.0,34.0,47.916666666666664,16.47109897515276,90.0,22.0,23.5,24.2,24.9,72.0,65.0,62.0,1.0,1.0,2.0,1012.0,1011.0,1013.0,1740.0,75.0,23.2,0.0,0.7995870487140818,4.213487906984628,0.22033524855510925,17.4,22.7,0.022902247875372286,538.24,5625,1.0,1026169,618.4000000000001,103.06666666666668,-11.0,15.0,-0.3000000000000007
201,267.1,58.0,10.7,117.5,114.0,91,0.0,1014,79,22.6,0.0,1.0,2023,4,7,20,4,97,14,-0.8660254037844386,0.5000000000000001,0.8660254037844387,-0.4999999999999998,-0.433883739117558,-0.9009688679024191,1,2,0,79.0,90.0,68.0,47.0,34.0,59.0,87.66666666666667,7.767453465154024,94.0,79.0,74.0,16.982343772282956,94.0,49.0,60.833333333333336,19.215681727235697,94.0,34.0,49.375,18.869834450092988,94.0,22.0,23.2,23.9,24.7,75.0,68.0,63.0,1.0,1.0,1.66,1013.0,1011.0,1012.0,1785.4,79.0,22.6,0.0,0.799993191547306,4.605093015637662,0.1844795779383114,17.854,22.1,0.02228794646159126,510.76000000000005,6241,1.0,1028196,661.3,110.21666666666665,15.0,26.0,-0.5999999999999979
164,285.6,57.0,8.3,82.5,108.0,83,0.0,1015,84,22.1,0.0,1.0,2023,4,7,21,4,97,14,-0.7071067811865477,0.7071067811865474,0.8660254037844387,-0.4999999999999998,-0.433883739117558,-0.9009688679024191,1,2,0,94.0,79.0,90.0,49.0,34.0,44.0,79.66666666666667,14.011899704655814,94.0,66.0,76.83333333333333,12.906070922889935,94.0,64.0,63.5,17.275837040633988,94.0,41.0,50.291666666666664,19.129942763765147,94.0,22.0,22.6,23.5,24.4,79.0,72.0,64.0,1.0,1.0,1.33,1014.0,1012.0,1011.0,1856.4,84.0,22.1,0.0,0.7999903031478406,5.01043841336117,0.14561148050034212,18.564,21.6,0.021773377563174816,488.4100000000001,7056,1.0,1030225,607.4000000000001,101.23333333333335,-28.0,-24.0,-0.5
163,304.1,56.0,6.0,81.3,102.0,75,0.0,1016,88,21.5,0.0,1.0,2023,4,7,22,4,97,14,-0.5000000000000004,0.8660254037844384,0.8660254037844387,-0.4999999999999998,-0.433883739117558,-0.9009688679024191,1,3,0,66.0,94.0,79.0,64.0,41.0,46.0,75.0,16.462077633154347,94.0,65.0,77.0,12.7121988656565,94.0,65.0,65.5,15.756672468282236,94.0,47.0,51.083333333333336,19.33664389446763,94.0,22.0,22.1,23.2,24.2,84.0,75.0,65.0,1.0,1.0,1.0,1015.0,1013.0,1011.0,1892.0,88.0,21.5,0.0,0.7994981611542293,5.430260173925467,0.10714094391171587,18.92,21.0,0.02116139649468849,462.25,7744,1.0,1032256,614.4000000000001,102.40000000000002,-1.0,-14.0,-0.6000000000000014
157,277.8,52.0,9.0,76.3,96.7,83,0.0,1016,89,21.3,0.0,1.0,2023,4,7,23,4,97,14,-0.25881904510252157,0.9659258262890681,0.8660254037844387,-0.4999999999999998,-0.433883739117558,-0.9009688679024191,1,3,0,65.0,66.0,94.0,68.0,50.0,48.0,64.0,2.6457513110648088,66.0,61.0,75.83333333333333,13.963046467969118,94.0,61.0,66.41666666666667,15.078330829573176,94.0,47.0,51.625,19.428380182653992,94.0,22.0,21.5,22.6,23.9,88.0,79.0,68.0,1.0,1.0,1.0,1016.0,1014.0,1011.0,1895.7,89.0,21.3,0.0,0.7994652756844602,5.3422049575969695,0.17307359473856274,18.957,20.8,0.0209645462947379,453.69000000000005,7921,1.0,1032256,572.8000000000001,95.46666666666668,-4.0,-33.0,-0.1999999999999993
163,251.5,48.0,12.0,81.3,91.3,91,0.0,1016,90,21.2,0.0,1.0,2023,4,8,0,5,98,14,0.0,1.0,0.8660254037844387,-0.4999999999999998,-0.9749279121818236,-0.2225209339563146,1,3,1,61.0,65.0,66.0,90.0,49.0,47.0,63.666666666666664,2.3094010767587565,65.0,61.0,71.66666666666667,12.548572295949205,94.0,61.0,67.75,14.07205483476822,94.0,47.0,52.375,19.588844429597163,94.0,22.0,21.3,22.1,23.5,89.0,84.0,72.0,1.0,1.0,1.0,1016.0,1015.0,1012.0,1908.0,90.0,21.2,0.0,0.7994981611542293,5.239474177621299,0.24999479177517137,19.08,20.7,0.020866121194762603,449.44,8100,1.0,1032256,549.1,91.51666666666667,4.0,-1.0,-0.10000000000000142
160,225.3,44.0,15.0,78.8,86.0,100,0.0,1015,91,21.0,0.0,1.0,2023,4,8,1,5,98,14,0.25881904510252074,0.9659258262890683,0.8660254037844387,-0.4999999999999998,-0.9749279121818236,-0.2225209339563146,1,3,1,65.0,61.0,65.0,79.0,65.0,52.0,63.0,2.000000000000298,65.0,61.0,69.0,12.377398757412507,94.0,61.0,67.58333333333333,14.119350573098501,94.0,47.0,52.833333333333336,19.70801352499669,94.0,22.0,21.2,21.5,23.2,90.0,88.0,75.0,1.0,1.0,1.0,1016.0,1016.0,1013.0,1911.0,91.0,21.0,0.0,0.7994822400730955,5.1203381741324066,0.34090134315129206,19.11,20.5,0.020689634788537154,441.0,8281,1.0,1030225,512.1,85.35000000000001,-2.0,-2.0,-0.1999999999999993
173,194.1,32.7,30.0,91.3,80.7,100,0.0,1015,84,21.2,0.0,1.0,2023,4,8,2,5,98,14,0.49999999999999994,0.8660254037844387,0.8660254037844387,-0.4999999999999998,-0.9749279121818236,-0.2225209339563146,1,3,1,63.0,65.0,61.0,94.0,47.0,37.0,67.0,5.291502622129282,73.0,63.0,65.5,4.0865633483400154,73.0,61.0,69.75,12.585164426274305,94.0,49.0,54.333333333333336,19.82020634882867,94.0,22.0,21.0,21.3,22.6,91.0,89.0,79.0,1.0,1.0,1.0,1015.0,1016.0,1014.0,1780.8,84.0,21.2,0.0,0.7995531264717801,5.935598299746185,0.9174031375187303,17.808,20.7,0.020886678929380367,449.44,7056,1.0,1030225,501.8,83.63333333333334,10.0,12.0,0.1999999999999993
161,163.0,21.3,45.0,80.0,75.3,100,0.5,1015,78,21.4,0.0,1.0,2023,4,8,3,5,98,14,0.7071067811865476,0.7071067811865476,0.8660254037844387,-0.4999999999999998,-0.9749279121818236,-0.2225209339563146,1,3,1,73.0,63.0,65.0,66.0,49.0,37.0,66.66666666666667,5.507570547286201,73.0,63.0,65.16666666666667,4.119061381754653,73.0,61.0,71.0,10.979319402652031,94.0,61.0,55.458333333333336,19.558116666392888,94.0,22.0,21.2,21.2,22.1,84.0,90.0,84.0,1.0,1.0,1.0,1015.0,1016.0,1015.0,1669.1999999999998,78.0,21.4,50.0,0.7999900001249984,7.652222900333317,2.112576874325149,16.691999999999997,20.9,0.021083723070223576,457.9599999999999,6084,1.0,1030225,448.6,74.76666666666667,-9.0,-1.0,0.1999999999999993
175,131.9,10.0,60.0,92.5,70.0,100,0.5,1015,72,21.6,0.0,1.0,2023,4,8,4,5,98,14,0.8660254037844386,0.5000000000000001,0.8660254037844387,-0.4999999999999998,-0.9749279121818236,-0.2225209339563146,1,3,1,64.0,73.0,63.0,65.0,64.0,30.0,70.33333333333333,5.507570547286181,74.0,64.0,66.66666666666667,5.46504040851144,74.0,61.0,71.83333333333333,10.77736123322922,94.0,61.0,57.291666666666664,19.12539665213385,94.0,22.0,21.4,21.0,21.5,78.0,91.0,88.0,1.0,1.0,1.0,1015.0,1015.0,1016.0,1555.2,72.0,21.6,50.0,0.7999913514448492,13.188681131886813,5.9994000599940005,15.552,21.1,0.021280767211066788,466.56000000000006,5184,1.0,1030225,438.4,73.06666666666666,10.0,11.0,0.20000000000000284
160,131.7,10.0,62.7,78.8,73.7,100,0.5,1016,74,21.7,0.0,1.33,2023,4,8,5,5,98,14,0.9659258262890683,0.25881904510252074,0.8660254037844387,-0.4999999999999998,-0.9749279121818236,-0.2225209339563146,1,3,1,74.0,64.0,73.0,61.0,68.0,22.0,67.0,6.082762530298306,74.0,63.0,67.0,5.099019513592421,74.0,63.0,71.41666666666667,11.032664998525687,94.0,61.0,59.0,17.60681686165911,94.0,29.0,21.6,21.2,21.3,72.0,84.0,89.0,1.0,1.0,1.0,1015.0,1015.0,1016.0,1605.8,98.42,28.861,50.0,0.7994822400730955,13.16868313168683,6.269373062693731,16.058,21.035,0.02135824669463908,470.89,5476,1.7689000000000001,1032256,419.9,69.98333333333333,-11.0,-10.0,0.09999999999999787
157,131.5,10.0,65.3,76.3,77.3,100,0.5,1017,76,21.8,0.6,1.66,2023,4,8,6,5,98,14,1.0,6.123233995736766e-17,0.8660254037844387,-0.4999999999999998,-0.9749279121818236,-0.2225209339563146,1,0,1,63.0,74.0,64.0,65.0,90.0,29.0,66.0,7.000000000000079,74.0,61.0,66.33333333333333,5.645056834670736,74.0,61.0,69.0,9.685978619539602,94.0,61.0,60.333333333333336,16.406962113599974,94.0,29.0,21.7,21.4,21.2,74.0,78.0,90.0,1.33,1.0,1.0,1016.0,1015.0,1016.0,1656.8,126.16,36.188,50.0,0.7994652756844602,13.148685131486852,6.529347065293471,16.567999999999998,20.970000000000002,0.021435573809661938,475.24,5776,2.7556,1034289,421.40000000000003,70.23333333333333,-2.0,-3.0,0.10000000000000142
126,131.3,10.0,68.0,56.3,81.0,100,0.5,1018,78,21.9,0.7,2.0,2023,4,8,7,5,98,14,0.9659258262890683,-0.25881904510252063,0.8660254037844387,-0.4999999999999998,-0.9749279121818236,-0.2225209339563146,1,0,1,61.0,63.0,74.0,63.0,79.0,29.0,56.333333333333336,9.865765724632572,63.0,45.0,63.333333333333336,10.481730137084337,74.0,45.0,66.16666666666667,11.328430311977444,94.0,45.0,61.0,15.370779731855533,94.0,34.0,21.8,21.6,21.0,76.0,72.0,91.0,1.66,1.0,1.0,1017.0,1015.0,1015.0,1708.1999999999998,156.0,43.8,50.0,0.7992753237065062,13.128687131286874,6.799320067993201,17.081999999999997,20.9,0.021512749005158146,479.60999999999996,6084,4.0,1036324,391.6,65.26666666666667,-16.0,-29.0,0.09999999999999787
104,128.8,10.7,68.0,46.3,87.3,100,0.5,1019,76,21.6,1.1,2.33,2023,4,8,8,5,98,14,0.8660254037844387,-0.4999999999999998,0.8660254037844387,-0.4999999999999998,-0.9749279121818236,-0.2225209339563146,1,0,1,45.0,61.0,63.0,73.0,94.0,34.0,47.666666666666664,12.220201853215656,61.0,37.0,57.333333333333336,13.66260102127924,74.0,37.0,61.416666666666664,10.518022051639893,74.0,37.0,61.125,15.152306468137164,94.0,34.0,21.9,21.7,21.2,78.0,74.0,84.0,2.0,1.33,1.0,1018.0,1016.0,1015.0,1641.6000000000001,177.08,50.328,50.0,0.799118809528952,12.036258293617422,6.354546304083732,16.416,20.435000000000002,0.021197231406053577,466.56000000000006,5776,5.4289000000000005,1038361,378.1,63.01666666666667,-8.0,-26.0,-0.29999999999999716
107,126.3,11.3,68.0,47.5,93.7,100,0.5,1020,73,21.3,1.8,2.66,2023,4,8,9,5,98,14,0.7071067811865476,-0.7071067811865475,0.8660254037844387,-0.4999999999999998,-0.9749279121818236,-0.2225209339563146,1,0,1,37.0,45.0,61.0,64.0,66.0,34.0,40.0,4.358898943540957,45.0,37.0,53.0,15.165750888102863,74.0,37.0,59.083333333333336,12.354302403567054,74.0,37.0,61.291666666666664,14.860157312838997,94.0,37.0,21.6,21.8,21.4,76.0,76.0,78.0,2.33,1.66,1.0,1019.0,1017.0,1015.0,1554.9,194.18,56.65800000000001,50.0,0.7999831582493001,11.176002123705866,6.017166622422795,15.549000000000001,19.97,0.0208823324683015,453.69000000000005,5329,7.0756000000000006,1040400,384.8,64.13333333333334,1.0,-23.0,-0.3000000000000007
115,123.7,12.0,68.0,51.3,100.0,100,0.5,1020,71,21.0,2.7,3.0,2023,4,8,10,5,98,14,0.49999999999999994,-0.8660254037844387,0.8660254037844387,-0.4999999999999998,-0.9749279121818236,-0.2225209339563146,1,0,1,38.0,37.0,45.0,74.0,65.0,41.0,38.666666666666664,2.0816659994667477,41.0,37.0,47.5,11.588787684654136,63.0,37.0,57.083333333333336,13.221596199423145,74.0,37.0,61.291666666666664,14.860157312838997,94.0,37.0,21.3,21.9,21.6,73.0,78.0,72.0,2.66,2.0,1.0,1020.0,1018.0,1015.0,1491.0,213.0,63.0,50.0,0.7992046938656168,10.30747437713524,5.666194483793017,14.91,19.5,0.02058821510959303,441.0,5041,9.0,1040400,396.0,66.0,3.0,-4.0,-0.3000000000000007
107,136.6,16.3,64.0,47.5,104.7,100,0.5,1020,69,21.0,3.3,3.0,2023,4,8,11,5,98,14,0.258819045102521,-0.9659258262890682,0.8660254037844387,-0.4999999999999998,-0.9749279121818236,-0.2225209339563146,1,0,1,41.0,38.0,37.0,63.0,61.0,50.0,39.0,1.7320508075696113,41.0,38.0,43.333333333333336,9.136009340333281,61.0,37.0,55.166666666666664,14.230781830776046,74.0,37.0,60.791666666666664,15.446905323008052,94.0,37.0,21.0,21.6,21.7,71.0,76.0,74.0,3.0,2.33,1.33,1020.0,1019.0,1016.0,1449.0,207.0,63.0,50.0,0.7999831582493001,8.379853996687318,3.926139500644132,14.49,19.5,0.02058821510959303,441.0,4761,9.0,1040400,407.09999999999997,67.85,-3.0,1.0,0.0
115,149.4,20.7,60.0,51.3,109.3,100,0.5,1019,67,21.0,3.6,3.0,2023,4,8,12,5,98,14,1.2246467991473532e-16,-1.0,0.8660254037844387,-0.4999999999999998,-0.9749279121818236,-0.2225209339563146,1,1,1,38.0,41.0,38.0,61.0,65.0,49.0,40.0,1.7320508075695937,41.0,38.0,40.0,2.966479394836488,45.0,37.0,53.166666666666664,14.408541237962098,74.0,37.0,60.458333333333336,15.79482349617639,94.0,37.0,21.0,21.3,21.8,69.0,73.0,76.0,3.0,2.66,1.66,1020.0,1020.0,1017.0,1407.0,201.0,63.0,50.0,0.7992046938656168,7.217042654944206,2.8984107047968695,14.07,19.5,0.02060841942255209,441.0,4489,9.0,1038361,431.7,71.95,3.0,3.0,0.0
126,162.2,25.0,56.0,56.3,114.0,100,0.0,1018,65,21.0,3.3,3.0,2023,4,8,13,5,98,14,-0.2588190451025208,-0.9659258262890683,0.8660254037844387,-0.4999999999999998,-0.9749279121818236,-0.2225209339563146,1,1,1,41.0,38.0,41.0,45.0,63.0,65.0,41.333333333333336,3.5118845842845903,45.0,38.0,40.0,2.966479394836488,45.0,37.0,51.666666666666664,14.227587371871447,74.0,37.0,59.625,16.069989583611893,94.0,37.0,21.0,21.0,21.9,67.0,71.0,78.0,3.0,3.0,2.0,1019.0,1020.0,1018.0,1365.0,195.0,63.0,0.0,0.7992753237065062,6.487740490380384,2.2399104035838566,13.65,19.5,0.020628663429603705,441.0,4225,9.0,1036324,458.5,76.41666666666667,4.0,4.0,0.0
115,173.5,28.7,52.3,51.3,113.3,100,0.0,1018,67,20.8,2.6,2.66,2023,4,8,14,5,98,14,-0.4999999999999997,-0.8660254037844388,0.8660254037844387,-0.4999999999999998,-0.9749279121818236,-0.2225209339563146,1,1,1,45.0,41.0,38.0,37.0,73.0,47.0,42.333333333333336,2.309401076759014,45.0,41.0,40.666666666666664,2.5819888974696,45.0,38.0,49.0,12.792042981336353,74.0,37.0,59.375,16.319666716545832,94.0,37.0,21.0,21.0,21.6,65.0,69.0,76.0,3.0,3.0,2.33,1018.0,1020.0,1019.0,1393.6000000000001,178.22,55.328,0.0,0.7992046938656168,6.0450855370892995,1.8222361590188494,13.936000000000002,19.47,0.020432199968369383,432.64000000000004,4489,7.0756000000000006,1036324,460.1,76.68333333333334,-4.0,3.0,-0.1999999999999993
112,184.8,32.3,48.7,50.0,112.7,100,0.0,1017,68,20.6,1.8,2.33,2023,4,8,15,5,98,14,-0.7071067811865471,-0.7071067811865479,0.8660254037844387,-0.4999999999999998,-0.9749279121818236,-0.2225209339563146,1,1,1,41.0,45.0,41.0,38.0,64.0,49.0,42.0,2.6457513110650415,45.0,40.0,41.0,2.2803508501960166,45.0,38.0,47.0,12.090567322578822,74.0,37.0,59.0,16.668115879022594,94.0,37.0,20.8,21.0,21.3,67.0,67.0,73.0,2.66,3.0,2.66,1018.0,1019.0,1020.0,1400.8000000000002,158.44,47.998000000000005,0.0,0.7999840003199936,5.721185102628403,1.5076932602705801,14.008000000000003,19.435000000000002,0.020255633966928255,424.36000000000007,4624,5.4289000000000005,1034289,468.5,78.08333333333333,-1.0,-1.0,-0.1999999999999993
107,196.1,36.0,45.0,47.5,112.0,100,0.0,1017,70,20.4,1.1,2.0,2023,4,8,16,5,98,14,-0.8660254037844385,-0.5000000000000004,0.8660254037844387,-0.4999999999999998,-0.9749279121818236,-0.2225209339563146,1,1,1,40.0,41.0,45.0,41.0,74.0,64.0,39.666666666666664,1.5275252316527728,41.0,38.0,40.5,2.5884358211069416,45.0,38.0,44.0,8.800826407476606,63.0,37.0,57.916666666666664,17.16649078283342,94.0,37.0,20.6,21.0,21.0,68.0,65.0,71.0,2.33,3.0,3.0,1017.0,1018.0,1020.0,1428.0,140.0,40.8,0.0,0.7999831582493001,5.447070914696814,1.2499652787422573,14.28,19.4,0.02005897732647264,416.15999999999997,4900,4.0,1034289,474.6,79.10000000000001,-2.0,-7.0,-0.20000000000000284
107,186.8,34.0,44.7,47.5,95.0,91,0.0,1017,73,20.0,0.7,1.66,2023,4,8,17,5,98,14,-0.9659258262890683,-0.25881904510252063,0.8660254037844387,-0.4999999999999998,-0.9749279121818236,-0.2225209339563146,1,1,1,38.0,40.0,41.0,38.0,63.0,68.0,38.666666666666664,1.1547005383803688,40.0,38.0,40.5,2.5884358211069416,45.0,38.0,41.916666666666664,6.570710952723016,61.0,37.0,56.666666666666664,17.489541388241655,94.0,37.0,20.4,20.8,21.0,70.0,67.0,69.0,2.0,2.66,3.0,1017.0,1018.0,1020.0,1460.0,121.17999999999999,33.199999999999996,0.0,0.7999831582493001,5.493956060115879,1.3146672156701276,14.6,19.17,0.01966566404556141,400.0,5329,2.7556,1034289,446.0,74.33333333333333,0.0,-3.0,-0.3999999999999986
153,177.4,32.0,44.3,68.8,78.0,83,0.0,1018,75,19.6,0.6,1.33,2023,4,8,18,5,98,14,-1.0,-1.8369701987210297e-16,0.8660254037844387,-0.4999999999999998,-0.9749279121818236,-0.2225209339563146,1,2,1,38.0,38.0,40.0,41.0,61.0,90.0,43.666666666666664,9.814954576223755,55.0,38.0,42.833333333333336,6.493586579591962,55.0,38.0,41.416666666666664,5.035480176314103,55.0,37.0,55.208333333333336,15.983630666258701,94.0,37.0,20.0,20.6,21.0,73.0,68.0,67.0,1.66,2.33,3.0,1017.0,1017.0,1019.0,1470.0,99.75,26.068000000000005,0.0,0.7994069853635848,5.54357676322615,1.3843317396331365,14.7,18.935000000000002,0.01925341920096346,384.1600000000001,5625,1.7689000000000001,1036324,455.5,75.91666666666667,17.0,15.0,-0.3999999999999986
156,168.1,30.0,44.0,75.0,61.0,75,0.0,1018,78,19.2,0.0,1.0,2023,4,8,19,5,98,14,-0.9659258262890684,0.2588190451025203,0.8660254037844387,-0.4999999999999998,-0.9749279121818236,-0.2225209339563146,1,2,1,55.0,38.0,38.0,45.0,45.0,79.0,51.0,11.532562594670877,60.0,38.0,45.333333333333336,9.626352718795289,60.0,38.0,42.666666666666664,7.340217154742754,60.0,37.0,54.416666666666664,15.205595842568599,94.0,37.0,19.6,20.4,21.0,75.0,70.0,65.0,1.33,2.0,3.0,1018.0,1017.0,1018.0,1497.6,78.0,19.2,0.0,0.7999893334755536,5.603146561781274,1.466617779407353,14.975999999999999,18.7,0.018860492278494814,368.64,6084,1.0,1036324,438.1,73.01666666666667,5.0,22.0,-0.40000000000000213
153,164.8,27.0,45.3,68.8,55.0,83,0.0,1018,75,19.3,0.0,1.33,2023,4,8,20,5,98,14,-0.8660254037844386,0.5000000000000001,0.8660254037844387,-0.4999999999999998,-0.9749279121818236,-0.2225209339563146,1,2,1,60.0,55.0,38.0,41.0,37.0,94.0,56.666666666666664,2.886751345948393,60.0,55.0,47.666666666666664,10.053191864609868,60.0,38.0,44.166666666666664,7.895146188217512,60.0,38.0,52.791666666666664,12.66278067774834,74.0,37.0,19.2,20.0,20.8,78.0,73.0,67.0,1.0,1.66,2.66,1018.0,1017.0,1018.0,1447.5,99.75,25.669000000000004,0.0,0.7994069853635848,6.103477648975964,1.6777156401614752,14.475,18.635,0.018958724009111975,372.49,5625,1.7689000000000001,1036324,415.90000000000003,69.31666666666668,-5.0,17.0,0.10000000000000142
131,161.5,24.0,46.7,58.8,49.0,91,0.0,1019,73,19.5,0.0,1.66,2023,4,8,21,5,98,14,-0.7071067811865477,0.7071067811865474,0.8660254037844387,-0.4999999999999998,-0.9749279121818236,-0.2225209339563146,1,2,1,55.0,60.0,55.0,40.0,38.0,66.0,54.0,6.55743852430213,60.0,47.0,48.833333333333336,9.36838655621438,60.0,38.0,44.916666666666664,7.680652592222653,60.0,38.0,52.0,12.39214337357777,74.0,37.0,19.3,19.6,20.6,75.0,75.0,68.0,1.33,1.33,2.33,1018.0,1018.0,1017.0,1423.5,121.17999999999999,32.37,0.0,0.7993061342494175,6.728886296404316,1.9457522603224866,14.235,18.67,0.019136389463798368,380.25,5329,2.7556,1038361,387.0,64.5,-8.0,-8.0,0.1999999999999993
129,158.2,21.0,48.0,57.5,43.0,100,0.0,1019,71,19.6,0.0,2.0,2023,4,8,22,5,98,14,-0.5000000000000004,0.8660254037844384,0.8660254037844387,-0.4999999999999998,-0.9749279121818236,-0.2225209339563146,1,3,1,47.0,55.0,60.0,38.0,41.0,65.0,49.333333333333336,4.932882862316446,55.0,46.0,50.166666666666664,7.985403350279725,60.0,38.0,45.333333333333336,7.583874439568729,60.0,38.0,51.208333333333336,12.12965882407287,74.0,37.0,19.5,19.2,20.4,73.0,78.0,70.0,1.66,1.0,2.0,1019.0,1018.0,1017.0,1391.6000000000001,142.0,39.2,0.0,0.7999860871984835,7.532974620256177,2.285605447359649,13.916000000000002,18.6,0.019234524794381952,384.1600000000001,5041,4.0,1038361,373.7,62.28333333333333,-1.0,-14.0,0.10000000000000142
137,154.3,19.0,47.7,61.3,43.3,100,0.25,1019,71,19.6,0.0,1.66,2023,4,8,23,5,98,14,-0.25881904510252157,0.9659258262890681,0.8660254037844387,-0.4999999999999998,-0.9749279121818236,-0.2225209339563146,1,3,1,46.0,47.0,55.0,38.0,38.0,61.0,47.333333333333336,1.5275252316526242,49.0,46.0,52.0,5.513619500835405,60.0,46.0,46.25,7.275425635783154,60.0,38.0,50.708333333333336,11.954548585541028,74.0,37.0,19.6,19.3,20.0,71.0,75.0,73.0,2.0,1.33,1.66,1019.0,1018.0,1017.0,1391.6000000000001,117.86,32.536,25.0,0.7993344317384709,8.12062523025104,2.5103941897794853,13.916000000000002,18.770000000000003,0.019234524794381952,384.1600000000001,5041,2.7556,1038361,374.6,62.43333333333334,3.0,-6.0,0.0
115,150.4,17.0,47.3,51.3,43.7,100,0.0,1018,72,19.5,0.0,1.33,2023,4,9,0,6,99,14,0.0,1.0,0.8660254037844387,-0.4999999999999998,-0.7818314824680299,0.6234898018587334,1,3,1,49.0,46.0,47.0,55.0,41.0,65.0,45.333333333333336,4.04145188432765,49.0,41.0,49.666666666666664,6.80196050169791,60.0,41.0,46.25,7.275425635783154,60.0,38.0,49.708333333333336,11.708336556810245,74.0,37.0,19.6,19.5,19.6,71.0,73.0,75.0,1.66,1.66,1.33,1019.0,1019.0,1018.0,1404.0,95.76,25.935000000000002,0.0,0.7992046938656168,8.846538438915358,2.7821892829833534,14.04,18.835,0.019155187470346297,380.25,5184,1.7689000000000001,1036324,350.7,58.449999999999996,-8.0,-6.0,-0.10000000000000142
123,146.5,15.0,47.0,55.0,44.0,100,0.0,1018,72,19.5,0.0,1.0,2023,4,9,1,6,99,14,0.25881904510252074,0.9659258262890683,0.8660254037844387,-0.4999999999999998,-0.7818314824680299,0.6234898018587334,1,3,1,41.0,49.0,46.0,60.0,45.0,63.0,44.666666666666664,4.041451884327654,49.0,41.0,47.0,4.774934554524394,55.0,41.0,46.166666666666664,7.296740658843287,60.0,38.0,48.916666666666664,11.409060726750013,74.0,37.0,19.5,19.6,19.2,72.0,71.0,78.0,1.33,2.0,1.0,1018.0,1019.0,1018.0,1404.0,72.0,19.5,0.0,0.7999854548099126,9.76601559896007,3.133124458369442,14.04,19.0,0.019155187470346297,380.25,5184,1.0,1036324,351.5,58.583333333333336,3.0,-2.0,0.0
151,144.5,13.3,47.0,70.0,43.3,100,0.0,1018,74,19.4,0.0,1.66,2023,4,9,2,6,99,14,0.49999999999999994,0.8660254037844387,0.8660254037844387,-0.4999999999999998,-0.7818314824680299,0.6234898018587334,1,3,1,44.0,41.0,49.0,55.0,41.0,73.0,47.0,7.937253933193902,56.0,41.0,47.166666666666664,5.115336417740068,56.0,41.0,47.416666666666664,7.609304511682252,60.0,38.0,48.208333333333336,10.32506097115043,74.0,37.0,19.5,19.6,19.3,72.0,71.0,75.0,1.0,1.66,1.33,1018.0,1019.0,1018.0,1435.6,122.83999999999999,32.20399999999999,0.0,0.7999885715918343,10.863844823697466,3.5335689045936394,14.356,18.57,0.019056955739729136,376.35999999999996,5476,2.7556,1036324,374.1,62.35,12.0,7.0,-0.10000000000000142
151,142.6,11.7,47.0,70.0,42.7,100,0.0,1017,76,19.3,0.0,2.33,2023,4,9,3,6,99,14,0.7071067811865476,0.7071067811865476,0.8660254037844387,-0.4999999999999998,-0.7818314824680299,0.6234898018587334,1,3,1,56.0,44.0,41.0,47.0,40.0,64.0,52.0,6.928203230275637,56.0,44.0,48.666666666666664,6.2503333244442425,56.0,41.0,48.75,7.593358341938292,60.0,38.0,47.875,9.914032654690203,74.0,37.0,19.4,19.5,19.5,74.0,72.0,73.0,1.66,1.33,1.66,1018.0,1018.0,1019.0,1466.8,177.08,44.969,0.0,0.7999885715918343,12.186992564738057,4.016750705067944,14.668,18.135,0.01897736580396676,372.49,5776,5.4289000000000005,1034289,369.99999999999994,61.66666666666666,0.0,15.0,-0.09999999999999787
163,140.6,10.0,47.0,81.3,42.0,100,0.0,1017,78,19.2,0.0,3.0,2023,4,9,4,6,99,14,0.8660254037844386,0.5000000000000001,0.8660254037844387,-0.4999999999999998,-0.7818314824680299,0.6234898018587334,1,3,1,56.0,56.0,44.0,46.0,38.0,74.0,59.0,5.196152422706762,65.0,56.0,51.833333333333336,8.886319072971615,65.0,41.0,51.0,8.101627221512784,65.0,38.0,47.5,9.012069202150558,65.0,37.0,19.3,19.5,19.6,76.0,72.0,71.0,2.33,1.0,2.0,1017.0,1018.0,1019.0,1497.6,234.0,57.599999999999994,0.0,0.7994981611542293,14.058594140585942,4.6995300469953,14.975999999999999,17.7,0.018879037483738953,368.64,6084,9.0,1034289,385.9,64.31666666666666,9.0,21.0,-0.10000000000000142
164,143.2,11.7,45.3,82.5,41.7,100,0.0,1017,78,19.1,0.0,2.33,2023,4,9,5,6,99,14,0.9659258262890683,0.25881904510252074,0.8660254037844387,-0.4999999999999998,-0.7818314824680299,0.6234898018587334,1,3,1,65.0,56.0,56.0,49.0,38.0,63.0,62.333333333333336,5.507570547286208,66.0,56.0,54.666666666666664,10.38588786125962,66.0,41.0,53.333333333333336,8.049091798946792,66.0,41.0,47.625,9.25396507261726,66.0,37.0,19.2,19.4,19.6,78.0,74.0,71.0,3.0,1.66,1.66,1017.0,1018.0,1019.0,1489.8000000000002,181.74,44.50300000000001,0.0,0.7999903031478406,12.238270233313392,3.871463977437826,14.898000000000001,17.935000000000002,0.01878070916351115,364.81000000000006,6084,5.4289000000000005,1034289,390.4,65.06666666666666,1.0,10.0,-0.09999999999999787
134,145.7,13.3,43.7,60.0,41.3,100,0.0,1018,79,19.1,0.6,1.66,2023,4,9,6,6,99,14,1.0,6.123233995736766e-17,0.8660254037844387,-0.4999999999999998,-0.7818314824680299,0.6234898018587334,1,0,1,66.0,65.0,56.0,41.0,55.0,61.0,59.666666666666664,10.115993936995745,66.0,48.0,55.833333333333336,8.818541073593764,66.0,44.0,52.75,8.170067319183707,66.0,41.0,47.083333333333336,8.806700347717952,66.0,37.0,19.1,19.3,19.5,78.0,76.0,72.0,2.33,2.33,1.33,1017.0,1017.0,1018.0,1508.9,131.14,31.706,0.0,0.7999866668888852,10.954063604240282,3.285467258100895,15.089,18.270000000000003,0.018762260547877656,364.81000000000006,6241,2.7556,1036324,352.0,58.666666666666664,-18.0,-8.0,0.0
134,148.2,15.0,42.0,60.0,41.0,100,0.0,1018,80,19.0,0.7,1.0,2023,4,9,7,6,99,14,0.9659258262890683,-0.25881904510252063,0.8660254037844387,-0.4999999999999998,-0.7818314824680299,0.6234898018587334,1,0,1,48.0,66.0,65.0,44.0,60.0,45.0,54.0,10.392304845413344,66.0,48.0,56.5,7.842193570678665,66.0,48.0,51.75,7.9329577196536,66.0,41.0,47.208333333333336,8.79712980202213,66.0,37.0,19.1,19.2,19.5,79.0,78.0,72.0,1.66,3.0,1.0,1018.0,1017.0,1018.0,1520.0,80.0,19.0,0.0,0.7999866668888852,9.879341377241516,2.7998133457769483,15.2,18.5,0.018664028817260495,361.0,6400,1.0,1036324,354.2,59.03333333333333,0.0,-17.0,-0.10000000000000142
129,151.5,16.0,44.0,57.5,45.7,100,0.0,1018,81,19.1,1.1,0.66,2023,4,9,8,6,99,14,0.8660254037844387,-0.4999999999999998,0.8660254037844387,-0.4999999999999998,-0.7818314824680299,0.6234898018587334,1,0,1,48.0,48.0,66.0,56.0,55.0,37.0,47.333333333333336,1.1547005383801408,48.0,46.0,54.833333333333336,8.953584012375153,66.0,46.0,51.0,8.022695081057844,66.0,41.0,47.583333333333336,8.530847690519586,66.0,38.0,19.0,19.1,19.4,80.0,78.0,74.0,1.0,2.33,1.66,1018.0,1017.0,1018.0,1547.1000000000001,53.46,12.606000000000002,0.0,0.7999860871984835,9.468158240109993,2.7498281357415157,15.471000000000002,18.770000000000003,0.018762260547877656,364.81000000000006,6561,0.43560000000000004,1036324,360.7,60.11666666666667,-2.0,-20.0,0.10000000000000142
126,154.8,17.0,46.0,56.3,50.3,100,0.0,1018,82,19.1,1.8,0.33,2023,4,9,9,6,99,14,0.7071067811865476,-0.7071067811865475,0.8660254037844387,-0.4999999999999998,-0.7818314824680299,0.6234898018587334,1,0,1,46.0,48.0,48.0,56.0,47.0,38.0,46.333333333333336,1.5275252316526362,48.0,45.0,53.0,9.75704873412,66.0,45.0,50.833333333333336,8.133358171844424,66.0,41.0,47.875,8.305642398525036,66.0,38.0,19.1,19.1,19.3,81.0,79.0,76.0,0.66,1.66,2.33,1018.0,1018.0,1017.0,1566.2,27.060000000000002,6.303000000000001,0.0,0.7992753237065062,9.10534674430916,2.7057231927533674,15.662,18.935000000000002,0.018762260547877656,364.81000000000006,6724,0.10890000000000001,1036324,369.40000000000003,61.56666666666667,-1.0,-3.0,0.0
126,158.2,18.0,48.0,56.3,55.0,100,0.0,1019,83,19.2,2.7,1.2,2023,4,9,10,6,99,14,0.49999999999999994,-0.8660254037844387,0.8660254037844387,-0.4999999999999998,-0.7818314824680299,0.6234898018587334,1,0,1,45.0,46.0,48.0,65.0,46.0,41.0,45.333333333333336,0.577350269191496,46.0,45.0,49.666666666666664,8.115828156550522,66.0,45.0,50.75,8.192291276781463,66.0,41.0,48.041666666666664,8.201161989073093,66.0,38.0,19.1,19.0,19.2,82.0,80.0,78.0,0.33,1.0,3.0,1018.0,1018.0,1017.0,1593.6,99.6,23.04,0.0,0.7992753237065062,8.788400644408643,2.6665185267485136,15.936,18.599999999999998,0.018841983472047623,368.64,6889,1.44,1038361,380.5,63.416666666666664,0.0,-3.0,0.09999999999999787
131,175.5,22.7,48.7,58.8,79.3,100,0.0,1018,83,19.5,3.4,0.33,2023,4,9,11,6,99,14,0.258819045102521,-0.9659258262890682,0.8660254037844387,-0.4999999999999998,-0.7818314824680299,0.6234898018587334,1,0,1,45.0,45.0,46.0,66.0,49.0,38.0,45.666666666666664,1.154700538380178,47.0,45.0,46.5,1.3784048752055897,48.0,45.0,50.583333333333336,8.2512625296573,66.0,41.0,48.416666666666664,7.923090452521883,66.0,38.0,19.2,19.1,19.1,83.0,81.0,78.0,1.2,0.66,2.33,1019.0,1018.0,1017.0,1618.5,27.39,6.4350000000000005,0.0,0.7993061342494175,7.730936963129377,2.1452799436148187,16.185,19.335,0.019155187470346297,380.25,6889,0.10890000000000001,1036324,432.0,72.0,2.0,1.0,0.3000000000000007
153,192.8,27.3,49.3,72.5,103.7,100,0.0,1017,83,19.7,3.6,0.66,2023,4,9,12,6,99,14,1.2246467991473532e-16,-1.0,0.8660254037844387,-0.4999999999999998,-0.7818314824680299,0.6234898018587334,1,1,1,47.0,45.0,45.0,48.0,41.0,41.0,50.0,7.000000000000134,58.0,45.0,48.166666666666664,4.956477243633602,58.0,45.0,52.0,7.90856842579288,66.0,44.0,49.125,7.990823541385964,66.0,38.0,19.5,19.1,19.1,83.0,82.0,79.0,0.33,0.33,1.66,1018.0,1018.0,1018.0,1635.1,54.78,13.002,0.0,0.799988965669439,7.062012380498882,1.8057946595362806,16.351,19.37,0.01937067908487799,388.09,6889,0.43560000000000004,1034289,503.6,83.93333333333334,11.0,13.0,0.1999999999999993
161,210.1,32.0,50.0,80.0,128.0,100,0.0,1016,82,20.0,3.3,1.0,2023,4,9,13,6,99,14,-0.2588190451025208,-0.9659258262890683,0.8660254037844387,-0.4999999999999998,-0.7818314824680299,0.6234898018587334,1,1,1,58.0,47.0,45.0,48.0,44.0,45.0,56.333333333333336,8.621678104251796,64.0,47.0,50.833333333333336,8.13428956127446,64.0,45.0,53.666666666666664,8.17238513457807,66.0,45.0,49.916666666666664,8.489977040306442,66.0,38.0,19.7,19.2,19.0,83.0,83.0,80.0,0.66,1.2,1.0,1017.0,1019.0,1018.0,1640.0,82.0,20.0,0.0,0.7999900001249984,6.565419830630293,1.5624511734008313,16.4,19.5,0.01968501999505906,400.0,6724,1.0,1032256,564.1,94.01666666666667,6.0,19.0,0.3000000000000007
165,220.6,35.3,52.7,83.8,140.7,100,0.0,1014,81,20.2,2.6,1.33,2023,4,9,14,6,99,14,-0.4999999999999997,-0.8660254037844388,0.8660254037844387,-0.4999999999999998,-0.7818314824680299,0.6234898018587334,1,1,1,64.0,58.0,47.0,46.0,56.0,41.0,63.0,4.582575694955965,67.0,58.0,54.333333333333336,9.953223933312252,67.0,45.0,54.583333333333336,9.029832710957209,67.0,45.0,51.0,8.949131607130505,67.0,38.0,20.0,19.5,19.1,82.0,83.0,81.0,1.0,0.33,0.66,1016.0,1018.0,1018.0,1636.2,107.73,26.866,0.0,0.7995131323015239,6.249114755955922,1.49287555593326,16.362000000000002,19.535,0.019921084890448824,408.03999999999996,6561,1.7689000000000001,1028196,600.0999999999999,100.01666666666665,3.0,20.0,0.1999999999999993
171,231.1,38.7,55.3,88.8,153.3,100,0.0,1013,80,20.3,1.8,1.66,2023,4,9,15,6,99,14,-0.7071067811865471,-0.7071067811865479,0.8660254037844387,-0.4999999999999998,-0.7818314824680299,0.6234898018587334,1,1,1,67.0,64.0,58.0,45.0,56.0,40.0,67.33333333333333,3.511884584284371,71.0,64.0,58.666666666666664,10.708252269472421,71.0,45.0,55.833333333333336,10.205464964983681,71.0,45.0,52.291666666666664,9.511910916075989,71.0,38.0,20.2,19.7,19.1,81.0,83.0,82.0,1.33,0.66,0.33,1014.0,1017.0,1018.0,1624.0,132.79999999999998,33.698,0.0,0.7995405457145752,5.9714219270819875,1.4289036459006226,16.24,19.470000000000002,0.02003946689095075,412.09000000000003,6400,2.7556,1026169,638.2,106.36666666666667,4.0,13.0,0.10000000000000142
171,241.6,42.0,58.0,88.8,166.0,100,0.0,1012,79,20.5,1.2,2.0,2023,4,9,16,6,99,14,-0.8660254037844385,-0.5000000000000004,0.8660254037844387,-0.4999999999999998,-0.7818314824680299,0.6234898018587334,1,1,1,71.0,67.0,64.0,45.0,65.0,38.0,69.66666666666667,2.309401076758661,71.0,67.0,63.0,9.230384607371244,71.0,47.0,56.333333333333336,10.823655350735697,71.0,45.0,53.666666666666664,9.738612822684157,71.0,38.0,20.3,20.0,19.2,80.0,82.0,83.0,1.66,1.0,1.2,1013.0,1016.0,1019.0,1619.5,158.0,41.0,0.0,0.7995405457145752,5.752243994190614,1.3809195019166212,16.195,19.5,0.020256896979350812,420.25,6241,4.0,1024144,667.4000000000001,111.23333333333335,0.0,7.0,0.1999999999999993
175,255.2,48.7,43.0,92.5,151.0,100,0.0,1012,82,20.2,0.8,2.0,2023,4,9,17,6,99,14,-0.9659258262890683,-0.25881904510252063,0.8660254037844387,-0.4999999999999998,-0.7818314824680299,0.6234898018587334,1,1,1,71.0,71.0,67.0,47.0,66.0,38.0,72.0,1.7320508075690517,74.0,71.0,67.5,5.82237065120364,74.0,58.0,57.0,11.685266558596298,74.0,45.0,55.166666666666664,9.98984992125902,74.0,41.0,20.5,20.2,19.5,79.0,81.0,83.0,2.0,1.33,0.33,1012.0,1014.0,1018.0,1656.3999999999999,164.0,40.4,0.0,0.7999913514448492,5.240138806184677,0.882938748690992,16.564,19.2,0.019960454584531044,408.03999999999996,6724,4.0,1024144,664.4,110.73333333333333,3.0,7.0,-0.3000000000000007
159,268.8,55.3,28.0,77.5,136.0,100,0.0,1012,86,19.8,0.7,2.0,2023,4,9,18,6,99,14,-1.0,-1.8369701987210297e-16,0.8660254037844387,-0.4999999999999998,-0.7818314824680299,0.6234898018587334,1,2,1,74.0,71.0,71.0,58.0,48.0,55.0,69.0,6.244997998398459,74.0,62.0,68.16666666666667,4.622409184252774,74.0,62.0,58.166666666666664,11.400425297754976,74.0,45.0,55.458333333333336,10.086491899594389,74.0,41.0,20.2,20.3,19.7,82.0,80.0,83.0,2.0,1.66,0.66,1012.0,1013.0,1017.0,1702.8,172.0,39.6,0.0,0.7999896775525477,4.86067159725864,0.506319958047775,17.028,18.8,0.019565198058104687,392.04,7396,4.0,1024144,627.6,104.60000000000001,-12.0,-9.0,-0.3999999999999986
188,282.5,62.0,13.0,105.0,121.0,100,0.0,1013,89,19.5,0.0,2.0,2023,4,9,19,6,99,14,-0.9659258262890684,0.2588190451025203,0.8660254037844387,-0.4999999999999998,-0.7818314824680299,0.6234898018587334,1,2,1,62.0,74.0,71.0,64.0,48.0,60.0,73.33333333333333,11.015141094572225,84.0,62.0,71.5,7.3959448348401615,84.0,62.0,61.166666666666664,13.092908096532168,84.0,45.0,56.458333333333336,11.628223411602846,84.0,41.0,19.8,20.5,20.0,86.0,79.0,82.0,2.0,2.0,1.0,1012.0,1012.0,1016.0,1735.5,178.0,39.0,0.0,0.7999923810249426,4.556378122933501,0.20967403751552396,17.355,18.5,0.019249734205593085,380.25,7921,4.0,1026169,667.5,111.25,22.0,13.0,-0.3000000000000007
187,287.5,59.3,13.3,103.8,119.0,100,0.0,1013,89,19.5,0.0,1.66,2023,4,9,20,6,99,14,-0.8660254037844386,0.5000000000000001,0.8660254037844387,-0.4999999999999998,-0.7818314824680299,0.6234898018587334,1,2,1,84.0,62.0,74.0,67.0,46.0,55.0,76.33333333333333,12.42309676905616,84.0,62.0,74.16666666666667,8.280499179799875,84.0,62.0,64.25,13.54537827922382,84.0,45.0,57.625,12.819185689392839,84.0,41.0,19.5,20.2,20.2,89.0,82.0,81.0,2.0,2.0,1.33,1013.0,1012.0,1014.0,1735.5,147.73999999999998,32.37,0.0,0.7996069402028883,4.848147586044081,0.2242795231109088,17.355,18.67,0.019249734205593085,380.25,7921,2.7556,1026169,665.9000000000001,110.98333333333335,-1.0,9.0,0.0
161,292.6,56.7,13.7,80.0,117.0,100,0.0,1013,89,19.5,0.0,1.33,2023,4,9,21,6,99,14,-0.7071067811865477,0.7071067811865474,0.8660254037844387,-0.4999999999999998,-0.7818314824680299,0.6234898018587334,1,2,1,83.0,84.0,62.0,71.0,45.0,47.0,77.0,11.269427669584651,84.0,64.0,73.0,9.25202680497627,84.0,62.0,65.83333333333333,12.126854747237724,84.0,45.0,58.333333333333336,12.675435561221178,84.0,41.0,19.5,19.8,20.3,89.0,86.0,80.0,1.66,2.0,1.66,1013.0,1012.0,1013.0,1735.5,118.37,25.935000000000002,0.0,0.7999900001249984,5.160402814765172,0.24161831360998923,17.355,18.835,0.019249734205593085,380.25,7921,1.7689000000000001,1026169,624.0,104.0,-19.0,2.0,0.0
155,297.6,54.0,14.0,73.8,115.0,100,0.0,1014,89,19.5,0.0,1.0,2023,4,9,22,6,99,14,-0.5000000000000004,0.8660254037844384,0.8660254037844387,-0.4999999999999998,-0.7818314824680299,0.6234898018587334,1,3,1,64.0,83.0,84.0,71.0,45.0,46.0,68.66666666666667,12.662279942148409,83.0,59.0,71.0,10.917875251164888,84.0,59.0,67.0,10.505409861763253,84.0,47.0,58.875,12.400254204968135,84.0,41.0,19.5,19.5,20.5,89.0,89.0,79.0,1.33,2.0,2.0,1013.0,1013.0,1012.0,1735.5,89.0,19.5,0.0,0.799447161962575,5.511009055387864,0.25925445825077315,17.355,19.0,0.01923075026553228,380.25,7921,1.0,1028196,613.4000000000001,102.23333333333335,-5.0,-25.0,0.0
131,302.1,52.0,12.3,58.8,112.3,91,0.0,1013,91,19.4,0.0,1.0,2023,4,9,23,6,99,14,-0.25881904510252157,0.9659258262890681,0.8660254037844387,-0.4999999999999998,-0.7818314824680299,0.6234898018587334,1,3,1,59.0,64.0,83.0,74.0,47.0,49.0,56.666666666666664,8.736894948054177,64.0,47.0,66.5,14.432601983010459,84.0,47.0,67.0,10.505409861763253,84.0,47.0,58.791666666666664,12.475991436308554,84.0,41.0,19.5,19.5,20.2,89.0,89.0,82.0,1.0,1.66,2.0,1014.0,1013.0,1012.0,1765.3999999999999,91.0,19.4,0.0,0.7993061342494175,5.809503663391089,0.23653391280936908,17.654,18.9,0.019151017619923376,376.35999999999996,8281,1.0,1026169,584.5,97.41666666666667,-12.0,-36.0,-0.10000000000000142
153,306.6,50.0,10.7,68.8,109.7,83,0.0,1013,93,19.4,0.0,1.0,2023,4,10,0,0,100,15,0.0,1.0,0.8660254037844387,-0.4999999999999998,0.0,1.0,1,3,0,47.0,59.0,64.0,62.0,58.0,41.0,53.666666666666664,6.110100926607905,59.0,47.0,65.33333333333333,15.134948518797934,84.0,47.0,66.75,10.771384649743203,84.0,47.0,59.375,11.922986567788126,84.0,44.0,19.4,19.5,19.8,91.0,89.0,86.0,1.0,1.33,2.0,1013.0,1013.0,1012.0,1804.1999999999998,93.0,19.4,0.0,0.7994069853635848,6.131877362452752,0.21399572008559828,18.041999999999998,18.9,0.019151017619923376,376.35999999999996,8649,1.0,1026169,600.8000000000001,100.13333333333334,8.0,-9.0,0.0
161,311.1,48.0,9.0,80.0,107.0,75,0.0,1012,95,19.3,0.0,1.0,2023,4,10,1,0,100,15,0.25881904510252074,0.9659258262890683,0.8660254037844387,-0.4999999999999998,0.0,1.0,1,3,0,55.0,47.0,59.0,84.0,64.0,44.0,55.333333333333336,8.504900548115462,64.0,47.0,62.0,12.099586769803176,83.0,47.0,66.75,10.771384649743203,84.0,47.0,60.208333333333336,11.492830153079797,84.0,45.0,19.4,19.5,19.5,93.0,89.0,89.0,1.0,1.0,2.0,1013.0,1014.0,1013.0,1833.5,95.0,19.3,0.0,0.7999900001249984,6.481114976771318,0.18749609383137852,18.335,18.8,0.01907112740007174,372.49,9025,1.0,1024144,619.1,103.18333333333334,9.0,5.0,-0.09999999999999787
153,297.8,43.3,10.0,68.8,96.7,75,0.0,1012,95,19.3,0.0,1.0,2023,4,10,2,0,100,15,0.49999999999999994,0.8660254037844387,0.8660254037844387,-0.4999999999999998,0.0,1.0,1,3,0,64.0,55.0,47.0,83.0,67.0,56.0,58.0,5.19615242270675,64.0,55.0,57.333333333333336,6.47044563122674,64.0,47.0,65.75,11.290583365232672,84.0,47.0,60.166666666666664,11.510549666423074,84.0,45.0,19.3,19.4,19.5,95.0,91.0,89.0,1.0,1.0,1.66,1012.0,1013.0,1013.0,1833.5,95.0,19.3,0.0,0.7994069853635848,6.877439320108082,0.23094154869402558,18.335,18.8,0.01907112740007174,372.49,9025,1.0,1024144,571.6,95.26666666666667,-9.0,8.0,0.0
165,284.6,38.7,11.0,83.8,86.3,75,0.0,1011,95,19.2,0.0,1.0,2023,4,10,3,0,100,15,0.7071067811865476,0.7071067811865476,0.8660254037844387,-0.4999999999999998,0.0,1.0,1,3,0,55.0,64.0,55.0,64.0,71.0,56.0,62.0,6.244997998398477,67.0,55.0,57.833333333333336,7.167054253084831,67.0,47.0,65.41666666666667,11.180001084186896,84.0,47.0,60.625,11.55633648884811,84.0,45.0,19.3,19.4,19.5,95.0,93.0,89.0,1.0,1.0,1.33,1012.0,1013.0,1013.0,1824.0,95.0,19.2,0.0,0.7995131323015239,7.353815146895429,0.28423038164388514,18.24,18.7,0.018991079138398478,368.64,9025,1.0,1022121,571.4,95.23333333333333,12.0,12.0,-0.10000000000000142
155,271.4,34.0,12.0,73.8,76.0,75,0.0,1011,95,19.2,0.0,1.0,2023,4,10,4,0,100,15,0.8660254037844386,0.5000000000000001,0.8660254037844387,-0.4999999999999998,0.0,1.0,1,3,0,67.0,55.0,64.0,59.0,71.0,65.0,60.333333333333336,6.110100926607876,67.0,55.0,57.833333333333336,7.167054253084831,67.0,47.0,64.41666666666667,11.171866722289604,84.0,47.0,60.375,11.522426148508398,84.0,45.0,19.2,19.3,19.5,95.0,95.0,89.0,1.0,1.0,1.0,1011.0,1012.0,1014.0,1824.0,95.0,19.2,0.0,0.799447161962575,7.9821181729949116,0.35293079615305434,18.24,18.7,0.018991079138398478,368.64,9025,1.0,1022121,526.2,87.7,-8.0,-5.0,0.0
153,262.8,31.0,12.7,72.5,69.0,75,0.0,1012,94,19.3,0.0,1.33,2023,4,10,5,0,100,15,0.9659258262890683,0.25881904510252074,0.8660254037844387,-0.4999999999999998,0.0,1.0,1,3,0,59.0,67.0,55.0,47.0,74.0,66.0,61.333333333333336,4.932882862316353,67.0,58.0,59.666666666666664,4.8853522561491864,67.0,55.0,63.083333333333336,10.874978230559686,84.0,47.0,60.041666666666664,11.468213790134707,84.0,45.0,19.2,19.3,19.4,95.0,95.0,91.0,1.0,1.0,1.0,1011.0,1012.0,1013.0,1814.2,125.02000000000001,25.669000000000004,0.0,0.799988965669439,8.477145898519403,0.4096642043805038,18.142,18.635,0.01907112740007174,372.49,8836,1.7689000000000001,1024144,506.0,84.33333333333333,-1.0,3.0,0.10000000000000142
123,254.3,28.0,13.3,55.0,62.0,75,0.0,1012,94,19.4,0.6,1.66,2023,4,10,6,0,100,15,1.0,6.123233995736766e-17,0.8660254037844387,-0.4999999999999998,0.0,1.0,1,0,0,58.0,59.0,67.0,55.0,62.0,48.0,53.666666666666664,8.386497083606171,59.0,44.0,57.833333333333336,8.035338615556991,67.0,44.0,61.583333333333336,12.198795270870045,84.0,44.0,59.875,11.677970714126833,84.0,44.0,19.3,19.2,19.4,94.0,95.0,93.0,1.33,1.0,1.0,1012.0,1011.0,1013.0,1823.6,156.04,32.20399999999999,0.0,0.7999854548099126,9.08181850648191,0.47498303632013145,18.236,18.57,0.019169941531678326,376.35999999999996,8836,2.7556,1024144,456.6,76.10000000000001,-14.0,-23.0,0.09999999999999787
123,245.7,25.0,14.0,55.0,55.0,75,0.0,1013,93,19.5,0.7,2.0,2023,4,10,7,0,100,15,0.9659258262890683,-0.25881904510252063,0.8660254037844387,-0.4999999999999998,0.0,1.0,1,0,0,44.0,58.0,59.0,64.0,84.0,48.0,48.666666666666664,8.08290376865487,58.0,44.0,54.5,9.049861877398662,67.0,44.0,58.25,10.913919385978215,83.0,44.0,59.708333333333336,11.881586655378957,84.0,44.0,19.4,19.2,19.3,94.0,95.0,95.0,1.66,1.0,1.0,1012.0,1011.0,1012.0,1813.5,186.0,39.0,0.0,0.7999854548099126,9.82760689572417,0.5599776008959642,18.135,18.5,0.019249734205593085,380.25,8649,4.0,1026169,438.7,73.11666666666666,0.0,-15.0,0.10000000000000142
115,225.9,22.0,29.0,51.3,65.7,75,0.0,1013,93,19.7,1.1,2.0,2023,4,10,8,0,100,15,0.8660254037844387,-0.4999999999999998,0.8660254037844387,-0.4999999999999998,0.0,1.0,1,0,0,44.0,44.0,58.0,55.0,83.0,46.0,43.0,1.7320508075694772,44.0,41.0,52.166666666666664,10.571975532825428,67.0,41.0,54.75,8.781437032947991,67.0,41.0,59.5,12.17267074406772,84.0,41.0,19.5,19.3,19.3,93.0,94.0,95.0,2.0,1.33,1.0,1013.0,1012.0,1012.0,1832.1,186.0,39.4,0.0,0.7992046938656168,10.267715103858915,1.3181219035498386,18.320999999999998,18.7,0.0194471673769325,388.09,8649,4.0,1026169,434.9,72.48333333333333,-3.0,-17.0,0.1999999999999993
156,206.0,19.0,44.0,75.0,76.3,75,0.0,1014,93,20.0,1.9,2.0,2023,4,10,9,0,100,15,0.7071067811865476,-0.7071067811865475,0.8660254037844387,-0.4999999999999998,0.0,1.0,1,0,0,41.0,44.0,44.0,67.0,64.0,45.0,48.333333333333336,10.214368964029795,60.0,41.0,51.0,8.854377448471038,60.0,41.0,54.416666666666664,8.468748252822904,67.0,41.0,60.125,11.774373425589209,84.0,41.0,19.7,19.4,19.2,93.0,94.0,95.0,2.0,1.66,1.0,1013.0,1012.0,1011.0,1860.0,186.0,40.0,0.0,0.7999893334755536,10.841534656070733,2.3156675964422924,18.6,19.0,0.019723846426186957,400.0,8649,4.0,1028196,480.3,80.05,19.0,16.0,0.3000000000000007
175,186.2,16.0,59.0,92.5,87.0,75,0.0,1014,92,20.2,2.7,2.0,2023,4,10,10,0,100,15,0.49999999999999994,-0.8660254037844387,0.8660254037844387,-0.4999999999999998,0.0,1.0,1,0,0,60.0,41.0,44.0,59.0,59.0,45.0,58.333333333333336,16.563010998406497,74.0,41.0,53.5,12.802343535462299,74.0,41.0,55.666666666666664,10.14739853212099,74.0,41.0,61.333333333333336,11.642002915480738,84.0,41.0,20.0,19.5,19.2,93.0,93.0,95.0,2.0,2.0,1.0,1014.0,1013.0,1011.0,1858.3999999999999,184.0,40.4,0.0,0.7999913514448492,11.636772701706143,3.6872695456533964,18.584,19.2,0.019921084890448824,408.03999999999996,8464,4.0,1028196,514.7,85.78333333333335,14.0,30.0,0.1999999999999993
168,196.7,17.3,76.3,86.3,96.3,83,0.0,1013,87,21.1,3.4,2.0,2023,4,10,11,0,100,15,0.258819045102521,-0.9659258262890682,0.8660254037844387,-0.4999999999999998,0.0,1.0,1,0,0,74.0,60.0,41.0,58.0,47.0,47.0,67.66666666666667,7.094598884597643,74.0,60.0,55.333333333333336,14.278188493876266,74.0,41.0,57.5,10.422876936640776,74.0,41.0,62.25,11.326191270487016,84.0,41.0,20.2,19.7,19.3,92.0,93.0,94.0,2.0,2.0,1.33,1014.0,1013.0,1012.0,1835.7,174.0,42.2,0.0,0.7995272360691069,11.369285012427026,4.410149702329345,18.357,20.1,0.020829199576308417,445.21000000000004,7569,4.0,1026169,541.9,90.31666666666666,-5.0,28.0,0.9000000000000021
167,207.2,18.7,93.7,85.0,105.7,91,0.0,1012,82,21.9,3.6,2.0,2023,4,10,12,0,100,15,1.2246467991473532e-16,-1.0,0.8660254037844387,-0.4999999999999998,0.0,1.0,1,1,0,69.0,74.0,60.0,44.0,55.0,58.0,70.33333333333333,3.2145502536644184,74.0,68.0,59.333333333333336,13.822686666008961,74.0,41.0,58.583333333333336,10.807895542639226,74.0,41.0,62.666666666666664,11.34696537354415,84.0,41.0,21.1,20.0,19.4,87.0,93.0,94.0,2.0,2.0,1.66,1013.0,1014.0,1012.0,1795.8,164.0,43.8,0.0,0.7999905883460194,11.079621410619753,5.010427249879686,17.958,20.9,0.02164029482184306,479.60999999999996,6724,4.0,1024144,578.3,96.38333333333333,-1.0,8.0,0.7999999999999972
155,217.7,20.0,111.0,73.8,115.0,100,0.0,1011,78,22.8,3.3,2.0,2023,4,10,13,0,100,15,-0.2588190451025208,-0.9659258262890683,0.8660254037844387,-0.4999999999999998,0.0,1.0,1,1,0,68.0,69.0,74.0,44.0,64.0,64.0,65.33333333333333,5.507570547286189,69.0,59.0,61.833333333333336,11.686174167222685,74.0,41.0,58.166666666666664,10.675659088304183,74.0,41.0,62.458333333333336,11.367303097487506,84.0,41.0,21.9,20.2,19.5,82.0,92.0,93.0,2.0,2.0,2.0,1012.0,1014.0,1013.0,1778.4,156.0,45.6,0.0,0.799447161962575,10.884455777211139,5.549722513874306,17.784000000000002,21.8,0.022551906476848193,519.84,6084,4.0,1022121,596.5,99.41666666666667,-9.0,-15.0,0.9000000000000021
165,243.4,26.3,116.3,83.8,131.0,100,0.0,1010,80,22.7,2.7,1.66,2023,4,10,14,0,100,15,-0.4999999999999997,-0.8660254037844388,0.8660254037844387,-0.4999999999999998,0.0,1.0,1,1,0,59.0,68.0,69.0,41.0,55.0,67.0,64.66666666666667,4.932882862316351,68.0,59.0,66.16666666666667,5.706721183540005,74.0,59.0,59.166666666666664,10.911489635269833,74.0,41.0,62.458333333333336,11.367303097487506,84.0,41.0,22.8,21.1,19.7,78.0,87.0,93.0,2.0,2.0,2.0,1011.0,1013.0,1013.0,1816.0,132.79999999999998,37.681999999999995,0.0,0.7995131323015239,9.254400973347021,4.421885099425877,18.16,21.87,0.022475225272054186,515.29,6400,2.7556,1020100,667.8,111.3,8.0,-2.0,-0.10000000000000142
165,269.0,32.7,121.7,83.8,147.0,100,0.0,1008,83,22.7,1.8,1.33,2023,4,10,15,0,100,15,-0.7071067811865471,-0.7071067811865479,0.8660254037844387,-0.4999999999999998,0.0,1.0,1,1,0,67.0,59.0,68.0,60.0,67.0,71.0,64.33333333333333,4.618802153517118,67.0,59.0,67.33333333333333,4.844240566555776,74.0,59.0,59.166666666666664,10.911489635269833,74.0,41.0,62.291666666666664,11.265488532862749,84.0,41.0,22.7,21.9,20.0,80.0,82.0,93.0,1.66,2.0,2.0,1010.0,1012.0,1014.0,1884.1,110.39,30.191,0.0,0.7995131323015239,8.226048133084616,3.7215987278676494,18.840999999999998,22.035,0.022519818928751063,515.29,6889,1.7689000000000001,1016064,721.2,120.2,0.0,-1.0,0.0
195,294.7,39.0,127.0,129.0,163.0,100,0.0,1007,85,22.6,1.1,1.0,2023,4,10,16,0,100,15,-0.8660254037844385,-0.5000000000000004,0.8660254037844387,-0.4999999999999998,0.0,1.0,1,1,0,67.0,67.0,59.0,74.0,59.0,71.0,74.33333333333333,12.701705922171781,89.0,67.0,69.83333333333333,10.048217088949931,89.0,59.0,61.666666666666664,13.897896069244096,89.0,41.0,63.041666666666664,12.411352330293054,89.0,41.0,22.7,22.8,20.2,83.0,78.0,92.0,1.33,2.0,2.0,1008.0,1011.0,1014.0,1921.0000000000002,85.0,22.6,0.0,0.68991713242533,7.556216507269045,3.256326760852286,19.21,22.1,0.022442877415216073,510.76000000000005,7225,1.0,1014049,841.7,140.28333333333333,22.0,30.0,-0.09999999999999787
171,325.5,52.3,100.7,88.8,161.3,100,0.0,1007,87,22.3,2.1,1.0,2023,4,10,17,0,100,15,-0.9659258262890683,-0.25881904510252063,0.8660254037844387,-0.4999999999999998,0.0,1.0,1,1,0,89.0,67.0,67.0,69.0,58.0,74.0,75.66666666666667,11.718930554164642,89.0,67.0,70.16666666666667,10.048217088949935,89.0,59.0,62.75,14.091422278044801,89.0,41.0,62.916666666666664,12.310888311348492,89.0,41.0,22.6,22.7,21.1,85.0,80.0,87.0,1.0,1.66,2.0,1007.0,1010.0,1013.0,1940.1000000000001,87.0,22.3,0.0,0.7995405457145752,6.223590371121012,1.9253933959197724,19.401,21.8,0.022144963113244178,497.29,7569,1.0,1014049,799.5999999999999,133.26666666666665,-18.0,4.0,-0.3000000000000007
171,356.2,65.7,74.3,88.8,159.7,100,0.0,1008,88,22.1,2.0,1.0,2023,4,10,18,0,100,15,-1.0,-1.8369701987210297e-16,0.8660254037844387,-0.4999999999999998,0.0,1.0,1,2,0,71.0,89.0,67.0,68.0,44.0,62.0,77.0,10.392304845413271,89.0,71.0,70.66666666666667,9.993331109628343,89.0,59.0,65.0,12.933395813657107,89.0,41.0,63.291666666666664,12.41835656236964,89.0,41.0,22.3,22.7,21.9,87.0,83.0,82.0,1.0,1.33,2.0,1007.0,1008.0,1012.0,1944.8000000000002,88.0,22.1,0.0,0.7995405457145752,5.4215308747203235,1.1308808085112858,19.448,21.6,0.021924581424026368,488.4100000000001,7744,1.0,1016064,815.7,135.95000000000002,0.0,4.0,-0.1999999999999993
203,386.9,79.0,48.0,118.8,158.0,100,0.0,1008,90,21.8,0.0,1.0,2023,4,10,19,0,100,15,-0.9659258262890684,0.2588190451025203,0.8660254037844387,-0.4999999999999998,0.0,1.0,1,2,0,71.0,71.0,89.0,59.0,44.0,84.0,79.0,13.856406460551021,95.0,71.0,76.66666666666667,12.160043859570056,95.0,67.0,69.25,13.758468466564556,95.0,41.0,63.75,13.381525226643957,95.0,41.0,22.1,22.6,22.8,88.0,85.0,78.0,1.0,1.0,2.0,1008.0,1007.0,1011.0,1962.0,90.0,21.8,0.0,0.7996565685474027,4.8974063619447845,0.6075872457310667,19.62,21.3,0.02162696267166402,475.24,8100,1.0,1016064,885.6999999999999,147.61666666666665,24.0,6.0,-0.3000000000000007
228,388.5,79.0,39.0,142.5,147.7,91,0.0,1008,89,21.7,0.0,1.0,2023,4,10,20,0,100,15,-0.8660254037844386,0.5000000000000001,0.8660254037844387,-0.4999999999999998,0.0,1.0,1,2,0,95.0,71.0,71.0,67.0,41.0,83.0,93.33333333333333,21.548395145191964,114.0,71.0,84.5,18.28387267512009,114.0,67.0,75.33333333333333,16.07557906963977,114.0,59.0,65.04166666666667,16.462022609807136,114.0,41.0,21.8,22.3,22.7,90.0,87.0,80.0,1.0,1.0,1.66,1008.0,1007.0,1010.0,1931.3,89.0,21.7,0.0,0.7999943860043087,4.917659270135821,0.49366463715649167,19.313,21.2,0.021527756420876565,470.89,7921,1.0,1016064,910.7,151.78333333333333,19.0,43.0,-0.10000000000000142
209,390.0,79.0,30.0,125.0,137.3,83,0.0,1009,89,21.5,0.0,1.0,2023,4,10,21,0,100,15,-0.7071067811865477,0.7071067811865474,0.8660254037844387,-0.4999999999999998,0.0,1.0,1,2,0,114.0,95.0,71.0,67.0,60.0,64.0,103.0,9.848857801796033,114.0,95.0,90.0,16.876018487783334,114.0,71.0,78.66666666666667,16.7404427731892,114.0,59.0,66.54166666666667,17.93703762722775,114.0,41.0,21.7,22.1,22.7,89.0,88.0,83.0,1.0,1.0,1.33,1008.0,1008.0,1008.0,1913.5,89.0,21.5,0.0,0.7999936000511996,4.936646371564916,0.37974202858191664,19.135,21.0,0.021308204848161698,462.25,7921,1.0,1018081,861.3,143.54999999999998,-14.0,29.0,-0.1999999999999993
199,391.6,79.0,21.0,115.0,127.0,75,0.0,1009,89,21.4,0.0,1.0,2023,4,10,22,0,100,15,-0.5000000000000004,0.8660254037844384,0.8660254037844387,-0.4999999999999998,0.0,1.0,1,3,0,100.0,114.0,95.0,89.0,74.0,59.0,102.0,11.135528725659983,114.0,92.0,90.5,16.884904500766506,114.0,71.0,80.16666666666667,17.08712079227204,114.0,59.0,67.91666666666667,18.586850580255874,114.0,41.0,21.5,21.8,22.6,89.0,90.0,85.0,1.0,1.0,1.0,1009.0,1008.0,1007.0,1904.6,89.0,21.4,0.0,0.7999930435387518,4.956899279755953,0.26581942000734166,19.046,20.9,0.021209096918635362,457.9599999999999,7921,1.0,1018081,825.6,137.6,-8.0,-3.0,-0.10000000000000142
199,366.7,74.0,24.3,115.0,119.0,75,0.0,1009,90,21.4,0.0,1.0,2023,4,10,23,0,100,15,-0.25881904510252157,0.9659258262890681,0.8660254037844387,-0.4999999999999998,0.0,1.0,1,3,0,92.0,100.0,114.0,71.0,69.0,47.0,94.66666666666667,4.618802153516901,100.0,92.0,94.0,13.957077057894539,114.0,71.0,82.08333333333333,17.01046914714757,114.0,59.0,69.79166666666667,18.654709550293234,114.0,41.0,21.4,21.7,22.3,89.0,89.0,87.0,1.0,1.0,1.0,1009.0,1008.0,1007.0,1925.9999999999998,90.0,21.4,0.0,0.7999930435387518,4.9553384413724135,0.3283739408926906,19.259999999999998,20.9,0.021209096918635362,457.9599999999999,8100,1.0,1018081,791.0,131.83333333333334,0.0,-22.0,0.0
195,341.8,69.0,27.7,111.3,111.0,75,0.0,1008,90,21.4,0.0,1.0,2023,4,11,0,1,101,15,0.0,1.0,0.8660254037844387,-0.4999999999999998,0.7818314824680298,0.6234898018587336,1,3,0,92.0,92.0,100.0,71.0,68.0,55.0,91.0,1.7320508075686538,92.0,89.0,97.0,9.121403400793486,114.0,89.0,83.83333333333333,16.50252505931539,114.0,59.0,71.20833333333333,18.773198209535245,114.0,41.0,21.4,21.5,22.1,90.0,89.0,88.0,1.0,1.0,1.0,1009.0,1009.0,1008.0,1925.9999999999998,90.0,21.4,0.0,0.7996334264741557,4.953551397805828,0.4014434573411979,19.259999999999998,20.9,0.021230137668514216,457.9599999999999,8100,1.0,1016064,749.8,124.96666666666665,-3.0,-11.0,0.0
180,316.9,64.0,31.0,97.5,103.0,75,0.0,1008,91,21.4,0.0,1.0,2023,4,11,1,1,101,15,0.25881904510252074,0.9659258262890683,0.8660254037844387,-0.4999999999999998,0.7818314824680298,0.6234898018587336,1,3,0,89.0,92.0,92.0,95.0,59.0,64.0,86.33333333333333,7.371114795831961,92.0,78.0,94.16666666666667,12.040210407907031,114.0,78.0,85.41666666666667,14.718314709190963,114.0,67.0,71.79166666666667,18.75697937734974,114.0,41.0,21.4,21.4,21.8,90.0,89.0,90.0,1.0,1.0,1.0,1008.0,1009.0,1008.0,1947.3999999999999,91.0,21.4,0.0,0.7999917949559491,4.9514851330447955,0.48436743175887875,19.474,20.9,0.021230137668514216,457.9599999999999,8281,1.0,1016064,690.4,115.06666666666666,-11.0,-14.0,0.0
167,297.1,54.7,34.0,85.0,93.7,75,0.0,1008,91,21.4,0.0,1.0,2023,4,11,2,1,101,15,0.49999999999999994,0.8660254037844387,0.8660254037844387,-0.4999999999999998,0.7818314824680298,0.6234898018587336,1,3,0,78.0,89.0,92.0,114.0,67.0,55.0,78.33333333333333,10.503967504392488,89.0,68.0,86.5,11.519548602267529,100.0,68.0,85.5,14.606972183297795,114.0,67.0,72.33333333333333,18.435944726837818,114.0,41.0,21.4,21.4,21.7,91.0,90.0,89.0,1.0,1.0,1.0,1008.0,1009.0,1008.0,1947.3999999999999,91.0,21.4,0.0,0.7999905883460194,5.431344947989983,0.6215608489789949,19.474,20.9,0.021230137668514216,457.9599999999999,8281,1.0,1016064,632.5,105.41666666666667,-10.0,-24.0,0.0
148,277.2,45.3,37.0,66.3,84.3,75,0.0,1007,92,21.4,0.0,1.0,2023,4,11,3,1,101,15,0.7071067811865476,0.7071067811865476,0.8660254037844387,-0.4999999999999998,0.7818314824680298,0.6234898018587336,1,3,0,68.0,78.0,89.0,100.0,67.0,67.0,66.33333333333333,12.583057392117949,78.0,53.0,78.66666666666667,15.718354451616998,92.0,53.0,84.33333333333333,16.636943192422034,114.0,53.0,71.75,18.829324954997038,114.0,41.0,21.4,21.4,21.5,91.0,90.0,89.0,1.0,1.0,1.0,1008.0,1008.0,1009.0,1968.8,92.0,21.4,0.0,0.7993846246662946,6.119070219200459,0.8167590119423414,19.688,20.9,0.021251220207328492,457.9599999999999,8464,1.0,1014049,563.1,93.85000000000001,-15.0,-36.0,0.0
148,257.4,36.0,40.0,66.3,75.0,75,0.0,1007,92,21.4,0.0,1.0,2023,4,11,4,1,101,15,0.8660254037844386,0.5000000000000001,0.8660254037844387,-0.4999999999999998,0.7818314824680298,0.6234898018587336,1,3,0,53.0,68.0,78.0,92.0,89.0,59.0,58.0,8.660254037844469,68.0,53.0,72.16666666666667,17.104580283265232,92.0,53.0,81.33333333333333,18.821328971207716,114.0,53.0,71.5,19.044570149360624,114.0,41.0,21.4,21.4,21.4,92.0,91.0,89.0,1.0,1.0,1.0,1007.0,1008.0,1009.0,1968.8,92.0,21.4,0.0,0.7993846246662946,7.149801394405711,1.1110802477708954,19.688,20.9,0.021251220207328492,457.9599999999999,8464,1.0,1014049,527.7,87.95,0.0,-25.0,0.0
145,276.2,40.7,32.3,65.0,79.0,75,0.0,1008,92,21.3,0.0,0.66,2023,4,11,5,1,101,15,0.9659258262890683,0.25881904510252074,0.8660254037844387,-0.4999999999999998,0.7818314824680298,0.6234898018587336,1,3,0,53.0,53.0,68.0,92.0,71.0,58.0,52.666666666666664,0.5773502691911313,53.0,52.0,65.5,15.553134732265288,89.0,52.0,79.75,20.494456013095974,114.0,52.0,71.25,19.26756680109835,114.0,41.0,21.4,21.4,21.4,92.0,91.0,90.0,1.0,1.0,1.0,1007.0,1008.0,1009.0,1959.6000000000001,60.720000000000006,14.058000000000002,0.0,0.7999876924970385,6.786074052234588,0.793592295029606,19.596,20.970000000000002,0.02113093141772677,453.69000000000005,8464,0.43560000000000004,1016064,545.2,90.86666666666667,-1.0,-16.0,-0.09999999999999787
131,295.1,45.3,24.7,58.8,83.0,75,0.0,1009,91,21.3,0.6,0.33,2023,4,11,6,1,101,15,1.0,6.123233995736766e-17,0.8660254037844387,-0.4999999999999998,0.7818314824680298,0.6234898018587336,1,0,0,52.0,53.0,53.0,89.0,71.0,44.0,50.666666666666664,3.2145502536646062,53.0,47.0,58.5,11.878552100319064,78.0,47.0,77.75,22.498989876315417,114.0,47.0,71.375,19.092025423789206,114.0,41.0,21.3,21.4,21.4,92.0,92.0,90.0,0.66,1.0,1.0,1008.0,1007.0,1008.0,1938.3,30.03,7.029000000000001,0.0,0.7993061342494175,6.514204984437431,0.5452418268912387,19.383,21.135,0.02110998898910903,453.69000000000005,8281,0.10890000000000001,1018081,553.9000000000001,92.31666666666668,-5.0,-6.0,0.0
89,314.0,50.0,17.0,37.5,87.0,75,0.0,1009,91,21.2,0.7,2.0,2023,4,11,7,1,101,15,0.9659258262890683,-0.25881904510252063,0.8660254037844387,-0.4999999999999998,0.7818314824680298,0.6234898018587336,1,0,0,47.0,52.0,53.0,78.0,95.0,44.0,43.0,11.532562594670896,52.0,30.0,50.5,12.275992831538789,68.0,30.0,72.33333333333333,25.5817169561435,114.0,30.0,70.79166666666667,20.14939672560451,114.0,30.0,21.3,21.4,21.4,91.0,92.0,91.0,0.33,1.0,1.0,1009.0,1007.0,1008.0,1929.2,182.0,42.4,0.0,0.7999786672355405,6.27987440251195,0.3399932001359973,19.292,20.2,0.021010881059582695,449.44,8281,4.0,1018081,535.5,89.25,-17.0,-23.0,-0.10000000000000142
104,304.3,43.7,29.7,46.3,86.0,75,0.0,1010,91,21.4,1.1,0.33,2023,4,11,8,1,101,15,0.8660254037844387,-0.4999999999999998,0.8660254037844387,-0.4999999999999998,0.7818314824680298,0.6234898018587336,1,0,0,30.0,47.0,52.0,68.0,114.0,41.0,38.0,8.544003745317683,47.0,30.0,45.333333333333336,9.688481133111456,53.0,30.0,65.91666666666667,23.773393582411387,100.0,30.0,70.625,20.421243201946545,114.0,30.0,21.2,21.3,21.4,91.0,92.0,91.0,2.0,0.66,1.0,1009.0,1008.0,1008.0,1947.3999999999999,30.03,7.062,0.0,0.799118809528952,6.963227386101004,0.6796183153703577,19.474,21.235,0.0211880978335665,457.9599999999999,8281,0.10890000000000001,1020100,547.0,91.16666666666667,7.0,-15.0,0.1999999999999993
115,294.5,37.3,42.3,51.3,85.0,75,0.0,1010,92,21.5,1.9,0.66,2023,4,11,9,1,101,15,0.7071067811865476,-0.7071067811865475,0.8660254037844387,-0.4999999999999998,0.7818314824680298,0.6234898018587336,1,0,0,37.0,30.0,47.0,53.0,100.0,60.0,36.0,5.567764362830267,41.0,30.0,43.333333333333336,9.00370294193761,53.0,30.0,61.0,22.127728388525547,92.0,30.0,69.83333333333333,21.204320041109586,114.0,30.0,21.4,21.3,21.4,91.0,91.0,92.0,0.33,0.33,1.0,1010.0,1009.0,1007.0,1978.0,60.720000000000006,14.190000000000001,0.0,0.7992046938656168,7.895230690866198,1.1340178547492026,19.78,21.17,0.021287107636527094,462.25,8464,0.43560000000000004,1020100,551.4000000000001,91.90000000000002,4.0,-6.0,0.10000000000000142
123,284.8,31.0,55.0,55.0,84.0,75,0.0,1011,92,21.7,2.7,1.0,2023,4,11,10,1,101,15,0.49999999999999994,-0.8660254037844387,0.8660254037844387,-0.4999999999999998,0.7818314824680298,0.6234898018587336,1,0,0,41.0,37.0,30.0,53.0,92.0,74.0,40.666666666666664,3.5118845842845943,44.0,37.0,41.833333333333336,7.730890418745791,52.0,30.0,57.0,20.27537691612426,92.0,30.0,68.58333333333333,21.823235855124928,114.0,30.0,21.5,21.2,21.4,92.0,91.0,92.0,0.66,2.0,1.0,1010.0,1009.0,1007.0,1996.3999999999999,92.0,21.7,0.0,0.7999854548099126,9.186800425792716,1.7741363181832843,19.964,21.2,0.02146387590121078,470.89,8464,1.0,1022121,553.8,92.3,3.0,14.0,0.1999999999999993
134,291.4,32.0,70.3,60.0,101.0,83,0.0,1010,89,22.3,3.4,1.0,2023,4,11,11,1,101,15,0.258819045102521,-0.9659258262890682,0.8660254037844387,-0.4999999999999998,0.7818314824680298,0.6234898018587336,1,0,0,44.0,41.0,37.0,52.0,92.0,69.0,44.333333333333336,3.511884584284566,48.0,41.0,41.166666666666664,6.794605703545663,48.0,30.0,53.333333333333336,17.100416440082306,89.0,30.0,67.70833333333333,22.223135548864224,114.0,30.0,21.7,21.4,21.3,92.0,91.0,92.0,1.0,0.33,0.66,1011.0,1010.0,1008.0,1984.7,89.0,22.3,0.0,0.7999866668888852,9.105965438580045,2.1968063498015686,19.847,21.8,0.022079186060211822,497.29,7921,1.0,1020100,602.7,100.45,4.0,11.0,0.6000000000000014
131,298.0,33.0,85.7,58.8,118.0,91,0.0,1009,87,22.8,3.6,1.0,2023,4,11,12,1,101,15,1.2246467991473532e-16,-1.0,0.8660254037844387,-0.4999999999999998,0.7818314824680298,0.6234898018587336,1,1,0,48.0,44.0,41.0,47.0,89.0,68.0,46.333333333333336,2.081665999466646,48.0,44.0,41.166666666666664,6.794605703545663,48.0,30.0,49.833333333333336,12.92519268949598,78.0,30.0,66.83333333333333,22.62101113848673,114.0,30.0,22.3,21.5,21.3,89.0,92.0,91.0,1.0,0.66,0.33,1010.0,1010.0,1009.0,1983.6000000000001,87.0,22.8,0.0,0.7993061342494175,9.030029393048697,2.5968910033029307,19.836000000000002,22.3,0.022596607932004034,519.84,7569,1.0,1018081,640.5,106.75,-1.0,6.0,0.5
142,304.6,34.0,101.0,63.8,135.0,100,0.0,1008,85,23.4,3.5,1.0,2023,4,11,13,1,101,15,-0.2588190451025208,-0.9659258262890683,0.8660254037844387,-0.4999999999999998,0.7818314824680298,0.6234898018587336,1,1,0,47.0,48.0,44.0,30.0,78.0,59.0,48.666666666666664,2.0816659994666153,51.0,47.0,44.666666666666664,5.085928299401831,51.0,37.0,47.583333333333336,9.462445708582573,68.0,30.0,66.5,22.799694887355976,114.0,30.0,22.8,21.7,21.2,87.0,92.0,91.0,1.0,1.0,2.0,1009.0,1011.0,1009.0,1988.9999999999998,85.0,23.4,0.0,0.7993605115907275,8.958560042351698,2.9705008676215408,19.889999999999997,22.9,0.023214262684263208,547.56,7225,1.0,1016064,689.4000000000001,114.90000000000002,4.0,7.0,0.5999999999999979
157,296.7,35.0,103.0,76.3,128.0,100,0.0,1007,83,24.1,2.8,1.0,2023,4,11,14,1,101,15,-0.4999999999999997,-0.8660254037844388,0.8660254037844387,-0.4999999999999998,0.7818314824680298,0.6234898018587336,1,1,0,51.0,47.0,48.0,37.0,68.0,67.0,53.0,7.2111025509281,61.0,47.0,48.666666666666664,6.947421584059639,61.0,41.0,47.0,8.22413300210773,61.0,30.0,66.25,22.826852989216643,114.0,30.0,23.4,22.3,21.4,85.0,89.0,91.0,1.0,1.0,0.33,1008.0,1010.0,1010.0,2000.3000000000002,83.0,24.1,0.0,0.7994652756844602,8.476900659981144,2.9427730636267535,20.003,23.6,0.02393244892507555,580.8100000000001,6889,1.0,1014049,700.0,116.66666666666667,10.0,13.0,0.7000000000000028
155,288.7,36.0,105.0,73.8,121.0,100,0.0,1006,81,24.8,2.2,1.0,2023,4,11,15,1,101,15,-0.7071067811865471,-0.7071067811865479,0.8660254037844387,-0.4999999999999998,0.7818314824680298,0.6234898018587336,1,1,0,61.0,51.0,47.0,41.0,53.0,67.0,57.0,5.2915026221293235,61.0,51.0,51.666666666666664,6.860515043832987,61.0,44.0,47.5,8.785318331273608,61.0,30.0,65.91666666666667,22.873787288674794,114.0,30.0,24.1,22.8,21.5,83.0,87.0,92.0,1.0,1.0,0.66,1007.0,1009.0,1010.0,2008.8,81.0,24.8,0.0,0.799447161962575,8.019221688286438,2.9165856503986003,20.088,24.3,0.024652062970116333,615.0400000000001,6561,1.0,1012036,683.5,113.91666666666667,-2.0,12.0,0.6999999999999993
153,280.7,37.0,107.0,72.5,114.0,100,0.0,1005,79,25.5,1.6,1.0,2023,4,11,16,1,101,15,-0.8660254037844385,-0.5000000000000004,0.8660254037844387,-0.4999999999999998,0.7818314824680298,0.6234898018587336,1,1,0,59.0,61.0,51.0,44.0,53.0,89.0,59.333333333333336,1.527525231652392,61.0,58.0,54.0,6.066300355240651,61.0,47.0,47.916666666666664,9.179605193860217,61.0,30.0,64.625,22.38363629781917,114.0,30.0,24.8,23.4,21.7,81.0,85.0,92.0,1.0,1.0,1.0,1006.0,1008.0,1011.0,2014.5,79.0,25.5,0.0,0.799988965669439,7.586281451852653,2.8918137347639257,20.145,25.0,0.025373109081483502,650.25,6241,1.0,1010025,669.2,111.53333333333335,-1.0,7.0,0.6999999999999993
187,301.5,52.7,75.3,103.8,103.7,100,0.0,1006,82,25.1,1.4,1.0,2023,4,11,17,1,101,15,-0.9659258262890683,-0.25881904510252063,0.8660254037844387,-0.4999999999999998,0.7818314824680298,0.6234898018587336,1,1,0,58.0,59.0,61.0,48.0,52.0,71.0,66.66666666666667,14.153915830374796,83.0,58.0,59.833333333333336,12.528633870724354,83.0,47.0,50.5,13.688083735995724,83.0,30.0,65.125,22.66449531373005,114.0,30.0,25.5,24.1,22.3,79.0,83.0,89.0,1.0,1.0,1.0,1005.0,1007.0,1010.0,2058.2000000000003,82.0,25.1,0.0,0.7996069402028883,5.720954061592759,1.428815392497296,20.582000000000004,24.6,0.024950273409270966,630.0100000000001,6724,1.0,1012036,720.0,120.0,25.0,22.0,-0.3999999999999986
171,322.3,68.3,43.7,88.8,93.3,100,0.0,1006,85,24.8,1.5,1.0,2023,4,11,18,1,101,15,-1.0,-1.8369701987210297e-16,0.8660254037844387,-0.4999999999999998,0.7818314824680298,0.6234898018587336,1,2,0,83.0,58.0,59.0,47.0,47.0,71.0,70.66666666666667,12.503332889007396,83.0,58.0,63.833333333333336,11.39151731187127,83.0,51.0,52.5,14.835461202500705,83.0,30.0,65.125,22.66449531373005,114.0,30.0,25.1,24.8,22.8,82.0,81.0,87.0,1.0,1.0,1.0,1006.0,1006.0,1009.0,2108.0,85.0,24.8,0.0,0.7995405457145752,4.718818172501135,0.6398149368237654,21.08,24.3,0.024652062970116333,615.0400000000001,7225,1.0,1012036,687.4,114.56666666666666,-12.0,12.0,-0.3000000000000007
215,343.2,84.0,12.0,130.0,83.0,100,0.0,1007,88,24.4,0.0,1.0,2023,4,11,19,1,101,15,-0.9659258262890684,0.2588190451025203,0.8660254037844387,-0.4999999999999998,0.7818314824680298,0.6234898018587336,1,2,0,71.0,83.0,58.0,51.0,30.0,95.0,86.0,16.703293088490064,104.0,71.0,72.66666666666667,18.051777382481365,104.0,58.0,58.666666666666664,19.331243356208752,104.0,37.0,65.5,23.24725322718149,114.0,30.0,24.8,25.5,23.4,85.0,79.0,85.0,1.0,1.0,1.0,1006.0,1005.0,1008.0,2147.2,88.0,24.4,0.0,0.7999938462011831,4.085665646837537,0.14285544219711668,21.471999999999998,23.9,0.02423036322704744,595.3599999999999,7744,1.0,1014049,756.2,126.03333333333335,33.0,46.0,-0.40000000000000213
183,300.9,73.7,15.0,100.0,81.7,91,0.0,1007,89,24.1,0.0,0.66,2023,4,11,20,1,101,15,-0.8660254037844386,0.5000000000000001,0.8660254037844387,-0.4999999999999998,0.7818314824680298,0.6234898018587336,1,2,0,104.0,71.0,83.0,61.0,37.0,114.0,85.0,17.05872210923198,104.0,71.0,75.83333333333333,17.244322737256656,104.0,58.0,62.25,18.931095151532027,104.0,41.0,64.08333333333333,21.10000343430163,104.0,30.0,24.4,25.1,24.1,88.0,82.0,83.0,1.0,1.0,1.0,1007.0,1006.0,1007.0,2144.9,58.74,15.906000000000002,0.0,0.7999920000799992,4.082712581918834,0.20352505393413928,21.449,23.770000000000003,0.02393244892507555,580.8100000000001,7921,0.43560000000000004,1014049,651.3,108.55,-24.0,-3.0,-0.29999999999999716
188,258.7,63.3,18.0,105.0,80.3,83,0.0,1008,90,23.9,0.0,0.33,2023,4,11,21,1,101,15,-0.7071067811865477,0.7071067811865474,0.8660254037844387,-0.4999999999999998,0.7818314824680298,0.6234898018587336,1,2,0,80.0,104.0,71.0,59.0,41.0,100.0,89.33333333333333,12.858201014657265,104.0,80.0,80.0,15.270887335056916,104.0,58.0,65.83333333333333,18.610033136277046,104.0,44.0,63.416666666666664,20.14710393831961,104.0,30.0,24.1,24.8,24.8,89.0,85.0,81.0,0.66,1.0,1.0,1007.0,1006.0,1006.0,2151.0,29.700000000000003,7.887,0.0,0.7999923810249426,4.086823272934077,0.28435569738234784,21.51,23.735,0.02371029393820046,571.2099999999999,8100,0.10890000000000001,1016064,609.3,101.55,4.0,13.0,-0.20000000000000284
155,216.5,53.0,21.0,73.8,79.0,75,0.0,1009,91,23.6,0.0,3.2,2023,4,11,22,1,101,15,-0.5000000000000004,0.8660254037844384,0.8660254037844387,-0.4999999999999998,0.7818314824680298,0.6234898018587336,1,3,0,84.0,80.0,104.0,58.0,44.0,92.0,74.33333333333333,13.428824718989151,84.0,59.0,80.16666666666667,14.98554859411788,104.0,59.0,67.08333333333333,17.47964183808911,104.0,47.0,62.041666666666664,19.216114538871242,104.0,30.0,23.9,24.4,25.5,90.0,88.0,79.0,0.33,1.0,1.0,1008.0,1007.0,1005.0,2147.6,291.2,75.52000000000001,0.0,0.799447161962575,4.084828588139847,0.3962189392652969,21.476,22.0,0.0233894713682147,556.96,8281,10.240000000000002,1018081,502.3,83.71666666666667,-25.0,-45.0,-0.29999999999999716
89,192.6,44.0,31.3,37.5,76.7,75,0.0,1009,92,23.6,0.0,3.2,2023,4,11,23,1,101,15,-0.25881904510252157,0.9659258262890681,0.8660254037844387,-0.4999999999999998,0.7818314824680298,0.6234898018587336,1,3,0,59.0,84.0,80.0,83.0,48.0,92.0,57.666666666666664,27.024680078279097,84.0,30.0,71.33333333333333,25.152865973217935,104.0,30.0,65.58333333333333,19.874416324572163,104.0,30.0,59.458333333333336,19.181012274748745,104.0,30.0,23.6,24.1,25.1,91.0,89.0,82.0,3.2,0.66,1.0,1009.0,1007.0,1006.0,2171.2000000000003,294.40000000000003,75.52000000000001,0.0,0.7999786672355405,4.37717324606259,0.711347469375696,21.712000000000003,22.0,0.0233894713682147,556.96,8464,10.240000000000002,1018081,412.09999999999997,68.68333333333332,-29.0,-50.0,0.0
100,168.7,35.0,41.7,43.8,74.3,75,0.0,1009,92,23.5,0.0,2.8,2023,4,12,0,2,102,15,0.0,1.0,0.8660254037844387,-0.4999999999999998,0.9749279121818236,-0.22252093395631434,1,3,0,30.0,59.0,84.0,71.0,47.0,89.0,41.333333333333336,15.502687938978067,59.0,30.0,65.33333333333333,29.214151821791134,104.0,30.0,64.58333333333333,21.155091084367253,104.0,30.0,57.208333333333336,18.726821422219896,104.0,30.0,23.6,23.9,24.8,92.0,90.0,85.0,3.2,0.33,1.0,1009.0,1008.0,1006.0,2162.0,257.59999999999997,65.8,0.0,0.7990685144174792,4.819862289648867,1.191394531584812,21.62,22.1,0.023290363438688365,552.25,8464,7.839999999999999,1018081,398.5,66.41666666666667,5.0,-49.0,-0.10000000000000142
95,144.7,26.0,52.0,41.3,72.0,75,0.0,1008,92,23.4,0.0,2.8,2023,4,12,1,2,102,15,0.25881904510252074,0.9659258262890683,0.8660254037844387,-0.4999999999999998,0.9749279121818236,-0.22252093395631434,1,3,0,35.0,30.0,59.0,104.0,51.0,78.0,32.666666666666664,2.5166114784242084,35.0,30.0,53.5,24.402868683824664,84.0,30.0,63.083333333333336,22.78140522975745,104.0,30.0,55.333333333333336,18.807183333171928,104.0,30.0,23.5,23.6,24.4,92.0,91.0,88.0,2.8,3.2,1.0,1009.0,1009.0,1007.0,2152.7999999999997,257.59999999999997,65.52,0.0,0.7990121304568898,5.565170570362677,1.9999230798815428,21.528,22.0,0.023214262684263208,547.56,8464,7.839999999999999,1016064,369.0,61.5,-2.0,-26.0,-0.10000000000000142
67,139.7,21.0,58.0,25.0,68.3,75,0.0,1008,92,23.4,0.0,2.8,2023,4,12,2,2,102,15,0.49999999999999994,0.8660254037844387,0.8660254037844387,-0.4999999999999998,0.9749279121818236,-0.22252093395631434,1,3,0,33.0,35.0,30.0,80.0,61.0,68.0,29.333333333333332,8.144527815247283,35.0,20.0,43.5,23.653752345029453,84.0,20.0,59.666666666666664,25.97317963989115,104.0,20.0,53.333333333333336,19.920857905977556,104.0,20.0,23.4,23.6,24.1,92.0,92.0,89.0,2.8,3.2,0.66,1008.0,1009.0,1007.0,2152.7999999999997,257.59999999999997,65.52,0.0,0.7999680012799487,6.652064187419645,2.7617732488929096,21.528,22.0,0.023214262684263208,547.56,8464,7.839999999999999,1016064,332.0,55.333333333333336,-13.0,-10.0,0.0
82,134.6,16.0,64.0,33.8,64.7,75,0.0,1008,92,23.4,0.0,2.4,2023,4,12,3,2,102,15,0.7071067811865476,0.7071067811865476,0.8660254037844387,-0.4999999999999998,0.9749279121818236,-0.22252093395631434,1,3,0,20.0,33.0,35.0,84.0,59.0,53.0,26.666666666666668,6.506407098647981,33.0,20.0,34.0,13.326664999165482,59.0,20.0,57.0,27.63726075098936,104.0,20.0,52.25,20.633973673658225,104.0,20.0,23.4,23.5,23.9,92.0,92.0,90.0,2.8,2.8,0.33,1008.0,1009.0,1008.0,2152.7999999999997,220.79999999999998,56.16,0.0,0.7987929351202628,8.411974251609273,3.999750015624023,21.528,22.2,0.023214262684263208,547.56,8464,5.76,1016064,340.09999999999997,56.68333333333333,7.0,-8.0,0.0
93,129.6,11.0,70.0,48.0,61.0,75,0.0,1008,92,23.3,0.0,2.4,2023,4,12,4,2,102,15,0.8660254037844386,0.5000000000000001,0.8660254037844387,-0.4999999999999998,0.9749279121818236,-0.22252093395631434,1,3,0,27.0,20.0,33.0,59.0,58.0,53.0,26.333333333333332,6.027713773342,32.0,20.0,29.5,5.394441583702653,35.0,20.0,54.833333333333336,28.55563416252977,104.0,20.0,51.375,21.0420128397411,104.0,20.0,23.4,23.4,23.6,92.0,92.0,91.0,2.4,2.8,3.2,1008.0,1008.0,1009.0,2143.6,220.79999999999998,55.92,0.0,0.6666527780671236,11.780747204799564,6.363057903826925,21.436,22.1,0.02311505643347576,542.89,8464,5.76,1016064,351.6,58.6,5.0,-1.0,-0.09999999999999787
82,151.7,18.0,60.3,33.8,55.0,75,0.0,1009,92,23.3,0.0,2.4,2023,4,12,5,2,102,15,0.9659258262890683,0.25881904510252074,0.8660254037844387,-0.4999999999999998,0.9749279121818236,-0.22252093395631434,1,3,0,32.0,27.0,20.0,30.0,83.0,52.0,28.666666666666668,2.886751345948713,32.0,27.0,29.0,5.477225575049851,35.0,20.0,50.166666666666664,28.10639957322338,104.0,20.0,50.333333333333336,21.620575278246463,104.0,20.0,23.3,23.4,23.6,92.0,92.0,92.0,2.4,2.8,3.2,1008.0,1008.0,1009.0,2143.6,220.79999999999998,55.92,0.0,0.7987929351202628,8.427309593911447,3.3498138992278204,21.436,22.1,0.0230921475796357,542.89,8464,5.76,1018081,345.8,57.63333333333333,-5.0,7.0,0.0
100,173.9,25.0,50.7,43.8,49.0,75,0.5,1009,92,23.3,0.6,2.4,2023,4,12,6,2,102,15,1.0,6.123233995736766e-17,0.8660254037844387,-0.4999999999999998,0.9749279121818236,-0.22252093395631434,1,0,0,27.0,32.0,27.0,35.0,71.0,47.0,31.333333333333332,4.0414518843277785,35.0,27.0,29.0,5.477225575049851,35.0,20.0,47.166666666666664,27.597211101958383,104.0,20.0,49.833333333333336,21.83867066082291,104.0,20.0,23.3,23.4,23.5,92.0,92.0,92.0,2.4,2.4,2.8,1009.0,1008.0,1009.0,2143.6,220.79999999999998,55.92,37.5,0.7990685144174792,6.955721771129155,2.0279188832446704,21.436,22.1,0.0230921475796357,542.89,8464,5.76,1018081,377.40000000000003,62.900000000000006,8.0,8.0,0.0
110,196.1,32.0,41.0,48.8,43.0,75,0.5,1010,91,23.3,0.7,2.0,2023,4,12,7,2,102,15,0.9659258262890683,-0.25881904510252063,0.8660254037844387,-0.4999999999999998,0.9749279121818236,-0.22252093395631434,1,0,0,35.0,27.0,32.0,33.0,104.0,30.0,33.666666666666664,6.110100926608039,39.0,27.0,30.0,6.752777206452217,39.0,20.0,41.75,21.024336547742024,84.0,20.0,50.208333333333336,21.558775408205648,104.0,20.0,23.3,23.3,23.4,92.0,92.0,92.0,2.4,2.4,2.8,1009.0,1008.0,1008.0,2120.3,182.0,46.6,37.5,0.7991639515583698,6.1279335020780605,1.2812099621886817,21.203000000000003,22.3,0.023069284089817736,542.89,8281,4.0,1020100,399.90000000000003,66.65,4.0,7.0,0.0
134,201.7,34.0,40.0,60.0,47.3,83,0.0,1010,91,23.7,1.2,0.66,2023,4,12,8,2,102,15,0.8660254037844387,-0.4999999999999998,0.8660254037844387,-0.4999999999999998,0.9749279121818236,-0.22252093395631434,1,0,0,39.0,35.0,27.0,20.0,80.0,37.0,40.666666666666664,6.658328118479595,48.0,35.0,34.666666666666664,8.016649341629536,48.0,27.0,39.083333333333336,17.45882602183204,84.0,20.0,50.666666666666664,21.38196449807886,104.0,20.0,23.3,23.3,23.4,91.0,92.0,92.0,2.0,2.4,2.8,1010.0,1009.0,1008.0,2156.7,60.06,15.642,0.0,0.7999866668888852,5.932178465339255,1.1764359871768477,21.566999999999997,23.37,0.023465323301660096,561.6899999999999,8281,0.43560000000000004,1020100,431.0,71.83333333333333,9.0,21.0,0.3999999999999986
145,207.4,36.0,39.0,65.0,51.7,91,0.0,1011,91,24.1,1.9,1.33,2023,4,12,9,2,102,15,0.7071067811865476,-0.7071067811865475,0.8660254037844387,-0.4999999999999998,0.9749279121818236,-0.22252093395631434,1,0,0,48.0,39.0,35.0,27.0,84.0,41.0,46.333333333333336,6.658328118479571,52.0,39.0,38.833333333333336,9.579491983745854,52.0,27.0,36.416666666666664,11.349476025817198,59.0,20.0,51.125,21.28341362780363,104.0,20.0,23.7,23.3,23.4,91.0,92.0,92.0,0.66,2.4,2.4,1010.0,1009.0,1008.0,2193.1,121.03,32.053000000000004,0.0,0.7999876924970385,5.760951084692093,1.0833032415766228,21.930999999999997,23.435000000000002,0.023837760793510594,580.8100000000001,8281,1.7689000000000001,1022121,451.09999999999997,75.18333333333332,4.0,17.0,0.40000000000000213
164,213.0,38.0,38.0,82.5,56.0,100,0.0,1011,91,24.5,2.7,2.0,2023,4,12,10,2,102,15,0.49999999999999994,-0.8660254037844387,0.8660254037844387,-0.4999999999999998,0.9749279121818236,-0.22252093395631434,1,0,0,52.0,48.0,39.0,32.0,59.0,44.0,55.333333333333336,9.451631252505317,66.0,48.0,44.5,13.838352503097575,66.0,27.0,37.0,12.713629050603803,66.0,20.0,52.041666666666664,21.436415920956456,104.0,20.0,24.1,23.3,23.3,91.0,91.0,92.0,1.33,2.0,2.4,1011.0,1010.0,1008.0,2229.5,182.0,49.0,0.0,0.7999903031478406,5.605115654851189,0.999973684903029,22.295,23.5,0.02423340827556056,600.25,8281,4.0,1022121,493.5,82.25,14.0,27.0,0.3999999999999986
153,201.5,34.3,49.0,72.5,60.7,91,0.0,1010,92,24.5,3.4,1.66,2023,4,12,11,2,102,15,0.258819045102521,-0.9659258262890682,0.8660254037844387,-0.4999999999999998,0.9749279121818236,-0.22252093395631434,1,0,0,66.0,52.0,48.0,27.0,30.0,48.0,58.666666666666664,7.023769168568614,66.0,52.0,49.666666666666664,11.60459679035234,66.0,35.0,39.333333333333336,13.832329280830718,66.0,20.0,52.458333333333336,21.451622350052663,104.0,20.0,24.5,23.7,23.3,91.0,91.0,92.0,2.0,0.66,2.4,1011.0,1010.0,1009.0,2254.0,152.72,40.669999999999995,0.0,0.799988965669439,5.874464301332323,1.4285297804728727,22.54,23.67,0.024257401725344827,600.25,8464,2.7556,1020100,476.0,79.33333333333333,-8.0,10.0,0.0
153,190.1,30.7,60.0,68.8,65.3,83,0.0,1009,93,24.6,3.6,1.33,2023,4,12,12,2,102,15,1.2246467991473532e-16,-1.0,0.8660254037844387,-0.4999999999999998,0.9749279121818236,-0.22252093395631434,1,1,0,58.0,66.0,52.0,35.0,35.0,47.0,59.666666666666664,5.686240703077472,66.0,55.0,53.0,9.16515138991117,66.0,39.0,41.0,14.453687796167614,66.0,20.0,52.791666666666664,21.425257680286375,104.0,20.0,24.5,24.1,23.3,92.0,91.0,92.0,1.66,1.33,2.4,1010.0,1011.0,1009.0,2287.8,123.69000000000001,32.718,0.0,0.7994069853635848,6.19198071724048,1.9543337350574899,22.878,23.935000000000002,0.024380550663478037,605.1600000000001,8649,1.7689000000000001,1018081,469.9,78.31666666666666,-3.0,3.0,0.10000000000000142
157,178.6,27.0,71.0,76.3,70.0,75,0.0,1008,93,24.6,3.4,1.0,2023,4,12,13,2,102,15,-0.2588190451025208,-0.9659258262890683,0.8660254037844387,-0.4999999999999998,0.9749279121818236,-0.22252093395631434,1,1,0,55.0,58.0,66.0,39.0,33.0,51.0,58.0,3.000000000000291,61.0,55.0,56.666666666666664,6.439461675222466,66.0,48.0,43.333333333333336,15.28120255461413,66.0,20.0,53.208333333333336,21.4860504122755,104.0,20.0,24.6,24.5,23.3,93.0,91.0,91.0,1.33,2.0,2.0,1009.0,1011.0,1010.0,2287.8,93.0,24.6,0.0,0.7994652756844602,6.614569830747008,2.629532239546683,22.878,24.1,0.024404737693712607,605.1600000000001,8649,1.0,1016064,483.90000000000003,80.65,6.0,-5.0,0.0
123,188.1,32.3,67.3,55.0,72.0,83,0.0,1007,94,24.8,2.7,1.33,2023,4,12,14,2,102,15,-0.4999999999999997,-0.8660254037844388,0.8660254037844387,-0.4999999999999998,0.9749279121818236,-0.22252093395631434,1,1,0,61.0,55.0,58.0,48.0,20.0,61.0,53.333333333333336,8.621678104251824,61.0,44.0,56.0,7.615773105863381,66.0,44.0,45.333333333333336,13.405109835318909,66.0,27.0,52.5,21.498230463074904,104.0,20.0,24.6,24.5,23.7,93.0,92.0,91.0,1.0,1.66,0.66,1008.0,1010.0,1010.0,2331.2000000000003,125.02000000000001,32.984,0.0,0.7999854548099126,5.823349122318195,2.083526825794867,23.312,24.135,0.024627582296343303,615.0400000000001,8836,1.7689000000000001,1014049,458.7,76.45,-17.0,-14.0,0.1999999999999993
121,197.6,37.7,63.7,53.8,74.0,91,0.0,1007,94,24.9,1.8,1.66,2023,4,12,15,2,102,15,-0.7071067811865471,-0.7071067811865479,0.8660254037844387,-0.4999999999999998,0.9749279121818236,-0.22252093395631434,1,1,0,44.0,61.0,55.0,52.0,27.0,59.0,49.333333333333336,10.115993936995789,61.0,43.0,54.5,9.268225288586338,66.0,43.0,46.666666666666664,12.153064210188468,66.0,27.0,51.833333333333336,21.53594904918933,104.0,20.0,24.8,24.6,24.1,94.0,93.0,91.0,1.33,1.33,1.33,1007.0,1009.0,1011.0,2340.6,156.04,41.333999999999996,0.0,0.7992416497834613,5.24124028540357,1.689610355162993,23.406,24.07,0.024726887063667265,620.0099999999999,8836,2.7556,1014049,469.8,78.3,-1.0,-12.0,0.09999999999999787
142,207.2,43.0,60.0,63.8,76.0,100,0.0,1006,95,25.1,1.1,2.0,2023,4,12,16,2,102,15,-0.8660254037844385,-0.5000000000000004,0.8660254037844387,-0.4999999999999998,0.9749279121818236,-0.22252093395631434,1,1,0,43.0,44.0,61.0,66.0,32.0,58.0,46.0,4.358898943540947,51.0,43.0,52.0,7.375635565833645,61.0,43.0,48.25,11.274468340619466,66.0,27.0,51.541666666666664,21.496165819223197,104.0,20.0,24.9,24.6,24.5,94.0,93.0,91.0,1.66,1.0,2.0,1007.0,1008.0,1011.0,2384.5,190.0,50.2,0.0,0.7993605115907275,4.818492593195507,1.3953163879909771,23.845,24.1,0.024950273409270966,630.0100000000001,9025,4.0,1012036,501.0,83.5,8.0,-10.0,0.20000000000000284
115,214.2,50.3,48.7,51.3,80.3,100,0.0,1006,96,24.9,0.7,1.66,2023,4,12,17,2,102,15,-0.9659258262890683,-0.25881904510252063,0.8660254037844387,-0.4999999999999998,0.9749279121818236,-0.22252093395631434,1,1,0,51.0,43.0,44.0,58.0,27.0,83.0,45.0,5.2915026221294115,51.0,41.0,49.166666666666664,7.859177225807775,61.0,41.0,49.416666666666664,9.452833469709228,66.0,35.0,49.791666666666664,20.51082252323669,104.0,20.0,25.1,24.8,24.5,95.0,94.0,92.0,2.0,1.33,1.66,1006.0,1007.0,1010.0,2390.3999999999996,159.35999999999999,41.333999999999996,0.0,0.7992046938656168,4.258364644838075,0.9681716069263038,23.903999999999996,24.07,0.02475146644983454,620.0099999999999,9216,2.7556,1012036,485.8,80.96666666666667,-10.0,-3.0,-0.20000000000000284
148,221.2,57.7,37.3,66.3,84.7,100,0.0,1007,97,24.6,0.8,1.33,2023,4,12,18,2,102,15,-1.0,-1.8369701987210297e-16,0.8660254037844387,-0.4999999999999998,0.9749279121818236,-0.22252093395631434,1,2,0,41.0,51.0,43.0,55.0,35.0,71.0,48.333333333333336,6.429100507328812,53.0,41.0,48.833333333333336,7.600438583835504,61.0,41.0,50.916666666666664,8.317105411393856,66.0,39.0,49.041666666666664,20.0249391611011,104.0,20.0,24.9,24.9,24.6,96.0,94.0,93.0,1.66,1.66,1.33,1006.0,1007.0,1009.0,2386.2000000000003,129.01000000000002,32.718,0.0,0.7993846246662946,3.8335557442678634,0.6464359369854942,23.862000000000002,23.935000000000002,0.024428972761695374,605.1600000000001,9409,1.7689000000000001,1014049,520.2,86.7,12.0,10.0,-0.29999999999999716
161,228.2,65.0,26.0,80.0,89.0,100,0.0,1007,98,24.4,0.0,1.0,2023,4,12,19,2,102,15,-0.9659258262890684,0.2588190451025203,0.8660254037844387,-0.4999999999999998,0.9749279121818236,-0.22252093395631434,1,2,0,53.0,41.0,51.0,61.0,39.0,104.0,52.666666666666664,11.503622617825018,64.0,41.0,49.333333333333336,8.594571930390465,64.0,41.0,53.0,8.190904046007608,66.0,41.0,47.375,16.62845256728995,84.0,20.0,24.6,25.1,24.6,97.0,95.0,93.0,1.33,2.0,1.0,1007.0,1006.0,1008.0,2391.2,98.0,24.4,0.0,0.7999900001249984,3.5107152197658493,0.39999384624851925,23.912,23.9,0.02423036322704744,595.3599999999999,9604,1.0,1014049,552.2,92.03333333333335,11.0,13.0,-0.20000000000000284
157,228.0,62.0,25.7,76.3,92.7,100,0.0,1008,98,24.3,0.0,1.33,2023,4,12,20,2,102,15,-0.8660254037844386,0.5000000000000001,0.8660254037844387,-0.4999999999999998,0.9749279121818236,-0.22252093395631434,1,2,0,64.0,53.0,41.0,44.0,48.0,80.0,59.333333333333336,5.686240703077469,64.0,53.0,52.166666666666664,9.26102946041405,64.0,41.0,54.083333333333336,8.32802861462756,66.0,41.0,46.583333333333336,15.41573636049329,84.0,20.0,24.4,24.9,24.8,98.0,96.0,94.0,1.0,1.66,1.33,1007.0,1006.0,1007.0,2381.4,130.34,32.319,0.0,0.7994652756844602,3.6773600425799584,0.41450944339607426,23.814,23.635,0.02410711894135026,590.49,9604,1.7689000000000001,1016064,545.7,90.95,-3.0,20.0,-0.09999999999999787
129,227.8,59.0,25.3,57.5,96.3,100,0.0,1009,98,24.3,0.0,1.66,2023,4,12,21,2,102,15,-0.7071067811865477,0.7071067811865474,0.8660254037844387,-0.4999999999999998,0.9749279121818236,-0.22252093395631434,1,2,0,61.0,64.0,53.0,43.0,52.0,84.0,57.0,9.643650760993047,64.0,46.0,52.666666666666664,8.733078876699627,64.0,41.0,53.583333333333336,8.638795510878971,66.0,41.0,45.0,13.197496468780777,66.0,20.0,24.3,24.6,24.9,98.0,97.0,94.0,1.33,1.33,1.66,1008.0,1007.0,1007.0,2381.4,162.67999999999998,40.338,0.0,0.7999860871984835,3.860951509296453,0.42880629141878956,23.814,23.470000000000002,0.024083226874899034,590.49,9604,2.7556,1018081,511.90000000000003,85.31666666666668,-15.0,-7.0,0.0
126,227.6,56.0,25.0,56.3,100.0,100,0.0,1009,98,24.2,0.0,2.0,2023,4,12,22,2,102,15,-0.5000000000000004,0.8660254037844384,0.8660254037844387,-0.4999999999999998,0.9749279121818236,-0.22252093395631434,1,3,0,46.0,61.0,64.0,51.0,66.0,59.0,50.666666666666664,8.962886439832621,61.0,45.0,51.666666666666664,9.287985070329126,64.0,41.0,51.833333333333336,7.998105836364732,64.0,41.0,44.416666666666664,12.856792035701522,66.0,20.0,24.3,24.4,25.1,98.0,98.0,95.0,1.66,1.0,2.0,1009.0,1007.0,1006.0,2371.6,196.0,48.4,0.0,0.7992753237065062,4.0642131390510885,0.4464205996321494,23.715999999999998,23.2,0.0239841189453727,585.64,9604,4.0,1018081,509.90000000000003,84.98333333333333,-1.0,-19.0,-0.10000000000000142
121,212.4,49.3,29.3,53.8,98.3,91,0.0,1009,98,24.0,0.0,1.33,2023,4,12,23,2,102,15,-0.25881904510252157,0.9659258262890681,0.8660254037844387,-0.4999999999999998,0.9749279121818236,-0.22252093395631434,1,3,0,45.0,46.0,61.0,41.0,58.0,30.0,44.666666666666664,1.527525231652762,46.0,43.0,52.0,8.85437744847091,64.0,43.0,50.583333333333336,8.117974818358928,64.0,41.0,44.958333333333336,12.491663887035605,66.0,20.0,24.2,24.3,24.9,98.0,98.0,96.0,2.0,1.33,1.66,1009.0,1008.0,1006.0,2352.0,130.34,31.92,0.0,0.7992416497834613,4.308229042007262,0.5943084318776496,23.52,23.335,0.023785903086320035,576.0,9604,1.7689000000000001,1018081,486.1,81.01666666666667,-2.0,-18.0,-0.1999999999999993
104,197.3,42.7,33.7,46.3,96.7,83,0.0,1009,99,23.9,0.0,0.66,2023,4,13,0,3,103,15,0.0,1.0,0.8660254037844387,-0.4999999999999998,0.43388373911755823,-0.900968867902419,1,3,0,43.0,45.0,46.0,53.0,55.0,35.0,41.666666666666664,4.163331998932585,45.0,37.0,49.333333333333336,10.70825226947216,64.0,37.0,49.083333333333336,8.857029394608785,64.0,37.0,45.041666666666664,12.428855509473314,66.0,20.0,24.0,24.3,24.6,98.0,98.0,97.0,1.33,1.66,1.33,1009.0,1009.0,1007.0,2366.1,65.34,15.774,0.0,0.799118809528952,4.620500690850331,0.7892086836373856,23.660999999999998,23.57,0.0236867951567937,571.2099999999999,9801,0.43560000000000004,1018081,453.7,75.61666666666666,-6.0,-9.0,-0.10000000000000142
112,182.1,36.0,38.0,50.0,95.0,75,0.0,1008,100,23.7,0.0,3.2,2023,4,13,1,3,103,15,0.25881904510252074,0.9659258262890683,0.8660254037844387,-0.4999999999999998,0.43388373911755823,-0.900968867902419,1,3,0,37.0,43.0,45.0,64.0,61.0,33.0,40.0,3.0000000000004596,43.0,37.0,45.333333333333336,8.358628276616555,61.0,37.0,47.333333333333336,8.348471099366872,64.0,37.0,45.333333333333336,12.214270579821958,66.0,20.0,23.9,24.2,24.4,99.0,98.0,98.0,0.66,2.0,1.0,1009.0,1009.0,1007.0,2370.0,320.0,75.84,0.0,0.7999840003199936,5.058192827977001,1.0555262353823505,23.7,22.099999999999998,0.02351188143662556,561.6899999999999,10000,10.240000000000002,1016064,441.1,73.51666666666667,3.0,-5.0,-0.1999999999999993
95,169.2,29.3,43.3,41.3,91.7,75,0.0,1008,99,23.7,0.0,2.8,2023,4,13,2,3,103,15,0.49999999999999994,0.8660254037844387,0.8660254037844387,-0.4999999999999998,0.43388373911755823,-0.900968867902419,1,3,0,40.0,37.0,43.0,61.0,44.0,20.0,36.666666666666664,3.5118845842846667,40.0,33.0,40.666666666666664,5.006662228136799,46.0,33.0,46.416666666666664,9.297686255029465,64.0,33.0,45.875,11.2956802054746,66.0,27.0,23.7,24.0,24.3,100.0,98.0,98.0,3.2,1.33,1.33,1008.0,1009.0,1008.0,2346.2999999999997,277.2,66.36,0.0,0.7990121304568898,5.774546943790313,1.477765263984164,23.462999999999997,22.3,0.02351188143662556,561.6899999999999,9801,7.839999999999999,1016064,407.8,67.96666666666667,-7.0,-10.0,0.0
89,156.4,22.7,48.7,37.5,88.3,75,0.0,1007,99,23.6,0.0,2.8,2023,4,13,3,3,103,15,0.7071067811865476,0.7071067811865476,0.8660254037844387,-0.4999999999999998,0.43388373911755823,-0.900968867902419,1,3,0,33.0,40.0,37.0,46.0,43.0,27.0,34.333333333333336,5.131601439447184,40.0,30.0,38.0,5.796550698474384,45.0,30.0,45.333333333333336,10.421423156462588,64.0,30.0,46.0,11.09249648460041,66.0,27.0,23.7,23.9,24.3,99.0,99.0,98.0,2.8,0.66,1.66,1008.0,1009.0,1009.0,2336.4,277.2,66.08,0.0,0.7999786672355405,6.889564336372847,2.1452799436148187,23.364,22.200000000000003,0.02343592508845572,556.96,9801,7.839999999999999,1014049,383.6,63.93333333333334,-3.0,-7.0,-0.09999999999999787
91,143.6,16.0,54.0,38.8,85.0,75,0.0,1007,98,23.6,0.0,3.2,2023,4,13,4,3,103,15,0.8660254037844386,0.5000000000000001,0.8660254037844387,-0.4999999999999998,0.43388373911755823,-0.900968867902419,1,3,0,30.0,33.0,40.0,45.0,51.0,32.0,31.333333333333332,1.527525231653003,33.0,30.0,35.666666666666664,5.202563470698797,43.0,30.0,43.666666666666664,11.015141094571925,64.0,30.0,45.958333333333336,11.149104727819493,66.0,27.0,23.6,23.7,24.2,99.0,100.0,98.0,2.8,3.2,2.0,1007.0,1008.0,1009.0,2312.8,313.6,75.52000000000001,0.0,0.7989484807092602,8.974439097556402,3.3747890756827696,23.128,22.0,0.02343592508845572,556.96,9604,10.240000000000002,1014049,368.4,61.4,1.0,-9.0,0.0
65,150.4,19.3,48.0,23.8,75.7,75,0.0,1008,98,23.7,0.0,0.33,2023,4,13,5,3,103,15,0.9659258262890683,0.25881904510252074,0.8660254037844387,-0.4999999999999998,0.43388373911755823,-0.900968867902419,1,3,0,31.0,30.0,33.0,43.0,41.0,27.0,26.666666666666668,6.658328118479653,31.0,19.0,31.666666666666668,7.257180352357779,40.0,19.0,41.833333333333336,13.127579111676567,64.0,19.0,45.625,11.838817875770157,66.0,19.0,23.6,23.7,24.0,98.0,99.0,98.0,3.2,2.8,1.33,1007.0,1008.0,1009.0,2322.6,32.34,7.821,0.0,0.7982857863114995,7.792342365680534,2.4869177762810213,23.226,23.535,0.02351188143662556,561.6899999999999,9604,0.10890000000000001,1016064,336.2,56.03333333333333,-12.0,-14.0,0.09999999999999787
91,157.2,22.7,42.0,38.8,66.3,75,0.0,1008,98,23.7,0.6,0.66,2023,4,13,6,3,103,15,1.0,6.123233995736766e-17,0.8660254037844387,-0.4999999999999998,0.43388373911755823,-0.900968867902419,1,0,0,19.0,31.0,30.0,37.0,53.0,35.0,27.0,6.9282032302757575,31.0,19.0,30.666666666666668,6.772493386238731,40.0,19.0,40.0,12.961481396815467,64.0,19.0,45.458333333333336,12.02164412783188,66.0,19.0,23.7,23.6,23.9,98.0,99.0,99.0,0.33,2.8,0.66,1008.0,1007.0,1009.0,2322.6,64.68,15.642,0.0,0.7989484807092602,6.924805074666313,1.8501387604070305,23.226,23.37,0.02351188143662556,561.6899999999999,9604,0.43560000000000004,1016064,358.0,59.666666666666664,12.0,1.0,0.0
91,164.0,26.0,36.0,38.8,57.0,75,0.0,1009,98,23.8,0.7,1.0,2023,4,13,7,3,103,15,0.9659258262890683,-0.25881904510252063,0.8660254037844387,-0.4999999999999998,0.43388373911755823,-0.900968867902419,1,0,0,31.0,19.0,31.0,40.0,64.0,39.0,27.0,6.9282032302757575,31.0,19.0,29.166666666666668,5.076087732363055,33.0,19.0,37.25,10.712142642813951,61.0,19.0,45.125,12.315816977614183,66.0,19.0,23.7,23.6,23.7,98.0,98.0,100.0,0.66,3.2,3.2,1008.0,1007.0,1008.0,2332.4,98.0,23.8,0.0,0.7989484807092602,6.3074497134725585,1.3845621322256836,23.324,23.3,0.023587687227267368,566.44,9604,1.0,1018081,352.8,58.800000000000004,0.0,0.0,0.10000000000000142
74,173.5,30.3,33.7,28.8,54.3,75,0.0,1009,98,24.0,1.2,1.33,2023,4,13,8,3,103,15,0.8660254037844387,-0.4999999999999998,0.8660254037844387,-0.4999999999999998,0.43388373911755823,-0.900968867902419,1,0,0,31.0,31.0,19.0,33.0,61.0,48.0,28.333333333333332,4.618802153517373,31.0,23.0,27.5,5.205766033926161,31.0,19.0,34.083333333333336,8.425700222676861,46.0,19.0,44.083333333333336,13.094694135135661,66.0,19.0,23.8,23.7,23.7,98.0,98.0,99.0,1.0,0.33,2.8,1009.0,1008.0,1008.0,2352.0,130.34,31.92,0.0,0.7985833825214401,5.725883634203491,1.1121745156925513,23.52,23.335,0.023785903086320035,576.0,9604,1.7689000000000001,1018081,343.6,57.26666666666667,-8.0,4.0,0.1999999999999993
80,183.1,34.7,31.3,32.5,51.7,75,0.5,1010,97,24.3,1.9,1.66,2023,4,13,9,3,103,15,0.7071067811865476,-0.7071067811865475,0.8660254037844387,-0.4999999999999998,0.43388373911755823,-0.900968867902419,1,0,0,23.0,31.0,31.0,30.0,46.0,52.0,26.666666666666668,4.041451884327808,31.0,23.0,26.833333333333332,5.076087732362956,31.0,19.0,32.416666666666664,7.80976467266567,45.0,19.0,43.0,13.481065626825837,66.0,19.0,24.0,23.7,23.6,98.0,98.0,99.0,1.33,0.66,2.8,1009.0,1008.0,1007.0,2357.1,161.01999999999998,40.338,37.5,0.7999753853727578,5.276504999855912,0.9019912970807757,23.570999999999998,23.470000000000002,0.024059382119423645,590.49,9409,2.7556,1020100,359.3,59.88333333333333,3.0,-5.0,0.3000000000000007
95,192.6,39.0,29.0,41.3,49.0,75,0.0,1010,97,24.5,2.7,2.0,2023,4,13,10,3,103,15,0.49999999999999994,-0.8660254037844387,0.8660254037844387,-0.4999999999999998,0.43388373911755823,-0.900968867902419,1,0,0,26.0,23.0,31.0,31.0,45.0,66.0,27.333333333333332,5.131601439447219,33.0,23.0,27.166666666666668,5.4558836742223376,33.0,19.0,31.416666666666668,6.748175960055513,43.0,19.0,41.625,12.693074112868992,64.0,19.0,24.3,23.8,23.6,97.0,98.0,98.0,1.66,1.0,3.2,1010.0,1009.0,1007.0,2376.5,194.0,49.0,0.0,0.7990121304568898,4.9383349144893725,0.7435706776749315,23.765,23.5,0.024257401725344827,600.25,9409,4.0,1020100,383.90000000000003,63.98333333333334,7.0,2.0,0.1999999999999993
76,181.9,35.3,35.7,30.0,50.7,75,0.5,1009,96,24.5,3.4,2.33,2023,4,13,11,3,103,15,0.258819045102521,-0.9659258262890682,0.8660254037844387,-0.4999999999999998,0.43388373911755823,-0.900968867902419,1,0,0,33.0,26.0,23.0,19.0,43.0,58.0,27.666666666666668,4.725815626252971,33.0,24.0,28.0,4.195235392678166,33.0,23.0,29.833333333333332,5.967081414397895,40.0,19.0,40.208333333333336,12.683365232586759,64.0,19.0,24.5,24.0,23.7,97.0,98.0,98.0,2.0,1.33,0.33,1010.0,1009.0,1008.0,2352.0,223.68,57.085,37.5,0.7999733342221925,5.152828531769639,1.0113027959547891,23.52,23.335,0.024281442733951702,600.25,9216,5.4289000000000005,1018081,357.59999999999997,59.599999999999994,-9.0,1.0,0.0
82,171.2,31.7,42.3,33.8,52.3,75,0.5,1008,96,24.6,3.6,2.66,2023,4,13,12,3,103,15,1.2246467991473532e-16,-1.0,0.8660254037844387,-0.4999999999999998,0.43388373911755823,-0.900968867902419,1,1,0,24.0,33.0,26.0,31.0,37.0,55.0,28.0,4.582575694956212,33.0,24.0,27.333333333333332,3.9327683209980604,33.0,23.0,29.0,5.55959449142498,40.0,19.0,39.041666666666664,12.550694304947193,64.0,19.0,24.5,24.3,23.7,96.0,97.0,98.0,2.33,1.66,0.66,1009.0,1010.0,1008.0,2361.6000000000004,255.36,65.436,37.5,0.7987929351202628,5.400460553294848,1.3343427652124538,23.616000000000003,23.270000000000003,0.024404737693712607,605.1600000000001,9216,7.0756000000000006,1016064,358.3,59.71666666666667,3.0,1.0,0.10000000000000142
89,160.5,28.0,49.0,37.5,54.0,75,0.0,1007,96,24.6,3.4,3.0,2023,4,13,13,3,103,15,-0.2588190451025208,-0.9659258262890683,0.8660254037844387,-0.4999999999999998,0.43388373911755823,-0.900968867902419,1,1,0,27.0,24.0,33.0,31.0,40.0,61.0,27.0,3.0000000000005755,30.0,24.0,27.166666666666668,3.7638632635426372,33.0,23.0,28.166666666666668,4.386618771037236,33.0,19.0,37.75,11.763059347694933,64.0,19.0,24.6,24.5,23.8,96.0,97.0,98.0,2.66,2.0,1.0,1008.0,1010.0,1009.0,2361.6000000000004,288.0,73.80000000000001,0.0,0.7999786672355405,5.731938145066247,1.7499375022320631,23.616000000000003,23.1,0.024428972761695374,605.1600000000001,9216,9.0,1014049,359.0,59.833333333333336,3.0,-3.0,0.0
82,163.0,30.3,46.0,33.8,54.7,75,0.0,1006,96,24.5,2.7,2.66,2023,4,13,14,3,103,15,-0.4999999999999997,-0.8660254037844388,0.8660254037844387,-0.4999999999999998,0.43388373911755823,-0.900968867902419,1,1,0,30.0,27.0,24.0,23.0,33.0,44.0,28.0,1.732050807569862,30.0,27.0,27.833333333333332,3.18852107828161,33.0,24.0,27.666666666666668,4.119429204354519,33.0,19.0,37.041666666666664,11.881586655378863,64.0,19.0,24.6,24.5,24.0,96.0,96.0,98.0,3.0,2.33,1.33,1007.0,1009.0,1009.0,2352.0,255.36,65.17,0.0,0.7987929351202628,5.379360417147948,1.5181017128147585,23.52,23.17,0.0243538525309617,600.25,9216,7.0756000000000006,1012036,354.8,59.13333333333333,-3.0,3.0,-0.10000000000000142
76,165.5,32.7,43.0,30.0,55.3,75,0.0,1005,96,24.5,1.8,2.33,2023,4,13,15,3,103,15,-0.7071067811865471,-0.7071067811865479,0.8660254037844387,-0.4999999999999998,0.43388373911755823,-0.900968867902419,1,1,0,27.0,30.0,27.0,26.0,30.0,43.0,27.0,3.0000000000005755,30.0,24.0,27.5,3.5071355833470865,33.0,24.0,27.166666666666668,4.1742355496826375,33.0,19.0,36.25,12.098329025836291,64.0,19.0,24.5,24.6,24.3,96.0,96.0,97.0,2.66,2.66,1.66,1006.0,1008.0,1010.0,2352.0,223.68,57.085,0.0,0.7999733342221925,5.061007308644996,1.31494449711018,23.52,23.335,0.02437808519593513,600.25,9216,5.4289000000000005,1010025,350.5,58.416666666666664,-3.0,-3.0,0.0
78,168.1,35.0,40.0,31.3,56.0,75,0.0,1005,96,24.4,1.1,2.0,2023,4,13,16,3,103,15,-0.8660254037844385,-0.5000000000000004,0.8660254037844387,-0.4999999999999998,0.43388373911755823,-0.900968867902419,1,1,0,24.0,27.0,30.0,33.0,31.0,51.0,25.333333333333332,1.5275252316531,27.0,24.0,26.166666666666668,2.3166067138479494,30.0,24.0,26.666666666666668,4.030189107525362,33.0,19.0,35.166666666666664,11.882272753859123,64.0,19.0,24.5,24.6,24.5,96.0,96.0,97.0,2.33,3.0,2.0,1005.0,1007.0,1010.0,2342.3999999999996,192.0,48.8,0.0,0.7986965272674994,4.802719922287935,1.1428244907288363,23.423999999999996,23.4,0.02427858280738029,595.3599999999999,9216,4.0,1010025,355.4,59.23333333333333,1.0,-5.0,-0.10000000000000142
95,173.7,38.7,37.7,41.3,53.3,75,0.0,1005,96,24.3,0.7,2.0,2023,4,13,17,3,103,15,-0.9659258262890683,-0.25881904510252063,0.8660254037844387,-0.4999999999999998,0.43388373911755823,-0.900968867902419,1,1,0,25.0,24.0,27.0,24.0,19.0,41.0,27.333333333333332,4.932882862316596,33.0,24.0,27.666666666666668,3.32665998663014,33.0,24.0,27.833333333333332,3.613946051146588,33.0,23.0,34.833333333333336,11.823582428742855,64.0,19.0,24.4,24.5,24.5,96.0,96.0,96.0,2.0,2.66,2.33,1005.0,1006.0,1009.0,2332.8,192.0,48.6,0.0,0.7990121304568898,4.488256117412987,0.9741350352704065,23.328000000000003,23.3,0.024179080418825456,590.49,9216,4.0,1010025,377.7,62.949999999999996,8.0,6.0,-0.09999999999999787
118,179.4,42.3,35.3,52.5,50.7,75,0.0,1005,95,24.3,0.6,2.0,2023,4,13,18,3,103,15,-1.0,-1.8369701987210297e-16,0.8660254037844387,-0.4999999999999998,0.43388373911755823,-0.900968867902419,1,2,0,33.0,25.0,24.0,27.0,31.0,53.0,33.333333333333336,8.50490054811557,42.0,25.0,30.166666666666668,6.675827039899036,42.0,24.0,28.75,5.429297627434397,42.0,23.0,34.375,11.289905071422899,64.0,19.0,24.3,24.5,24.6,96.0,96.0,96.0,2.0,2.33,2.66,1005.0,1005.0,1008.0,2308.5,190.0,48.6,0.0,0.7999847621950058,4.241034490910381,0.8344956384009835,23.085,23.3,0.024179080418825456,590.49,9025,4.0,1010025,402.2,67.03333333333333,9.0,18.0,0.0
102,185.0,46.0,33.0,45.0,48.0,75,0.0,1006,95,24.2,0.0,2.0,2023,4,13,19,3,103,15,-0.9659258262890684,0.2588190451025203,0.8660254037844387,-0.4999999999999998,0.43388373911755823,-0.900968867902419,1,2,0,42.0,33.0,25.0,30.0,31.0,64.0,37.0,4.582575694956166,42.0,33.0,31.166666666666668,7.082843120290576,42.0,24.0,29.166666666666668,5.797073451842119,42.0,23.0,33.208333333333336,9.380734960854522,61.0,19.0,24.3,24.4,24.6,95.0,96.0,96.0,2.0,2.0,3.0,1005.0,1005.0,1007.0,2299.0,190.0,48.4,0.0,0.7999822226172753,4.021651703223843,0.7173757092237125,22.99,23.2,0.024055642091807064,585.64,9025,4.0,1012036,393.0,65.5,-6.0,11.0,-0.10000000000000142
102,186.9,43.0,34.0,45.0,51.0,75,0.0,1007,95,24.0,0.0,2.0,2023,4,13,20,3,103,15,-0.8660254037844386,0.5000000000000001,0.8660254037844387,-0.4999999999999998,0.43388373911755823,-0.900968867902419,1,2,0,36.0,42.0,33.0,27.0,23.0,61.0,38.0,3.4641016151381767,42.0,36.0,32.666666666666664,6.976149845484126,42.0,24.0,30.25,5.754444922286473,42.0,24.0,32.166666666666664,7.322785563281103,46.0,19.0,24.2,24.3,24.5,95.0,96.0,96.0,2.0,2.0,2.66,1006.0,1005.0,1006.0,2280.0,190.0,48.0,0.0,0.7999822226172753,4.346410548591893,0.7906792865282203,22.8,23.0,0.023833144157751583,576.0,9025,4.0,1014049,395.9,65.98333333333333,0.0,3.0,-0.1999999999999993
104,188.9,40.0,35.0,46.3,54.0,75,0.0,1007,96,23.9,0.0,2.0,2023,4,13,21,3,103,15,-0.7071067811865477,0.7071067811865474,0.8660254037844387,-0.4999999999999998,0.43388373911755823,-0.900968867902419,1,2,0,36.0,36.0,42.0,24.0,26.0,46.0,36.333333333333336,0.5773502691922471,37.0,36.0,34.833333333333336,5.636192568272409,42.0,25.0,31.166666666666668,5.890413372333219,42.0,24.0,31.791666666666668,6.79500562540432,45.0,19.0,24.0,24.3,24.5,95.0,95.0,96.0,2.0,2.0,2.33,1007.0,1005.0,1005.0,2294.3999999999996,192.0,47.8,0.0,0.799118809528952,4.7223819404514895,0.8749781255468614,22.943999999999996,22.9,0.023733839390427617,571.2099999999999,9216,4.0,1014049,401.2,66.86666666666666,1.0,-5.0,-0.10000000000000142
107,190.8,37.0,36.0,47.5,57.0,75,0.0,1008,97,23.7,0.0,2.0,2023,4,13,22,3,103,15,-0.5000000000000004,0.8660254037844384,0.8660254037844387,-0.4999999999999998,0.43388373911755823,-0.900968867902419,1,3,0,37.0,36.0,36.0,25.0,33.0,45.0,37.0,1.000000000001494,38.0,36.0,37.0,2.966479394835463,42.0,33.0,31.583333333333332,6.200562046860112,42.0,24.0,31.5,6.338289441440744,43.0,19.0,23.9,24.2,24.4,96.0,95.0,96.0,2.0,2.0,2.0,1007.0,1006.0,1005.0,2298.9,194.0,47.4,0.0,0.7999831582493001,5.156617388719225,0.9729466771168347,22.989,22.7,0.02351188143662556,561.6899999999999,9409,4.0,1016064,406.3,67.71666666666667,1.0,2.0,-0.1999999999999993
89,180.9,33.0,37.7,37.5,58.3,75,0.0,1007,97,23.6,0.0,2.0,2023,4,13,23,3,103,15,-0.25881904510252157,0.9659258262890681,0.8660254037844387,-0.4999999999999998,0.43388373911755823,-0.900968867902419,1,3,0,38.0,37.0,36.0,33.0,24.0,43.0,35.0,4.35889894354103,38.0,30.0,36.5,3.885871845542924,42.0,30.0,32.083333333333336,5.759708536396163,42.0,24.0,30.958333333333332,5.849408492330298,42.0,19.0,23.7,24.0,24.3,97.0,95.0,96.0,2.0,2.0,2.0,1008.0,1007.0,1005.0,2289.2000000000003,194.0,47.2,0.0,0.7999786672355405,5.48165207114936,1.1423896245568317,22.892000000000003,22.6,0.02343592508845572,556.96,9409,4.0,1014049,377.40000000000003,62.900000000000006,-8.0,-6.0,-0.09999999999999787
87,171.0,29.0,39.3,36.3,59.7,75,0.0,1007,97,23.6,0.0,2.0,2023,4,14,0,4,104,15,0.0,1.0,0.8660254037844387,-0.4999999999999998,-0.433883739117558,-0.9009688679024191,1,3,0,30.0,38.0,37.0,42.0,27.0,37.0,32.333333333333336,4.932882862316578,38.0,29.0,34.333333333333336,3.8297084310230374,38.0,29.0,32.25,5.626641174722566,42.0,24.0,30.625,5.71658532920552,42.0,19.0,23.6,23.9,24.3,97.0,96.0,95.0,2.0,2.0,2.0,1007.0,1007.0,1005.0,2289.2000000000003,194.0,47.2,0.0,0.798876064020275,5.896348401779249,1.3551256853211957,22.892000000000003,22.6,0.02343592508845572,556.96,9409,4.0,1014049,364.3,60.71666666666667,-1.0,-8.0,0.0
100,161.1,25.0,41.0,43.8,61.0,75,0.0,1006,97,23.5,0.0,2.0,2023,4,14,1,4,104,15,0.25881904510252074,0.9659258262890683,0.8660254037844387,-0.4999999999999998,-0.433883739117558,-0.9009688679024191,1,3,0,29.0,30.0,38.0,36.0,30.0,40.0,31.333333333333332,3.2145502536648336,35.0,29.0,34.166666666666664,3.76386326354304,38.0,29.0,32.666666666666664,5.630006189780094,42.0,24.0,30.416666666666668,5.444715560636082,42.0,19.0,23.6,23.7,24.2,97.0,97.0,95.0,2.0,2.0,2.0,1007.0,1008.0,1006.0,2279.5,194.0,47.0,0.0,0.7990685144174792,6.443742250309987,1.639934402623895,22.795,22.5,0.02335981773377959,552.25,9409,4.0,1012036,366.9,61.15,6.0,-3.0,-0.10000000000000142
82,151.2,20.3,45.3,33.8,62.3,75,0.0,1006,97,23.6,0.0,1.66,2023,4,14,2,4,104,15,0.49999999999999994,0.8660254037844387,0.8660254037844387,-0.4999999999999998,-0.433883739117558,-0.9009688679024191,1,3,0,35.0,29.0,30.0,36.0,27.0,33.0,30.333333333333332,4.16333199893267,35.0,27.0,32.666666666666664,4.589843860813592,38.0,27.0,32.666666666666664,5.630006189780094,42.0,24.0,30.166666666666668,5.458672132421595,42.0,19.0,23.5,23.6,24.0,97.0,97.0,95.0,2.0,2.0,2.0,1006.0,1007.0,1007.0,2289.2000000000003,161.01999999999998,39.176,0.0,0.7987929351202628,7.4479089700014764,2.2314171715679025,22.892000000000003,22.770000000000003,0.0234592212134978,556.96,9409,2.7556,1012036,339.90000000000003,56.650000000000006,-8.0,-3.0,0.10000000000000142
72,141.2,15.7,49.7,27.5,63.7,75,0.0,1006,97,23.6,0.0,1.33,2023,4,14,3,4,104,15,0.7071067811865476,0.7071067811865476,0.8660254037844387,-0.4999999999999998,-0.433883739117558,-0.9009688679024191,1,3,0,27.0,35.0,29.0,37.0,24.0,30.0,28.0,6.557438524302268,35.0,22.0,30.166666666666668,5.706721183538507,38.0,22.0,32.5,5.931426319344331,42.0,22.0,29.833333333333332,5.707863886335085,42.0,19.0,23.6,23.6,23.9,97.0,97.0,96.0,1.66,2.0,2.0,1006.0,1007.0,1007.0,2289.2000000000003,129.01000000000002,31.388000000000005,0.0,0.7999709101487218,8.99305776702121,3.165403477485511,22.892000000000003,22.935000000000002,0.0234592212134978,556.96,9409,1.7689000000000001,1012036,319.79999999999995,53.29999999999999,-5.0,-7.0,0.0
80,131.3,11.0,54.0,32.5,65.0,75,0.0,1005,97,23.7,0.0,1.0,2023,4,14,4,4,104,15,0.8660254037844386,0.5000000000000001,0.8660254037844387,-0.4999999999999998,-0.433883739117558,-0.9009688679024191,1,3,0,22.0,27.0,35.0,38.0,25.0,31.0,25.0,2.6457513110652835,27.0,22.0,28.166666666666668,4.355073669485543,35.0,22.0,32.583333333333336,5.822500764405928,42.0,22.0,29.625,5.754487851649641,42.0,19.0,23.6,23.5,23.7,97.0,97.0,97.0,1.33,2.0,2.0,1006.0,1006.0,1008.0,2298.9,97.0,23.7,0.0,0.7999753853727578,11.935278611035361,4.9086446686664855,22.989,23.2,0.02358206608749643,561.6899999999999,9409,1.0,1010025,319.8,53.300000000000004,4.0,-9.0,0.09999999999999787
72,149.8,16.7,48.0,27.5,61.3,75,0.0,1006,97,23.9,0.0,1.33,2023,4,14,5,4,104,15,0.9659258262890683,0.25881904510252074,0.8660254037844387,-0.4999999999999998,-0.433883739117558,-0.9009688679024191,1,3,0,26.0,22.0,27.0,30.0,33.0,19.0,23.333333333333332,2.3094010767593174,26.0,22.0,26.833333333333332,4.875106836434018,35.0,22.0,31.666666666666668,6.568981287194197,42.0,22.0,29.75,5.54232724623407,42.0,22.0,23.7,23.6,23.6,97.0,97.0,97.0,1.0,1.66,2.0,1005.0,1006.0,1007.0,2318.2999999999997,129.01000000000002,31.787,0.0,0.7999709101487218,8.969522783066882,2.8740793964433267,23.182999999999996,23.235,0.02375743165265243,571.2099999999999,9409,1.7689000000000001,1012036,325.3,54.21666666666667,-4.0,-5.0,0.1999999999999993
74,168.3,22.3,42.0,28.8,57.7,75,0.0,1007,97,24.0,0.6,1.66,2023,4,14,6,4,104,15,1.0,6.123233995736766e-17,0.8660254037844387,-0.4999999999999998,-0.433883739117558,-0.9009688679024191,1,0,0,22.0,26.0,22.0,29.0,42.0,31.0,23.666666666666668,2.0816659994670315,26.0,22.0,25.833333333333332,4.956477243632343,35.0,22.0,30.083333333333332,6.1268163664231885,38.0,22.0,29.416666666666668,5.702148082400513,42.0,22.0,23.9,23.6,23.6,97.0,97.0,97.0,1.33,1.33,2.0,1006.0,1006.0,1007.0,2328.0,161.01999999999998,39.839999999999996,0.0,0.7985833825214401,7.546746782655486,1.8833236177749875,23.28,23.17,0.023833144157751583,576.0,9409,2.7556,1014049,342.1,57.01666666666667,1.0,1.0,0.10000000000000142
74,186.8,28.0,36.0,28.8,54.0,75,0.0,1008,97,24.2,0.7,2.0,2023,4,14,7,4,104,15,0.9659258262890683,-0.25881904510252063,0.8660254037844387,-0.4999999999999998,-0.433883739117558,-0.9009688679024191,1,0,0,23.0,22.0,26.0,35.0,36.0,31.0,22.666666666666668,0.5773502691929151,23.0,22.0,23.833333333333332,2.136976056638075,27.0,22.0,29.0,6.134848297745903,38.0,22.0,29.083333333333332,5.8377829819999425,42.0,22.0,24.0,23.7,23.5,97.0,97.0,97.0,1.66,1.0,2.0,1007.0,1005.0,1006.0,2347.4,194.0,48.4,0.0,0.7985833825214401,6.6711903146316205,1.2856683689868218,23.474,23.2,0.024007912690562808,585.64,9409,4.0,1016064,356.6,59.43333333333334,0.0,-3.0,0.1999999999999993
89,188.1,29.3,38.7,37.5,55.7,83,0.0,1008,96,24.5,1.2,1.33,2023,4,14,8,4,104,15,0.8660254037844387,-0.4999999999999998,0.8660254037844387,-0.4999999999999998,-0.433883739117558,-0.9009688679024191,1,0,0,23.0,23.0,22.0,27.0,36.0,23.0,25.333333333333332,4.041451884327831,30.0,23.0,24.333333333333332,3.141125063833758,30.0,22.0,28.5,5.744562646537344,38.0,22.0,29.375,5.693722706706941,42.0,22.0,24.2,23.9,23.6,97.0,97.0,97.0,2.0,1.33,1.66,1008.0,1006.0,1006.0,2352.0,127.68,32.585,0.0,0.7999786672355405,6.419576123681785,1.3207740350158699,23.52,23.835,0.024305531442925157,600.25,9216,1.7689000000000001,1016064,379.3,63.21666666666667,7.0,8.0,0.3000000000000007
85,189.5,30.7,41.3,35.0,57.3,91,0.0,1009,95,24.9,1.9,0.66,2023,4,14,9,4,104,15,0.7071067811865476,-0.7071067811865475,0.8660254037844387,-0.4999999999999998,-0.433883739117558,-0.9009688679024191,1,0,0,30.0,23.0,23.0,22.0,37.0,26.0,27.0,3.6055512754644816,30.0,23.0,25.333333333333332,3.204163957516073,30.0,22.0,27.75,5.0833954293268535,38.0,22.0,29.458333333333332,5.656694123407926,42.0,22.0,24.5,24.0,23.6,96.0,97.0,97.0,1.33,1.66,1.33,1008.0,1007.0,1006.0,2365.5,62.7,16.434,0.0,0.7999771435101855,6.172437379889906,1.3452330542979054,23.655,24.57,0.024677874452057033,620.0099999999999,9025,0.43560000000000004,1018081,381.8,63.63333333333333,-2.0,5.0,0.3999999999999986
95,190.8,32.0,44.0,41.3,59.0,100,0.0,1009,94,25.2,2.7,4.0,2023,4,14,10,4,104,15,0.49999999999999994,-0.8660254037844387,0.8660254037844387,-0.4999999999999998,-0.433883739117558,-0.9009688679024191,1,0,0,28.0,30.0,23.0,26.0,38.0,33.0,30.333333333333332,2.516611478424251,33.0,28.0,26.5,4.5055521304251815,33.0,22.0,27.333333333333332,4.313474308032057,35.0,22.0,29.458333333333332,5.656694123407926,42.0,22.0,24.9,24.2,23.7,95.0,97.0,97.0,0.66,2.0,1.0,1009.0,1008.0,1005.0,2368.7999999999997,376.0,100.8,0.0,0.7990121304568898,5.962313677697573,1.3749570325927316,23.688,23.2,0.024975198240636036,635.04,8836,16.0,1018081,400.1,66.68333333333334,5.0,10.0,0.3000000000000007
129,185.4,30.3,47.0,57.5,59.7,100,0.0,1008,94,25.3,3.4,0.33,2023,4,14,11,4,104,15,0.258819045102521,-0.9659258262890682,0.8660254037844387,-0.4999999999999998,-0.433883739117558,-0.9009688679024191,1,0,0,33.0,28.0,30.0,22.0,30.0,24.0,35.666666666666664,9.291573243177734,46.0,28.0,30.5,8.549853799918488,46.0,23.0,28.666666666666668,6.9062992765273234,46.0,22.0,30.375,6.459320868865189,46.0,22.0,25.2,24.5,23.9,94.0,96.0,97.0,4.0,1.33,1.33,1009.0,1008.0,1006.0,2378.2000000000003,31.020000000000003,8.349,0.0,0.7999860871984835,6.11860994686644,1.5511039239629054,23.782000000000004,25.135,0.025099181449224753,640.09,8836,0.10890000000000001,1016064,425.90000000000003,70.98333333333333,13.0,16.0,0.10000000000000142
129,179.9,28.7,50.0,57.5,60.3,100,0.0,1007,93,25.5,3.7,0.66,2023,4,14,12,4,104,15,1.2246467991473532e-16,-1.0,0.8660254037844387,-0.4999999999999998,-0.433883739117558,-0.9009688679024191,1,1,0,46.0,33.0,28.0,23.0,29.0,27.0,41.666666666666664,7.505553499465316,46.0,33.0,34.333333333333336,9.605553948973942,46.0,23.0,30.083333333333332,8.532913105182681,46.0,22.0,31.166666666666668,7.154607312571556,46.0,22.0,25.3,24.9,24.0,94.0,95.0,97.0,0.33,0.66,1.66,1008.0,1009.0,1007.0,2371.5,61.38,16.830000000000002,0.0,0.7999860871984835,6.268074283126023,1.742099578411902,23.715,25.17,0.025322715667611056,650.25,8649,0.43560000000000004,1014049,422.40000000000003,70.4,0.0,18.0,0.1999999999999993
118,174.5,27.0,53.0,52.5,61.0,100,0.0,1007,92,25.6,3.4,1.0,2023,4,14,13,4,104,15,-0.2588190451025208,-0.9659258262890683,0.8660254037844387,-0.4999999999999998,-0.433883739117558,-0.9009688679024191,1,1,0,46.0,46.0,33.0,23.0,35.0,30.0,44.666666666666664,2.3094010767590563,46.0,42.0,37.5,8.142481194327903,46.0,28.0,30.666666666666668,9.118745261904593,46.0,22.0,31.666666666666668,7.481377847212012,46.0,22.0,25.5,25.2,24.2,93.0,94.0,97.0,0.66,4.0,2.0,1007.0,1009.0,1008.0,2355.2000000000003,92.0,25.6,0.0,0.7999847621950058,6.4627236028295245,1.9628902633235805,23.552000000000003,25.1,0.025422020434935022,655.3600000000001,8464,1.0,1014049,410.0,68.33333333333333,-4.0,9.0,0.10000000000000142
110,184.4,32.0,47.3,48.8,60.3,91,0.0,1006,93,25.6,2.7,1.0,2023,4,14,14,4,104,15,-0.4999999999999997,-0.8660254037844388,0.8660254037844387,-0.4999999999999998,-0.433883739117558,-0.9009688679024191,1,1,0,42.0,46.0,46.0,30.0,27.0,27.0,42.333333333333336,3.5118845842846285,46.0,39.0,39.0,7.266360849832893,46.0,28.0,31.666666666666668,9.335497584569746,46.0,22.0,32.166666666666664,7.556550090839299,46.0,22.0,25.6,25.3,24.5,92.0,94.0,96.0,1.0,0.33,1.33,1007.0,1008.0,1008.0,2380.8,93.0,25.6,0.0,0.7991639515583698,5.762319927502266,1.4780788100371864,23.808000000000003,25.1,0.02544729080786202,655.3600000000001,8649,1.0,1012036,411.8,68.63333333333334,-3.0,-7.0,0.0
102,194.3,37.0,41.7,45.0,59.7,83,0.0,1005,94,25.6,1.9,1.0,2023,4,14,15,4,104,15,-0.7071067811865471,-0.7071067811865479,0.8660254037844387,-0.4999999999999998,-0.433883739117558,-0.9009688679024191,1,1,0,39.0,42.0,46.0,28.0,22.0,24.0,39.0,3.0000000000004783,42.0,36.0,40.333333333333336,5.31664054329907,46.0,33.0,32.833333333333336,8.881373085214943,46.0,22.0,32.666666666666664,7.387808209809505,46.0,22.0,25.6,25.5,24.9,93.0,93.0,95.0,1.0,0.66,0.66,1006.0,1007.0,1009.0,2406.4,94.0,25.6,0.0,0.7999822226172753,5.25120942677225,1.1269965676603337,24.064,25.1,0.02547261147003834,655.3600000000001,8836,1.0,1010025,413.7,68.95,-3.0,-10.0,0.0
95,204.3,42.0,36.0,41.3,59.0,75,0.0,1004,95,25.6,1.1,1.0,2023,4,14,16,4,104,15,-0.8660254037844385,-0.5000000000000004,0.8660254037844387,-0.4999999999999998,-0.433883739117558,-0.9009688679024191,1,1,0,36.0,39.0,42.0,33.0,26.0,25.0,36.0,3.0000000000005085,39.0,33.0,40.333333333333336,5.31664054329907,46.0,33.0,33.416666666666664,8.617723105040222,46.0,22.0,33.0,7.2050706782280844,46.0,22.0,25.6,25.6,25.2,94.0,92.0,94.0,1.0,1.0,4.0,1005.0,1007.0,1009.0,2432.0,95.0,25.6,0.0,0.7990121304568898,4.86416990071665,0.857122449465489,24.32,25.1,0.02549798257173051,655.3600000000001,9025,1.0,1008016,415.6,69.26666666666667,-3.0,-9.0,0.0
89,207.4,46.3,31.0,37.5,59.7,75,0.0,1005,95,25.3,0.7,1.33,2023,4,14,17,4,104,15,-0.9659258262890683,-0.25881904510252063,0.8660254037844387,-0.4999999999999998,-0.433883739117558,-0.9009688679024191,1,1,0,33.0,36.0,39.0,46.0,22.0,33.0,33.0,3.0000000000005387,36.0,30.0,37.666666666666664,5.887840577550509,46.0,30.0,34.083333333333336,7.9367766909758055,46.0,23.0,32.875,7.231047190985693,46.0,22.0,25.6,25.6,25.3,95.0,93.0,94.0,1.0,1.0,0.33,1004.0,1006.0,1008.0,2403.5,126.35000000000001,33.649,0.0,0.7999786672355405,4.47938489449472,0.6695319755512841,24.035,24.635,0.025174104304373827,640.09,9025,1.7689000000000001,1010025,411.9,68.64999999999999,-3.0,-9.0,-0.3000000000000007
98,210.5,50.7,26.0,42.5,60.3,75,0.0,1005,95,25.1,0.6,1.66,2023,4,14,18,4,104,15,-1.0,-1.8369701987210297e-16,0.8660254037844387,-0.4999999999999998,-0.433883739117558,-0.9009688679024191,1,2,0,30.0,33.0,36.0,46.0,23.0,42.0,32.333333333333336,2.0816659994669187,34.0,30.0,35.666666666666664,4.320493798936585,42.0,30.0,35.0,7.135060680126245,46.0,23.0,32.541666666666664,6.971863743503036,46.0,22.0,25.3,25.6,25.5,95.0,94.0,93.0,1.33,1.0,0.66,1005.0,1005.0,1007.0,2384.5,157.7,41.666,0.0,0.7999811769134845,4.151791877872231,0.5128103982169977,23.845,24.270000000000003,0.024975099527264153,630.0100000000001,9025,2.7556,1010025,424.0,70.66666666666667,4.0,-2.0,-0.1999999999999993
126,213.6,55.0,21.0,56.3,61.0,75,0.0,1006,95,24.8,0.0,2.0,2023,4,14,19,4,104,15,-0.9659258262890684,0.2588190451025203,0.8660254037844387,-0.4999999999999998,-0.433883739117558,-0.9009688679024191,1,2,0,34.0,30.0,33.0,42.0,23.0,36.0,36.333333333333336,7.7674534651542215,45.0,30.0,36.166666666666664,5.269408568961956,45.0,30.0,36.833333333333336,6.57589721957522,46.0,28.0,32.916666666666664,7.395160971682947,46.0,22.0,25.1,25.6,25.6,95.0,95.0,92.0,1.66,1.0,1.0,1005.0,1004.0,1007.0,2356.0,190.0,49.6,0.0,0.7992753237065062,3.8835657533499393,0.3818112397956401,23.56,23.8,0.024652062970116333,615.0400000000001,9025,4.0,1012036,451.90000000000003,75.31666666666668,11.0,12.0,-0.3000000000000007
150,210.9,51.7,23.7,67.5,69.7,75,0.0,1007,95,24.7,0.0,1.66,2023,4,14,20,4,104,15,-0.8660254037844386,0.5000000000000001,0.8660254037844387,-0.4999999999999998,-0.433883739117558,-0.9009688679024191,1,2,0,45.0,34.0,30.0,39.0,30.0,36.0,44.333333333333336,10.016652800877933,54.0,34.0,38.666666666666664,9.070097390141449,54.0,30.0,38.833333333333336,7.837361955673315,54.0,28.0,33.666666666666664,8.544851827482121,54.0,22.0,24.8,25.3,25.6,95.0,95.0,93.0,2.0,1.33,1.0,1006.0,1005.0,1006.0,2346.5,157.7,41.001999999999995,0.0,0.7999881483237284,4.079224773215218,0.45840505986344554,23.465,23.87,0.024528277529019336,610.0899999999999,9025,2.7556,1014049,477.5,79.58333333333333,9.0,24.0,-0.10000000000000142
151,208.2,48.3,26.3,70.0,78.3,75,0.0,1008,96,24.6,0.0,1.33,2023,4,14,21,4,104,15,-0.7071067811865477,0.7071067811865474,0.8660254037844387,-0.4999999999999998,-0.433883739117558,-0.9009688679024191,1,2,0,54.0,45.0,34.0,36.0,28.0,37.0,51.666666666666664,5.859465277082476,56.0,45.0,42.0,11.296016997153707,56.0,30.0,41.166666666666664,8.462036433746539,56.0,30.0,34.458333333333336,9.672817882969934,56.0,22.0,24.7,25.1,25.6,95.0,95.0,94.0,1.66,1.66,1.0,1007.0,1005.0,1005.0,2361.6000000000004,127.68,32.718,0.0,0.7999885715918343,4.310469762530797,0.5445021842197885,23.616000000000003,23.935000000000002,0.024404737693712607,605.1600000000001,9216,1.7689000000000001,1016064,487.1,81.18333333333334,2.0,22.0,-0.09999999999999787
129,205.4,45.0,29.0,57.5,87.0,75,0.0,1009,97,24.5,0.0,1.0,2023,4,14,22,4,104,15,-0.5000000000000004,0.8660254037844384,0.8660254037844387,-0.4999999999999998,-0.433883739117558,-0.9009688679024191,1,3,0,56.0,54.0,45.0,33.0,33.0,38.0,52.0,5.291502622129358,56.0,46.0,44.166666666666664,10.438710009702016,56.0,30.0,42.25,8.14778274356631,56.0,30.0,34.791666666666664,9.93447736822183,56.0,22.0,24.6,24.8,25.6,96.0,95.0,95.0,1.33,2.0,1.0,1008.0,1006.0,1004.0,2376.5,97.0,24.5,0.0,0.7999860871984835,4.564343014599676,0.6444301237750273,23.765,24.0,0.024281442733951702,600.25,9409,1.0,1018081,469.9,78.31666666666666,-10.0,1.0,-0.10000000000000142
139,198.4,40.7,32.0,62.5,85.7,75,0.0,1009,97,24.5,0.0,1.33,2023,4,14,23,4,104,15,-0.25881904510252157,0.9659258262890681,0.8660254037844387,-0.4999999999999998,-0.433883739117558,-0.9009688679024191,1,3,0,46.0,56.0,54.0,30.0,46.0,30.0,50.666666666666664,5.033222956847363,56.0,46.0,47.5,7.893034904267675,56.0,34.0,42.583333333333336,8.393269309212176,56.0,30.0,35.625,10.345393850068985,56.0,22.0,24.5,24.7,25.3,97.0,95.0,95.0,1.0,1.66,1.33,1009.0,1007.0,1005.0,2376.5,129.01000000000002,32.585,0.0,0.7999872002047967,4.8745731063118845,0.7862214687599813,23.765,23.835,0.024281442733951702,600.25,9409,1.7689000000000001,1018081,469.3,78.21666666666667,4.0,-4.0,0.0
129,191.4,36.3,35.0,57.5,84.3,75,0.0,1009,97,24.4,0.0,1.66,2023,4,15,0,5,105,15,0.0,1.0,0.8660254037844387,-0.4999999999999998,-0.9749279121818236,-0.2225209339563146,1,3,1,50.0,46.0,56.0,34.0,46.0,29.0,47.333333333333336,2.309401076758992,50.0,46.0,49.5,4.63680924774663,56.0,45.0,42.583333333333336,8.393269309212176,56.0,30.0,36.333333333333336,10.453485654021936,56.0,22.0,24.5,24.6,25.1,97.0,96.0,95.0,1.33,1.33,1.66,1009.0,1008.0,1005.0,2366.7999999999997,161.01999999999998,40.504,0.0,0.7999860871984835,5.272582022533816,0.9641607669210216,23.667999999999996,23.57,0.024182334804425366,595.3599999999999,9409,2.7556,1018081,450.5,75.08333333333333,-4.0,-10.0,-0.10000000000000142
150,184.4,32.0,38.0,67.5,83.0,75,0.0,1009,97,24.4,0.0,2.0,2023,4,15,1,5,105,15,0.25881904510252074,0.9659258262890683,0.8660254037844387,-0.4999999999999998,-0.9749279121818236,-0.2225209339563146,1,3,1,46.0,50.0,46.0,45.0,42.0,35.0,50.0,4.000000000000253,54.0,46.0,51.0,4.335896677734528,56.0,46.0,43.583333333333336,9.009674934437749,56.0,30.0,37.125,11.050526251486152,56.0,22.0,24.4,24.5,24.8,97.0,97.0,95.0,1.66,1.0,2.0,1009.0,1009.0,1006.0,2366.7999999999997,194.0,48.8,0.0,0.7999881483237284,5.762319927502266,1.1874628917846317,23.667999999999996,23.4,0.024182334804425366,595.3599999999999,9409,4.0,1018081,458.9,76.48333333333333,8.0,8.0,0.0
164,186.0,28.3,37.3,82.5,77.0,75,0.5,1008,97,24.4,0.0,1.33,2023,4,15,2,5,105,15,0.49999999999999994,0.8660254037844387,0.8660254037844387,-0.4999999999999998,-0.9749279121818236,-0.2225209339563146,1,3,1,54.0,46.0,50.0,54.0,39.0,27.0,55.333333333333336,10.06644591369441,66.0,46.0,53.0,7.563068160474965,66.0,46.0,45.833333333333336,10.92813993432716,66.0,30.0,38.75,12.294396036936739,66.0,22.0,24.4,24.5,24.7,97.0,97.0,95.0,2.0,1.33,1.66,1009.0,1009.0,1007.0,2366.7999999999997,129.01000000000002,32.452,37.5,0.7999903031478406,6.572205929119112,1.3179746298717359,23.667999999999996,23.735,0.024206325192137706,595.3599999999999,9409,1.7689000000000001,1016064,477.1,79.51666666666667,12.0,16.0,0.0
137,187.5,24.7,36.7,61.3,71.0,75,0.5,1008,97,24.4,0.0,0.66,2023,4,15,3,5,105,15,0.7071067811865476,0.7071067811865476,0.8660254037844387,-0.4999999999999998,-0.9749279121818236,-0.2225209339563146,1,3,1,66.0,54.0,46.0,56.0,36.0,22.0,56.333333333333336,8.736894948054188,66.0,49.0,51.833333333333336,7.547626558505418,66.0,46.0,46.916666666666664,10.500721475934174,66.0,30.0,39.875,11.924809724122404,66.0,22.0,24.4,24.4,24.6,97.0,97.0,96.0,1.33,1.66,1.33,1008.0,1009.0,1008.0,2366.7999999999997,64.02,16.104,37.5,0.7993344317384709,7.5907857981458235,1.4857698068904093,23.667999999999996,24.07,0.024206325192137706,595.3599999999999,9409,0.43560000000000004,1016064,430.2,71.7,-17.0,3.0,0.0
80,189.1,21.0,36.0,32.5,65.0,75,1.0,1008,97,24.4,0.0,1.2,2023,4,15,4,5,105,15,0.8660254037844386,0.5000000000000001,0.8660254037844387,-0.4999999999999998,-0.9749279121818236,-0.2225209339563146,1,3,1,49.0,66.0,54.0,46.0,33.0,26.0,47.0,20.07485989988479,66.0,26.0,48.5,13.049904214207409,66.0,26.0,46.333333333333336,11.491762530639054,66.0,26.0,39.875,11.924809724122404,66.0,22.0,24.4,24.4,24.5,97.0,97.0,97.0,0.66,2.0,1.0,1008.0,1009.0,1009.0,2366.7999999999997,116.39999999999999,29.279999999999998,75.0,0.7999753853727578,9.004333126993952,1.7142040855197371,23.667999999999996,23.799999999999997,0.024206325192137706,595.3599999999999,9409,1.44,1016064,369.6,61.6,-23.0,-28.0,0.0
82,220.4,27.0,30.3,33.8,63.3,75,2.5,1008,97,24.4,0.0,1.6,2023,4,15,5,5,105,15,0.9659258262890683,0.25881904510252074,0.8660254037844387,-0.4999999999999998,-0.9749279121818236,-0.2225209339563146,1,3,1,26.0,49.0,66.0,50.0,30.0,22.0,34.0,13.00000000000013,49.0,26.0,44.666666666666664,15.641824275532995,66.0,26.0,46.083333333333336,11.904608224116012,66.0,26.0,40.083333333333336,11.639201626089145,66.0,23.0,24.4,24.4,24.5,97.0,97.0,97.0,1.2,1.33,1.33,1008.0,1008.0,1009.0,2366.7999999999997,155.20000000000002,39.04,187.5,0.7987929351202628,8.162660642198437,1.1221806599755564,23.667999999999996,23.599999999999998,0.024206325192137706,595.3599999999999,9409,2.5600000000000005,1016064,401.8,66.96666666666667,1.0,-39.0,0.0
100,251.7,33.0,24.7,43.8,61.7,75,4.0,1009,97,24.4,0.7,1.2,2023,4,15,6,5,105,15,1.0,6.123233995736766e-17,0.8660254037844387,-0.4999999999999998,-0.9749279121818236,-0.2225209339563146,1,0,1,27.0,26.0,49.0,46.0,34.0,23.0,29.333333333333332,4.932882862316627,35.0,26.0,42.833333333333336,16.09244128983084,66.0,26.0,46.166666666666664,11.815500861413122,66.0,26.0,40.583333333333336,11.119574071709515,66.0,23.0,24.4,24.4,24.4,97.0,97.0,97.0,1.6,0.66,1.66,1008.0,1008.0,1009.0,2366.7999999999997,116.39999999999999,29.279999999999998,300.0,0.7990685144174792,7.627041604799855,0.7484621678130966,23.667999999999996,23.799999999999997,0.024182334804425366,595.3599999999999,9409,1.44,1018081,449.9,74.98333333333333,8.0,-14.0,0.0
98,283.0,39.0,19.0,42.5,60.0,75,5.0,1010,97,24.4,0.8,1.6,2023,4,15,7,5,105,15,0.9659258262890683,-0.25881904510252063,0.8660254037844387,-0.4999999999999998,-0.9749279121818236,-0.2225209339563146,1,0,1,35.0,27.0,26.0,54.0,45.0,23.0,32.0,4.358898943541077,35.0,27.0,39.5,15.372052563011373,66.0,26.0,45.25,12.329749684106357,66.0,26.0,41.041666666666664,10.576755344773327,66.0,26.0,24.4,24.4,24.4,97.0,97.0,97.0,1.2,1.2,2.0,1009.0,1008.0,1009.0,2366.7999999999997,155.20000000000002,39.04,375.0,0.7999811769134845,7.256224199379504,0.48716699571805855,23.667999999999996,23.599999999999998,0.024158391922384233,595.3599999999999,9409,2.5600000000000005,1020100,477.5,79.58333333333333,-1.0,8.0,0.0
110,244.5,30.0,39.7,48.8,50.3,83,3.0,1011,96,24.8,1.2,0.33,2023,4,15,8,5,105,15,0.8660254037844387,-0.4999999999999998,0.8660254037844387,-0.4999999999999998,-0.9749279121818236,-0.2225209339563146,1,0,1,34.0,35.0,27.0,66.0,54.0,30.0,36.0,2.6457513110651907,39.0,34.0,35.0,8.461678320521443,49.0,26.0,44.0,12.120606045453519,66.0,26.0,41.416666666666664,10.324797783751752,66.0,26.0,24.4,24.4,24.4,97.0,97.0,97.0,1.6,1.6,1.33,1010.0,1008.0,1008.0,2380.8,31.68,8.184000000000001,249.0,0.7991639515583698,8.149728342388586,1.3232892236925435,23.808000000000003,24.635,0.024530143887098035,615.0400000000001,9216,0.10890000000000001,1022121,452.3,75.38333333333334,5.0,12.0,0.40000000000000213
155,206.0,21.0,60.3,73.8,40.7,91,2.0,1011,95,25.1,1.9,0.66,2023,4,15,9,5,105,15,0.7071067811865476,-0.7071067811865475,0.8660254037844387,-0.4999999999999998,-0.9749279121818236,-0.2225209339563146,1,0,1,39.0,34.0,35.0,49.0,56.0,28.0,44.0,13.228756555323047,59.0,34.0,36.666666666666664,12.011105971834981,59.0,26.0,44.25,12.417912282446633,66.0,26.0,42.708333333333336,10.5107777673855,66.0,26.0,24.8,24.4,24.4,96.0,97.0,97.0,0.33,1.2,0.66,1011.0,1009.0,1008.0,2384.5,62.7,16.566000000000003,182.0,0.799447161962575,9.809056711585162,2.8712918432455594,23.845,24.770000000000003,0.024826879498635514,630.0100000000001,9025,0.43560000000000004,1022121,460.8,76.8,20.0,24.0,0.3000000000000007
160,167.5,12.0,81.0,78.8,31.0,100,1.25,1012,94,25.5,3.1,1.0,2023,4,15,10,5,105,15,0.49999999999999994,-0.8660254037844387,0.8660254037844387,-0.4999999999999998,-0.9749279121818236,-0.2225209339563146,1,0,1,59.0,39.0,34.0,26.0,46.0,33.0,53.666666666666664,12.85820101465734,63.0,39.0,42.833333333333336,14.648094301534671,63.0,27.0,45.666666666666664,13.553485518380992,66.0,26.0,43.958333333333336,11.074762404622676,66.0,26.0,25.1,24.4,24.4,95.0,97.0,97.0,0.66,1.6,1.2,1011.0,1010.0,1008.0,2397.0,94.0,25.5,125.0,0.7994822400730955,13.957170235813683,6.7494375468710945,23.97,25.0,0.025197603559680277,650.25,8836,1.0,1024144,433.3,72.21666666666667,4.0,29.0,0.3999999999999986
156,161.9,10.7,87.0,75.0,34.3,100,2.5,1012,94,25.6,4.2,1.0,2023,4,15,11,5,105,15,0.258819045102521,-0.9659258262890682,0.8660254037844387,-0.4999999999999998,-0.9749279121818236,-0.2225209339563146,1,0,1,63.0,59.0,39.0,27.0,50.0,46.0,60.666666666666664,2.0816659994663986,63.0,59.0,48.333333333333336,13.677231688710068,63.0,34.0,46.5,14.13892113667392,66.0,26.0,44.541666666666664,11.545671753167392,66.0,26.0,25.5,24.8,24.4,94.0,96.0,97.0,1.0,0.33,1.6,1012.0,1011.0,1008.0,2406.4,94.0,25.6,250.0,0.7999893334755536,15.129427156340531,8.130081300813009,24.064,25.1,0.02529641769128687,655.3600000000001,8836,1.0,1024144,428.90000000000003,71.48333333333333,-3.0,21.0,0.10000000000000142
156,156.2,9.3,93.0,75.0,37.7,100,0.25,1011,94,25.6,4.1,1.0,2023,4,15,12,5,105,15,1.2246467991473532e-16,-1.0,0.8660254037844387,-0.4999999999999998,-0.9749279121818236,-0.2225209339563146,1,1,1,60.0,63.0,59.0,35.0,46.0,46.0,61.0,1.7320508075691896,63.0,60.0,52.5,12.565826673959414,63.0,34.0,47.666666666666664,14.661844937445311,66.0,26.0,45.125,11.968482160131867,66.0,26.0,25.6,25.1,24.4,94.0,95.0,97.0,1.0,0.66,1.2,1012.0,1011.0,1009.0,2406.4,94.0,25.6,25.0,0.7999893334755536,16.79389312977099,9.998924846790667,24.064,25.1,0.02532143885119797,655.3600000000001,8836,1.0,1022121,431.2,71.86666666666666,0.0,1.0,0.0
231,150.6,8.0,99.0,145.0,41.0,100,17.5,1010,94,25.7,4.1,1.0,2023,4,15,13,5,105,15,-0.2588190451025208,-0.9659258262890683,0.8660254037844387,-0.4999999999999998,-0.9749279121818236,-0.2225209339563146,1,1,1,60.0,60.0,63.0,34.0,54.0,42.0,78.66666666666667,32.33161507461904,116.0,60.0,66.16666666666667,25.918461888519975,116.0,39.0,52.833333333333336,24.63121941149004,116.0,26.0,48.208333333333336,18.74306635083726,116.0,26.0,25.6,25.5,24.4,94.0,94.0,97.0,1.0,1.0,1.6,1011.0,1012.0,1010.0,2415.7999999999997,94.0,25.7,1750.0,0.7999944827966703,18.822647169103863,12.373453318335208,24.157999999999998,25.2,0.02544551936087192,660.49,8836,1.0,1020100,559.6,93.26666666666667,56.0,53.0,0.09999999999999787
148,157.0,11.3,97.3,66.3,43.7,100,0.0,1010,91,26.3,3.6,1.0,2023,4,15,14,5,105,15,-0.4999999999999997,-0.8660254037844388,0.8660254037844387,-0.4999999999999998,-0.9749279121818236,-0.2225209339563146,1,1,1,116.0,60.0,60.0,39.0,66.0,39.0,76.33333333333333,34.53018003621373,116.0,53.0,68.5,23.501063805708814,116.0,53.0,51.75,24.28289708640806,116.0,26.0,48.791666666666664,18.66170029689199,116.0,26.0,25.7,25.6,24.8,94.0,94.0,96.0,1.0,1.0,0.33,1010.0,1012.0,1011.0,2393.3,91.0,26.3,0.0,0.7993846246662946,13.892575878240864,8.60985753473144,23.933000000000003,25.8,0.026039578178635468,691.69,8281,1.0,1020100,428.6,71.43333333333334,-63.0,-7.0,0.6000000000000014
131,163.4,14.7,95.7,58.8,46.3,100,0.0,1009,89,26.8,3.0,1.0,2023,4,15,15,5,105,15,-0.7071067811865471,-0.7071067811865479,0.8660254037844387,-0.4999999999999998,-0.9749279121818236,-0.2225209339563146,1,1,1,53.0,116.0,60.0,59.0,49.0,36.0,72.0,38.22302970723279,116.0,47.0,66.5,24.937922928744406,116.0,47.0,51.583333333333336,24.31033574927377,116.0,26.0,49.25,18.46795108806899,116.0,26.0,26.3,25.6,25.1,91.0,94.0,95.0,1.0,1.0,0.66,1010.0,1011.0,1011.0,2385.2000000000003,89.0,26.8,0.0,0.7993061342494175,11.114890143527653,6.509761240731923,23.852000000000004,26.3,0.02656092511305737,718.24,7921,1.0,1018081,425.90000000000003,70.98333333333333,-6.0,-13.0,0.5
78,169.8,18.0,94.0,31.3,49.0,100,0.0,1008,86,27.4,2.2,1.0,2023,4,15,16,5,105,15,-0.8660254037844385,-0.5000000000000004,0.8660254037844387,-0.4999999999999998,-0.9749279121818236,-0.2225209339563146,1,1,1,47.0,53.0,116.0,63.0,26.0,33.0,41.666666666666664,14.742229591664122,53.0,25.0,60.166666666666664,30.26163688016,116.0,25.0,51.5,24.407524920140236,116.0,25.0,48.916666666666664,18.842405151255562,116.0,25.0,26.8,25.7,25.5,89.0,94.0,94.0,1.0,1.0,1.0,1009.0,1010.0,1012.0,2356.4,86.0,27.4,0.0,0.7986965272674994,9.432809288372868,5.221932114882506,23.564,26.9,0.027182512715761192,750.7599999999999,7396,1.0,1016064,387.1,64.51666666666667,-22.0,-91.0,0.5999999999999979
112,282.3,39.0,62.7,50.0,49.3,100,0.0,1008,87,26.9,1.4,0.66,2023,4,15,17,5,105,15,-0.9659258262890683,-0.25881904510252063,0.8660254037844387,-0.4999999999999998,-0.9749279121818236,-0.2225209339563146,1,1,1,25.0,47.0,53.0,60.0,27.0,30.0,37.333333333333336,11.239810200058443,47.0,25.0,56.833333333333336,31.365054864716218,116.0,25.0,52.583333333333336,23.492584258687017,116.0,25.0,49.333333333333336,18.51360643387479,116.0,25.0,27.4,26.3,25.6,86.0,91.0,94.0,1.0,1.0,1.0,1008.0,1010.0,1012.0,2340.2999999999997,57.42,17.754,0.0,0.7999840003199936,7.238275941642523,1.6076510858695932,23.403,26.57,0.026686481461823945,723.6099999999999,7569,0.43560000000000004,1016064,523.3,87.21666666666665,15.0,-13.0,-0.5
107,394.7,60.0,31.3,47.5,49.7,100,0.0,1008,89,26.3,1.1,0.33,2023,4,15,18,5,105,15,-1.0,-1.8369701987210297e-16,0.8660254037844387,-0.4999999999999998,-0.9749279121818236,-0.2225209339563146,1,2,1,40.0,25.0,47.0,60.0,35.0,34.0,34.333333333333336,8.144527815247375,40.0,25.0,53.166666666666664,32.19575541382213,116.0,25.0,52.833333333333336,23.30366078667899,116.0,25.0,49.5,18.387141064389084,116.0,25.0,26.9,26.8,25.6,87.0,89.0,94.0,0.66,1.0,1.0,1008.0,1009.0,1011.0,2340.7000000000003,29.37,8.679,0.0,0.7999831582493001,6.578223696271729,0.5216579723671273,23.407000000000004,26.135,0.02609124395709925,691.69,7921,0.10890000000000001,1016064,621.2,103.53333333333335,-2.0,-9.0,-0.5999999999999979
165,507.1,81.0,0.0,83.8,50.0,100,0.0,1009,91,25.8,0.0,1.6,2023,4,15,19,5,105,15,-0.9659258262890684,0.2588190451025203,0.8660254037844387,-0.4999999999999998,-0.9749279121818236,-0.2225209339563146,1,2,1,38.0,40.0,25.0,116.0,34.0,45.0,48.333333333333336,16.19670748434189,67.0,38.0,45.0,14.324803663575507,67.0,25.0,55.583333333333336,22.821275294351985,116.0,25.0,50.416666666666664,18.698794815073946,116.0,25.0,26.3,27.4,25.7,89.0,86.0,94.0,0.33,1.0,1.0,1008.0,1008.0,1010.0,2347.8,145.6,41.28,0.0,0.7995131323015239,6.260416538067431,0.0,23.478,25.0,0.025569845817794038,665.64,8281,2.5600000000000005,1018081,788.9,131.48333333333332,29.0,42.0,-0.5
187,549.8,79.7,0.0,103.8,47.7,100,0.0,1009,92,25.4,0.0,0.33,2023,4,15,20,5,105,15,-0.8660254037844386,0.5000000000000001,0.8660254037844387,-0.4999999999999998,-0.9749279121818236,-0.2225209339563146,1,2,1,67.0,38.0,40.0,53.0,39.0,54.0,62.666666666666664,22.810816147900866,83.0,38.0,50.0,21.241468875762536,83.0,25.0,59.25,23.440931566967794,116.0,25.0,51.625,19.8424501029223,116.0,25.0,25.8,26.9,26.3,91.0,87.0,91.0,1.6,0.66,1.0,1009.0,1008.0,1010.0,2336.7999999999997,30.360000000000003,8.382,0.0,0.7996069402028883,6.898282330209155,0.0,23.368,25.235,0.0251734140996887,645.16,8464,0.10890000000000001,1018081,864.0,144.0,16.0,43.0,-0.40000000000000213
196,592.4,78.3,0.0,112.5,45.3,100,0.0,1010,93,24.9,0.0,0.66,2023,4,15,21,5,105,15,-0.7071067811865477,0.7071067811865474,0.8660254037844387,-0.4999999999999998,-0.9749279121818236,-0.2225209339563146,1,2,1,83.0,67.0,38.0,47.0,59.0,56.0,80.0,11.789826122551577,90.0,67.0,57.166666666666664,26.603884428155567,90.0,25.0,61.833333333333336,25.062951046345475,116.0,25.0,53.041666666666664,21.326609560882474,116.0,25.0,25.4,26.3,26.8,92.0,89.0,89.0,0.33,0.33,1.0,1009.0,1008.0,1009.0,2315.7,61.38,16.434,0.0,0.7999928889520982,7.5656760450058105,0.0,23.156999999999996,24.57,0.02465344093718719,620.0099999999999,8649,0.43560000000000004,1020100,918.4999999999999,153.08333333333331,7.0,52.0,-0.5
189,635.0,77.0,0.0,106.3,43.0,100,0.0,1011,95,24.5,0.0,1.0,2023,4,15,22,5,105,15,-0.5000000000000004,0.8660254037844384,0.8660254037844387,-0.4999999999999998,-0.9749279121818236,-0.2225209339563146,1,3,1,90.0,83.0,67.0,25.0,63.0,46.0,86.0,3.60555127546383,90.0,83.0,67.16666666666667,23.14663402455447,90.0,38.0,63.666666666666664,25.945163617744054,116.0,25.0,54.666666666666664,22.23328227184901,116.0,25.0,24.9,25.8,27.4,93.0,91.0,86.0,0.66,1.6,1.0,1010.0,1009.0,1008.0,2327.5,95.0,24.5,0.0,0.7996161842315689,8.24664614745263,0.0,23.275,24.0,0.02423340827556056,600.25,9025,1.0,1022121,946.3,157.71666666666667,-5.0,18.0,-0.3999999999999986
169,611.0,76.0,0.0,87.5,46.3,100,0.0,1010,95,24.4,0.0,1.33,2023,4,15,23,5,105,15,-0.25881904510252157,0.9659258262890681,0.8660254037844387,-0.4999999999999998,-0.9749279121818236,-0.2225209339563146,1,3,1,85.0,90.0,83.0,40.0,60.0,50.0,81.66666666666667,10.40832999733063,90.0,70.0,72.16666666666667,18.9675160911139,90.0,38.0,64.5,25.977262785331646,116.0,25.0,55.5,22.424753403714316,116.0,25.0,24.5,25.4,26.9,95.0,92.0,87.0,1.0,0.33,0.66,1011.0,1009.0,1008.0,2318.0,126.35000000000001,32.452,0.0,0.7999908572473458,8.039367903053906,0.0,23.18,23.735,0.024158391922384233,595.3599999999999,9025,1.7689000000000001,1020100,890.8,148.46666666666667,-15.0,-13.0,-0.10000000000000142
160,587.1,75.0,0.0,78.8,49.7,100,0.0,1010,95,24.3,0.0,1.66,2023,4,16,0,6,106,15,0.0,1.0,0.8660254037844387,-0.4999999999999998,-0.7818314824680299,0.6234898018587334,1,3,1,70.0,85.0,90.0,38.0,60.0,46.0,72.66666666666667,11.239810200058255,85.0,63.0,76.33333333333333,11.057425860780912,90.0,63.0,64.75,25.944433629656114,116.0,25.0,56.208333333333336,22.38007492443209,116.0,25.0,24.4,24.9,26.3,95.0,93.0,89.0,1.33,0.66,0.33,1010.0,1010.0,1008.0,2308.5,157.7,40.338,0.0,0.7994822400730955,7.827895628058292,0.0,23.085,23.470000000000002,0.024059382119423645,590.49,9025,2.7556,1020100,853.6,142.26666666666668,-7.0,-27.0,-0.09999999999999787
153,563.2,74.0,0.0,72.5,53.0,100,0.0,1009,95,24.2,0.0,2.0,2023,4,16,1,6,106,15,0.25881904510252074,0.9659258262890683,0.8660254037844387,-0.4999999999999998,-0.7818314824680299,0.6234898018587334,1,3,1,63.0,70.0,85.0,67.0,116.0,54.0,63.666666666666664,6.027713773341812,70.0,58.0,74.83333333333333,13.014094923069596,90.0,58.0,59.916666666666664,20.322215042716646,90.0,25.0,56.375,22.37780830081069,116.0,25.0,24.3,24.5,25.8,95.0,95.0,91.0,1.66,1.0,1.6,1010.0,1011.0,1009.0,2299.0,190.0,48.4,0.0,0.799988965669439,7.6107079634059,0.0,22.99,23.2,0.0239841189453727,585.64,9025,4.0,1018081,820.7,136.78333333333333,-5.0,-27.0,-0.10000000000000142
150,596.1,71.3,0.0,67.5,62.0,100,0.0,1009,93,23.8,0.0,1.66,2023,4,16,2,6,106,15,0.49999999999999994,0.8660254037844387,0.8660254037844387,-0.4999999999999998,-0.7818314824680299,0.6234898018587334,1,3,1,58.0,63.0,70.0,83.0,53.0,66.0,58.333333333333336,4.509249752823102,63.0,54.0,70.0,14.656056768448913,90.0,54.0,60.0,20.293303866501788,90.0,25.0,55.875,22.287279468049977,116.0,25.0,24.2,24.4,25.4,95.0,95.0,92.0,2.0,1.33,0.33,1009.0,1010.0,1009.0,2213.4,154.38,39.508,0.0,0.7999881483237284,8.360331552152143,0.0,22.134,22.970000000000002,0.023587687227267368,566.44,8649,2.7556,1018081,850.9,141.81666666666666,-4.0,-16.0,-0.3999999999999986
123,628.9,68.7,0.0,55.0,71.0,100,0.0,1009,92,23.5,0.0,1.33,2023,4,16,3,6,106,15,0.7071067811865476,0.7071067811865476,0.8660254037844387,-0.4999999999999998,-0.7818314824680299,0.6234898018587334,1,3,1,54.0,58.0,63.0,90.0,47.0,49.0,52.0,7.211102550928158,58.0,44.0,62.333333333333336,14.123266855322841,85.0,44.0,59.75,20.485582513296645,90.0,25.0,55.666666666666664,22.377524956715195,116.0,25.0,23.8,24.3,24.9,93.0,95.0,93.0,1.66,1.66,0.66,1009.0,1010.0,1010.0,2162.0,122.36000000000001,31.255000000000003,0.0,0.7999854548099126,9.154160783685827,0.0,21.62,22.835,0.023290363438688365,552.25,8464,1.7689000000000001,1018081,867.6,144.6,-10.0,-19.0,-0.3000000000000007
115,661.8,66.0,0.0,51.3,80.0,100,0.0,1008,90,23.1,0.0,1.0,2023,4,16,4,6,106,15,0.8660254037844386,0.5000000000000001,0.8660254037844387,-0.4999999999999998,-0.7818314824680299,0.6234898018587334,1,3,1,44.0,54.0,58.0,85.0,25.0,26.0,46.333333333333336,6.806859285554283,54.0,41.0,55.0,11.099549540408887,70.0,41.0,61.083333333333336,18.436418175760434,90.0,38.0,56.291666666666664,21.712507248461623,116.0,25.0,23.5,24.2,24.5,92.0,95.0,95.0,1.33,2.0,1.0,1009.0,1009.0,1011.0,2079.0,90.0,23.1,0.0,0.7992046938656168,10.027120801199981,0.0,20.79,22.6,0.022916643931900862,533.61,8100,1.0,1016064,900.0999999999999,150.01666666666665,-3.0,-17.0,-0.3999999999999986
115,670.8,68.3,0.7,51.3,69.3,95,0.0,1009,90,23.2,0.0,1.0,2023,4,16,5,6,106,15,0.9659258262890683,0.25881904510252074,0.8660254037844387,-0.4999999999999998,-0.7818314824680299,0.6234898018587334,1,3,1,41.0,44.0,54.0,70.0,40.0,27.0,42.0,1.7320508075699494,44.0,41.0,50.166666666666664,9.453394452082057,63.0,41.0,61.166666666666664,18.334435228594025,90.0,38.0,56.875,21.069888879424834,116.0,25.0,23.1,23.8,24.4,90.0,93.0,95.0,1.0,1.66,1.33,1008.0,1009.0,1010.0,2088.0,90.0,23.2,0.0,0.7992046938656168,9.821232485615143,0.0102487518484356,20.88,22.7,0.022993039650109365,538.24,8100,1.0,1018081,901.3999999999999,150.23333333333332,0.0,-13.0,0.09999999999999787
134,679.7,70.7,1.3,60.0,58.7,91,0.0,1009,91,23.2,0.6,1.0,2023,4,16,6,6,106,15,1.0,6.123233995736766e-17,0.8660254037844387,-0.4999999999999998,-0.7818314824680299,0.6234898018587334,1,0,1,41.0,41.0,44.0,63.0,38.0,35.0,43.333333333333336,4.041451884327821,48.0,41.0,47.666666666666664,7.061633427660684,58.0,41.0,62.0,17.388606510115494,90.0,41.0,57.416666666666664,20.645910568158815,116.0,25.0,23.2,23.5,24.3,90.0,92.0,95.0,1.0,1.33,1.66,1009.0,1009.0,1010.0,2111.2,91.0,23.2,0.0,0.7999866668888852,9.613725406995657,0.018387292966153237,21.112,22.7,0.022993039650109365,538.24,8281,1.0,1018081,918.4000000000001,153.0666666666667,7.0,4.0,0.0
129,688.6,73.0,2.0,57.5,48.0,87,0.0,1009,91,23.3,0.8,1.0,2023,4,16,7,6,106,15,0.9659258262890683,-0.25881904510252063,0.8660254037844387,-0.4999999999999998,-0.7818314824680299,0.6234898018587334,1,0,1,48.0,41.0,41.0,58.0,67.0,34.0,45.0,3.605551275464457,48.0,41.0,45.666666666666664,4.926120853841688,54.0,41.0,60.25,17.889179055303845,90.0,41.0,57.916666666666664,20.19452501495681,116.0,25.0,23.2,23.1,24.2,91.0,90.0,95.0,1.0,1.0,2.0,1009.0,1008.0,1009.0,2120.3,91.0,23.3,0.0,0.7999860871984835,9.432747496609634,0.027396884974178436,21.203000000000003,22.8,0.0230921475796357,542.89,8281,1.0,1018081,915.1,152.51666666666668,-2.0,5.0,0.10000000000000142
148,588.9,70.0,30.3,66.3,97.7,87,0.0,1010,87,24.4,1.2,1.33,2023,4,16,8,6,106,15,0.8660254037844387,-0.4999999999999998,0.8660254037844387,-0.4999999999999998,-0.7818314824680299,0.6234898018587334,1,0,1,46.0,48.0,41.0,54.0,83.0,39.0,49.0,3.605551275464396,53.0,46.0,45.5,4.5934736311409505,53.0,41.0,57.75,16.46000662763574,90.0,41.0,58.5,19.823130977197742,116.0,25.0,23.3,23.2,23.8,91.0,90.0,93.0,1.0,1.0,1.66,1009.0,1009.0,1009.0,2122.7999999999997,115.71000000000001,32.452,0.0,0.7993846246662946,8.412736960900558,0.4328509592720104,21.227999999999998,23.735,0.024158391922384233,595.3599999999999,7569,1.7689000000000001,1020100,906.1999999999999,151.03333333333333,7.0,12.0,1.0999999999999979
137,489.1,67.0,58.7,61.3,147.3,87,0.0,1010,84,25.5,2.3,1.66,2023,4,16,9,6,106,15,0.7071067811865476,-0.7071067811865475,0.8660254037844387,-0.4999999999999998,-0.7818314824680299,0.6234898018587334,1,0,1,53.0,46.0,48.0,44.0,90.0,59.0,49.333333333333336,3.5118845842846587,53.0,46.0,46.333333333333336,4.718756898448386,53.0,41.0,54.333333333333336,13.061625496317625,85.0,41.0,58.083333333333336,19.91703807791479,116.0,25.0,24.4,23.2,23.5,87.0,91.0,92.0,1.33,1.0,1.33,1010.0,1009.0,1009.0,2142.0,139.44,42.33,0.0,0.7993344317384709,7.299891046402292,0.8761063267712422,21.42,24.67,0.025247499754950737,650.25,7056,2.7556,1020100,872.4000000000001,145.4,-4.0,1.0,1.1000000000000014
134,389.3,64.0,87.0,60.0,197.0,87,0.0,1010,80,26.6,5.5,2.0,2023,4,16,10,6,106,15,0.49999999999999994,-0.8660254037844387,0.8660254037844387,-0.4999999999999998,-0.7818314824680299,0.6234898018587334,1,0,1,49.0,53.0,46.0,41.0,85.0,63.0,50.0,2.645751311065123,53.0,48.0,47.5,3.9370039370043854,53.0,41.0,51.25,8.853607379840009,70.0,41.0,57.458333333333336,19.991257147034215,116.0,25.0,25.5,23.3,23.1,84.0,91.0,90.0,1.66,1.0,1.0,1010.0,1009.0,1008.0,2128.0,160.0,53.2,0.0,0.7999866668888852,6.082717457539726,1.3593537600974983,21.28,25.6,0.02633660758751724,707.5600000000001,6400,4.0,1020100,845.3,140.88333333333333,-1.0,2.0,1.1000000000000014
139,342.4,47.3,127.7,62.5,174.3,83,0.0,1009,73,27.6,8.6,1.33,2023,4,16,11,6,106,15,0.258819045102521,-0.9659258262890682,0.8660254037844387,-0.4999999999999998,-0.7818314824680299,0.6234898018587334,1,0,1,48.0,49.0,53.0,41.0,70.0,60.0,49.0,1.0000000000014637,50.0,48.0,49.0,2.3664319132374465,53.0,46.0,49.583333333333336,6.598323937779391,63.0,41.0,57.041666666666664,20.040131837340216,116.0,25.0,26.6,24.4,23.2,80.0,87.0,90.0,2.0,1.33,1.0,1010.0,1010.0,1009.0,2014.8000000000002,97.09,36.708000000000006,0.0,0.7999872002047967,7.238747595188262,2.6997315067334733,20.148000000000003,26.935000000000002,0.02735378854926804,761.7600000000001,5329,1.7689000000000001,1018081,804.2,134.03333333333333,2.0,-3.0,1.0
151,295.5,30.7,168.3,70.0,151.7,79,0.0,1008,67,28.6,6.9,0.66,2023,4,16,12,6,106,15,1.2246467991473532e-16,-1.0,0.8660254037844387,-0.4999999999999998,-0.7818314824680299,0.6234898018587334,1,1,1,50.0,48.0,49.0,48.0,63.0,60.0,51.333333333333336,4.163331998932585,56.0,48.0,50.333333333333336,3.6147844564587595,56.0,46.0,49.0,5.5267942376614885,58.0,41.0,56.875,20.03108996578562,116.0,25.0,27.6,25.5,23.2,73.0,84.0,91.0,1.33,1.66,1.0,1009.0,1010.0,1009.0,1916.2,44.22,18.876,0.0,0.7999885715918343,9.625093645158138,5.48190612683626,19.162,28.270000000000003,0.028372987725210592,817.96,4489,0.43560000000000004,1016064,772.2,128.70000000000002,6.0,7.0,1.0
167,248.6,14.0,209.0,85.0,129.0,75,0.0,1008,61,29.6,4.1,2.4,2023,4,16,13,6,106,15,-0.2588190451025208,-0.9659258262890683,0.8660254037844387,-0.4999999999999998,-0.7818314824680299,0.6234898018587334,1,1,1,56.0,50.0,48.0,46.0,58.0,116.0,58.0,9.165151389911784,68.0,50.0,54.0,7.456540752922274,68.0,48.0,49.833333333333336,7.432524755587296,68.0,41.0,54.875,15.825989906534904,90.0,25.0,28.6,26.6,23.3,67.0,80.0,91.0,0.66,2.0,1.0,1008.0,1010.0,1009.0,1805.6000000000001,146.4,71.04,0.0,0.7999905883460194,17.755874580387115,14.927505178201558,18.056,28.400000000000002,0.02936505023308509,876.1600000000001,3721,5.76,1016064,753.6,125.60000000000001,12.0,20.0,1.0
131,238.5,14.7,208.7,58.8,115.7,75,0.0,1007,64,29.2,3.2,1.0,2023,4,16,14,6,106,15,-0.4999999999999997,-0.8660254037844388,0.8660254037844387,-0.4999999999999998,-0.7818314824680299,0.6234898018587334,1,1,1,68.0,56.0,50.0,53.0,54.0,53.0,57.0,10.535653752852836,68.0,47.0,53.0,7.999999999999392,68.0,47.0,49.25,7.350015460713057,68.0,41.0,54.625,15.90409435935633,90.0,25.0,29.6,27.6,24.4,61.0,73.0,87.0,2.4,1.33,1.33,1008.0,1009.0,1010.0,1868.8,64.0,29.2,0.0,0.7993061342494175,16.223386164206516,14.196313175974424,18.688,28.7,0.028996992058597758,852.64,4096,1.0,1014049,683.4,113.89999999999999,-21.0,-3.0,-0.40000000000000213
114,228.4,15.3,208.3,43.8,102.3,75,0.0,1006,68,28.7,1.9,2.0,2023,4,16,15,6,106,15,-0.7071067811865471,-0.7071067811865479,0.8660254037844387,-0.4999999999999998,-0.7818314824680299,0.6234898018587334,1,1,1,47.0,68.0,56.0,49.0,44.0,47.0,50.0,16.70329308849015,68.0,35.0,50.666666666666664,10.911767348448006,68.0,35.0,48.5,8.328483437194915,68.0,35.0,54.125,16.336974601511756,90.0,25.0,29.2,28.6,25.5,64.0,67.0,84.0,1.0,0.66,1.66,1007.0,1008.0,1010.0,1951.6,136.0,57.4,0.0,0.7990685144174792,14.927128945820535,13.613489314423894,19.516,27.7,0.02852879867912656,823.6899999999999,4624,4.0,1012036,633.0999999999999,105.51666666666665,-12.0,-21.0,-0.5
114,218.3,16.0,208.0,50.0,89.0,75,0.0,1005,71,28.3,1.3,3.0,2023,4,16,16,6,106,15,-0.8660254037844385,-0.5000000000000004,0.8660254037844387,-0.4999999999999998,-0.7818314824680299,0.6234898018587334,1,1,1,35.0,47.0,68.0,48.0,41.0,25.0,40.666666666666664,6.0277137733420245,47.0,35.0,49.333333333333336,11.75868473370451,68.0,35.0,48.416666666666664,8.414903805784098,68.0,35.0,54.75,15.43640530355619,90.0,35.0,28.7,29.6,26.6,68.0,61.0,80.0,2.0,2.4,2.0,1006.0,1008.0,1010.0,2009.3,213.0,84.9,0.0,0.7999840003199936,13.642897318917568,12.999187550778075,20.093,26.8,0.028159175961018947,800.89,5041,9.0,1010025,621.3,103.55,5.0,-28.0,-0.3999999999999986
121,283.8,47.0,151.7,53.8,93.0,58,0.0,1005,74,27.6,1.1,2.66,2023,4,16,17,6,106,15,-0.9659258262890683,-0.25881904510252063,0.8660254037844387,-0.4999999999999998,-0.7818314824680299,0.6234898018587334,1,1,1,40.0,35.0,47.0,50.0,41.0,40.0,39.333333333333336,4.041451884327873,43.0,35.0,48.166666666666664,12.023587928179134,68.0,35.0,48.583333333333336,8.27326838057145,68.0,35.0,54.875,15.323504253554447,90.0,35.0,28.3,29.2,27.6,71.0,64.0,73.0,3.0,1.0,1.33,1005.0,1007.0,1009.0,2042.4,196.84,73.41600000000001,0.0,0.7992416497834613,6.038169400651051,3.2275909023212273,20.424,26.270000000000003,0.027462659241135084,761.7600000000001,5476,7.0756000000000006,1010025,672.3,112.05,3.0,-4.0,-0.6999999999999993
150,349.4,78.0,95.3,67.5,97.0,41,0.0,1005,78,26.8,0.9,2.33,2023,4,16,18,6,106,15,-1.0,-1.8369701987210297e-16,0.8660254037844387,-0.4999999999999998,-0.7818314824680299,0.6234898018587334,1,2,1,43.0,40.0,35.0,56.0,48.0,38.0,45.666666666666664,7.371114795832214,54.0,40.0,47.833333333333336,11.788412389573708,68.0,35.0,49.083333333333336,8.4149038057841,68.0,35.0,55.541666666666664,14.899603632506563,90.0,35.0,27.6,28.7,28.6,74.0,68.0,67.0,2.66,2.0,0.66,1005.0,1006.0,1008.0,2090.4,181.74,62.444,0.0,0.7999881483237284,4.479429750900629,1.2217792079588723,20.904,25.635,0.026666640132696387,718.24,6084,5.4289000000000005,1010025,741.1999999999999,123.53333333333332,11.0,19.0,-0.8000000000000007
150,414.9,109.0,39.0,67.5,101.0,25,0.0,1006,81,26.1,0.0,2.0,2023,4,16,19,6,106,15,-0.9659258262890684,0.2588190451025203,0.8660254037844387,-0.4999999999999998,-0.7818314824680299,0.6234898018587334,1,2,1,54.0,43.0,40.0,68.0,46.0,67.0,50.333333333333336,6.350852961086097,54.0,43.0,45.5,7.661592523750354,54.0,35.0,49.75,8.465169278229741,68.0,35.0,55.0,14.699896479966949,90.0,35.0,26.8,28.3,29.6,78.0,71.0,61.0,2.33,3.0,2.4,1005.0,1005.0,1008.0,2114.1,162.0,52.2,0.0,0.7999881483237284,3.8063870973660787,0.3577948826157558,21.141,25.1,0.025944308206453076,681.21,6561,4.0,1012036,785.4,130.9,0.0,14.0,-0.6999999999999993
177,390.0,96.0,42.0,95.0,104.7,41,0.0,1006,83,25.5,0.0,2.0,2023,4,16,20,6,106,15,-0.8660254037844386,0.5000000000000001,0.8660254037844387,-0.4999999999999998,-0.7818314824680299,0.6234898018587334,1,2,1,54.0,54.0,43.0,47.0,53.0,83.0,61.333333333333336,12.701705922171824,76.0,54.0,50.333333333333336,14.706007842601467,76.0,35.0,51.666666666666664,11.372481406154384,76.0,35.0,54.708333333333336,14.180449390888207,90.0,35.0,26.1,27.6,29.2,81.0,74.0,64.0,2.0,2.66,1.0,1006.0,1005.0,1007.0,2116.5,166.0,51.0,0.0,0.7999915790360101,4.062457682732472,0.4374954427558046,21.165,24.5,0.02534788732814381,650.25,6889,4.0,1012036,803.7,133.95000000000002,22.0,33.0,-0.6000000000000014
172,365.1,83.0,45.0,90.0,108.3,58,0.0,1007,86,24.9,0.0,2.0,2023,4,16,21,6,106,15,-0.7071067811865477,0.7071067811865474,0.8660254037844387,-0.4999999999999998,-0.7818314824680299,0.6234898018587334,1,2,1,76.0,54.0,54.0,35.0,49.0,90.0,67.33333333333333,11.718930554164663,76.0,54.0,56.5,14.74788120375234,76.0,40.0,53.583333333333336,12.738333937966358,76.0,35.0,53.958333333333336,12.623233123600267,85.0,35.0,25.5,26.8,28.7,83.0,78.0,68.0,2.0,2.33,2.0,1006.0,1005.0,1006.0,2141.4,172.0,49.8,0.0,0.7999911112098754,4.3987421838291105,0.5421621426247876,21.414,23.9,0.024726887063667265,620.0099999999999,7396,4.0,1014049,763.4,127.23333333333333,-4.0,18.0,-0.6000000000000014
153,340.2,70.0,48.0,72.5,112.0,75,0.0,1007,88,24.3,0.0,2.0,2023,4,16,22,6,106,15,-0.5000000000000004,0.8660254037844384,0.8660254037844387,-0.4999999999999998,-0.7818314824680299,0.6234898018587334,1,3,1,72.0,76.0,54.0,40.0,48.0,85.0,68.66666666666667,9.451631252505248,76.0,58.0,59.5,12.357184145265164,76.0,43.0,54.416666666666664,12.666766347294946,76.0,35.0,52.833333333333336,10.809282108916854,76.0,35.0,24.9,26.1,28.3,86.0,81.0,71.0,2.0,2.0,3.0,1007.0,1006.0,1005.0,2138.4,176.0,48.6,0.0,0.799988965669439,4.859930572420393,0.685704489935858,21.384,23.3,0.02413105845972348,590.49,7744,4.0,1014049,700.7,116.78333333333335,-14.0,4.0,-0.5999999999999979
160,312.2,59.7,51.0,78.8,109.7,70,0.0,1007,89,24.0,0.0,2.0,2023,4,16,23,6,106,15,-0.25881904510252157,0.9659258262890681,0.8660254037844387,-0.4999999999999998,-0.7818314824680299,0.6234898018587334,1,3,1,58.0,72.0,76.0,43.0,50.0,70.0,64.33333333333333,7.094598884597662,72.0,58.0,62.833333333333336,9.347013783378129,76.0,54.0,55.5,12.80979738680137,76.0,35.0,52.541666666666664,10.413115336655874,76.0,35.0,24.3,25.5,27.6,88.0,83.0,74.0,2.0,2.0,2.66,1007.0,1006.0,1005.0,2136.0,178.0,48.0,0.0,0.7994822400730955,5.229393142493425,0.8542570476206429,21.36,23.0,0.023833144157751583,576.0,7921,4.0,1014049,674.4000000000001,112.40000000000002,5.0,-13.0,-0.3000000000000007
160,284.2,49.3,54.0,78.8,107.3,66,0.0,1007,90,23.8,0.0,2.0,2023,4,17,0,0,107,16,0.0,1.0,0.8660254037844387,-0.4999999999999998,0.0,1.0,1,3,0,63.0,58.0,72.0,54.0,56.0,63.0,61.333333333333336,2.8867513459483707,63.0,58.0,64.33333333333333,8.310635755864968,76.0,54.0,56.083333333333336,12.992713575716206,76.0,35.0,52.541666666666664,10.413115336655874,76.0,35.0,24.0,24.9,26.8,89.0,86.0,78.0,2.0,2.0,2.33,1007.0,1007.0,1005.0,2142.0,180.0,47.6,0.0,0.7994822400730955,5.764588953570922,1.095312468306931,21.42,22.8,0.023634534623103654,566.44,8100,4.0,1014049,636.5999999999999,106.09999999999998,0.0,-9.0,-0.1999999999999993
160,256.2,39.0,57.0,78.8,105.0,62,0.0,1006,91,23.5,0.0,2.0,2023,4,17,1,0,107,16,0.25881904510252074,0.9659258262890683,0.8660254037844387,-0.4999999999999998,0.0,1.0,1,3,0,63.0,63.0,58.0,54.0,68.0,58.0,63.0,0.0,63.0,63.0,65.83333333333333,6.735478206234646,76.0,58.0,55.666666666666664,12.6515060787481,76.0,35.0,52.75,10.575813258892273,76.0,35.0,23.8,24.3,26.1,90.0,88.0,81.0,2.0,2.0,2.0,1007.0,1007.0,1006.0,2138.5,182.0,47.0,0.0,0.7994822400730955,6.569062331735084,1.4615009871541755,21.385,22.5,0.02335981773377959,552.25,8281,4.0,1012036,599.0,99.83333333333333,0.0,5.0,-0.3000000000000007
145,243.0,33.0,58.3,65.0,102.0,58,0.0,1006,92,23.4,0.0,2.0,2023,4,17,2,0,107,16,0.49999999999999994,0.8660254037844387,0.8660254037844387,-0.4999999999999998,0.0,1.0,1,3,0,63.0,63.0,63.0,76.0,47.0,54.0,59.333333333333336,6.350852961086011,63.0,52.0,61.833333333333336,6.615638039271823,72.0,52.0,56.083333333333336,12.420352310427656,76.0,35.0,52.666666666666664,10.573414843336112,76.0,35.0,23.5,24.0,25.5,91.0,89.0,83.0,2.0,2.0,2.0,1006.0,1007.0,1006.0,2152.7999999999997,184.0,46.8,0.0,0.7999876924970385,7.363413229902124,1.7666131329353656,21.528,22.4,0.023260414254061376,547.56,8464,4.0,1012036,553.3,92.21666666666665,-11.0,-11.0,-0.10000000000000142
145,229.7,27.0,59.7,65.0,99.0,54,0.0,1006,92,23.4,0.0,2.0,2023,4,17,3,0,107,16,0.7071067811865476,0.7071067811865476,0.8660254037844387,-0.4999999999999998,0.0,1.0,1,3,0,52.0,63.0,63.0,72.0,35.0,44.0,55.666666666666664,6.350852961086045,63.0,52.0,58.5,5.394441583703763,63.0,52.0,57.5,10.638694383326007,76.0,40.0,53.0,10.413202322470298,76.0,35.0,23.4,23.8,24.9,92.0,90.0,86.0,2.0,2.0,2.0,1006.0,1007.0,1007.0,2152.7999999999997,184.0,46.8,0.0,0.7999876924970385,8.507092329913705,2.211029221139958,21.528,22.4,0.023260414254061376,547.56,8464,4.0,1012036,532.4,88.73333333333333,0.0,-11.0,0.0
137,216.5,21.0,61.0,61.3,96.0,50,0.0,1005,93,23.3,0.0,2.0,2023,4,17,4,0,107,16,0.8660254037844386,0.5000000000000001,0.8660254037844387,-0.4999999999999998,0.0,1.0,1,3,0,52.0,52.0,63.0,58.0,40.0,41.0,51.0,1.732050807569625,52.0,49.0,57.0,6.663332499582455,63.0,49.0,58.25,9.554865490704131,76.0,43.0,53.333333333333336,10.136746183485657,76.0,35.0,23.4,23.5,24.3,92.0,91.0,88.0,2.0,2.0,2.0,1006.0,1006.0,1007.0,2166.9,186.0,46.6,0.0,0.7993344317384709,10.309032903195085,2.904623589352888,21.669,22.3,0.023184056533277084,542.89,8649,4.0,1010025,504.8,84.13333333333334,-3.0,-14.0,-0.09999999999999787
150,205.8,20.0,69.0,67.5,89.0,66,0.0,1006,93,23.3,0.0,2.0,2023,4,17,5,0,107,16,0.9659258262890683,0.25881904510252074,0.8660254037844387,-0.4999999999999998,0.0,1.0,1,3,0,49.0,52.0,52.0,63.0,43.0,41.0,51.666666666666664,2.5166114784240814,54.0,49.0,55.5,6.024948132556096,63.0,49.0,59.166666666666664,8.418954084610633,76.0,49.0,53.875,9.790467857542385,76.0,35.0,23.3,23.4,24.0,93.0,92.0,89.0,2.0,2.0,2.0,1005.0,1006.0,1007.0,2166.9,186.0,46.6,0.0,0.7999881483237284,10.289485525723714,3.4498275086245687,21.669,22.3,0.02316101077434317,542.89,8649,4.0,1012036,505.3,84.21666666666667,5.0,2.0,0.0
142,195.1,19.0,77.0,63.8,82.0,83,0.0,1006,94,23.4,1.0,2.0,2023,4,17,6,0,107,16,1.0,6.123233995736766e-17,0.8660254037844387,-0.4999999999999998,0.0,1.0,1,0,0,54.0,49.0,52.0,63.0,54.0,48.0,51.333333333333336,2.5166114784240894,54.0,49.0,53.5,4.929503017545521,63.0,49.0,58.916666666666664,8.628265740979694,76.0,49.0,54.0,9.731169106223486,76.0,35.0,23.3,23.4,23.8,93.0,92.0,90.0,2.0,2.0,2.0,1006.0,1006.0,1007.0,2199.6,188.0,46.8,0.0,0.7993605115907275,10.267880637861165,4.052418293774012,21.996,22.4,0.023260414254061376,547.56,8836,4.0,1012036,487.90000000000003,81.31666666666668,-3.0,-1.0,0.09999999999999787
153,184.4,18.0,85.0,72.5,75.0,100,0.0,1007,94,23.4,0.8,2.0,2023,4,17,7,0,107,16,0.9659258262890683,-0.25881904510252063,0.8660254037844387,-0.4999999999999998,0.0,1.0,1,0,0,51.0,54.0,49.0,63.0,54.0,46.0,54.333333333333336,3.51188458428456,58.0,51.0,52.666666666666664,3.0767948691222067,58.0,49.0,59.25,8.497325782535329,76.0,49.0,54.5,9.60977762942317,76.0,35.0,23.4,23.3,23.5,94.0,93.0,91.0,2.0,2.0,2.0,1006.0,1005.0,1006.0,2199.6,188.0,46.8,0.0,0.799988965669439,10.243875340258874,4.72195989111716,21.996,22.4,0.02323731555380779,547.56,8836,4.0,1014049,492.9,82.14999999999999,7.0,9.0,0.0
156,192.0,21.7,81.0,75.0,69.7,100,0.0,1007,89,24.8,1.2,2.33,2023,4,17,8,0,107,16,0.8660254037844387,-0.4999999999999998,0.8660254037844387,-0.4999999999999998,0.0,1.0,1,0,0,58.0,51.0,54.0,52.0,76.0,53.0,56.333333333333336,4.7258156262528175,60.0,51.0,54.0,4.242640687118179,60.0,49.0,57.916666666666664,6.694072457077247,72.0,49.0,54.791666666666664,9.668321947234064,76.0,35.0,23.4,23.3,23.4,94.0,93.0,92.0,2.0,2.0,2.0,1007.0,1006.0,1006.0,2207.2000000000003,207.37,57.784000000000006,0.0,0.7999893334755536,8.847518547532372,3.732546887240219,22.072000000000003,23.635,0.024627582296343303,615.0400000000001,7921,5.4289000000000005,1014049,499.4,83.23333333333333,2.0,6.0,1.4000000000000021
152,199.6,25.3,77.0,71.3,64.3,100,0.0,1008,83,26.1,1.9,2.66,2023,4,17,9,0,107,16,0.7071067811865476,-0.7071067811865475,0.8660254037844387,-0.4999999999999998,0.0,1.0,1,0,0,60.0,58.0,51.0,52.0,72.0,49.0,58.333333333333336,1.5275252316525192,60.0,57.0,54.833333333333336,4.262237284180413,60.0,49.0,56.666666666666664,5.015128627613579,63.0,49.0,55.125,9.597610662805002,76.0,35.0,24.8,23.4,23.4,89.0,94.0,92.0,2.33,2.0,2.0,1007.0,1006.0,1006.0,2166.3,220.78,69.426,0.0,0.7994277780115285,7.889016244417216,3.0433579700407094,21.663,24.770000000000003,0.025892831455524352,681.21,6889,7.0756000000000006,1016064,494.5,82.41666666666667,-3.0,6.0,1.3000000000000007
153,207.2,29.0,73.0,72.5,59.0,100,0.0,1008,78,27.5,2.8,3.0,2023,4,17,10,0,107,16,0.49999999999999994,-0.8660254037844387,0.8660254037844387,-0.4999999999999998,0.0,1.0,1,0,0,57.0,60.0,58.0,49.0,58.0,48.0,58.333333333333336,1.5275252316525192,60.0,57.0,56.333333333333336,3.2659863237096167,60.0,51.0,56.666666666666664,5.015128627613579,63.0,49.0,55.541666666666664,9.491319451348268,76.0,35.0,26.1,23.4,23.3,83.0,94.0,93.0,2.66,2.0,2.0,1008.0,1007.0,1005.0,2145.0,234.0,82.5,0.0,0.799988965669439,7.144581221337194,2.517154580876521,21.45,26.0,0.027281718966548647,756.25,6084,9.0,1016064,498.7,83.11666666666666,1.0,0.0,1.3999999999999986
161,201.7,26.3,79.3,80.0,58.7,100,0.0,1007,78,27.8,3.4,3.0,2023,4,17,11,0,107,16,0.258819045102521,-0.9659258262890682,0.8660254037844387,-0.4999999999999998,0.0,1.0,1,0,0,58.0,57.0,60.0,54.0,63.0,50.0,59.666666666666664,3.7859388972003925,64.0,57.0,58.0,4.242640687118375,64.0,51.0,56.75,5.136765873227798,64.0,49.0,56.125,9.565847311274345,76.0,35.0,27.5,24.8,23.3,78.0,89.0,93.0,3.0,2.33,2.0,1008.0,1007.0,1006.0,2168.4,234.0,83.4,0.0,0.7999900001249984,7.668909927379186,3.0150944830995017,21.684,26.3,0.027606725316062248,772.84,6084,9.0,1014049,510.0,85.0,6.0,4.0,0.3000000000000007
159,196.3,23.7,85.7,77.5,58.3,100,0.0,1006,77,28.1,3.7,3.0,2023,4,17,12,0,107,16,1.2246467991473532e-16,-1.0,0.8660254037844387,-0.4999999999999998,0.0,1.0,1,1,0,64.0,58.0,57.0,51.0,63.0,56.0,61.333333333333336,3.0550504633041218,64.0,58.0,59.833333333333336,2.7141603981083553,64.0,57.0,56.666666666666664,5.033222956846582,64.0,49.0,56.375,9.640550678841448,76.0,35.0,27.8,26.1,23.4,78.0,83.0,94.0,3.0,2.66,2.0,1007.0,1008.0,1006.0,2163.7000000000003,231.0,84.30000000000001,0.0,0.7999896775525477,8.282350955655879,3.615881186447829,21.637000000000004,26.6,0.0279323778008173,789.6100000000001,5929,9.0,1012036,503.5,83.91666666666667,-2.0,5.0,0.3000000000000007
118,190.8,21.0,92.0,52.5,58.0,100,0.0,1005,77,28.4,3.4,3.0,2023,4,17,13,0,107,16,-0.2588190451025208,-0.9659258262890683,0.8660254037844387,-0.4999999999999998,0.0,1.0,1,1,0,62.0,64.0,58.0,58.0,63.0,68.0,56.0,12.16552506059652,64.0,42.0,57.166666666666664,7.859177225807966,64.0,42.0,54.916666666666664,6.156420644458044,64.0,42.0,55.291666666666664,9.737775688642891,76.0,35.0,28.1,27.5,23.4,77.0,78.0,94.0,3.0,3.0,2.0,1006.0,1008.0,1007.0,2186.7999999999997,231.0,85.19999999999999,0.0,0.7999847621950058,9.085281653254606,4.380743774105995,21.868,26.9,0.028258678349573782,806.56,5929,9.0,1010025,456.3,76.05,-20.0,-16.0,0.29999999999999716
123,190.6,21.7,98.3,55.0,59.3,100,0.0,1004,76,28.6,3.8,3.0,2023,4,17,14,0,107,16,-0.4999999999999997,-0.8660254037844388,0.8660254037844387,-0.4999999999999998,0.0,1.0,1,1,0,42.0,62.0,64.0,60.0,52.0,47.0,49.333333333333336,11.015141094572328,62.0,42.0,54.5,9.28977932999438,64.0,42.0,54.25,6.890375369112103,64.0,42.0,55.166666666666664,9.867234609584662,76.0,35.0,28.4,27.8,24.8,77.0,78.0,89.0,3.0,3.0,2.33,1005.0,1007.0,1007.0,2173.6,228.0,85.80000000000001,0.0,0.7999854548099126,8.783005391456614,4.5297451730335005,21.736,27.1,0.02848602740435518,817.96,5776,9.0,1008016,468.9,78.14999999999999,2.0,-20.0,0.20000000000000284
145,190.4,22.3,104.7,65.0,60.7,100,0.0,1003,76,28.8,5.1,3.0,2023,4,17,15,0,107,16,-0.7071067811865471,-0.7071067811865479,0.8660254037844387,-0.4999999999999998,0.0,1.0,1,1,0,44.0,42.0,62.0,57.0,52.0,35.0,46.0,5.291502622129476,52.0,42.0,53.666666666666664,9.244818368505525,64.0,42.0,54.25,6.890375369112103,64.0,42.0,55.875,8.921456792719095,76.0,40.0,28.6,28.1,26.1,76.0,77.0,83.0,3.0,3.0,2.66,1004.0,1006.0,1008.0,2188.8,228.0,86.4,0.0,0.7999876924970385,8.537733733913276,4.6948567328819335,21.888,27.3,0.028713829796779864,829.44,5776,9.0,1006009,495.1,82.51666666666667,8.0,-10.0,0.1999999999999993
129,190.3,23.0,111.0,57.5,62.0,100,0.0,1003,76,29.0,3.5,3.0,2023,4,17,16,0,107,16,-0.8660254037844385,-0.5000000000000004,0.8660254037844387,-0.4999999999999998,0.0,1.0,1,1,0,52.0,44.0,42.0,58.0,49.0,40.0,47.333333333333336,4.163331998932623,52.0,44.0,51.666666666666664,9.41629792788314,64.0,42.0,54.0,7.147790504128048,64.0,42.0,56.125,8.53286485353551,76.0,42.0,28.8,28.4,27.5,76.0,77.0,78.0,3.0,3.0,3.0,1003.0,1005.0,1008.0,2204.0,228.0,87.0,0.0,0.7999860871984835,8.273553323768532,4.825877135776705,22.04,27.5,0.028913231392590836,841.0,5776,9.0,1006009,489.8,81.63333333333334,-6.0,4.0,0.1999999999999993
153,186.9,31.3,84.7,72.5,59.7,100,0.0,1003,79,28.3,2.0,3.0,2023,4,17,17,0,107,16,-0.9659258262890683,-0.25881904510252063,0.8660254037844387,-0.4999999999999998,0.0,1.0,1,1,0,46.0,52.0,44.0,64.0,54.0,43.0,52.0,6.000000000000205,58.0,46.0,50.666666666666664,8.066391179868225,62.0,42.0,54.333333333333336,7.240458716423736,64.0,42.0,56.75,8.06630134518358,76.0,42.0,29.0,28.6,27.8,76.0,76.0,78.0,3.0,3.0,3.0,1003.0,1004.0,1007.0,2235.7000000000003,237.0,84.9,0.0,0.799988965669439,5.971055237851826,2.705983834382288,22.357000000000003,26.8,0.028215325807252438,800.89,6241,9.0,1006009,493.1,82.18333333333334,12.0,14.0,-0.6999999999999993
118,183.6,39.7,58.3,52.5,57.3,100,0.0,1003,83,27.5,1.5,3.0,2023,4,17,18,0,107,16,-1.0,-1.8369701987210297e-16,0.8660254037844387,-0.4999999999999998,0.0,1.0,1,2,0,58.0,46.0,52.0,62.0,51.0,54.0,48.666666666666664,8.326663997864703,58.0,42.0,47.333333333333336,6.40832791503794,58.0,42.0,53.583333333333336,8.039203186807875,64.0,42.0,56.25,8.598533747604971,76.0,42.0,28.3,28.8,28.1,79.0,76.0,77.0,3.0,3.0,3.0,1003.0,1003.0,1006.0,2282.5,249.0,82.5,0.0,0.7999847621950058,4.624568650663711,1.4684768645626054,22.825,26.0,0.02741771942400855,756.25,6889,9.0,1006009,433.40000000000003,72.23333333333333,-16.0,-10.0,-0.8000000000000007
118,180.3,48.0,32.0,52.5,55.0,100,0.0,1004,87,26.8,0.0,3.0,2023,4,17,19,0,107,16,-0.9659258262890684,0.2588190451025203,0.8660254037844387,-0.4999999999999998,0.0,1.0,1,2,0,42.0,58.0,46.0,42.0,58.0,54.0,47.333333333333336,9.237604307034175,58.0,42.0,47.333333333333336,6.40832791503794,58.0,42.0,52.25,8.550651224534324,64.0,42.0,55.75,9.070976171044547,76.0,42.0,27.5,29.0,28.4,83.0,76.0,77.0,3.0,3.0,3.0,1003.0,1003.0,1005.0,2331.6,261.0,80.4,0.0,0.7999847621950058,3.75617174642195,0.6666527780671236,23.316,25.3,0.026693200504780374,718.24,7569,9.0,1008016,409.8,68.3,0.0,-4.0,-0.6999999999999993
184,184.8,47.0,27.3,101.3,56.7,100,0.0,1005,88,26.7,0.0,3.0,2023,4,17,20,0,107,16,-0.8660254037844386,0.5000000000000001,0.8660254037844387,-0.4999999999999998,0.0,1.0,1,2,0,42.0,42.0,58.0,44.0,60.0,76.0,55.0,22.516660498395453,81.0,42.0,53.5,14.829025591723498,81.0,42.0,54.0,11.809087409894952,81.0,42.0,55.958333333333336,9.598365651943652,81.0,42.0,26.8,28.3,28.6,87.0,79.0,76.0,3.0,3.0,3.0,1004.0,1003.0,1004.0,2349.6,264.0,80.1,0.0,0.7995972399087866,3.9318312376332423,0.5808387055594563,23.496,25.2,0.026567137744141548,712.89,7744,9.0,1010025,498.1,83.01666666666667,39.0,23.0,-0.10000000000000142
184,189.3,46.0,22.7,101.3,58.3,100,0.0,1005,88,26.6,0.0,3.0,2023,4,17,21,0,107,16,-0.7071067811865477,0.7071067811865474,0.8660254037844387,-0.4999999999999998,0.0,1.0,1,2,0,81.0,42.0,42.0,52.0,57.0,72.0,68.0,22.51666049839542,81.0,42.0,58.333333333333336,18.511257835886227,81.0,42.0,56.0,14.161407223346437,81.0,42.0,56.333333333333336,10.395093602969563,81.0,42.0,26.7,27.5,28.8,88.0,83.0,76.0,3.0,3.0,3.0,1005.0,1003.0,1003.0,2340.8,264.0,79.80000000000001,0.0,0.7995972399087866,4.115127932001479,0.49346753331449317,23.408,25.1,0.026467635355586713,707.5600000000001,7744,9.0,1010025,498.6,83.10000000000001,0.0,39.0,-0.09999999999999787
123,193.8,45.0,18.0,55.0,60.0,100,0.0,1006,89,26.5,0.0,3.0,2023,4,17,22,0,107,16,-0.5000000000000004,0.8660254037844384,0.8660254037844387,-0.4999999999999998,0.0,1.0,1,3,0,81.0,81.0,42.0,46.0,58.0,58.0,68.66666666666667,21.36195996001616,81.0,44.0,58.0,18.793615937333414,81.0,42.0,54.833333333333336,14.552933683208785,81.0,42.0,55.75,10.686236576733592,81.0,42.0,26.6,26.8,29.0,88.0,87.0,76.0,3.0,3.0,3.0,1005.0,1004.0,1003.0,2358.5,267.0,79.5,0.0,0.7999854548099126,4.306570965089665,0.3999911113086376,23.585,25.0,0.02634192212532592,702.25,7921,9.0,1012036,415.8,69.3,-37.0,2.0,-0.10000000000000142
107,179.7,38.3,24.0,47.5,59.0,100,0.0,1006,91,26.4,0.0,3.0,2023,4,17,23,0,107,16,-0.25881904510252157,0.9659258262890681,0.8660254037844387,-0.4999999999999998,0.0,1.0,1,3,0,44.0,81.0,81.0,58.0,64.0,63.0,54.333333333333336,23.28805129961146,81.0,38.0,54.666666666666664,20.490648273460206,81.0,38.0,52.666666666666664,14.992927625646459,81.0,38.0,54.708333333333336,11.15690141909338,81.0,38.0,26.5,26.7,28.3,89.0,88.0,79.0,3.0,3.0,3.0,1006.0,1005.0,1003.0,2402.4,273.0,79.19999999999999,0.0,0.7999831582493001,4.691783504347145,0.6266154930680662,24.024,24.9,0.02624251864560771,696.9599999999999,8281,9.0,1012036,386.5,64.41666666666667,-6.0,-43.0,-0.10000000000000142
95,165.7,31.7,30.0,41.3,58.0,100,0.0,1005,92,26.3,0.0,3.0,2023,4,18,0,1,108,16,0.0,1.0,0.8660254037844387,-0.4999999999999998,0.7818314824680298,0.6234898018587336,1,3,0,38.0,44.0,81.0,42.0,62.0,63.0,38.333333333333336,5.507570547286392,44.0,33.0,53.166666666666664,21.885307095552875,81.0,33.0,50.25,15.673515588695627,81.0,33.0,53.458333333333336,11.846772323833983,81.0,33.0,26.4,26.6,27.5,91.0,88.0,83.0,3.0,3.0,3.0,1006.0,1005.0,1003.0,2419.6,276.0,78.9,0.0,0.7990121304568898,5.226964449071007,0.9463423866754992,24.195999999999998,24.8,0.0261691281899222,691.69,8464,9.0,1010025,359.7,59.949999999999996,-5.0,-48.0,-0.09999999999999787
95,151.7,25.0,36.0,41.3,57.0,100,0.0,1005,94,26.2,0.0,3.0,2023,4,18,1,1,108,16,0.25881904510252074,0.9659258262890683,0.8660254037844387,-0.4999999999999998,0.7818314824680298,0.6234898018587336,1,3,0,33.0,38.0,44.0,42.0,42.0,63.0,34.666666666666664,2.886751345948737,38.0,33.0,51.666666666666664,23.079572497484794,81.0,33.0,49.5,16.306719195138083,81.0,33.0,52.208333333333336,12.367486007468633,81.0,33.0,26.3,26.5,26.8,92.0,89.0,87.0,3.0,3.0,3.0,1005.0,1006.0,1004.0,2462.7999999999997,282.0,78.6,0.0,0.7990121304568898,6.067757289708411,1.4399424023039078,24.627999999999997,24.7,0.02606962580136736,686.4399999999999,8836,9.0,1010025,344.0,57.333333333333336,0.0,-11.0,-0.10000000000000142
89,147.5,20.3,41.7,37.5,54.0,100,0.0,1004,94,26.1,0.0,2.33,2023,4,18,2,1,108,16,0.49999999999999994,0.8660254037844387,0.8660254037844387,-0.4999999999999998,0.7818314824680298,0.6234898018587336,1,3,0,33.0,33.0,38.0,81.0,44.0,52.0,32.0,1.7320508075699548,33.0,30.0,43.166666666666664,19.17724345850187,81.0,30.0,48.333333333333336,17.21169440358555,81.0,30.0,51.291666666666664,13.172696289531485,81.0,30.0,26.2,26.4,26.7,94.0,91.0,88.0,3.0,3.0,3.0,1005.0,1006.0,1005.0,2453.4,219.02,60.813,0.0,0.7999786672355405,7.26565193832816,2.054086005615487,24.534000000000002,24.935000000000002,0.02599599004383462,681.21,8836,5.4289000000000005,1008016,331.0,55.166666666666664,-3.0,-8.0,-0.09999999999999787
82,143.2,15.7,47.3,33.8,51.0,100,0.0,1004,95,25.9,0.0,1.66,2023,4,18,3,1,108,16,0.7071067811865476,0.7071067811865476,0.8660254037844387,-0.4999999999999998,0.7818314824680298,0.6234898018587336,1,3,0,30.0,33.0,33.0,81.0,52.0,52.0,30.0,3.0000000000006506,33.0,27.0,34.166666666666664,6.047037842336429,44.0,27.0,46.25,18.21150984704686,81.0,27.0,50.25,14.07201972463225,81.0,27.0,26.1,26.3,26.6,94.0,92.0,88.0,2.33,3.0,3.0,1004.0,1005.0,1005.0,2460.5,157.7,42.99399999999999,0.0,0.7987929351202628,9.120438188650404,3.012546971530476,24.605,25.07,0.025796787054992974,670.81,9025,2.7556,1008016,318.0,53.0,-3.0,-6.0,-0.20000000000000284
107,138.9,11.0,53.0,47.5,48.0,100,0.0,1004,95,25.8,0.0,1.0,2023,4,18,4,1,108,16,0.8660254037844386,0.5000000000000001,0.8660254037844387,-0.4999999999999998,0.7818314824680298,0.6234898018587336,1,3,0,27.0,30.0,33.0,44.0,46.0,49.0,31.666666666666668,5.686240703077657,38.0,27.0,33.166666666666664,4.355073669485785,38.0,27.0,45.583333333333336,18.36725511898973,81.0,27.0,49.791666666666664,14.29192282273518,81.0,27.0,25.9,26.2,26.5,95.0,94.0,89.0,1.66,3.0,3.0,1004.0,1005.0,1006.0,2451.0,95.0,25.8,0.0,0.7999831582493001,12.62612489773657,4.817743841468958,24.51,25.3,0.025697185560572152,665.64,9025,1.0,1008016,336.4,56.06666666666666,11.0,5.0,-0.09999999999999787
110,152.3,14.3,50.7,48.8,50.3,91,0.0,1004,95,25.7,0.0,1.0,2023,4,18,5,1,108,16,0.9659258262890683,0.25881904510252074,0.8660254037844387,-0.4999999999999998,0.7818314824680298,0.6234898018587336,1,3,0,38.0,27.0,30.0,38.0,58.0,54.0,34.666666666666664,6.658328118479656,39.0,27.0,33.333333333333336,4.589843860813618,39.0,27.0,44.0,18.015145143613143,81.0,27.0,49.166666666666664,14.427228685240836,81.0,27.0,25.8,26.1,26.4,95.0,94.0,91.0,1.0,2.33,3.0,1004.0,1004.0,1006.0,2441.5,95.0,25.7,0.0,0.7991639515583698,10.649604922732676,3.5452066289070694,24.415,25.2,0.025597584066151327,660.49,9025,1.0,1008016,355.40000000000003,59.23333333333334,1.0,9.0,-0.10000000000000142
121,165.7,17.7,48.3,53.8,52.7,83,0.0,1005,95,25.6,0.6,1.0,2023,4,18,6,1,108,16,1.0,6.123233995736766e-17,0.8660254037844387,-0.4999999999999998,0.7818314824680298,0.6234898018587336,1,0,0,39.0,38.0,27.0,33.0,42.0,51.0,40.0,2.6457513110651694,43.0,38.0,35.0,6.033241251597894,43.0,27.0,44.083333333333336,18.007363813594292,81.0,27.0,48.833333333333336,14.475366381686579,81.0,27.0,25.7,25.9,26.3,95.0,95.0,92.0,1.0,1.66,3.0,1004.0,1004.0,1005.0,2432.0,95.0,25.6,0.0,0.7992416497834613,9.361053047850403,2.7286593977741367,24.32,25.1,0.02547261147003834,655.3600000000001,9025,1.0,1010025,381.2,63.53333333333333,4.0,16.0,-0.09999999999999787
110,179.2,21.0,46.0,48.8,55.0,75,0.0,1006,95,25.5,0.8,1.0,2023,4,18,7,1,108,16,0.9659258262890683,-0.25881904510252063,0.8660254037844387,-0.4999999999999998,0.7818314824680298,0.6234898018587336,1,0,0,43.0,39.0,38.0,33.0,42.0,58.0,40.333333333333336,2.3094010767591606,43.0,39.0,36.0,6.131883886700968,43.0,27.0,43.833333333333336,18.059665421914904,81.0,27.0,48.041666666666664,14.471799163009988,81.0,27.0,25.6,25.8,26.2,95.0,95.0,94.0,1.0,1.0,3.0,1005.0,1004.0,1005.0,2422.5,95.0,25.5,0.0,0.7991639515583698,8.532927003476024,2.1903718870529976,24.225,25.0,0.02534788732814381,650.25,9025,1.0,1012036,389.0,64.83333333333333,-4.0,1.0,-0.10000000000000142
93,189.1,20.3,59.7,40.0,58.3,79,0.0,1006,92,26.3,1.2,1.0,2023,4,18,8,1,108,16,0.8660254037844387,-0.4999999999999998,0.8660254037844387,-0.4999999999999998,0.7818314824680298,0.6234898018587336,1,0,0,39.0,43.0,39.0,30.0,81.0,60.0,38.0,5.567764362830312,43.0,32.0,36.333333333333336,5.785038173309644,43.0,27.0,39.75,13.968308285674038,81.0,27.0,46.875,14.593960930884302,81.0,27.0,25.5,25.7,26.1,95.0,95.0,94.0,1.0,1.0,2.33,1006.0,1004.0,1004.0,2419.6,92.0,26.3,0.0,0.7999800004999875,9.314812078222747,2.9407418353775676,24.195999999999998,25.8,0.026143115165889498,691.69,8464,1.0,1012036,399.40000000000003,66.56666666666668,-7.0,-7.0,0.8000000000000007
93,199.0,19.7,73.3,40.0,61.7,83,0.0,1006,88,27.0,1.9,1.0,2023,4,18,9,1,108,16,0.7071067811865476,-0.7071067811865475,0.8660254037844387,-0.4999999999999998,0.7818314824680298,0.6234898018587336,1,0,0,32.0,39.0,43.0,27.0,81.0,57.0,34.333333333333336,4.041451884327819,39.0,32.0,37.166666666666664,4.355073669485989,43.0,32.0,35.666666666666664,5.262791055795696,44.0,27.0,45.833333333333336,14.731411770554324,81.0,27.0,26.3,25.6,25.9,92.0,95.0,95.0,1.0,1.0,1.66,1006.0,1005.0,1004.0,2376.0,88.0,27.0,0.0,0.7999800004999875,10.1010101010101,3.720623318613268,23.76,26.5,0.026838939523916975,729.0,7744,1.0,1012036,425.7,70.95,0.0,-11.0,0.6999999999999993
87,208.9,19.0,87.0,36.3,65.0,87,0.0,1007,85,27.8,2.9,1.0,2023,4,18,10,1,108,16,0.49999999999999994,-0.8660254037844387,0.8660254037844387,-0.4999999999999998,0.7818314824680298,0.6234898018587336,1,0,0,32.0,32.0,39.0,38.0,44.0,58.0,31.0,1.7320508075699859,32.0,29.0,35.666666666666664,5.428320796217693,43.0,29.0,34.416666666666664,4.870287154746671,43.0,27.0,44.625,14.878676016366612,81.0,27.0,27.0,25.5,25.8,88.0,95.0,95.0,1.0,1.0,1.0,1006.0,1006.0,1004.0,2363.0,85.0,27.8,0.0,0.798876064020275,10.994158202199884,4.5787063838745325,23.63,27.3,0.027606725316062248,772.84,7225,1.0,1014049,445.2,74.2,-3.0,-10.0,0.8000000000000007
115,215.2,15.7,128.0,51.3,61.7,83,0.0,1006,81,28.8,4.4,1.0,2023,4,18,11,1,108,16,0.258819045102521,-0.9659258262890682,0.8660254037844387,-0.4999999999999998,0.7818314824680298,0.6234898018587336,1,0,0,29.0,32.0,32.0,39.0,38.0,64.0,34.0,6.244997998398685,41.0,29.0,36.0,5.727128425309055,43.0,29.0,34.666666666666664,5.140451577851491,43.0,27.0,43.666666666666664,14.306175822583388,81.0,27.0,27.8,26.3,25.7,85.0,92.0,95.0,1.0,1.0,1.0,1007.0,1006.0,1004.0,2332.8,81.0,28.8,0.0,0.7992046938656168,13.706133367301446,8.152346984268519,23.328000000000003,28.3,0.028628202158844773,829.44,6561,1.0,1012036,512.9,85.48333333333333,12.0,9.0,1.0
123,221.4,12.3,169.0,55.0,58.3,79,0.0,1004,77,29.8,6.6,1.0,2023,4,18,12,1,108,16,1.2246467991473532e-16,-1.0,0.8660254037844387,-0.4999999999999998,0.7818314824680298,0.6234898018587336,1,1,0,41.0,29.0,32.0,43.0,33.0,62.0,38.0,7.9372539331939755,44.0,29.0,36.166666666666664,5.980523945830307,44.0,29.0,35.583333333333336,5.759708536396256,44.0,27.0,42.916666666666664,13.764847056642376,81.0,27.0,28.8,27.0,25.6,81.0,88.0,95.0,1.0,1.0,1.0,1006.0,1006.0,1005.0,2294.6,77.0,29.8,0.0,0.7999854548099126,17.99853670433298,13.738720429233396,22.945999999999998,29.3,0.029681245337405043,888.0400000000001,5929,1.0,1008016,560.0,93.33333333333333,3.0,12.0,1.0
123,227.6,9.0,210.0,55.0,55.0,75,0.0,1003,73,30.8,8.7,1.0,2023,4,18,13,1,108,16,-0.2588190451025208,-0.9659258262890683,0.8660254037844387,-0.4999999999999998,0.7818314824680298,0.6234898018587336,1,1,0,44.0,41.0,29.0,39.0,33.0,42.0,43.0,1.7320508075696897,44.0,41.0,37.0,6.752777206452426,44.0,29.0,36.5,6.1717832990880845,44.0,27.0,43.0,13.765110274515344,81.0,27.0,29.8,27.8,25.5,77.0,85.0,95.0,1.0,1.0,1.0,1004.0,1007.0,1006.0,2248.4,73.0,30.8,0.0,0.7999854548099126,25.2860793245195,23.330741028774582,22.484,30.3,0.03070784575488958,948.6400000000001,5329,1.0,1006009,600.6,100.10000000000001,0.0,15.0,1.0
119,234.2,10.7,222.7,47.5,60.7,79,0.0,1002,74,30.6,5.3,1.66,2023,4,18,14,1,108,16,-0.4999999999999997,-0.8660254037844388,0.8660254037844387,-0.4999999999999998,0.7818314824680298,0.6234898018587336,1,1,0,44.0,44.0,41.0,32.0,30.0,44.0,42.0,3.464101615138173,44.0,38.0,38.0,6.29285308901963,44.0,29.0,37.166666666666664,5.828352852195078,44.0,27.0,42.75,13.80059860075399,81.0,27.0,30.8,28.8,26.3,73.0,81.0,92.0,1.0,1.0,1.0,1003.0,1006.0,1006.0,2264.4,122.83999999999999,50.796,0.0,0.7999831582493001,21.885805064947203,20.81113914587422,22.644000000000002,29.770000000000003,0.030538891677752818,936.3600000000001,5476,2.7556,1004004,613.8,102.3,-6.0,-3.0,-0.1999999999999993
142,240.8,12.3,235.3,63.8,66.3,83,0.0,1001,75,30.4,3.8,2.33,2023,4,18,15,1,108,16,-0.7071067811865471,-0.7071067811865479,0.8660254037844387,-0.4999999999999998,0.7818314824680298,0.6234898018587336,1,1,0,38.0,44.0,44.0,32.0,27.0,52.0,44.333333333333336,6.5064070986479186,51.0,38.0,41.166666666666664,7.359800721938878,51.0,29.0,39.166666666666664,6.132378054723486,51.0,29.0,42.708333333333336,13.772938705291356,81.0,27.0,30.6,29.8,27.0,74.0,77.0,88.0,1.66,1.0,1.0,1002.0,1004.0,1006.0,2280.0,174.75,70.832,0.0,0.7993605115907275,19.57564425656451,19.1285261360865,22.8,29.235,0.0303696000303696,924.16,5625,5.4289000000000005,1002001,669.5,111.58333333333333,13.0,7.0,-0.20000000000000284
151,247.4,14.0,248.0,70.0,72.0,87,0.0,1001,76,30.2,3.5,3.0,2023,4,18,16,1,108,16,-0.8660254037844385,-0.5000000000000004,0.8660254037844387,-0.4999999999999998,0.7818314824680298,0.6234898018587336,1,1,0,51.0,38.0,44.0,29.0,38.0,46.0,48.333333333333336,9.291573243177695,56.0,38.0,45.666666666666664,6.653319973265537,56.0,38.0,40.666666666666664,7.7966581807767135,56.0,29.0,43.125,14.025791460269156,81.0,27.0,30.4,30.8,27.8,75.0,73.0,85.0,2.33,1.0,1.0,1001.0,1003.0,1007.0,2295.2,228.0,90.6,0.0,0.7999885715918343,17.670166416684523,17.71302049853582,22.951999999999998,28.7,0.0301698000301698,912.04,5776,9.0,1002001,707.4,117.89999999999999,5.0,12.0,-0.1999999999999993
155,283.2,35.0,191.7,73.8,72.0,91,0.0,1001,80,29.6,2.2,2.66,2023,4,18,17,1,108,16,-0.9659258262890683,-0.25881904510252063,0.8660254037844387,-0.4999999999999998,0.7818314824680298,0.6234898018587336,1,1,0,56.0,51.0,38.0,41.0,39.0,58.0,55.333333333333336,4.041451884327593,59.0,51.0,48.666666666666664,8.041558721209187,59.0,38.0,42.333333333333336,9.38406127753862,59.0,29.0,43.166666666666664,14.073307039018777,81.0,27.0,30.2,30.6,28.8,76.0,74.0,81.0,3.0,1.66,1.0,1001.0,1002.0,1006.0,2368.0,212.8,78.736,0.0,0.799447161962575,8.091197394360162,5.476986371817948,23.68,28.270000000000003,0.029570400029570402,876.1600000000001,6400,7.0756000000000006,1002001,714.6999999999999,119.11666666666666,3.0,21.0,-0.5999999999999979
150,319.0,56.0,135.3,67.5,72.0,95,0.0,1001,83,29.0,2.0,2.33,2023,4,18,18,1,108,16,-1.0,-1.8369701987210297e-16,0.8660254037844387,-0.4999999999999998,0.7818314824680298,0.6234898018587336,1,2,0,59.0,56.0,51.0,44.0,43.0,42.0,56.333333333333336,2.5166114784239064,59.0,54.0,50.333333333333336,7.916228058024624,59.0,38.0,43.25,9.973829391325404,59.0,29.0,43.666666666666664,14.242211194549382,81.0,27.0,29.6,30.4,29.8,80.0,75.0,77.0,2.66,2.33,1.0,1001.0,1001.0,1004.0,2407.0,193.39000000000001,67.57000000000001,0.0,0.7999881483237284,5.696326851306227,2.416028285209193,24.07,27.835,0.028971000028971,841.0,6889,5.4289000000000005,1002001,703.8,117.3,-5.0,3.0,-0.6000000000000014
148,354.8,77.0,79.0,66.3,72.0,100,0.0,1001,86,28.4,0.0,2.0,2023,4,18,19,1,108,16,-0.9659258262890684,0.2588190451025203,0.8660254037844387,-0.4999999999999998,0.7818314824680298,0.6234898018587336,1,2,0,54.0,59.0,56.0,44.0,39.0,42.0,55.333333333333336,3.214550253664585,59.0,53.0,51.833333333333336,7.305249254245676,59.0,38.0,44.416666666666664,10.246581100172781,59.0,29.0,44.125,14.362731059177563,81.0,27.0,29.0,30.2,30.8,83.0,76.0,73.0,2.33,3.0,1.0,1001.0,1001.0,1003.0,2442.4,172.0,56.8,0.0,0.7993846246662946,4.607732367112115,1.0259607018090673,24.424,27.4,0.0283716000283716,806.56,7396,4.0,1002001,702.1,117.01666666666667,-1.0,-3.0,-0.6000000000000014
159,341.4,72.0,62.3,77.5,75.0,95,0.0,1002,87,27.9,0.0,1.66,2023,4,18,20,1,108,16,-0.8660254037844386,0.5000000000000001,0.8660254037844387,-0.4999999999999998,0.7818314824680298,0.6234898018587336,1,2,0,53.0,54.0,59.0,38.0,32.0,81.0,56.333333333333336,4.932882862316412,62.0,53.0,55.833333333333336,4.070217029429621,62.0,51.0,46.916666666666664,10.595525070290073,62.0,29.0,43.333333333333336,12.665141021775165,81.0,27.0,28.4,29.6,30.6,86.0,80.0,74.0,2.0,2.66,1.66,1001.0,1001.0,1002.0,2427.2999999999997,144.42,46.31399999999999,0.0,0.7999896775525477,4.741600811099845,0.8652657601977749,24.272999999999996,27.07,0.027844283588539333,778.41,7569,2.7556,1004004,690.2,115.03333333333335,9.0,3.0,-0.5
159,328.0,67.0,45.7,77.5,78.0,91,0.0,1003,88,27.5,0.0,1.33,2023,4,18,21,1,108,16,-0.7071067811865477,0.7071067811865474,0.8660254037844387,-0.4999999999999998,0.7818314824680298,0.6234898018587336,1,2,0,62.0,53.0,54.0,51.0,32.0,81.0,59.0,5.196152422706766,62.0,53.0,57.666666666666664,3.932768320999821,62.0,53.0,49.416666666666664,10.290846182482236,62.0,29.0,42.541666666666664,10.640280997706196,62.0,27.0,27.9,29.0,30.4,87.0,83.0,75.0,1.66,2.33,2.33,1002.0,1001.0,1001.0,2420.0,117.04,36.575,0.0,0.7999896775525477,4.895449321651915,0.6820793719496724,24.2,26.835,0.02741771942400855,756.25,7744,1.7689000000000001,1006009,658.2,109.7,0.0,8.0,-0.3999999999999986
151,314.6,62.0,29.0,70.0,81.0,87,0.0,1003,89,27.0,0.0,1.0,2023,4,18,22,1,108,16,-0.5000000000000004,0.8660254037844384,0.8660254037844387,-0.4999999999999998,0.7818314824680298,0.6234898018587336,1,3,0,62.0,62.0,53.0,56.0,29.0,44.0,60.0,3.4641016151379445,62.0,56.0,57.666666666666664,3.932768320999821,62.0,53.0,51.666666666666664,8.150106896491394,62.0,38.0,43.041666666666664,10.988053460034788,62.0,27.0,27.5,28.4,30.2,88.0,86.0,76.0,1.33,2.0,3.0,1003.0,1001.0,1001.0,2403.0,89.0,27.0,0.0,0.7999885715918343,5.07411170787568,0.4677343913807842,24.03,26.5,0.026919215434481124,729.0,7921,1.0,1006009,612.6,102.10000000000001,-6.0,3.0,-0.5
145,286.7,54.0,32.3,65.0,82.7,91,0.0,1003,90,26.7,0.0,1.0,2023,4,18,23,1,108,16,-0.25881904510252157,0.9659258262890681,0.8660254037844387,-0.4999999999999998,0.7818314824680298,0.6234898018587336,1,3,0,56.0,62.0,62.0,59.0,41.0,38.0,56.666666666666664,5.033222956847324,62.0,52.0,56.5,4.460941604638255,62.0,52.0,52.583333333333336,7.427936619562438,62.0,38.0,43.625,11.079995683565448,62.0,27.0,27.0,27.9,29.6,89.0,87.0,80.0,1.0,1.66,2.66,1003.0,1002.0,1001.0,2403.0,90.0,26.7,0.0,0.7999876924970385,5.309160941464047,0.5981370715357123,24.03,26.2,0.026620113040764667,712.89,8100,1.0,1006009,572.7,95.45,-4.0,-10.0,-0.3000000000000007
165,258.9,46.0,35.7,83.8,84.3,95,0.0,1002,91,26.5,0.0,1.0,2023,4,19,0,2,109,16,0.0,1.0,0.8660254037844387,-0.4999999999999998,0.9749279121818236,-0.22252093395631434,1,3,0,52.0,56.0,62.0,54.0,44.0,33.0,58.333333333333336,7.767453465154121,67.0,52.0,58.666666666666664,5.921711464320111,67.0,52.0,54.5,7.9601279112606385,67.0,38.0,45.041666666666664,11.81185538077042,67.0,27.0,26.7,27.5,29.0,90.0,88.0,83.0,1.0,1.33,2.33,1003.0,1003.0,1001.0,2411.5,91.0,26.5,0.0,0.7995131323015239,5.628138518727853,0.7760700854329254,24.115,26.0,0.026447079394132343,702.25,8281,1.0,1004004,575.6999999999999,95.94999999999999,15.0,5.0,-0.1999999999999993
150,231.1,38.0,39.0,67.5,86.0,100,0.0,1002,93,26.2,0.0,1.0,2023,4,19,1,2,109,16,0.25881904510252074,0.9659258262890683,0.8660254037844387,-0.4999999999999998,0.9749279121818236,-0.22252093395631434,1,3,0,67.0,52.0,56.0,53.0,44.0,33.0,57.666666666666664,8.144527815247168,67.0,52.0,58.833333333333336,5.741660619251221,67.0,52.0,55.333333333333336,7.253003557565302,67.0,38.0,45.916666666666664,11.657864174086637,67.0,27.0,26.5,27.0,28.4,91.0,89.0,86.0,1.0,1.0,2.0,1002.0,1003.0,1001.0,2436.6,93.0,26.2,0.0,0.7999881483237284,6.081418910028684,1.0262887818741613,24.366,25.7,0.026147678495330843,686.4399999999999,8649,1.0,1004004,515.6,85.93333333333334,-13.0,-2.0,-0.3000000000000007
151,236.0,34.7,39.3,70.0,82.3,100,0.0,1002,93,26.2,0.0,1.0,2023,4,19,2,2,109,16,0.49999999999999994,0.8660254037844387,0.8660254037844387,-0.4999999999999998,0.9749279121818236,-0.22252093395631434,1,3,0,54.0,67.0,52.0,62.0,38.0,30.0,59.0,7.000000000000098,67.0,54.0,57.833333333333336,5.6005952064633115,67.0,52.0,56.833333333333336,4.783177592226974,67.0,51.0,47.0,11.317550818164802,67.0,27.0,26.2,26.7,27.9,93.0,90.0,87.0,1.0,1.0,1.66,1002.0,1003.0,1002.0,2436.6,93.0,26.2,0.0,0.7999885715918343,6.800956744762399,1.1325322036828909,24.366,25.7,0.026147678495330843,686.4399999999999,8649,1.0,1004004,518.3,86.38333333333333,2.0,4.0,0.0
129,240.8,31.3,39.7,57.5,78.7,100,0.0,1001,93,26.1,0.0,1.0,2023,4,19,3,2,109,16,0.7071067811865476,0.7071067811865476,0.8660254037844387,-0.4999999999999998,0.9749279121818236,-0.22252093395631434,1,3,0,56.0,54.0,67.0,62.0,51.0,27.0,52.0,5.291502622129366,56.0,46.0,55.166666666666664,6.882344561750634,67.0,46.0,56.416666666666664,5.501377238032843,67.0,46.0,47.791666666666664,10.492146821672868,67.0,29.0,26.2,26.5,27.5,93.0,91.0,88.0,1.0,1.0,1.33,1002.0,1002.0,1003.0,2427.3,93.0,26.1,0.0,0.7999860871984835,7.693044950640554,1.268330085300789,24.273000000000003,25.6,0.0260739000260739,681.21,8649,1.0,1002001,494.0,82.33333333333333,-10.0,-21.0,-0.09999999999999787
98,245.7,28.0,40.0,42.5,75.0,100,0.0,1001,94,26.1,0.0,1.0,2023,4,19,4,2,109,16,0.8660254037844386,0.5000000000000001,0.8660254037844387,-0.4999999999999998,0.9749279121818236,-0.22252093395631434,1,3,0,46.0,56.0,54.0,56.0,56.0,38.0,45.333333333333336,11.01514109457232,56.0,34.0,51.5,10.986355173577364,67.0,34.0,54.583333333333336,8.500891218874985,67.0,34.0,47.625,10.684456406184452,67.0,29.0,26.1,26.2,27.0,93.0,93.0,89.0,1.0,1.0,1.0,1001.0,1002.0,1003.0,2453.4,94.0,26.1,0.0,0.7999811769134845,8.774686618335059,1.4285204099853577,24.534000000000002,25.6,0.0260739000260739,681.21,8836,1.0,1002001,465.2,77.53333333333333,-12.0,-20.0,0.0
129,237.5,26.7,39.3,57.5,81.0,100,0.0,1002,93,26.2,0.0,0.66,2023,4,19,5,2,109,16,0.9659258262890683,0.25881904510252074,0.8660254037844387,-0.4999999999999998,0.9749279121818236,-0.22252093395631434,1,3,0,34.0,46.0,56.0,52.0,59.0,39.0,42.0,6.928203230275716,46.0,34.0,50.5,11.202678251203578,67.0,34.0,53.5,8.712582332987461,67.0,34.0,47.916666666666664,10.533246192998753,67.0,29.0,26.1,26.2,26.7,94.0,93.0,90.0,1.0,1.0,1.0,1001.0,1002.0,1003.0,2436.6,61.38,17.292,0.0,0.7999860871984835,8.89479794764241,1.4718549867046176,24.366,25.87,0.026147678495330843,686.4399999999999,8649,0.43560000000000004,1004004,488.0,81.33333333333333,12.0,-10.0,0.09999999999999787
139,229.4,25.3,38.7,62.5,87.0,100,0.0,1002,92,26.3,1.7,0.33,2023,4,19,6,2,109,16,1.0,6.123233995736766e-17,0.8660254037844387,-0.4999999999999998,0.9749279121818236,-0.22252093395631434,1,0,0,46.0,34.0,46.0,67.0,54.0,43.0,43.333333333333336,8.326663997864696,50.0,34.0,47.666666666666664,7.840068026915007,56.0,34.0,53.166666666666664,8.76805496554294,67.0,34.0,48.208333333333336,10.488002116981148,67.0,29.0,26.2,26.1,26.5,93.0,93.0,91.0,0.66,1.0,1.0,1002.0,1001.0,1002.0,2419.6,30.360000000000003,8.679,0.0,0.7999872002047967,9.066835302952452,1.5295838109165645,24.195999999999998,26.135,0.026247478794931344,691.69,8464,0.10890000000000001,1004004,492.90000000000003,82.15,4.0,4.0,0.10000000000000142
139,221.2,24.0,38.0,62.5,93.0,100,0.0,1003,91,26.4,1.6,2.4,2023,4,19,7,2,109,16,0.9659258262890683,-0.25881904510252063,0.8660254037844387,-0.4999999999999998,0.9749279121818236,-0.22252093395631434,1,0,0,50.0,46.0,34.0,54.0,53.0,39.0,48.666666666666664,2.3094010767589928,50.0,46.0,47.0,7.348469228348716,56.0,34.0,52.916666666666664,8.815877549608507,67.0,34.0,48.666666666666664,10.30688527431906,67.0,29.0,26.3,26.1,26.2,92.0,94.0,93.0,0.33,1.0,1.0,1002.0,1001.0,1002.0,2402.4,218.4,63.35999999999999,0.0,0.7999872002047967,9.216282654889378,1.5832673638598391,24.024,25.2,0.02632101064704821,696.9599999999999,8281,5.76,1006009,488.7,81.45,0.0,16.0,0.09999999999999787
131,221.0,21.7,63.3,58.8,97.7,100,0.0,1003,88,27.0,2.6,2.8,2023,4,19,8,2,109,16,0.8660254037844387,-0.4999999999999998,0.8660254037844387,-0.4999999999999998,0.9749279121818236,-0.22252093395631434,1,0,0,50.0,50.0,46.0,56.0,62.0,32.0,49.0,1.7320508075695233,50.0,47.0,45.5,5.924525297438374,50.0,34.0,51.666666666666664,8.467406314625748,67.0,34.0,49.291666666666664,9.68853722825033,67.0,29.0,26.4,26.2,26.2,91.0,93.0,93.0,2.4,0.66,1.0,1003.0,1002.0,1002.0,2376.0,246.39999999999998,75.6,0.0,0.7993061342494175,10.183862494815907,2.9169162711395784,23.76,25.6,0.026919215434481124,729.0,7744,7.839999999999999,1006009,509.5,84.91666666666667,-3.0,1.0,0.6000000000000014
139,220.8,19.3,88.7,62.5,102.3,100,0.0,1003,86,27.6,4.0,2.4,2023,4,19,9,2,109,16,0.7071067811865476,-0.7071067811865475,0.8660254037844387,-0.4999999999999998,0.9749279121818236,-0.22252093395631434,1,0,0,47.0,50.0,50.0,46.0,62.0,32.0,49.0,1.7320508075695233,50.0,47.0,46.166666666666664,6.210206652491866,50.0,34.0,50.666666666666664,7.819943423804896,67.0,34.0,50.041666666666664,8.961168240351725,67.0,29.0,27.0,26.3,26.1,88.0,92.0,93.0,2.8,0.33,1.0,1003.0,1002.0,1001.0,2373.6,206.4,66.24,0.0,0.7999872002047967,11.4398217708927,4.5956168074193045,23.736,26.400000000000002,0.027517420221914037,761.7600000000001,7396,5.76,1006009,543.6,90.60000000000001,3.0,0.0,0.6000000000000014
142,220.6,17.0,114.0,63.8,107.0,100,0.0,1003,83,28.2,4.9,1.6,2023,4,19,10,2,109,16,0.49999999999999994,-0.8660254037844387,0.8660254037844387,-0.4999999999999998,0.9749279121818236,-0.22252093395631434,1,0,0,50.0,47.0,50.0,34.0,56.0,29.0,49.333333333333336,2.081665999466663,51.0,47.0,49.0,1.999999999997222,51.0,46.0,50.25,7.641097017860586,67.0,34.0,50.958333333333336,7.75986982559305,67.0,34.0,27.6,26.4,26.1,86.0,91.0,94.0,2.4,2.4,1.0,1003.0,1003.0,1001.0,2340.6,132.8,45.120000000000005,0.0,0.7993605115907275,12.975707311334626,6.7054879124757365,23.406,27.4,0.02811562500934695,795.24,6889,2.5600000000000005,1006009,573.4000000000001,95.56666666666668,1.0,1.0,0.5999999999999979
155,220.6,13.7,144.3,73.8,90.0,95,0.0,1002,79,28.9,6.9,0.66,2023,4,19,11,2,109,16,0.258819045102521,-0.9659258262890682,0.8660254037844387,-0.4999999999999998,0.9749279121818236,-0.22252093395631434,1,0,0,51.0,50.0,47.0,46.0,52.0,41.0,53.333333333333336,4.932882862316435,59.0,50.0,51.166666666666664,4.070217029429335,59.0,47.0,50.833333333333336,8.04344265205913,67.0,34.0,51.708333333333336,7.624212955342377,67.0,34.0,28.2,27.0,26.2,83.0,88.0,93.0,1.6,2.8,0.66,1003.0,1003.0,1002.0,2283.1,52.14,19.074,0.0,0.799447161962575,16.101014524487265,10.532077950514562,22.831,28.57,0.028842286584544324,835.2099999999999,6241,0.43560000000000004,1004004,601.4000000000001,100.23333333333335,8.0,12.0,0.6999999999999993
164,220.6,10.3,174.7,82.5,73.0,91,0.0,1001,76,29.6,10.5,1.33,2023,4,19,12,2,109,16,1.2246467991473532e-16,-1.0,0.8660254037844387,-0.4999999999999998,0.9749279121818236,-0.22252093395631434,1,1,0,59.0,51.0,50.0,50.0,67.0,44.0,58.666666666666664,7.505553499465229,66.0,51.0,53.833333333333336,7.194905605124908,66.0,47.0,50.75,7.863899102284019,66.0,34.0,52.625,7.971757211774779,67.0,34.0,28.9,27.6,26.3,79.0,86.0,92.0,0.66,2.4,0.33,1002.0,1003.0,1002.0,2249.6,101.08000000000001,39.368,0.0,0.7999903031478406,21.415396563440442,16.95951849335016,22.496,28.935000000000002,0.029570400029570402,876.1600000000001,5776,1.7689000000000001,1002001,627.1,104.51666666666667,7.0,16.0,0.7000000000000028
165,220.6,7.0,205.0,83.8,56.0,87,0.0,1000,72,30.3,10.8,2.0,2023,4,19,13,2,109,16,-0.2588190451025208,-0.9659258262890683,0.8660254037844387,-0.4999999999999998,0.9749279121818236,-0.22252093395631434,1,1,0,66.0,59.0,51.0,50.0,54.0,44.0,64.0,4.358898943540784,67.0,59.0,56.666666666666664,8.594571930390666,67.0,47.0,51.833333333333336,9.14363497773478,67.0,34.0,53.583333333333336,8.266836136645631,67.0,34.0,29.6,28.2,26.4,76.0,83.0,91.0,1.33,1.6,2.4,1001.0,1003.0,1003.0,2181.6,144.0,60.6,0.0,0.7995131323015239,31.509784316526208,29.281531209827165,21.816,29.3,0.0302999697000303,918.09,5184,4.0,1000000,639.4,106.56666666666666,1.0,16.0,0.6999999999999993
185,225.1,8.7,208.7,102.5,55.3,83,0.0,999,71,30.7,8.5,2.0,2023,4,19,14,2,109,16,-0.4999999999999997,-0.8660254037844388,0.8660254037844387,-0.4999999999999998,0.9749279121818236,-0.22252093395631434,1,1,0,67.0,66.0,59.0,47.0,56.0,38.0,71.66666666666667,8.962886439832516,82.0,66.0,62.5,11.945710527214159,82.0,50.0,54.0,12.634728474975551,82.0,34.0,55.416666666666664,9.454314251759357,82.0,34.0,30.3,28.9,27.0,72.0,79.0,88.0,2.0,0.66,2.8,1000.0,1002.0,1003.0,2179.7,142.0,61.4,0.0,0.7999921951980956,25.87058958740375,23.98574876450983,21.796999999999997,29.7,0.0307306999692693,942.49,5041,4.0,998001,682.3,113.71666666666665,15.0,23.0,0.3999999999999986
193,229.5,10.3,212.3,110.0,54.7,79,0.0,998,69,31.1,5.4,2.0,2023,4,19,15,2,109,16,-0.7071067811865471,-0.7071067811865479,0.8660254037844387,-0.4999999999999998,0.9749279121818236,-0.22252093395631434,1,1,0,82.0,67.0,66.0,50.0,46.0,51.0,79.0,10.816653826391942,88.0,67.0,68.83333333333333,13.905634349667935,88.0,51.0,57.5,15.669890061689934,88.0,34.0,56.958333333333336,11.498503368271493,88.0,34.0,30.7,29.6,27.6,71.0,76.0,86.0,2.0,1.33,2.4,999.0,1001.0,1003.0,2145.9,138.0,62.2,0.0,0.7999927273388423,22.27939035045141,20.609649548587516,21.459,30.1,0.03116229342455569,967.21,4761,4.0,996004,704.8000000000001,117.46666666666668,6.0,22.0,0.40000000000000213
195,234.0,12.0,216.0,111.3,54.0,75,0.0,997,67,31.5,3.5,2.0,2023,4,19,16,2,109,16,-0.8660254037844385,-0.5000000000000004,0.8660254037844387,-0.4999999999999998,0.9749279121818236,-0.22252093395631434,1,1,0,88.0,82.0,67.0,51.0,34.0,56.0,86.33333333333333,3.785938897199992,89.0,82.0,75.16666666666667,12.765839833973617,89.0,59.0,62.083333333333336,16.205825738874967,89.0,46.0,58.333333333333336,13.222729661841809,89.0,34.0,31.1,30.3,28.2,69.0,72.0,83.0,2.0,2.0,1.6,998.0,1000.0,1003.0,2110.5,134.0,63.0,0.0,0.7996334264741557,19.498375135405382,17.998500124989587,21.105,30.5,0.031594752663237045,992.25,4489,4.0,994009,716.3,119.38333333333333,1.0,22.0,0.3999999999999986
207,298.0,42.3,173.3,122.5,70.3,83,0.0,998,73,30.6,2.3,2.33,2023,4,19,17,2,109,16,-0.9659258262890683,-0.25881904510252063,0.8660254037844387,-0.4999999999999998,0.9749279121818236,-0.22252093395631434,1,1,0,89.0,88.0,82.0,59.0,46.0,59.0,91.66666666666667,5.507570547285917,98.0,88.0,81.66666666666667,12.816655830077922,98.0,66.0,66.41666666666667,18.327616188460237,98.0,47.0,59.958333333333336,15.507303094844342,98.0,34.0,31.5,30.7,28.9,67.0,71.0,79.0,2.0,2.0,0.66,997.0,999.0,1002.0,2233.8,170.09,71.298,0.0,0.7999934694410658,7.044750715113119,4.0968298621781996,22.338,29.435000000000002,0.030661291922553187,936.3600000000001,5329,5.4289000000000005,996004,804.4,134.06666666666666,9.0,16.0,-0.8999999999999986
219,362.0,72.7,130.7,133.8,86.7,91,0.0,998,79,29.6,2.0,2.66,2023,4,19,18,2,109,16,-1.0,-1.8369701987210297e-16,0.8660254037844387,-0.4999999999999998,0.9749279121818236,-0.22252093395631434,1,2,0,98.0,89.0,88.0,66.0,50.0,54.0,98.0,8.999999999999847,107.0,89.0,88.5,13.693063937629399,107.0,67.0,71.16666666666667,20.89294501776009,107.0,47.0,62.166666666666664,18.16749765417626,107.0,34.0,30.6,31.1,29.6,73.0,69.0,76.0,2.33,2.0,1.33,998.0,998.0,1001.0,2338.4,210.14000000000001,78.736,0.0,0.7996950695435758,4.979298771681269,1.7977744460186238,23.384,28.270000000000003,0.02965928891854818,876.1600000000001,6241,7.0756000000000006,996004,892.9000000000001,148.8166666666667,9.0,19.0,-1.0
148,426.0,103.0,88.0,66.3,103.0,100,0.0,998,86,28.7,0.0,3.0,2023,4,19,19,2,109,16,-0.9659258262890684,0.2588190451025203,0.8660254037844387,-0.4999999999999998,0.9749279121818236,-0.22252093395631434,1,2,0,107.0,98.0,89.0,67.0,50.0,53.0,86.0,28.930952282978843,107.0,53.0,86.16666666666667,18.454448424883157,107.0,53.0,71.41666666666667,20.632975960090967,107.0,47.0,62.166666666666664,18.16749765417626,107.0,34.0,29.6,31.5,30.3,79.0,67.0,72.0,2.66,2.0,2.0,998.0,997.0,1000.0,2468.2,258.0,86.1,0.0,0.7993846246662946,4.135882175901204,0.8543606372753663,24.682,27.2,0.028757486214943673,823.6899999999999,7396,9.0,996004,839.3,139.88333333333333,-54.0,-36.0,-0.9000000000000021
155,393.0,91.3,76.3,73.8,119.0,91,0.0,999,88,27.9,0.0,2.66,2023,4,19,20,2,109,16,-0.8660254037844386,0.5000000000000001,0.8660254037844387,-0.4999999999999998,0.9749279121818236,-0.22252093395631434,1,2,0,53.0,107.0,98.0,82.0,47.0,62.0,73.0,29.597297173897488,107.0,53.0,82.33333333333333,21.611725212640263,107.0,53.0,72.41666666666667,19.60731928890241,107.0,50.0,62.041666666666664,18.179011229309737,107.0,34.0,28.7,30.6,30.7,86.0,73.0,71.0,3.0,2.33,2.0,998.0,998.0,999.0,2455.2,234.08,74.214,0.0,0.799447161962575,4.304443543882323,0.8356973089013263,24.552,26.57,0.0279278999720721,778.41,7744,7.0756000000000006,998001,812.4,135.4,6.0,-39.0,-0.8000000000000007
129,359.9,79.7,64.7,57.5,135.0,83,0.0,1001,90,27.1,0.0,2.33,2023,4,19,21,2,109,16,-0.7071067811865477,0.7071067811865474,0.8660254037844387,-0.4999999999999998,0.9749279121818236,-0.22252093395631434,1,2,0,59.0,53.0,107.0,88.0,50.0,62.0,52.666666666666664,6.506407098647927,59.0,46.0,75.33333333333333,25.80439239096065,107.0,46.0,72.08333333333333,20.052015692526478,107.0,46.0,61.375,18.471629244777752,107.0,34.0,27.9,29.6,31.1,88.0,79.0,69.0,2.66,2.66,2.0,999.0,998.0,998.0,2439.0,209.70000000000002,63.14300000000001,0.0,0.7999860871984835,4.515627156497408,0.8117840428601899,24.39,25.935000000000002,0.027072900027072903,734.4100000000001,8100,5.4289000000000005,1002001,742.8,123.8,-13.0,-61.0,-0.7999999999999972
126,326.8,68.0,53.0,56.3,151.0,75,0.0,1002,92,26.3,0.0,2.0,2023,4,19,22,2,109,16,-0.5000000000000004,0.8660254037844384,0.8660254037844387,-0.4999999999999998,0.9749279121818236,-0.22252093395631434,1,3,0,46.0,59.0,53.0,89.0,51.0,56.0,50.0,7.810249675906853,59.0,45.0,68.0,27.349588662354652,107.0,45.0,71.58333333333333,20.690174801903634,107.0,45.0,60.916666666666664,18.745240941930337,107.0,34.0,27.1,28.7,31.5,90.0,86.0,67.0,2.33,3.0,2.0,1001.0,998.0,997.0,2419.6,184.0,52.6,0.0,0.7992753237065062,4.805811679240011,0.7794003029367215,24.195999999999998,25.3,0.026247478794931344,691.69,8464,4.0,1004004,700.1,116.68333333333334,-1.0,-8.0,-0.8000000000000007
121,293.2,57.7,54.0,53.8,140.3,79,0.0,1001,90,26.2,0.0,2.0,2023,4,19,23,2,109,16,-0.25881904510252157,0.9659258262890681,0.8660254037844387,-0.4999999999999998,0.9749279121818236,-0.22252093395631434,1,3,0,45.0,46.0,59.0,98.0,59.0,52.0,44.666666666666664,1.5275252316531556,46.0,43.0,58.833333333333336,24.334474859068997,107.0,43.0,70.25,22.04592314403554,107.0,43.0,60.541666666666664,19.01939323008456,107.0,34.0,26.3,27.9,30.6,92.0,88.0,73.0,2.0,2.66,2.33,1002.0,999.0,998.0,2358.0,180.0,52.4,0.0,0.7992416497834613,5.08136774059375,0.9358589972444151,23.58,25.2,0.0261738000261738,686.4399999999999,8100,4.0,1002001,642.0,107.0,-2.0,-16.0,-0.10000000000000142
126,259.5,47.3,55.0,56.3,129.7,83,0.0,1001,88,26.1,0.0,2.0,2023,4,20,0,3,110,16,0.0,1.0,0.8660254037844387,-0.4999999999999998,0.43388373911755823,-0.900968867902419,1,3,0,43.0,45.0,46.0,107.0,66.0,67.0,44.333333333333336,1.1547005383808682,45.0,43.0,48.5,6.188699378705514,59.0,43.0,68.5,23.216373532487683,107.0,43.0,59.625,19.223655038610236,107.0,34.0,26.2,27.1,29.6,90.0,90.0,79.0,2.0,2.33,2.66,1001.0,1001.0,998.0,2296.8,176.0,52.2,0.0,0.7992753237065062,5.486141942030825,1.1627661148812922,22.968000000000004,25.1,0.0260739000260739,681.21,7744,4.0,1002001,592.8,98.8,2.0,-1.0,-0.09999999999999787
107,225.9,37.0,56.0,47.5,119.0,87,0.0,1000,86,26.0,0.0,2.0,2023,4,20,1,3,110,16,0.25881904510252074,0.9659258262890683,0.8660254037844387,-0.4999999999999998,0.43388373911755823,-0.900968867902419,1,3,0,45.0,43.0,45.0,53.0,67.0,54.0,42.0,3.605551275464543,45.0,38.0,46.0,6.985699678628401,59.0,38.0,66.08333333333333,24.83933220202224,107.0,38.0,58.958333333333336,19.698773227454367,107.0,34.0,26.1,26.3,28.7,88.0,92.0,86.0,2.0,2.0,3.0,1001.0,1002.0,998.0,2236.0,172.0,52.0,0.0,0.7999831582493001,6.105240398908138,1.5134726088484096,22.36,25.0,0.025999974000026002,676.0,7396,4.0,1000000,523.4,87.23333333333333,-7.0,-7.0,-0.10000000000000142
121,233.2,34.7,54.7,53.8,116.3,91,0.0,1000,86,25.9,0.0,1.66,2023,4,20,2,3,110,16,0.49999999999999994,0.8660254037844387,0.8660254037844387,-0.4999999999999998,0.43388373911755823,-0.900968867902419,1,3,0,38.0,45.0,43.0,59.0,82.0,56.0,42.0,3.605551275464543,45.0,38.0,43.333333333333336,2.8751811537109226,46.0,38.0,62.833333333333336,25.117300569105403,107.0,38.0,58.416666666666664,19.960649694633947,107.0,34.0,26.0,26.2,27.9,86.0,90.0,88.0,2.0,2.0,2.66,1000.0,1001.0,999.0,2227.4,142.76,42.99399999999999,0.0,0.7992416497834613,6.720267427451658,1.5763234488919629,22.274,25.07,0.0258999741000259,670.81,7396,2.7556,1000000,535.6999999999999,89.28333333333332,5.0,0.0,-0.10000000000000142
134,240.6,32.3,53.3,60.0,113.7,95,0.0,1000,86,25.9,0.0,1.33,2023,4,20,3,3,110,16,0.7071067811865476,0.7071067811865476,0.8660254037844387,-0.4999999999999998,0.43388373911755823,-0.900968867902419,1,3,0,43.0,38.0,45.0,46.0,88.0,46.0,43.0,5.000000000000388,48.0,38.0,43.666666666666664,3.3266599866314275,48.0,38.0,59.5,24.107712835974564,107.0,38.0,58.5,19.910670069304597,107.0,34.0,25.9,26.1,27.1,86.0,88.0,90.0,1.66,2.0,2.33,1000.0,1001.0,1001.0,2227.4,114.38000000000001,34.447,0.0,0.7999866668888852,7.4486857992012645,1.6501037119593822,22.274,25.235,0.0258999741000259,670.81,7396,1.7689000000000001,1000000,547.9,91.31666666666666,5.0,3.0,0.0
142,248.0,30.0,52.0,63.8,111.0,100,0.0,1000,86,25.8,0.0,1.0,2023,4,20,4,3,110,16,0.8660254037844386,0.5000000000000001,0.8660254037844387,-0.4999999999999998,0.43388373911755823,-0.900968867902419,1,3,0,48.0,43.0,38.0,45.0,89.0,34.0,47.333333333333336,4.041451884327801,51.0,43.0,44.666666666666664,4.501851470967809,51.0,38.0,56.333333333333336,22.309123014967764,107.0,38.0,59.208333333333336,19.294016118243007,107.0,38.0,25.9,26.0,26.3,86.0,86.0,92.0,1.33,2.0,2.0,1000.0,1000.0,1002.0,2218.8,86.0,25.8,0.0,0.7993605115907275,8.26639112029599,1.7332755574814172,22.188000000000002,25.3,0.0257999742000258,665.64,7396,1.0,1000000,555.8,92.63333333333333,3.0,13.0,-0.09999999999999787
185,297.1,39.7,46.3,102.5,114.0,100,0.0,1001,87,25.8,0.0,0.66,2023,4,20,5,3,110,16,0.9659258262890683,0.25881904510252074,0.8660254037844387,-0.4999999999999998,0.43388373911755823,-0.900968867902419,1,3,0,51.0,48.0,43.0,43.0,98.0,46.0,60.333333333333336,18.823743871327384,82.0,48.0,51.166666666666664,15.74060566390816,82.0,38.0,55.0,19.94537996173992,107.0,38.0,60.708333333333336,19.619154718898184,107.0,38.0,25.8,25.9,26.2,86.0,86.0,90.0,1.0,1.66,2.0,1000.0,1000.0,1001.0,2244.6,57.42,17.028000000000002,0.0,0.7999921951980956,7.483438704314754,1.1662174756303367,22.445999999999998,25.470000000000002,0.025774200025774203,665.64,7569,0.43560000000000004,1002001,681.6,113.60000000000001,31.0,39.0,0.0
173,346.1,49.3,40.7,91.3,117.0,100,0.0,1001,88,25.7,0.8,0.33,2023,4,20,6,3,110,16,1.0,6.123233995736766e-17,0.8660254037844387,-0.4999999999999998,0.43388373911755823,-0.900968867902419,1,0,0,82.0,51.0,48.0,45.0,107.0,50.0,68.66666666666667,15.947831618540945,82.0,51.0,55.833333333333336,17.588822208057582,82.0,38.0,52.166666666666664,13.141421905447071,82.0,38.0,61.666666666666664,19.63507656934561,107.0,38.0,25.8,25.9,26.1,87.0,86.0,88.0,0.66,1.33,2.0,1001.0,1000.0,1001.0,2261.6,29.040000000000003,8.481,0.0,0.7995531264717801,7.020141579278312,0.8255410640757795,22.616,25.535,0.0256743000256743,660.49,7744,0.10890000000000001,1002001,717.4,119.56666666666666,-9.0,25.0,-0.10000000000000142
165,395.1,59.0,35.0,83.8,120.0,100,0.0,1002,89,25.7,1.0,0.8,2023,4,20,7,3,110,16,0.9659258262890683,-0.25881904510252063,0.8660254037844387,-0.4999999999999998,0.43388373911755823,-0.900968867902419,1,0,0,73.0,82.0,51.0,38.0,53.0,50.0,74.0,7.54983443527078,82.0,67.0,60.666666666666664,15.57776192739707,82.0,43.0,53.333333333333336,13.8257555002072,82.0,38.0,62.375,19.50209018898071,107.0,38.0,25.7,25.8,26.0,88.0,86.0,86.0,0.33,1.0,2.0,1001.0,1000.0,1000.0,2287.2999999999997,71.2,20.560000000000002,0.0,0.7995131323015239,6.696496669547974,0.593210284571448,22.872999999999998,25.3,0.025648676997328347,660.49,7921,0.6400000000000001,1004004,759.9,126.64999999999999,-6.0,16.0,0.0
161,335.2,45.7,62.0,80.0,105.3,95,0.0,1002,86,26.3,1.5,0.33,2023,4,20,8,3,110,16,0.8660254037844387,-0.4999999999999998,0.8660254037844387,-0.4999999999999998,0.43388373911755823,-0.900968867902419,1,0,0,67.0,73.0,82.0,43.0,59.0,47.0,68.0,4.582575694955969,73.0,64.0,64.16666666666667,12.952477240538316,82.0,48.0,53.75,14.084969422627731,82.0,38.0,63.083333333333336,19.22615217708003,107.0,38.0,25.7,25.8,25.9,89.0,87.0,86.0,0.8,0.66,1.66,1002.0,1001.0,1000.0,2261.8,28.380000000000003,8.679,0.0,0.7999900001249984,7.334631627316688,1.356644274742347,22.618000000000002,26.135,0.026247478794931344,691.69,7396,0.10890000000000001,1004004,692.1999999999999,115.36666666666666,-3.0,-18.0,0.6000000000000014
172,275.3,32.3,89.0,90.0,90.7,91,0.0,1002,83,27.0,2.0,0.66,2023,4,20,9,3,110,16,0.7071067811865476,-0.7071067811865475,0.8660254037844387,-0.4999999999999998,0.43388373911755823,-0.900968867902419,1,0,0,64.0,67.0,73.0,48.0,46.0,50.0,67.66666666666667,4.041451884327535,72.0,64.0,68.16666666666667,10.419532938988429,82.0,51.0,55.916666666666664,14.767644813352193,82.0,38.0,64.0,19.099282936687956,107.0,38.0,26.3,25.7,25.9,86.0,88.0,86.0,0.33,0.33,1.33,1002.0,1001.0,1000.0,2241.0,54.78,17.82,0.0,0.7999911112098754,8.52295594563636,2.7553326522398693,22.41,26.67,0.02694608089213484,729.0,6889,0.43560000000000004,1004004,649.3000000000001,108.21666666666668,8.0,-1.0,0.6999999999999993
165,215.3,19.0,116.0,83.8,76.0,87,0.0,1003,80,27.6,2.8,1.0,2023,4,20,10,3,110,16,0.49999999999999994,-0.8660254037844387,0.8660254037844387,-0.4999999999999998,0.43388373911755823,-0.900968867902419,1,0,0,72.0,64.0,67.0,51.0,45.0,51.0,67.66666666666667,4.041451884327535,72.0,64.0,70.83333333333333,6.43169236411895,82.0,64.0,57.75,14.654350889752662,82.0,38.0,64.66666666666667,18.90402916948097,107.0,38.0,27.0,25.7,25.8,83.0,89.0,86.0,0.66,0.8,1.0,1002.0,1002.0,1000.0,2208.0,80.0,27.6,0.0,0.7995131323015239,11.330982579864218,6.104941845166043,22.08,27.1,0.027517420221914037,761.7600000000001,6400,1.0,1006009,577.1,96.18333333333334,-5.0,0.0,0.6000000000000014
163,219.4,18.0,133.0,81.3,73.0,83,0.0,1001,77,28.5,3.5,1.0,2023,4,20,11,3,110,16,0.258819045102521,-0.9659258262890682,0.8660254037844387,-0.4999999999999998,0.43388373911755823,-0.900968867902419,1,0,0,67.0,72.0,64.0,82.0,43.0,59.0,68.0,3.605551275464161,72.0,65.0,68.0,3.6878177829168877,73.0,64.0,59.583333333333336,14.002975874196457,82.0,38.0,64.91666666666667,18.865465727128424,107.0,38.0,27.6,26.3,25.8,80.0,86.0,87.0,1.0,0.33,0.66,1003.0,1002.0,1001.0,2194.5,77.0,28.5,0.0,0.7994981611542293,12.188211766013,7.388478417865674,21.945,28.0,0.0284715000284715,812.25,5929,1.0,1002001,589.7,98.28333333333335,-2.0,1.0,0.8999999999999986
171,223.5,17.0,150.0,88.8,70.0,79,0.0,1000,74,29.3,4.4,1.0,2023,4,20,12,3,110,16,1.2246467991473532e-16,-1.0,0.8660254037844387,-0.4999999999999998,0.43388373911755823,-0.900968867902419,1,1,0,65.0,67.0,72.0,73.0,45.0,66.0,67.66666666666667,3.0550504633041067,71.0,65.0,67.66666666666667,3.2041639575191123,72.0,64.0,61.75,13.545378279223785,82.0,38.0,65.125,18.90551449341904,107.0,38.0,28.5,27.0,25.7,77.0,83.0,88.0,1.0,0.66,0.33,1001.0,1002.0,1001.0,2168.2000000000003,74.0,29.3,0.0,0.7995405457145752,13.146285512616904,8.823010411152284,21.682000000000002,28.8,0.0292999707000293,858.49,5476,1.0,1000000,620.3,103.38333333333333,6.0,-1.0,0.8000000000000007
164,227.6,16.0,167.0,82.5,67.0,75,0.0,999,72,30.2,3.6,1.0,2023,4,20,13,3,110,16,-0.2588190451025208,-0.9659258262890683,0.8660254037844387,-0.4999999999999998,0.43388373911755823,-0.900968867902419,1,1,0,71.0,65.0,67.0,67.0,38.0,67.0,67.33333333333333,3.214550253664527,71.0,65.0,67.5,3.2710854467588883,72.0,64.0,64.08333333333333,11.30935520494029,82.0,43.0,65.08333333333333,18.90230413069484,107.0,38.0,29.3,27.6,25.7,74.0,80.0,89.0,1.0,1.0,0.8,1000.0,1003.0,1002.0,2174.4,72.0,30.2,0.0,0.7999903031478406,14.224110993062933,10.436847697018935,21.744,29.7,0.0302301999697698,912.04,5184,1.0,998001,626.1,104.35000000000001,-5.0,-1.0,0.8999999999999986
164,230.1,16.0,180.0,82.5,62.0,83,0.0,999,72,30.3,6.4,1.66,2023,4,20,14,3,110,16,-0.4999999999999997,-0.8660254037844388,0.8660254037844387,-0.4999999999999998,0.43388373911755823,-0.900968867902419,1,1,0,66.0,71.0,65.0,64.0,43.0,82.0,67.66666666666667,2.8867513459483534,71.0,66.0,67.83333333333333,2.926886855801676,72.0,65.0,66.0,9.155227021662366,82.0,48.0,64.41666666666667,18.558759016483076,107.0,38.0,30.2,28.5,26.3,72.0,77.0,86.0,1.0,1.0,0.33,999.0,1001.0,1002.0,2181.6,119.52,50.298,0.0,0.7999903031478406,14.380351228048246,11.249296918942566,21.816,29.470000000000002,0.0303302999696697,918.09,5184,2.7556,998001,636.6,106.10000000000001,0.0,1.0,0.10000000000000142
156,232.7,16.0,193.0,75.0,57.0,91,0.0,998,73,30.3,5.5,2.33,2023,4,20,15,3,110,16,-0.7071067811865471,-0.7071067811865479,0.8660254037844387,-0.4999999999999998,0.43388373911755823,-0.900968867902419,1,1,0,66.0,66.0,71.0,72.0,48.0,88.0,64.0,3.464101615138002,66.0,60.0,65.83333333333333,3.5449494589716855,71.0,60.0,67.0,7.519671172694291,82.0,51.0,63.25,17.879427089352884,107.0,38.0,30.3,29.3,27.0,72.0,74.0,83.0,1.66,1.0,0.66,999.0,1000.0,1002.0,2211.9,170.09,70.599,0.0,0.7999893334755536,14.54284107243297,12.061746140866195,22.119,29.135,0.030360691021351683,918.09,5329,5.4289000000000005,996004,633.7,105.61666666666667,-6.0,-11.0,0.0
167,235.2,16.0,206.0,85.0,52.0,100,0.0,997,74,30.4,3.4,3.0,2023,4,20,16,3,110,16,-0.8660254037844385,-0.5000000000000004,0.8660254037844387,-0.4999999999999998,0.43388373911755823,-0.900968867902419,1,1,0,60.0,66.0,66.0,67.0,51.0,89.0,64.66666666666667,4.16333199893246,68.0,60.0,66.0,3.6331804249165858,71.0,60.0,68.41666666666667,5.583389868550954,82.0,60.0,62.375,17.059518572135932,107.0,38.0,30.3,30.2,27.6,73.0,72.0,80.0,2.33,1.0,1.0,998.0,999.0,1003.0,2249.6,222.0,91.19999999999999,0.0,0.7999905883460194,14.699081307418284,12.874195362789825,22.496,28.9,0.030491443840076387,924.16,5476,9.0,994009,662.2,110.36666666666667,8.0,2.0,0.09999999999999787
171,292.0,42.0,164.7,88.8,63.7,100,0.0,997,76,29.8,2.1,3.0,2023,4,20,17,3,110,16,-0.9659258262890683,-0.25881904510252063,0.8660254037844387,-0.4999999999999998,0.43388373911755823,-0.900968867902419,1,1,0,68.0,60.0,66.0,65.0,82.0,98.0,66.33333333333333,5.686240703077447,71.0,60.0,67.0,4.0987803063835395,71.0,60.0,67.5,3.7537859676470764,73.0,60.0,61.25,15.419496410882699,107.0,38.0,30.4,30.3,28.5,74.0,72.0,77.0,3.0,1.66,1.0,997.0,999.0,1001.0,2264.8,228.0,89.4,0.0,0.7995405457145752,6.9522154234423,3.9213352063046116,22.648000000000003,28.3,0.029889639027443304,888.0400000000001,5776,9.0,994009,722.2,120.36666666666667,3.0,5.0,-0.5999999999999979
152,348.8,68.0,123.3,71.3,75.3,100,0.0,998,78,29.1,2.0,3.0,2023,4,20,18,3,110,16,-1.0,-1.8369701987210297e-16,0.8660254037844387,-0.4999999999999998,0.43388373911755823,-0.900968867902419,1,2,0,71.0,68.0,60.0,71.0,73.0,107.0,65.33333333333333,7.3711147958320975,71.0,57.0,64.66666666666667,5.202563470700103,71.0,57.0,66.16666666666667,4.40729422936992,72.0,57.0,59.166666666666664,11.958866700219957,82.0,38.0,29.8,30.3,29.3,76.0,73.0,74.0,3.0,2.33,1.0,997.0,998.0,1000.0,2269.8,234.0,87.30000000000001,0.0,0.7994277780115285,5.129336333289216,1.8132086292848633,22.698,27.6,0.029158287416545678,846.8100000000001,6084,9.0,996004,743.6999999999999,123.94999999999999,-14.0,-3.0,-0.6999999999999993
150,405.6,94.0,82.0,67.5,87.0,100,0.0,998,81,28.5,0.0,3.0,2023,4,20,19,3,110,16,-0.9659258262890684,0.2588190451025203,0.8660254037844387,-0.4999999999999998,0.43388373911755823,-0.900968867902419,1,2,0,57.0,71.0,68.0,66.0,67.0,53.0,60.666666666666664,9.073771725877593,71.0,54.0,62.666666666666664,6.683312551920804,71.0,54.0,65.08333333333333,5.615859576936886,72.0,54.0,59.208333333333336,11.938171029778324,82.0,38.0,29.1,30.4,30.2,78.0,74.0,72.0,3.0,3.0,1.0,998.0,997.0,999.0,2308.5,243.0,85.5,0.0,0.7999881483237284,4.314847714386017,0.8723311454133467,23.085,27.0,0.02855708561414267,812.25,6561,9.0,996004,790.1,131.68333333333334,-3.0,-14.0,-0.6000000000000014
150,382.5,81.3,74.3,67.5,100.0,100,0.0,999,83,28.0,0.0,2.33,2023,4,20,20,3,110,16,-0.8660254037844386,0.5000000000000001,0.8660254037844387,-0.4999999999999998,0.43388373911755823,-0.900968867902419,1,2,0,54.0,57.0,71.0,66.0,64.0,59.0,55.0,1.7320508075698167,57.0,54.0,60.666666666666664,7.257180352358707,71.0,54.0,64.25,6.46845492300163,72.0,54.0,59.0,11.985498484128643,82.0,38.0,28.5,29.8,30.3,81.0,76.0,72.0,3.0,3.0,1.66,998.0,997.0,999.0,2324.0,193.39000000000001,65.24000000000001,0.0,0.7999881483237284,4.704739179099888,0.9138878980578344,23.24,26.835,0.028027999971972,784.0,6889,5.4289000000000005,998001,759.6,126.60000000000001,0.0,-17.0,-0.5
137,359.3,68.7,66.7,61.3,113.0,100,0.0,1000,86,27.4,0.0,1.66,2023,4,20,21,3,110,16,-0.7071067811865477,0.7071067811865474,0.8660254037844387,-0.4999999999999998,0.43388373911755823,-0.900968867902419,1,2,0,54.0,54.0,57.0,60.0,72.0,46.0,52.333333333333336,2.886751345948772,54.0,49.0,58.833333333333336,8.70440501508635,71.0,49.0,62.333333333333336,7.315405082095344,71.0,49.0,59.125,11.85899951788615,82.0,38.0,28.0,29.1,30.3,83.0,78.0,73.0,2.33,3.0,2.33,999.0,998.0,998.0,2356.4,142.76,45.483999999999995,0.0,0.7993344317384709,5.229909317186067,0.9708737864077669,23.564,26.57,0.0273999726000274,750.7599999999999,7396,2.7556,1000000,718.0,119.66666666666667,-5.0,-8.0,-0.6000000000000014
129,336.2,56.0,59.0,57.5,126.0,100,0.0,1000,89,26.9,0.0,1.0,2023,4,20,22,3,110,16,-0.5000000000000004,0.8660254037844384,0.8660254037844387,-0.4999999999999998,0.43388373911755823,-0.900968867902419,1,3,0,49.0,54.0,54.0,68.0,67.0,45.0,49.666666666666664,4.041451884327896,54.0,46.0,55.166666666666664,8.704405015086254,71.0,46.0,60.583333333333336,8.511578566691641,71.0,46.0,59.166666666666664,11.808864270636928,82.0,38.0,27.4,28.5,30.4,86.0,81.0,74.0,1.66,3.0,3.0,1000.0,998.0,997.0,2394.1,89.0,26.9,0.0,0.7999860871984835,6.003464223853146,1.0535526151318726,23.941,26.4,0.0268999731000269,723.6099999999999,7921,1.0,1000000,680.7,113.45,-3.0,-8.0,-0.5
131,307.8,47.0,59.7,58.8,120.0,100,0.0,1000,89,26.7,0.0,1.66,2023,4,20,23,3,110,16,-0.25881904510252157,0.9659258262890681,0.8660254037844387,-0.4999999999999998,0.43388373911755823,-0.900968867902419,1,3,0,46.0,49.0,54.0,71.0,65.0,43.0,47.333333333333336,1.5275252316534382,49.0,46.0,51.166666666666664,4.445971959724548,57.0,46.0,59.083333333333336,9.219133594997906,71.0,46.0,59.333333333333336,11.597101087047358,82.0,38.0,26.9,28.0,29.8,89.0,83.0,76.0,1.0,2.33,3.0,1000.0,999.0,997.0,2376.2999999999997,147.73999999999998,44.321999999999996,0.0,0.7993061342494175,6.548796834109913,1.2701857407289208,23.762999999999998,25.87,0.0266999733000267,712.89,7921,2.7556,1000000,640.3,106.71666666666665,1.0,-7.0,-0.1999999999999993
129,279.3,38.0,60.3,57.5,114.0,100,0.0,1000,89,26.5,0.0,2.33,2023,4,21,0,4,111,16,0.0,1.0,0.8660254037844387,-0.4999999999999998,-0.433883739117558,-0.9009688679024191,1,3,0,47.0,46.0,49.0,57.0,71.0,45.0,46.333333333333336,0.577350269193723,47.0,46.0,49.333333333333336,3.7771241264560134,54.0,46.0,57.0,9.10544292767165,71.0,46.0,59.375,11.54504410897886,82.0,38.0,26.7,27.4,29.1,89.0,86.0,78.0,1.66,1.66,3.0,1000.0,1000.0,998.0,2358.5,207.37,61.745000000000005,0.0,0.7999860871984835,7.349806584037263,1.58680034735928,23.585,25.335,0.0264999735000265,702.25,7921,5.4289000000000005,1000000,595.1,99.18333333333334,-1.0,-3.0,-0.1999999999999993
150,250.9,29.0,61.0,67.5,108.0,100,0.0,1000,89,26.3,0.0,3.0,2023,4,21,1,4,111,16,0.25881904510252074,0.9659258262890683,0.8660254037844387,-0.4999999999999998,-0.433883739117558,-0.9009688679024191,1,3,0,46.0,47.0,46.0,54.0,66.0,38.0,49.0,4.358898943541164,54.0,46.0,49.333333333333336,3.7771241264560134,54.0,46.0,56.0,8.67598566577435,71.0,46.0,60.041666666666664,10.687168928680398,82.0,43.0,26.5,26.9,28.5,89.0,89.0,81.0,2.33,1.0,3.0,1000.0,1000.0,998.0,2340.7000000000003,267.0,78.9,0.0,0.7999881483237284,8.651425812903003,2.1033757456639424,23.407000000000004,24.8,0.0262999737000263,691.69,7921,9.0,1000000,570.4,95.06666666666666,8.0,8.0,-0.1999999999999993
137,232.5,23.0,64.3,61.3,95.3,100,0.0,1000,91,26.0,0.0,2.66,2023,4,21,2,4,111,16,0.49999999999999994,0.8660254037844387,0.8660254037844387,-0.4999999999999998,-0.433883739117558,-0.9009688679024191,1,3,0,54.0,46.0,47.0,54.0,66.0,43.0,49.666666666666664,4.041451884327896,54.0,46.0,48.5,3.0166206257978576,54.0,46.0,54.583333333333336,8.27326838057151,71.0,46.0,60.291666666666664,10.335582971575706,82.0,46.0,26.3,26.7,28.0,89.0,89.0,83.0,3.0,1.66,2.33,1000.0,1000.0,999.0,2366.0,242.06,69.16,0.0,0.7993344317384709,10.10825616277553,2.7955306291030824,23.66,24.67,0.025999974000026002,676.0,8281,7.0756000000000006,1000000,525.4,87.56666666666666,-5.0,2.0,-0.3000000000000007
129,214.0,17.0,67.7,57.5,82.7,100,0.0,1000,92,25.8,0.0,2.33,2023,4,21,3,4,111,16,0.7071067811865476,0.7071067811865476,0.8660254037844387,-0.4999999999999998,-0.433883739117558,-0.9009688679024191,1,3,0,49.0,54.0,46.0,49.0,60.0,48.0,49.666666666666664,4.041451884327896,54.0,46.0,48.0,3.162277660166613,54.0,46.0,53.416666666666664,8.425700222676976,71.0,46.0,60.208333333333336,10.446464626294038,82.0,46.0,26.0,26.5,27.4,91.0,89.0,86.0,2.66,2.33,1.66,1000.0,1000.0,1000.0,2373.6,214.36,60.114000000000004,0.0,0.7999860871984835,12.587494853243927,3.9821186989000648,23.736,24.635,0.0257999742000258,665.64,8464,5.4289000000000005,1000000,484.9,80.81666666666666,-3.0,0.0,-0.1999999999999993
142,195.5,11.0,71.0,63.8,70.0,100,0.0,1000,93,25.5,0.0,2.0,2023,4,21,4,4,111,16,0.8660254037844386,0.5000000000000001,0.8660254037844387,-0.4999999999999998,-0.433883739117558,-0.9009688679024191,1,3,0,46.0,49.0,54.0,46.0,68.0,51.0,48.666666666666664,2.5166114784244433,51.0,46.0,48.833333333333336,3.1885210782831397,54.0,46.0,52.0,7.07106781186509,71.0,46.0,60.208333333333336,10.446464626294038,82.0,46.0,25.8,26.3,26.9,92.0,89.0,89.0,2.33,3.0,1.0,1000.0,1000.0,1000.0,2371.5,186.0,51.0,0.0,0.7993605115907275,17.771111717116625,6.453958731024453,23.715,24.5,0.025499974500025502,650.25,8649,4.0,1000000,462.3,77.05,5.0,-3.0,-0.3000000000000007
148,212.0,16.3,68.3,66.3,68.3,87,0.0,1001,93,25.6,0.0,1.33,2023,4,21,5,4,111,16,0.9659258262890683,0.25881904510252074,0.8660254037844387,-0.4999999999999998,-0.433883739117558,-0.9009688679024191,1,3,0,51.0,46.0,49.0,47.0,71.0,82.0,50.0,3.605551275464558,53.0,46.0,49.833333333333336,3.430257521915276,54.0,46.0,50.5,3.849439156315674,57.0,46.0,59.0,9.445495820990784,73.0,46.0,25.5,26.0,26.7,93.0,91.0,89.0,2.0,2.66,1.66,1000.0,1000.0,1000.0,2380.8,123.69000000000001,34.048,0.0,0.7993846246662946,13.005337095883686,4.189926998343659,23.808000000000003,24.935000000000002,0.0255744000255744,655.3600000000001,8649,1.7689000000000001,1002001,484.20000000000005,80.7,2.0,4.0,0.10000000000000142
169,228.6,21.7,65.7,87.5,66.7,75,0.0,1001,94,25.6,0.6,0.66,2023,4,21,6,4,111,16,1.0,6.123233995736766e-17,0.8660254037844387,-0.4999999999999998,-0.433883739117558,-0.9009688679024191,1,0,0,53.0,51.0,46.0,46.0,57.0,73.0,58.0,10.440306508910682,70.0,51.0,53.833333333333336,8.42417157153498,70.0,46.0,51.583333333333336,6.6532061079712586,70.0,46.0,58.875,9.270394672898822,72.0,46.0,25.6,25.8,26.5,93.0,92.0,89.0,1.33,2.33,2.33,1001.0,1000.0,1000.0,2406.4,62.040000000000006,16.896,0.0,0.7999908572473458,10.53407677065573,3.0275102529837334,24.064,25.270000000000003,0.0255744000255744,655.3600000000001,8836,0.43560000000000004,1002001,540.2,90.03333333333335,17.0,24.0,0.0
169,245.1,27.0,63.0,87.5,65.0,62,0.0,1002,94,25.7,0.8,2.4,2023,4,21,7,4,111,16,0.9659258262890683,-0.25881904510252063,0.8660254037844387,-0.4999999999999998,-0.433883739117558,-0.9009688679024191,1,0,0,70.0,53.0,51.0,54.0,54.0,67.0,64.33333333333333,9.814954576223723,70.0,53.0,56.5,10.70980858839189,70.0,46.0,52.916666666666664,8.522252512028876,70.0,46.0,59.0,9.40397695704866,72.0,46.0,25.6,25.5,26.3,94.0,93.0,89.0,0.66,2.0,3.0,1001.0,1000.0,1000.0,2415.7999999999997,225.6,61.67999999999999,0.0,0.7999908572473458,9.077441576237916,2.33324691678086,24.157999999999998,24.5,0.025648676997328347,660.49,8836,5.76,1004004,557.6,92.93333333333334,0.0,19.0,0.09999999999999787
189,236.0,24.0,79.7,106.3,66.0,75,0.0,1002,91,26.5,1.2,2.0,2023,4,21,8,4,111,16,0.8660254037844387,-0.4999999999999998,0.8660254037844387,-0.4999999999999998,-0.433883739117558,-0.9009688679024191,1,0,0,70.0,70.0,53.0,49.0,54.0,64.0,75.0,8.66025403784438,85.0,70.0,62.5,14.923136399564116,85.0,46.0,55.5,12.602308590816863,85.0,46.0,59.875,10.767553918662822,85.0,46.0,25.7,25.6,26.0,94.0,93.0,91.0,2.4,1.33,2.66,1002.0,1001.0,1000.0,2411.5,182.0,53.0,0.0,0.7996161842315689,9.832923628182158,3.3206949710428733,24.115,25.5,0.026447079394132343,702.25,8281,4.0,1004004,597.0,99.5,15.0,32.0,0.8000000000000007
164,226.8,21.0,96.3,82.5,67.0,87,0.0,1003,88,27.2,2.0,1.2,2023,4,21,9,4,111,16,0.7071067811865476,-0.7071067811865475,0.8660254037844387,-0.4999999999999998,-0.433883739117558,-0.9009688679024191,1,0,0,85.0,70.0,70.0,46.0,49.0,72.0,73.66666666666667,10.01665280087782,85.0,66.0,65.83333333333333,12.544587146122572,85.0,51.0,56.916666666666664,12.75972593987037,85.0,46.0,59.625,10.5410687520189,85.0,46.0,26.5,25.6,25.8,91.0,94.0,92.0,2.0,0.66,2.33,1002.0,1001.0,1000.0,2393.6,105.6,32.64,0.0,0.7999903031478406,10.799485738774344,4.5854959287652965,23.936,26.599999999999998,0.027118617030292093,739.8399999999999,7744,1.44,1006009,559.6,93.26666666666667,-19.0,-4.0,0.6999999999999993
173,217.7,18.0,113.0,91.3,68.0,100,0.0,1004,85,28.0,2.8,0.8,2023,4,21,10,4,111,16,0.49999999999999994,-0.8660254037844387,0.8660254037844387,-0.4999999999999998,-0.433883739117558,-0.9009688679024191,1,0,0,66.0,85.0,70.0,51.0,46.0,67.0,74.66666666666667,9.609023536933048,85.0,66.0,69.5,10.368220676663796,85.0,53.0,59.166666666666664,13.037242690449993,85.0,46.0,59.875,10.791754098465452,85.0,46.0,27.2,25.7,25.5,88.0,94.0,93.0,1.2,2.4,2.0,1003.0,1002.0,1000.0,2380.0,68.0,22.400000000000002,0.0,0.7995531264717801,12.093772568190655,6.27742903172046,23.8,27.6,0.027888418437830242,784.0,7225,0.6400000000000001,1008016,581.0,96.83333333333333,7.0,3.0,0.8000000000000007
196,222.9,15.0,151.3,112.5,65.3,95,0.0,1003,81,28.8,3.5,0.66,2023,4,21,11,4,111,16,0.258819045102521,-0.9659258262890682,0.8660254037844387,-0.4999999999999998,-0.433883739117558,-0.9009688679024191,1,0,0,73.0,66.0,85.0,53.0,47.0,65.0,76.33333333333333,12.342339054382402,90.0,66.0,75.66666666666667,9.563820714895714,90.0,66.0,62.75,15.130492992028156,90.0,46.0,60.916666666666664,12.39535911283892,90.0,46.0,28.0,26.5,25.6,85.0,91.0,93.0,0.8,2.0,1.33,1004.0,1002.0,1001.0,2332.8,53.46,19.008000000000003,0.0,0.7999928889520982,14.859009399373376,10.085994267048864,23.328000000000003,28.470000000000002,0.028713829796779864,829.44,6561,0.43560000000000004,1006009,657.0,109.5,17.0,5.0,0.8000000000000007
179,228.2,12.0,189.7,96.3,62.7,91,0.0,1002,77,29.6,4.5,1.33,2023,4,21,12,4,111,16,1.2246467991473532e-16,-1.0,0.8660254037844387,-0.4999999999999998,-0.433883739117558,-0.9009688679024191,1,1,0,90.0,73.0,66.0,70.0,46.0,71.0,80.0,8.888194417315542,90.0,73.0,76.83333333333333,9.15241316083736,90.0,66.0,65.33333333333333,14.649438917789844,90.0,46.0,61.166666666666664,12.665141021775332,90.0,46.0,28.8,27.2,25.6,81.0,88.0,94.0,0.66,1.2,0.66,1003.0,1003.0,1001.0,2279.2000000000003,102.41000000000001,39.368,0.0,0.7995763283870365,19.015082076493627,15.807016081993167,22.792,28.935000000000002,0.029540888681747826,876.1600000000001,5929,1.7689000000000001,1004004,665.9,110.98333333333333,-13.0,11.0,0.8000000000000007
184,233.4,9.0,228.0,101.3,60.0,87,0.0,1001,74,30.4,8.7,2.0,2023,4,21,13,4,111,16,-0.2588190451025208,-0.9659258262890683,0.8660254037844387,-0.4999999999999998,-0.433883739117558,-0.9009688679024191,1,1,0,77.0,90.0,73.0,70.0,54.0,66.0,82.66666666666667,6.658328118479297,90.0,77.0,78.66666666666667,8.594571930391288,90.0,66.0,67.58333333333333,14.822944949290344,90.0,46.0,61.791666666666664,13.269707793600558,90.0,46.0,29.6,28.0,25.7,77.0,85.0,94.0,1.33,0.8,2.4,1002.0,1004.0,1002.0,2249.6,148.0,60.8,0.0,0.7995972399087866,25.930452171980892,25.330518831240976,22.496,29.4,0.0303696000303696,924.16,5476,4.0,1002001,712.6999999999999,118.78333333333332,4.0,8.0,0.7999999999999972
188,241.2,11.3,238.3,105.0,68.0,85,0.0,1000,72,30.8,7.2,2.0,2023,4,21,14,4,111,16,-0.4999999999999997,-0.8660254037844388,0.8660254037844387,-0.4999999999999998,-0.433883739117558,-0.9009688679024191,1,1,0,81.0,77.0,90.0,85.0,49.0,66.0,80.66666666666667,3.511884584284114,84.0,77.0,78.5,8.455767262644065,90.0,66.0,70.5,14.266935709725821,90.0,46.0,62.541666666666664,14.006145131665697,90.0,46.0,30.4,28.8,26.5,74.0,81.0,91.0,2.0,0.66,2.0,1001.0,1003.0,1002.0,2217.6,144.0,61.6,0.0,0.7999923810249426,21.34324396071144,21.086629501814,22.176,29.8,0.0307999692000308,948.6400000000001,5184,4.0,1000000,747.8,124.63333333333333,3.0,-6.0,0.40000000000000213
196,249.0,13.7,248.7,112.5,76.0,83,0.0,998,69,31.3,4.8,2.0,2023,4,21,15,4,111,16,-0.7071067811865471,-0.7071067811865479,0.8660254037844387,-0.4999999999999998,-0.433883739117558,-0.9009688679024191,1,1,0,84.0,81.0,77.0,66.0,46.0,60.0,85.0,4.582575694955657,90.0,81.0,82.5,6.892024376045474,90.0,73.0,74.16666666666667,12.995337159103773,90.0,51.0,63.791666666666664,15.067901866772104,90.0,46.0,30.8,29.6,27.2,72.0,77.0,88.0,2.0,1.33,1.2,1000.0,1002.0,1003.0,2159.7000000000003,138.0,62.6,0.0,0.7999928889520982,18.173855922925334,18.151959710970004,21.597,30.3,0.03136269402535669,979.69,4761,4.0,996004,789.9,131.65,6.0,13.0,0.5
187,256.8,16.0,259.0,103.8,84.0,81,0.0,997,67,31.7,3.0,2.0,2023,4,21,16,4,111,16,-0.8660254037844385,-0.5000000000000004,0.8660254037844387,-0.4999999999999998,-0.433883739117558,-0.9009688679024191,1,1,0,90.0,84.0,81.0,73.0,51.0,68.0,85.66666666666667,3.7859388971999466,90.0,83.0,84.16666666666667,5.115336417741502,90.0,77.0,76.83333333333333,10.92813993432725,90.0,53.0,64.41666666666667,15.553321095555669,90.0,46.0,31.3,30.4,28.0,69.0,74.0,85.0,2.0,2.0,0.8,998.0,1001.0,1004.0,2123.9,134.0,63.4,0.0,0.7996069402028883,16.048996937691395,16.18648834447847,21.239,30.7,0.031795354267448075,1004.89,4489,4.0,994009,802.5999999999999,133.76666666666665,-7.0,2.0,0.3999999999999986
177,309.5,38.7,212.3,95.0,97.3,79,0.0,998,71,31.1,1.7,1.66,2023,4,21,17,4,111,16,-0.9659258262890683,-0.25881904510252063,0.8660254037844387,-0.4999999999999998,-0.433883739117558,-0.9009688679024191,1,1,0,83.0,90.0,84.0,90.0,53.0,71.0,83.0,6.999999999999905,90.0,76.0,81.83333333333333,5.115336417741397,90.0,76.0,78.75,7.990050631310463,90.0,66.0,64.625,15.678322059732777,90.0,46.0,31.7,30.8,28.8,67.0,72.0,81.0,2.0,2.0,0.66,997.0,1000.0,1003.0,2208.1,117.86,51.626,0.0,0.7999915790360101,7.997209374434769,5.485646365726984,22.081,30.270000000000003,0.03116229342455569,967.21,5041,2.7556,996004,828.8,138.13333333333333,-7.0,-8.0,-0.5999999999999979
177,362.2,61.3,165.7,95.0,110.7,77,0.0,998,75,30.4,1.8,1.33,2023,4,21,18,4,111,16,-1.0,-1.8369701987210297e-16,0.8660254037844387,-0.4999999999999998,-0.433883739117558,-0.9009688679024191,1,2,0,76.0,83.0,90.0,77.0,70.0,57.0,78.33333333333333,4.041451884327312,83.0,76.0,81.66666666666667,5.31664054330094,90.0,76.0,79.25,7.569376100145255,90.0,66.0,65.41666666666667,15.75606623457815,90.0,46.0,31.1,31.3,29.6,71.0,69.0,77.0,1.66,2.0,1.33,998.0,998.0,1002.0,2280.0,99.75,40.432,0.0,0.7999915790360101,5.9085496158300845,2.7030554150829516,22.8,29.735,0.03046089132175218,924.16,5625,1.7689000000000001,996004,870.9000000000001,145.15,0.0,-14.0,-0.7000000000000028
180,414.9,84.0,119.0,97.5,124.0,75,0.0,998,79,29.8,0.0,1.0,2023,4,21,19,4,111,16,-0.9659258262890684,0.2588190451025203,0.8660254037844387,-0.4999999999999998,-0.433883739117558,-0.9009688679024191,1,2,0,76.0,76.0,83.0,81.0,70.0,54.0,76.66666666666667,1.154700538379128,78.0,76.0,81.16666666666667,5.528712930390859,90.0,76.0,79.91666666666667,7.012434842780223,90.0,66.0,66.41666666666667,15.761584191695075,90.0,46.0,30.4,31.7,30.4,75.0,67.0,74.0,1.33,2.0,2.0,998.0,997.0,1001.0,2354.2000000000003,79.0,29.8,0.0,0.7999917949559491,4.939226913965309,1.416649801788074,23.542,29.3,0.02985968951934918,888.0400000000001,6241,1.0,996004,917.4,152.9,2.0,-5.0,-0.5999999999999979
165,394.3,73.7,102.0,83.8,127.0,79,0.0,999,82,29.0,0.0,1.33,2023,4,21,20,4,111,16,-0.8660254037844386,0.5000000000000001,0.8660254037844387,-0.4999999999999998,-0.433883739117558,-0.9009688679024191,1,2,0,78.0,76.0,76.0,84.0,85.0,54.0,73.66666666666667,5.859465277082337,78.0,67.0,78.33333333333333,7.711463328491536,90.0,67.0,78.41666666666667,7.716079236754533,90.0,66.0,66.95833333333333,15.538113495997539,90.0,46.0,29.8,31.1,30.8,79.0,71.0,72.0,1.0,1.66,2.0,998.0,998.0,1000.0,2378.0,109.06,38.57,0.0,0.7995131323015239,5.349995251082074,1.383970366752147,23.78,28.335,0.029028999970971,841.0,6724,1.7689000000000001,998001,847.8,141.29999999999998,-11.0,-9.0,-0.8000000000000007
167,373.7,63.3,85.0,85.0,130.0,83,0.0,1000,85,28.3,0.0,1.66,2023,4,21,21,4,111,16,-0.7071067811865477,0.7071067811865474,0.8660254037844387,-0.4999999999999998,-0.433883739117558,-0.9009688679024191,1,2,0,67.0,78.0,76.0,90.0,66.0,49.0,71.0,6.082762530298278,78.0,67.0,74.66666666666667,6.121002096607066,83.0,67.0,78.58333333333333,7.440165361472567,90.0,67.0,67.75,15.060024828203147,90.0,46.0,29.0,30.4,31.3,82.0,75.0,69.0,1.33,1.33,2.0,999.0,998.0,998.0,2405.5,141.1,46.978,0.0,0.7999905883460194,5.90354022843241,1.3427907931944205,24.055,27.470000000000002,0.028299971700028303,800.89,7225,2.7556,1000000,805.0,134.16666666666666,1.0,-8.0,-0.6999999999999993
155,353.1,53.0,68.0,73.8,133.0,87,0.0,1002,89,27.5,0.0,2.0,2023,4,21,22,4,111,16,-0.5000000000000004,0.8660254037844384,0.8660254037844387,-0.4999999999999998,-0.433883739117558,-0.9009688679024191,1,3,0,68.0,67.0,78.0,83.0,73.0,46.0,64.66666666666667,4.932882862316431,68.0,59.0,70.66666666666667,7.312090444371313,78.0,59.0,77.41666666666667,9.268307027257496,90.0,59.0,68.29166666666667,14.465789227381368,90.0,46.0,28.3,29.8,31.7,85.0,79.0,67.0,1.66,1.0,2.0,1000.0,998.0,997.0,2447.5,178.0,55.0,0.0,0.799447161962575,6.662138450217921,1.2829946604781042,24.475,26.5,0.027445082390137335,756.25,7921,4.0,1004004,739.9,123.31666666666666,-9.0,-19.0,-0.8000000000000007
139,309.5,43.7,65.0,62.5,119.3,91,0.0,1001,89,27.2,0.0,2.33,2023,4,21,23,4,111,16,-0.25881904510252157,0.9659258262890681,0.8660254037844387,-0.4999999999999998,-0.433883739117558,-0.9009688679024191,1,3,0,59.0,68.0,67.0,76.0,90.0,47.0,59.0,9.00000000000016,68.0,50.0,66.33333333333333,10.519822558706219,78.0,50.0,74.08333333333333,11.301313948815526,90.0,50.0,68.41666666666667,14.28564699777143,90.0,46.0,27.5,29.0,31.1,89.0,82.0,71.0,2.0,1.33,1.66,1002.0,999.0,998.0,2420.7999999999997,207.37,63.376,0.0,0.7999872002047967,7.0822177982197205,1.4873801514839478,24.208,26.035,0.0271728000271728,739.8399999999999,7921,5.4289000000000005,1002001,650.0,108.33333333333333,-9.0,-17.0,-0.3000000000000007
153,265.9,34.3,62.0,68.8,105.7,95,0.0,1001,89,27.0,0.0,2.66,2023,4,22,0,5,112,16,0.0,1.0,0.8660254037844387,-0.4999999999999998,-0.9749279121818236,-0.2225209339563146,1,3,1,50.0,59.0,68.0,76.0,77.0,46.0,54.666666666666664,4.509249752823306,59.0,50.0,62.833333333333336,10.147249216741583,78.0,50.0,72.25,12.50545335589074,90.0,50.0,68.79166666666667,13.780828417916913,90.0,46.0,27.2,28.3,30.4,89.0,85.0,75.0,2.33,1.66,1.33,1001.0,1000.0,998.0,2403.0,236.74,71.82000000000001,0.0,0.7994069853635848,7.751960584239527,1.8075274773330225,24.03,25.67,0.026973000026973,729.0,7921,7.0756000000000006,1002001,591.7,98.61666666666667,5.0,-13.0,-0.1999999999999993
131,222.4,25.0,59.0,58.8,92.0,100,0.0,1001,89,26.7,0.0,3.0,2023,4,22,1,5,112,16,0.25881904510252074,0.9659258262890683,0.8660254037844387,-0.4999999999999998,-0.9749279121818236,-0.2225209339563146,1,3,1,55.0,50.0,59.0,78.0,81.0,54.0,50.666666666666664,4.041451884327941,55.0,47.0,57.666666666666664,8.664102184684829,68.0,47.0,69.41666666666667,14.093572573296775,90.0,47.0,68.5,14.175913435794493,90.0,46.0,27.0,27.5,29.8,89.0,89.0,79.0,2.66,2.0,1.0,1001.0,1002.0,998.0,2376.2999999999997,267.0,80.1,0.0,0.7993061342494175,8.89564417423303,2.359905603775849,23.762999999999998,25.2,0.0266733000266733,712.89,7921,9.0,1002001,504.2,84.03333333333333,-8.0,-12.0,-0.3000000000000007
137,207.4,21.0,56.3,61.3,83.0,100,0.0,1001,91,26.6,0.0,2.33,2023,4,22,2,5,112,16,0.49999999999999994,0.8660254037844387,0.8660254037844387,-0.4999999999999998,-0.9749279121818236,-0.2225209339563146,1,3,1,47.0,55.0,50.0,67.0,84.0,49.0,50.333333333333336,4.163331998932818,55.0,47.0,54.666666666666664,7.865536642000922,68.0,47.0,66.5,14.419053051746708,90.0,47.0,68.5,14.175913435794493,90.0,46.0,26.7,27.2,29.0,89.0,89.0,82.0,3.0,2.33,1.33,1001.0,1001.0,999.0,2420.6,212.03,61.97800000000001,0.0,0.7993344317384709,9.875720203799819,2.6808247226322552,24.206,25.435000000000002,0.026573400026573404,707.5600000000001,8281,5.4289000000000005,1002001,478.0,79.66666666666667,2.0,-1.0,-0.09999999999999787
123,192.4,17.0,53.7,55.0,74.0,100,0.0,1001,92,26.6,0.0,1.66,2023,4,22,3,5,112,16,0.7071067811865476,0.7071067811865476,0.8660254037844387,-0.4999999999999998,-0.9749279121818236,-0.2225209339563146,1,3,1,49.0,47.0,55.0,68.0,90.0,46.0,46.666666666666664,2.516611478424642,49.0,44.0,50.666666666666664,5.465040408510941,59.0,44.0,62.666666666666664,13.70025436614097,83.0,44.0,68.41666666666667,14.319086279650191,90.0,44.0,26.6,27.0,28.3,91.0,89.0,85.0,2.33,2.66,1.66,1001.0,1001.0,1000.0,2447.2000000000003,152.72,44.156,0.0,0.7999854548099126,11.316981354037997,3.158637727192518,24.472,25.770000000000003,0.026573400026573404,707.5600000000001,8464,2.7556,1002001,436.1,72.68333333333334,-5.0,-11.0,0.0
153,177.4,13.0,51.0,68.8,65.0,100,0.0,1001,94,26.5,0.0,1.0,2023,4,22,4,5,112,16,0.8660254037844386,0.5000000000000001,0.8660254037844387,-0.4999999999999998,-0.9749279121818236,-0.2225209339563146,1,3,1,44.0,49.0,47.0,59.0,83.0,51.0,49.333333333333336,5.507570547286537,55.0,44.0,50.0,4.381780460040242,55.0,44.0,60.333333333333336,12.227638836469879,78.0,44.0,68.58333333333333,14.129576339587832,90.0,44.0,26.6,26.7,27.5,92.0,89.0,89.0,1.66,3.0,2.0,1001.0,1001.0,1002.0,2491.0,94.0,26.5,0.0,0.7994069853635848,13.645104222752098,3.9227751711406817,24.91,26.0,0.0264735000264735,702.25,8836,1.0,1002001,430.2,71.7,11.0,8.0,-0.10000000000000142
176,177.8,15.0,52.7,93.8,65.7,100,0.0,1002,94,26.6,0.0,1.33,2023,4,22,5,5,112,16,0.9659258262890683,0.25881904510252074,0.8660254037844387,-0.4999999999999998,-0.9749279121818236,-0.2225209339563146,1,3,1,55.0,44.0,49.0,50.0,76.0,53.0,58.0,15.716233645501811,75.0,44.0,54.166666666666664,11.107054815146043,75.0,44.0,60.25,12.114041439585508,78.0,44.0,69.5,13.784048752090532,90.0,44.0,26.5,26.6,27.2,94.0,91.0,89.0,1.0,2.33,2.33,1001.0,1001.0,1001.0,2500.4,125.02000000000001,35.37800000000001,0.0,0.7995650366200786,11.852543163789083,3.5130991267248852,25.004,25.935000000000002,0.02654687969373284,707.5600000000001,8836,1.7689000000000001,1004004,480.0,80.0,20.0,26.0,0.10000000000000142
156,178.2,17.0,54.3,75.0,66.3,100,0.0,1003,93,26.6,0.6,1.66,2023,4,22,6,5,112,16,1.0,6.123233995736766e-17,0.8660254037844387,-0.4999999999999998,-0.9749279121818236,-0.2225209339563146,1,0,1,75.0,55.0,44.0,55.0,76.0,70.0,63.333333333333336,10.408329997330764,75.0,55.0,55.0,11.366617790705932,75.0,44.0,58.916666666666664,11.057357347718593,78.0,44.0,69.08333333333333,13.918760148015322,90.0,44.0,26.6,26.6,27.0,94.0,92.0,89.0,1.33,1.66,2.66,1002.0,1001.0,1001.0,2473.8,154.38,44.156,0.0,0.7999893334755536,10.481736368448914,3.1939297688371266,24.738000000000003,25.770000000000003,0.02652041224285918,707.5600000000001,8649,2.7556,1006009,450.8,75.13333333333334,-15.0,16.0,0.0
139,178.6,19.0,56.0,62.5,67.0,100,0.0,1004,92,26.7,0.8,2.0,2023,4,22,7,5,112,16,0.9659258262890683,-0.25881904510252063,0.8660254037844387,-0.4999999999999998,-0.9749279121818236,-0.2225209339563146,1,0,1,60.0,75.0,55.0,47.0,78.0,70.0,61.666666666666664,12.583057392118013,75.0,50.0,55.5,11.004544515789503,75.0,44.0,56.583333333333336,9.510361175947233,75.0,44.0,68.25,14.450063938477758,90.0,44.0,26.6,26.5,26.7,93.0,94.0,89.0,1.66,1.0,3.0,1003.0,1001.0,1001.0,2456.4,184.0,53.4,0.0,0.7999872002047967,9.399505289195305,2.9472133045629176,24.564,25.7,0.026593599010359553,712.89,8464,4.0,1008016,433.1,72.18333333333334,-10.0,-5.0,0.09999999999999787
134,184.8,18.7,72.7,60.0,70.0,100,0.0,1004,88,27.2,1.2,2.0,2023,4,22,8,5,112,16,0.8660254037844387,-0.4999999999999998,0.8660254037844387,-0.4999999999999998,-0.9749279121818236,-0.2225209339563146,1,0,1,50.0,60.0,75.0,49.0,67.0,85.0,52.666666666666664,6.429100507328969,60.0,48.0,55.333333333333336,11.129540272026487,75.0,44.0,55.0,9.194860224356281,75.0,44.0,66.70833333333333,14.558664435480877,90.0,44.0,26.7,26.6,26.6,92.0,94.0,91.0,2.0,1.33,2.33,1004.0,1002.0,1001.0,2393.6,176.0,54.4,0.0,0.7999866668888852,9.881824501363564,3.887492647452008,23.936,26.2,0.027091606482463663,739.8399999999999,7744,4.0,1008016,454.2,75.7,-2.0,-27.0,0.5
137,191.0,18.3,89.3,61.3,73.0,100,0.0,1004,85,27.7,2.1,2.0,2023,4,22,9,5,112,16,0.7071067811865476,-0.7071067811865475,0.8660254037844387,-0.4999999999999998,-0.9749279121818236,-0.2225209339563146,1,0,1,48.0,50.0,60.0,44.0,68.0,66.0,49.0,1.0000000000025118,50.0,48.0,56.166666666666664,10.26482667494487,75.0,48.0,53.416666666666664,8.34983215218675,75.0,44.0,66.0,15.001449205356048,90.0,44.0,27.2,26.6,26.6,88.0,93.0,92.0,2.0,1.66,1.66,1004.0,1003.0,1001.0,2354.5,170.0,55.4,0.0,0.7993344317384709,10.436588164581169,4.87951478061308,23.545,26.7,0.027589613954567774,767.29,7225,4.0,1008016,481.90000000000003,80.31666666666668,1.0,-11.0,0.5
156,197.3,18.0,106.0,75.0,76.0,100,0.0,1005,81,28.2,4.4,2.0,2023,4,22,10,5,112,16,0.49999999999999994,-0.8660254037844387,0.8660254037844387,-0.4999999999999998,-0.9749279121818236,-0.2225209339563146,1,0,1,49.0,48.0,50.0,55.0,59.0,73.0,52.333333333333336,6.65832811847972,60.0,48.0,57.0,10.353743284435511,75.0,48.0,53.5,8.41535393303077,75.0,44.0,65.45833333333333,14.972377949052825,90.0,44.0,27.7,26.7,26.5,85.0,92.0,94.0,2.0,2.0,1.0,1004.0,1004.0,1001.0,2284.2,162.0,56.4,0.0,0.7999893334755536,10.960502194322537,5.888561746569635,22.842,27.2,0.028059673572464108,795.24,6561,4.0,1010025,532.3,88.71666666666665,11.0,10.0,0.5
153,199.8,14.7,139.7,72.5,73.0,100,0.0,1004,78,29.1,6.2,2.0,2023,4,22,11,5,112,16,0.258819045102521,-0.9659258262890682,0.8660254037844387,-0.4999999999999998,-0.9749279121818236,-0.2225209339563146,1,0,1,60.0,49.0,48.0,75.0,50.0,90.0,55.666666666666664,5.85946527708263,60.0,49.0,54.166666666666664,5.741660619251099,60.0,48.0,54.166666666666664,8.429745314100582,75.0,44.0,64.125,14.090738555643066,90.0,44.0,28.2,27.2,26.6,81.0,88.0,94.0,2.0,2.0,1.33,1005.0,1004.0,1002.0,2269.8,156.0,58.2,0.0,0.799988965669439,13.590912182844706,9.502754914631657,22.698,28.1,0.02898403487645929,846.8100000000001,6084,4.0,1008016,557.7,92.95,-2.0,10.0,0.9000000000000021
129,202.3,11.3,173.3,57.5,70.0,100,0.0,1003,75,29.9,9.4,2.0,2023,4,22,12,5,112,16,1.2246467991473532e-16,-1.0,0.8660254037844387,-0.4999999999999998,-0.9749279121818236,-0.2225209339563146,1,1,1,58.0,60.0,49.0,60.0,55.0,77.0,54.666666666666664,7.5718777944006215,60.0,46.0,51.833333333333336,5.741660619251012,60.0,46.0,53.416666666666664,8.743395776068034,75.0,44.0,62.833333333333336,14.278797497374281,90.0,44.0,29.1,27.7,26.6,78.0,85.0,93.0,2.0,2.0,1.66,1004.0,1004.0,1003.0,2242.5,150.0,59.8,0.0,0.7999860871984835,17.901070701707813,15.334926112733386,22.425,28.9,0.029810538573740206,894.0099999999999,5625,4.0,1006009,560.4000000000001,93.40000000000002,-12.0,-3.0,0.7999999999999972
153,204.8,8.0,207.0,68.8,67.0,100,0.0,1003,73,30.8,9.3,2.0,2023,4,22,13,5,112,16,-0.2588190451025208,-0.9659258262890683,0.8660254037844387,-0.4999999999999998,-0.9749279121818236,-0.2225209339563146,1,1,1,46.0,58.0,60.0,50.0,47.0,81.0,53.0,6.244997998398738,58.0,46.0,52.666666666666664,5.785038173310377,60.0,46.0,54.083333333333336,8.51157856669163,75.0,44.0,61.75,13.819488444568872,90.0,44.0,29.9,28.2,26.7,75.0,81.0,92.0,2.0,2.0,2.0,1003.0,1005.0,1004.0,2248.4,146.0,61.6,0.0,0.7994069853635848,25.59680039995001,25.871766029246345,22.484,29.8,0.03070784575488958,948.6400000000001,5329,4.0,1006009,610.6,101.76666666666667,9.0,-5.0,0.9000000000000021
137,206.2,10.3,205.0,61.3,67.7,100,0.0,1002,71,31.1,4.7,1.66,2023,4,22,14,5,112,16,-0.4999999999999997,-0.8660254037844388,0.8660254037844387,-0.4999999999999998,-0.9749279121818236,-0.2225209339563146,1,1,1,55.0,46.0,58.0,48.0,49.0,84.0,50.0,4.582575694956366,55.0,46.0,52.833333333333336,5.636192568273225,60.0,46.0,54.083333333333336,8.51157856669163,75.0,44.0,60.291666666666664,13.202368584155314,90.0,44.0,30.8,29.1,27.2,73.0,78.0,88.0,2.0,2.0,2.0,1003.0,1004.0,1004.0,2208.1,117.86,51.626,0.0,0.7993344317384709,20.01747403164741,19.900980487331328,22.081,30.270000000000003,0.031037893175755317,967.21,5041,2.7556,1004004,599.5,99.91666666666667,-6.0,-9.0,0.3000000000000007
150,207.6,12.7,203.0,67.5,68.3,100,0.0,1001,70,31.3,4.6,1.33,2023,4,22,15,5,112,16,-0.7071067811865471,-0.7071067811865479,0.8660254037844387,-0.4999999999999998,-0.9749279121818236,-0.2225209339563146,1,1,1,49.0,55.0,46.0,49.0,44.0,90.0,52.666666666666664,3.214550253664986,55.0,49.0,53.666666666666664,5.3166405432997506,60.0,46.0,54.916666666666664,7.902339507827055,75.0,46.0,58.791666666666664,11.631961839341246,83.0,44.0,31.1,29.9,27.7,71.0,75.0,85.0,1.66,2.0,2.0,1002.0,1003.0,1004.0,2191.0,93.10000000000001,41.629000000000005,0.0,0.7999881483237284,16.345169671679397,15.982993465081492,21.91,30.635,0.0312687000312687,979.69,4900,1.7689000000000001,1002001,613.0999999999999,102.18333333333332,5.0,8.0,0.1999999999999993
151,208.9,15.0,201.0,70.0,69.0,100,0.0,1000,69,31.6,1.8,1.0,2023,4,22,16,5,112,16,-0.8660254037844385,-0.5000000000000004,0.8660254037844387,-0.4999999999999998,-0.9749279121818236,-0.2225209339563146,1,1,1,54.0,49.0,55.0,60.0,55.0,83.0,53.0,3.6055512754645767,56.0,49.0,53.0,4.5607017003956445,58.0,46.0,55.0,7.908568425792951,75.0,46.0,57.666666666666664,10.432668868039073,78.0,44.0,31.3,30.8,28.2,70.0,73.0,81.0,1.33,2.0,2.0,1001.0,1003.0,1005.0,2180.4,69.0,31.6,0.0,0.7999885715918343,13.925738284114393,13.399106726218253,21.804000000000002,31.1,0.031599968400031604,998.5600000000001,4761,1.0,1000000,619.9,103.31666666666666,2.0,1.0,0.3000000000000007
148,237.3,35.0,150.7,66.3,71.3,75,0.0,1001,71,30.8,1.4,1.33,2023,4,22,17,5,112,16,-0.9659258262890683,-0.25881904510252063,0.8660254037844387,-0.4999999999999998,-0.9749279121818236,-0.2225209339563146,1,1,1,56.0,54.0,49.0,58.0,75.0,76.0,54.333333333333336,1.5275252316532484,56.0,53.0,52.166666666666664,3.8686776379866603,56.0,46.0,53.166666666666664,4.783177592227005,60.0,46.0,56.708333333333336,9.706471022475242,78.0,44.0,31.6,31.1,29.1,69.0,71.0,78.0,1.0,1.66,2.0,1000.0,1002.0,1004.0,2186.8,94.43,40.964000000000006,0.0,0.7993846246662946,6.779806291248822,4.305591268820891,21.868000000000002,30.135,0.030769200030769203,948.6400000000001,5041,1.7689000000000001,1002001,613.5999999999999,102.26666666666665,-3.0,4.0,-0.8000000000000007
165,265.7,55.0,100.3,83.8,73.7,50,0.0,1001,73,30.1,1.3,1.66,2023,4,22,18,5,112,16,-1.0,-1.8369701987210297e-16,0.8660254037844387,-0.4999999999999998,-0.9749279121818236,-0.2225209339563146,1,2,1,53.0,56.0,54.0,46.0,60.0,76.0,58.666666666666664,7.371114795832204,67.0,53.0,55.666666666666664,6.055300708194392,67.0,49.0,53.75,5.971523332373873,67.0,46.0,56.333333333333336,9.08255215361822,78.0,44.0,30.8,31.3,29.9,71.0,70.0,75.0,1.33,1.33,2.0,1001.0,1001.0,1003.0,2197.3,121.17999999999999,49.966,0.0,0.7995131323015239,4.8308212577953125,1.8236032072144144,21.973000000000003,29.270000000000003,0.0300699000300699,906.0100000000001,5329,2.7556,1002001,645.5,107.58333333333333,14.0,13.0,-0.6999999999999993
151,294.1,75.0,50.0,70.0,76.0,25,0.0,1002,75,29.3,0.0,2.0,2023,4,22,19,5,112,16,-0.9659258262890684,0.2588190451025203,0.8660254037844387,-0.4999999999999998,-0.9749279121818236,-0.2225209339563146,1,2,1,67.0,53.0,56.0,55.0,50.0,78.0,58.666666666666664,7.371114795832204,67.0,53.0,55.833333333333336,6.047037842337319,67.0,49.0,54.25,5.879471219265937,67.0,46.0,55.416666666666664,7.823691259727896,75.0,44.0,30.1,31.6,30.8,73.0,69.0,73.0,1.66,1.0,2.0,1001.0,1000.0,1003.0,2197.5,150.0,58.6,0.0,0.7999885715918343,3.9212810495860055,0.6666577778962947,21.975,28.3,0.029241487782946326,858.49,5625,4.0,1004004,621.1,103.51666666666667,-11.0,0.0,-0.8000000000000007
142,272.2,67.0,40.7,63.8,78.7,25,0.0,1003,79,28.7,0.0,2.33,2023,4,22,20,5,112,16,-0.8660254037844386,0.5000000000000001,0.8660254037844387,-0.4999999999999998,-0.9749279121818236,-0.2225209339563146,1,2,1,56.0,67.0,53.0,49.0,48.0,67.0,58.0,8.185352771872646,67.0,51.0,56.166666666666664,5.636192568273348,67.0,51.0,54.5,5.648813230147159,67.0,46.0,54.75,7.467320105983387,75.0,44.0,29.3,30.8,31.1,75.0,71.0,71.0,2.0,1.33,1.66,1002.0,1001.0,1002.0,2267.2999999999997,184.07,66.871,0.0,0.7993605115907275,4.062625930956254,0.6074536200952224,22.673,27.535,0.028614128998874378,823.6899999999999,6241,5.4289000000000005,1006009,573.4,95.56666666666666,-5.0,-2.0,-0.6000000000000014
139,250.2,59.0,31.3,62.5,81.3,25,0.0,1004,84,28.1,0.0,2.66,2023,4,22,21,5,112,16,-0.7071067811865477,0.7071067811865474,0.8660254037844387,-0.4999999999999998,-0.9749279121818236,-0.2225209339563146,1,2,1,51.0,56.0,67.0,54.0,49.0,68.0,52.333333333333336,3.2145502536649913,56.0,50.0,55.5,6.156297588647967,67.0,50.0,54.583333333333336,5.567083998146508,67.0,46.0,54.0,6.965754742340635,75.0,44.0,28.7,30.1,31.3,79.0,73.0,70.0,2.33,1.66,1.33,1003.0,1001.0,1001.0,2360.4,223.44,74.74600000000001,0.0,0.7999872002047967,4.24060609142218,0.5304994830596091,23.604,26.770000000000003,0.027988019932251064,789.6100000000001,7056,7.0756000000000006,1008016,534.3,89.05,-1.0,-17.0,-0.5999999999999979
139,228.2,51.0,22.0,62.5,84.0,25,0.0,1005,89,27.5,0.0,3.0,2023,4,22,22,5,112,16,-0.5000000000000004,0.8660254037844384,0.8660254037844387,-0.4999999999999998,-0.9749279121818236,-0.2225209339563146,1,3,1,50.0,51.0,56.0,56.0,60.0,59.0,50.333333333333336,0.5773502691937173,51.0,50.0,54.5,6.534523701081232,67.0,50.0,53.75,5.4292976274346385,67.0,46.0,53.625,6.927026465387592,75.0,44.0,28.1,29.3,31.6,84.0,75.0,69.0,2.66,2.0,1.0,1004.0,1002.0,1000.0,2447.5,267.0,82.5,0.0,0.7999872002047967,4.474422070155487,0.43136409090017847,24.475,26.0,0.027363156852580246,756.25,7921,9.0,1010025,497.7,82.95,0.0,-6.0,-0.6000000000000014
112,205.4,42.7,27.0,50.0,80.0,33,0.0,1005,89,27.5,0.0,2.33,2023,4,22,23,5,112,16,-0.25881904510252157,0.9659258262890681,0.8660254037844387,-0.4999999999999998,-0.9749279121818236,-0.2225209339563146,1,3,1,50.0,50.0,51.0,53.0,58.0,50.0,46.666666666666664,5.773502691896731,50.0,40.0,52.333333333333336,8.869423130432901,67.0,40.0,52.25,6.524429616309494,67.0,40.0,53.208333333333336,7.436567503350602,75.0,40.0,27.5,28.7,30.8,89.0,79.0,71.0,3.0,2.33,1.33,1005.0,1003.0,1001.0,2447.5,207.37,64.075,0.0,0.7999840003199936,4.810191798786914,0.6323036931219409,24.475,26.335,0.027363156852580246,756.25,7921,5.4289000000000005,1010025,445.1,74.18333333333334,-10.0,-11.0,0.0
112,182.7,34.3,32.0,50.0,76.0,41,0.0,1005,90,27.5,0.0,1.66,2023,4,23,0,6,113,16,0.0,1.0,0.8660254037844387,-0.4999999999999998,-0.7818314824680299,0.6234898018587334,1,3,1,40.0,50.0,50.0,67.0,46.0,55.0,43.333333333333336,5.773502691896789,50.0,40.0,47.833333333333336,6.462713568359374,56.0,40.0,51.75,7.237842471093044,67.0,40.0,52.583333333333336,7.895605088284938,75.0,40.0,27.5,28.1,30.1,89.0,84.0,73.0,2.33,2.66,1.66,1005.0,1004.0,1001.0,2475.0,149.4,45.65,0.0,0.7999840003199936,5.326375324334568,0.9329174076557536,24.75,26.67,0.027363156852580246,756.25,8100,2.7556,1010025,415.0,69.16666666666667,0.0,-10.0,0.0
107,159.9,26.0,37.0,47.5,72.0,50,0.0,1005,90,27.5,0.0,1.0,2023,4,23,1,6,113,16,0.25881904510252074,0.9659258262890683,0.8660254037844387,-0.4999999999999998,-0.7818314824680299,0.6234898018587334,1,3,1,40.0,40.0,50.0,56.0,55.0,47.0,39.333333333333336,1.1547005383822535,40.0,38.0,44.833333333333336,6.080021929784064,51.0,38.0,50.333333333333336,8.15010689649142,67.0,38.0,52.208333333333336,8.371687101626666,75.0,38.0,27.5,27.5,29.3,90.0,89.0,75.0,1.66,3.0,2.0,1005.0,1005.0,1002.0,2475.0,90.0,27.5,0.0,0.7999831582493001,6.149763470635745,1.4230221914541747,24.75,27.0,0.027363156852580246,756.25,8100,1.0,1010025,380.4,63.4,-2.0,-12.0,0.0
102,150.0,20.7,42.0,45.0,69.0,54,0.0,1004,90,27.5,0.0,1.33,2023,4,23,2,6,113,16,0.49999999999999994,0.8660254037844387,0.8660254037844387,-0.4999999999999998,-0.7818314824680299,0.6234898018587334,1,3,1,38.0,40.0,40.0,51.0,49.0,49.0,38.0,2.0000000000017986,40.0,36.0,42.333333333333336,6.121002096605924,50.0,36.0,49.25,9.146534366036432,67.0,36.0,51.666666666666664,8.986301975140373,75.0,36.0,27.5,27.5,28.7,90.0,89.0,79.0,1.0,2.33,2.33,1005.0,1005.0,1003.0,2475.0,119.7,36.575,0.0,0.7999822226172753,7.246026761992174,2.028887493357809,24.75,26.835,0.02739041096572613,756.25,8100,1.7689000000000001,1008016,362.7,60.449999999999996,-2.0,-4.0,0.0
93,140.1,15.3,47.0,40.0,66.0,58,0.0,1004,90,27.6,0.0,1.66,2023,4,23,3,6,113,16,0.7071067811865476,0.7071067811865476,0.8660254037844387,-0.4999999999999998,-0.7818314824680299,0.6234898018587334,1,3,1,36.0,38.0,40.0,50.0,54.0,44.0,35.333333333333336,3.055050463305157,38.0,32.0,39.333333333333336,6.022181221671506,50.0,32.0,47.416666666666664,10.246581100172818,67.0,32.0,51.166666666666664,9.734147275874333,75.0,32.0,27.5,27.5,28.1,90.0,90.0,84.0,1.33,1.66,2.66,1004.0,1005.0,1004.0,2484.0,149.4,45.816,0.0,0.7999800004999875,9.156264296451212,3.0716946604797073,24.84,26.770000000000003,0.027490012460146953,761.7600000000001,8100,2.7556,1008016,340.4,56.73333333333333,-4.0,-8.0,0.10000000000000142
115,130.1,10.0,52.0,51.3,63.0,62,0.0,1004,89,27.6,0.0,2.0,2023,4,23,4,6,113,16,0.8660254037844386,0.5000000000000001,0.8660254037844387,-0.4999999999999998,-0.7818314824680299,0.6234898018587334,1,3,1,32.0,36.0,38.0,50.0,56.0,55.0,36.333333333333336,4.509249752823728,41.0,32.0,37.833333333333336,3.3714487489286125,41.0,32.0,46.166666666666664,10.01665280087754,67.0,32.0,50.583333333333336,9.912296564793229,75.0,32.0,27.6,27.5,27.5,90.0,90.0,89.0,1.66,1.0,3.0,1004.0,1005.0,1005.0,2456.4,178.0,55.2,0.0,0.7992046938656168,13.008699130086992,5.199480051994801,24.564,26.6,0.027490012460146953,761.7600000000001,7921,4.0,1008016,347.4,57.9,9.0,3.0,0.0
112,137.9,11.3,54.0,50.0,59.7,75,0.0,1006,88,27.4,0.0,2.0,2023,4,23,5,6,113,16,0.9659258262890683,0.25881904510252074,0.8660254037844387,-0.4999999999999998,-0.7818314824680299,0.6234898018587334,1,3,1,41.0,32.0,36.0,40.0,53.0,75.0,37.666666666666664,4.9328828623169825,41.0,32.0,37.833333333333336,3.3714487489286125,41.0,32.0,45.083333333333336,9.912878064172183,67.0,32.0,49.125,8.65931265471917,67.0,32.0,27.6,27.5,27.5,89.0,90.0,89.0,2.0,1.33,2.33,1004.0,1004.0,1005.0,2411.2,176.0,54.8,0.0,0.7999840003199936,12.202459959295638,4.778338200159278,24.112,26.4,0.02723655344278982,750.7599999999999,7744,4.0,1012036,352.90000000000003,58.81666666666667,-1.0,4.0,-0.20000000000000284
142,145.7,12.7,56.0,63.8,56.3,87,0.0,1007,86,27.2,0.7,2.0,2023,4,23,6,6,113,16,1.0,6.123233995736766e-17,0.8660254037844387,-0.4999999999999998,-0.7818314824680299,0.6234898018587334,1,0,1,40.0,41.0,32.0,40.0,67.0,60.0,44.0,6.082762530298712,51.0,40.0,39.666666666666664,6.408327915037825,51.0,32.0,43.75,7.472677504810685,56.0,32.0,48.75,8.357501186775991,67.0,32.0,27.4,27.6,27.5,88.0,90.0,90.0,2.0,1.66,1.66,1006.0,1004.0,1005.0,2339.2,172.0,54.4,0.0,0.7993605115907275,11.471537674198883,4.409101645539722,23.392,26.2,0.027010896712118457,739.8399999999999,7396,4.0,1014049,385.5,64.25,11.0,19.0,-0.1999999999999993
167,153.5,14.0,58.0,85.0,53.0,100,0.0,1008,84,27.0,0.8,2.0,2023,4,23,7,6,113,16,0.9659258262890683,-0.25881904510252063,0.8660254037844387,-0.4999999999999998,-0.7818314824680299,0.6234898018587334,1,0,1,51.0,40.0,41.0,38.0,56.0,50.0,53.0,14.106735979666034,68.0,40.0,44.666666666666664,13.079245645932911,68.0,32.0,44.75,9.724617309600228,68.0,32.0,49.5,9.236035287183167,68.0,32.0,27.2,27.6,27.5,86.0,89.0,90.0,2.0,2.0,1.0,1007.0,1004.0,1005.0,2268.0,168.0,54.0,0.0,0.7999905883460194,10.963502606956647,4.142561245625313,22.68,26.0,0.026785687712611396,729.0,7056,4.0,1016064,431.5,71.91666666666667,17.0,27.0,-0.1999999999999993
181,164.2,16.0,64.7,98.8,56.0,100,0.0,1008,84,27.4,1.2,2.33,2023,4,23,8,6,113,16,0.8660254037844387,-0.4999999999999998,0.8660254037844387,-0.4999999999999998,-0.7818314824680299,0.6234898018587334,1,0,1,68.0,51.0,40.0,36.0,51.0,48.0,66.0,14.106735979665944,79.0,51.0,51.833333333333336,18.170488894541553,79.0,32.0,47.083333333333336,13.846288201886148,79.0,32.0,50.791666666666664,11.013743061824618,79.0,32.0,27.0,27.4,27.5,84.0,88.0,90.0,2.0,2.0,1.33,1008.0,1006.0,1004.0,2301.6,195.72,63.842,0.0,0.7995870487140818,10.261858633835384,4.043497281419911,23.016,26.235,0.027182512715761192,750.7599999999999,7056,5.4289000000000005,1016064,478.7,79.78333333333333,11.0,39.0,0.3999999999999986
173,174.9,18.0,71.3,91.3,59.0,100,0.0,1009,84,27.9,2.0,2.66,2023,4,23,9,6,113,16,0.7071067811865476,-0.7071067811865475,0.8660254037844387,-0.4999999999999998,-0.7818314824680299,0.6234898018587334,1,0,1,79.0,68.0,51.0,32.0,50.0,49.0,73.33333333333333,5.507570547286106,79.0,68.0,58.666666666666664,16.883917396939033,79.0,40.0,49.0,15.748015748023452,79.0,32.0,51.791666666666664,11.898042099316486,79.0,32.0,27.4,27.2,27.6,84.0,86.0,90.0,2.33,2.0,1.66,1008.0,1007.0,1004.0,2343.6,223.44,74.214,0.0,0.7995531264717801,9.716126881839898,3.960891061607688,23.436,26.57,0.027651112337847037,778.41,7056,7.0756000000000006,1018081,487.5,81.25,-6.0,22.0,0.5
118,185.6,20.0,78.0,52.5,62.0,100,0.0,1009,83,28.3,2.8,3.0,2023,4,23,10,6,113,16,0.49999999999999994,-0.8660254037844387,0.8660254037844387,-0.4999999999999998,-0.7818314824680299,0.6234898018587334,1,0,1,73.0,79.0,68.0,41.0,50.0,60.0,64.66666666666667,19.85782801147536,79.0,42.0,58.833333333333336,16.678329252855654,79.0,40.0,48.333333333333336,15.87068958422357,79.0,32.0,51.041666666666664,11.925417380962012,79.0,32.0,27.9,27.0,27.6,84.0,84.0,89.0,2.66,2.0,2.0,1009.0,1008.0,1004.0,2348.9,249.0,84.9,0.0,0.7999847621950058,9.279536023198839,3.8998050097495125,23.489,26.8,0.028047544055952375,800.89,6889,9.0,1018081,440.1,73.35000000000001,-31.0,-26.0,0.40000000000000213
118,182.3,16.0,110.3,52.5,57.7,91,0.0,1009,78,29.1,3.6,3.0,2023,4,23,11,6,113,16,0.258819045102521,-0.9659258262890682,0.8660254037844387,-0.4999999999999998,-0.7818314824680299,0.6234898018587334,1,0,1,42.0,73.0,79.0,40.0,40.0,58.0,52.333333333333336,17.897858344878532,73.0,42.0,59.166666666666664,16.24089488503207,79.0,42.0,48.5,15.785493916308505,79.0,32.0,50.375,11.966665657422185,79.0,32.0,28.3,27.4,27.4,83.0,84.0,88.0,3.0,2.33,2.0,1009.0,1008.0,1006.0,2269.8,234.0,87.30000000000001,0.0,0.7999847621950058,11.393037935129055,6.893319167552027,22.698,27.6,0.02884040749216304,846.8100000000001,6084,9.0,1018081,460.8,76.8,0.0,-37.0,0.8000000000000007
121,179.0,12.0,142.7,53.8,53.3,83,0.0,1008,74,30.0,5.6,3.0,2023,4,23,12,6,113,16,1.2246467991473532e-16,-1.0,0.8660254037844387,-0.4999999999999998,-0.7818314824680299,0.6234898018587334,1,1,1,42.0,42.0,73.0,51.0,40.0,46.0,42.333333333333336,0.5773502691957146,43.0,42.0,57.833333333333336,17.33685861586984,79.0,42.0,48.75,15.661910948075562,79.0,32.0,50.25,12.029854168041838,79.0,32.0,29.1,27.9,27.2,78.0,84.0,86.0,3.0,2.66,2.0,1009.0,1009.0,1007.0,2220.0,222.0,90.0,0.0,0.7992416497834613,14.915423714690442,11.890675777018581,22.2,28.5,0.029761875236234886,900.0,5476,9.0,1016064,483.8,80.63333333333334,1.0,-30.0,0.8999999999999986
139,175.7,8.0,175.0,62.5,49.0,75,0.0,1007,70,30.8,9.2,3.0,2023,4,23,13,6,113,16,-0.2588190451025208,-0.9659258262890683,0.8660254037844387,-0.4999999999999998,-0.7818314824680299,0.6234898018587334,1,1,1,43.0,42.0,42.0,68.0,38.0,55.0,45.0,4.358898943541409,50.0,42.0,54.833333333333336,16.773987798572502,79.0,42.0,49.75,15.291857607593126,79.0,32.0,50.041666666666664,11.98723656977353,79.0,32.0,30.0,28.3,27.0,74.0,83.0,84.0,3.0,3.0,2.0,1008.0,1009.0,1008.0,2156.0,210.0,92.4,0.0,0.7999872002047967,21.95975503062117,21.872265966754156,21.56,29.3,0.030585868335781197,948.6400000000001,4900,9.0,1014049,520.2,86.7,7.0,8.0,0.8000000000000007
157,174.1,9.3,173.7,76.3,50.7,66,0.0,1006,69,30.9,7.5,2.66,2023,4,23,14,6,113,16,-0.4999999999999997,-0.8660254037844388,0.8660254037844387,-0.4999999999999998,-0.7818314824680299,0.6234898018587334,1,1,1,50.0,43.0,42.0,79.0,36.0,49.0,51.333333333333336,9.07377172587774,61.0,43.0,51.833333333333336,12.703018014104288,73.0,42.0,51.833333333333336,14.947382460626248,79.0,32.0,50.541666666666664,12.19044232413151,79.0,32.0,30.8,29.1,27.4,70.0,78.0,84.0,3.0,3.0,2.33,1007.0,1009.0,1008.0,2132.1,183.54000000000002,82.194,0.0,0.7994652756844602,18.718417374475862,18.675411246102566,21.320999999999998,29.57,0.030715675232927203,954.81,4761,7.0756000000000006,1012036,545.1,90.85000000000001,11.0,19.0,0.09999999999999787
134,172.6,10.7,172.3,60.0,52.3,58,0.0,1006,69,31.1,4.9,2.33,2023,4,23,15,6,113,16,-0.7071067811865471,-0.7071067811865479,0.8660254037844387,-0.4999999999999998,-0.7818314824680299,0.6234898018587334,1,1,1,61.0,50.0,43.0,73.0,32.0,54.0,53.0,7.000000000000331,61.0,48.0,47.666666666666664,7.33939143707818,61.0,42.0,53.166666666666664,13.677010128701406,79.0,40.0,50.291666666666664,12.17795287525329,79.0,32.0,30.9,30.0,27.9,69.0,74.0,84.0,2.66,3.0,2.66,1006.0,1008.0,1009.0,2145.9,160.77,72.46300000000001,0.0,0.7999866668888852,16.129333707130176,16.101298944023927,21.459,29.935000000000002,0.03091448219236363,967.21,4761,5.4289000000000005,1012036,515.9,85.98333333333333,-13.0,5.0,0.20000000000000284
121,171.0,12.0,171.0,53.8,54.0,50,0.0,1005,68,31.2,2.8,2.0,2023,4,23,16,6,113,16,-0.8660254037844385,-0.5000000000000004,0.8660254037844387,-0.4999999999999998,-0.7818314824680299,0.6234898018587334,1,1,1,48.0,61.0,50.0,42.0,41.0,56.0,50.666666666666664,9.291573243177847,61.0,43.0,47.833333333333336,7.194905605124822,61.0,42.0,53.333333333333336,13.526629179869305,79.0,40.0,49.75,12.202102456045507,79.0,32.0,31.1,30.8,28.3,69.0,70.0,83.0,2.33,3.0,3.0,1006.0,1007.0,1009.0,2121.6,136.0,62.4,0.0,0.7992416497834613,14.248812598950089,14.248812598950089,21.215999999999998,30.2,0.031044745229109223,973.4399999999999,4624,4.0,1010025,504.8,84.13333333333334,-5.0,-7.0,0.09999999999999787
131,216.5,38.0,124.7,58.8,61.7,45,0.0,1005,72,30.3,2.0,2.0,2023,4,23,17,6,113,16,-0.9659258262890683,-0.25881904510252063,0.8660254037844387,-0.4999999999999998,-0.7818314824680299,0.6234898018587334,1,1,1,43.0,48.0,61.0,42.0,40.0,53.0,46.0,2.645751311065764,48.0,43.0,48.666666666666664,6.653319973265743,61.0,43.0,53.916666666666664,13.041600106326223,79.0,42.0,49.5,12.194082670456138,79.0,32.0,31.2,30.9,29.1,68.0,69.0,78.0,2.0,2.66,3.0,1005.0,1006.0,1009.0,2181.6,144.0,60.6,0.0,0.7993061342494175,5.697218494250151,3.2814925923002027,21.816,29.3,0.03014922373211569,918.09,5184,4.0,1010025,546.7,91.11666666666667,4.0,-14.0,-0.8999999999999986
131,262.0,64.0,78.3,58.8,69.3,41,0.0,1005,76,29.4,1.7,2.0,2023,4,23,18,6,113,16,-1.0,-1.8369701987210297e-16,0.8660254037844387,-0.4999999999999998,-0.7818314824680299,0.6234898018587334,1,2,1,47.0,43.0,48.0,43.0,51.0,67.0,45.666666666666664,2.3094010767598645,47.0,43.0,49.333333333333336,6.153589738246865,61.0,43.0,53.583333333333336,13.173377652973954,79.0,42.0,48.666666666666664,11.615831275973735,79.0,32.0,30.3,31.1,30.0,72.0,69.0,74.0,2.0,2.33,3.0,1005.0,1006.0,1008.0,2234.4,152.0,58.8,0.0,0.7993061342494175,4.093686036155685,1.2234183840877484,22.344,28.4,0.029253702235122154,864.3599999999999,5776,4.0,1010025,579.4,96.56666666666666,0.0,-1.0,-0.9000000000000021
131,307.6,90.0,32.0,58.8,77.0,37,0.0,1006,80,28.5,0.0,2.0,2023,4,23,19,6,113,16,-0.9659258262890684,0.2588190451025203,0.8660254037844387,-0.4999999999999998,-0.7818314824680299,0.6234898018587334,1,2,1,47.0,47.0,43.0,50.0,68.0,56.0,47.0,0.0,47.0,47.0,48.833333333333336,6.210206652492085,61.0,43.0,51.833333333333336,12.459631785988663,79.0,42.0,48.291666666666664,11.51361827563807,79.0,32.0,29.4,31.2,30.8,76.0,68.0,70.0,2.0,2.0,3.0,1005.0,1005.0,1007.0,2280.0,160.0,57.0,0.0,0.7993061342494175,3.417739802891079,0.35555160498216687,22.8,27.5,0.02832999171969014,812.25,6400,4.0,1012036,612.4000000000001,102.06666666666668,0.0,4.0,-0.8999999999999986
134,264.8,76.0,26.0,60.0,81.3,33,0.0,1006,82,28.1,0.0,1.66,2023,4,23,20,6,113,16,-0.8660254037844386,0.5000000000000001,0.8660254037844387,-0.4999999999999998,-0.7818314824680299,0.6234898018587334,1,2,1,47.0,47.0,47.0,61.0,79.0,51.0,47.333333333333336,0.5773502691947439,48.0,47.0,46.666666666666664,1.8618986724997084,48.0,43.0,49.25,9.066672237074648,73.0,42.0,48.166666666666664,11.499212323371392,79.0,32.0,28.5,30.3,30.9,80.0,72.0,69.0,2.0,2.0,2.66,1006.0,1005.0,1006.0,2304.2000000000003,136.12,46.646,0.0,0.7999866668888852,3.4841646820436574,0.34210076183208116,23.042,27.270000000000003,0.0279323778008173,789.6100000000001,6724,2.7556,1012036,556.1,92.68333333333334,1.0,1.0,-0.3999999999999986
165,222.0,62.0,20.0,83.8,85.7,29,0.0,1007,84,27.8,0.0,1.33,2023,4,23,21,6,113,16,-0.7071067811865477,0.7071067811865474,0.8660254037844387,-0.4999999999999998,-0.7818314824680299,0.6234898018587334,1,2,1,48.0,47.0,47.0,48.0,73.0,50.0,54.0,11.269427669584838,67.0,47.0,49.833333333333336,8.588752334690836,67.0,43.0,48.75,7.70035418311712,67.0,42.0,48.875,12.123683254365378,79.0,32.0,28.1,29.4,31.1,82.0,76.0,69.0,1.66,2.0,2.33,1006.0,1005.0,1006.0,2335.2000000000003,111.72,36.974000000000004,0.0,0.7995131323015239,3.580587409880486,0.3225754423315753,23.352000000000004,27.135,0.027606725316062248,772.84,7056,1.7689000000000001,1014049,540.5,90.08333333333333,19.0,20.0,-0.3000000000000007
115,179.2,48.0,14.0,51.3,90.0,25,0.0,1008,86,27.4,0.0,1.0,2023,4,23,22,6,113,16,-0.5000000000000004,0.8660254037844384,0.8660254037844387,-0.4999999999999998,-0.7818314824680299,0.6234898018587334,1,3,1,67.0,48.0,47.0,43.0,42.0,50.0,52.0,13.45362404707389,67.0,41.0,49.5,8.938679992034087,67.0,41.0,48.666666666666664,7.784989441614894,67.0,41.0,48.5,12.226130249165955,79.0,32.0,27.8,28.5,31.2,84.0,80.0,68.0,1.33,2.0,2.0,1007.0,1006.0,1005.0,2356.4,86.0,27.4,0.0,0.7992046938656168,3.7332555571758923,0.2916605904043666,23.564,26.9,0.027182512715761192,750.7599999999999,7396,1.0,1016064,423.5,70.58333333333333,-26.0,-6.0,-0.40000000000000213
95,163.2,41.7,15.7,41.3,85.7,29,0.0,1008,88,27.1,0.0,1.33,2023,4,23,23,6,113,16,-0.25881904510252157,0.9659258262890681,0.8660254037844387,-0.4999999999999998,-0.7818314824680299,0.6234898018587334,1,3,1,41.0,67.0,48.0,47.0,42.0,40.0,47.0,17.776388834631348,67.0,33.0,47.166666666666664,11.250185183660594,67.0,33.0,47.916666666666664,8.846759379295126,67.0,33.0,48.208333333333336,12.517741033417956,79.0,32.0,27.4,28.1,30.3,86.0,82.0,72.0,1.0,1.66,2.0,1008.0,1006.0,1005.0,2384.8,117.04,36.043000000000006,0.0,0.7990121304568898,3.9135752140236444,0.3764897724275197,23.848000000000003,26.435000000000002,0.026884893963398847,734.4100000000001,7744,1.7689000000000001,1016064,380.59999999999997,63.43333333333333,-8.0,-15.0,-0.29999999999999716
95,147.3,35.3,17.3,41.3,81.3,33,0.0,1008,90,26.9,0.0,1.66,2023,4,24,0,0,114,17,0.0,1.0,0.8660254037844387,-0.4999999999999998,0.0,1.0,1,3,0,33.0,41.0,67.0,47.0,43.0,40.0,35.666666666666664,4.618802153517944,41.0,33.0,44.833333333333336,12.655697004379315,67.0,33.0,47.083333333333336,9.774347998095504,67.0,33.0,47.916666666666664,12.795776024062647,79.0,32.0,27.1,27.8,29.4,88.0,84.0,76.0,1.33,1.33,2.0,1008.0,1007.0,1005.0,2421.0,149.4,44.653999999999996,0.0,0.7990121304568898,4.1726863261663985,0.4900711028016204,24.21,26.07,0.026686481461823945,723.6099999999999,8100,2.7556,1016064,355.50000000000006,59.25000000000001,0.0,-34.0,-0.20000000000000284
98,131.3,29.0,19.0,42.5,77.0,37,0.0,1008,92,26.6,0.0,2.0,2023,4,24,1,0,114,17,0.25881904510252074,0.9659258262890683,0.8660254037844387,-0.4999999999999998,0.0,1.0,1,3,0,33.0,33.0,41.0,47.0,50.0,38.0,33.333333333333336,0.5773502691975853,34.0,33.0,42.666666666666664,13.306639946532512,67.0,33.0,45.75,10.410877179006505,67.0,33.0,47.75,12.955609830762963,79.0,32.0,26.9,27.4,28.5,90.0,86.0,80.0,1.66,1.0,2.0,1008.0,1008.0,1006.0,2447.2000000000003,184.0,53.2,0.0,0.7999811769134845,4.527430088617634,0.6551498224199165,24.472,25.6,0.0263888627094616,707.5600000000001,8464,4.0,1016064,332.8,55.46666666666667,1.0,-7.0,-0.29999999999999716
85,119.6,23.0,23.7,35.0,72.7,54,0.0,1008,92,26.5,0.0,1.66,2023,4,24,2,0,114,17,0.49999999999999994,0.8660254037844387,0.8660254037844387,-0.4999999999999998,0.0,1.0,1,3,0,34.0,33.0,33.0,48.0,61.0,36.0,31.666666666666668,3.214550253665807,34.0,28.0,39.333333333333336,14.179797835887983,67.0,28.0,43.0,10.374794631044917,67.0,28.0,47.416666666666664,13.367438266066795,79.0,28.0,26.6,27.1,28.1,92.0,88.0,82.0,2.0,1.33,1.66,1008.0,1008.0,1006.0,2438.0,152.72,43.989999999999995,0.0,0.7999771435101855,5.199773922872918,1.0303899830442154,24.38,25.67,0.02628965645867415,702.25,8464,2.7556,1016064,302.0,50.333333333333336,-6.0,-5.0,-0.10000000000000142
93,108.0,17.0,28.3,40.0,68.3,70,0.0,1008,93,26.5,0.0,1.33,2023,4,24,3,0,114,17,0.7071067811865476,0.7071067811865476,0.8660254037844387,-0.4999999999999998,0.0,1.0,1,3,0,28.0,34.0,33.0,67.0,48.0,32.0,31.333333333333332,3.0550504633054723,34.0,28.0,33.5,4.230839160259429,41.0,28.0,41.666666666666664,10.6969267747441,67.0,28.0,47.416666666666664,13.367438266066795,79.0,28.0,26.5,26.9,27.8,92.0,90.0,84.0,1.66,1.66,1.33,1008.0,1008.0,1007.0,2464.5,123.69000000000001,35.245000000000005,0.0,0.7999800004999875,6.3525674960296445,1.6646079642373977,24.645,25.835,0.02628965645867415,702.25,8649,1.7689000000000001,1016064,293.6,48.93333333333334,4.0,-1.0,0.0
110,96.3,11.0,33.0,48.8,64.0,87,0.0,1007,94,26.4,0.0,1.0,2023,4,24,4,0,114,17,0.8660254037844386,0.5000000000000001,0.8660254037844387,-0.4999999999999998,0.0,1.0,1,3,0,32.0,28.0,34.0,41.0,43.0,41.0,33.0,5.567764362830854,39.0,28.0,33.166666666666664,3.5449494589699384,39.0,28.0,41.333333333333336,10.713910527341246,67.0,28.0,47.333333333333336,13.41532759543199,79.0,28.0,26.5,26.6,27.4,93.0,92.0,86.0,1.33,2.0,1.0,1008.0,1008.0,1008.0,2481.6,94.0,26.4,0.0,0.7991639515583698,8.753749659121898,2.9997272975184077,24.816,25.9,0.026216458573526738,696.9599999999999,8836,1.0,1014049,292.1,48.68333333333334,7.0,5.0,-0.10000000000000142
121,107.2,12.7,35.0,53.8,62.3,83,0.0,1008,93,26.5,0.0,1.33,2023,4,24,5,0,114,17,0.9659258262890683,0.25881904510252074,0.8660254037844387,-0.4999999999999998,0.0,1.0,1,3,0,39.0,32.0,28.0,33.0,47.0,40.0,38.0,5.56776436283075,43.0,32.0,34.833333333333336,5.344779384282563,43.0,28.0,41.0,10.583005244258116,67.0,28.0,47.458333333333336,13.35788048361334,79.0,28.0,26.4,26.5,27.1,94.0,92.0,88.0,1.0,1.66,1.33,1007.0,1008.0,1008.0,2464.5,123.69000000000001,35.245000000000005,0.0,0.7992416497834613,8.440280292890325,2.755688528462326,24.645,25.835,0.02628965645867415,702.25,8649,1.7689000000000001,1016064,314.0,52.333333333333336,4.0,15.0,0.10000000000000142
107,118.1,14.3,37.0,47.5,60.7,79,0.0,1009,93,26.5,0.6,1.66,2023,4,24,6,0,114,17,1.0,6.123233995736766e-17,0.8660254037844387,-0.4999999999999998,0.0,1.0,1,0,0,43.0,39.0,32.0,33.0,47.0,51.0,40.0,2.645751311066035,43.0,38.0,35.666666666666664,5.391351098440189,43.0,28.0,40.25,10.437040681237809,67.0,28.0,46.916666666666664,13.471117789283818,79.0,28.0,26.5,26.5,26.9,93.0,93.0,90.0,1.33,1.33,1.66,1008.0,1008.0,1008.0,2464.5,154.38,43.989999999999995,0.0,0.7999831582493001,8.258163764771695,2.58723166212153,24.645,25.67,0.026263601324478372,702.25,8649,2.7556,1018081,315.6,52.6,-5.0,6.0,0.0
107,129.0,16.0,39.0,47.5,59.0,75,0.0,1010,93,26.6,0.8,2.0,2023,4,24,7,0,114,17,0.9659258262890683,-0.25881904510252063,0.8660254037844387,-0.4999999999999998,0.0,1.0,1,0,0,38.0,43.0,39.0,34.0,47.0,68.0,39.666666666666664,2.8867513459494654,43.0,38.0,36.333333333333336,5.391351098440213,43.0,28.0,39.5,10.229191739153121,67.0,28.0,45.666666666666664,12.8051167309306,79.0,28.0,26.5,26.4,26.6,93.0,94.0,92.0,1.66,1.0,2.0,1009.0,1007.0,1008.0,2473.8,186.0,53.2,0.0,0.7999831582493001,8.061996125242171,2.437347665770889,24.738000000000003,25.6,0.02633660758751724,707.5600000000001,8649,4.0,1020100,328.5,54.75,0.0,-1.0,0.10000000000000142
98,144.5,18.0,46.7,42.5,56.7,75,0.0,1010,86,27.7,1.4,1.33,2023,4,24,8,0,114,17,0.8660254037844387,-0.4999999999999998,0.8660254037844387,-0.4999999999999998,0.0,1.0,1,0,0,38.0,38.0,43.0,28.0,48.0,79.0,36.666666666666664,2.3094010767603215,38.0,34.0,37.333333333333336,3.8815804341341287,43.0,32.0,38.333333333333336,9.966610925150443,67.0,28.0,43.791666666666664,10.858693838766376,73.0,28.0,26.6,26.5,26.5,93.0,93.0,92.0,2.0,1.33,1.66,1010.0,1008.0,1008.0,2382.2,114.38000000000001,36.841,0.0,0.7999811769134845,8.027331814899172,2.594300316649075,23.822,27.035,0.027425715420083742,767.29,7396,1.7689000000000001,1020100,342.4,57.06666666666666,-4.0,-9.0,1.0999999999999979
102,160.1,20.0,54.3,45.0,54.3,75,0.5,1011,79,28.8,2.3,0.66,2023,4,24,9,0,114,17,0.7071067811865476,-0.7071067811865475,0.8660254037844387,-0.4999999999999998,0.0,1.0,1,0,0,34.0,38.0,38.0,32.0,67.0,73.0,36.0,2.0000000000021374,38.0,34.0,38.0,3.0331501776183933,43.0,34.0,35.75,4.2238500317724315,43.0,28.0,42.25,8.99879218948687,67.0,28.0,27.7,26.5,26.5,86.0,93.0,93.0,1.33,1.66,1.33,1010.0,1009.0,1008.0,2275.2000000000003,52.14,19.008000000000003,37.5,0.7999822226172753,8.004599770011499,2.7148642567871604,22.752000000000002,28.470000000000002,0.02848661870759772,829.44,6241,0.43560000000000004,1022121,369.7,61.61666666666667,2.0,-2.0,1.1000000000000014
104,175.7,22.0,62.0,46.3,52.0,75,0.5,1011,73,29.9,4.3,2.8,2023,4,24,10,0,114,17,0.49999999999999994,-0.8660254037844387,0.8660254037844387,-0.4999999999999998,0.0,1.0,1,0,0,36.0,34.0,38.0,39.0,41.0,42.0,35.666666666666664,1.5275252316547712,37.0,34.0,37.666666666666664,3.0110906108340587,43.0,34.0,35.416666666666664,3.9186809778362277,43.0,28.0,42.041666666666664,9.062484382795395,67.0,28.0,28.8,26.6,26.4,79.0,93.0,94.0,0.66,2.0,1.0,1011.0,1010.0,1007.0,2182.7,204.39999999999998,83.71999999999998,37.5,0.799118809528952,7.986000636334711,2.818053724830689,21.826999999999998,28.5,0.02957464928323513,894.0099999999999,5329,7.839999999999999,1022121,395.0,65.83333333333333,1.0,-1.0,1.0999999999999979
110,162.8,17.7,82.7,48.8,49.0,75,2.5,1011,70,30.4,6.9,1.0,2023,4,24,11,0,114,17,0.258819045102521,-0.9659258262890682,0.8660254037844387,-0.4999999999999998,0.0,1.0,1,0,0,37.0,36.0,34.0,43.0,33.0,42.0,37.333333333333336,1.5275252316546484,39.0,36.0,37.0,1.7888543819959444,39.0,34.0,35.916666666666664,3.964807305493149,43.0,28.0,41.916666666666664,9.083748827088286,67.0,28.0,29.9,27.7,26.5,73.0,86.0,93.0,2.8,1.33,1.33,1011.0,1010.0,1008.0,2128.0,70.0,30.4,187.5,0.7991639515583698,9.197220496017174,4.672052426416586,21.28,29.9,0.03006920863579759,924.16,4900,1.0,1022121,400.0,66.66666666666667,2.0,5.0,0.5
121,150.0,13.3,103.3,53.8,46.0,75,5.0,1010,67,31.0,8.6,2.0,2023,4,24,12,0,114,17,1.2246467991473532e-16,-1.0,0.8660254037844387,-0.4999999999999998,0.0,1.0,1,1,0,39.0,37.0,36.0,38.0,33.0,43.0,39.666666666666664,3.0550504633051574,43.0,37.0,37.833333333333336,3.060501048301255,43.0,34.0,36.75,4.330127018921599,43.0,28.0,41.916666666666664,9.083748827088286,67.0,28.0,30.4,28.8,26.5,70.0,79.0,93.0,1.0,0.66,1.66,1011.0,1011.0,1009.0,2077.0,134.0,62.0,375.0,0.7992416497834613,11.277347567852042,7.766333358394105,20.77,30.0,0.03069303891778325,961.0,4489,4.0,1020100,409.40000000000003,68.23333333333333,4.0,7.0,0.6000000000000014
112,137.1,9.0,124.0,50.0,43.0,75,3.5,1009,64,31.5,7.8,3.0,2023,4,24,13,0,114,17,-0.2588190451025208,-0.9659258262890683,0.8660254037844387,-0.4999999999999998,0.0,1.0,1,1,0,43.0,39.0,37.0,38.0,34.0,50.0,40.666666666666664,2.0816659994679334,43.0,39.0,38.166666666666664,3.1885210782827222,43.0,34.0,37.25,4.330127018921597,43.0,28.0,41.5,8.924806659701266,67.0,28.0,31.0,29.9,26.6,67.0,73.0,93.0,2.0,2.8,2.0,1010.0,1011.0,1010.0,2016.0,192.0,94.5,262.5,0.7999840003199936,15.23164092878569,13.776247083657372,20.16,30.0,0.031218997800795043,992.25,4096,9.0,1018081,403.1,67.18333333333334,-3.0,3.0,0.5
104,140.3,14.3,104.3,46.3,38.7,79,0.0,1008,65,31.4,6.4,3.0,2023,4,24,14,0,114,17,-0.4999999999999997,-0.8660254037844388,0.8660254037844387,-0.4999999999999998,0.0,1.0,1,1,0,40.0,43.0,39.0,34.0,28.0,61.0,40.0,3.000000000001276,43.0,37.0,38.666666666666664,2.581988897469045,43.0,36.0,38.0,3.219260219931153,43.0,32.0,40.5,7.934514587492727,67.0,28.0,31.5,30.4,27.7,64.0,70.0,86.0,3.0,1.0,1.33,1009.0,1011.0,1010.0,2041.0,195.0,94.19999999999999,0.0,0.799118809528952,9.810502762044614,7.293196279980421,20.41,29.9,0.03115076274725918,985.9599999999999,4225,9.0,1016064,380.90000000000003,63.48333333333334,-3.0,-2.0,-0.10000000000000142
102,143.4,19.7,84.7,45.0,34.3,83,3.0,1008,66,31.2,3.1,3.0,2023,4,24,15,0,114,17,-0.7071067811865471,-0.7071067811865479,0.8660254037844387,-0.4999999999999998,0.0,1.0,1,1,0,37.0,40.0,43.0,36.0,32.0,48.0,37.666666666666664,2.0816659994681,40.0,36.0,38.666666666666664,2.581988897469045,43.0,36.0,38.333333333333336,2.7080128015443607,43.0,34.0,40.0,7.818595448199956,67.0,28.0,31.4,31.0,28.8,65.0,67.0,79.0,3.0,2.0,0.66,1008.0,1010.0,1011.0,2059.2,198.0,93.6,249.0,0.7999822226172753,7.278818334094716,4.29927414852038,20.592,29.7,0.03095235024568428,973.4399999999999,4356,9.0,1016064,363.1,60.51666666666667,-1.0,-7.0,-0.1999999999999993
91,146.5,25.0,65.0,38.8,30.0,87,3.0,1007,67,31.1,1.3,3.0,2023,4,24,16,0,114,17,-0.8660254037844385,-0.5000000000000004,0.8660254037844387,-0.4999999999999998,0.0,1.0,1,1,0,36.0,37.0,40.0,37.0,39.0,43.0,34.666666666666664,3.214550253665698,37.0,31.0,37.666666666666664,4.082482904636958,43.0,31.0,37.666666666666664,3.420083288015735,43.0,31.0,39.5,8.000000000000268,67.0,28.0,31.2,31.5,29.9,66.0,64.0,73.0,3.0,3.0,2.8,1008.0,1009.0,1011.0,2083.7000000000003,201.0,93.30000000000001,261.0,0.7989484807092602,5.859765609375625,2.5998960041598336,20.837000000000003,29.6,0.030883782637753092,967.21,4489,9.0,1014049,336.3,56.050000000000004,-5.0,-9.0,-0.09999999999999787
89,148.0,31.3,50.3,37.5,37.7,83,0.5,1007,71,30.2,1.0,3.33,2023,4,24,17,0,114,17,-0.9659258262890683,-0.25881904510252063,0.8660254037844387,-0.4999999999999998,0.0,1.0,1,1,0,31.0,36.0,37.0,39.0,43.0,47.0,32.333333333333336,3.21455025366578,36.0,30.0,36.166666666666664,5.036533199200857,43.0,30.0,36.583333333333336,3.629633924273531,43.0,30.0,38.791666666666664,8.059448501289138,67.0,28.0,31.1,31.4,30.4,67.0,65.0,70.0,3.0,3.0,1.0,1007.0,1008.0,1011.0,2144.2,236.43,100.566,41.5,0.7999786672355405,4.728283441423597,1.6069774128622087,21.441999999999997,28.535,0.029990039731837406,912.04,5041,11.0889,1014049,334.8,55.800000000000004,-1.0,-7.0,-0.9000000000000021
87,149.6,37.7,35.7,36.3,45.3,79,0.0,1008,75,29.4,0.9,3.66,2023,4,24,18,0,114,17,-1.0,-1.8369701987210297e-16,0.8660254037844387,-0.4999999999999998,0.0,1.0,1,2,0,30.0,31.0,36.0,43.0,38.0,47.0,30.0,1.0000000000049556,31.0,29.0,33.833333333333336,4.445971959723934,40.0,29.0,35.833333333333336,4.195957650650859,43.0,29.0,38.041666666666664,8.099807655615972,67.0,28.0,30.2,31.2,31.0,71.0,66.0,67.0,3.33,3.0,2.0,1007.0,1008.0,1010.0,2205.0,274.5,107.604,0.0,0.798876064020275,3.9680645075727434,0.9469244847616775,22.05,27.57,0.029166637731510188,864.3599999999999,5625,13.395600000000002,1016064,333.6,55.6,-1.0,-7.0,-0.8000000000000007
85,151.2,44.0,21.0,35.0,53.0,75,0.0,1008,79,28.5,0.0,4.0,2023,4,24,19,0,114,17,-0.9659258262890684,0.2588190451025203,0.8660254037844387,-0.4999999999999998,0.0,1.0,1,2,0,29.0,30.0,31.0,40.0,38.0,47.0,29.0,1.0000000000050684,30.0,28.0,31.833333333333332,3.7638632635432794,37.0,28.0,35.0,4.690415759822884,43.0,28.0,37.25,8.114667342963635,67.0,28.0,29.4,31.1,31.5,75.0,67.0,64.0,3.66,3.0,3.0,1008.0,1007.0,1009.0,2251.5,316.0,114.0,0.0,0.7999771435101855,3.4362855389650235,0.47726188041180884,22.515,26.5,0.02827378147442314,812.25,6241,16.0,1016064,332.2,55.36666666666667,-1.0,-3.0,-0.8999999999999986
93,151.2,41.3,24.0,40.0,51.7,83,0.0,1009,82,28.1,0.0,3.66,2023,4,24,20,0,114,17,-0.8660254037844386,0.5000000000000001,0.8660254037844387,-0.4999999999999998,0.0,1.0,1,2,0,28.0,29.0,30.0,37.0,34.0,48.0,29.666666666666668,2.081665999468531,32.0,28.0,31.0,2.8284271247433006,36.0,28.0,34.833333333333336,4.764133677486871,43.0,28.0,36.583333333333336,7.845888796974926,67.0,28.0,28.5,30.2,31.4,79.0,71.0,65.0,4.0,3.33,3.0,1008.0,1007.0,1008.0,2304.2000000000003,300.12,102.846,0.0,0.7999800004999875,3.6609283068206584,0.5810997312413744,23.042,26.270000000000003,0.027849328196899708,789.6100000000001,6724,13.395600000000002,1018081,340.2,56.699999999999996,4.0,2.0,-0.3999999999999986
104,151.2,38.7,27.0,46.3,50.3,91,0.0,1010,85,27.6,0.0,3.33,2023,4,24,21,0,114,17,-0.7071067811865477,0.7071067811865474,0.8660254037844387,-0.4999999999999998,0.0,1.0,1,2,0,32.0,28.0,29.0,36.0,36.0,67.0,32.333333333333336,4.509249752823935,37.0,28.0,31.166666666666668,3.18852107828228,37.0,28.0,34.916666666666664,4.795041630937017,43.0,28.0,35.333333333333336,4.439610898213935,43.0,28.0,28.1,29.4,31.2,82.0,75.0,66.0,3.66,3.66,3.0,1009.0,1008.0,1008.0,2346.0,283.05,91.908,0.0,0.799118809528952,3.9068757913232215,0.6976563913077182,23.46,25.935000000000002,0.027326705617123154,761.7600000000001,7225,11.0889,1020100,350.5,58.416666666666664,5.0,8.0,-0.5
98,151.2,36.0,30.0,42.5,49.0,100,0.0,1010,88,27.2,0.0,3.0,2023,4,24,22,0,114,17,-0.5000000000000004,0.8660254037844384,0.8660254037844387,-0.4999999999999998,0.0,1.0,1,3,0,37.0,32.0,28.0,31.0,37.0,41.0,34.333333333333336,2.5166114784253586,37.0,32.0,31.666666666666668,3.386246693117706,37.0,28.0,34.666666666666664,4.754583115905693,43.0,28.0,35.041666666666664,4.2781463546596585,43.0,28.0,27.6,28.5,31.1,85.0,79.0,67.0,3.33,4.0,3.0,1010.0,1008.0,1007.0,2393.6,264.0,81.6,0.0,0.7999811769134845,4.199883336573984,0.8333101858281715,23.936,25.7,0.026930666405280787,739.8399999999999,7744,9.0,1020100,342.7,57.11666666666667,-3.0,6.0,-0.40000000000000213
93,147.1,32.0,31.3,40.0,47.7,100,0.5,1010,89,27.0,0.0,2.0,2023,4,24,23,0,114,17,-0.25881904510252157,0.9659258262890681,0.8660254037844387,-0.4999999999999998,0.0,1.0,1,3,0,34.0,37.0,32.0,30.0,39.0,33.0,34.333333333333336,2.5166114784253586,37.0,32.0,32.0,3.286335345028573,37.0,28.0,34.083333333333336,4.601547829180669,43.0,28.0,35.0,4.30368901414106,43.0,28.0,27.2,28.1,30.2,88.0,82.0,71.0,3.0,3.66,3.33,1010.0,1009.0,1007.0,2403.0,178.0,54.0,50.0,0.7999800004999875,4.5967313521452455,0.9780944345489204,24.03,26.0,0.026732646799359605,729.0,7921,4.0,1020100,330.09999999999997,55.01666666666666,-2.0,0.0,-0.1999999999999993
76,143.0,28.0,32.7,30.0,46.3,100,0.5,1010,89,26.7,0.0,1.0,2023,4,25,0,1,115,17,0.0,1.0,0.8660254037844387,-0.4999999999999998,0.7818314824680298,0.6234898018587336,1,3,0,32.0,34.0,37.0,29.0,43.0,33.0,30.0,5.291502622130118,34.0,24.0,31.166666666666668,4.578937285730216,37.0,24.0,32.5,4.522670168665897,40.0,24.0,34.625,4.84375438288759,43.0,24.0,27.0,27.6,29.4,89.0,85.0,75.0,2.0,3.33,3.66,1010.0,1010.0,1008.0,2376.2999999999997,89.0,26.7,50.0,0.7999733342221925,5.106960465697654,1.1678154351630299,23.762999999999998,26.2,0.026435617390477832,712.89,7921,1.0,1020100,304.0,50.666666666666664,-8.0,-13.0,-0.3000000000000007
65,138.9,24.0,34.0,23.8,45.0,100,0.5,1010,89,26.5,0.0,2.8,2023,4,25,1,1,115,17,0.25881904510252074,0.9659258262890683,0.8660254037844387,-0.4999999999999998,0.7818314824680298,0.6234898018587336,1,3,0,24.0,32.0,34.0,28.0,40.0,34.0,25.0,6.557438524302842,32.0,19.0,29.666666666666668,6.772493386238911,37.0,19.0,30.75,5.344921123662802,37.0,19.0,34.0,5.801049380331716,43.0,19.0,26.7,27.2,28.5,89.0,88.0,79.0,1.0,3.0,4.0,1010.0,1010.0,1008.0,2358.5,249.2,74.19999999999999,50.0,0.7982857863114995,5.787258864213991,1.416607641348277,23.585,25.1,0.02623759778455665,702.25,7921,7.839999999999999,1020100,284.70000000000005,47.45000000000001,-5.0,-15.0,-0.1999999999999993
74,135.0,20.0,33.0,28.8,42.3,100,0.5,1010,89,26.2,0.0,1.0,2023,4,25,2,1,115,17,0.49999999999999994,0.8660254037844387,0.8660254037844387,-0.4999999999999998,0.7818314824680298,0.6234898018587336,1,3,0,19.0,24.0,32.0,32.0,37.0,28.0,22.0,2.645751311066805,24.0,19.0,28.166666666666668,7.139094246937015,37.0,19.0,29.583333333333332,5.384461369758287,37.0,19.0,33.791666666666664,6.10758022721663,43.0,19.0,26.5,27.0,28.1,89.0,89.0,82.0,2.8,2.0,3.66,1010.0,1010.0,1009.0,2331.7999999999997,89.0,26.2,50.0,0.7985833825214401,6.749662516874156,1.6499175041247938,23.317999999999998,25.7,0.025940568375674874,686.4399999999999,7921,1.0,1020100,282.1,47.01666666666667,4.0,-9.0,-0.3000000000000007
72,131.1,16.0,32.0,27.5,39.7,100,0.0,1010,90,25.8,0.0,2.0,2023,4,25,3,1,115,17,0.7071067811865476,0.7071067811865476,0.8660254037844387,-0.4999999999999998,0.7818314824680298,0.6234898018587336,1,3,0,23.0,19.0,24.0,37.0,36.0,32.0,21.333333333333332,2.0816659994689832,23.0,19.0,25.666666666666668,5.955389715765725,34.0,19.0,28.416666666666668,5.384461369758291,37.0,19.0,33.375,6.559510188500884,43.0,19.0,26.2,26.7,27.6,89.0,89.0,85.0,1.0,1.0,3.33,1010.0,1010.0,1010.0,2322.0,180.0,51.6,0.0,0.7999709101487218,8.193237922629836,1.9998750078120116,23.22,24.8,0.025544529163832513,665.64,8100,4.0,1020100,268.3,44.71666666666667,-1.0,-2.0,-0.3999999999999986
74,127.2,12.0,31.0,28.8,37.0,100,0.0,1010,90,25.5,0.0,3.0,2023,4,25,4,1,115,17,0.8660254037844386,0.5000000000000001,0.8660254037844387,-0.4999999999999998,0.7818314824680298,0.6234898018587336,1,3,0,22.0,23.0,19.0,34.0,31.0,39.0,22.666666666666668,0.5773502691996385,23.0,22.0,23.833333333333332,4.355073669485675,32.0,19.0,27.75,5.528849954391684,37.0,19.0,32.708333333333336,6.772573633648565,43.0,19.0,25.8,26.5,27.2,90.0,89.0,88.0,2.0,2.8,3.0,1010.0,1010.0,1010.0,2295.0,270.0,76.5,0.0,0.7985833825214401,10.599116740271645,2.5831180734938757,22.95,24.0,0.025247499754950737,650.25,8100,9.0,1020100,259.0,43.166666666666664,1.0,4.0,-0.3000000000000007
85,131.5,13.0,28.7,35.0,34.7,100,0.0,1010,89,25.7,0.0,2.0,2023,4,25,5,1,115,17,0.9659258262890683,0.25881904510252074,0.8660254037844387,-0.4999999999999998,0.7818314824680298,0.6234898018587336,1,3,0,23.0,22.0,23.0,32.0,30.0,43.0,24.333333333333332,3.214550253666057,28.0,22.0,23.166666666666668,2.9268868557986925,28.0,19.0,27.583333333333332,5.484827557300999,37.0,19.0,32.083333333333336,6.466748841551942,43.0,19.0,25.5,26.2,27.0,90.0,89.0,89.0,3.0,1.0,2.0,1010.0,1010.0,1010.0,2287.2999999999997,178.0,51.4,0.0,0.7999771435101855,10.114606568725483,2.207522498269364,22.872999999999998,24.7,0.02544551936087192,660.49,7921,4.0,1020100,270.9,45.15,5.0,5.0,0.1999999999999993
103,135.8,14.0,26.3,45.4,32.3,100,0.0,1011,87,25.8,0.6,1.0,2023,4,25,6,1,115,17,1.0,6.123233995736766e-17,0.8660254037844387,-0.4999999999999998,0.7818314824680298,0.6234898018587336,1,0,0,28.0,23.0,22.0,24.0,29.0,38.0,29.11,6.733966141881773,36.33,23.0,25.221666666666664,6.1656156762036325,36.33,19.0,28.19416666666667,6.037281836198479,37.0,19.0,32.013749999999995,6.409043754557252,43.0,19.0,25.7,25.8,26.7,89.0,90.0,89.0,2.0,2.0,1.0,1010.0,1010.0,1010.0,2244.6,87.0,25.8,0.0,0.8002026387083985,9.699307192343404,1.8784372544818229,22.445999999999998,25.3,0.025519262592222956,665.64,7569,1.0,1022121,290.13000000000005,48.35500000000001,8.329999999999998,14.329999999999998,0.10000000000000142
121,140.1,15.0,24.0,53.8,30.0,100,0.5,1012,86,26.0,0.8,4.8,2023,4,25,7,1,115,17,0.9659258262890683,-0.25881904510252063,0.8660254037844387,-0.4999999999999998,0.7818314824680298,0.6234898018587336,1,0,0,36.33,28.0,23.0,19.0,28.0,38.0,35.776666666666664,7.51529329656148,43.0,28.0,29.221666666666664,8.618980024727382,43.0,22.0,29.44416666666667,7.393864112569731,43.0,19.0,32.22208333333333,6.68731828955377,43.0,19.0,25.8,25.5,26.5,87.0,90.0,89.0,1.0,3.0,2.8,1011.0,1010.0,1010.0,2236.0,412.8,124.8,50.0,0.7992416497834613,9.339377374841677,1.5998933404439704,22.36,23.6,0.025691674217713224,676.0,7396,23.04,1024144,305.9,50.98333333333333,6.670000000000002,20.0,0.1999999999999993
107,135.2,14.7,29.3,47.5,28.0,91,0.5,1013,86,24.3,1.2,1.33,2023,4,25,8,1,115,17,0.8660254037844387,-0.4999999999999998,0.8660254037844387,-0.4999999999999998,0.7818314824680298,0.6234898018587336,1,0,0,43.0,36.33,28.0,23.0,32.0,34.0,39.11,3.4707780107647097,43.0,36.33,31.721666666666664,8.628836344875863,43.0,22.0,29.94416666666667,7.775436214986809,43.0,19.0,32.388749999999995,6.782720572865175,43.0,19.0,26.0,25.7,26.2,86.0,89.0,89.0,4.8,2.0,1.0,1012.0,1010.0,1010.0,2089.8,114.38000000000001,32.319,45.5,0.7999831582493001,9.196653288891913,1.9930616964832326,20.898000000000003,23.635,0.023988130317739075,590.49,7396,1.7689000000000001,1026169,292.7,48.78333333333333,-5.0,10.0,-1.6999999999999993
61,130.3,14.3,34.7,21.3,26.0,83,0.5,1014,86,22.5,2.0,2.66,2023,4,25,9,1,115,17,0.7071067811865476,-0.7071067811865475,0.8660254037844387,-0.4999999999999998,0.7818314824680298,0.6234898018587336,1,0,0,38.0,43.0,36.33,22.0,37.0,36.0,32.666666666666664,13.796134724383588,43.0,17.0,30.888333333333332,9.90286911287079,43.0,17.0,28.277500000000003,8.25428167129557,43.0,17.0,31.59708333333333,7.421627314326475,43.0,17.0,24.3,25.8,25.8,86.0,87.0,90.0,1.33,1.0,2.0,1013.0,1011.0,1010.0,1935.0,228.76000000000002,59.85,41.5,0.7980845969672785,9.111250961471226,2.426403747989651,19.35,21.17,0.022189327229460327,506.25,7396,7.0756000000000006,1028196,243.60000000000002,40.6,-21.0,-19.33,-1.8000000000000007
61,125.5,14.0,40.0,21.3,24.0,75,0.5,1015,86,20.8,2.8,4.0,2023,4,25,10,1,115,17,0.49999999999999994,-0.8660254037844387,0.8660254037844387,-0.4999999999999998,0.7818314824680298,0.6234898018587336,1,0,0,17.0,38.0,43.0,23.0,34.0,37.0,24.0,12.124355652982604,38.0,17.0,29.888333333333332,11.090483157493631,43.0,17.0,26.860833333333336,8.63300480537872,43.0,17.0,30.763749999999998,7.896254925458598,43.0,17.0,22.5,26.0,25.5,86.0,86.0,90.0,2.66,4.8,3.0,1014.0,1012.0,1010.0,1788.8,344.0,83.2,37.5,0.7980845969672785,8.96364545389615,2.8569387900864225,17.887999999999998,18.8,0.020492590647693945,432.64000000000004,7396,16.0,1030225,241.8,40.300000000000004,0.0,-26.0,-1.6999999999999993
56,121.0,12.0,48.0,18.8,22.0,58,0.0,1014,79,21.0,3.5,3.66,2023,4,25,11,1,115,17,0.258819045102521,-0.9659258262890682,0.8660254037844387,-0.4999999999999998,0.7818314824680298,0.6234898018587336,1,0,0,17.0,17.0,38.0,28.0,32.0,39.0,16.333333333333332,1.154700538384868,17.0,15.0,27.721666666666664,12.687979219192039,43.0,15.0,25.44416666666667,9.095460864262375,43.0,15.0,29.763749999999998,8.316378189792424,43.0,15.0,20.8,24.3,25.7,86.0,86.0,89.0,4.0,1.33,2.0,1015.0,1013.0,1010.0,1659.0,289.14,76.86,0.0,0.7978299026647518,10.082493125572869,3.99966669444213,16.59,19.17,0.020710038747496304,441.0,6241,13.395600000000002,1028196,236.8,39.46666666666667,-2.0,-23.0,0.1999999999999993
59,116.5,10.0,56.0,20.0,20.0,41,0.0,1014,73,21.2,3.7,3.33,2023,4,25,12,1,115,17,1.2246467991473532e-16,-1.0,0.8660254037844387,-0.4999999999999998,0.7818314824680298,0.6234898018587336,1,1,0,15.0,17.0,17.0,36.33,24.0,43.0,16.0,1.0000000000065237,17.0,15.0,24.333333333333332,12.643839079434995,43.0,15.0,24.777500000000003,9.495332944519,43.0,15.0,28.638749999999998,8.274100141536644,43.0,15.0,21.0,22.5,25.8,79.0,86.0,87.0,3.66,2.66,1.0,1014.0,1014.0,1011.0,1547.6,243.09,70.596,0.0,0.7999600019998999,11.648835116488351,5.599440055994401,15.475999999999999,19.535,0.020907277211758172,449.44,5329,11.0889,1028196,238.5,39.75,1.0,-1.0,0.1999999999999993
69,112.1,8.0,64.0,26.3,18.0,25,0.0,1014,68,21.4,3.4,3.0,2023,4,25,13,1,115,17,-0.2588190451025208,-0.9659258262890683,0.8660254037844387,-0.4999999999999998,0.7818314824680298,0.6234898018587336,1,1,0,16.0,15.0,17.0,43.0,19.0,40.0,17.333333333333332,3.2145502536663018,21.0,15.0,20.666666666666668,8.73307887669899,38.0,15.0,24.94416666666667,9.401796209751204,43.0,15.0,27.84708333333333,8.045597488644214,43.0,15.0,21.2,20.8,26.0,73.0,86.0,86.0,3.33,4.0,4.8,1014.0,1015.0,1012.0,1455.1999999999998,204.0,64.19999999999999,0.0,0.79844872818524,14.010748656417949,7.999000124984377,14.551999999999998,19.9,0.021104515676020043,457.9599999999999,4624,9.0,1028196,249.4,41.56666666666667,5.0,4.0,0.1999999999999993
46,115.0,9.3,65.7,13.8,18.0,37,0.0,1013,72,20.9,2.7,3.0,2023,4,25,14,1,115,17,-0.4999999999999997,-0.8660254037844388,0.8660254037844387,-0.4999999999999998,0.7818314824680298,0.6234898018587336,1,1,0,21.0,16.0,15.0,38.0,23.0,37.0,16.0,5.000000000001305,21.0,11.0,16.166666666666668,3.250640962432528,21.0,11.0,23.94416666666667,10.22915393136257,43.0,11.0,26.763749999999998,8.497338106213435,43.0,11.0,21.4,21.0,24.3,68.0,79.0,86.0,3.0,3.66,1.33,1014.0,1014.0,1013.0,1504.8,216.0,62.699999999999996,0.0,0.7970436924860518,12.364261907321794,7.063756585313407,15.048,19.4,0.020631766404969,436.80999999999995,5184,9.0,1026169,232.8,38.800000000000004,-10.0,-4.0,-0.5
50,117.9,10.7,67.3,15.0,18.0,50,0.0,1013,76,20.5,1.9,3.0,2023,4,25,15,1,115,17,-0.7071067811865471,-0.7071067811865479,0.8660254037844387,-0.4999999999999998,0.7818314824680298,0.6234898018587336,1,1,0,11.0,21.0,16.0,17.0,22.0,36.0,14.666666666666666,5.507570547287314,21.0,11.0,15.333333333333334,3.6147844564571114,21.0,11.0,23.110833333333336,10.793691304168938,43.0,11.0,25.763749999999998,8.770923709472896,43.0,11.0,20.9,21.2,22.5,72.0,73.0,86.0,3.0,3.33,2.66,1013.0,1014.0,1014.0,1558.0,228.0,61.5,0.0,0.7999466702219852,11.01766190075694,6.2891318568358106,15.58,19.0,0.020236900062290165,420.25,5776,9.0,1026169,240.89999999999998,40.15,1.0,-4.0,-0.3999999999999986
59,120.8,12.0,69.0,20.0,18.0,62,0.0,1012,81,20.0,1.1,3.0,2023,4,25,16,1,115,17,-0.8660254037844385,-0.5000000000000004,0.8660254037844387,-0.4999999999999998,0.7818314824680298,0.6234898018587336,1,1,0,12.0,11.0,21.0,17.0,23.0,31.0,13.0,2.6457513110671855,16.0,11.0,15.166666666666666,3.544949458968896,21.0,11.0,22.527500000000003,10.98763695746661,43.0,11.0,25.138749999999998,8.91483098062133,43.0,11.0,20.5,21.4,20.8,76.0,68.0,86.0,3.0,3.0,4.0,1013.0,1014.0,1015.0,1620.0,243.0,60.0,0.0,0.7999600019998999,10.06582784767936,5.749520873260562,16.2,18.5,0.019762826321317865,400.0,6561,9.0,1024144,255.8,42.63333333333333,4.0,-5.0,-0.5
87,146.1,23.0,57.0,36.3,21.0,54,0.0,1013,80,20.1,0.7,2.66,2023,4,25,17,1,115,17,-0.9659258262890683,-0.25881904510252063,0.8660254037844387,-0.4999999999999998,0.7818314824680298,0.6234898018587336,1,1,0,16.0,12.0,11.0,15.0,28.0,30.0,19.0,8.888194417316285,29.0,12.0,17.5,6.655824516915853,29.0,11.0,22.610833333333336,11.036598173459947,43.0,11.0,25.09708333333333,8.893433571372093,43.0,11.0,20.0,20.9,21.0,81.0,72.0,79.0,3.0,3.0,3.66,1012.0,1013.0,1014.0,1608.0,212.8,53.46600000000001,0.0,0.798876064020275,6.351897743576366,2.478153123777227,16.08,18.770000000000003,0.019842033719611334,404.01000000000005,6400,7.0756000000000006,1026169,312.4,52.06666666666666,13.0,18.0,0.10000000000000142
67,171.4,34.0,45.0,25.0,24.0,45,0.0,1013,79,20.3,0.6,2.33,2023,4,25,18,1,115,17,-1.0,-1.8369701987210297e-16,0.8660254037844387,-0.4999999999999998,0.7818314824680298,0.6234898018587336,1,2,0,29.0,16.0,12.0,16.0,36.33,29.0,21.666666666666668,6.658328118480277,29.0,16.0,18.166666666666668,6.675827039898883,29.0,11.0,21.25,10.163437142298354,43.0,11.0,24.72208333333333,8.911436706091168,43.0,11.0,20.1,20.5,21.2,80.0,76.0,73.0,2.66,3.0,3.33,1013.0,1013.0,1014.0,1603.7,184.07,47.29900000000001,0.0,0.7999680012799487,5.041028205052793,1.3234904855739538,16.037,19.135,0.02003946689095075,412.09000000000003,6241,5.4289000000000005,1026169,319.4,53.23333333333333,-9.0,8.0,0.1999999999999993
80,196.7,45.0,33.0,32.5,27.0,37,0.25,1013,78,20.4,0.0,2.0,2023,4,25,19,1,115,17,-0.9659258262890684,0.2588190451025203,0.8660254037844387,-0.4999999999999998,0.7818314824680298,0.6234898018587336,1,2,0,20.0,29.0,16.0,21.0,43.0,28.0,25.0,4.582575694957042,29.0,20.0,19.0,7.375635565832871,29.0,11.0,19.833333333333332,7.755740786766303,38.0,11.0,24.638749999999998,8.888773726986617,43.0,11.0,20.3,20.0,21.4,79.0,81.0,68.0,2.33,3.0,3.0,1013.0,1012.0,1014.0,1591.1999999999998,156.0,40.8,9.25,0.7999753853727578,4.371013977467167,0.733317037399169,15.911999999999999,19.4,0.020138183476620455,416.15999999999997,6084,4.0,1026169,360.2,60.03333333333333,6.0,10.0,0.09999999999999787
85,201.1,42.7,35.0,35.0,30.0,58,0.0,1014,78,20.6,0.0,2.0,2023,4,25,20,1,115,17,-0.8660254037844386,0.5000000000000001,0.8660254037844387,-0.4999999999999998,0.7818314824680298,0.6234898018587336,1,2,0,26.0,20.0,29.0,11.0,38.0,32.0,24.666666666666668,4.163331998933597,28.0,20.0,21.833333333333332,6.940220937884227,29.0,12.0,19.0,5.954371961386081,29.0,11.0,24.47208333333333,8.781601804547135,43.0,11.0,20.4,20.1,20.9,78.0,80.0,72.0,2.0,2.66,3.0,1013.0,1013.0,1013.0,1606.8000000000002,156.0,41.2,0.0,0.7999771435101855,4.7094915809934195,0.819652935528442,16.068,19.6,0.020315561818972566,424.36000000000007,6084,4.0,1028196,371.8,61.96666666666667,2.0,-1.0,0.20000000000000284
76,205.6,40.3,37.0,30.0,33.0,79,0.0,1014,78,20.8,0.0,2.0,2023,4,25,21,1,115,17,-0.7071067811865477,0.7071067811865474,0.8660254037844387,-0.4999999999999998,0.7818314824680298,0.6234898018587336,1,2,0,28.0,26.0,20.0,12.0,17.0,37.0,26.0,2.000000000002695,28.0,24.0,23.833333333333332,4.996665554812275,29.0,16.0,19.583333333333332,6.082139774982115,29.0,11.0,23.930416666666662,8.366373417835765,43.0,11.0,20.6,20.3,20.5,78.0,79.0,76.0,2.0,2.33,3.0,1014.0,1013.0,1013.0,1622.4,156.0,41.6,0.0,0.7999733342221925,5.101610381876381,0.9180913624972086,16.224,19.8,0.020512800283234437,432.64000000000004,6084,4.0,1028196,369.9,61.65,-4.0,4.0,0.1999999999999993
80,210.1,38.0,39.0,32.5,36.0,100,0.0,1014,78,21.0,0.0,2.0,2023,4,25,22,1,115,17,-0.5000000000000004,0.8660254037844384,0.8660254037844387,-0.4999999999999998,0.7818314824680298,0.6234898018587336,1,3,0,24.0,28.0,26.0,16.0,17.0,34.0,26.0,2.000000000002695,28.0,24.0,25.5,3.2093613071733604,29.0,20.0,20.333333333333332,6.286107819242901,29.0,11.0,23.59708333333333,8.10295892233841,43.0,11.0,20.8,20.4,20.0,78.0,78.0,81.0,2.0,2.0,3.0,1014.0,1013.0,1012.0,1638.0,156.0,42.0,0.0,0.7999753853727578,5.5288018736349045,1.0262887818741613,16.38,20.0,0.020710038747496304,441.0,6084,4.0,1028196,381.6,63.6,2.0,0.0,0.1999999999999993
78,202.3,34.7,41.0,31.3,40.3,100,0.0,1014,78,21.0,0.0,1.33,2023,4,25,23,1,115,17,-0.25881904510252157,0.9659258262890681,0.8660254037844387,-0.4999999999999998,0.7818314824680298,0.6234898018587336,1,3,0,26.0,24.0,28.0,29.0,15.0,32.0,25.0,1.0000000000055032,26.0,24.0,24.833333333333332,2.7141603981061775,28.0,20.0,21.166666666666668,6.176691278630522,29.0,11.0,23.305416666666662,7.911054994322222,43.0,11.0,21.0,20.6,20.1,78.0,78.0,80.0,2.0,2.0,2.66,1014.0,1014.0,1013.0,1638.0,103.74000000000001,27.93,0.0,0.7986965272674994,5.829803175700989,1.1815221463358405,16.38,20.335,0.020710038747496304,441.0,6084,1.7689000000000001,1028196,374.6,62.43333333333334,-1.0,-3.0,0.0
82,194.5,31.3,43.0,33.8,44.7,100,0.0,1014,78,21.0,0.0,0.66,2023,4,26,0,2,116,17,0.0,1.0,0.8660254037844387,-0.4999999999999998,0.9749279121818236,-0.22252093395631434,1,3,0,25.0,26.0,24.0,20.0,16.0,24.0,26.0,1.0000000000053904,27.0,25.0,26.0,1.414213562366627,28.0,24.0,22.083333333333332,6.156420644458136,29.0,11.0,23.430416666666662,7.946130301937195,43.0,11.0,21.0,20.8,20.3,78.0,78.0,79.0,1.33,2.0,2.33,1014.0,1014.0,1013.0,1638.0,51.480000000000004,13.860000000000001,0.0,0.7987929351202628,6.213858982141145,1.3737580269000988,16.38,20.67,0.020710038747496304,441.0,6084,0.43560000000000004,1028196,374.3,62.38333333333333,2.0,3.0,0.0
91,186.8,28.0,45.0,38.8,49.0,100,0.0,1014,77,21.0,0.0,0.8,2023,4,26,1,2,116,17,0.25881904510252074,0.9659258262890683,0.8660254037844387,-0.4999999999999998,0.9749279121818236,-0.22252093395631434,1,3,0,27.0,25.0,26.0,26.0,21.0,19.0,27.666666666666668,3.0550504633055957,31.0,25.0,26.833333333333332,2.483277404288277,31.0,24.0,22.916666666666668,6.653206107971304,31.0,11.0,23.930416666666662,8.032306225306883,43.0,11.0,21.0,21.0,20.4,78.0,78.0,78.0,0.66,2.0,2.0,1014.0,1014.0,1013.0,1617.0,61.6,16.8,0.0,0.7989484807092602,6.6711903146316205,1.6070854612335272,16.17,20.6,0.020710038747496304,441.0,5929,0.6400000000000001,1028196,378.6,63.1,4.0,5.0,0.0
91,188.5,25.3,43.7,38.8,48.0,100,0.0,1014,80,21.0,0.0,1.2,2023,4,26,2,2,116,17,0.49999999999999994,0.8660254037844387,0.8660254037844387,-0.4999999999999998,0.9749279121818236,-0.22252093395631434,1,3,0,31.0,27.0,25.0,28.0,11.0,23.0,29.666666666666668,2.3094010767606563,31.0,27.0,27.333333333333332,3.0110906108333793,31.0,24.0,24.583333333333332,5.853644293527461,31.0,12.0,24.263749999999998,8.15704380195171,43.0,11.0,21.0,21.0,20.6,77.0,78.0,78.0,0.8,1.33,2.0,1014.0,1014.0,1014.0,1680.0,96.0,25.2,0.0,0.7989484807092602,7.4502984071775815,1.7272044583218054,16.8,20.4,0.020710038747496304,441.0,6400,1.44,1028196,375.3,62.550000000000004,0.0,6.0,0.0
102,190.3,22.7,42.3,45.0,47.0,100,0.0,1014,84,21.0,0.0,1.2,2023,4,26,3,2,116,17,0.7071067811865476,0.7071067811865476,0.8660254037844387,-0.4999999999999998,0.9749279121818236,-0.22252093395631434,1,3,0,31.0,31.0,27.0,24.0,12.0,22.0,32.666666666666664,2.8867513459497336,36.0,31.0,29.333333333333332,4.131182235952533,36.0,25.0,26.583333333333332,5.230302152462669,36.0,16.0,24.84708333333333,8.482226163479028,43.0,11.0,21.0,21.0,20.8,80.0,78.0,78.0,1.2,0.66,2.0,1014.0,1014.0,1014.0,1764.0,100.8,25.2,0.0,0.7999822226172753,8.382890621558522,1.8633540372670805,17.64,20.4,0.020710038747496304,441.0,7056,1.44,1028196,383.3,63.88333333333333,5.0,9.0,0.0
95,192.0,20.0,41.0,41.3,46.0,100,0.0,1013,87,21.0,0.0,1.6,2023,4,26,4,2,116,17,0.8660254037844386,0.5000000000000001,0.8660254037844387,-0.4999999999999998,0.9749279121818236,-0.22252093395631434,1,3,0,36.0,31.0,31.0,26.0,16.0,23.0,33.333333333333336,2.5166114784253937,36.0,31.0,30.5,3.9874804074733206,36.0,25.0,28.0,4.327501903785566,36.0,20.0,25.263749999999998,8.63184035619201,43.0,11.0,21.0,21.0,21.0,84.0,77.0,78.0,1.2,0.8,2.0,1014.0,1014.0,1014.0,1827.0,139.20000000000002,33.6,0.0,0.7990121304568898,9.5995200239988,2.0498975051247434,18.27,20.2,0.020730482990638708,441.0,7569,2.5600000000000005,1026169,373.3,62.21666666666667,-3.0,2.0,0.0
82,199.8,25.3,38.3,33.8,50.0,100,0.0,1014,86,21.0,0.0,0.33,2023,4,26,5,2,116,17,0.9659258262890683,0.25881904510252074,0.8660254037844387,-0.4999999999999998,0.9749279121818236,-0.22252093395631434,1,3,0,33.0,36.0,31.0,25.0,29.0,28.0,32.0,4.582575694956869,36.0,27.0,30.833333333333332,3.4880749227403935,36.0,27.0,27.833333333333332,4.323999271156816,36.0,20.0,25.22208333333333,8.620464014126094,43.0,11.0,21.0,21.0,21.0,87.0,80.0,78.0,1.6,1.2,1.33,1013.0,1014.0,1014.0,1806.0,28.380000000000003,6.930000000000001,0.0,0.7987929351202628,7.896921070313426,1.5137741591241451,18.06,20.835,0.020710038747496304,441.0,7396,0.10890000000000001,1028196,374.20000000000005,62.366666666666674,-6.0,-4.0,0.0
115,207.6,30.7,35.7,51.3,54.0,100,0.0,1014,85,21.0,0.6,0.66,2023,4,26,6,2,116,17,1.0,6.123233995736766e-17,0.8660254037844387,-0.4999999999999998,0.9749279121818236,-0.22252093395631434,1,0,0,27.0,33.0,36.0,27.0,20.0,36.33,33.666666666666664,7.023769168569137,41.0,27.0,33.166666666666664,4.833908011811085,41.0,27.0,29.583333333333332,5.053501636278917,41.0,24.0,25.416666666666668,8.929271194110605,43.0,11.0,21.0,21.0,21.0,86.0,84.0,78.0,0.33,1.2,0.66,1014.0,1014.0,1014.0,1785.0,56.1,13.860000000000001,0.0,0.7992046938656168,6.7619947232989155,1.1628285723592067,17.85,20.67,0.020710038747496304,441.0,7225,0.43560000000000004,1028196,420.3,70.05,14.0,5.0,0.0
115,215.3,36.0,33.0,51.3,58.0,100,0.0,1015,85,21.0,0.8,1.0,2023,4,26,7,2,116,17,0.9659258262890683,-0.25881904510252063,0.8660254037844387,-0.4999999999999998,0.9749279121818236,-0.22252093395631434,1,0,0,41.0,27.0,33.0,31.0,26.0,43.0,36.333333333333336,8.082903768655283,41.0,27.0,34.833333333333336,5.600595206462624,41.0,27.0,30.833333333333332,5.874959703278516,41.0,24.0,25.333333333333332,8.76587586668596,41.0,11.0,21.0,21.0,21.0,85.0,87.0,77.0,0.66,1.6,0.8,1014.0,1013.0,1014.0,1785.0,85.0,21.0,0.0,0.7992046938656168,5.980389433626844,0.9166412044109886,17.85,20.5,0.020689634788537154,441.0,7225,1.0,1030225,434.6,72.43333333333334,0.0,8.0,0.0
110,195.1,29.3,49.0,48.8,62.7,91,0.0,1015,77,21.9,1.2,1.33,2023,4,26,8,2,116,17,0.8660254037844387,-0.4999999999999998,0.8660254037844387,-0.4999999999999998,0.9749279121818236,-0.22252093395631434,1,0,0,41.0,41.0,27.0,31.0,28.0,38.0,40.333333333333336,1.1547005383825222,41.0,39.0,36.166666666666664,5.455883674222967,41.0,27.0,31.75,6.2395366960867396,41.0,24.0,25.375,8.830837766156522,41.0,11.0,21.0,21.0,21.0,85.0,86.0,80.0,1.0,0.33,1.2,1015.0,1014.0,1014.0,1686.3,102.41000000000001,29.127,0.0,0.7991639515583698,6.658475819937886,1.6722978737927032,16.863,21.235,0.021576333422331603,479.60999999999996,5929,1.7689000000000001,1030225,423.9,70.64999999999999,-2.0,12.0,0.8999999999999986
98,174.9,22.7,65.0,42.5,67.3,83,0.0,1016,70,22.7,2.0,1.66,2023,4,26,9,2,116,17,0.7071067811865476,-0.7071067811865475,0.8660254037844387,-0.4999999999999998,0.9749279121818236,-0.22252093395631434,1,0,0,39.0,41.0,41.0,36.0,24.0,17.0,38.0,3.605551275465111,41.0,34.0,35.833333333333336,5.528712930389184,41.0,27.0,32.583333333333336,5.759708536396372,41.0,25.0,26.083333333333332,8.811635917140153,41.0,11.0,21.9,21.0,21.0,77.0,85.0,84.0,1.33,0.66,1.2,1015.0,1014.0,1014.0,1589.0,116.19999999999999,37.681999999999995,0.0,0.7999811769134845,7.7045064094092774,2.863309986344214,15.89,21.87,0.022342497694392033,515.29,4900,2.7556,1032256,406.40000000000003,67.73333333333333,-5.0,-7.0,0.8000000000000007
98,154.7,16.0,81.0,42.5,72.0,75,0.0,1016,64,23.6,2.9,2.0,2023,4,26,10,2,116,17,0.49999999999999994,-0.8660254037844387,0.8660254037844387,-0.4999999999999998,0.9749279121818236,-0.22252093395631434,1,0,0,34.0,39.0,41.0,33.0,26.0,17.0,35.666666666666664,2.8867513459496226,39.0,34.0,36.0,5.440588203492887,41.0,27.0,33.25,5.378830558942434,41.0,25.0,26.791666666666668,8.732643240795829,41.0,11.0,22.7,21.0,21.0,70.0,85.0,87.0,1.66,1.0,1.6,1016.0,1015.0,1013.0,1510.4,128.0,47.2,0.0,0.7999811769134845,9.668145740891193,5.062183613524154,15.104000000000001,22.6,0.02322832359416969,556.96,4096,4.0,1032256,400.2,66.7,0.0,-7.0,0.9000000000000021
63,149.4,13.3,98.3,22.5,66.7,79,0.0,1015,55,24.5,3.8,1.33,2023,4,26,11,2,116,17,0.258819045102521,-0.9659258262890682,0.8660254037844387,-0.4999999999999998,0.9749279121818236,-0.22252093395631434,1,0,0,34.0,34.0,39.0,27.0,25.0,15.0,28.666666666666668,9.237604307034566,34.0,18.0,34.5,8.689073598490538,41.0,18.0,32.666666666666664,6.596601512532519,41.0,18.0,26.916666666666668,8.576594371572865,41.0,11.0,23.6,21.9,21.0,64.0,77.0,86.0,2.0,1.33,0.33,1016.0,1015.0,1014.0,1347.5,73.15,32.585,0.0,0.7999644460246211,11.232238177580633,7.390421772799037,13.475,23.835,0.024137907253293348,600.25,3025,1.7689000000000001,1030225,368.2,61.36666666666667,-16.0,-21.0,0.8999999999999986
54,144.1,10.7,115.7,17.5,61.3,83,0.0,1014,48,25.3,3.9,0.66,2023,4,26,12,2,116,17,1.2246467991473532e-16,-1.0,0.8660254037844387,-0.4999999999999998,0.9749279121818236,-0.22252093395631434,1,1,0,18.0,34.0,34.0,41.0,27.0,16.0,22.0,10.583005244258917,34.0,14.0,30.0,11.260550608206655,41.0,14.0,31.583333333333332,8.42570022267699,41.0,14.0,26.833333333333332,8.69615940549618,41.0,11.0,24.5,22.7,21.0,55.0,70.0,85.0,1.33,1.66,0.66,1015.0,1016.0,1014.0,1214.4,31.68,16.698,0.0,0.7999542883263813,13.46603121203626,10.812073637977761,12.144,24.970000000000002,0.024950665729126503,640.09,2304,0.43560000000000004,1028196,363.3,60.550000000000004,-4.0,-20.0,0.8000000000000007
66,138.9,8.0,133.0,23.8,56.0,87,0.0,1012,42,26.2,3.8,1.2,2023,4,26,13,2,116,17,-0.2588190451025208,-0.9659258262890683,0.8660254037844387,-0.4999999999999998,0.9749279121818236,-0.22252093395631434,1,1,0,14.0,18.0,34.0,41.0,31.0,21.0,17.0,2.645751311067021,19.0,14.0,26.333333333333332,10.51982255870546,39.0,14.0,30.583333333333332,9.179605193860265,41.0,14.0,26.75,8.763808979324546,41.0,11.0,25.3,23.6,21.0,48.0,64.0,85.0,0.66,2.0,1.0,1014.0,1016.0,1015.0,1100.3999999999999,50.4,31.439999999999998,0.0,0.7982857863114995,17.36032995875516,16.62292213473316,11.003999999999998,25.599999999999998,0.025889302480926402,686.4399999999999,1764,1.44,1024144,378.7,63.11666666666667,5.0,-15.0,0.8999999999999986
75,141.8,9.3,140.0,28.8,59.0,91,0.25,1012,43,26.0,3.0,0.33,2023,4,26,14,2,116,17,-0.4999999999999997,-0.8660254037844388,0.8660254037844387,-0.4999999999999998,0.9749279121818236,-0.22252093395631434,1,1,0,19.0,14.0,18.0,39.0,31.0,11.0,18.666666666666668,4.509249752824278,23.0,14.0,23.666666666666668,8.50098033562289,34.0,14.0,29.916666666666668,9.433579609163168,41.0,14.0,27.25,8.146751820044228,41.0,12.0,26.2,24.5,21.9,42.0,55.0,77.0,1.2,1.33,1.33,1012.0,1015.0,1015.0,1118.0,14.190000000000001,8.58,22.75,0.7985833825214401,15.245672508332438,15.052144930652618,11.18,25.835,0.025691674217713224,676.0,1849,0.10890000000000001,1024144,401.90000000000003,66.98333333333333,4.0,5.0,-0.1999999999999993
85,144.7,10.7,147.0,35.0,62.0,95,0.0,1011,43,25.7,2.4,0.66,2023,4,26,15,2,116,17,-0.7071067811865471,-0.7071067811865479,0.8660254037844387,-0.4999999999999998,0.9749279121818236,-0.22252093395631434,1,1,0,23.0,19.0,14.0,34.0,36.0,12.0,23.333333333333332,4.50924975282416,28.0,19.0,22.666666666666668,7.312090444369969,34.0,14.0,29.25,9.24539197261358,41.0,14.0,27.916666666666668,7.471200745510246,41.0,14.0,26.0,25.3,22.7,43.0,48.0,70.0,0.33,0.66,1.66,1012.0,1014.0,1016.0,1105.1,28.380000000000003,16.962,0.0,0.7999771435101855,13.522100738248762,13.737033922063361,11.050999999999998,25.37,0.025420350721710464,660.49,1849,0.43560000000000004,1022121,427.4,71.23333333333333,5.0,14.0,-0.3000000000000007
92,147.7,12.0,154.0,28.8,65.0,100,1.0,1011,44,25.5,1.9,1.0,2023,4,26,16,2,116,17,-0.8660254037844385,-0.5000000000000004,0.8660254037844387,-0.4999999999999998,0.9749279121818236,-0.22252093395631434,1,1,0,28.0,23.0,19.0,34.0,33.0,16.0,24.666666666666668,2.8867513459500533,28.0,23.0,20.833333333333332,4.875106836434027,28.0,14.0,28.416666666666668,9.326972941014633,41.0,14.0,28.208333333333332,7.113851562829645,41.0,14.0,25.7,26.2,23.6,43.0,42.0,64.0,0.66,1.2,2.0,1011.0,1012.0,1016.0,1122.0,44.0,25.5,100.0,0.7985833825214401,12.307307724356303,12.832263978001833,11.22,25.0,0.02522252698068548,650.25,1936,1.0,1022121,430.5,71.75,-5.0,4.0,-0.1999999999999993
87,243.6,47.3,110.0,36.3,90.0,87,0.0,1011,50,24.9,1.1,0.66,2023,4,26,17,2,116,17,-0.9659258262890683,-0.25881904510252063,0.8660254037844387,-0.4999999999999998,0.9749279121818236,-0.22252093395631434,1,1,0,23.0,28.0,23.0,18.0,27.0,29.0,26.666666666666668,3.214550253665976,29.0,23.0,22.666666666666668,5.609515724788248,29.0,14.0,28.583333333333332,9.317220940849314,41.0,14.0,28.208333333333332,7.113851562829645,41.0,14.0,25.5,26.0,24.5,44.0,43.0,55.0,1.0,0.33,1.33,1011.0,1012.0,1015.0,1245.0,33.0,16.434,0.0,0.798876064020275,5.149996828819687,2.3255322297625844,12.45,24.57,0.024629055757610527,620.0099999999999,2500,0.43560000000000004,1022121,556.2,92.7,6.0,6.0,-0.6000000000000014
89,339.5,82.7,66.0,37.5,115.0,75,0.25,1011,56,24.2,0.7,0.33,2023,4,26,18,2,116,17,-1.0,-1.8369701987210297e-16,0.8660254037844387,-0.4999999999999998,0.9749279121818236,-0.22252093395631434,1,2,0,29.0,23.0,28.0,14.0,41.0,20.0,27.333333333333332,3.7859388972015697,30.0,23.0,25.333333333333332,4.320493798936394,30.0,19.0,27.666666666666668,8.488851869399124,41.0,14.0,28.625,6.901874351596108,41.0,14.0,24.9,25.7,25.3,50.0,43.0,48.0,0.66,0.66,0.66,1011.0,1011.0,1014.0,1355.2,18.48,7.986,18.75,0.7999786672355405,4.1051498772687145,0.7980556462436971,13.552,24.035,0.023936672664023082,585.64,3136,0.10890000000000001,1022121,670.7,111.78333333333335,1.0,2.0,-0.6999999999999993
126,435.4,118.0,22.0,56.3,140.0,62,0.0,1011,63,23.6,0.0,1.6,2023,4,26,19,2,116,17,-0.9659258262890684,0.2588190451025203,0.8660254037844387,-0.4999999999999998,0.9749279121818236,-0.22252093395631434,1,2,0,30.0,29.0,23.0,19.0,41.0,26.0,34.666666666666664,8.962886439832994,45.0,29.0,29.666666666666668,8.091147425838303,45.0,23.0,28.0,9.115421498257994,45.0,14.0,29.416666666666668,7.638100530246236,45.0,14.0,24.2,25.5,26.2,56.0,44.0,42.0,0.33,1.0,1.2,1011.0,1011.0,1012.0,1486.8000000000002,100.80000000000001,37.760000000000005,0.0,0.7992753237065062,3.6897992389894996,0.18643909797374597,14.868000000000002,22.8,0.023343201440948133,556.96,3969,2.5600000000000005,1022121,816.6999999999999,136.11666666666665,15.0,22.0,-0.5999999999999979
173,468.0,116.3,18.3,91.3,148.3,50,0.0,1011,66,23.3,0.0,0.33,2023,4,26,20,2,116,17,-0.8660254037844386,0.5000000000000001,0.8660254037844387,-0.4999999999999998,0.9749279121818236,-0.22252093395631434,1,2,0,45.0,30.0,29.0,23.0,39.0,28.0,49.333333333333336,21.825062046494597,73.0,30.0,38.0,18.676188047885653,73.0,23.0,30.833333333333332,15.729724804466137,73.0,14.0,31.291666666666668,11.71204941286018,73.0,14.0,23.6,24.9,26.0,63.0,50.0,43.0,1.6,0.66,0.33,1011.0,1011.0,1012.0,1537.8,21.78,7.689000000000001,0.0,0.7995531264717801,4.02404106585498,0.15735032372894472,15.378,23.135,0.023046465829410653,542.89,4356,0.10890000000000001,1022121,915.1999999999998,152.5333333333333,28.0,44.0,-0.3000000000000007
196,500.7,114.7,14.7,112.5,156.7,37,0.0,1011,68,23.0,0.0,0.66,2023,4,26,21,2,116,17,-0.7071067811865477,0.7071067811865474,0.8660254037844387,-0.4999999999999998,0.9749279121818236,-0.22252093395631434,1,2,0,73.0,45.0,30.0,28.0,34.0,24.0,69.33333333333333,22.72296928953904,90.0,45.0,48.333333333333336,27.229885542665397,90.0,23.0,35.5,23.2594066992259,90.0,14.0,34.041666666666664,16.63803700447629,90.0,14.0,23.3,24.2,25.7,66.0,56.0,43.0,0.33,0.33,0.66,1011.0,1011.0,1011.0,1564.0,44.88,15.180000000000001,0.0,0.7999928889520982,4.365262726567336,0.12815930113948437,15.64,22.67,0.022749730217873177,529.0,4624,0.43560000000000004,1022121,989.3,164.88333333333333,17.0,60.0,-0.3000000000000007
165,533.4,113.0,11.0,83.8,165.0,25,0.0,1011,72,22.7,0.0,1.0,2023,4,26,22,2,116,17,-0.5000000000000004,0.8660254037844384,0.8660254037844387,-0.4999999999999998,0.9749279121818236,-0.22252093395631434,1,3,0,90.0,73.0,45.0,23.0,34.0,26.0,76.66666666666667,11.930353445448825,90.0,67.0,55.666666666666664,24.864968664099724,90.0,29.0,38.25,24.954959426935453,90.0,14.0,35.75,17.838039471139105,90.0,14.0,23.0,23.6,25.5,68.0,63.0,44.0,0.66,1.6,1.0,1011.0,1011.0,1011.0,1634.3999999999999,72.0,22.7,0.0,0.7995131323015239,4.720312209626463,0.0973442712896346,16.343999999999998,22.2,0.0224529946063357,515.29,5184,1.0,1022121,973.1999999999999,162.2,-23.0,22.0,-0.3000000000000007
164,468.8,99.3,14.0,82.5,151.7,50,0.0,1011,77,22.1,0.0,0.66,2023,4,26,23,2,116,17,-0.25881904510252157,0.9659258262890681,0.8660254037844387,-0.4999999999999998,0.9749279121818236,-0.22252093395631434,1,3,0,67.0,90.0,73.0,29.0,18.0,25.0,74.33333333333333,13.576941236277529,90.0,66.0,61.833333333333336,21.254803378687463,90.0,30.0,42.25,25.259111767295416,90.0,14.0,37.458333333333336,18.705914355734173,90.0,14.0,22.7,23.3,24.9,72.0,66.0,50.0,1.0,0.33,0.66,1011.0,1011.0,1011.0,1701.7,50.82,14.586000000000002,0.0,0.7999903031478406,4.720999788521767,0.14098548856506984,17.017,21.770000000000003,0.021859523383260752,488.4100000000001,5929,0.43560000000000004,1022121,882.3,147.04999999999998,-1.0,-7.0,-0.5999999999999979
139,404.2,85.7,17.0,62.5,138.3,75,0.0,1011,83,21.6,0.0,0.33,2023,4,27,0,3,117,17,0.0,1.0,0.8660254037844387,-0.4999999999999998,0.43388373911755823,-0.900968867902419,1,3,0,66.0,67.0,90.0,30.0,14.0,27.0,61.0,9.539392014169612,67.0,50.0,65.16666666666667,16.240894885032215,90.0,45.0,45.25,23.687837308704033,90.0,19.0,38.416666666666664,18.735960927693622,90.0,14.0,22.1,23.0,24.2,77.0,68.0,56.0,0.66,0.66,0.33,1011.0,1011.0,1011.0,1792.8000000000002,27.39,7.128000000000001,0.0,0.7999872002047967,4.7163977083114546,0.198364079765697,17.928,21.435000000000002,0.02136496403069829,466.56000000000006,6889,0.10890000000000001,1022121,757.7,126.28333333333335,-16.0,-40.0,-0.5
134,339.7,72.0,20.0,60.0,125.0,100,0.0,1012,90,21.0,0.0,1.6,2023,4,27,1,3,117,17,0.25881904510252074,0.9659258262890683,0.8660254037844387,-0.4999999999999998,0.43388373911755823,-0.900968867902419,1,3,0,50.0,66.0,67.0,45.0,19.0,31.0,54.666666666666664,9.865765724632718,66.0,48.0,65.66666666666667,15.526321736543586,90.0,48.0,47.666666666666664,22.1988260677873,90.0,23.0,39.125,18.764704379093928,90.0,14.0,21.6,22.7,23.6,83.0,72.0,63.0,0.33,1.0,1.6,1011.0,1011.0,1011.0,1890.0,144.0,33.6,0.0,0.7999866668888852,4.7179900279162785,0.2777739198066693,18.9,20.2,0.02075096763738376,441.0,8100,2.5600000000000005,1024144,664.7,110.78333333333335,-2.0,-19.0,-0.6000000000000014
145,309.5,61.0,23.7,65.0,117.0,100,0.0,1011,90,21.0,0.0,0.33,2023,4,27,2,3,117,17,0.49999999999999994,0.8660254037844387,0.8660254037844387,-0.4999999999999998,0.43388373911755823,-0.900968867902419,1,3,0,48.0,50.0,66.0,73.0,23.0,31.0,50.0,2.000000000001367,52.0,48.0,62.166666666666664,15.90492586171543,90.0,48.0,50.083333333333336,20.804100703000845,90.0,23.0,40.0,18.85874263870865,90.0,14.0,21.0,22.1,23.3,90.0,77.0,66.0,1.6,0.66,0.33,1012.0,1011.0,1011.0,1890.0,29.700000000000003,6.930000000000001,0.0,0.7999876924970385,5.073687316601367,0.3885182210127703,18.9,20.835,0.020771492807623335,441.0,8100,0.10890000000000001,1022121,628.2,104.7,4.0,-14.0,0.0
165,279.3,50.0,27.3,83.8,109.0,100,0.0,1011,90,21.1,0.0,0.66,2023,4,27,3,3,117,17,0.7071067811865476,0.7071067811865476,0.8660254037844387,-0.4999999999999998,0.43388373911755823,-0.900968867902419,1,3,0,52.0,48.0,50.0,90.0,28.0,36.0,55.666666666666664,10.016652800878022,67.0,48.0,58.333333333333336,9.223159256277793,67.0,48.0,53.333333333333336,20.074105134966565,90.0,23.0,41.291666666666664,19.619154718898123,90.0,14.0,21.0,21.6,23.0,90.0,83.0,68.0,0.33,0.33,0.66,1011.0,1011.0,1011.0,1899.0000000000002,59.400000000000006,13.926000000000002,0.0,0.7995131323015239,5.585888282234356,0.5459890802183957,18.990000000000002,20.770000000000003,0.02087040467813583,445.21000000000004,8100,0.43560000000000004,1022121,616.4000000000001,102.73333333333335,15.0,17.0,0.10000000000000142
168,249.2,39.0,31.0,86.3,101.0,100,0.0,1011,90,21.1,0.0,1.0,2023,4,27,4,3,117,17,0.8660254037844386,0.5000000000000001,0.8660254037844387,-0.4999999999999998,0.43388373911755823,-0.900968867902419,1,3,0,67.0,52.0,48.0,67.0,23.0,33.0,62.666666666666664,9.291573243177709,69.0,52.0,58.666666666666664,9.626352718795571,69.0,48.0,57.166666666666664,18.044557645064465,90.0,29.0,42.791666666666664,20.321287118313453,90.0,14.0,21.1,21.0,22.7,90.0,90.0,72.0,0.66,1.6,1.0,1011.0,1012.0,1011.0,1899.0000000000002,90.0,21.1,0.0,0.7995272360691069,6.389579754365273,0.794851414066306,18.990000000000002,20.6,0.02087040467813583,445.21000000000004,8100,1.0,1022121,575.5,95.91666666666667,2.0,21.0,0.0
164,261.6,41.7,31.0,82.5,100.3,91,0.0,1011,91,21.5,0.0,1.33,2023,4,27,5,3,117,17,0.9659258262890683,0.25881904510252074,0.8660254037844387,-0.4999999999999998,0.43388373911755823,-0.900968867902419,1,3,0,69.0,67.0,52.0,66.0,29.0,27.0,67.33333333333333,1.527525231652449,69.0,66.0,58.666666666666664,9.626352718795571,69.0,48.0,60.25,15.81785527353627,90.0,30.0,44.416666666666664,20.56150194705741,90.0,14.0,21.1,21.0,22.1,90.0,90.0,77.0,1.0,0.33,0.66,1011.0,1011.0,1011.0,1956.5,121.03,28.595000000000002,0.0,0.7999903031478406,6.2732308577731954,0.7433874487422364,19.565,20.835,0.021266052160185796,462.25,8281,1.7689000000000001,1022121,583.1,97.18333333333334,-3.0,14.0,0.3999999999999986
137,274.1,44.3,31.0,61.3,99.7,83,0.0,1011,91,21.8,1.6,1.66,2023,4,27,6,3,117,17,1.0,6.123233995736766e-17,0.8660254037844387,-0.4999999999999998,0.43388373911755823,-0.900968867902419,1,0,0,66.0,69.0,67.0,50.0,30.0,41.0,61.333333333333336,10.785793124909091,69.0,49.0,58.5,9.81325634027748,69.0,48.0,61.833333333333336,13.258502132136664,90.0,45.0,44.75,20.568549229134014,90.0,14.0,21.5,21.1,21.6,91.0,90.0,83.0,1.33,0.66,0.33,1011.0,1011.0,1011.0,1983.8,151.06,36.188,0.0,0.7993344317384709,6.187219250129795,0.6997584704634208,19.838,20.970000000000002,0.021562787771723272,475.24,8281,2.7556,1022121,559.4000000000001,93.23333333333335,-17.0,-18.0,0.3000000000000007
137,286.5,47.0,31.0,61.3,99.0,75,0.0,1011,92,22.2,2.4,2.0,2023,4,27,7,3,117,17,0.9659258262890683,-0.25881904510252063,0.8660254037844387,-0.4999999999999998,0.43388373911755823,-0.900968867902419,1,0,0,49.0,66.0,69.0,48.0,45.0,41.0,54.666666666666664,9.81495457622386,66.0,49.0,58.666666666666664,9.60555394897467,69.0,49.0,62.166666666666664,12.840513536412068,90.0,48.0,45.083333333333336,20.569958395820887,90.0,14.0,21.8,21.1,21.0,91.0,90.0,90.0,1.66,1.0,1.6,1011.0,1011.0,1012.0,2042.3999999999999,184.0,44.4,0.0,0.7993344317384709,6.095614986915172,0.6595604348843642,20.424,21.2,0.02195843525377324,492.84,8464,4.0,1022121,573.8,95.63333333333333,0.0,-20.0,0.3999999999999986
118,250.2,37.0,61.7,52.5,100.7,75,0.0,1011,79,23.8,3.7,2.0,2023,4,27,8,3,117,17,0.8660254037844387,-0.4999999999999998,0.8660254037844387,-0.4999999999999998,0.43388373911755823,-0.900968867902419,1,0,0,49.0,49.0,66.0,52.0,73.0,39.0,46.666666666666664,4.041451884328146,49.0,42.0,57.0,11.644741302407517,69.0,42.0,59.583333333333336,13.561029280681792,90.0,42.0,45.208333333333336,20.540477888405203,90.0,14.0,22.2,21.5,21.0,92.0,91.0,90.0,2.0,1.33,0.33,1011.0,1011.0,1011.0,1880.2,158.0,47.6,0.0,0.7999847621950058,6.761979405962001,1.6675224993919084,18.802,22.8,0.023541025181973114,566.44,6241,4.0,1022121,544.1,90.68333333333334,-7.0,-24.0,1.6000000000000014
121,213.8,27.0,92.3,53.8,102.3,75,0.0,1012,69,25.5,5.1,2.0,2023,4,27,9,3,117,17,0.7071067811865476,-0.7071067811865475,0.8660254037844387,-0.4999999999999998,0.43388373911755823,-0.900968867902419,1,0,0,42.0,49.0,49.0,67.0,90.0,34.0,44.666666666666664,3.7859388972010595,49.0,42.0,53.0,11.644741302407448,69.0,42.0,55.666666666666664,10.395220346899817,69.0,42.0,45.583333333333336,20.408686698404395,90.0,14.0,23.8,21.8,21.1,79.0,91.0,90.0,2.0,1.66,0.66,1011.0,1011.0,1011.0,1759.5,138.0,51.0,0.0,0.7992416497834613,7.918225250916633,3.4183919114106884,17.595,24.5,0.025197603559680277,650.25,4761,4.0,1024144,532.2,88.7,1.0,-6.0,1.6999999999999993
107,177.4,17.0,123.0,47.5,104.0,75,0.0,1012,60,27.1,7.1,2.0,2023,4,27,10,3,117,17,0.49999999999999994,-0.8660254037844387,0.8660254037844387,-0.4999999999999998,0.43388373911755823,-0.900968867902419,1,0,0,43.0,42.0,49.0,69.0,67.0,34.0,41.0,2.6457513110660043,43.0,38.0,47.833333333333336,9.867454923467271,66.0,38.0,53.25,10.880549785574146,69.0,38.0,45.75,20.326145082455966,90.0,14.0,25.5,22.2,21.1,69.0,92.0,90.0,2.0,2.0,1.0,1012.0,1011.0,1011.0,1626.0,120.0,54.2,0.0,0.7999831582493001,10.434680312922769,7.234868537144873,16.26,26.1,0.026778629665385707,734.4100000000001,3600,4.0,1024144,506.9,84.48333333333333,-5.0,-11.0,1.6000000000000014
91,175.1,16.3,130.3,38.8,96.3,62,0.0,1011,57,27.9,4.5,2.33,2023,4,27,11,3,117,17,0.258819045102521,-0.9659258262890682,0.8660254037844387,-0.4999999999999998,0.43388373911755823,-0.900968867902419,1,0,0,38.0,43.0,42.0,66.0,66.0,18.0,37.333333333333336,6.0277137733423976,43.0,31.0,42.0,6.870225614926299,49.0,31.0,50.333333333333336,11.803954139750264,69.0,31.0,46.291666666666664,19.71862762370455,90.0,14.0,27.1,23.8,21.5,60.0,79.0,91.0,2.0,2.0,1.33,1012.0,1011.0,1011.0,1590.3,132.81,65.007,0.0,0.7989484807092602,10.741672290043555,7.993374639592663,15.902999999999999,26.735,0.02759641187298529,778.41,3249,5.4289000000000005,1022121,487.80000000000007,81.30000000000001,-7.0,-11.0,0.7999999999999972
95,172.7,15.7,137.7,41.3,88.7,50,0.0,1010,55,28.8,4.1,2.66,2023,4,27,12,3,117,17,1.2246467991473532e-16,-1.0,0.8660254037844387,-0.4999999999999998,0.43388373911755823,-0.900968867902419,1,1,0,31.0,38.0,43.0,49.0,50.0,14.0,34.0,3.6055512754652455,38.0,31.0,39.333333333333336,6.713171133425322,49.0,31.0,48.916666666666664,12.823687835289961,69.0,31.0,47.083333333333336,18.72203228160951,90.0,19.0,27.9,25.5,21.8,57.0,69.0,91.0,2.33,2.0,1.66,1011.0,1012.0,1011.0,1584.0,146.3,76.608,0.0,0.7990121304568898,10.99929940768104,8.770142029170117,15.84,27.47,0.028514823252650246,829.44,3025,7.0756000000000006,1020100,489.09999999999997,81.51666666666667,2.0,-10.0,0.9000000000000021
107,170.4,15.0,145.0,47.5,81.0,37,0.0,1009,53,29.6,3.7,3.0,2023,4,27,13,3,117,17,-0.2588190451025208,-0.9659258262890683,0.8660254037844387,-0.4999999999999998,0.43388373911755823,-0.900968867902419,1,1,0,33.0,31.0,38.0,49.0,48.0,19.0,34.0,3.6055512754652455,38.0,31.0,37.5,4.7644516998273385,43.0,31.0,48.083333333333336,13.207837434529688,69.0,31.0,47.875,17.864982751059618,90.0,23.0,28.8,27.1,22.2,55.0,60.0,92.0,2.66,2.0,2.0,1010.0,1012.0,1011.0,1568.8000000000002,159.0,88.80000000000001,0.0,0.7999831582493001,11.35924271715219,9.666022265182322,15.688000000000002,28.1,0.02933594713979471,876.1600000000001,2809,9.0,1018081,496.9,82.81666666666666,5.0,0.0,0.8000000000000007
118,177.4,18.3,139.7,52.5,85.3,40,0.0,1008,54,29.9,3.7,3.0,2023,4,27,14,3,117,17,-0.4999999999999997,-0.8660254037844388,0.8660254037844387,-0.4999999999999998,0.43388373911755823,-0.900968867902419,1,1,0,38.0,33.0,31.0,42.0,52.0,23.0,37.666666666666664,4.509249752823806,42.0,33.0,37.5,4.7644516998273385,43.0,31.0,47.25,13.25364443876042,69.0,31.0,48.666666666666664,17.1202058771315,90.0,23.0,29.6,27.9,23.8,53.0,57.0,79.0,3.0,2.33,2.0,1009.0,1011.0,1011.0,1614.6,162.0,89.69999999999999,0.0,0.7999847621950058,9.693459373804709,7.63346265231408,16.146,28.4,0.029662668985447435,894.0099999999999,2916,9.0,1016064,515.1999999999999,85.86666666666666,4.0,11.0,0.29999999999999716
87,184.4,21.7,134.3,36.3,89.7,43,0.0,1008,55,30.2,5.1,3.0,2023,4,27,15,3,117,17,-0.7071067811865471,-0.7071067811865479,0.8660254037844387,-0.4999999999999998,0.43388373911755823,-0.900968867902419,1,1,0,42.0,38.0,33.0,43.0,67.0,28.0,36.333333333333336,6.658328118480032,42.0,29.0,35.166666666666664,4.956477243633155,42.0,29.0,44.083333333333336,12.630830486863204,69.0,29.0,48.708333333333336,17.068860960613605,90.0,23.0,29.9,28.8,25.5,54.0,55.0,69.0,3.0,2.66,2.0,1008.0,1010.0,1012.0,1661.0,165.0,90.6,0.0,0.798876064020275,8.497304271692549,6.188654900695821,16.61,28.7,0.029960287737809784,912.04,3025,9.0,1016064,495.4,82.56666666666666,-13.0,-4.0,0.3000000000000007
98,191.4,25.0,129.0,42.5,94.0,46,0.0,1007,57,30.5,2.6,3.0,2023,4,27,16,3,117,17,-0.8660254037844385,-0.5000000000000004,0.8660254037844387,-0.4999999999999998,0.43388373911755823,-0.900968867902419,1,1,0,29.0,42.0,38.0,38.0,69.0,23.0,35.0,6.557438524302673,42.0,29.0,34.5,4.764451699827208,42.0,29.0,41.166666666666664,10.15187697229435,66.0,29.0,49.166666666666664,16.48627008905535,90.0,29.0,30.2,29.6,27.1,55.0,53.0,60.0,3.0,3.0,2.0,1008.0,1009.0,1012.0,1738.5,171.0,91.5,0.0,0.7999811769134845,7.65569377224911,5.1597936082556695,17.385,29.0,0.0302879540338093,930.25,3249,9.0,1014049,515.9,85.98333333333333,5.0,-4.0,0.3000000000000007
95,190.4,30.3,110.7,41.3,81.3,50,0.0,1007,61,29.4,1.5,3.0,2023,4,27,17,3,117,17,-0.9659258262890683,-0.25881904510252063,0.8660254037844387,-0.4999999999999998,0.43388373911755823,-0.900968867902419,1,1,0,34.0,29.0,42.0,31.0,66.0,29.0,32.0,2.645751311066388,34.0,29.0,34.833333333333336,4.535048695069677,42.0,29.0,38.416666666666664,6.694072457077255,49.0,29.0,49.333333333333336,16.292614135316793,90.0,29.0,30.5,29.9,27.9,57.0,54.0,57.0,3.0,3.0,2.33,1007.0,1008.0,1011.0,1793.3999999999999,183.0,88.19999999999999,0.0,0.7990121304568898,6.283621002607174,3.6533447740998644,17.933999999999997,27.9,0.029195601593245687,864.3599999999999,3721,9.0,1014049,487.00000000000006,81.16666666666667,-1.0,-9.0,-1.1000000000000014
78,189.5,35.7,92.3,31.3,68.7,53,0.0,1007,66,28.3,1.8,3.0,2023,4,27,18,3,117,17,-1.0,-1.8369701987210297e-16,0.8660254037844387,-0.4999999999999998,0.43388373911755823,-0.900968867902419,1,2,0,33.0,34.0,29.0,33.0,49.0,30.0,30.666666666666668,4.932882862317242,34.0,25.0,33.5,6.0909769331352726,42.0,25.0,36.416666666666664,6.828527504431842,49.0,25.0,49.125,16.58001022709095,90.0,25.0,29.4,30.2,28.8,61.0,55.0,55.0,3.0,3.0,2.66,1007.0,1008.0,1010.0,1867.8,198.0,84.9,0.0,0.7986965272674994,5.3079745665387525,2.585361754572701,18.678,26.8,0.028103249152682076,800.89,4356,9.0,1014049,442.5,73.75,-8.0,-4.0,-1.0999999999999979
95,188.5,41.0,74.0,41.3,56.0,56,0.0,1008,71,27.2,0.0,3.0,2023,4,27,19,3,117,17,-0.9659258262890684,0.2588190451025203,0.8660254037844387,-0.4999999999999998,0.43388373911755823,-0.900968867902419,1,2,0,25.0,33.0,34.0,38.0,49.0,45.0,30.333333333333332,4.618802153518076,33.0,25.0,32.666666666666664,5.68037557443628,42.0,25.0,35.083333333333336,5.599648257351072,43.0,25.0,48.625,16.88789764762113,90.0,25.0,28.3,30.5,29.6,66.0,57.0,53.0,3.0,3.0,3.0,1007.0,1007.0,1009.0,1931.2,213.0,81.6,0.0,0.7990121304568898,4.597448842711153,1.8048340284383309,19.312,25.7,0.026984100214186294,739.8399999999999,5041,9.0,1016064,433.8,72.3,8.0,-1.0,-1.1000000000000014
112,188.3,38.0,71.3,50.0,55.3,59,0.0,1008,77,26.4,0.0,3.0,2023,4,27,20,3,117,17,-0.8660254037844386,0.5000000000000001,0.8660254037844387,-0.4999999999999998,0.43388373911755823,-0.900968867902419,1,2,0,33.0,25.0,33.0,42.0,42.0,73.0,32.666666666666664,7.5055534994657584,40.0,25.0,32.333333333333336,5.046450898072046,40.0,25.0,34.916666666666664,5.401318581997986,43.0,25.0,47.25,16.144052613350038,90.0,25.0,27.2,29.4,29.9,71.0,61.0,54.0,3.0,3.0,3.0,1008.0,1007.0,1008.0,2032.8,231.0,79.19999999999999,0.0,0.7999840003199936,4.95513275966422,1.8762664140417358,20.328,24.9,0.026190450207886698,696.9599999999999,5929,9.0,1016064,442.90000000000003,73.81666666666668,7.0,7.0,-0.8000000000000007
121,188.1,35.0,68.7,53.8,54.7,62,0.0,1009,83,25.5,0.0,3.0,2023,4,27,21,3,117,17,-0.7071067811865477,0.7071067811865474,0.8660254037844387,-0.4999999999999998,0.43388373911755823,-0.900968867902419,1,2,0,40.0,33.0,25.0,29.0,43.0,90.0,38.666666666666664,5.131601439447662,43.0,33.0,34.666666666666664,6.282250127673456,43.0,25.0,34.916666666666664,5.401318581997986,43.0,25.0,45.291666666666664,13.33996664706973,69.0,25.0,26.4,28.3,30.2,77.0,66.0,55.0,3.0,3.0,3.0,1008.0,1007.0,1008.0,2116.5,249.0,76.5,0.0,0.7992416497834613,5.374132167652353,1.9628010628267767,21.165,24.0,0.025272522029215035,650.25,6889,9.0,1018081,443.3,73.88333333333334,3.0,18.0,-0.8999999999999986
102,187.9,32.0,66.0,45.0,54.0,65,0.0,1010,89,24.7,0.0,3.0,2023,4,27,22,3,117,17,-0.5000000000000004,0.8660254037844384,0.8660254037844387,-0.4999999999999998,0.43388373911755823,-0.900968867902419,1,3,0,43.0,40.0,33.0,34.0,38.0,67.0,39.666666666666664,3.511884584285351,43.0,36.0,35.0,6.292853089019847,43.0,25.0,34.75,5.327885475154091,43.0,25.0,44.0,12.628470250571539,69.0,25.0,25.5,27.2,30.5,83.0,71.0,57.0,3.0,3.0,3.0,1009.0,1008.0,1007.0,2198.2999999999997,267.0,74.1,0.0,0.7999822226172753,5.871691509640324,2.0624355488890975,21.982999999999997,23.2,0.02445542133126601,610.0899999999999,7921,9.0,1020100,420.9,70.14999999999999,-7.0,3.0,-0.8000000000000007
102,174.7,27.3,66.0,45.0,52.3,68,0.0,1009,91,24.5,0.0,3.0,2023,4,27,23,3,117,17,-0.25881904510252157,0.9659258262890681,0.8660254037844387,-0.4999999999999998,0.43388373911755823,-0.900968867902419,1,3,0,36.0,43.0,40.0,33.0,31.0,66.0,38.333333333333336,4.041451884328377,43.0,36.0,35.5,6.220932405997259,43.0,25.0,35.166666666666664,5.201980974648058,43.0,25.0,42.75,11.814692400640151,69.0,25.0,24.7,26.4,29.4,89.0,77.0,61.0,3.0,3.0,3.0,1010.0,1008.0,1007.0,2229.5,273.0,73.5,0.0,0.7999822226172753,6.3990330024541215,2.4174938646936006,22.295,23.0,0.024281442733951702,600.25,8281,9.0,1018081,401.3,66.88333333333334,0.0,-4.0,-0.1999999999999993
102,161.5,22.7,66.0,45.0,50.7,71,0.0,1009,92,24.4,0.0,3.0,2023,4,28,0,4,118,17,0.0,1.0,0.8660254037844387,-0.4999999999999998,-0.433883739117558,-0.9009688679024191,1,3,0,36.0,36.0,43.0,25.0,33.0,50.0,36.0,0.0,36.0,36.0,37.333333333333336,3.5590260840086976,43.0,33.0,35.416666666666664,5.160308893737096,43.0,25.0,42.166666666666664,11.78675257362642,69.0,25.0,24.5,25.5,28.3,91.0,83.0,66.0,3.0,3.0,3.0,1009.0,1009.0,1007.0,2244.7999999999997,276.0,73.19999999999999,0.0,0.7999822226172753,7.1142240429937,2.907360909211048,22.447999999999997,22.9,0.024182334804425366,595.3599999999999,8464,9.0,1018081,381.9,63.65,0.0,-7.0,-0.10000000000000142
102,148.2,18.0,66.0,45.0,49.0,75,0.0,1009,93,24.2,0.0,3.0,2023,4,28,1,4,118,17,0.25881904510252074,0.9659258262890683,0.8660254037844387,-0.4999999999999998,-0.433883739117558,-0.9009688679024191,1,3,0,36.0,36.0,36.0,33.0,38.0,48.0,36.0,0.0,36.0,36.0,37.833333333333336,2.9944392908613953,43.0,36.0,35.25,5.101247619232139,43.0,25.0,41.666666666666664,11.783063256647221,69.0,25.0,24.4,24.7,27.2,92.0,89.0,71.0,3.0,3.0,3.0,1009.0,1010.0,1008.0,2250.6,279.0,72.6,0.0,0.7999822226172753,8.232875951336036,3.6664629742792063,22.506,22.7,0.0239841189453727,585.64,8649,9.0,1018081,362.2,60.36666666666667,0.0,0.0,-0.1999999999999993
102,139.5,14.7,65.0,45.0,44.7,83,0.0,1009,94,24.2,0.0,2.33,2023,4,28,2,4,118,17,0.49999999999999994,0.8660254037844387,0.8660254037844387,-0.4999999999999998,-0.433883739117558,-0.9009688679024191,1,3,0,36.0,36.0,36.0,40.0,42.0,52.0,36.0,0.0,36.0,36.0,37.166666666666664,2.857738033244863,43.0,36.0,34.75,4.6539328432074765,43.0,25.0,41.0,11.624561702817596,69.0,25.0,24.2,24.5,26.4,93.0,91.0,77.0,3.0,3.0,3.0,1009.0,1009.0,1008.0,2274.7999999999997,219.02,56.386,0.0,0.7999822226172753,9.489150397932114,4.421467927351881,22.747999999999998,23.035,0.0239841189453727,585.64,8836,5.4289000000000005,1018081,344.9,57.48333333333333,0.0,0.0,0.0
98,130.7,11.3,64.0,42.5,40.3,91,0.0,1008,95,24.2,0.0,1.66,2023,4,28,3,4,118,17,0.7071067811865476,0.7071067811865476,0.8660254037844387,-0.4999999999999998,-0.433883739117558,-0.9009688679024191,1,3,0,36.0,36.0,36.0,43.0,29.0,67.0,35.333333333333336,1.1547005383830329,36.0,34.0,35.666666666666664,0.8164965809197234,36.0,34.0,35.166666666666664,4.302923600895769,43.0,25.0,39.625,10.29061412795366,69.0,25.0,24.2,24.4,25.5,94.0,92.0,83.0,2.33,3.0,3.0,1009.0,1009.0,1009.0,2299.0,157.7,40.172,0.0,0.7999811769134845,11.5653481992744,5.663215644633218,22.99,23.37,0.024007912690562808,585.64,9025,2.7556,1016064,322.8,53.800000000000004,-2.0,-2.0,0.0
102,122.0,8.0,63.0,45.0,36.0,100,0.0,1008,95,24.2,0.0,1.0,2023,4,28,4,4,118,17,0.8660254037844386,0.5000000000000001,0.8660254037844387,-0.4999999999999998,-0.433883739117558,-0.9009688679024191,1,3,0,34.0,36.0,36.0,36.0,34.0,69.0,35.333333333333336,1.1547005383830329,36.0,34.0,35.666666666666664,0.8164965809197234,36.0,34.0,35.333333333333336,4.292346959908614,43.0,25.0,38.25,8.184024735395768,66.0,25.0,24.2,24.2,24.7,95.0,93.0,89.0,1.66,3.0,3.0,1008.0,1009.0,1010.0,2299.0,95.0,24.2,0.0,0.7999822226172753,15.248093988251469,7.874015748031496,22.99,23.7,0.024007912690562808,585.64,9025,1.0,1016064,310.0,51.666666666666664,2.0,0.0,0.0
93,129.2,11.0,59.0,40.0,36.3,100,0.0,1009,96,24.5,0.0,0.66,2023,4,28,5,4,118,17,0.9659258262890683,0.25881904510252074,0.8660254037844387,-0.4999999999999998,-0.433883739117558,-0.9009688679024191,1,3,0,36.0,34.0,36.0,36.0,33.0,66.0,34.0,2.0000000000022595,36.0,32.0,35.0,1.6733200530641645,36.0,32.0,35.25,4.351070923555772,43.0,25.0,36.833333333333336,5.753385896614855,49.0,25.0,24.2,24.2,24.5,95.0,94.0,91.0,1.0,2.33,3.0,1008.0,1009.0,1009.0,2352.0,63.36,16.17,0.0,0.7999800004999875,11.744386873920552,5.363148804654123,23.52,24.17,0.024281442733951702,600.25,9216,0.43560000000000004,1018081,307.5,51.25,-4.0,-4.0,0.3000000000000007
87,136.4,14.0,55.0,36.3,36.7,100,0.0,1010,96,24.7,0.7,0.33,2023,4,28,6,4,118,17,1.0,6.123233995736766e-17,0.8660254037844387,-0.4999999999999998,-0.433883739117558,-0.9009688679024191,1,0,0,32.0,36.0,34.0,36.0,25.0,49.0,32.333333333333336,3.5118845842855864,36.0,29.0,33.833333333333336,2.8577380332446243,36.0,29.0,35.583333333333336,3.579190699110673,43.0,29.0,36.0,5.348709718444087,49.0,25.0,24.5,24.2,24.4,96.0,95.0,92.0,0.66,1.66,3.0,1009.0,1008.0,1009.0,2371.2,31.68,8.151,0.0,0.798876064020275,9.742161274194702,3.928290836368831,23.712,24.535,0.02445542133126601,610.0899999999999,9216,0.10890000000000001,1020100,307.4,51.23333333333333,-3.0,-5.0,0.1999999999999993
89,143.6,17.0,51.0,37.5,37.0,100,0.0,1010,97,25.0,0.8,1.6,2023,4,28,7,4,118,17,0.9659258262890683,-0.25881904510252063,0.8660254037844387,-0.4999999999999998,-0.433883739117558,-0.9009688679024191,1,0,0,29.0,32.0,36.0,36.0,33.0,49.0,30.333333333333332,1.5275252316551717,32.0,29.0,32.833333333333336,2.9944392908610538,36.0,29.0,35.333333333333336,3.8690692640079813,43.0,29.0,35.208333333333336,4.708726096225984,43.0,25.0,24.7,24.2,24.2,96.0,95.0,93.0,0.33,1.0,3.0,1010.0,1008.0,1009.0,2425.0,155.20000000000002,40.0,0.0,0.7999786672355405,8.44656196694312,2.9998235397917767,24.25,24.2,0.024752450740147782,625.0,9409,2.5600000000000005,1020100,316.1,52.68333333333334,1.0,-6.0,0.3000000000000007
87,140.3,16.0,57.0,36.3,37.7,100,0.0,1011,92,25.8,1.3,2.4,2023,4,28,8,4,118,17,0.8660254037844387,-0.4999999999999998,0.8660254037844387,-0.4999999999999998,-0.433883739117558,-0.9009688679024191,1,0,0,30.0,29.0,32.0,36.0,40.0,42.0,29.333333333333332,0.5773502691983494,30.0,29.0,31.666666666666668,2.8751811537104888,36.0,29.0,34.416666666666664,3.9648073054930784,43.0,29.0,34.666666666666664,4.640714587653732,43.0,25.0,25.0,24.5,24.2,97.0,96.0,94.0,1.6,0.66,2.33,1010.0,1009.0,1009.0,2373.6,220.79999999999998,61.92,0.0,0.798876064020275,8.76820198737579,3.562277357665146,23.736,24.6,0.025519262592222956,665.64,8464,5.76,1022121,316.3,52.71666666666667,-1.0,-3.0,0.8000000000000007
89,137.0,15.0,63.0,37.5,38.3,100,0.0,1011,88,26.7,2.5,2.0,2023,4,28,9,4,118,17,0.7071067811865476,-0.7071067811865475,0.8660254037844387,-0.4999999999999998,-0.433883739117558,-0.9009688679024191,1,0,0,29.0,30.0,29.0,34.0,43.0,43.0,29.666666666666668,0.577350269198286,30.0,29.0,31.0,2.6832815729969597,36.0,29.0,33.333333333333336,3.0846639225604227,36.0,29.0,34.125,4.376940563413706,43.0,25.0,25.8,24.7,24.2,92.0,96.0,95.0,2.4,0.33,1.66,1011.0,1010.0,1008.0,2349.6,176.0,53.4,0.0,0.7999786672355405,9.13272448503433,4.199720018665422,23.496,25.7,0.026409469426835384,712.89,7744,4.0,1022121,320.8,53.46666666666667,1.0,1.0,0.8999999999999986
87,133.6,14.0,69.0,36.3,39.0,100,0.0,1012,84,27.5,4.4,3.6,2023,4,28,10,4,118,17,0.49999999999999994,-0.8660254037844387,0.8660254037844387,-0.4999999999999998,-0.433883739117558,-0.9009688679024191,1,0,0,30.0,29.0,30.0,36.0,36.0,38.0,29.333333333333332,0.5773502691983475,30.0,29.0,29.833333333333332,1.1690451944434082,32.0,29.0,32.75,3.1944554237834972,36.0,29.0,33.75,4.415880433164385,43.0,25.0,26.7,25.0,24.2,88.0,97.0,95.0,2.0,1.6,1.0,1011.0,1010.0,1008.0,2310.0,302.40000000000003,99.0,0.0,0.798876064020275,9.542175558888651,4.928219412899079,23.1,25.7,0.027173886191812064,756.25,7056,12.96,1024144,320.9,53.48333333333333,-1.0,-1.0,0.8000000000000007
80,134.0,13.0,83.3,32.5,43.0,100,0.0,1011,81,28.1,3.7,0.66,2023,4,28,11,4,118,17,0.258819045102521,-0.9659258262890682,0.8660254037844387,-0.4999999999999998,-0.433883739117558,-0.9009688679024191,1,0,0,29.0,30.0,29.0,32.0,36.0,31.0,28.333333333333332,2.0816659994686026,30.0,26.0,28.833333333333332,1.4719601443825892,30.0,26.0,31.916666666666668,3.553700589355023,36.0,26.0,33.541666666666664,4.6623297653194555,43.0,25.0,27.5,25.8,24.5,84.0,92.0,96.0,3.6,2.4,0.66,1012.0,1011.0,1009.0,2276.1,53.46,18.546000000000003,0.0,0.7999753853727578,10.306899469271595,6.407199446196446,22.761,27.770000000000003,0.027794235614010274,789.6100000000001,6561,0.43560000000000004,1022121,331.8,55.300000000000004,-3.0,-3.0,0.6000000000000014
112,134.4,12.0,97.7,50.0,47.0,100,0.0,1010,78,28.6,7.5,1.33,2023,4,28,12,4,118,17,1.2246467991473532e-16,-1.0,0.8660254037844387,-0.4999999999999998,-0.433883739117558,-0.9009688679024191,1,1,0,26.0,29.0,30.0,29.0,36.0,33.0,31.666666666666668,7.371114795832643,40.0,26.0,30.666666666666668,4.8027769744858615,40.0,26.0,32.25,4.114829058638103,40.0,26.0,33.833333333333336,4.842445184235226,43.0,25.0,28.1,26.7,24.7,81.0,88.0,96.0,0.66,2.0,0.33,1011.0,1011.0,1010.0,2230.8,103.74000000000001,38.038000000000004,0.0,0.7999840003199936,11.199066744437964,8.140988250979087,22.308000000000003,27.935000000000002,0.028316803646729064,817.96,6084,1.7689000000000001,1020100,381.1,63.51666666666667,14.0,10.0,0.5
107,134.8,11.0,112.0,47.5,51.0,100,0.0,1009,75,29.2,6.9,2.0,2023,4,28,13,4,118,17,-0.2588190451025208,-0.9659258262890683,0.8660254037844387,-0.4999999999999998,-0.433883739117558,-0.9009688679024191,1,1,0,40.0,26.0,29.0,30.0,36.0,38.0,34.666666666666664,7.5718777944009545,40.0,26.0,32.0,5.621387729020785,40.0,26.0,32.416666666666664,4.316107954949949,40.0,26.0,33.833333333333336,4.842445184235226,43.0,25.0,28.6,27.5,25.0,78.0,84.0,97.0,1.33,3.6,1.6,1010.0,1012.0,1010.0,2190.0,150.0,58.4,0.0,0.7999831582493001,12.253431506226708,10.18089264612308,21.9,28.2,0.028939515421689373,852.64,5625,4.0,1018081,394.3,65.71666666666667,-2.0,9.0,0.5999999999999979
80,141.0,14.3,102.7,32.5,57.0,87,0.0,1008,74,29.5,5.6,2.33,2023,4,28,14,4,118,17,-0.4999999999999997,-0.8660254037844388,0.8660254037844387,-0.4999999999999998,-0.433883739117558,-0.9009688679024191,1,1,0,38.0,40.0,26.0,29.0,36.0,42.0,34.666666666666664,7.5718777944009545,40.0,26.0,31.5,6.058052492343166,40.0,26.0,31.583333333333332,4.521832559589536,40.0,26.0,33.166666666666664,4.7700758053106265,43.0,25.0,29.2,28.1,25.8,75.0,81.0,92.0,2.0,0.66,2.4,1009.0,1011.0,1011.0,2183.0,172.42000000000002,68.735,0.0,0.7999753853727578,9.859450388084749,7.181315991888679,21.83,28.335,0.02926584398229764,870.25,5476,5.4289000000000005,1016064,373.5,62.25,-12.0,0.0,0.3000000000000007
76,147.3,17.7,93.3,30.0,63.0,75,0.0,1007,72,29.9,3.7,2.66,2023,4,28,15,4,118,17,-0.7071067811865471,-0.7071067811865479,0.8660254037844387,-0.4999999999999998,-0.433883739117558,-0.9009688679024191,1,1,0,26.0,38.0,40.0,30.0,34.0,29.0,29.333333333333332,7.5718777944010265,38.0,24.0,30.5,6.804410334480485,40.0,24.0,30.75,4.938255120622871,40.0,24.0,32.958333333333336,5.060324501252367,43.0,24.0,29.5,28.6,26.7,74.0,78.0,88.0,2.33,1.33,2.0,1008.0,1010.0,1011.0,2152.7999999999997,191.52,79.534,0.0,0.7999733342221925,8.321563753460257,5.270888650358737,21.528,28.57,0.02969212542986551,894.0099999999999,5184,7.0756000000000006,1014049,375.3,62.550000000000004,-2.0,-16.0,0.3999999999999986
82,153.5,21.0,84.0,33.8,69.0,62,0.0,1006,71,30.2,2.9,3.0,2023,4,28,16,4,118,17,-0.8660254037844385,-0.5000000000000004,0.8660254037844387,-0.4999999999999998,-0.433883739117558,-0.9009688679024191,1,1,0,24.0,26.0,38.0,29.0,36.0,34.0,25.666666666666668,1.5275252316554644,27.0,24.0,30.166666666666668,6.940220937884567,40.0,24.0,30.0,4.748205402617806,40.0,24.0,32.666666666666664,5.19754680148502,43.0,24.0,29.9,29.2,27.5,72.0,75.0,84.0,2.66,2.0,3.6,1007.0,1009.0,1012.0,2144.2,213.0,90.6,0.0,0.7987929351202628,7.309175753535546,3.9998095328793863,21.441999999999997,28.7,0.030019850874899726,912.04,5041,9.0,1012036,388.3,64.71666666666667,3.0,-11.0,0.3000000000000007
78,157.6,27.0,69.3,31.3,61.0,75,0.0,1006,76,29.2,1.3,3.0,2023,4,28,17,4,118,17,-0.9659258262890683,-0.25881904510252063,0.8660254037844387,-0.4999999999999998,-0.433883739117558,-0.9009688679024191,1,1,0,27.0,24.0,26.0,26.0,32.0,33.0,25.333333333333332,1.527525231655486,27.0,24.0,30.0,7.071067811864387,40.0,24.0,29.416666666666668,4.907477288111246,40.0,24.0,32.333333333333336,5.426718655165641,43.0,24.0,30.2,29.5,28.1,71.0,74.0,81.0,3.0,2.33,0.66,1006.0,1008.0,1011.0,2219.2,228.0,87.6,0.0,0.7986965272674994,5.836820858486722,2.5665716084589456,22.191999999999997,27.7,0.029025816077717616,852.64,5776,9.0,1012036,371.2,61.86666666666667,-2.0,-1.0,-1.0
80,161.7,33.0,54.7,32.5,53.0,87,0.0,1006,81,28.2,1.4,3.0,2023,4,28,18,4,118,17,-1.0,-1.8369701987210297e-16,0.8660254037844387,-0.4999999999999998,-0.433883739117558,-0.9009688679024191,1,2,0,25.0,27.0,24.0,40.0,29.0,25.0,26.0,1.0000000000053397,27.0,25.0,27.666666666666668,5.163977794941636,38.0,24.0,29.166666666666668,5.006056937410965,40.0,24.0,32.375,5.371523142421446,43.0,24.0,29.2,29.9,28.6,76.0,72.0,78.0,3.0,2.66,1.33,1006.0,1007.0,1010.0,2284.2,243.0,84.6,0.0,0.7999753853727578,4.89985151965092,1.6575255295294085,22.842,26.7,0.028031781280535507,795.24,6561,9.0,1012036,360.9,60.15,1.0,2.0,-1.0
87,165.7,39.0,40.0,36.3,45.0,100,0.0,1007,86,27.2,0.0,3.0,2023,4,28,19,4,118,17,-0.9659258262890684,0.2588190451025203,0.8660254037844387,-0.4999999999999998,-0.433883739117558,-0.9009688679024191,1,2,0,26.0,25.0,27.0,38.0,30.0,33.0,26.666666666666668,2.0816659994686666,29.0,25.0,26.166666666666668,1.7224014243635677,29.0,24.0,29.083333333333332,4.999242366841062,40.0,24.0,32.208333333333336,5.413181710592023,43.0,24.0,28.2,30.2,29.2,81.0,71.0,75.0,3.0,3.0,2.0,1006.0,1006.0,1009.0,2339.2,258.0,81.6,0.0,0.798876064020275,4.248609010025384,1.0256147278274916,23.392,25.7,0.027010896712118457,739.8399999999999,7396,9.0,1014049,355.0,59.166666666666664,3.0,2.0,-1.0
100,178.8,41.3,34.7,43.8,50.7,100,0.0,1007,89,27.0,0.0,3.0,2023,4,28,20,4,118,17,-0.8660254037844386,0.5000000000000001,0.8660254037844387,-0.4999999999999998,-0.433883739117558,-0.9009688679024191,1,2,0,29.0,26.0,25.0,26.0,29.0,40.0,30.0,4.582575694956918,35.0,26.0,27.666666666666668,3.9832984656751846,35.0,24.0,29.583333333333332,5.282188481255618,40.0,24.0,32.0,5.191967039488438,43.0,24.0,27.2,29.2,29.5,86.0,76.0,74.0,3.0,3.0,2.33,1007.0,1006.0,1008.0,2403.0,267.0,81.0,0.0,0.7990685144174792,4.3291929977482395,0.8401733614198205,24.03,25.5,0.02681228717747053,729.0,7921,9.0,1014049,384.3,64.05,6.0,10.0,-0.1999999999999993
107,191.8,43.7,29.3,47.5,56.3,100,0.0,1008,91,26.7,0.0,3.0,2023,4,28,21,4,118,17,-0.7071067811865477,0.7071067811865474,0.8660254037844387,-0.4999999999999998,-0.433883739117558,-0.9009688679024191,1,2,0,35.0,29.0,26.0,24.0,30.0,43.0,34.0,4.582575694956832,38.0,29.0,30.0,5.291502622127727,38.0,25.0,30.25,5.817293966347537,40.0,24.0,31.791666666666668,4.818254840722812,40.0,24.0,27.0,28.2,29.9,89.0,81.0,72.0,3.0,3.0,2.66,1007.0,1006.0,1007.0,2429.7,273.0,80.1,0.0,0.7999831582493001,4.3889155854557105,0.6704652067458411,24.296999999999997,25.2,0.026488068960249047,712.89,8281,9.0,1016064,406.6,67.76666666666667,3.0,12.0,-0.3000000000000007
85,204.8,46.0,24.0,35.0,62.0,100,0.0,1008,94,26.5,0.0,3.0,2023,4,28,22,4,118,17,-0.5000000000000004,0.8660254037844384,0.8660254037844387,-0.4999999999999998,-0.433883739117558,-0.9009688679024191,1,3,0,38.0,35.0,29.0,27.0,29.0,36.0,33.666666666666664,5.1316014394477785,38.0,28.0,30.166666666666668,5.192943930628497,38.0,25.0,30.166666666666668,5.843929769556572,40.0,24.0,31.458333333333332,4.791107402775624,40.0,24.0,26.7,27.2,30.2,91.0,86.0,71.0,3.0,3.0,3.0,1008.0,1007.0,1006.0,2491.0,282.0,79.5,0.0,0.7999771435101855,4.452077128758071,0.5217277885263364,24.91,25.0,0.02628965645867415,702.25,8836,9.0,1016064,399.8,66.63333333333334,-10.0,-1.0,-0.1999999999999993
69,196.9,42.7,25.3,26.3,64.7,100,0.0,1008,94,26.5,0.0,2.66,2023,4,28,23,4,118,17,-0.25881904510252157,0.9659258262890681,0.8660254037844387,-0.4999999999999998,-0.433883739117558,-0.9009688679024191,1,3,0,28.0,38.0,35.0,25.0,26.0,36.0,29.0,8.544003745318124,38.0,21.0,29.5,6.156297588647287,38.0,21.0,29.75,6.326351813859363,40.0,21.0,30.833333333333332,5.138657130170591,40.0,21.0,26.5,27.0,29.2,94.0,89.0,76.0,3.0,3.0,3.0,1008.0,1007.0,1006.0,2491.0,250.04000000000002,70.49000000000001,0.0,0.79844872818524,4.611133228730006,0.5924919791105595,24.91,25.17,0.02628965645867415,702.25,8836,7.0756000000000006,1016064,376.90000000000003,62.81666666666667,-7.0,-14.0,0.0
69,188.9,39.3,26.7,26.3,67.3,100,0.0,1008,93,26.5,0.0,2.33,2023,4,29,0,5,119,17,0.0,1.0,0.8660254037844387,-0.4999999999999998,-0.9749279121818236,-0.2225209339563146,1,3,1,21.0,28.0,38.0,26.0,40.0,36.0,23.333333333333332,4.041451884328772,28.0,21.0,28.666666666666668,7.0047602861661655,38.0,21.0,28.166666666666668,5.890413372333396,38.0,21.0,30.208333333333332,5.389032071408591,40.0,21.0,26.5,26.7,28.2,94.0,91.0,81.0,2.66,3.0,3.0,1008.0,1008.0,1006.0,2464.5,216.69,61.745000000000005,0.0,0.79844872818524,4.806493473448514,0.6793720261570954,24.645,25.335,0.02628965645867415,702.25,8649,5.4289000000000005,1016064,369.5,61.583333333333336,0.0,-17.0,0.0
63,180.9,36.0,28.0,22.5,70.0,100,0.0,1008,93,26.5,0.0,2.0,2023,4,29,1,5,119,17,0.25881904510252074,0.9659258262890683,0.8660254037844387,-0.4999999999999998,-0.9749279121818236,-0.2225209339563146,1,3,1,21.0,21.0,28.0,29.0,38.0,36.0,20.0,1.7320508075723176,21.0,18.0,26.833333333333332,8.232051182217585,38.0,18.0,26.5,5.680909018169688,38.0,18.0,29.458333333333332,5.785883620966286,40.0,18.0,26.5,26.5,27.2,93.0,94.0,86.0,2.33,3.0,3.0,1008.0,1008.0,1007.0,2464.5,186.0,53.0,0.0,0.7999644460246211,5.024860420543874,0.7777561734396268,24.645,25.5,0.02628965645867415,702.25,8649,4.0,1016064,355.4,59.23333333333333,-3.0,-10.0,0.0
76,172.6,31.3,31.0,30.0,72.0,100,0.0,1007,94,26.3,0.0,2.33,2023,4,29,2,5,119,17,0.49999999999999994,0.8660254037844387,0.8660254037844387,-0.4999999999999998,-0.9749279121818236,-0.2225209339563146,1,3,1,18.0,21.0,21.0,35.0,26.0,36.0,21.0,3.0000000000019527,24.0,18.0,25.0,7.211102550926766,38.0,18.0,26.333333333333332,5.726070099804333,38.0,18.0,28.958333333333332,5.714049555161745,40.0,18.0,26.5,26.5,27.0,93.0,94.0,89.0,2.0,2.66,3.0,1008.0,1008.0,1007.0,2472.2000000000003,219.02,61.279,0.0,0.7999733342221925,5.514200824254815,0.9903836938116992,24.722,25.135,0.026117153806202775,691.69,8836,5.4289000000000005,1014049,360.9,60.15,6.0,3.0,-0.1999999999999993
145,164.2,26.7,34.0,65.0,74.0,100,0.0,1007,94,26.2,0.0,2.66,2023,4,29,3,5,119,17,0.7071067811865476,0.7071067811865476,0.8660254037844387,-0.4999999999999998,-0.9749279121818236,-0.2225209339563146,1,3,1,24.0,18.0,21.0,38.0,24.0,34.0,31.333333333333332,18.147543451755197,52.0,18.0,27.333333333333332,12.548572295948658,52.0,18.0,28.666666666666668,9.286679936469149,52.0,18.0,29.708333333333332,7.35130373924723,52.0,18.0,26.3,26.5,26.7,94.0,93.0,91.0,2.33,2.33,3.0,1007.0,1008.0,1008.0,2462.7999999999997,250.04000000000002,69.69200000000001,0.0,0.7999876924970385,6.149582412643721,1.2733605482940713,24.627999999999997,24.869999999999997,0.02601784903887881,686.4399999999999,8836,7.0756000000000006,1014049,415.9,69.31666666666666,28.0,31.0,-0.10000000000000142
87,155.8,22.0,37.0,36.3,76.0,100,0.0,1007,94,26.0,0.0,3.0,2023,4,29,4,5,119,17,0.8660254037844386,0.5000000000000001,0.8660254037844387,-0.4999999999999998,-0.9749279121818236,-0.2225209339563146,1,3,1,52.0,24.0,18.0,28.0,27.0,36.0,35.0,14.933184523068377,52.0,24.0,27.5,12.565826673959162,52.0,18.0,28.833333333333332,9.271984521648607,52.0,18.0,29.416666666666668,7.228666764238714,52.0,18.0,26.2,26.5,26.5,94.0,93.0,94.0,2.66,2.0,3.0,1007.0,1008.0,1008.0,2444.0,282.0,78.0,0.0,0.798876064020275,7.081496295622927,1.681741739011863,24.44,24.5,0.02581923950423088,676.0,8836,9.0,1014049,356.1,59.35,-23.0,11.0,-0.1999999999999993
65,151.7,20.7,40.3,23.8,75.0,91,0.0,1008,94,25.8,0.0,3.33,2023,4,29,5,5,119,17,0.9659258262890683,0.25881904510252074,0.8660254037844387,-0.4999999999999998,-0.9749279121818236,-0.2225209339563146,1,3,1,29.0,52.0,24.0,21.0,25.0,32.0,33.333333333333336,16.921386861996346,52.0,19.0,27.166666666666668,12.79713509605373,52.0,18.0,28.333333333333332,9.651503258638497,52.0,18.0,28.875,7.508328708840839,52.0,18.0,26.0,26.3,26.5,94.0,94.0,94.0,3.0,2.33,2.66,1007.0,1007.0,1008.0,2425.2000000000003,313.02,85.914,0.0,0.7982857863114995,7.328148398628085,1.9467658567218973,24.252000000000002,24.135,0.025595212703162003,665.64,8836,11.0889,1016064,330.5,55.083333333333336,-10.0,-5.0,-0.1999999999999993
115,147.7,19.3,43.7,51.3,74.0,83,2.5,1010,94,25.7,0.7,3.66,2023,4,29,6,5,119,17,1.0,6.123233995736766e-17,0.8660254037844387,-0.4999999999999998,-0.9749279121818236,-0.2225209339563146,1,0,1,19.0,29.0,52.0,21.0,26.0,29.0,29.666666666666668,11.015141094572657,41.0,19.0,30.5,13.457340004621448,52.0,18.0,29.583333333333332,10.273163037150397,52.0,18.0,29.375,7.906037868781827,52.0,18.0,25.8,26.2,26.5,94.0,94.0,93.0,3.33,2.66,2.33,1008.0,1007.0,1008.0,2415.7999999999997,344.04,94.062,207.5,0.7992046938656168,7.652453240764726,2.264131392155847,24.157999999999998,23.869999999999997,0.02544551936087192,660.49,8836,13.395600000000002,1020100,377.0,62.833333333333336,22.0,-11.0,-0.10000000000000142
115,143.6,18.0,47.0,51.3,73.0,75,10.75,1011,94,25.5,1.0,4.0,2023,4,29,7,5,119,17,0.9659258262890683,-0.25881904510252063,0.8660254037844387,-0.4999999999999998,-0.9749279121818236,-0.2225209339563146,1,0,1,41.0,19.0,29.0,18.0,29.0,30.0,33.666666666666664,12.701705922172128,41.0,19.0,34.333333333333336,12.420413304985185,52.0,19.0,30.583333333333332,10.782631938221106,52.0,18.0,29.833333333333332,8.254994096680841,52.0,18.0,25.7,26.0,26.5,94.0,94.0,93.0,3.66,3.0,2.0,1010.0,1007.0,1008.0,2397.0,376.0,102.0,806.25,0.7992046938656168,7.977334592522637,2.610966057441253,23.97,23.5,0.02522252698068548,650.25,8836,16.0,1022121,373.9,62.31666666666666,0.0,12.0,-0.1999999999999993
50,148.4,20.3,49.0,15.0,69.3,83,5.5,1012,95,24.7,2.4,3.33,2023,4,29,8,5,119,17,0.8660254037844387,-0.4999999999999998,0.8660254037844387,-0.4999999999999998,-0.9749279121818236,-0.2225209339563146,1,0,1,41.0,41.0,19.0,24.0,35.0,29.0,31.333333333333332,16.743157806499433,41.0,12.0,32.333333333333336,15.095253117011724,52.0,12.0,28.666666666666668,11.911288254373758,52.0,12.0,29.125,9.023218841459691,52.0,12.0,25.5,25.8,26.3,94.0,94.0,94.0,4.0,3.33,2.33,1011.0,1008.0,1007.0,2346.5,316.35,82.251,456.5,0.7999466702219852,7.309984729816265,2.4136742032412193,23.465,23.035,0.024407090506827562,610.0899999999999,9025,11.0889,1024144,314.0,52.333333333333336,-29.0,-7.0,-0.8000000000000007
50,153.3,22.7,51.0,15.0,65.7,91,1.75,1012,96,24.0,3.2,2.66,2023,4,29,9,5,119,17,0.7071067811865476,-0.7071067811865475,0.8660254037844387,-0.4999999999999998,-0.9749279121818236,-0.2225209339563146,1,0,1,12.0,41.0,41.0,52.0,38.0,30.0,21.666666666666668,16.74315780649949,41.0,12.0,25.666666666666668,13.41143790451454,41.0,12.0,26.5,12.413335937245211,52.0,12.0,28.375,9.672068705477736,52.0,12.0,24.7,25.7,26.2,95.0,94.0,94.0,3.33,3.66,2.66,1012.0,1010.0,1007.0,2304.0,255.36,63.84,159.25,0.7999466702219852,6.753006475485662,2.246597066208537,23.04,22.67,0.023715391585581436,576.0,9216,7.0756000000000006,1024144,319.7,53.28333333333333,0.0,-29.0,-0.6999999999999993
56,158.2,25.0,53.0,18.8,62.0,100,4.0,1013,97,23.2,4.4,2.0,2023,4,29,10,5,119,17,0.49999999999999994,-0.8660254037844387,0.8660254037844387,-0.4999999999999998,-0.9749279121818236,-0.2225209339563146,1,0,1,12.0,12.0,41.0,29.0,28.0,29.0,13.0,1.7320508075726933,15.0,12.0,23.333333333333332,13.923601066773221,41.0,12.0,25.416666666666668,12.830775030323862,52.0,12.0,27.791666666666668,10.04762211395965,52.0,12.0,24.0,25.5,26.0,96.0,94.0,94.0,2.66,4.0,3.0,1012.0,1011.0,1007.0,2250.4,194.0,46.4,400.0,0.7978299026647518,6.327746890124394,2.119915203391864,22.504,22.2,0.022902247875372286,538.24,9409,4.0,1026169,332.0,55.333333333333336,3.0,-26.0,-0.8000000000000007
67,144.7,19.7,61.7,25.0,48.7,95,5.0,1012,87,24.5,4.0,1.66,2023,4,29,11,5,119,17,0.258819045102521,-0.9659258262890682,0.8660254037844387,-0.4999999999999998,-0.9749279121818236,-0.2225209339563146,1,0,1,15.0,12.0,12.0,19.0,21.0,26.0,15.666666666666666,4.04145188432895,20.0,12.0,23.5,13.867227552758402,41.0,12.0,25.333333333333332,12.865269197150361,52.0,12.0,27.541666666666668,10.168062389345701,52.0,12.0,23.2,24.7,25.8,97.0,95.0,94.0,2.0,3.33,3.33,1013.0,1012.0,1008.0,2131.5,144.42,40.669999999999995,475.0,0.7999680012799487,7.344804832242017,3.131820719760418,21.315,23.67,0.024209462243614383,600.25,7569,2.7556,1024144,319.79999999999995,53.29999999999999,5.0,8.0,1.3000000000000007
78,131.3,14.3,70.3,31.3,35.3,91,3.25,1011,78,25.9,3.7,1.33,2023,4,29,12,5,119,17,1.2246467991473532e-16,-1.0,0.8660254037844387,-0.4999999999999998,-0.9749279121818236,-0.2225209339563146,1,1,1,20.0,15.0,12.0,41.0,21.0,40.0,20.0,5.000000000001181,25.0,15.0,20.833333333333332,11.089033621855751,41.0,12.0,25.666666666666668,12.794411658883112,52.0,12.0,26.916666666666668,9.8241789862373,52.0,12.0,24.5,24.0,25.7,87.0,96.0,94.0,1.66,2.66,3.66,1012.0,1012.0,1010.0,2020.1999999999998,103.74000000000001,34.447,295.75,0.7986965272674994,9.181176141528566,4.915740158030907,20.201999999999998,25.235,0.025618174462735448,670.81,6084,1.7689000000000001,1022121,307.50000000000006,51.25000000000001,5.0,13.0,1.3999999999999986
67,117.9,9.0,79.0,25.0,22.0,87,1.75,1010,71,27.2,3.9,1.0,2023,4,29,13,5,119,17,-0.2588190451025208,-0.9659258262890683,0.8660254037844387,-0.4999999999999998,-0.9749279121818236,-0.2225209339563146,1,1,1,25.0,20.0,15.0,41.0,18.0,38.0,21.666666666666668,2.8867513459501173,25.0,20.0,17.333333333333332,5.202563470698438,25.0,12.0,25.833333333333332,12.698126800533165,52.0,12.0,26.166666666666668,9.626352718795937,52.0,12.0,25.9,23.2,25.5,78.0,97.0,94.0,1.33,2.0,4.0,1011.0,1013.0,1011.0,1931.2,71.0,27.2,152.25,0.7999680012799487,13.098544606154872,8.77680257749139,19.312,26.7,0.026930666405280787,739.8399999999999,5041,1.0,1020100,272.9,45.48333333333333,-5.0,5.0,1.3000000000000007
56,119.4,10.0,83.7,18.8,21.7,70,0.0,1010,65,27.8,3.1,1.66,2023,4,29,14,5,119,17,-0.4999999999999997,-0.8660254037844388,0.8660254037844387,-0.4999999999999998,-0.9749279121818236,-0.2225209339563146,1,1,1,20.0,25.0,20.0,12.0,24.0,26.0,20.0,5.000000000001181,25.0,15.0,17.833333333333332,4.7081489639396485,25.0,12.0,25.083333333333332,13.076407161082841,52.0,12.0,25.708333333333332,9.89281323098701,52.0,12.0,27.2,24.5,24.7,71.0,87.0,95.0,1.0,1.66,3.33,1010.0,1012.0,1012.0,1807.0,107.89999999999999,46.147999999999996,0.0,0.7978299026647518,11.938806119388062,8.369163083691632,18.07,26.970000000000002,0.027524725223044336,772.84,4225,2.7556,1020100,268.6,44.76666666666667,-5.0,-5.0,0.6000000000000014
46,121.0,11.0,88.3,13.8,21.3,54,0.0,1009,60,28.4,2.9,2.33,2023,4,29,15,5,119,17,-0.7071067811865471,-0.7071067811865479,0.8660254037844387,-0.4999999999999998,-0.9749279121818236,-0.2225209339563146,1,1,1,15.0,20.0,25.0,12.0,52.0,24.0,15.333333333333334,4.509249752824308,20.0,11.0,17.666666666666668,4.966554808581691,25.0,11.0,21.666666666666668,10.508293982575708,41.0,11.0,25.166666666666668,10.336371689821728,52.0,11.0,27.8,25.9,24.0,65.0,78.0,96.0,1.66,1.33,2.66,1010.0,1011.0,1012.0,1704.0,139.8,66.172,0.0,0.7970436924860518,10.999000090900827,8.026543041541679,17.04,27.235,0.028146651985478704,806.56,3600,5.4289000000000005,1018081,266.40000000000003,44.400000000000006,-4.0,-14.0,0.5999999999999979
56,122.6,12.0,93.0,18.8,21.0,37,0.0,1009,55,29.0,2.1,3.0,2023,4,29,16,5,119,17,-0.8660254037844385,-0.5000000000000004,0.8660254037844387,-0.4999999999999998,-0.9749279121818236,-0.2225209339563146,1,1,1,11.0,15.0,20.0,15.0,29.0,27.0,13.666666666666666,2.309401076761335,15.0,11.0,17.666666666666668,4.966554808581691,25.0,11.0,20.5,10.396677791049578,41.0,11.0,24.666666666666668,10.532214213159888,52.0,11.0,28.4,27.2,23.2,60.0,71.0,97.0,2.33,1.0,2.0,1009.0,1010.0,1013.0,1595.0,165.0,87.0,0.0,0.7978299026647518,10.21581534872094,7.749354220481627,15.95,27.5,0.028741299562636706,841.0,3025,9.0,1018081,282.4,47.06666666666666,4.0,-5.0,0.6000000000000014
63,132.3,17.7,83.7,22.5,24.7,58,0.0,1010,62,27.9,0.9,3.0,2023,4,29,17,5,119,17,-0.9659258262890683,-0.25881904510252063,0.8660254037844387,-0.4999999999999998,-0.9749279121818236,-0.2225209339563146,1,1,1,15.0,11.0,15.0,20.0,19.0,25.0,14.666666666666666,3.5118845842860797,18.0,11.0,17.333333333333332,4.844240566553831,25.0,11.0,20.416666666666668,10.413787480881496,41.0,11.0,24.375,10.61914800479912,52.0,11.0,29.0,27.8,24.5,55.0,65.0,87.0,3.0,1.66,1.66,1009.0,1010.0,1012.0,1729.8,186.0,83.69999999999999,0.0,0.7999644460246211,7.474154002598723,4.728546409807356,17.298,26.4,0.027623735026004924,778.41,3844,9.0,1020100,298.9,49.81666666666666,3.0,3.0,-1.1000000000000014
82,142.0,23.3,74.3,33.8,28.3,79,0.0,1010,70,26.7,0.9,3.0,2023,4,29,18,5,119,17,-1.0,-1.8369701987210297e-16,0.8660254037844387,-0.4999999999999998,-0.9749279121818236,-0.2225209339563146,1,2,1,18.0,15.0,11.0,25.0,41.0,26.0,20.0,6.244997998399343,27.0,15.0,17.666666666666668,5.501514942872183,27.0,11.0,19.25,8.508017609076637,41.0,11.0,24.416666666666668,10.62775965866381,52.0,11.0,27.9,28.4,25.9,62.0,60.0,78.0,3.0,2.33,1.33,1010.0,1009.0,1011.0,1869.0,210.0,80.1,0.0,0.7987929351202628,6.094159048967855,3.1887043474528984,18.69,25.2,0.026435617390477832,712.89,4900,9.0,1020100,328.70000000000005,54.78333333333334,9.0,16.0,-1.1999999999999993
115,151.7,29.0,65.0,51.3,32.0,100,0.0,1011,79,25.6,0.0,3.0,2023,4,29,19,5,119,17,-0.9659258262890684,0.2588190451025203,0.8660254037844387,-0.4999999999999998,-0.9749279121818236,-0.2225209339563146,1,2,1,27.0,18.0,15.0,20.0,41.0,29.0,28.666666666666668,11.59022576714291,41.0,18.0,21.166666666666668,11.107054815145526,41.0,11.0,19.25,8.508017609076637,41.0,11.0,24.916666666666668,11.123483449799984,52.0,11.0,26.7,29.0,27.2,70.0,55.0,71.0,3.0,3.0,1.0,1010.0,1009.0,1010.0,2022.4,237.0,76.80000000000001,0.0,0.7992046938656168,5.230854108479018,2.2413020240681356,20.224,24.1,0.02532143885119797,655.3600000000001,6241,9.0,1022121,370.0,61.666666666666664,14.0,26.0,-1.0999999999999979
123,151.0,27.7,62.0,55.0,33.7,100,0.0,1012,83,25.1,0.0,2.66,2023,4,29,20,5,119,17,-0.8660254037844386,0.5000000000000001,0.8660254037844387,-0.4999999999999998,-0.9749279121818236,-0.2225209339563146,1,2,1,41.0,27.0,18.0,15.0,12.0,35.0,37.333333333333336,9.07377172587793,44.0,27.0,26.0,13.856406460550398,44.0,11.0,21.916666666666668,10.748854766340145,44.0,11.0,25.291666666666668,11.618872079758873,52.0,11.0,25.6,27.9,27.8,79.0,62.0,65.0,3.0,3.0,1.66,1011.0,1010.0,1010.0,2083.3,220.78,66.766,0.0,0.7999854548099126,5.451066748492834,2.238186347063283,20.833000000000002,23.770000000000003,0.024802347033253923,630.0100000000001,6889,7.0756000000000006,1024144,373.4,62.23333333333333,3.0,26.0,-0.5
112,150.2,26.3,59.0,50.0,35.3,100,0.0,1012,87,24.5,0.0,2.33,2023,4,29,21,5,119,17,-0.7071067811865477,0.7071067811865474,0.8660254037844387,-0.4999999999999998,-0.9749279121818236,-0.2225209339563146,1,2,1,44.0,41.0,27.0,11.0,12.0,38.0,41.666666666666664,2.0816659994679414,44.0,40.0,30.833333333333332,12.576432986608387,44.0,15.0,24.25,11.418684847054761,44.0,11.0,25.375,11.720708169731177,52.0,11.0,25.1,26.7,28.4,83.0,70.0,60.0,2.66,3.0,2.33,1012.0,1010.0,1009.0,2131.5,202.71,57.085,0.0,0.7999840003199936,5.710809474924907,2.2432607125204362,21.315,23.335,0.024209462243614383,600.25,7569,5.4289000000000005,1024144,360.8,60.13333333333333,-4.0,13.0,-0.6000000000000014
80,149.4,25.0,56.0,32.5,37.0,100,0.0,1013,91,24.0,0.0,2.0,2023,4,29,22,5,119,17,-0.5000000000000004,0.8660254037844384,0.8660254037844387,-0.4999999999999998,-0.9749279121818236,-0.2225209339563146,1,3,1,40.0,44.0,41.0,15.0,15.0,28.0,36.666666666666664,9.451631252505669,44.0,26.0,32.666666666666664,10.424330514073905,44.0,18.0,25.166666666666668,11.043989178267577,44.0,11.0,25.291666666666668,11.708336556810254,52.0,11.0,24.5,25.6,29.0,87.0,79.0,55.0,2.33,3.0,3.0,1012.0,1011.0,1009.0,2184.0,182.0,48.0,0.0,0.7999753853727578,5.975760969561217,2.2399104035838566,21.84,23.0,0.02369198056072995,576.0,8281,4.0,1026169,325.9,54.31666666666666,-14.0,-15.0,-0.5
80,144.0,23.7,53.3,32.5,37.3,100,0.0,1013,88,24.0,0.0,2.0,2023,4,29,23,5,119,17,-0.25881904510252157,0.9659258262890681,0.8660254037844387,-0.4999999999999998,-0.9749279121818236,-0.2225209339563146,1,3,1,26.0,40.0,44.0,18.0,20.0,21.0,30.666666666666668,8.082903768655363,40.0,26.0,34.0,8.50881895447225,44.0,26.0,25.666666666666668,10.923979738782368,44.0,11.0,25.5,11.673083121661586,52.0,11.0,24.0,25.1,27.9,91.0,83.0,62.0,2.0,2.66,3.0,1013.0,1012.0,1010.0,2112.0,176.0,48.0,0.0,0.7999753853727578,6.075693008733809,2.248850259482722,21.12,23.0,0.02369198056072995,576.0,7744,4.0,1026169,316.8,52.800000000000004,0.0,-18.0,0.0
72,138.5,22.3,50.7,27.5,37.7,100,0.0,1012,86,24.0,0.0,2.0,2023,4,30,0,6,120,17,0.0,1.0,0.8660254037844387,-0.4999999999999998,-0.7818314824680299,0.6234898018587334,1,3,1,26.0,26.0,40.0,27.0,25.0,21.0,24.666666666666668,2.3094010767608673,26.0,22.0,33.166666666666664,9.516652072375692,44.0,22.0,25.416666666666668,10.974833470124459,44.0,11.0,25.541666666666668,11.658097266881127,52.0,11.0,24.0,24.5,26.7,88.0,87.0,70.0,2.0,2.33,3.0,1013.0,1012.0,1010.0,2064.0,172.0,48.0,0.0,0.7999709101487218,6.210483834805614,2.2734406528855207,20.64,23.0,0.023715391585581436,576.0,7396,4.0,1024144,298.7,49.78333333333333,-4.0,-18.0,0.0
95,133.1,21.0,48.0,41.3,38.0,100,0.0,1012,83,24.0,0.0,2.0,2023,4,30,1,6,120,17,0.25881904510252074,0.9659258262890683,0.8660254037844387,-0.4999999999999998,-0.7818314824680299,0.6234898018587334,1,3,1,22.0,26.0,26.0,41.0,20.0,18.0,27.0,5.56776436283096,33.0,22.0,31.833333333333332,8.72735164105652,44.0,22.0,26.5,11.03300832625749,44.0,11.0,26.166666666666668,11.638267713123037,52.0,11.0,24.0,24.0,25.6,86.0,91.0,79.0,2.0,2.0,3.0,1012.0,1013.0,1011.0,1992.0,166.0,48.0,0.0,0.7990121304568898,6.337793438407695,2.285605447359649,19.92,23.0,0.023715391585581436,576.0,6889,4.0,1024144,314.4,52.4,11.0,7.0,0.0
82,127.2,17.7,49.3,33.8,36.0,100,0.0,1011,82,23.7,0.0,2.33,2023,4,30,2,6,120,17,0.49999999999999994,0.8660254037844387,0.8660254037844387,-0.4999999999999998,-0.7818314824680299,0.6234898018587334,1,3,1,33.0,22.0,26.0,44.0,15.0,24.0,27.333333333333332,5.507570547287045,33.0,22.0,29.0,6.449806198637597,40.0,22.0,27.5,10.422876936640764,44.0,11.0,26.291666666666668,11.630092775684027,52.0,11.0,24.0,24.0,25.1,83.0,88.0,83.0,2.0,2.0,2.66,1012.0,1013.0,1012.0,1943.3999999999999,191.06,55.221,0.0,0.7987929351202628,7.186034687305802,2.7851533811649056,19.433999999999997,22.535,0.02344211331146062,561.6899999999999,6724,5.4289000000000005,1022121,291.0,48.5,-6.0,1.0,-0.3000000000000007
69,121.4,14.3,50.7,26.3,34.0,100,0.0,1011,81,23.5,0.0,2.66,2023,4,30,3,6,120,17,0.7071067811865476,0.7071067811865476,0.8660254037844387,-0.4999999999999998,-0.7818314824680299,0.6234898018587334,1,3,1,27.0,33.0,22.0,40.0,11.0,52.0,27.0,6.000000000000871,33.0,21.0,25.833333333333332,4.262237284179421,33.0,21.0,28.333333333333332,9.3257544986822,44.0,15.0,25.0,10.295630140987154,44.0,11.0,23.7,24.0,24.5,82.0,86.0,87.0,2.33,2.0,2.33,1011.0,1012.0,1012.0,1903.5,215.46,62.510000000000005,0.0,0.79844872818524,8.488916858960913,3.5452066289070694,19.035,22.17,0.023244289570435638,552.25,6561,7.0756000000000006,1022121,267.70000000000005,44.616666666666674,-6.0,-1.0,-0.1999999999999993
65,115.6,11.0,52.0,23.8,32.0,100,0.0,1010,80,23.2,0.0,3.0,2023,4,30,4,6,120,17,0.8660254037844386,0.5000000000000001,0.8660254037844387,-0.4999999999999998,-0.7818314824680299,0.6234898018587334,1,3,1,21.0,27.0,33.0,26.0,15.0,29.0,22.333333333333332,4.163331998933634,27.0,19.0,24.666666666666668,5.0859282994010675,33.0,19.0,28.666666666666668,8.866005899279275,44.0,18.0,24.583333333333332,10.329007977395726,44.0,11.0,23.5,24.0,24.0,81.0,83.0,91.0,2.66,2.0,2.0,1011.0,1012.0,1013.0,1856.0,240.0,69.6,0.0,0.7982857863114995,10.508135624034178,4.72684301427143,18.56,21.7,0.02297027428685714,538.24,6400,9.0,1020100,253.4,42.233333333333334,-2.0,-14.0,-0.3000000000000007
56,129.2,15.3,49.3,18.8,33.7,100,0.0,1011,78,23.0,0.0,2.66,2023,4,30,5,6,120,17,0.9659258262890683,0.25881904510252074,0.8660254037844387,-0.4999999999999998,-0.7818314824680299,0.6234898018587334,1,3,1,19.0,21.0,27.0,26.0,18.0,19.0,18.333333333333332,3.055050463305888,21.0,15.0,22.833333333333332,6.337717780609026,33.0,15.0,28.416666666666668,9.228989241744554,44.0,15.0,24.416666666666668,10.454525405262471,44.0,11.0,23.2,23.7,24.0,80.0,82.0,88.0,3.0,2.33,2.0,1010.0,1011.0,1013.0,1794.0,207.48000000000002,61.18000000000001,0.0,0.7978299026647518,8.443892556042089,3.2220116332265865,17.94,21.67,0.022749730217873177,529.0,6084,7.0756000000000006,1022121,261.3,43.550000000000004,-4.0,-12.0,-0.1999999999999993
67,142.8,19.7,46.7,25.0,35.3,100,0.0,1012,77,22.9,0.7,2.33,2023,4,30,6,6,120,17,1.0,6.123233995736766e-17,0.8660254037844387,-0.4999999999999998,-0.7818314824680299,0.6234898018587334,1,0,1,15.0,19.0,21.0,22.0,27.0,41.0,18.0,2.6457513110669058,20.0,15.0,22.5,6.442049363361086,33.0,15.0,27.833333333333332,9.542568106154672,44.0,15.0,23.541666666666668,9.868611490662005,44.0,11.0,23.0,23.5,24.0,78.0,81.0,86.0,2.66,2.66,2.0,1011.0,1011.0,1012.0,1763.3,179.41,53.357,0.0,0.7999680012799487,7.2483630272575,2.3704380488300085,17.633,21.735,0.022628436137908953,524.41,5929,5.4289000000000005,1024144,289.5,48.25,5.0,-1.0,-0.10000000000000142
67,156.4,24.0,44.0,25.0,37.0,100,1.0,1013,75,22.7,0.8,2.0,2023,4,30,7,6,120,17,0.9659258262890683,-0.25881904510252063,0.8660254037844387,-0.4999999999999998,-0.7818314824680299,0.6234898018587334,1,0,1,20.0,15.0,19.0,33.0,41.0,41.0,18.333333333333332,2.8867513459502394,20.0,15.0,20.333333333333332,3.8815804341333275,27.0,15.0,26.083333333333332,8.80555953860248,44.0,15.0,22.666666666666668,9.158824049571939,44.0,11.0,22.9,23.2,24.0,77.0,80.0,83.0,2.33,3.0,2.0,1012.0,1010.0,1012.0,1702.5,150.0,45.4,100.0,0.7999680012799487,6.516395150202075,1.833256947627182,17.025,21.7,0.022408664947023742,515.29,5625,4.0,1026169,306.4,51.06666666666666,0.0,1.0,-0.1999999999999993
69,141.0,20.0,54.7,26.3,39.3,100,3.25,1014,77,22.9,1.3,1.66,2023,4,30,8,6,120,17,0.8660254037844387,-0.4999999999999998,0.8660254037844387,-0.4999999999999998,-0.7818314824680299,0.6234898018587334,1,0,1,20.0,20.0,15.0,27.0,44.0,12.0,20.333333333333332,0.5773502691998339,21.0,20.0,19.333333333333332,2.2509257354800085,21.0,15.0,24.166666666666668,6.83351810540984,40.0,15.0,23.041666666666668,8.88319941710535,44.0,11.0,22.7,23.0,23.7,75.0,78.0,82.0,2.0,2.66,2.33,1013.0,1011.0,1011.0,1763.3,127.82,38.013999999999996,325.0,0.79844872818524,7.049647517624118,2.734863256837158,17.633,22.07,0.022583804157984066,524.41,5929,2.7556,1028196,302.3,50.38333333333333,1.0,6.0,0.1999999999999993
89,125.7,16.0,65.3,37.5,41.7,100,6.75,1014,80,23.0,2.0,1.33,2023,4,30,9,6,120,17,0.7071067811865476,-0.7071067811865475,0.8660254037844387,-0.4999999999999998,-0.7818314824680299,0.6234898018587334,1,0,1,21.0,20.0,20.0,21.0,40.0,12.0,23.666666666666668,5.507570547287113,30.0,20.0,20.833333333333332,4.9564772436325075,30.0,15.0,23.333333333333332,5.1227360113926075,33.0,15.0,23.791666666666668,8.667676919937014,44.0,11.0,22.9,22.9,23.5,77.0,77.0,81.0,1.66,2.33,2.66,1014.0,1012.0,1011.0,1840.0,106.4,30.590000000000003,675.0,0.7999786672355405,7.855759015061558,4.080994937816386,18.4,22.335,0.022682423390115,529.0,6400,1.7689000000000001,1028196,316.2,52.699999999999996,9.0,10.0,0.10000000000000142
85,110.3,12.0,76.0,35.0,44.0,100,4.0,1015,82,23.2,2.9,1.0,2023,4,30,10,6,120,17,0.49999999999999994,-0.8660254037844387,0.8660254037844387,-0.4999999999999998,-0.7818314824680299,0.6234898018587334,1,0,1,30.0,21.0,20.0,19.0,26.0,15.0,26.333333333333332,4.7258156262537305,30.0,21.0,22.333333333333332,5.609515724788334,30.0,15.0,23.5,5.2483763723125785,33.0,15.0,24.333333333333332,8.498934289543254,44.0,11.0,23.0,22.7,23.2,80.0,75.0,80.0,1.33,2.0,3.0,1014.0,1013.0,1010.0,1902.3999999999999,82.0,23.2,400.0,0.7999771435101855,9.190900758270145,6.332805599533373,19.023999999999997,22.7,0.022857120337812474,538.24,6724,1.0,1030225,305.3,50.88333333333333,-2.0,8.0,0.1999999999999993
85,107.0,10.7,85.7,35.0,42.7,95,3.5,1014,82,23.3,3.5,1.33,2023,4,30,11,6,120,17,0.258819045102521,-0.9659258262890682,0.8660254037844387,-0.4999999999999998,-0.7818314824680299,0.6234898018587334,1,0,1,28.0,30.0,21.0,15.0,26.0,20.0,28.666666666666668,1.1547005383836413,30.0,28.0,24.5,4.636809247745901,30.0,20.0,23.666666666666668,5.365433699886076,33.0,15.0,24.666666666666668,8.478446672063086,44.0,11.0,23.2,22.9,23.0,82.0,77.0,78.0,1.0,1.66,2.66,1015.0,1014.0,1011.0,1910.6000000000001,109.06,30.989000000000004,332.5,0.7999771435101855,9.999065507896459,8.008597327352586,19.106,22.635,0.022978281086507804,542.89,6724,1.7689000000000001,1028196,309.09999999999997,51.51666666666666,0.0,7.0,0.10000000000000142
89,103.7,9.3,95.3,37.5,41.3,91,0.75,1013,82,23.4,3.8,1.66,2023,4,30,12,6,120,17,1.2246467991473532e-16,-1.0,0.8660254037844387,-0.4999999999999998,-0.7818314824680299,0.6234898018587334,1,1,1,28.0,28.0,30.0,20.0,22.0,25.0,28.666666666666668,1.1547005383836413,30.0,28.0,26.166666666666668,4.490731195100562,30.0,20.0,24.333333333333332,5.630006189780263,33.0,15.0,24.875,8.548137351137743,44.0,11.0,23.3,23.0,22.9,82.0,80.0,77.0,1.33,1.33,2.33,1014.0,1014.0,1012.0,1918.8,136.12,38.843999999999994,68.25,0.7999786672355405,11.149338780776262,10.246210084937102,19.188,22.57,0.0230996810467117,547.56,6724,2.7556,1026169,317.1,52.85,2.0,0.0,0.09999999999999787
139,100.4,8.0,105.0,62.5,40.0,87,0.0,1012,82,23.5,4.4,2.0,2023,4,30,13,6,120,17,-0.2588190451025208,-0.9659258262890683,0.8660254037844387,-0.4999999999999998,-0.7818314824680299,0.6234898018587334,1,1,1,30.0,28.0,28.0,20.0,33.0,20.0,36.0,12.165525060596798,50.0,28.0,31.166666666666668,9.806460455569663,50.0,21.0,25.75,9.086703572703149,50.0,15.0,26.125,9.892080714873314,50.0,11.0,23.4,23.2,22.7,82.0,82.0,75.0,1.66,1.0,2.0,1013.0,1015.0,1013.0,1927.0,164.0,47.0,0.0,0.7999872002047967,12.548431446069243,13.123359580052494,19.27,22.5,0.02322132092754849,552.25,6724,4.0,1024144,365.9,60.98333333333333,20.0,22.0,0.10000000000000142
100,104.9,9.3,113.3,43.8,43.0,91,0.0,1011,70,24.2,5.3,1.33,2023,4,30,14,6,120,17,-0.4999999999999997,-0.8660254037844388,0.8660254037844387,-0.4999999999999998,-0.7818314824680299,0.6234898018587334,1,1,1,50.0,30.0,28.0,21.0,27.0,15.0,38.333333333333336,10.40832999733106,50.0,30.0,33.5,8.479386770279202,50.0,28.0,26.416666666666668,9.472048192956542,50.0,15.0,26.958333333333332,9.75561896802447,50.0,11.0,23.5,23.3,22.9,82.0,82.0,77.0,2.0,1.33,1.66,1012.0,1014.0,1014.0,1694.0,93.10000000000001,32.186,0.0,0.7990685144174792,11.278357165896141,12.181485861735297,16.94,23.535,0.023936672664023082,585.64,4900,1.7689000000000001,1022121,349.3,58.21666666666667,-15.0,7.0,0.6999999999999993
100,109.3,10.7,121.7,43.8,46.0,95,0.0,1011,59,25.0,4.1,0.66,2023,4,30,15,6,120,17,-0.7071067811865471,-0.7071067811865479,0.8660254037844387,-0.4999999999999998,-0.7818314824680299,0.6234898018587334,1,1,1,35.0,50.0,30.0,30.0,21.0,11.0,40.0,8.660254037844844,50.0,35.0,34.333333333333336,8.31063575586447,50.0,28.0,27.583333333333332,9.605475080137673,50.0,15.0,27.958333333333332,9.266485505475742,50.0,15.0,24.2,23.4,23.0,70.0,82.0,80.0,1.33,1.66,1.33,1011.0,1013.0,1014.0,1475.0,38.940000000000005,16.5,0.0,0.7990685144174792,10.213998691711057,11.372768900102797,14.75,24.67,0.02472796762812302,625.0,3481,0.43560000000000004,1022121,366.5,61.083333333333336,0.0,5.0,0.8000000000000007
104,113.8,12.0,130.0,46.3,49.0,100,1.5,1010,50,25.7,3.2,1.2,2023,4,30,16,6,120,17,-0.8660254037844385,-0.5000000000000004,0.8660254037844387,-0.4999999999999998,-0.7818314824680299,0.6234898018587334,1,1,1,35.0,35.0,50.0,28.0,19.0,15.0,35.666666666666664,1.154700538383045,37.0,35.0,35.833333333333336,7.730890418745673,50.0,28.0,29.083333333333332,9.548520431157735,50.0,15.0,28.875,9.013576716120802,50.0,15.0,25.0,23.5,23.2,59.0,82.0,82.0,0.66,2.0,1.0,1011.0,1012.0,1015.0,1285.0,60.0,30.839999999999996,150.0,0.799118809528952,9.48254312140655,10.832430630780769,12.85,25.099999999999998,0.02544551936087192,660.49,2500,1.44,1020100,388.1,64.68333333333334,2.0,-13.0,0.6999999999999993
98,188.9,43.3,94.0,42.5,59.7,95,1.0,1010,55,25.2,1.3,0.8,2023,4,30,17,6,120,17,-0.9659258262890683,-0.25881904510252063,0.8660254037844387,-0.4999999999999998,-0.7818314824680299,0.6234898018587334,1,1,1,37.0,35.0,35.0,28.0,15.0,18.0,35.333333333333336,1.5275252316548358,37.0,34.0,36.833333333333336,6.853223086012458,50.0,30.0,30.666666666666668,8.520919000087657,50.0,20.0,29.541666666666668,8.762465241098143,50.0,15.0,25.7,24.2,23.3,50.0,70.0,82.0,1.2,1.33,1.33,1010.0,1011.0,1014.0,1386.0,44.0,20.16,95.0,0.7999811769134845,4.362485854830143,2.17085055772384,13.86,24.8,0.024950470346068964,635.04,3025,0.6400000000000001,1020100,462.4,77.06666666666666,-3.0,-1.0,-0.5
134,264.0,74.7,58.0,60.0,70.3,91,0.0,1010,61,24.7,0.8,1.2,2023,4,30,18,6,120,17,-1.0,-1.8369701987210297e-16,0.8660254037844387,-0.4999999999999998,-0.7818314824680299,0.6234898018587334,1,2,1,34.0,37.0,35.0,30.0,20.0,27.0,39.666666666666664,7.371114795832533,48.0,34.0,39.833333333333336,7.194905605124744,50.0,34.0,33.0,9.145291883606442,50.0,20.0,30.416666666666668,9.51391048694632,50.0,15.0,25.2,25.0,23.4,55.0,59.0,82.0,0.8,0.66,1.66,1010.0,1011.0,1013.0,1506.7,73.2,29.639999999999997,0.0,0.7999866668888852,3.5340892357532026,0.7764286957336581,15.067,24.099999999999998,0.02445542133126601,610.0899999999999,3721,1.44,1020100,575.0,95.83333333333333,14.0,13.0,-0.5
115,339.1,106.0,22.0,51.3,81.0,87,0.25,1011,68,24.2,0.0,1.6,2023,4,30,19,6,120,17,-0.9659258262890684,0.2588190451025203,0.8660254037844387,-0.4999999999999998,-0.7818314824680299,0.6234898018587334,1,2,1,48.0,34.0,37.0,50.0,20.0,41.0,41.0,7.000000000000549,48.0,34.0,38.333333333333336,5.3541261347352265,48.0,34.0,34.75,8.411301920630015,50.0,21.0,30.416666666666668,9.51391048694632,50.0,15.0,24.7,25.7,23.5,61.0,50.0,82.0,1.2,1.2,2.0,1010.0,1010.0,1012.0,1645.6,108.80000000000001,38.72,21.75,0.7992046938656168,3.1990264242790163,0.20754521183762417,16.456,23.4,0.023936672664023082,585.64,4624,2.5600000000000005,1022121,640.4,106.73333333333333,-7.0,4.0,-0.5
118,441.2,113.0,14.7,52.5,94.0,87,0.0,1011,71,24.0,0.0,1.2,2023,4,30,20,6,120,17,-0.8660254037844386,0.5000000000000001,0.8660254037844387,-0.4999999999999998,-0.7818314824680299,0.6234898018587334,1,2,1,41.0,48.0,34.0,35.0,21.0,44.0,43.666666666666664,3.785938897201129,48.0,41.0,39.5,5.244044240849675,48.0,34.0,36.5,7.4161984870952695,50.0,28.0,30.333333333333332,9.3978104141185,50.0,15.0,24.2,25.2,24.2,68.0,55.0,70.0,1.6,0.8,1.33,1011.0,1010.0,1011.0,1704.0,85.2,28.799999999999997,0.0,0.7999847621950058,3.9043902266351624,0.13008734435978442,17.04,23.4,0.023738848922998098,576.0,5041,1.44,1022121,757.4000000000001,126.23333333333335,1.0,8.0,-0.1999999999999993
118,543.3,120.0,7.3,52.5,107.0,87,0.0,1012,74,23.7,0.0,0.8,2023,4,30,21,6,120,17,-0.7071067811865477,0.7071067811865474,0.8660254037844387,-0.4999999999999998,-0.7818314824680299,0.6234898018587334,1,2,1,42.0,41.0,48.0,35.0,30.0,40.0,41.666666666666664,0.5773502691961838,42.0,41.0,40.666666666666664,4.802776974486307,48.0,34.0,37.5,7.267611837335285,50.0,28.0,30.416666666666668,9.495613022162953,50.0,15.0,24.0,24.7,25.0,71.0,61.0,59.0,1.2,1.2,0.66,1011.0,1010.0,1011.0,1753.8,59.2,18.96,0.0,0.7999847621950058,4.52746227114774,0.06083282639311339,17.538,23.3,0.02341894919076167,561.6899999999999,5476,0.6400000000000001,1024144,872.0999999999999,145.35,0.0,-6.0,-0.3000000000000007
137,645.5,127.0,0.0,61.3,120.0,87,0.0,1013,78,23.5,0.0,1.2,2023,4,30,22,6,120,17,-0.5000000000000004,0.8660254037844384,0.8660254037844387,-0.4999999999999998,-0.7818314824680299,0.6234898018587334,1,3,1,42.0,42.0,41.0,37.0,28.0,26.0,44.333333333333336,4.041451884328252,49.0,42.0,42.666666666666664,5.428320796218365,49.0,34.0,39.25,7.300373589443807,50.0,28.0,31.375,10.16734970383158,50.0,15.0,23.7,24.2,25.7,74.0,68.0,50.0,0.8,1.6,1.2,1012.0,1011.0,1010.0,1833.0,93.6,28.2,0.0,0.7993344317384709,5.0826371445894125,0.0,18.33,22.9,0.02319839763238141,552.25,6084,1.44,1026169,1002.8,167.13333333333333,7.0,8.0,-0.1999999999999993
137,653.6,125.7,0.0,61.3,124.3,91,0.0,1012,81,23.2,0.0,1.2,2023,4,30,23,6,120,17,-0.25881904510252157,0.9659258262890681,0.8660254037844387,-0.4999999999999998,-0.7818314824680299,0.6234898018587334,1,3,1,49.0,42.0,42.0,34.0,28.0,26.0,46.666666666666664,4.041451884328194,49.0,42.0,45.166666666666664,3.8686776379866483,49.0,41.0,41.0,6.862281624277976,50.0,30.0,32.333333333333336,10.708252269472872,50.0,15.0,23.5,24.0,25.2,78.0,71.0,55.0,1.2,1.2,0.8,1013.0,1011.0,1010.0,1879.2,97.2,27.84,0.0,0.7993344317384709,5.199640416544021,0.0,18.792,22.599999999999998,0.02292487853272872,538.24,6561,1.44,1024144,1013.9,168.98333333333332,0.0,7.0,-0.3000000000000007
145,661.8,124.3,0.0,65.0,128.7,95,0.0,1012,85,23.0,0.0,1.6,2023,5,1,0,0,121,18,0.0,1.0,0.49999999999999994,-0.8660254037844387,0.0,1.0,1,3,0,49.0,49.0,42.0,48.0,30.0,22.0,50.0,1.732050807570583,52.0,49.0,45.833333333333336,4.708148963940952,52.0,41.0,42.833333333333336,6.589707309451345,52.0,34.0,33.583333333333336,11.189733907807668,52.0,15.0,23.2,23.7,24.7,81.0,74.0,61.0,1.2,0.8,1.2,1012.0,1012.0,1010.0,1955.0,136.0,36.800000000000004,0.0,0.7999876924970385,5.324172774153063,0.0,19.55,22.2,0.022727250269515546,529.0,7225,2.5600000000000005,1024144,1031.8,171.96666666666667,3.0,10.0,-0.1999999999999993
115,670.0,123.0,0.0,51.3,133.0,100,0.0,1011,89,22.7,0.0,1.2,2023,5,1,1,0,121,18,0.25881904510252074,0.9659258262890683,0.49999999999999994,-0.8660254037844387,0.0,1.0,1,3,0,52.0,49.0,49.0,41.0,50.0,33.0,47.333333333333336,5.686240703077893,52.0,41.0,45.833333333333336,4.708148963940952,52.0,41.0,42.083333333333336,6.20056204686025,52.0,34.0,33.916666666666664,11.290306217847153,52.0,15.0,23.0,23.5,24.2,85.0,78.0,68.0,1.6,1.2,1.6,1012.0,1013.0,1011.0,2020.3,106.8,27.24,0.0,0.7992046938656168,5.447110186096047,0.0,20.203,22.099999999999998,0.0224529946063357,515.29,7921,1.44,1022121,1018.3,169.71666666666667,-11.0,-8.0,-0.3000000000000007
107,635.7,115.3,0.0,47.5,128.0,95,0.0,1011,89,22.5,0.0,1.2,2023,5,1,2,0,121,18,0.49999999999999994,0.8660254037844387,0.49999999999999994,-0.8660254037844387,0.0,1.0,1,3,0,41.0,52.0,49.0,42.0,35.0,27.0,43.666666666666664,7.37111479583248,52.0,38.0,45.166666666666664,5.5647701360126245,52.0,38.0,42.333333333333336,5.944184833375171,52.0,34.0,34.375,11.220371612849519,52.0,15.0,22.7,23.2,24.0,89.0,81.0,71.0,1.2,1.2,1.2,1011.0,1012.0,1011.0,2002.5,106.8,27.0,0.0,0.7999831582493001,5.513395373847582,0.0,20.025,21.9,0.022255170865310717,506.25,7921,1.44,1022121,964.5,160.75,-3.0,-11.0,-0.1999999999999993
107,601.5,107.7,0.0,47.5,123.0,91,0.0,1011,89,22.4,0.0,0.4,2023,5,1,3,0,121,18,0.7071067811865476,0.7071067811865476,0.49999999999999994,-0.8660254037844387,0.0,1.0,1,3,0,38.0,41.0,52.0,42.0,35.0,21.0,39.0,1.7320508075712213,41.0,38.0,44.5,6.220932405997592,52.0,38.0,42.583333333333336,5.664215155988285,52.0,34.0,35.083333333333336,10.870449239413766,52.0,15.0,22.5,23.0,23.7,89.0,85.0,74.0,1.2,1.6,0.8,1011.0,1012.0,1012.0,1993.6,35.6,8.959999999999999,0.0,0.7999831582493001,5.5849063611294225,0.0,19.936,22.2,0.022156258994798225,501.75999999999993,7921,0.16000000000000003,1022121,917.7,152.95000000000002,0.0,-14.0,-0.10000000000000142
129,567.3,100.0,0.0,57.5,118.0,87,0.0,1010,90,22.2,0.0,0.8,2023,5,1,4,0,121,18,0.8660254037844386,0.5000000000000001,0.49999999999999994,-0.8660254037844387,0.0,1.0,1,3,0,38.0,38.0,41.0,49.0,37.0,19.0,40.666666666666664,4.618802153517848,46.0,38.0,44.0,5.899152481500267,52.0,38.0,43.333333333333336,5.449492609130115,52.0,34.0,36.208333333333336,10.525245702664336,52.0,15.0,22.4,22.7,23.5,89.0,89.0,78.0,0.4,1.2,1.2,1011.0,1011.0,1013.0,1998.0,72.0,17.76,0.0,0.7999860871984835,5.672943270567294,0.0,19.98,21.8,0.02198017625725123,492.84,8100,0.6400000000000001,1020100,888.8,148.13333333333333,8.0,5.0,-0.1999999999999993
148,573.7,103.3,7.7,66.3,109.7,87,0.0,1011,90,22.4,0.0,0.33,2023,5,1,5,0,121,18,0.9659258262890683,0.25881904510252074,0.49999999999999994,-0.8660254037844387,0.0,1.0,1,3,0,46.0,38.0,38.0,49.0,34.0,15.0,45.666666666666664,7.505553499465585,53.0,38.0,44.666666666666664,6.742897497860821,53.0,38.0,44.916666666666664,5.24765459875865,53.0,38.0,37.791666666666664,10.04329396279893,53.0,20.0,22.2,22.5,23.2,90.0,89.0,81.0,0.8,1.2,1.2,1010.0,1011.0,1012.0,2015.9999999999998,29.700000000000003,7.3919999999999995,0.0,0.7993846246662946,5.553673246144761,0.07453945266744756,20.159999999999997,22.235,0.022156258994798225,501.75999999999993,8100,0.10890000000000001,1022121,913.7,152.28333333333333,7.0,15.0,0.1999999999999993
168,580.1,106.7,15.3,86.3,101.3,87,0.0,1011,90,22.5,1.2,0.66,2023,5,1,6,0,121,18,1.0,6.123233995736766e-17,0.49999999999999994,-0.8660254037844387,0.0,1.0,1,0,0,53.0,46.0,38.0,52.0,48.0,20.0,56.0,11.789826122551796,69.0,46.0,47.5,11.979148550710619,69.0,38.0,46.666666666666664,8.721273190343256,69.0,38.0,39.833333333333336,11.184875916851631,69.0,20.0,22.4,22.4,23.0,90.0,89.0,85.0,0.33,0.4,1.6,1011.0,1011.0,1012.0,2025.0,59.400000000000006,14.850000000000001,0.0,0.7995272360691069,5.436687566189632,0.14339134591053504,20.25,22.17,0.022255170865310717,506.25,8100,0.43560000000000004,1022121,958.6999999999999,159.78333333333333,16.0,31.0,0.10000000000000142
168,586.5,110.0,23.0,86.3,93.0,87,0.0,1012,90,22.7,1.4,1.0,2023,5,1,7,0,121,18,0.9659258262890683,-0.25881904510252063,0.49999999999999994,-0.8660254037844387,0.0,1.0,1,0,0,69.0,53.0,46.0,41.0,41.0,20.0,63.666666666666664,9.237604307034186,69.0,53.0,52.166666666666664,14.190372323045686,69.0,38.0,49.0,10.608744249224243,69.0,38.0,41.875,11.858999517886106,69.0,21.0,22.5,22.2,22.7,90.0,90.0,89.0,0.66,0.8,1.2,1011.0,1010.0,1011.0,2043.0,90.0,22.7,0.0,0.7995272360691069,5.331769711184443,0.20908900828174287,20.43,22.2,0.022430807874695775,515.29,8100,1.0,1024144,967.8,161.29999999999998,0.0,23.0,0.1999999999999993
164,466.5,79.0,74.7,82.5,121.7,87,0.0,1012,78,24.0,2.6,1.33,2023,5,1,8,0,121,18,0.8660254037844387,-0.4999999999999998,0.49999999999999994,-0.8660254037844387,0.0,1.0,1,0,0,69.0,69.0,53.0,38.0,42.0,21.0,68.0,1.732050807569548,69.0,66.0,56.833333333333336,13.166877635440498,69.0,38.0,51.0,11.40175425099111,69.0,38.0,43.75,11.97188735983293,69.0,28.0,22.7,22.4,22.5,90.0,90.0,89.0,1.0,0.33,1.2,1012.0,1011.0,1011.0,1872.0,103.74000000000001,31.92,0.0,0.7999903031478406,5.904988544448804,0.9455576511689725,18.72,23.335,0.023715391585581436,576.0,6084,1.7689000000000001,1024144,890.4000000000001,148.4,-3.0,13.0,1.3000000000000007
155,346.5,48.0,126.3,73.8,150.3,87,0.0,1012,67,25.4,4.1,1.66,2023,5,1,9,0,121,18,0.7071067811865476,-0.7071067811865475,0.49999999999999994,-0.8660254037844387,0.0,1.0,1,0,0,66.0,69.0,69.0,38.0,42.0,30.0,64.66666666666667,5.131601439447184,69.0,59.0,60.333333333333336,9.416297927883589,69.0,46.0,52.416666666666664,11.236776740469008,69.0,38.0,44.958333333333336,11.987236569773538,69.0,28.0,24.0,22.5,22.4,78.0,90.0,89.0,1.33,0.66,0.4,1012.0,1011.0,1011.0,1701.8,111.22,42.163999999999994,0.0,0.799447161962575,7.218599612508073,2.6311951834336784,17.018,24.57,0.025098789428073687,645.16,4489,2.7556,1024144,803.8999999999999,133.98333333333332,-7.0,-10.0,1.3999999999999986
156,226.4,17.0,178.0,75.0,179.0,87,0.0,1013,58,26.7,7.1,2.0,2023,5,1,10,0,121,18,0.49999999999999994,-0.8660254037844387,0.49999999999999994,-0.8660254037844387,0.0,1.0,1,0,0,59.0,66.0,69.0,46.0,49.0,28.0,61.666666666666664,3.7859388972006793,66.0,59.0,62.666666666666664,6.408327915038822,69.0,53.0,53.333333333333336,11.380472376625905,69.0,38.0,46.291666666666664,11.797122591940859,69.0,28.0,25.4,22.7,22.2,67.0,90.0,90.0,1.66,1.0,0.8,1012.0,1012.0,1010.0,1548.6,116.0,53.4,0.0,0.7999893334755536,13.316863713899181,10.469972354567378,15.485999999999999,25.7,0.02635732837381207,712.89,3364,4.0,1026169,735.4,122.56666666666666,1.0,-9.0,1.3000000000000007
139,215.7,13.7,204.0,62.5,159.3,83,0.0,1012,58,27.3,6.1,2.0,2023,5,1,11,0,121,18,0.258819045102521,-0.9659258262890682,0.49999999999999994,-0.8660254037844387,0.0,1.0,1,0,0,60.0,59.0,66.0,53.0,49.0,28.0,56.333333333333336,5.507570547286552,60.0,50.0,62.166666666666664,7.359800721939801,69.0,50.0,53.416666666666664,11.34947602581722,69.0,38.0,47.208333333333336,11.15105441170295,69.0,30.0,26.7,24.0,22.4,58.0,78.0,90.0,2.0,1.33,0.33,1013.0,1012.0,1011.0,1583.4,116.0,54.6,0.0,0.7999872002047967,15.743376395883512,14.889424129625576,15.834000000000001,26.3,0.026976257928598885,745.2900000000001,3364,4.0,1024144,705.2,117.53333333333335,-10.0,-16.0,0.6000000000000014
134,205.0,10.3,230.0,60.0,139.7,79,0.0,1011,57,27.9,3.9,2.0,2023,5,1,12,0,121,18,1.2246467991473532e-16,-1.0,0.49999999999999994,-0.8660254037844387,0.0,1.0,1,1,0,50.0,60.0,59.0,69.0,52.0,30.0,52.666666666666664,6.429100507329087,60.0,48.0,58.666666666666664,8.38252149813313,69.0,48.0,53.083333333333336,11.453132428477208,69.0,38.0,47.958333333333336,10.53144016191823,69.0,34.0,27.3,25.4,22.5,58.0,67.0,90.0,2.0,1.66,0.66,1012.0,1012.0,1011.0,1590.3,114.0,55.8,0.0,0.7999866668888852,19.900980487331328,22.32792932724978,15.902999999999999,26.9,0.02759641187298529,778.41,3249,4.0,1022121,693.0,115.5,-2.0,-11.0,0.5999999999999979
131,194.3,7.0,256.0,58.8,120.0,75,0.0,1011,56,28.5,3.4,2.0,2023,5,1,13,0,121,18,-0.2588190451025208,-0.9659258262890683,0.49999999999999994,-0.8660254037844387,0.0,1.0,1,1,0,48.0,50.0,60.0,69.0,41.0,50.0,48.333333333333336,1.5275252316541654,50.0,47.0,55.0,7.745966692414565,66.0,47.0,53.583333333333336,10.999655641992526,69.0,38.0,47.833333333333336,10.523954731393141,69.0,34.0,27.9,26.7,22.7,57.0,58.0,90.0,2.0,2.0,1.0,1011.0,1013.0,1012.0,1596.0,112.0,57.0,0.0,0.7993061342494175,27.7531781174118,36.56620482788173,15.96,27.5,0.028189883096060242,812.25,3136,4.0,1022121,683.1,113.85000000000001,-1.0,-13.0,0.6000000000000014
129,191.0,9.0,246.7,57.5,109.7,58,0.0,1010,56,29.0,3.0,2.33,2023,5,1,14,0,121,18,-0.4999999999999997,-0.8660254037844388,0.49999999999999994,-0.8660254037844387,0.0,1.0,1,1,0,47.0,48.0,50.0,66.0,38.0,35.0,47.0,1.00000000000354,48.0,46.0,51.666666666666664,6.218252702058756,60.0,46.0,54.25,10.181310863984297,69.0,38.0,48.291666666666664,10.174474312525353,69.0,34.0,28.5,27.3,24.0,56.0,58.0,78.0,2.0,2.0,1.33,1011.0,1012.0,1012.0,1624.0,130.48000000000002,67.57000000000001,0.0,0.7999860871984835,21.2198644595045,27.40806577046995,16.24,27.835,0.028712842858571428,841.0,3136,5.4289000000000005,1020100,659.9000000000001,109.98333333333335,-1.0,-4.0,0.5
123,187.7,11.0,237.3,46.3,99.3,41,0.0,1009,55,29.5,3.3,2.66,2023,5,1,15,0,121,18,-0.7071067811865471,-0.7071067811865479,0.49999999999999994,-0.8660254037844387,0.0,1.0,1,1,0,46.0,47.0,48.0,59.0,38.0,35.0,43.333333333333336,5.50757054728682,47.0,37.0,48.0,7.402702209328207,60.0,37.0,54.166666666666664,10.32942252485411,69.0,37.0,48.375,10.06851528280145,69.0,34.0,29.0,27.9,25.4,56.0,57.0,67.0,2.33,2.0,1.66,1010.0,1011.0,1012.0,1622.5,146.3,78.47,0.0,0.799118809528952,17.06208526497591,21.57076629397328,16.225,28.17,0.029236839210268376,870.25,3025,7.0756000000000006,1018081,618.5999999999999,103.09999999999998,-9.0,-11.0,0.5
120,184.4,13.0,228.0,41.3,89.0,25,0.0,1008,55,30.0,3.2,3.0,2023,5,1,16,0,121,18,-0.8660254037844385,-0.5000000000000004,0.49999999999999994,-0.8660254037844387,0.0,1.0,1,1,0,37.0,46.0,47.0,60.0,46.0,37.0,38.666666666666664,6.658328118480066,46.0,33.0,43.5,6.833739825307277,50.0,33.0,53.083333333333336,11.835680518387065,69.0,33.0,48.208333333333336,10.295542161819526,69.0,33.0,29.5,28.5,26.7,55.0,56.0,58.0,2.66,2.0,2.0,1009.0,1011.0,1013.0,1650.0,165.0,90.0,0.0,0.7990121304568898,14.18352434428121,17.537112529805402,16.5,28.5,0.029761875236234886,900.0,3025,9.0,1016064,588.7,98.11666666666667,-4.0,-14.0,0.5
126,191.8,19.0,206.0,56.3,100.3,29,0.0,1008,60,28.8,1.9,3.0,2023,5,1,17,0,121,18,-0.9659258262890683,-0.25881904510252063,0.49999999999999994,-0.8660254037844387,0.0,1.0,1,1,0,33.0,37.0,46.0,50.0,53.0,34.0,38.333333333333336,6.110100926608528,45.0,33.0,42.666666666666664,6.153589738246858,48.0,33.0,52.416666666666664,12.06390810591131,69.0,33.0,48.666666666666664,9.8716399530334,69.0,33.0,30.0,29.0,27.3,55.0,56.0,58.0,3.0,2.33,2.0,1008.0,1010.0,1012.0,1728.0,180.0,86.4,0.0,0.7992753237065062,10.094205568127993,10.841534656070733,17.28,27.3,0.02857140022678549,829.44,3600,9.0,1016064,618.4,103.06666666666666,12.0,-1.0,-1.1999999999999993
131,199.2,25.0,184.0,58.8,111.7,33,0.0,1008,65,27.7,1.5,3.0,2023,5,1,18,0,121,18,-1.0,-1.8369701987210297e-16,0.49999999999999994,-0.8660254037844387,0.0,1.0,1,2,0,45.0,33.0,37.0,48.0,69.0,48.0,41.666666666666664,7.571877794400913,47.0,33.0,42.5,5.991660871577285,47.0,33.0,50.583333333333336,10.933337952696453,69.0,33.0,48.625,9.8766853267422,69.0,33.0,28.8,29.5,27.9,60.0,55.0,57.0,3.0,2.66,2.0,1008.0,1009.0,1011.0,1800.5,195.0,83.1,0.0,0.7993061342494175,7.967681292748289,7.359705611775529,18.005,26.2,0.027480131468123545,767.29,4225,9.0,1016064,625.7,104.28333333333335,2.0,10.0,-1.1000000000000014
123,206.6,31.0,162.0,55.0,123.0,37,0.0,1009,71,26.5,0.0,3.0,2023,5,1,19,0,121,18,-0.9659258262890684,0.2588190451025203,0.49999999999999994,-0.8660254037844387,0.0,1.0,1,2,0,47.0,45.0,33.0,47.0,69.0,41.0,45.333333333333336,1.5275252316543886,47.0,44.0,42.0,5.656854249491502,47.0,33.0,48.5,9.375984796760545,66.0,33.0,48.75,9.794630294641145,69.0,33.0,27.7,30.0,28.5,65.0,55.0,56.0,3.0,3.0,2.0,1008.0,1008.0,1011.0,1881.5,213.0,79.5,0.0,0.7999854548099126,6.6643011515757555,5.225637882648947,18.815,25.0,0.026263601324478372,702.25,5041,9.0,1018081,621.6,103.60000000000001,-3.0,11.0,-1.1999999999999993
137,193.2,30.0,142.0,61.3,112.3,41,0.0,1010,74,25.7,0.0,2.66,2023,5,1,20,0,121,18,-0.8660254037844386,0.5000000000000001,0.49999999999999994,-0.8660254037844387,0.0,1.0,1,2,0,44.0,47.0,45.0,46.0,66.0,42.0,46.666666666666664,2.516611478425005,49.0,44.0,42.5,6.188699378705536,49.0,33.0,47.083333333333336,7.6093045116823355,60.0,33.0,49.041666666666664,9.688537228250448,69.0,33.0,26.5,28.8,29.0,71.0,60.0,56.0,3.0,3.0,2.33,1009.0,1008.0,1010.0,1901.8,196.84,68.362,0.0,0.7993344317384709,6.439785340488649,4.733175560814639,19.018,24.369999999999997,0.02544551936087192,660.49,5476,7.0756000000000006,1020100,587.8,97.96666666666665,5.0,4.0,-0.8000000000000007
150,179.7,29.0,122.0,67.5,101.7,45,0.0,1010,77,24.8,0.0,2.33,2023,5,1,21,0,121,18,-0.7071067811865477,0.7071067811865474,0.49999999999999994,-0.8660254037844387,0.0,1.0,1,2,0,49.0,44.0,47.0,37.0,59.0,42.0,49.0,5.000000000000662,54.0,44.0,45.333333333333336,7.004760286166701,54.0,33.0,46.666666666666664,7.01081415753614,60.0,33.0,49.541666666666664,9.61872795832372,69.0,33.0,25.7,27.7,29.5,74.0,65.0,55.0,2.66,3.0,2.66,1010.0,1008.0,1009.0,1909.6000000000001,179.41,57.784000000000006,0.0,0.7999881483237284,6.196338057308368,4.206751491327885,19.096,23.635,0.0245544311342266,615.0400000000001,5929,5.4289000000000005,1020100,553.9,92.31666666666666,5.0,7.0,-0.8999999999999986
129,166.3,28.0,102.0,57.5,91.0,50,0.0,1011,79,24.0,0.0,2.0,2023,5,1,22,0,121,18,-0.5000000000000004,0.8660254037844384,0.49999999999999994,-0.8660254037844387,0.0,1.0,1,3,0,54.0,49.0,44.0,33.0,60.0,49.0,49.666666666666664,4.041451884328179,54.0,46.0,47.5,3.6193922141697334,54.0,44.0,45.5,5.616534033142559,54.0,33.0,49.416666666666664,9.645529113743034,69.0,33.0,24.8,26.5,30.0,77.0,71.0,55.0,2.33,3.0,3.0,1010.0,1009.0,1008.0,1896.0,158.0,48.0,0.0,0.7999860871984835,5.939073604514125,3.642727045462662,18.96,23.0,0.023738848922998098,576.0,6241,4.0,1022121,490.8,81.8,-8.0,2.0,-0.8000000000000007
110,166.7,27.0,94.7,48.8,89.0,54,0.0,1011,83,23.8,0.0,2.0,2023,5,1,23,0,121,18,-0.25881904510252157,0.9659258262890681,0.49999999999999994,-0.8660254037844387,0.0,1.0,1,3,0,46.0,54.0,49.0,45.0,50.0,49.0,46.333333333333336,7.505553499465615,54.0,39.0,46.5,5.009990019949347,54.0,39.0,44.583333333333336,5.712161401674676,54.0,33.0,49.0,9.877510687987677,69.0,33.0,24.0,25.7,28.8,79.0,74.0,60.0,2.0,2.66,3.0,1011.0,1010.0,1008.0,1975.4,166.0,47.6,0.0,0.7991639515583698,6.173845413132846,3.5072775082404353,19.754,22.8,0.023541025181973114,566.44,6889,4.0,1022121,465.2,77.53333333333333,-7.0,-10.0,-0.1999999999999993
115,167.1,26.0,87.3,51.3,87.0,58,0.0,1010,88,23.7,0.0,2.0,2023,5,2,0,1,122,18,0.0,1.0,0.49999999999999994,-0.8660254037844387,0.7818314824680298,0.6234898018587336,1,3,0,39.0,46.0,54.0,47.0,48.0,52.0,42.0,3.605551275465123,46.0,39.0,45.5,5.468089245796161,54.0,39.0,44.0,5.688904671694764,54.0,33.0,48.541666666666664,9.98685730550838,69.0,33.0,23.8,24.8,27.7,83.0,77.0,65.0,2.0,2.33,3.0,1011.0,1010.0,1008.0,2085.6,176.0,47.4,0.0,0.7992046938656168,6.426675897080881,3.3575631706472824,20.855999999999998,22.7,0.023465323301660096,561.6899999999999,7744,4.0,1020100,459.7,76.61666666666666,2.0,-13.0,-0.10000000000000142
118,167.5,25.0,80.0,52.5,85.0,62,0.0,1010,92,23.5,0.0,2.0,2023,5,2,1,1,122,18,0.25881904510252074,0.9659258262890683,0.49999999999999994,-0.8660254037844387,0.7818314824680298,0.6234898018587336,1,3,0,41.0,39.0,46.0,44.0,47.0,41.0,40.666666666666664,1.5275252316547236,42.0,39.0,45.166666666666664,5.636192568273209,54.0,39.0,43.583333333333336,5.632024233762772,54.0,33.0,48.583333333333336,9.956062896838462,69.0,33.0,23.7,24.0,26.5,88.0,79.0,71.0,2.0,2.0,3.0,1010.0,1011.0,1009.0,2162.0,184.0,47.0,0.0,0.7999847621950058,6.699732010719571,3.199872005119795,21.62,22.5,0.023267303695738914,552.25,8464,4.0,1020100,452.0,75.33333333333333,1.0,-4.0,-0.1999999999999993
123,167.7,23.3,76.7,55.0,85.3,66,0.0,1010,93,23.3,0.0,2.0,2023,5,2,2,1,122,18,0.49999999999999994,0.8660254037844387,0.49999999999999994,-0.8660254037844387,0.7818314824680298,0.6234898018587336,1,3,0,42.0,41.0,39.0,49.0,46.0,38.0,42.333333333333336,1.5275252316546006,44.0,41.0,44.333333333333336,5.316640543299669,54.0,39.0,43.416666666666664,5.583389868550879,54.0,33.0,48.833333333333336,9.751997194183803,69.0,33.0,23.5,23.8,25.7,92.0,83.0,74.0,2.0,2.0,2.66,1010.0,1011.0,1010.0,2166.9,186.0,46.6,0.0,0.7999854548099126,7.197116003604995,3.29170421870306,21.669,22.3,0.023069284089817736,542.89,8649,4.0,1020100,452.0,75.33333333333333,2.0,5.0,-0.1999999999999993
118,167.9,21.7,73.3,52.5,85.7,70,0.0,1010,94,23.2,0.0,2.0,2023,5,2,3,1,122,18,0.7071067811865476,0.7071067811865476,0.49999999999999994,-0.8660254037844387,0.7818314824680298,0.6234898018587336,1,3,0,44.0,42.0,41.0,54.0,37.0,38.0,42.666666666666664,1.1547005383827307,44.0,42.0,42.333333333333336,2.4221202832759894,46.0,39.0,43.833333333333336,5.236816057895922,54.0,33.0,49.0,9.591663046625776,69.0,33.0,23.3,23.7,24.8,93.0,88.0,77.0,2.0,2.0,2.33,1010.0,1010.0,1010.0,2180.7999999999997,188.0,46.4,0.0,0.7999847621950058,7.736970646513986,3.3777245288235562,21.807999999999996,22.2,0.02297027428685714,538.24,8836,4.0,1020100,443.09999999999997,73.85,-2.0,1.0,-0.10000000000000142
107,168.1,20.0,70.0,47.5,86.0,75,0.0,1010,95,23.0,0.0,2.0,2023,5,2,4,1,122,18,0.8660254037844386,0.5000000000000001,0.49999999999999994,-0.8660254037844387,0.7818314824680298,0.6234898018587336,1,3,0,42.0,44.0,42.0,46.0,33.0,46.0,41.333333333333336,3.055050463305257,44.0,38.0,41.0,2.1908902300183204,44.0,38.0,44.25,4.4338573397308405,54.0,38.0,48.666666666666664,9.83634196174636,69.0,33.0,23.2,23.5,24.0,94.0,92.0,79.0,2.0,2.0,2.0,1010.0,1010.0,1011.0,2185.0,190.0,46.0,0.0,0.7999831582493001,8.404579771011448,3.4998250087495624,21.85,22.0,0.02277225468093596,529.0,9025,4.0,1020100,429.6,71.60000000000001,-4.0,-4.0,-0.1999999999999993
110,174.1,20.7,70.7,48.8,86.7,83,0.0,1010,95,23.2,0.0,1.66,2023,5,2,5,1,122,18,0.9659258262890683,0.25881904510252074,0.49999999999999994,-0.8660254037844387,0.7818314824680298,0.6234898018587336,1,3,0,38.0,42.0,44.0,39.0,45.0,53.0,39.666666666666664,2.081665999468224,42.0,38.0,41.0,2.1908902300183204,44.0,38.0,43.75,4.67342584095471,54.0,38.0,48.083333333333336,9.982230589213929,69.0,33.0,23.0,23.3,23.8,95.0,93.0,83.0,2.0,2.0,2.0,1010.0,1010.0,1011.0,2204.0,157.7,38.512,0.0,0.7991639515583698,8.410221728418916,3.4152939471523114,22.04,22.37,0.02297027428685714,538.24,9025,2.7556,1020100,440.0,73.33333333333333,1.0,-5.0,0.1999999999999993
121,180.1,21.3,71.3,53.8,87.3,91,0.0,1011,96,23.4,1.8,1.33,2023,5,2,6,1,122,18,1.0,6.123233995736766e-17,0.49999999999999994,-0.8660254037844387,0.7818314824680298,0.6234898018587336,1,0,0,39.0,38.0,42.0,41.0,47.0,69.0,40.0,2.6457513110662205,43.0,38.0,41.333333333333336,2.3380903888978577,44.0,38.0,43.416666666666664,4.561864318521565,54.0,38.0,47.0,8.973390615059675,69.0,33.0,23.2,23.2,23.7,95.0,94.0,88.0,1.66,2.0,2.0,1010.0,1010.0,1010.0,2246.3999999999996,127.68,31.122,0.0,0.7992416497834613,8.455002112576873,3.3472606919862913,22.463999999999995,22.735,0.023145377699923145,547.56,9216,1.7689000000000001,1022121,456.8,76.13333333333334,4.0,1.0,0.1999999999999993
110,186.2,22.0,72.0,48.8,88.0,100,0.0,1011,97,23.6,2.2,1.0,2023,5,2,7,1,122,18,0.9659258262890683,-0.25881904510252063,0.49999999999999994,-0.8660254037844387,0.7818314824680298,0.6234898018587336,1,0,0,43.0,39.0,38.0,42.0,44.0,69.0,40.333333333333336,2.3094010767603526,43.0,39.0,40.833333333333336,2.483277404289808,44.0,38.0,43.0,4.7290206558684575,54.0,38.0,45.75,7.786554744083856,66.0,33.0,23.4,23.0,23.5,96.0,95.0,92.0,1.33,2.0,2.0,1011.0,1010.0,1010.0,2289.2000000000003,97.0,23.6,0.0,0.7991639515583698,8.463251670378618,3.2725785191582197,22.892000000000003,23.1,0.023343201440948133,556.96,9409,1.0,1022121,456.0,76.0,-4.0,1.0,0.20000000000000284
110,167.1,17.7,87.7,48.8,74.0,91,0.0,1012,92,24.5,2.9,1.33,2023,5,2,8,1,122,18,0.8660254037844387,-0.4999999999999998,0.49999999999999994,-0.8660254037844387,0.7818314824680298,0.6234898018587336,1,0,0,39.0,43.0,39.0,44.0,49.0,66.0,40.333333333333336,2.3094010767603526,43.0,39.0,40.0,1.9999999999973268,43.0,38.0,42.166666666666664,4.44835686381758,54.0,38.0,44.625,6.592568279642244,60.0,33.0,23.6,23.2,23.3,97.0,95.0,93.0,1.0,1.66,2.0,1011.0,1010.0,1010.0,2254.0,122.36000000000001,32.585,0.0,0.7991639515583698,9.44014462459748,4.954522343370431,22.54,23.835,0.024209462243614383,600.25,8464,1.7689000000000001,1024144,434.3,72.38333333333334,0.0,0.0,0.8999999999999986
131,148.0,13.3,103.3,58.8,60.0,83,0.0,1012,87,25.3,3.5,1.66,2023,5,2,9,1,122,18,0.7071067811865476,-0.7071067811865475,0.49999999999999994,-0.8660254037844387,0.7818314824680298,0.6234898018587336,1,0,0,39.0,39.0,43.0,42.0,54.0,59.0,41.666666666666664,4.618802153517898,47.0,39.0,40.833333333333336,3.488074922741242,47.0,38.0,41.583333333333336,2.9682665076775447,47.0,38.0,44.125,5.870430693036503,60.0,33.0,24.5,23.4,23.2,92.0,96.0,94.0,1.33,1.33,2.0,1012.0,1011.0,1010.0,2201.1,144.42,41.998,0.0,0.7993061342494175,11.126982933614014,7.766333358394105,22.011,24.470000000000002,0.024999975296467098,640.09,7569,2.7556,1024144,430.40000000000003,71.73333333333333,8.0,4.0,0.8000000000000007
137,129.0,9.0,119.0,61.3,46.0,75,0.0,1012,83,26.2,3.0,2.0,2023,5,2,10,1,122,18,0.49999999999999994,-0.8660254037844387,0.49999999999999994,-0.8660254037844387,0.7818314824680298,0.6234898018587336,1,0,0,47.0,39.0,39.0,38.0,46.0,60.0,45.0,5.2915026221298875,49.0,39.0,42.666666666666664,4.457203906784732,49.0,39.0,41.833333333333336,3.459724984690424,49.0,38.0,43.666666666666664,4.931413649220272,54.0,33.0,25.3,23.6,23.0,87.0,97.0,95.0,1.66,1.0,2.0,1012.0,1011.0,1010.0,2174.6,166.0,52.4,0.0,0.7993344317384709,14.331740917675814,13.22075324963893,21.746,25.2,0.025889302480926402,686.4399999999999,6889,4.0,1024144,413.3,68.88333333333334,2.0,10.0,0.8999999999999986
129,137.5,11.0,123.0,57.5,56.7,70,0.0,1012,72,27.4,3.7,2.33,2023,5,2,11,1,122,18,0.258819045102521,-0.9659258262890682,0.49999999999999994,-0.8660254037844387,0.7818314824680298,0.6234898018587336,1,0,0,49.0,47.0,39.0,39.0,39.0,50.0,47.333333333333336,1.5275252316542143,49.0,46.0,43.833333333333336,4.2150523919232095,49.0,39.0,42.416666666666664,3.528026317498762,49.0,38.0,43.5,4.773113103170509,54.0,33.0,26.2,24.5,23.2,83.0,92.0,95.0,2.0,1.33,1.66,1012.0,1012.0,1010.0,1972.8,167.76,63.842,0.0,0.7999860871984835,12.498863739660031,11.180801745295883,19.727999999999998,26.235,0.027075072060205475,750.7599999999999,5184,5.4289000000000005,1024144,431.7,71.95,-3.0,7.0,1.1999999999999993
112,146.1,13.0,127.0,50.0,67.3,66,0.0,1011,63,28.5,3.8,2.66,2023,5,2,12,1,122,18,1.2246467991473532e-16,-1.0,0.49999999999999994,-0.8660254037844387,0.7818314824680298,0.6234898018587336,1,1,0,46.0,49.0,47.0,43.0,41.0,48.0,45.0,4.582575694956655,49.0,40.0,43.333333333333336,4.501851470968068,49.0,39.0,42.333333333333336,3.5760143718772954,49.0,38.0,43.166666666666664,4.724282017377448,54.0,33.0,27.4,25.3,23.4,72.0,87.0,96.0,2.33,1.66,1.33,1012.0,1012.0,1011.0,1795.5,167.58,75.81,0.0,0.7999840003199936,11.237597107914775,9.768479347742481,17.955,27.17,0.028189883096060242,812.25,3969,7.0756000000000006,1022121,443.40000000000003,73.9,-6.0,-7.0,1.1000000000000014
102,154.7,15.0,131.0,45.0,78.0,62,0.0,1010,55,29.7,3.4,3.0,2023,5,2,13,1,122,18,-0.2588190451025208,-0.9659258262890683,0.49999999999999994,-0.8660254037844387,0.7818314824680298,0.6234898018587336,1,1,0,40.0,46.0,49.0,39.0,42.0,47.0,40.666666666666664,5.033222956848007,46.0,36.0,42.833333333333336,5.192943930629056,49.0,36.0,41.833333333333336,4.018894767409237,49.0,36.0,42.708333333333336,4.867631927304679,54.0,33.0,28.5,26.2,23.6,63.0,83.0,97.0,2.66,2.0,1.0,1011.0,1012.0,1011.0,1633.5,165.0,89.1,0.0,0.7999822226172753,10.312645823611758,8.732751149923338,16.335,28.2,0.029405911479295565,882.0899999999999,3025,9.0,1020100,459.7,76.61666666666666,-4.0,-13.0,1.1999999999999993
112,151.7,15.7,121.3,50.0,79.0,66,0.0,1009,57,30.0,3.1,3.0,2023,5,2,14,1,122,18,-0.4999999999999997,-0.8660254037844388,0.49999999999999994,-0.8660254037844387,0.7818314824680298,0.6234898018587336,1,1,0,36.0,40.0,46.0,39.0,44.0,46.0,38.666666666666664,2.3094010767604334,40.0,36.0,43.0,5.059644256268473,49.0,36.0,41.5,3.988620176086601,49.0,36.0,42.458333333333336,4.84525017675744,54.0,33.0,29.7,27.4,24.5,55.0,72.0,92.0,3.0,2.33,1.33,1010.0,1012.0,1012.0,1710.0,171.0,90.0,0.0,0.7999840003199936,9.661804980574486,7.725622571810713,17.1,28.5,0.029732378857900043,900.0,3249,9.0,1018081,457.7,76.28333333333333,4.0,-6.0,0.3000000000000007
85,148.8,16.3,111.7,35.0,80.0,70,0.0,1008,59,30.2,2.6,3.0,2023,5,2,15,1,122,18,-0.7071067811865471,-0.7071067811865479,0.49999999999999994,-0.8660254037844387,0.7818314824680298,0.6234898018587336,1,1,0,40.0,36.0,40.0,47.0,42.0,37.0,34.666666666666664,6.110100926608591,40.0,28.0,39.833333333333336,7.440878084383312,49.0,28.0,40.333333333333336,5.565042405021832,49.0,28.0,42.083333333333336,5.578816039788616,54.0,28.0,30.0,28.5,25.3,57.0,63.0,87.0,3.0,2.66,1.66,1009.0,1011.0,1012.0,1781.8,177.0,90.6,0.0,0.7999771435101855,9.128274338997608,6.852340347217962,17.817999999999998,28.7,0.029960287737809784,912.04,3481,9.0,1016064,419.8,69.96666666666667,-12.0,-12.0,0.1999999999999993
102,145.9,17.0,102.0,45.0,81.0,75,0.0,1007,62,30.5,2.1,3.0,2023,5,2,16,1,122,18,-0.8660254037844385,-0.5000000000000004,0.49999999999999994,-0.8660254037844387,0.7818314824680298,0.6234898018587336,1,1,0,28.0,40.0,36.0,49.0,38.0,33.0,34.666666666666664,6.110100926608591,40.0,28.0,37.666666666666664,5.988878581725877,46.0,28.0,40.166666666666664,5.670230608318268,49.0,28.0,42.208333333333336,5.397093957715712,54.0,28.0,30.2,29.7,26.2,59.0,55.0,83.0,3.0,3.0,2.0,1008.0,1010.0,1012.0,1891.0,186.0,91.5,0.0,0.7999822226172753,8.58184812658079,5.9996470795835535,18.91,29.0,0.0302879540338093,930.25,3844,9.0,1014049,426.9,71.14999999999999,8.0,0.0,0.3000000000000007
63,140.5,20.0,85.7,22.5,73.7,58,0.0,1007,66,29.5,1.5,3.0,2023,5,2,17,1,122,18,-0.9659258262890683,-0.25881904510252063,0.49999999999999994,-0.8660254037844387,0.7818314824680298,0.6234898018587336,1,1,0,36.0,28.0,40.0,46.0,39.0,45.0,27.333333333333332,9.018499505646426,36.0,18.0,33.0,8.555699854482175,40.0,18.0,38.416666666666664,8.564815269814922,49.0,18.0,41.083333333333336,7.2766252729080625,54.0,18.0,30.5,30.0,27.4,62.0,57.0,72.0,3.0,3.0,2.33,1007.0,1009.0,1012.0,1947.0,198.0,88.5,0.0,0.7999644460246211,7.024648767561621,4.284785760711964,19.47,28.0,0.029294906360569653,870.25,4356,9.0,1014049,360.4,60.06666666666666,-18.0,-22.0,-1.0
74,135.0,23.0,69.3,28.8,66.3,41,0.0,1008,70,28.6,1.6,3.0,2023,5,2,18,1,122,18,-1.0,-1.8369701987210297e-16,0.49999999999999994,-0.8660254037844387,0.7818314824680298,0.6234898018587336,1,2,0,18.0,36.0,28.0,40.0,43.0,47.0,25.666666666666668,9.29157324317821,36.0,18.0,30.166666666666668,8.588752334690515,40.0,18.0,36.75,9.48803073734068,49.0,18.0,40.083333333333336,8.037502676538756,54.0,18.0,29.5,30.2,28.5,66.0,59.0,63.0,3.0,3.0,2.66,1007.0,1008.0,1011.0,2002.0,210.0,85.80000000000001,0.0,0.7985833825214401,5.8693100299986956,3.012912482065997,20.02,27.1,0.028372987725210592,817.96,4900,9.0,1016064,345.40000000000003,57.56666666666667,5.0,-5.0,-0.8999999999999986
85,129.6,26.0,53.0,35.0,59.0,25,0.0,1008,74,27.6,0.0,3.0,2023,5,2,19,1,122,18,-0.9659258262890684,0.2588190451025203,0.49999999999999994,-0.8660254037844387,0.7818314824680298,0.6234898018587336,1,2,0,23.0,18.0,36.0,36.0,39.0,44.0,23.0,5.00000000000125,28.0,18.0,28.833333333333332,8.109665015686604,40.0,18.0,35.833333333333336,9.777835169711896,49.0,18.0,39.416666666666664,8.355766905539873,54.0,18.0,28.6,30.5,29.7,70.0,62.0,55.0,3.0,3.0,3.0,1008.0,1007.0,1010.0,2042.4,222.0,82.80000000000001,0.0,0.7999771435101855,4.984423676012461,2.038383139110034,20.424,26.1,0.027380925217336097,761.7600000000001,5476,9.0,1016064,330.6,55.1,5.0,-8.0,-1.0
95,131.5,27.0,44.3,41.3,57.7,33,0.0,1009,79,27.0,0.0,2.66,2023,5,2,20,1,122,18,-0.8660254037844386,0.5000000000000001,0.49999999999999994,-0.8660254037844387,0.7818314824680298,0.6234898018587336,1,2,0,28.0,23.0,18.0,40.0,39.0,49.0,28.0,5.000000000001137,33.0,23.0,27.666666666666668,6.531972647420586,36.0,18.0,35.333333333333336,9.754563811442797,49.0,18.0,38.75,8.19464300095182,54.0,18.0,27.6,29.5,30.0,74.0,66.0,57.0,3.0,3.0,3.0,1008.0,1007.0,1009.0,2133.0,210.14000000000001,71.82000000000001,0.0,0.7990121304568898,4.8701899929632235,1.6406799748157475,21.33,25.67,0.02675914097211004,729.0,6241,7.0756000000000006,1018081,334.8,55.800000000000004,5.0,15.0,-0.6000000000000014
82,133.4,28.0,35.7,33.8,56.3,41,0.0,1010,84,26.3,0.0,2.33,2023,5,2,21,1,122,18,-0.7071067811865477,0.7071067811865474,0.49999999999999994,-0.8660254037844387,0.7818314824680298,0.6234898018587336,1,2,0,33.0,28.0,23.0,28.0,47.0,54.0,29.333333333333332,3.2145502536660397,33.0,27.0,27.5,6.534523701080589,36.0,18.0,33.666666666666664,9.276885579794566,49.0,18.0,37.625,7.856387597806099,49.0,18.0,27.0,28.6,30.2,79.0,70.0,59.0,2.66,3.0,3.0,1009.0,1008.0,1008.0,2209.2000000000003,195.72,61.279,0.0,0.7987929351202628,4.764115567301168,1.2749544659119318,22.092000000000002,25.135,0.026039578178635468,691.69,7056,5.4289000000000005,1020100,314.20000000000005,52.366666666666674,-6.0,4.0,-0.6999999999999993
82,135.4,29.0,27.0,33.8,55.0,50,0.25,1011,90,25.7,0.0,2.0,2023,5,2,22,1,122,18,-0.5000000000000004,0.8660254037844384,0.49999999999999994,-0.8660254037844387,0.7818314824680298,0.6234898018587336,1,3,0,27.0,33.0,28.0,36.0,49.0,46.0,29.0,3.4641016151393624,33.0,27.0,26.0,5.0596442562677595,33.0,18.0,31.833333333333332,8.066015500890163,46.0,18.0,36.833333333333336,7.932687831491221,49.0,18.0,26.3,27.6,30.5,84.0,74.0,62.0,2.33,3.0,3.0,1010.0,1008.0,1007.0,2313.0,180.0,51.4,12.5,0.7987929351202628,4.668804523981931,0.9310023792283024,23.13,24.7,0.025420350721710464,660.49,8100,4.0,1022121,307.2,51.199999999999996,0.0,-1.0,-0.6000000000000014
85,131.9,27.0,27.3,35.0,55.0,41,0.0,1010,92,25.5,0.0,2.0,2023,5,2,23,1,122,18,-0.25881904510252157,0.9659258262890681,0.49999999999999994,-0.8660254037844387,0.7818314824680298,0.6234898018587336,1,3,0,27.0,27.0,33.0,18.0,46.0,39.0,27.333333333333332,0.5773502691995974,28.0,27.0,27.666666666666668,3.204163957516953,33.0,23.0,30.333333333333332,6.759953379792205,40.0,18.0,36.375,8.117680649695426,49.0,18.0,25.7,27.0,29.5,90.0,79.0,66.0,2.0,2.66,3.0,1011.0,1009.0,1007.0,2346.0,184.0,51.0,0.0,0.7999771435101855,4.885004259101515,1.0110736639383726,23.46,24.5,0.025247499754950737,650.25,8464,4.0,1020100,304.20000000000005,50.70000000000001,1.0,-5.0,-0.1999999999999993
91,128.4,25.0,27.7,38.8,55.0,33,0.0,1010,94,25.4,0.0,2.0,2023,5,3,0,2,123,18,0.0,1.0,0.49999999999999994,-0.8660254037844387,0.9749279121818236,-0.22252093395631434,1,3,0,28.0,27.0,27.0,23.0,40.0,41.0,28.666666666666668,2.0816659994688256,31.0,27.0,29.0,2.4494897427800346,33.0,27.0,29.583333333333332,6.052172162024329,40.0,18.0,35.958333333333336,8.126602406090221,49.0,18.0,25.5,26.3,28.6,92.0,84.0,70.0,2.0,2.33,3.0,1010.0,1010.0,1008.0,2387.6,188.0,50.8,0.0,0.7989484807092602,5.135794568217271,1.107955681772729,23.875999999999998,24.4,0.025148489951990146,645.16,8836,4.0,1020100,305.9,50.98333333333333,3.0,4.0,-0.10000000000000142
85,124.9,23.0,28.0,35.0,55.0,25,0.0,1009,95,25.2,0.0,2.0,2023,5,3,1,2,123,18,0.25881904510252074,0.9659258262890683,0.49999999999999994,-0.8660254037844387,0.9749279121818236,-0.22252093395631434,1,3,0,31.0,28.0,27.0,28.0,36.0,42.0,29.0,1.7320508075720915,31.0,28.0,29.0,2.4494897427800346,33.0,27.0,28.916666666666668,5.712161401674698,40.0,18.0,35.375,8.176384339643645,49.0,18.0,25.4,25.7,27.6,94.0,90.0,74.0,2.0,2.0,3.0,1010.0,1011.0,1008.0,2394.0,190.0,50.4,0.0,0.7999771435101855,5.430198687013608,1.217338376592322,23.94,24.2,0.024975198240636036,635.04,9025,4.0,1018081,293.9,48.98333333333333,-3.0,1.0,-0.1999999999999993
76,119.1,19.7,29.7,30.0,50.0,50,0.0,1009,95,25.2,0.0,2.0,2023,5,3,2,2,123,18,0.49999999999999994,0.8660254037844387,0.49999999999999994,-0.8660254037844387,0.9749279121818236,-0.22252093395631434,1,3,0,28.0,31.0,28.0,33.0,40.0,44.0,27.666666666666668,3.511884584285875,31.0,24.0,27.5,2.258317958123692,31.0,24.0,27.583333333333332,4.6604395682908875,36.0,18.0,34.541666666666664,8.277676457571678,49.0,18.0,25.2,25.5,27.0,95.0,92.0,79.0,2.0,2.0,2.66,1009.0,1010.0,1009.0,2394.0,190.0,50.4,0.0,0.7999733342221925,6.045378407187452,1.507537688442211,23.94,24.2,0.024975198240636036,635.04,9025,4.0,1018081,272.5,45.416666666666664,-4.0,-4.0,0.0
72,113.2,16.3,31.3,27.5,45.0,75,0.0,1009,95,25.2,0.0,2.0,2023,5,3,3,2,123,18,0.7071067811865476,0.7071067811865476,0.49999999999999994,-0.8660254037844387,0.9749279121818236,-0.22252093395631434,1,3,0,24.0,28.0,31.0,27.0,28.0,42.0,24.666666666666668,3.0550504633058773,28.0,22.0,26.666666666666668,3.2041639575168865,31.0,22.0,27.083333333333332,4.925967063952611,36.0,18.0,33.708333333333336,8.497975035862916,49.0,18.0,25.2,25.4,26.3,95.0,94.0,84.0,2.0,2.0,2.33,1009.0,1010.0,1010.0,2394.0,190.0,50.4,0.0,0.7999709101487218,6.9443592417643085,1.9201275995337708,23.94,24.2,0.024975198240636036,635.04,9025,4.0,1018081,255.3,42.550000000000004,-2.0,-9.0,0.0
80,107.4,13.0,33.0,32.5,40.0,100,0.0,1009,95,25.2,0.0,2.0,2023,5,3,4,2,123,18,0.8660254037844386,0.5000000000000001,0.49999999999999994,-0.8660254037844387,0.9749279121818236,-0.22252093395631434,1,3,0,22.0,24.0,28.0,27.0,36.0,38.0,24.0,2.0000000000030687,26.0,22.0,26.5,3.2093613071736775,31.0,22.0,26.25,4.04800736614424,33.0,18.0,33.208333333333336,8.587043661271556,49.0,18.0,25.2,25.2,25.7,95.0,95.0,90.0,2.0,2.0,2.0,1009.0,1009.0,1011.0,2394.0,190.0,50.4,0.0,0.7999753853727578,8.260903007460966,2.5382662872086765,23.94,24.2,0.024975198240636036,635.04,9025,4.0,1018081,251.9,41.983333333333334,4.0,-2.0,0.0
76,103.5,11.7,35.0,30.0,35.7,95,0.0,1010,94,25.6,0.0,2.0,2023,5,3,5,2,123,18,0.9659258262890683,0.25881904510252074,0.49999999999999994,-0.8660254037844387,0.9749279121818236,-0.22252093395631434,1,3,0,26.0,22.0,24.0,28.0,18.0,39.0,24.0,2.0000000000030687,26.0,22.0,25.833333333333332,3.2506409624333967,31.0,22.0,26.75,3.2227881773951617,33.0,22.0,32.583333333333336,8.692408815426077,49.0,18.0,25.2,25.2,25.5,95.0,95.0,92.0,2.0,2.0,2.0,1009.0,1009.0,1010.0,2406.4,188.0,51.2,0.0,0.7999733342221925,8.845397829245364,2.9911973335612343,24.064,24.6,0.02534650955791133,655.3600000000001,8836,4.0,1020100,239.89999999999998,39.98333333333333,-2.0,0.0,0.40000000000000213
76,99.6,10.3,37.0,30.0,31.3,91,0.0,1010,92,26.1,1.0,2.0,2023,5,3,6,2,123,18,1.0,6.123233995736766e-17,0.49999999999999994,-0.8660254037844387,0.9749279121818236,-0.22252093395631434,1,0,0,24.0,26.0,22.0,31.0,23.0,43.0,24.666666666666668,1.1547005383845017,26.0,24.0,24.666666666666668,2.0655911179731135,28.0,22.0,26.833333333333332,3.128558579901162,33.0,22.0,31.791666666666668,8.5667667619486,49.0,18.0,25.6,25.2,25.4,94.0,95.0,94.0,2.0,2.0,2.0,1010.0,1009.0,1010.0,2401.2000000000003,184.0,52.2,0.0,0.7999733342221925,9.668964178235122,3.5918842830793127,24.012000000000004,25.1,0.025841558572714286,681.21,8464,4.0,1020100,232.2,38.699999999999996,0.0,2.0,0.5
76,95.7,9.0,39.0,30.0,27.0,87,0.0,1010,90,26.5,1.1,2.0,2023,5,3,7,2,123,18,0.9659258262890683,-0.25881904510252063,0.49999999999999994,-0.8660254037844387,0.9749279121818236,-0.22252093395631434,1,0,0,24.0,24.0,26.0,28.0,28.0,39.0,24.0,0.0,24.0,24.0,24.0,1.2649110640604193,26.0,22.0,26.5,3.2051095570544335,33.0,22.0,31.166666666666668,8.56518060758696,49.0,18.0,26.1,25.2,25.2,92.0,95.0,95.0,2.0,2.0,2.0,1010.0,1009.0,1009.0,2385.0,180.0,53.0,0.0,0.7999733342221925,10.632151983112989,4.332851905343851,23.85,25.5,0.02623759778455665,702.25,8100,4.0,1020100,224.7,37.449999999999996,0.0,-2.0,0.3999999999999986
91,94.7,8.7,45.0,38.8,28.3,83,0.0,1010,84,27.7,2.4,2.33,2023,5,3,8,2,123,18,0.8660254037844387,-0.4999999999999998,0.49999999999999994,-0.8660254037844387,0.9749279121818236,-0.22252093395631434,1,0,0,24.0,24.0,24.0,24.0,33.0,39.0,26.333333333333332,4.041451884328833,31.0,24.0,25.166666666666668,3.1251666622197343,31.0,22.0,26.333333333333332,2.870962250260117,31.0,22.0,30.833333333333332,8.401173140992364,49.0,18.0,26.5,25.6,25.2,90.0,94.0,95.0,2.0,2.0,2.0,1010.0,1010.0,1009.0,2326.7999999999997,195.72,64.541,0.0,0.7989484807092602,10.8838064590277,5.171819331111367,23.267999999999997,26.535,0.027425715420083742,767.29,7056,5.4289000000000005,1020100,246.5,41.083333333333336,7.0,7.0,1.1999999999999993
82,93.8,8.3,51.0,33.8,29.7,79,0.0,1011,78,28.8,2.4,2.66,2023,5,3,9,2,123,18,0.7071067811865476,-0.7071067811865475,0.49999999999999994,-0.8660254037844387,0.9749279121818236,-0.22252093395631434,1,0,0,31.0,24.0,24.0,22.0,27.0,47.0,27.333333333333332,3.5118845842858852,31.0,24.0,26.0,2.7568097504150204,31.0,24.0,26.333333333333332,2.870962250260117,31.0,22.0,30.0,7.689631641542562,49.0,18.0,27.7,26.1,25.2,84.0,92.0,95.0,2.33,2.0,2.0,1010.0,1010.0,1009.0,2246.4,207.48000000000002,76.608,0.0,0.7987929351202628,11.299843392362366,6.143838091796169,22.464000000000002,27.47,0.02848661870759772,829.44,6084,7.0756000000000006,1022121,243.59999999999997,40.599999999999994,-4.0,3.0,1.1000000000000014
76,92.8,8.0,57.0,30.0,31.0,75,0.0,1011,73,30.0,3.0,3.0,2023,5,3,10,2,123,18,0.49999999999999994,-0.8660254037844387,0.49999999999999994,-0.8660254037844387,0.9749279121818236,-0.22252093395631434,1,0,0,27.0,31.0,24.0,26.0,27.0,49.0,27.333333333333332,3.5118845842858852,31.0,24.0,25.666666666666668,2.875181153710119,31.0,24.0,26.083333333333332,2.937479851638522,31.0,22.0,28.958333333333332,6.623273633422683,46.0,18.0,28.8,26.5,25.2,78.0,90.0,95.0,2.66,2.0,2.0,1011.0,1010.0,1009.0,2190.0,219.0,90.0,0.0,0.7999733342221925,11.598550181227347,7.124109486314211,21.9,28.5,0.029673561153747623,900.0,5329,9.0,1022121,242.8,40.46666666666667,-3.0,0.0,1.1999999999999993
65,106.8,11.0,66.3,23.8,48.7,75,0.25,1010,71,30.4,3.6,3.0,2023,5,3,11,2,123,18,0.258819045102521,-0.9659258262890682,0.49999999999999994,-0.8660254037844387,0.9749279121818236,-0.22252093395631434,1,0,0,24.0,27.0,31.0,24.0,28.0,46.0,23.333333333333332,4.041451884328918,27.0,19.0,24.833333333333332,3.9707262140129336,31.0,19.0,25.333333333333332,3.4989175815412743,31.0,19.0,27.833333333333332,5.850802001262268,40.0,18.0,30.0,27.7,25.6,73.0,84.0,94.0,3.0,2.33,2.0,1011.0,1010.0,1010.0,2158.4,213.0,91.19999999999999,18.75,0.7982857863114995,9.708208344695937,6.026724843196073,21.584,28.9,0.0300989801000197,924.16,5041,9.0,1020100,275.6,45.93333333333334,-5.0,-12.0,0.3999999999999986
91,120.8,14.0,75.7,38.8,66.3,75,0.0,1009,68,30.8,3.8,3.0,2023,5,3,12,2,123,18,1.2246467991473532e-16,-1.0,0.49999999999999994,-0.8660254037844387,0.9749279121818236,-0.22252093395631434,1,1,0,19.0,24.0,27.0,24.0,31.0,40.0,24.666666666666668,6.027713773342715,31.0,19.0,26.0,4.647580015447107,31.0,19.0,25.333333333333332,3.4989175815412743,31.0,19.0,27.458333333333332,5.299541954503212,40.0,18.0,30.4,28.8,26.1,71.0,78.0,92.0,3.0,2.66,2.0,1010.0,1011.0,1010.0,2094.4,204.0,92.4,0.0,0.7989484807092602,8.627955146060996,5.406756660238555,20.944000000000003,29.3,0.030525242294110713,948.6400000000001,4624,9.0,1018081,346.6,57.76666666666667,12.0,4.0,0.40000000000000213
107,134.8,17.0,85.0,47.5,84.0,75,0.0,1008,66,31.2,4.1,3.0,2023,5,3,13,2,123,18,-0.2588190451025208,-0.9659258262890683,0.49999999999999994,-0.8660254037844387,0.9749279121818236,-0.22252093395631434,1,1,0,31.0,19.0,24.0,24.0,28.0,36.0,29.333333333333332,9.609023536933625,38.0,19.0,28.333333333333332,6.5625198412386565,38.0,19.0,26.166666666666668,5.042245771899345,38.0,19.0,27.541666666666668,5.453193453434713,40.0,18.0,30.8,30.0,26.5,68.0,73.0,90.0,3.0,3.0,2.0,1009.0,1011.0,1010.0,2059.2,198.0,93.6,0.0,0.7999831582493001,7.928945356155521,4.9997058996529615,20.592,29.7,0.03095235024568428,973.4399999999999,4356,9.0,1016064,406.3,67.71666666666667,7.0,14.0,0.3999999999999986
82,134.8,17.7,84.0,33.8,85.7,58,0.0,1007,66,31.4,3.9,3.0,2023,5,3,14,2,123,18,-0.4999999999999997,-0.8660254037844388,0.49999999999999994,-0.8660254037844387,0.9749279121818236,-0.22252093395631434,1,1,0,38.0,31.0,19.0,31.0,24.0,40.0,32.0,5.567764362830961,38.0,27.0,27.666666666666668,6.43946167522183,38.0,19.0,26.416666666666668,4.999242366841063,38.0,19.0,27.0,4.763995400282883,38.0,18.0,31.2,30.4,27.7,66.0,71.0,84.0,3.0,3.0,2.33,1008.0,1010.0,1010.0,2072.4,198.0,94.19999999999999,0.0,0.7987929351202628,7.615388961075646,4.745494604824586,20.724,29.9,0.031181696939724984,985.9599999999999,4356,9.0,1014049,383.0,63.833333333333336,-11.0,8.0,0.1999999999999993
80,134.8,18.3,83.0,32.5,87.3,41,0.0,1006,66,31.5,3.5,3.0,2023,5,3,15,2,123,18,-0.7071067811865471,-0.7071067811865479,0.49999999999999994,-0.8660254037844387,0.9749279121818236,-0.22252093395631434,1,1,0,27.0,38.0,31.0,27.0,22.0,28.0,30.333333333333332,6.658328118480207,38.0,26.0,27.5,6.473020933071667,38.0,19.0,26.75,4.807664335582379,38.0,19.0,26.916666666666668,4.763234803902161,38.0,18.0,31.4,30.8,28.8,66.0,68.0,78.0,3.0,3.0,2.66,1007.0,1009.0,1011.0,2079.0,198.0,94.5,0.0,0.7999753853727578,7.3657177203431505,4.535271296650456,20.79,30.0,0.03131209611123647,992.25,4356,9.0,1012036,381.90000000000003,63.650000000000006,-1.0,-5.0,0.10000000000000142
78,134.8,19.0,82.0,31.3,89.0,25,0.0,1005,66,31.7,2.8,3.0,2023,5,3,16,2,123,18,-0.8660254037844385,-0.5000000000000004,0.49999999999999994,-0.8660254037844387,0.9749279121818236,-0.22252093395631434,1,1,0,26.0,27.0,38.0,24.0,26.0,36.0,26.0,1.0000000000059148,27.0,25.0,27.666666666666668,6.3770421565684146,38.0,19.0,26.666666666666668,4.830458915395899,38.0,19.0,26.458333333333332,4.363675820529065,38.0,18.0,31.5,31.2,30.0,66.0,66.0,73.0,3.0,3.0,3.0,1006.0,1008.0,1011.0,2092.2,198.0,95.1,0.0,0.7986965272674994,7.094363454555023,4.3155623388242725,20.921999999999997,30.2,0.031542257171883414,1004.89,4356,9.0,1010025,381.1,63.51666666666667,-1.0,-13.0,0.1999999999999993
80,124.7,21.0,66.7,32.5,78.7,33,0.0,1005,70,30.6,1.9,3.0,2023,5,3,17,2,123,18,-0.9659258262890683,-0.25881904510252063,0.49999999999999994,-0.8660254037844387,0.9749279121818236,-0.22252093395631434,1,1,0,25.0,26.0,27.0,19.0,24.0,18.0,25.666666666666668,0.5773502691999354,26.0,25.0,28.833333333333332,4.956477243632947,38.0,25.0,26.833333333333332,4.76413367748682,38.0,19.0,26.791666666666668,3.977973775972163,38.0,19.0,31.7,31.4,30.4,66.0,66.0,71.0,3.0,3.0,3.0,1005.0,1007.0,1010.0,2142.0,210.0,91.80000000000001,0.0,0.7999753853727578,5.937812485119756,3.1760392362268464,21.42,29.1,0.030447730897780204,936.3600000000001,4900,9.0,1010025,349.59999999999997,58.26666666666666,1.0,-1.0,-1.0999999999999979
78,114.6,23.0,51.3,31.3,68.3,41,0.0,1005,75,29.6,1.6,3.0,2023,5,3,18,2,123,18,-1.0,-1.8369701987210297e-16,0.49999999999999994,-0.8660254037844387,0.9749279121818236,-0.22252093395631434,1,2,0,26.0,25.0,26.0,31.0,24.0,23.0,25.333333333333332,0.5773502692000013,26.0,25.0,27.833333333333332,5.036533199200697,38.0,25.0,26.916666666666668,4.718596350096701,38.0,19.0,26.875,3.9155487149483705,38.0,19.0,30.6,31.5,30.8,70.0,66.0,68.0,3.0,3.0,3.0,1005.0,1006.0,1009.0,2220.0,225.0,88.80000000000001,0.0,0.7986965272674994,4.982392069910003,2.230337811399504,22.2,28.1,0.02945270701223183,876.1600000000001,5625,9.0,1010025,313.5,52.25,-1.0,-1.0,-1.0
82,104.5,25.0,36.0,33.8,58.0,50,0.0,1006,80,28.5,0.0,3.0,2023,5,3,19,2,123,18,-0.9659258262890684,0.2588190451025203,0.49999999999999994,-0.8660254037844387,0.9749279121818236,-0.22252093395631434,1,2,0,25.0,26.0,25.0,38.0,24.0,28.0,26.0,1.0000000000059148,27.0,25.0,26.0,0.894427190990596,27.0,25.0,27.166666666666668,4.62863288933534,38.0,19.0,26.833333333333332,3.9083708010939766,38.0,19.0,29.6,31.7,31.2,75.0,66.0,66.0,3.0,3.0,3.0,1005.0,1005.0,1008.0,2280.0,240.0,85.5,0.0,0.7987929351202628,4.179832806687732,1.4399424023039078,22.8,27.0,0.02832999171969014,812.25,6400,9.0,1012036,284.3,47.38333333333333,2.0,2.0,-1.1000000000000014
89,104.3,24.7,31.0,37.5,54.3,41,0.0,1006,84,27.9,0.0,2.66,2023,5,3,20,2,123,18,-0.8660254037844386,0.5000000000000001,0.49999999999999994,-0.8660254037844387,0.9749279121818236,-0.22252093395631434,1,2,0,27.0,25.0,26.0,27.0,31.0,33.0,27.333333333333332,2.516611478425873,30.0,25.0,26.5,1.8708286933825744,30.0,25.0,27.083333333333332,4.56186431852159,38.0,19.0,26.708333333333332,3.747221192653303,38.0,19.0,28.5,30.6,31.4,80.0,70.0,66.0,3.0,3.0,3.0,1006.0,1005.0,1007.0,2343.6,223.44,74.214,0.0,0.7999786672355405,4.22250111331525,1.2550099186267762,23.436,26.57,0.027733570841380874,778.41,7056,7.0756000000000006,1012036,281.8,46.96666666666667,3.0,4.0,-0.6000000000000014
82,104.1,24.3,26.0,33.8,50.7,33,0.0,1007,87,27.3,0.0,2.33,2023,5,3,21,2,123,18,-0.7071067811865477,0.7071067811865474,0.49999999999999994,-0.8660254037844387,0.9749279121818236,-0.22252093395631434,1,2,0,30.0,27.0,25.0,26.0,27.0,27.0,28.0,1.7320508075721595,30.0,27.0,26.666666666666668,1.8618986724981281,30.0,25.0,27.083333333333332,4.56186431852159,38.0,19.0,26.708333333333332,3.747221192653303,38.0,19.0,27.9,29.6,31.5,84.0,75.0,66.0,2.66,3.0,3.0,1006.0,1005.0,1006.0,2375.1,202.71,63.609,0.0,0.7987929351202628,4.283774330274474,1.0699148183202336,23.750999999999998,26.135,0.027110201479442424,745.2900000000001,7569,5.4289000000000005,1014049,265.9,44.31666666666666,-3.0,2.0,-0.5999999999999979
61,103.9,24.0,21.0,21.3,47.0,25,0.0,1007,91,26.7,0.0,2.0,2023,5,3,22,2,123,18,-0.5000000000000004,0.8660254037844384,0.49999999999999994,-0.8660254037844387,0.9749279121818236,-0.22252093395631434,1,3,0,27.0,30.0,27.0,25.0,24.0,27.0,24.666666666666668,6.806859285554936,30.0,17.0,25.333333333333332,4.412104562071223,30.0,17.0,26.5,5.368256869615705,38.0,17.0,26.291666666666668,4.237299864882216,38.0,17.0,27.3,28.5,31.7,87.0,80.0,66.0,2.33,3.0,3.0,1007.0,1006.0,1005.0,2429.7,182.0,53.4,0.0,0.7980845969672785,4.328986292237824,0.8749635431857006,24.296999999999997,25.7,0.026514372875498633,712.89,8281,4.0,1014049,234.20000000000002,39.03333333333334,-10.0,-10.0,-0.6000000000000014
69,99.6,21.7,23.3,26.3,45.3,37,0.0,1006,92,26.5,0.0,1.66,2023,5,3,23,2,123,18,-0.25881904510252157,0.9659258262890681,0.49999999999999994,-0.8660254037844387,0.9749279121818236,-0.22252093395631434,1,3,0,17.0,27.0,30.0,26.0,19.0,28.0,21.666666666666668,5.033222956848439,27.0,17.0,24.5,4.722287581245201,30.0,17.0,26.666666666666668,5.140451577851582,38.0,17.0,26.0,4.35390878856387,38.0,17.0,26.7,27.9,30.6,91.0,84.0,70.0,2.0,2.66,3.0,1007.0,1006.0,1005.0,2438.0,152.72,43.989999999999995,0.0,0.79844872818524,4.589650246532417,1.073683240403668,24.38,25.67,0.02634192212532592,702.25,8464,2.7556,1012036,237.2,39.53333333333333,4.0,-9.0,-0.1999999999999993
67,95.3,19.3,25.7,25.0,43.7,50,0.0,1006,93,26.4,0.0,1.33,2023,5,4,0,3,124,18,0.0,1.0,0.49999999999999994,-0.8660254037844387,0.43388373911755823,-0.900968867902419,1,3,0,21.0,17.0,27.0,25.0,31.0,31.0,19.333333333333332,2.081665999469336,21.0,17.0,23.666666666666668,5.046450898071727,30.0,17.0,25.75,5.276448530110332,38.0,17.0,25.541666666666668,4.383557882604965,38.0,17.0,26.5,27.3,29.6,92.0,87.0,75.0,1.66,2.33,3.0,1006.0,1007.0,1005.0,2455.2,123.69000000000001,35.112,0.0,0.7999680012799487,4.937568001657945,1.3315372260504634,24.552,25.735,0.02624251864560771,696.9599999999999,8649,1.7689000000000001,1012036,229.0,38.166666666666664,-1.0,-7.0,-0.10000000000000142
67,91.0,17.0,28.0,25.0,42.0,62,0.0,1005,94,26.2,0.0,1.0,2023,5,4,1,3,124,18,0.25881904510252074,0.9659258262890683,0.49999999999999994,-0.8660254037844387,0.43388373911755823,-0.900968867902419,1,3,0,20.0,21.0,17.0,27.0,38.0,28.0,20.333333333333332,0.5773502692009759,21.0,20.0,22.5,4.929503017544644,30.0,17.0,24.25,3.8405728739335743,30.0,17.0,25.208333333333332,4.491336265442446,38.0,17.0,26.4,26.7,28.5,93.0,91.0,80.0,1.33,2.0,3.0,1006.0,1007.0,1006.0,2462.7999999999997,94.0,26.2,0.0,0.7999680012799487,5.352626316099053,1.646961943415093,24.627999999999997,25.7,0.02606962580136736,686.4399999999999,8836,1.0,1010025,223.0,37.166666666666664,0.0,3.0,-0.1999999999999993
61,84.8,14.0,32.0,21.3,40.0,70,0.0,1005,93,26.4,0.0,1.66,2023,5,4,2,3,124,18,0.49999999999999994,0.8660254037844387,0.49999999999999994,-0.8660254037844387,0.43388373911755823,-0.900968867902419,1,3,0,20.0,20.0,21.0,30.0,27.0,24.0,19.0,1.7320508075727479,20.0,17.0,20.333333333333332,3.66969571853682,27.0,17.0,23.416666666666668,4.252450274057033,30.0,17.0,24.916666666666668,4.790540195251673,38.0,17.0,26.2,26.5,27.9,94.0,92.0,84.0,1.0,1.66,2.66,1005.0,1006.0,1006.0,2455.2,154.38,43.824,0.0,0.7980845969672785,6.056710234983216,2.285551032069138,24.552,25.57,0.026268630578477035,696.9599999999999,8649,2.7556,1010025,209.10000000000002,34.85,-3.0,-4.0,0.1999999999999993
61,78.6,11.0,36.0,21.3,38.0,79,0.0,1004,92,26.5,0.0,2.33,2023,5,4,3,3,124,18,0.7071067811865476,0.7071067811865476,0.49999999999999994,-0.8660254037844387,0.43388373911755823,-0.900968867902419,1,3,0,17.0,20.0,20.0,27.0,26.0,22.0,18.0,1.732050807572813,20.0,17.0,18.666666666666668,1.8618986724971736,21.0,17.0,22.666666666666668,4.53938989359308,30.0,17.0,24.708333333333332,5.025839031546629,38.0,17.0,26.4,26.4,27.3,93.0,93.0,87.0,1.66,1.33,2.33,1005.0,1006.0,1007.0,2438.0,214.36,61.745000000000005,0.0,0.7980845969672785,7.144805017725661,3.27242977911099,24.38,25.335,0.026394396021517906,702.25,8464,5.4289000000000005,1008016,201.9,33.65,0.0,-3.0,0.10000000000000142
67,72.4,8.0,40.0,25.0,36.0,87,0.0,1004,90,26.7,0.0,3.0,2023,5,4,4,3,124,18,0.8660254037844386,0.5000000000000001,0.49999999999999994,-0.8660254037844387,0.43388373911755823,-0.900968867902419,1,3,0,17.0,17.0,20.0,17.0,25.0,26.0,18.0,1.732050807572813,20.0,17.0,19.166666666666668,1.722401424362787,21.0,17.0,22.25,4.535215741084013,30.0,17.0,24.458333333333332,5.107361836363197,38.0,17.0,26.5,26.2,26.7,92.0,94.0,91.0,2.33,1.0,2.0,1004.0,1005.0,1007.0,2403.0,270.0,80.1,0.0,0.7999680012799487,9.048868891388578,4.999375078115236,24.03,25.2,0.026593599010359553,712.89,8100,9.0,1008016,201.4,33.56666666666667,3.0,0.0,0.1999999999999993
67,73.1,8.0,41.7,25.0,34.0,87,0.0,1004,90,27.0,0.0,3.0,2023,5,4,5,3,124,18,0.9659258262890683,0.25881904510252074,0.49999999999999994,-0.8660254037844387,0.43388373911755823,-0.900968867902419,1,3,0,20.0,17.0,17.0,21.0,26.0,24.0,19.0,1.7320508075727479,20.0,17.0,19.0,1.5491933384765821,20.0,17.0,21.75,4.413306326017618,30.0,17.0,24.291666666666668,5.18760367453615,38.0,17.0,26.7,26.4,26.5,90.0,93.0,92.0,3.0,1.66,1.66,1004.0,1005.0,1006.0,2430.0,270.0,81.0,0.0,0.7999680012799487,9.136357955255592,5.211848518935134,24.3,25.5,0.02689240349362202,729.0,8100,9.0,1008016,201.8,33.63333333333333,0.0,3.0,0.3000000000000007
80,73.9,8.0,43.3,32.5,32.0,87,0.0,1005,89,27.3,0.9,3.0,2023,5,4,6,3,124,18,1.0,6.123233995736766e-17,0.49999999999999994,-0.8660254037844387,0.43388373911755823,-0.900968867902419,1,0,0,20.0,20.0,17.0,20.0,25.0,24.0,22.0,3.464101615139592,26.0,20.0,20.0,3.2863353450280544,26.0,17.0,21.833333333333332,4.489043901713321,30.0,17.0,24.375,5.1987665761261574,38.0,17.0,27.0,26.5,26.4,90.0,92.0,93.0,3.0,2.33,1.33,1004.0,1004.0,1006.0,2429.7000000000003,267.0,81.9,0.0,0.7999753853727578,9.236345456817899,5.411823522059742,24.297000000000004,25.8,0.027164152075470575,745.2900000000001,7921,9.0,1010025,215.7,35.949999999999996,6.0,9.0,0.3000000000000007
89,74.7,8.0,45.0,37.5,30.0,87,0.0,1005,89,27.6,0.8,3.0,2023,5,4,7,3,124,18,0.9659258262890683,-0.25881904510252063,0.49999999999999994,-0.8660254037844387,0.43388373911755823,-0.900968867902419,1,0,0,26.0,20.0,20.0,20.0,27.0,24.0,25.333333333333332,5.0332229568483555,30.0,20.0,21.666666666666668,5.240865068540504,30.0,17.0,22.083333333333332,4.870287154746768,30.0,17.0,24.625,5.322736301859551,38.0,17.0,27.3,26.7,26.2,89.0,90.0,94.0,3.0,3.0,1.0,1005.0,1004.0,1005.0,2456.4,267.0,82.80000000000001,0.0,0.7999786672355405,9.336332958380204,5.62429696287964,24.564,26.1,0.027462659241135084,761.7600000000001,7921,9.0,1010025,225.2,37.53333333333333,4.0,10.0,0.3000000000000007
93,81.3,7.7,56.0,40.0,30.0,75,0.0,1005,85,28.3,1.3,3.0,2023,5,4,8,3,124,18,0.8660254037844387,-0.4999999999999998,0.49999999999999994,-0.8660254037844387,0.43388373911755823,-0.900968867902419,1,0,0,30.0,26.0,20.0,17.0,30.0,31.0,29.333333333333332,3.0550504633057027,32.0,26.0,24.166666666666668,6.080021929783573,32.0,17.0,22.25,5.189587477036357,32.0,17.0,24.666666666666668,5.378432506956568,38.0,17.0,27.6,27.0,26.4,89.0,90.0,93.0,3.0,3.0,1.66,1005.0,1004.0,1005.0,2405.5,255.0,84.9,0.0,0.7999800004999875,10.557070510323333,7.271782885339566,24.055,26.8,0.028159175961018947,800.89,7225,9.0,1010025,247.0,41.166666666666664,2.0,12.0,0.6999999999999993
98,87.9,7.3,67.0,42.5,30.0,62,0.0,1006,82,28.9,2.4,3.0,2023,5,4,9,3,124,18,0.7071067811865476,-0.7071067811865475,0.49999999999999994,-0.8660254037844387,0.43388373911755823,-0.900968867902419,1,0,0,32.0,30.0,26.0,17.0,27.0,27.0,32.0,2.0000000000026104,34.0,30.0,27.0,6.033241251597995,34.0,20.0,22.833333333333332,6.08774227941693,34.0,17.0,24.958333333333332,5.691176745948617,38.0,17.0,28.3,27.3,26.5,85.0,89.0,92.0,3.0,3.0,2.33,1005.0,1005.0,1004.0,2369.7999999999997,246.0,86.69999999999999,0.0,0.7999811769134845,12.03944665114368,9.176825092453088,23.697999999999997,27.4,0.028727605638562984,835.2099999999999,6724,9.0,1012036,268.7,44.78333333333333,2.0,8.0,0.5999999999999979
112,94.5,7.0,78.0,50.0,30.0,50,0.0,1006,78,29.6,3.4,3.0,2023,5,4,10,3,124,18,0.49999999999999994,-0.8660254037844387,0.49999999999999994,-0.8660254037844387,0.43388373911755823,-0.900968867902419,1,0,0,34.0,32.0,30.0,20.0,17.0,24.0,35.333333333333336,4.163331998933429,40.0,32.0,30.333333333333332,6.8605150438324864,40.0,20.0,24.75,7.533259586659307,40.0,17.0,25.625,6.459320868865375,40.0,17.0,28.9,27.6,26.7,82.0,89.0,90.0,3.0,3.0,3.0,1006.0,1005.0,1004.0,2308.8,234.0,88.80000000000001,0.0,0.7999840003199936,13.498071704042278,11.141265533495215,23.088,28.1,0.029423429996590464,876.1600000000001,6084,9.0,1012036,299.5,49.916666666666664,6.0,10.0,0.7000000000000028
102,113.0,8.7,106.3,45.0,47.7,41,0.0,1005,74,30.7,4.9,3.0,2023,5,4,11,3,124,18,0.258819045102521,-0.9659258262890682,0.49999999999999994,-0.8660254037844387,0.43388373911755823,-0.900968867902419,1,0,0,40.0,34.0,32.0,20.0,21.0,19.0,36.666666666666664,3.05505046330543,40.0,34.0,33.0,4.857983120595046,40.0,26.0,26.0,8.079153871088334,40.0,17.0,26.333333333333332,6.63106435595048,40.0,17.0,29.6,28.3,27.0,78.0,85.0,90.0,3.0,3.0,3.0,1006.0,1005.0,1004.0,2271.7999999999997,222.0,92.1,0.0,0.7999822226172753,12.987012987012989,12.21698655326974,22.717999999999996,29.2,0.03054723328633504,942.49,5476,9.0,1010025,356.7,59.449999999999996,-4.0,4.0,1.0999999999999979
126,131.5,10.3,134.7,56.3,65.3,33,0.0,1004,71,31.9,9.5,3.0,2023,5,4,12,3,124,18,1.2246467991473532e-16,-1.0,0.49999999999999994,-0.8660254037844387,0.43388373911755823,-0.900968867902419,1,1,0,36.0,40.0,34.0,26.0,20.0,31.0,40.333333333333336,4.509249752823844,45.0,36.0,36.166666666666664,5.528712930389355,45.0,30.0,28.083333333333332,9.491224016602265,45.0,17.0,26.916666666666668,7.603870105394591,45.0,17.0,30.7,28.9,27.3,74.0,82.0,89.0,3.0,3.0,3.0,1005.0,1006.0,1005.0,2264.9,213.0,95.69999999999999,0.0,0.7992753237065062,12.76575089797107,13.076400349480632,22.649,30.4,0.03177287672024231,1017.6099999999999,5041,9.0,1008016,443.1,73.85000000000001,9.0,11.0,1.1999999999999993
115,150.0,12.0,163.0,51.3,83.0,25,0.0,1003,67,33.0,10.3,3.0,2023,5,4,13,3,124,18,-0.2588190451025208,-0.9659258262890683,0.49999999999999994,-0.8660254037844387,0.43388373911755823,-0.900968867902419,1,1,0,45.0,36.0,40.0,30.0,20.0,38.0,40.666666666666664,4.509249752823835,45.0,36.0,38.0,4.857983120595275,45.0,32.0,29.833333333333332,9.796412454041082,45.0,17.0,27.041666666666668,7.815698620567432,45.0,17.0,31.9,29.6,27.6,71.0,78.0,89.0,3.0,3.0,3.0,1004.0,1006.0,1005.0,2211.0,201.0,99.0,0.0,0.7992046938656168,12.498958420131656,13.582201483209733,22.11,31.5,0.03290126330881026,1089.0,4489,9.0,1006009,500.3,83.38333333333334,-4.0,1.0,1.1000000000000014
102,151.9,13.3,164.0,45.0,90.0,25,0.0,1001,68,32.9,5.6,3.33,2023,5,4,14,3,124,18,-0.4999999999999997,-0.8660254037844388,0.49999999999999994,-0.8660254037844387,0.43388373911755823,-0.900968867902419,1,1,0,41.0,45.0,36.0,32.0,17.0,27.0,40.666666666666664,4.509249752823835,45.0,36.0,38.666666666666664,4.082482904637271,45.0,34.0,31.416666666666668,9.039894743286075,45.0,17.0,27.416666666666668,8.026676537140856,45.0,17.0,33.0,30.7,28.3,67.0,74.0,85.0,3.0,3.0,3.0,1003.0,1005.0,1005.0,2237.2,226.44,109.557,0.0,0.7999822226172753,11.420193970378167,12.329900007518232,22.372,31.235,0.0328671000328671,1082.4099999999999,4624,11.0889,1002001,500.20000000000005,83.36666666666667,-5.0,0.0,-0.10000000000000142
102,153.9,14.7,165.0,45.0,97.0,25,0.0,1000,69,32.7,3.6,3.66,2023,5,4,15,3,124,18,-0.7071067811865471,-0.7071067811865479,0.49999999999999994,-0.8660254037844387,0.43388373911755823,-0.900968867902419,1,1,0,36.0,41.0,45.0,34.0,17.0,26.0,37.666666666666664,2.8867513459497167,41.0,36.0,39.0,3.6878177829156704,45.0,36.0,33.0,7.8740078740114425,45.0,20.0,27.833333333333332,8.207455076976252,45.0,17.0,32.9,31.9,28.9,68.0,71.0,82.0,3.33,3.0,3.0,1001.0,1004.0,1006.0,2256.3,252.54000000000002,119.68200000000002,0.0,0.7999822226172753,10.468675600299301,11.223726277124007,22.563000000000002,30.870000000000005,0.0326999673000327,1069.2900000000002,4761,13.395600000000002,1000000,511.6,85.26666666666667,0.0,-9.0,-0.19999999999999574
107,155.8,16.0,166.0,47.5,104.0,25,0.0,999,70,32.6,3.6,4.0,2023,5,4,16,3,124,18,-0.8660254037844385,-0.5000000000000004,0.49999999999999994,-0.8660254037844387,0.43388373911755823,-0.900968867902419,1,1,0,36.0,36.0,41.0,40.0,20.0,25.0,36.666666666666664,1.1547005383833202,38.0,36.0,38.666666666666664,3.6696957185379238,45.0,36.0,34.5,6.815757144627414,45.0,20.0,28.375,8.438073651996964,45.0,17.0,32.7,33.0,29.6,69.0,67.0,78.0,3.66,3.0,3.0,1000.0,1003.0,1006.0,2282.0,280.0,130.4,0.0,0.7999831582493001,9.736891444284732,10.37435160302481,22.82,30.6,0.0326325999673674,1062.76,4900,16.0,998001,527.3,87.88333333333333,2.0,-3.0,-0.10000000000000142
91,148.8,20.7,132.3,38.8,93.0,20,0.0,999,76,31.5,2.4,3.33,2023,5,4,17,3,124,18,-0.9659258262890683,-0.25881904510252063,0.49999999999999994,-0.8660254037844387,0.43388373911755823,-0.900968867902419,1,1,0,38.0,36.0,36.0,36.0,20.0,26.0,35.0,3.605551275465346,38.0,31.0,37.833333333333336,4.792355023018974,45.0,31.0,35.416666666666664,5.247654598758664,45.0,26.0,28.583333333333332,8.438610367088877,45.0,17.0,32.6,32.9,30.7,70.0,68.0,74.0,4.0,3.33,3.0,999.0,1001.0,1005.0,2394.0,253.08,104.895,0.0,0.7989484807092602,7.1880585478962375,6.390995604077098,23.94,29.835,0.0315314999684685,992.25,5776,11.0889,998001,464.6,77.43333333333334,-7.0,-5.0,-1.1000000000000014
112,141.8,25.3,98.7,50.0,82.0,16,0.0,1000,82,30.3,2.0,2.66,2023,5,4,18,3,124,18,-1.0,-1.8369701987210297e-16,0.49999999999999994,-0.8660254037844387,0.43388373911755823,-0.900968867902419,1,2,0,31.0,38.0,36.0,45.0,26.0,25.0,36.333333333333336,4.725815626253612,40.0,31.0,37.0,3.577708763998007,41.0,31.0,36.583333333333336,4.4611114255877204,45.0,30.0,29.208333333333332,8.712705198964425,45.0,17.0,31.5,32.7,31.9,76.0,69.0,71.0,3.33,3.66,3.0,999.0,1000.0,1004.0,2484.6,218.12,80.59800000000001,0.0,0.7999840003199936,5.604521560412632,3.9010315797794552,24.846,28.97,0.0302999697000303,918.09,6724,7.0756000000000006,1000000,437.8,72.96666666666667,9.0,4.0,-1.1999999999999993
112,134.8,30.0,65.0,50.0,71.0,12,0.0,1000,89,29.2,0.0,2.0,2023,5,4,19,3,124,18,-0.9659258262890684,0.2588190451025203,0.49999999999999994,-0.8660254037844387,0.43388373911755823,-0.900968867902419,1,2,0,40.0,31.0,38.0,41.0,30.0,27.0,37.0,5.19615242270753,40.0,31.0,36.833333333333336,3.3714487489289726,40.0,31.0,37.416666666666664,4.03300775044453,45.0,31.0,29.75,8.969755946464444,45.0,17.0,30.3,32.6,33.0,82.0,70.0,67.0,2.66,4.0,3.0,1000.0,999.0,1003.0,2598.7999999999997,178.0,58.4,0.0,0.7999840003199936,4.4931835605479815,2.1665944468517715,25.987999999999996,28.2,0.0291999708000292,852.64,7921,4.0,1000000,390.8,65.13333333333334,0.0,2.0,-1.1000000000000014
93,138.3,31.7,52.7,40.0,65.7,13,0.0,1000,90,28.7,0.0,2.0,2023,5,4,20,3,124,18,-0.8660254037844386,0.5000000000000001,0.49999999999999994,-0.8660254037844387,0.43388373911755823,-0.900968867902419,1,2,0,40.0,40.0,31.0,36.0,32.0,30.0,37.333333333333336,4.618802153518006,40.0,32.0,36.166666666666664,3.9200340134563163,40.0,31.0,37.416666666666664,4.03300775044453,45.0,31.0,29.833333333333332,8.9814623902052,45.0,17.0,29.2,31.5,32.9,89.0,76.0,68.0,2.0,3.33,3.33,1000.0,999.0,1001.0,2583.0,180.0,57.4,0.0,0.7999800004999875,4.362638402574052,1.662408125926627,25.83,27.7,0.0286999713000287,823.6899999999999,8100,4.0,1000000,360.4,60.06666666666666,-8.0,1.0,-0.5
89,141.8,33.3,40.3,37.5,60.3,15,0.0,1001,91,28.2,0.0,2.0,2023,5,4,21,3,124,18,-0.7071067811865477,0.7071067811865474,0.49999999999999994,-0.8660254037844387,0.43388373911755823,-0.900968867902419,1,2,0,32.0,40.0,40.0,36.0,34.0,27.0,34.0,5.291502622130126,40.0,30.0,35.166666666666664,4.66547603858963,40.0,30.0,37.083333333333336,4.4814432199155965,45.0,30.0,29.958333333333332,8.961168240351695,45.0,17.0,28.7,30.3,32.7,90.0,82.0,69.0,2.0,2.66,3.66,1000.0,1000.0,1000.0,2566.2,182.0,56.4,0.0,0.7999786672355405,4.258130386474882,1.2101738686525931,25.662,27.2,0.0281718000281718,795.24,8281,4.0,1002001,343.20000000000005,57.20000000000001,-2.0,-10.0,-0.5
95,145.3,35.0,28.0,41.3,55.0,16,0.0,1001,92,27.7,0.0,2.0,2023,5,4,22,3,124,18,-0.5000000000000004,0.8660254037844384,0.49999999999999994,-0.8660254037844387,0.43388373911755823,-0.900968867902419,1,3,0,30.0,32.0,40.0,38.0,40.0,17.0,31.666666666666668,1.5275252316553967,33.0,30.0,34.333333333333336,4.501851470967652,40.0,30.0,36.5,4.522670168665807,45.0,30.0,30.625,8.54050451620443,45.0,17.0,28.2,29.2,32.6,91.0,89.0,70.0,2.0,2.0,4.0,1001.0,1000.0,999.0,2548.4,184.0,55.4,0.0,0.7990121304568898,4.1513099625724985,0.7999771435101855,25.484,26.7,0.0276723000276723,767.29,8464,4.0,1002001,337.6,56.26666666666667,3.0,-7.0,-0.5
91,138.5,30.7,32.0,38.8,52.7,18,0.0,1001,92,27.5,0.0,2.0,2023,5,4,23,3,124,18,-0.25881904510252157,0.9659258262890681,0.49999999999999994,-0.8660254037844387,0.43388373911755823,-0.900968867902419,1,3,0,33.0,30.0,32.0,31.0,36.0,21.0,31.333333333333332,1.5275252316554229,33.0,30.0,34.333333333333336,4.501851470967652,40.0,30.0,36.083333333333336,4.795041630936941,45.0,30.0,31.041666666666668,8.290797237936996,45.0,17.0,27.7,28.7,31.5,92.0,90.0,76.0,2.0,2.0,3.33,1001.0,1000.0,999.0,2530.0,184.0,55.0,0.0,0.7989484807092602,4.51125370509104,1.0423113253639946,25.3,26.5,0.0274725000274725,756.25,8464,4.0,1002001,323.7,53.949999999999996,-2.0,-1.0,-0.1999999999999993
80,131.7,26.3,36.0,32.5,50.3,19,0.0,1000,92,27.3,0.0,2.0,2023,5,5,0,4,125,18,0.0,1.0,0.49999999999999994,-0.8660254037844387,-0.433883739117558,-0.9009688679024191,1,3,0,31.0,33.0,30.0,40.0,45.0,20.0,30.0,3.605551275465507,33.0,26.0,32.0,4.604345773287003,40.0,26.0,34.5,4.719399037242078,41.0,26.0,31.291666666666668,8.029722864169495,45.0,17.0,27.5,28.2,30.3,92.0,91.0,82.0,2.0,2.0,2.66,1001.0,1001.0,1000.0,2511.6,184.0,54.6,0.0,0.7999753853727578,5.007414166761719,1.3687692483175544,25.116,26.3,0.027299972700027302,745.2900000000001,8464,4.0,1000000,302.8,50.46666666666667,-5.0,-4.0,-0.1999999999999993
80,124.9,22.0,40.0,32.5,48.0,20,0.0,999,93,27.1,0.0,2.0,2023,5,5,1,4,125,18,0.25881904510252074,0.9659258262890683,0.49999999999999994,-0.8660254037844387,-0.433883739117558,-0.9009688679024191,1,3,0,26.0,31.0,33.0,40.0,41.0,20.0,27.666666666666668,2.8867513459501226,31.0,26.0,29.666666666666668,3.0110906108338065,33.0,26.0,33.25,4.826536495816513,40.0,26.0,31.541666666666668,7.751460825388999,45.0,17.0,27.3,27.7,29.2,92.0,92.0,89.0,2.0,2.0,2.0,1000.0,1001.0,1000.0,2520.3,186.0,54.2,0.0,0.7999753853727578,5.677014681150856,1.8180991773101223,25.203000000000003,26.1,0.027127099972872902,734.4100000000001,8649,4.0,998001,293.4,48.9,0.0,-7.0,-0.1999999999999993
89,121.6,19.3,41.3,37.5,47.7,22,0.0,999,93,26.9,0.0,1.66,2023,5,5,2,4,125,18,0.49999999999999994,0.8660254037844387,0.49999999999999994,-0.8660254037844387,-0.433883739117558,-0.9009688679024191,1,3,0,26.0,26.0,31.0,32.0,36.0,17.0,27.333333333333332,2.309401076761012,30.0,26.0,29.333333333333332,2.804757862392288,33.0,26.0,32.75,4.826536495816513,40.0,26.0,32.083333333333336,7.119579046341546,45.0,17.0,27.1,27.5,28.7,93.0,92.0,90.0,2.0,2.0,2.0,999.0,1001.0,1000.0,2501.7,154.38,44.653999999999996,0.0,0.7999786672355405,6.30019169991192,2.139785503341795,25.017,26.07,0.0269268999730731,723.6099999999999,8649,2.7556,998001,297.4,49.56666666666666,4.0,-1.0,-0.20000000000000284
85,118.3,16.7,42.7,35.0,47.3,23,0.0,999,93,26.7,0.0,1.33,2023,5,5,3,4,125,18,0.7071067811865476,0.7071067811865476,0.49999999999999994,-0.8660254037844387,-0.433883739117558,-0.9009688679024191,1,3,0,30.0,26.0,26.0,30.0,36.0,17.0,28.0,2.000000000002857,30.0,26.0,29.0,2.8284271247434574,33.0,26.0,32.083333333333336,4.888917584855503,40.0,26.0,32.541666666666664,6.426704928024024,45.0,20.0,26.9,27.3,28.2,93.0,92.0,91.0,1.66,2.0,2.0,999.0,1000.0,1001.0,2483.1,123.69000000000001,35.511,0.0,0.7999771435101855,7.083408179150949,2.5567331297527094,24.831,26.035,0.0267266999732733,712.89,8649,1.7689000000000001,998001,288.0,48.0,-2.0,2.0,-0.1999999999999993
78,115.0,14.0,44.0,31.3,47.0,25,0.0,999,94,26.5,0.0,1.0,2023,5,5,4,4,125,18,0.8660254037844386,0.5000000000000001,0.49999999999999994,-0.8660254037844387,-0.433883739117558,-0.9009688679024191,1,3,0,28.0,30.0,26.0,33.0,38.0,20.0,27.666666666666668,2.516611478425869,30.0,25.0,27.666666666666668,2.422120283274678,31.0,25.0,31.0,4.898979485565765,40.0,25.0,32.75,6.073821231138626,45.0,20.0,26.7,27.1,27.7,93.0,93.0,92.0,1.33,2.0,2.0,999.0,999.0,1001.0,2491.0,94.0,26.5,0.0,0.7986965272674994,8.213699021498465,3.1426326690950646,24.91,26.0,0.0265264999734735,702.25,8836,1.0,998001,276.3,46.050000000000004,-3.0,-1.0,-0.1999999999999993
93,120.0,14.3,45.0,40.0,48.7,50,0.0,999,93,26.7,0.0,1.0,2023,5,5,5,4,125,18,0.9659258262890683,0.25881904510252074,0.49999999999999994,-0.8660254037844387,-0.433883739117558,-0.9009688679024191,1,3,0,25.0,28.0,30.0,31.0,31.0,20.0,28.333333333333332,3.511884584285861,32.0,25.0,27.833333333333332,2.714160398106693,32.0,25.0,31.083333333333332,4.907477288111229,40.0,25.0,33.25,5.439389351916577,45.0,25.0,26.5,26.9,27.5,94.0,93.0,92.0,1.0,1.66,2.0,999.0,999.0,1001.0,2483.1,93.0,26.7,0.0,0.7999800004999875,8.391021606880638,3.146633102580239,24.831,26.2,0.0267266999732733,712.89,8649,1.0,998001,300.0,50.0,7.0,2.0,0.1999999999999993
93,125.1,14.7,46.0,40.0,50.3,75,0.0,1000,93,26.8,0.9,1.0,2023,5,5,6,4,125,18,1.0,6.123233995736766e-17,0.49999999999999994,-0.8660254037844387,-0.433883739117558,-0.9009688679024191,1,0,0,32.0,25.0,28.0,26.0,40.0,26.0,29.666666666666668,4.041451884328744,32.0,25.0,28.833333333333332,2.994439290860833,32.0,25.0,30.416666666666668,4.055486369964015,40.0,25.0,33.5,5.225356239156455,45.0,25.0,26.7,26.7,27.3,93.0,93.0,92.0,1.0,1.33,2.0,999.0,999.0,1000.0,2492.4,93.0,26.8,0.0,0.7999800004999875,8.509625195564928,3.1290388408951775,24.924,26.3,0.026799973200026802,718.24,8649,1.0,1000000,308.09999999999997,51.349999999999994,0.0,4.0,0.10000000000000142
93,130.1,15.0,47.0,40.0,52.0,100,0.0,1000,93,27.0,1.2,1.0,2023,5,5,7,4,125,18,0.9659258262890683,-0.25881904510252063,0.49999999999999994,-0.8660254037844387,-0.433883739117558,-0.9009688679024191,1,0,0,32.0,32.0,25.0,26.0,40.0,30.0,32.0,0.0,32.0,32.0,29.833333333333332,2.8577380332444005,32.0,25.0,29.75,2.8001623329555914,33.0,25.0,33.583333333333336,5.182887114397155,45.0,25.0,26.8,26.5,27.1,93.0,94.0,93.0,1.0,1.0,2.0,1000.0,999.0,999.0,2511.0,93.0,27.0,0.0,0.7999800004999875,8.67275514965669,3.133124458369442,25.11,26.5,0.026999973000027,729.0,8649,1.0,1000000,316.1,52.68333333333334,0.0,7.0,0.1999999999999993
126,138.7,13.3,74.7,56.3,54.3,79,0.0,1001,89,27.8,2.1,1.33,2023,5,5,8,4,125,18,0.8660254037844387,-0.4999999999999998,0.49999999999999994,-0.8660254037844387,-0.433883739117558,-0.9009688679024191,1,0,0,32.0,32.0,32.0,30.0,32.0,32.0,36.333333333333336,7.505553499465767,45.0,32.0,32.333333333333336,6.831300510638711,45.0,25.0,30.833333333333332,5.219427578041337,45.0,25.0,34.125,5.666933071317063,45.0,25.0,27.0,26.7,26.9,93.0,93.0,93.0,1.0,1.0,1.66,1000.0,999.0,999.0,2474.2000000000003,118.37,36.974000000000004,0.0,0.7992753237065062,10.427787384407187,5.616119088790317,24.742000000000004,27.135,0.0277722000277722,772.84,7921,1.7689000000000001,1002001,382.3,63.71666666666667,13.0,13.0,0.8000000000000007
126,147.3,11.7,102.3,56.3,56.7,58,0.0,1001,86,28.7,4.5,1.66,2023,5,5,9,4,125,18,0.7071067811865476,-0.7071067811865475,0.49999999999999994,-0.8660254037844387,-0.433883739117558,-0.9009688679024191,1,0,0,45.0,32.0,32.0,28.0,30.0,34.0,40.666666666666664,7.505553499465702,45.0,32.0,35.166666666666664,8.084965470962382,45.0,25.0,32.083333333333336,6.612087187090865,45.0,25.0,34.583333333333336,6.085740044075367,45.0,25.0,27.8,26.8,26.7,89.0,93.0,93.0,1.33,1.0,1.33,1001.0,1000.0,999.0,2468.2,142.76,47.641999999999996,0.0,0.7992753237065062,12.588667635244853,8.742842492094693,24.682,27.87,0.0286713000286713,823.6899999999999,7396,2.7556,1002001,419.3,69.88333333333334,0.0,13.0,0.8999999999999986
129,155.8,10.0,130.0,57.5,59.0,37,0.0,1001,83,29.5,8.1,2.0,2023,5,5,10,4,125,18,0.49999999999999994,-0.8660254037844387,0.49999999999999994,-0.8660254037844387,-0.433883739117558,-0.9009688679024191,1,0,0,45.0,45.0,32.0,25.0,33.0,40.0,45.333333333333336,0.5773502691960777,46.0,45.0,38.666666666666664,7.312090444370581,46.0,32.0,33.166666666666664,7.744010393180732,46.0,25.0,34.833333333333336,6.43135435507827,46.0,25.0,28.7,27.0,26.5,86.0,93.0,94.0,1.66,1.0,1.0,1001.0,1000.0,999.0,2448.5,166.0,59.0,0.0,0.7999860871984835,15.578442155784424,12.998700129987002,24.485,28.5,0.0294705000294705,870.25,6889,4.0,1002001,458.3,76.38333333333334,1.0,14.0,0.8000000000000007
134,180.1,11.7,171.0,60.0,77.0,40,0.0,1000,76,31.2,11.2,2.0,2023,5,5,11,4,125,18,0.258819045102521,-0.9659258262890682,0.49999999999999994,-0.8660254037844387,-0.433883739117558,-0.9009688679024191,1,0,0,46.0,45.0,45.0,32.0,31.0,36.0,46.333333333333336,1.527525231654312,48.0,45.0,41.333333333333336,7.312090444370663,48.0,32.0,34.583333333333336,8.795229423162015,48.0,25.0,35.333333333333336,6.969914644020551,48.0,25.0,29.5,27.8,26.7,83.0,89.0,93.0,2.0,1.33,1.0,1001.0,1001.0,999.0,2371.2,152.0,62.4,0.0,0.7999866668888852,15.391846850696522,14.614135543970603,23.712,30.2,0.0311999688000312,973.4399999999999,5776,4.0,1000000,547.8,91.3,2.0,3.0,1.6999999999999993
134,204.5,13.3,212.0,60.0,95.0,43,0.0,999,69,32.9,12.1,2.0,2023,5,5,12,4,125,18,1.2246467991473532e-16,-1.0,0.49999999999999994,-0.8660254037844387,-0.433883739117558,-0.9009688679024191,1,1,0,48.0,46.0,45.0,32.0,26.0,45.0,47.333333333333336,1.1547005383822837,48.0,46.0,44.0,6.033241251598621,48.0,32.0,36.416666666666664,9.129954030883992,48.0,25.0,35.458333333333336,7.174709002835371,48.0,25.0,31.2,28.7,26.8,76.0,86.0,93.0,2.0,1.66,1.0,1000.0,1001.0,1000.0,2270.1,138.0,65.8,0.0,0.7999866668888852,15.374783850838282,15.938651229230885,22.701,31.9,0.0329328999670671,1082.4099999999999,4761,4.0,998001,632.8,105.46666666666665,0.0,3.0,1.6999999999999993
142,228.8,15.0,253.0,63.8,113.0,46,0.0,998,63,34.6,11.1,2.0,2023,5,5,13,4,125,18,-0.2588190451025208,-0.9659258262890683,0.49999999999999994,-0.8660254037844387,-0.433883739117558,-0.9009688679024191,1,1,0,48.0,48.0,46.0,32.0,26.0,41.0,49.0,1.732050807570789,51.0,48.0,47.166666666666664,2.316606713850966,51.0,45.0,38.5,9.385675739705873,51.0,25.0,35.875,7.775728681078307,51.0,25.0,32.9,29.5,27.0,69.0,83.0,93.0,2.0,2.0,1.0,999.0,1001.0,1000.0,2179.8,126.0,69.2,0.0,0.7993605115907275,15.25231651223252,16.865542297180188,21.798000000000002,33.6,0.03466930393857321,1197.16,3969,4.0,996004,724.6,120.76666666666667,3.0,5.0,1.7000000000000028
128,238.1,17.3,254.3,52.5,117.3,49,0.0,997,63,35.1,8.8,2.66,2023,5,5,14,4,125,18,-0.4999999999999997,-0.8660254037844388,0.49999999999999994,-0.8660254037844387,-0.433883739117558,-0.9009688679024191,1,1,0,51.0,48.0,48.0,45.0,30.0,36.0,47.0,4.5825756949566125,51.0,42.0,46.666666666666664,3.0767948691225984,51.0,42.0,39.5,9.030252186149001,51.0,25.0,36.125,7.875733230185502,51.0,25.0,34.6,31.2,27.8,63.0,76.0,89.0,2.0,2.0,1.33,998.0,1000.0,1001.0,2211.3,167.58,93.36600000000001,0.0,0.7999847621950058,13.762210276862607,14.69857233685914,22.113000000000003,33.77,0.03520558153903557,1232.01,3969,7.0756000000000006,994009,721.5,120.25,-9.0,-6.0,0.5
134,247.4,19.7,255.7,60.0,121.7,52,0.0,996,63,35.7,6.1,3.33,2023,5,5,15,4,125,18,-0.7071067811865471,-0.7071067811865479,0.49999999999999994,-0.8660254037844387,-0.433883739117558,-0.9009688679024191,1,1,0,42.0,51.0,48.0,45.0,28.0,36.0,47.0,4.5825756949566125,51.0,42.0,47.166666666666664,2.9944392908622097,51.0,42.0,41.166666666666664,8.547549710917178,51.0,25.0,36.625,8.23994776260381,51.0,25.0,35.1,32.9,28.7,63.0,69.0,86.0,2.66,2.0,1.66,997.0,999.0,1001.0,2249.1000000000004,209.79,118.88100000000001,0.0,0.7999866668888852,12.55773818587889,12.979036597127049,22.491000000000003,34.035000000000004,0.035843337506689256,1274.4900000000002,3969,11.0889,992016,752.5,125.41666666666667,6.0,0.0,0.6000000000000014
129,256.8,22.0,257.0,55.0,126.0,55,0.0,995,62,36.2,3.7,4.0,2023,5,5,16,4,125,18,-0.8660254037844385,-0.5000000000000004,0.49999999999999994,-0.8660254037844387,-0.433883739117558,-0.9009688679024191,1,1,0,48.0,42.0,51.0,46.0,25.0,38.0,44.666666666666664,3.0550504633051405,48.0,42.0,46.833333333333336,3.2506409624348285,51.0,42.0,42.75,6.877169079312272,51.0,32.0,36.875,8.373418085512474,51.0,25.0,35.7,34.6,29.5,63.0,63.0,83.0,3.33,2.0,2.0,996.0,998.0,1001.0,2244.4,248.0,144.8,0.0,0.7999854548099126,11.672196718330985,11.681287214217535,22.444000000000003,34.2,0.036381872983042234,1310.4400000000003,3844,16.0,990025,760.8,126.8,-4.0,-7.0,0.5
114,263.4,35.0,207.3,50.0,107.3,0,0.0,995,66,34.8,2.4,3.66,2023,5,5,17,4,125,18,-0.9659258262890683,-0.25881904510252063,0.49999999999999994,-0.8660254037844387,-0.433883739117558,-0.9009688679024191,1,1,0,44.0,48.0,42.0,48.0,32.0,31.0,44.0,4.0000000000009726,48.0,40.0,45.5,4.183300132669419,51.0,40.0,43.416666666666664,6.082139774982034,51.0,32.0,37.25,8.30007857479861,51.0,25.0,36.2,35.1,31.2,62.0,63.0,76.0,4.0,2.66,2.0,995.0,997.0,1000.0,2296.7999999999997,241.56,127.368,0.0,0.7999840003199936,7.525499271449387,5.9226879232021945,22.967999999999996,32.97,0.03497483922126711,1211.0399999999997,4356,13.395600000000002,990025,703.0,117.16666666666667,-4.0,-2.0,-1.4000000000000057
118,270.0,48.0,157.7,52.5,88.7,0,0.0,995,69,33.4,2.0,3.33,2023,5,5,18,4,125,18,-1.0,-1.8369701987210297e-16,0.49999999999999994,-0.8660254037844387,-0.433883739117558,-0.9009688679024191,1,2,0,40.0,44.0,48.0,48.0,32.0,40.0,42.0,2.0000000000020606,44.0,40.0,44.5,4.183300132669365,51.0,40.0,44.25,4.956630086881214,51.0,32.0,37.333333333333336,8.338838761126324,51.0,25.0,34.8,35.7,32.9,66.0,63.0,69.0,3.66,3.33,2.0,995.0,996.0,999.0,2304.6,229.77,111.222,0.0,0.7999847621950058,5.624882814941356,3.2853482219120433,23.046,31.735,0.033567805459492,1115.56,4761,11.0889,990025,658.9000000000001,109.81666666666668,2.0,-6.0,-1.3999999999999986
129,276.6,61.0,108.0,57.5,70.0,0,0.0,996,73,32.0,0.0,3.0,2023,5,5,19,4,125,18,-0.9659258262890684,0.2588190451025203,0.49999999999999994,-0.8660254037844387,-0.433883739117558,-0.9009688679024191,1,2,0,42.0,40.0,44.0,51.0,32.0,40.0,42.666666666666664,3.055050463305218,46.0,40.0,43.666666666666664,2.943920288774448,48.0,40.0,45.416666666666664,3.117642854736767,51.0,40.0,37.583333333333336,8.510436900176684,51.0,25.0,33.4,36.2,34.6,69.0,62.0,63.0,3.33,4.0,2.0,995.0,995.0,998.0,2336.0,219.0,96.0,0.0,0.7999860871984835,4.53435189587056,1.7704627792987,23.36,30.5,0.032128481798713054,1024.0,5329,9.0,992016,619.1,103.18333333333334,4.0,2.0,-1.3999999999999986
126,261.6,54.0,94.7,56.3,64.0,0,0.0,997,78,31.1,0.0,2.33,2023,5,5,20,4,125,18,-0.8660254037844386,0.5000000000000001,0.49999999999999994,-0.8660254037844387,-0.433883739117558,-0.9009688679024191,1,2,0,46.0,42.0,40.0,42.0,45.0,32.0,44.333333333333336,2.081665999467986,46.0,42.0,44.166666666666664,2.8577380332455338,48.0,40.0,45.416666666666664,3.117642854736767,51.0,40.0,38.125,8.55322212360097,51.0,25.0,32.0,34.8,35.1,73.0,66.0,63.0,3.0,3.66,2.66,996.0,995.0,997.0,2425.8,181.74,72.46300000000001,0.0,0.7992753237065062,4.84435473417159,1.7536712283105869,24.258000000000003,29.935000000000002,0.031193549454814992,967.21,6084,5.4289000000000005,994009,575.6,95.93333333333334,-1.0,5.0,-0.8999999999999986
112,246.7,47.0,81.3,50.0,58.0,0,0.0,997,82,30.1,0.0,1.66,2023,5,5,21,4,125,18,-0.7071067811865477,0.7071067811865474,0.49999999999999994,-0.8660254037844387,-0.433883739117558,-0.9009688679024191,1,2,0,45.0,46.0,42.0,48.0,45.0,30.0,43.666666666666664,3.214550253665543,46.0,40.0,42.833333333333336,2.562550812502546,46.0,40.0,45.0,3.490246149172353,51.0,40.0,38.541666666666664,8.382067642951794,51.0,25.0,31.1,33.4,35.7,78.0,69.0,63.0,2.33,3.33,3.33,997.0,995.0,996.0,2468.2000000000003,136.12,49.966,0.0,0.7999840003199936,5.248824493095891,1.729750430841897,24.682000000000002,29.270000000000003,0.03019054143375985,906.0100000000001,6724,2.7556,994009,523.0,87.16666666666667,-5.0,-2.0,-1.0
107,231.7,40.0,68.0,47.5,52.0,0,0.0,998,87,29.2,0.0,1.0,2023,5,5,22,4,125,18,-0.5000000000000004,0.8660254037844384,0.49999999999999994,-0.8660254037844387,-0.433883739117558,-0.9009688679024191,1,3,0,40.0,45.0,46.0,44.0,46.0,33.0,41.0,3.605551275465166,45.0,38.0,41.833333333333336,3.125166662220916,46.0,38.0,44.333333333333336,4.00756859711725,51.0,38.0,38.75,8.300078574798619,51.0,25.0,30.1,32.0,36.2,82.0,73.0,62.0,1.66,3.0,4.0,997.0,996.0,995.0,2540.4,87.0,29.2,0.0,0.7999831582493001,5.7923551911202225,1.6999575010624735,25.404,28.7,0.029258487716946176,852.64,7569,1.0,996004,477.2,79.53333333333333,-2.0,-8.0,-0.9000000000000021
104,215.9,34.7,68.7,46.3,49.3,0,0.0,998,89,28.9,0.0,1.33,2023,5,5,23,4,125,18,-0.25881904510252157,0.9659258262890681,0.49999999999999994,-0.8660254037844387,-0.433883739117558,-0.9009688679024191,1,3,0,38.0,40.0,45.0,40.0,48.0,31.0,38.333333333333336,1.5275252316549235,40.0,37.0,41.333333333333336,3.669695718538092,46.0,37.0,43.416666666666664,4.337119558024695,51.0,37.0,39.0,8.145417490034598,51.0,25.0,29.2,31.1,34.8,87.0,78.0,66.0,1.0,2.33,3.66,998.0,997.0,995.0,2572.1,118.37,38.437,0.0,0.799118809528952,6.221722716924584,1.9797700354456644,25.721,28.235,0.028957886815744672,835.2099999999999,7921,1.7689000000000001,996004,451.90000000000003,75.31666666666668,-1.0,-8.0,-0.3000000000000007
115,200.2,29.3,69.3,51.3,46.7,0,0.0,998,91,28.5,0.0,1.66,2023,5,6,0,5,126,18,0.0,1.0,0.49999999999999994,-0.8660254037844387,-0.9749279121818236,-0.2225209339563146,1,3,1,37.0,38.0,40.0,42.0,48.0,26.0,38.666666666666664,2.081665999468298,41.0,37.0,41.166666666666664,3.656045222184311,46.0,37.0,42.833333333333336,4.130448651248472,51.0,37.0,39.625,7.665918362977207,51.0,25.0,28.9,30.1,33.4,89.0,82.0,69.0,1.33,1.66,3.33,998.0,997.0,995.0,2593.5,151.06,47.309999999999995,0.0,0.7992046938656168,6.8325313129244725,2.3651069929353943,25.935,27.67,0.02855708561414267,812.25,8281,2.7556,996004,437.8,72.96666666666667,4.0,1.0,-0.3999999999999986
98,184.4,24.0,70.0,42.5,44.0,82,0.0,997,92,28.2,0.0,2.0,2023,5,6,1,5,126,18,0.25881904510252074,0.9659258262890683,0.49999999999999994,-0.8660254037844387,-0.9749279121818236,-0.2225209339563146,1,3,1,41.0,37.0,38.0,46.0,51.0,26.0,37.333333333333336,3.511884584285572,41.0,34.0,39.166666666666664,3.7638632635439695,45.0,34.0,41.416666666666664,3.987670391533059,48.0,34.0,39.958333333333336,7.207961580428451,51.0,25.0,28.5,29.2,32.0,91.0,87.0,73.0,1.66,1.0,3.0,998.0,998.0,996.0,2594.4,184.0,56.4,0.0,0.7999811769134845,7.6830132077830084,2.916545143952335,25.944000000000003,27.2,0.02828482619375507,795.24,8464,4.0,994009,398.9,66.48333333333333,-7.0,-4.0,-0.3000000000000007
91,175.5,20.3,69.3,38.8,43.0,85,0.0,997,93,27.9,0.0,2.0,2023,5,6,2,5,126,18,0.49999999999999994,0.8660254037844387,0.49999999999999994,-0.8660254037844387,-0.9749279121818236,-0.2225209339563146,1,3,1,34.0,41.0,37.0,45.0,42.0,30.0,35.333333333333336,5.131601439447835,41.0,31.0,36.833333333333336,3.7638632635438376,41.0,31.0,40.5,4.981785003206791,48.0,31.0,40.0,7.150554858373844,51.0,25.0,28.2,28.9,31.1,92.0,89.0,78.0,2.0,1.33,2.33,997.0,998.0,997.0,2594.7,186.0,55.8,0.0,0.7989484807092602,8.644894340180286,3.41362494458401,25.947,26.9,0.02798392378743853,778.41,8649,4.0,994009,377.90000000000003,62.98333333333334,-3.0,-6.0,-0.3000000000000007
98,166.5,16.7,68.7,42.5,42.0,88,0.0,997,94,27.5,0.0,2.0,2023,5,6,3,5,126,18,0.7071067811865476,0.7071067811865476,0.49999999999999994,-0.8660254037844387,-0.9749279121818236,-0.2225209339563146,1,3,1,31.0,34.0,41.0,40.0,48.0,28.0,33.0,1.7320508075718448,34.0,31.0,35.833333333333336,3.544949458970388,41.0,31.0,39.333333333333336,4.696871944241224,46.0,31.0,40.25,6.809520189954386,51.0,25.0,27.9,28.5,30.1,93.0,91.0,82.0,2.0,1.66,1.66,997.0,998.0,997.0,2585.0,188.0,55.0,0.0,0.7999811769134845,9.96946290641279,4.1135261361595115,25.85,26.5,0.02758272057901647,756.25,8836,4.0,994009,370.4,61.73333333333333,3.0,-7.0,-0.3999999999999986
91,157.6,13.0,68.0,38.8,41.0,91,0.0,997,94,27.2,0.0,2.0,2023,5,6,4,5,126,18,0.8660254037844386,0.5000000000000001,0.49999999999999994,-0.8660254037844387,-0.9749279121818236,-0.2225209339563146,1,3,1,34.0,31.0,34.0,38.0,44.0,25.0,32.0,1.7320508075719114,34.0,31.0,34.666666666666664,3.8297084310236937,41.0,31.0,38.25,5.011350752405049,46.0,31.0,40.5,6.317677063467712,51.0,31.0,27.5,28.2,29.2,94.0,92.0,87.0,2.0,2.0,1.0,997.0,997.0,998.0,2556.7999999999997,188.0,54.4,0.0,0.7989484807092602,12.122144450426891,5.230366894854242,25.567999999999998,26.2,0.027281818172699927,739.8399999999999,8836,4.0,994009,349.4,58.23333333333333,-3.0,-3.0,-0.3000000000000007
95,183.4,19.0,61.3,41.3,43.0,94,0.0,998,94,27.3,0.0,1.66,2023,5,6,5,5,126,18,0.9659258262890683,0.25881904510252074,0.49999999999999994,-0.8660254037844387,-0.9749279121818236,-0.2225209339563146,1,3,1,31.0,34.0,31.0,37.0,40.0,32.0,32.666666666666664,1.527525231655337,34.0,31.0,34.0,3.6878177829153946,41.0,31.0,37.666666666666664,5.193235693639493,46.0,31.0,40.541666666666664,6.26223440236391,51.0,31.0,27.2,27.9,28.9,94.0,93.0,89.0,2.0,2.0,1.33,997.0,997.0,998.0,2566.2000000000003,156.04,45.318,0.0,0.7990121304568898,9.652123572443555,3.2261459923161935,25.662000000000003,26.470000000000002,0.027354682009336665,745.2900000000001,8836,2.7556,996004,381.0,63.5,2.0,2.0,0.10000000000000142
123,209.3,25.0,54.7,55.0,45.0,97,0.0,998,94,27.4,2.0,1.33,2023,5,6,6,5,126,18,1.0,6.123233995736766e-17,0.49999999999999994,-0.8660254037844387,-0.9749279121818236,-0.2225209339563146,1,0,1,33.0,31.0,34.0,41.0,42.0,32.0,36.0,7.000000000000685,44.0,31.0,34.5,4.847679857415011,44.0,31.0,37.833333333333336,5.373898759632727,46.0,31.0,41.041666666666664,6.0251586063679055,51.0,31.0,27.3,27.5,28.5,94.0,94.0,91.0,1.66,2.0,1.66,998.0,997.0,998.0,2575.6,125.02000000000001,36.442,0.0,0.7999854548099126,8.371665133394664,2.18791248350066,25.756,26.735,0.027454882309737163,750.7599999999999,8836,1.7689000000000001,996004,433.0,72.16666666666667,11.0,10.0,0.09999999999999787
123,235.2,31.0,48.0,55.0,47.0,100,0.0,999,94,27.5,2.6,1.0,2023,5,6,7,5,126,18,0.9659258262890683,-0.25881904510252063,0.49999999999999994,-0.8660254037844387,-0.9749279121818236,-0.2225209339563146,1,0,1,44.0,33.0,31.0,34.0,46.0,32.0,40.333333333333336,6.35085296108656,44.0,33.0,36.166666666666664,6.17791766428257,44.0,31.0,37.666666666666664,5.122736011392597,45.0,31.0,41.541666666666664,5.733040521677275,51.0,31.0,27.4,27.2,28.2,94.0,94.0,92.0,1.33,2.0,2.0,998.0,997.0,997.0,2585.0,94.0,27.5,0.0,0.7999854548099126,7.586852037031063,1.5483371504145027,25.85,27.0,0.027527499972472502,756.25,8836,1.0,998001,460.2,76.7,0.0,13.0,0.10000000000000142
126,239.9,27.3,96.0,56.3,56.3,100,0.0,999,86,29.2,4.2,1.33,2023,5,6,8,5,126,18,0.8660254037844387,-0.4999999999999998,0.49999999999999994,-0.8660254037844387,-0.9749279121818236,-0.2225209339563146,1,0,1,44.0,44.0,33.0,31.0,45.0,45.0,44.333333333333336,0.5773502691962931,45.0,44.0,38.5,6.473020933072051,45.0,31.0,37.666666666666664,5.122736011392597,45.0,31.0,41.541666666666664,5.733040521677275,51.0,31.0,27.5,27.3,27.9,94.0,94.0,93.0,1.0,1.66,2.0,999.0,998.0,997.0,2511.2,114.38000000000001,38.836,0.0,0.7992753237065062,8.787223911212044,3.516354712281601,25.112,28.535,0.0292291999707708,852.64,7396,1.7689000000000001,998001,520.8,86.8,1.0,12.0,1.6999999999999993
156,244.5,23.7,144.0,75.0,65.7,100,0.0,999,79,30.8,6.6,1.66,2023,5,6,9,5,126,18,0.7071067811865476,-0.7071067811865475,0.49999999999999994,-0.8660254037844387,-0.9749279121818236,-0.2225209339563146,1,0,1,45.0,44.0,44.0,34.0,40.0,45.0,49.666666666666664,8.962886439832863,60.0,44.0,42.833333333333336,10.381072520055794,60.0,31.0,39.333333333333336,8.249885214995436,60.0,31.0,42.166666666666664,6.837662114232545,60.0,31.0,29.2,27.4,27.5,86.0,94.0,94.0,1.33,1.33,2.0,999.0,998.0,997.0,2433.2000000000003,131.14,51.128,0.0,0.7999893334755536,10.31602042107928,6.075693008733809,24.332000000000004,29.970000000000002,0.030830799969169202,948.6400000000001,6241,2.7556,998001,612.9000000000001,102.15000000000002,15.0,16.0,1.6000000000000014
164,249.2,20.0,192.0,82.5,75.0,100,0.0,1000,72,32.5,9.4,2.0,2023,5,6,10,5,126,18,0.49999999999999994,-0.8660254037844387,0.49999999999999994,-0.8660254037844387,-0.9749279121818236,-0.2225209339563146,1,0,1,60.0,45.0,44.0,31.0,38.0,46.0,57.0,10.81665382639219,66.0,45.0,48.666666666666664,12.094075684675538,66.0,33.0,41.666666666666664,11.251935860377749,66.0,31.0,43.0,8.371795298604983,66.0,31.0,30.8,27.5,27.2,79.0,94.0,94.0,1.66,1.0,2.0,999.0,999.0,997.0,2340.0,144.0,65.0,0.0,0.7999903031478406,12.459377031148442,9.5995200239988,23.4,31.5,0.0324999675000325,1056.25,5184,4.0,1000000,684.7,114.11666666666667,6.0,22.0,1.6999999999999993
155,230.7,16.0,206.7,73.8,67.3,100,0.0,998,63,34.2,11.5,2.0,2023,5,6,11,5,126,18,0.258819045102521,-0.9659258262890682,0.49999999999999994,-0.8660254037844387,-0.9749279121818236,-0.2225209339563146,1,0,1,66.0,60.0,45.0,33.0,37.0,48.0,61.666666666666664,3.785938897200673,66.0,59.0,53.0,9.797958971132472,66.0,44.0,43.5,12.176728923348886,66.0,31.0,43.458333333333336,8.939308244157564,66.0,31.0,32.5,29.2,27.3,72.0,86.0,94.0,2.0,1.33,1.66,1000.0,999.0,998.0,2154.6000000000004,126.0,68.4,0.0,0.799447161962575,14.417848884444721,12.917942628585712,21.546000000000003,33.2,0.03426850273697121,1169.64,3969,4.0,996004,653.4999999999999,108.91666666666664,-7.0,14.0,1.7000000000000028
156,212.2,12.0,221.3,75.0,59.7,100,0.0,997,55,35.8,12.1,2.0,2023,5,6,12,5,126,18,1.2246467991473532e-16,-1.0,0.49999999999999994,-0.8660254037844387,-0.9749279121818236,-0.2225209339563146,1,1,1,59.0,66.0,60.0,44.0,41.0,48.0,61.666666666666664,3.785938897200673,66.0,59.0,55.666666666666664,9.003702941938005,66.0,44.0,45.083333333333336,13.027651245320122,66.0,31.0,43.958333333333336,9.521048383389617,66.0,31.0,34.2,30.8,27.4,63.0,79.0,94.0,2.0,1.66,1.33,998.0,999.0,998.0,1968.9999999999998,110.0,71.6,0.0,0.7999893334755536,17.681859845012916,18.44012998916757,19.689999999999998,34.8,0.03590768715377417,1281.6399999999999,3025,4.0,994009,640.2,106.7,1.0,0.0,1.5999999999999943
160,193.8,8.0,236.0,78.8,52.0,100,0.0,996,49,37.5,11.1,2.0,2023,5,6,13,5,126,18,-0.2588190451025208,-0.9659258262890683,0.49999999999999994,-0.8660254037844387,-0.9749279121818236,-0.2225209339563146,1,1,1,60.0,59.0,66.0,44.0,34.0,51.0,60.666666666666664,2.08166599946708,63.0,59.0,58.833333333333336,7.250287350627175,66.0,45.0,47.5,13.467131705141606,66.0,31.0,44.458333333333336,10.197950206085663,66.0,31.0,35.8,32.5,27.5,55.0,72.0,94.0,2.0,2.0,1.0,997.0,1000.0,999.0,1837.5,98.0,75.0,0.0,0.7994822400730955,24.22197225346832,29.49631296087989,18.375,36.5,0.03765056460786686,1406.25,2401,4.0,992016,631.6,105.26666666666667,3.0,-3.0,1.7000000000000028
159,181.1,10.3,214.0,77.5,46.3,0,0.0,996,47,38.0,8.8,1.66,2023,5,6,14,5,126,18,-0.4999999999999997,-0.8660254037844388,0.49999999999999994,-0.8660254037844387,-0.9749279121818236,-0.2225209339563146,1,1,1,63.0,60.0,59.0,45.0,31.0,42.0,61.666666666666664,1.527525231653163,63.0,60.0,61.666666666666664,2.5819888974714105,66.0,59.0,50.083333333333336,12.978712174055001,66.0,31.0,45.291666666666664,10.788396208595085,66.0,31.0,37.5,34.2,29.2,49.0,63.0,86.0,2.0,2.0,1.33,996.0,998.0,999.0,1786.0,78.02,63.08,0.0,0.7999896775525477,17.580817396369284,20.77468206970197,17.86,37.17,0.03815257213597175,1444.0,2209,2.7556,992016,591.1999999999999,98.53333333333332,-1.0,3.0,0.5
155,168.5,12.7,192.0,73.8,40.7,0,0.0,995,46,38.5,6.1,1.33,2023,5,6,15,5,126,18,-0.7071067811865471,-0.7071067811865479,0.49999999999999994,-0.8660254037844387,-0.9749279121818236,-0.2225209339563146,1,1,1,62.0,63.0,60.0,60.0,34.0,48.0,61.333333333333336,2.0816659994670426,63.0,59.0,61.5,2.7386127875256285,66.0,59.0,52.166666666666664,12.14183851087784,66.0,31.0,45.75,11.13650479865386,66.0,31.0,38.0,35.8,30.8,47.0,55.0,79.0,1.66,2.0,1.66,996.0,997.0,999.0,1771.0,61.18000000000001,51.205000000000005,0.0,0.799447161962575,13.266671915597199,15.11691992756476,17.71,37.835,0.03869342844881563,1482.25,2116,1.7689000000000001,990025,546.7,91.11666666666667,-3.0,-1.0,0.5
142,155.8,15.0,170.0,63.8,35.0,0,0.0,994,44,39.0,3.7,1.0,2023,5,6,16,5,126,18,-0.8660254037844385,-0.5000000000000004,0.49999999999999994,-0.8660254037844387,-0.9749279121818236,-0.2225209339563146,1,1,1,59.0,62.0,63.0,66.0,31.0,44.0,57.333333333333336,5.686240703077739,62.0,51.0,59.0,4.24264068711903,63.0,51.0,53.833333333333336,10.187633620614383,66.0,33.0,46.041666666666664,11.180258870249954,66.0,31.0,38.5,37.5,32.5,46.0,49.0,72.0,1.33,2.0,2.0,995.0,996.0,1000.0,1716.0,44.0,39.0,0.0,0.7993605115907275,10.385974268382109,11.33257782814479,17.16,38.5,0.039235373002642855,1521.0,1936,1.0,988036,490.6,81.76666666666667,-8.0,-12.0,0.5
137,213.6,41.7,137.3,61.3,41.3,0,0.0,995,53,37.1,2.4,1.33,2023,5,6,17,5,126,18,-0.9659258262890683,-0.25881904510252063,0.49999999999999994,-0.8660254037844387,-0.9749279121818236,-0.2225209339563146,1,1,1,51.0,59.0,62.0,59.0,33.0,40.0,53.0,5.291502622129717,59.0,49.0,57.333333333333336,5.887840577551654,63.0,49.0,55.166666666666664,8.032132438844947,66.0,44.0,46.416666666666664,11.119574071709653,66.0,31.0,39.0,38.0,34.2,44.0,47.0,63.0,1.0,1.66,2.0,994.0,996.0,998.0,1966.3000000000002,70.49000000000001,49.343,0.0,0.7993344317384709,5.1221793242368285,3.2924869907196475,19.663,36.435,0.037286394687040515,1376.41,2809,1.7689000000000001,990025,544.2,90.7,-2.0,-13.0,-1.8999999999999986
145,271.4,68.3,104.7,65.0,47.7,0,0.0,995,63,35.1,2.0,1.66,2023,5,6,18,5,126,18,-1.0,-1.8369701987210297e-16,0.49999999999999994,-0.8660254037844387,-0.9749279121818236,-0.2225209339563146,1,2,1,49.0,51.0,59.0,60.0,44.0,42.0,50.666666666666664,1.5275252316539798,52.0,49.0,56.0,6.066300355240958,63.0,49.0,55.833333333333336,7.3216159832412915,66.0,44.0,46.833333333333336,11.134227161898547,66.0,31.0,37.1,38.5,35.8,53.0,46.0,55.0,1.33,1.33,2.0,995.0,995.0,997.0,2211.3,104.58,58.266,0.0,0.7999876924970385,3.973587502379174,1.532920455044582,22.113000000000003,34.27,0.035276346455933215,1232.01,3969,2.7556,990025,609.1,101.51666666666667,3.0,-7.0,-2.0
134,329.2,95.0,72.0,60.0,54.0,0,0.0,996,75,33.2,0.0,2.0,2023,5,6,19,5,126,18,-0.9659258262890684,0.2588190451025203,0.49999999999999994,-0.8660254037844387,-0.9749279121818236,-0.2225209339563146,1,2,1,52.0,49.0,51.0,63.0,44.0,46.0,49.666666666666664,2.0816659994676794,52.0,48.0,53.5,5.683308895352737,62.0,48.0,56.166666666666664,6.806859285553587,66.0,45.0,46.916666666666664,11.135203348982639,66.0,31.0,35.1,39.0,37.5,63.0,44.0,49.0,1.66,1.0,2.0,995.0,994.0,996.0,2490.0,150.0,66.4,0.0,0.7999866668888852,3.4652266818244017,0.7578867590867464,24.9,32.2,0.033333299866164796,1102.2400000000002,5625,4.0,992016,658.2,109.7,-4.0,-3.0,-1.8999999999999986
156,315.9,83.3,67.0,75.0,57.3,0,0.0,996,77,32.3,0.0,2.33,2023,5,6,20,5,126,18,-0.8660254037844386,0.5000000000000001,0.49999999999999994,-0.8660254037844387,-0.9749279121818236,-0.2225209339563146,1,2,1,48.0,52.0,49.0,62.0,45.0,45.0,53.333333333333336,6.110100926608247,60.0,48.0,53.166666666666664,5.115336417740486,60.0,48.0,57.416666666666664,5.8846230022646004,66.0,48.0,47.541666666666664,11.439744473684463,66.0,31.0,33.2,37.1,38.0,75.0,53.0,47.0,2.0,1.33,1.66,996.0,995.0,996.0,2487.1,179.41,75.259,0.0,0.7999893334755536,3.7922714013037053,0.8043120730843567,24.871,31.134999999999998,0.03242968631557599,1043.2899999999997,5929,5.4289000000000005,992016,658.5,109.75,12.0,11.0,-0.9000000000000057
160,302.7,71.7,62.0,78.8,60.7,0,0.0,997,79,31.5,0.0,2.66,2023,5,6,21,5,126,18,-0.7071067811865477,0.7071067811865474,0.49999999999999994,-0.8660254037844387,-0.9749279121818236,-0.2225209339563146,1,2,1,60.0,48.0,52.0,59.0,60.0,40.0,57.0,7.937253933194072,63.0,48.0,53.833333333333336,6.177917664283196,63.0,48.0,57.666666666666664,6.065301211635952,66.0,48.0,48.5,11.739935560152265,66.0,31.0,32.3,35.1,38.5,77.0,63.0,46.0,2.33,1.66,1.33,996.0,995.0,995.0,2488.5,210.14000000000001,83.79,0.0,0.7994822400730955,4.221698442141671,0.8647020264710393,24.885,30.17,0.031594752663237045,992.25,6241,7.0756000000000006,994009,638.9,106.48333333333333,3.0,11.0,-0.7999999999999972
175,289.5,60.0,57.0,92.5,64.0,0,0.0,998,81,30.6,0.0,3.0,2023,5,6,22,5,126,18,-0.5000000000000004,0.8660254037844384,0.49999999999999994,-0.8660254037844387,-0.9749279121818236,-0.2225209339563146,1,3,1,63.0,60.0,48.0,51.0,66.0,38.0,65.66666666666667,7.371114795832183,74.0,60.0,57.666666666666664,10.013324456276441,74.0,48.0,58.333333333333336,7.364945637438066,74.0,48.0,50.0,12.607796069858383,74.0,31.0,31.5,33.2,39.0,79.0,75.0,44.0,2.66,2.0,1.0,997.0,996.0,994.0,2478.6,243.0,91.80000000000001,0.0,0.7999913514448492,4.824919584673589,0.9499841669305512,24.785999999999998,29.1,0.030661291922553187,936.3600000000001,6561,9.0,996004,637.0,106.16666666666667,11.0,26.0,-0.8999999999999986
148,252.7,49.3,61.0,66.3,66.0,0,0.0,998,84,30.1,0.0,2.66,2023,5,6,23,5,126,18,-0.25881904510252157,0.9659258262890681,0.49999999999999994,-0.8660254037844387,-0.9749279121818236,-0.2225209339563146,1,3,1,74.0,63.0,60.0,49.0,59.0,37.0,63.333333333333336,10.503967504392644,74.0,53.0,58.333333333333336,9.437513796899273,74.0,48.0,57.833333333333336,7.517655985421604,74.0,48.0,50.666666666666664,12.310005356784542,74.0,31.0,30.6,32.3,37.1,81.0,77.0,53.0,3.0,2.33,1.33,998.0,996.0,995.0,2528.4,223.44,80.066,0.0,0.7993846246662946,5.125656680391879,1.237297417902274,25.284000000000002,28.770000000000003,0.030160290420550684,906.0100000000001,7056,7.0756000000000006,996004,548.3,91.38333333333333,-21.0,-7.0,-0.5
98,215.9,38.7,65.0,42.5,68.0,0,0.0,997,87,29.6,0.0,2.33,2023,5,7,0,6,127,18,0.0,1.0,0.49999999999999994,-0.8660254037844387,-0.7818314824680299,0.6234898018587334,1,3,1,53.0,74.0,63.0,52.0,60.0,41.0,53.666666666666664,20.00833159794536,74.0,34.0,55.333333333333336,13.735598518690875,74.0,34.0,55.666666666666664,10.129464971362227,74.0,34.0,50.375,12.627824694766128,74.0,31.0,30.1,31.5,35.1,84.0,79.0,63.0,2.66,2.66,1.66,998.0,997.0,995.0,2575.2000000000003,202.71,68.968,0.0,0.7999811769134845,5.578667217901346,1.6795431642593215,25.752000000000002,28.435000000000002,0.029689037423232277,876.1600000000001,7569,5.4289000000000005,994009,464.1,77.35000000000001,-19.0,-29.0,-0.5
107,179.2,28.0,69.0,47.5,70.0,100,0.0,997,90,29.1,0.0,2.0,2023,5,7,1,6,127,18,0.25881904510252074,0.9659258262890683,0.49999999999999994,-0.8660254037844387,-0.7818314824680299,0.6234898018587334,1,3,1,34.0,53.0,74.0,48.0,63.0,34.0,41.666666666666664,10.016652800878223,53.0,34.0,53.666666666666664,15.318833724101266,74.0,34.0,53.583333333333336,11.016172684106508,74.0,34.0,50.541666666666664,12.427106300925363,74.0,31.0,29.6,30.6,33.2,87.0,81.0,75.0,2.33,3.0,2.0,997.0,998.0,996.0,2619.0,180.0,58.2,0.0,0.7999831582493001,6.399771436734402,2.464197707224742,26.19,28.1,0.029187533412704702,846.8100000000001,8100,4.0,994009,431.7,71.95,4.0,-36.0,-0.5
100,161.1,22.3,71.7,43.8,74.0,100,0.0,998,90,28.9,0.0,2.0,2023,5,7,2,6,127,18,0.49999999999999994,0.8660254037844387,0.49999999999999994,-0.8660254037844387,-0.7818314824680299,0.6234898018587334,1,3,1,38.0,34.0,53.0,60.0,62.0,31.0,35.666666666666664,2.0816659994684312,38.0,34.0,49.5,16.598192672697646,74.0,34.0,51.333333333333336,11.865406810888219,74.0,34.0,50.708333333333336,12.177952875253304,74.0,31.0,29.1,30.1,32.3,90.0,84.0,77.0,2.0,2.66,2.33,997.0,998.0,996.0,2601.0,180.0,57.8,0.0,0.7990685144174792,7.22389130532263,3.2151024617730144,26.01,27.9,0.028957886815744672,835.2099999999999,8100,4.0,996004,407.90000000000003,67.98333333333333,-3.0,-18.0,-0.20000000000000284
82,143.0,16.7,74.3,33.8,78.0,100,0.0,998,90,28.7,0.0,2.0,2023,5,7,3,6,127,18,0.7071067811865476,0.7071067811865476,0.49999999999999994,-0.8660254037844387,-0.7818314824680299,0.6234898018587334,1,3,1,35.0,38.0,34.0,63.0,59.0,34.0,33.333333333333336,5.686240703078214,38.0,27.0,43.5,17.23658898970418,74.0,27.0,48.666666666666664,13.472755899041045,74.0,27.0,50.416666666666664,12.669431429769423,74.0,27.0,28.9,29.6,31.5,90.0,87.0,79.0,2.0,2.33,2.66,998.0,997.0,997.0,2583.0,180.0,57.4,0.0,0.7987929351202628,8.562361535237411,4.4488353990778995,25.83,27.7,0.028757486214943673,823.6899999999999,8100,4.0,996004,372.8,62.13333333333333,-8.0,-7.0,-0.1999999999999993
82,124.9,11.0,77.0,33.8,82.0,100,0.0,998,90,28.5,0.0,2.0,2023,5,7,4,6,127,18,0.8660254037844386,0.5000000000000001,0.49999999999999994,-0.8660254037844387,-0.7818314824680299,0.6234898018587334,1,3,1,27.0,35.0,38.0,74.0,51.0,31.0,29.666666666666668,4.618802153518185,35.0,27.0,35.666666666666664,9.584710046039726,53.0,27.0,46.666666666666664,14.809906594348497,74.0,27.0,50.25,12.958965337120928,74.0,27.0,28.7,29.1,30.6,90.0,90.0,81.0,2.0,2.0,3.0,998.0,997.0,998.0,2565.0,180.0,57.0,0.0,0.7987929351202628,11.353513316971185,6.999363694209618,25.65,27.5,0.02855708561414267,812.25,8100,4.0,996004,355.7,59.28333333333333,0.0,-11.0,-0.1999999999999993
82,133.1,14.0,72.3,33.8,79.3,100,0.0,999,91,28.5,0.0,2.0,2023,5,7,5,6,127,18,0.9659258262890683,0.25881904510252074,0.49999999999999994,-0.8660254037844387,-0.7818314824680299,0.6234898018587334,1,3,1,27.0,27.0,35.0,53.0,49.0,33.0,27.0,0.0,27.0,27.0,31.333333333333332,4.926120853841596,38.0,27.0,44.833333333333336,15.821925715074228,74.0,27.0,50.0,13.357948293383297,74.0,27.0,28.5,28.9,30.1,90.0,90.0,84.0,2.0,2.0,2.66,998.0,998.0,998.0,2593.5,182.0,57.0,0.0,0.7987929351202628,9.50646382401257,5.163916863081209,25.935,27.5,0.0285284999714715,812.25,8281,4.0,998001,359.5,59.916666666666664,0.0,-8.0,0.0
91,141.2,17.0,67.7,38.8,76.7,100,0.0,1000,91,28.5,2.1,2.0,2023,5,7,6,6,127,18,1.0,6.123233995736766e-17,0.49999999999999994,-0.8660254037844387,-0.7818314824680299,0.6234898018587334,1,0,1,27.0,27.0,27.0,34.0,52.0,44.0,28.333333333333332,2.309401076760925,31.0,27.0,30.833333333333332,4.750438576242496,38.0,27.0,43.083333333333336,16.115821324701102,74.0,27.0,49.458333333333336,13.865751258803847,74.0,27.0,28.5,28.7,29.6,91.0,90.0,87.0,2.0,2.0,2.33,999.0,998.0,997.0,2593.5,182.0,57.0,0.0,0.7989484807092602,8.305393800364683,3.9821186989000648,25.935,27.5,0.0284999715000285,812.25,8281,4.0,1000000,372.4,62.06666666666666,4.0,4.0,0.0
98,149.4,20.0,63.0,42.5,74.0,100,0.0,1001,92,28.5,2.6,2.0,2023,5,7,7,6,127,18,0.9659258262890683,-0.25881904510252063,0.49999999999999994,-0.8660254037844387,-0.7818314824680299,0.6234898018587334,1,0,1,31.0,27.0,27.0,38.0,48.0,44.0,30.666666666666668,3.511884584285768,34.0,27.0,30.166666666666668,3.710345895823267,35.0,27.0,41.916666666666664,16.23384978333459,74.0,27.0,49.041666666666664,14.183515130223583,74.0,27.0,28.5,28.5,29.1,91.0,90.0,90.0,2.0,2.0,2.0,1000.0,998.0,997.0,2622.0,184.0,57.0,0.0,0.7999811769134845,7.469626518674066,3.149842507874606,26.22,27.5,0.0284715000284715,812.25,8464,4.0,1002001,382.9,63.81666666666666,3.0,7.0,0.0
123,140.5,15.7,83.0,55.0,65.7,83,0.0,1001,87,29.4,3.5,1.66,2023,5,7,8,6,127,18,0.8660254037844387,-0.4999999999999998,0.49999999999999994,-0.8660254037844387,-0.7818314824680299,0.6234898018587334,1,0,1,34.0,31.0,27.0,35.0,60.0,45.0,36.333333333333336,6.806859285554741,44.0,31.0,31.666666666666668,6.683312551920133,44.0,27.0,40.583333333333336,15.240247751107766,74.0,27.0,49.0,14.197366565363813,74.0,27.0,28.5,28.5,28.9,92.0,91.0,90.0,2.0,2.0,2.0,1001.0,999.0,998.0,2557.7999999999997,144.42,48.803999999999995,0.0,0.7999854548099126,8.948474619450991,5.286287497611617,25.577999999999996,28.57,0.0293706000293706,864.3599999999999,7569,2.7556,1002001,403.9,67.31666666666666,10.0,17.0,0.8999999999999986
129,131.5,11.3,103.0,57.5,57.3,66,0.0,1001,82,30.3,3.4,1.33,2023,5,7,9,6,127,18,0.7071067811865476,-0.7071067811865475,0.49999999999999994,-0.8660254037844387,-0.7818314824680299,0.6234898018587334,1,0,1,44.0,34.0,31.0,27.0,63.0,60.0,41.333333333333336,6.429100507329285,46.0,34.0,34.833333333333336,8.328665359267026,46.0,27.0,39.166666666666664,13.67701012870137,74.0,27.0,48.416666666666664,14.012158281654926,74.0,27.0,29.4,28.5,28.7,87.0,91.0,90.0,1.66,2.0,2.0,1001.0,1000.0,998.0,2484.6,109.06,40.29900000000001,0.0,0.7999860871984835,11.636138394832315,9.114237678081585,24.846,29.635,0.0302697000302697,918.09,6724,1.7689000000000001,1002001,406.6,67.76666666666667,2.0,15.0,0.9000000000000021
137,122.6,7.0,123.0,61.3,49.0,50,0.0,1002,77,31.2,4.9,1.0,2023,5,7,10,6,127,18,0.49999999999999994,-0.8660254037844387,0.49999999999999994,-0.8660254037844387,-0.7818314824680299,0.6234898018587334,1,0,1,46.0,44.0,34.0,27.0,74.0,66.0,46.333333333333336,2.5166114784250175,49.0,44.0,38.5,9.005553841934953,49.0,27.0,37.083333333333336,8.989471956716919,53.0,27.0,47.708333333333336,13.505165410080284,74.0,27.0,30.3,28.5,28.5,82.0,92.0,90.0,1.33,2.0,2.0,1001.0,1001.0,998.0,2402.4,77.0,31.2,0.0,0.7993344317384709,17.511784030852734,17.5689187258963,24.024,30.7,0.031137693475355815,973.4399999999999,5929,1.0,1004004,411.9,68.64999999999999,3.0,15.0,0.8999999999999986
148,122.2,6.3,130.3,66.3,42.3,54,0.0,1001,71,32.3,7.1,1.33,2023,5,7,11,6,127,18,0.258819045102521,-0.9659258262890682,0.49999999999999994,-0.8660254037844387,-0.7818314824680299,0.6234898018587334,1,0,1,49.0,46.0,44.0,27.0,53.0,59.0,49.333333333333336,3.5118845842851787,53.0,46.0,42.833333333333336,8.612007121842028,53.0,31.0,37.083333333333336,8.989471956716919,53.0,27.0,47.458333333333336,13.34159617159067,74.0,27.0,31.2,29.4,28.5,77.0,87.0,91.0,1.0,1.66,2.0,1002.0,1001.0,999.0,2293.2999999999997,94.43,42.958999999999996,0.0,0.7993846246662946,19.39374702428186,20.679257260752262,22.932999999999996,31.634999999999998,0.0322677000322677,1043.2899999999997,5041,1.7689000000000001,1002001,420.40000000000003,70.06666666666668,4.0,9.0,1.0999999999999979
137,121.8,5.7,137.7,61.3,35.7,58,0.0,1000,66,33.5,9.9,1.66,2023,5,7,12,6,127,18,1.2246467991473532e-16,-1.0,0.49999999999999994,-0.8660254037844387,-0.7818314824680299,0.6234898018587334,1,1,1,53.0,49.0,46.0,31.0,34.0,60.0,50.333333333333336,2.309401076759872,53.0,49.0,45.833333333333336,6.554896388705091,53.0,34.0,38.333333333333336,9.547330263037358,53.0,27.0,47.0,13.078359157817744,74.0,27.0,32.3,30.3,28.5,71.0,82.0,91.0,1.33,1.33,2.0,1001.0,1001.0,1000.0,2211.0,109.55999999999999,55.61,0.0,0.7993344317384709,21.36467286440975,24.153657253113483,22.11,32.67,0.0334999665000335,1122.25,4356,2.7556,1000000,411.2,68.53333333333333,-4.0,3.0,1.2000000000000028
137,121.4,5.0,145.0,61.3,29.0,62,0.0,1000,61,34.6,9.2,2.0,2023,5,7,13,6,127,18,-0.2588190451025208,-0.9659258262890683,0.49999999999999994,-0.8660254037844387,-0.7818314824680299,0.6234898018587334,1,1,1,49.0,53.0,49.0,34.0,38.0,63.0,50.333333333333336,2.309401076759872,53.0,49.0,48.333333333333336,3.076794869122745,53.0,44.0,39.25,10.028368851322513,53.0,27.0,46.416666666666664,12.6385079838554,74.0,27.0,33.5,31.2,28.5,66.0,77.0,92.0,1.66,1.0,2.0,1000.0,1002.0,1001.0,2110.6,122.0,69.2,0.0,0.7993344317384709,24.275144971005798,28.994201159768043,21.105999999999998,33.6,0.0345999654000346,1197.16,3721,4.0,1000000,410.7,68.45,0.0,0.0,1.1000000000000014
150,123.3,6.7,144.7,67.5,35.0,54,0.0,999,60,34.8,7.9,2.0,2023,5,7,14,6,127,18,-0.4999999999999997,-0.8660254037844388,0.49999999999999994,-0.8660254037844387,-0.7818314824680299,0.6234898018587334,1,1,1,49.0,49.0,53.0,44.0,35.0,62.0,50.666666666666664,2.88675134594921,54.0,49.0,50.0,2.9664793948372643,54.0,46.0,40.833333333333336,10.768922739517205,54.0,27.0,46.083333333333336,12.310888311348549,74.0,27.0,34.6,32.3,29.4,61.0,71.0,87.0,2.0,1.33,1.66,1000.0,1001.0,1001.0,2088.0,120.0,69.6,0.0,0.7999881483237284,18.400238770332784,21.593791971347557,20.88,33.8,0.0348347999651652,1211.0399999999997,3600,4.0,998001,431.2,71.86666666666666,5.0,1.0,0.19999999999999574
164,125.3,8.3,144.3,82.5,41.0,45,0.0,998,60,34.9,4.8,2.0,2023,5,7,15,6,127,18,-0.7071067811865471,-0.7071067811865479,0.49999999999999994,-0.8660254037844387,-0.7818314824680299,0.6234898018587334,1,1,1,54.0,49.0,49.0,46.0,27.0,59.0,56.333333333333336,8.736894948054388,66.0,49.0,53.333333333333336,6.59292550137358,66.0,49.0,44.083333333333336,12.026170956658715,66.0,27.0,46.375,12.706768138348348,74.0,27.0,34.8,33.5,30.3,60.0,66.0,82.0,2.0,1.66,1.33,999.0,1000.0,1001.0,2094.0,120.0,69.8,0.0,0.7999903031478406,15.094566919648235,17.383447777376222,20.94,33.9,0.03496990483977471,1218.01,3600,4.0,996004,467.4,77.89999999999999,12.0,17.0,0.10000000000000142
184,127.2,10.0,144.0,101.3,47.0,37,0.0,998,60,35.1,3.3,2.0,2023,5,7,16,6,127,18,-0.8660254037844385,-0.5000000000000004,0.49999999999999994,-0.8660254037844387,-0.7818314824680299,0.6234898018587334,1,1,1,66.0,54.0,49.0,49.0,27.0,51.0,67.0,13.527749258468779,81.0,54.0,58.666666666666664,12.596295751794026,81.0,49.0,48.583333333333336,14.829076678994843,81.0,27.0,47.625,14.526774380881987,81.0,27.0,34.9,34.6,31.2,60.0,61.0,77.0,2.0,2.0,1.0,998.0,1000.0,1002.0,2106.0,120.0,70.2,0.0,0.7995972399087866,12.718728127187282,14.398560143985602,21.06,34.1,0.035170305440575714,1232.01,3600,4.0,996004,510.5,85.08333333333333,15.0,32.0,0.20000000000000284
176,137.0,16.0,128.0,93.8,54.3,50,0.0,999,66,33.6,1.5,2.33,2023,5,7,17,6,127,18,-0.9659258262890683,-0.25881904510252063,0.49999999999999994,-0.8660254037844387,-0.7818314824680299,0.6234898018587334,1,1,1,81.0,66.0,54.0,53.0,27.0,49.0,74.0,7.54983443527082,81.0,66.0,62.333333333333336,13.764689123502416,81.0,49.0,52.583333333333336,14.951183190231879,81.0,31.0,48.708333333333336,15.566070031703248,81.0,27.0,35.1,34.8,32.3,60.0,60.0,71.0,2.0,2.0,1.33,998.0,999.0,1001.0,2217.6,153.78,78.28800000000001,0.0,0.7995650366200786,8.561964877195175,7.999500031248046,22.176,32.435,0.033633599966366404,1128.96,4356,5.4289000000000005,998001,504.1,84.01666666666667,-6.0,21.0,-1.5
115,146.7,22.0,112.0,51.3,61.7,62,0.5,1000,73,32.0,0.8,2.66,2023,5,7,18,6,127,18,-1.0,-1.8369701987210297e-16,0.49999999999999994,-0.8660254037844387,-0.7818314824680299,0.6234898018587334,1,2,1,75.0,81.0,66.0,49.0,31.0,52.0,65.66666666666667,21.571586249817983,81.0,41.0,61.0,15.582040944625916,81.0,41.0,53.416666666666664,13.879077342488634,81.0,34.0,48.25,15.626760770355412,81.0,27.0,33.6,34.9,33.5,66.0,60.0,66.0,2.33,2.0,1.66,999.0,998.0,1000.0,2336.0,194.18,85.12,31.0,0.7992046938656168,6.667878732784873,5.090677696468342,23.36,30.67,0.031999968000032,1024.0,5329,7.0756000000000006,1000000,434.7,72.45,-34.0,-25.0,-1.6000000000000014
115,156.4,28.0,96.0,51.3,69.0,75,1.5,1001,81,30.5,0.0,3.0,2023,5,7,19,6,127,18,-0.9659258262890684,0.2588190451025203,0.49999999999999994,-0.8660254037844387,-0.7818314824680299,0.6234898018587334,1,2,1,41.0,75.0,81.0,49.0,34.0,48.0,52.333333333333336,19.629909152447432,75.0,41.0,59.666666666666664,17.084105673598035,81.0,41.0,54.0,13.11487704860375,81.0,41.0,47.958333333333336,15.696798805923104,81.0,27.0,32.0,35.1,34.6,73.0,60.0,61.0,2.66,2.0,2.0,1000.0,998.0,1000.0,2470.5,243.0,91.5,112.5,0.7992046938656168,5.585514803042749,3.4284489839648584,24.705,29.0,0.030469500030469502,930.25,6561,9.0,1002001,441.7,73.61666666666666,0.0,-40.0,-1.5
142,152.5,23.7,89.3,63.8,57.7,75,1.25,1002,85,29.1,0.0,2.33,2023,5,7,20,6,127,18,-0.8660254037844386,0.5000000000000001,0.49999999999999994,-0.8660254037844387,-0.7818314824680299,0.6234898018587334,1,2,1,41.0,41.0,75.0,54.0,44.0,60.0,44.333333333333336,5.773502691896937,51.0,41.0,59.166666666666664,17.325318659888033,81.0,41.0,54.583333333333336,12.78108213752083,81.0,41.0,47.583333333333336,15.502921650777658,81.0,27.0,30.5,33.6,34.8,81.0,66.0,60.0,3.0,2.33,2.0,1001.0,999.0,999.0,2473.5,198.05,67.80300000000001,93.75,0.7993605115907275,6.434327665499346,3.7677735116661744,24.735,27.935000000000002,0.029041887183745327,846.8100000000001,7225,5.4289000000000005,1004004,438.0,73.0,10.0,-24.0,-1.3999999999999986
110,148.6,19.3,82.7,48.8,46.3,75,3.25,1003,90,27.6,0.0,1.66,2023,5,7,21,6,127,18,-0.7071067811865477,0.7071067811865474,0.49999999999999994,-0.8660254037844387,-0.7818314824680299,0.6234898018587334,1,2,1,51.0,41.0,41.0,66.0,46.0,63.0,43.666666666666664,6.429100507329259,51.0,39.0,54.666666666666664,18.651184055353237,81.0,39.0,54.0,13.355284960030984,81.0,39.0,46.583333333333336,15.237016330852713,81.0,27.0,29.1,32.0,34.9,85.0,73.0,60.0,2.33,2.66,2.0,1002.0,1000.0,998.0,2484.0,149.4,45.816,243.75,0.7991639515583698,7.699082949069996,4.284752085384176,24.84,26.770000000000003,0.027517420221914037,761.7600000000001,8100,2.7556,1006009,384.70000000000005,64.11666666666667,-12.0,-2.0,-1.5
76,144.7,15.0,76.0,30.0,35.0,75,6.5,1004,94,26.2,0.0,1.0,2023,5,7,22,6,127,18,-0.5000000000000004,0.8660254037844384,0.49999999999999994,-0.8660254037844387,-0.7818314824680299,0.6234898018587334,1,3,1,39.0,51.0,41.0,81.0,49.0,74.0,38.0,13.527749258469028,51.0,24.0,45.166666666666664,16.999019579571616,75.0,24.0,51.916666666666664,15.91145004153411,81.0,24.0,44.5,14.73534644257182,81.0,24.0,27.6,30.5,35.1,90.0,81.0,60.0,1.66,3.0,2.0,1003.0,1001.0,998.0,2462.7999999999997,94.0,26.2,487.5,0.7999733342221925,9.64602359842677,5.066328911405907,24.627999999999997,25.7,0.02609559153825544,686.4399999999999,8836,1.0,1008016,324.7,54.11666666666667,-15.0,-17.0,-1.4000000000000021
112,137.7,12.7,75.7,50.0,32.7,83,0.75,1004,94,26.1,0.0,1.0,2023,5,7,23,6,127,18,-0.25881904510252157,0.9659258262890681,0.49999999999999994,-0.8660254037844387,-0.7818314824680299,0.6234898018587334,1,3,1,24.0,39.0,51.0,75.0,53.0,53.0,34.333333333333336,8.962886439833069,40.0,24.0,39.333333333333336,8.687155268939133,51.0,24.0,50.833333333333336,16.269510432000192,81.0,24.0,43.958333333333336,14.647982994156797,81.0,24.0,26.2,29.1,33.6,94.0,85.0,66.0,1.0,2.33,2.33,1004.0,1002.0,999.0,2453.4,94.0,26.1,62.25,0.7999840003199936,10.84166601055035,5.960160617274231,24.534000000000002,25.6,0.02599599004383462,681.21,8836,1.0,1008016,348.79999999999995,58.133333333333326,16.0,-11.0,-0.09999999999999787
112,130.7,10.3,75.3,50.0,30.3,91,1.5,1004,93,26.1,0.0,1.0,2023,5,8,0,0,128,19,0.0,1.0,0.49999999999999994,-0.8660254037844387,0.0,1.0,1,3,0,40.0,24.0,39.0,41.0,49.0,34.0,34.666666666666664,9.237604307034557,40.0,24.0,39.166666666666664,8.658329323065557,51.0,24.0,50.083333333333336,16.566441069130178,81.0,24.0,44.208333333333336,14.521286224821607,81.0,24.0,26.1,27.6,32.0,94.0,90.0,73.0,1.0,1.66,2.66,1004.0,1003.0,1000.0,2427.3,93.0,26.1,136.5,0.7999840003199936,12.688088535093678,7.309969905834385,24.273000000000003,25.6,0.02599599004383462,681.21,8649,1.0,1008016,336.6,56.1,0.0,1.0,0.0
87,123.7,8.0,75.0,36.3,28.0,100,7.5,1004,93,26.0,0.0,1.0,2023,5,8,1,0,128,19,0.25881904510252074,0.9659258262890683,0.49999999999999994,-0.8660254037844387,0.0,1.0,1,3,0,40.0,40.0,24.0,41.0,49.0,38.0,36.333333333333336,6.3508529610866455,40.0,29.0,37.166666666666664,9.495613022162187,51.0,24.0,48.416666666666664,17.65558543265248,81.0,24.0,43.833333333333336,14.802075843454107,81.0,24.0,26.1,26.2,30.5,93.0,94.0,81.0,1.0,1.0,3.0,1004.0,1004.0,1001.0,2418.0,93.0,26.0,750.0,0.798876064020275,15.460567429071368,9.373828271466067,24.18,25.5,0.025896388549413795,676.0,8649,1.0,1008016,300.0,50.0,-11.0,5.0,-0.10000000000000142
98,125.7,7.3,74.0,42.5,30.0,100,6.5,1004,91,25.8,0.0,1.0,2023,5,8,2,0,128,19,0.49999999999999994,0.8660254037844387,0.49999999999999994,-0.8660254037844387,0.0,1.0,1,3,0,29.0,40.0,40.0,51.0,54.0,35.0,34.333333333333336,5.5075705472870276,40.0,29.0,34.333333333333336,6.653319973265604,40.0,24.0,46.75,18.020821290939917,81.0,24.0,43.791666666666664,14.829404299703453,81.0,24.0,26.0,26.1,29.1,93.0,94.0,85.0,1.0,1.0,2.33,1004.0,1004.0,1002.0,2347.8,91.0,25.8,650.0,0.7999811769134845,17.21681961375154,10.135597863306396,23.478,25.3,0.025697185560572152,665.64,8281,1.0,1008016,313.5,52.25,5.0,-6.0,-0.1999999999999993
80,127.6,6.7,73.0,32.5,32.0,100,0.25,1004,90,25.7,0.0,1.0,2023,5,8,3,0,128,19,0.7071067811865476,0.7071067811865476,0.49999999999999994,-0.8660254037844387,0.0,1.0,1,3,0,34.0,29.0,40.0,39.0,66.0,27.0,29.666666666666668,4.041451884328794,34.0,26.0,32.166666666666664,6.940220937884772,40.0,24.0,43.416666666666664,17.83489089771302,81.0,24.0,43.75,14.879954417882676,81.0,24.0,25.8,26.1,27.6,91.0,93.0,90.0,1.0,1.0,1.66,1004.0,1004.0,1003.0,2313.0,90.0,25.7,25.0,0.7999753853727578,19.041934039695565,10.893896433368154,23.13,25.2,0.025597584066151327,660.49,8100,1.0,1008016,297.79999999999995,49.633333333333326,-8.0,-14.0,-0.10000000000000142
50,129.6,6.0,72.0,15.0,34.0,100,5.0,1005,88,25.5,0.0,1.0,2023,5,8,4,0,128,19,0.8660254037844386,0.5000000000000001,0.49999999999999994,-0.8660254037844387,0.0,1.0,1,3,0,26.0,34.0,29.0,24.0,81.0,27.0,24.0,11.135528725660622,34.0,12.0,30.166666666666668,10.553040636075151,40.0,12.0,37.666666666666664,15.599145275729908,75.0,12.0,43.125,15.894523256934214,81.0,12.0,25.7,26.0,26.2,90.0,93.0,94.0,1.0,1.0,1.0,1004.0,1004.0,1004.0,2244.0,88.0,25.5,500.0,0.7999466702219852,21.596400599900015,11.998000333277787,22.44,25.0,0.025373109081483502,650.25,7744,1.0,1010025,268.6,44.76666666666667,-14.0,-17.0,-0.1999999999999993
85,141.6,11.3,64.7,35.0,35.3,100,6.0,1006,89,25.5,0.0,1.0,2023,5,8,5,0,128,19,0.9659258262890683,0.25881904510252074,0.49999999999999994,-0.8660254037844387,0.0,1.0,1,3,0,12.0,26.0,34.0,40.0,75.0,27.0,22.0,8.717797887082115,28.0,12.0,28.166666666666668,9.389710680668106,40.0,12.0,33.75,10.410877179006436,51.0,12.0,43.166666666666664,15.85166749332214,81.0,12.0,25.5,25.8,26.1,88.0,91.0,94.0,1.0,1.0,1.0,1005.0,1004.0,1004.0,2269.5,89.0,25.5,600.0,0.7999771435101855,12.529864613750995,5.725157065746394,22.695,25.0,0.02534788732814381,650.25,7921,1.0,1012036,315.90000000000003,52.650000000000006,16.0,-6.0,0.0
72,153.7,16.7,57.3,27.5,36.7,100,0.25,1006,90,25.5,0.6,1.0,2023,5,8,6,0,128,19,1.0,6.123233995736766e-17,0.49999999999999994,-0.8660254037844387,0.0,1.0,1,0,0,28.0,12.0,26.0,40.0,41.0,31.0,20.666666666666668,8.08290376865561,28.0,12.0,25.166666666666668,7.547626558505103,34.0,12.0,32.166666666666664,10.650081803640562,51.0,12.0,42.791666666666664,16.25337200242708,81.0,12.0,25.5,25.7,26.1,89.0,90.0,93.0,1.0,1.0,1.0,1006.0,1004.0,1004.0,2295.0,90.0,25.5,25.0,0.7999709101487218,9.203041734027902,3.430932279504221,22.95,25.0,0.02534788732814381,650.25,8100,1.0,1012036,313.9,52.31666666666666,-6.0,-4.0,0.0
72,165.7,22.0,50.0,27.5,38.0,100,5.5,1007,91,25.5,0.8,1.0,2023,5,8,7,0,128,19,0.9659258262890683,-0.25881904510252063,0.49999999999999994,-0.8660254037844387,0.0,1.0,1,0,0,22.0,28.0,12.0,29.0,41.0,34.0,24.0,3.4641016151396107,28.0,22.0,24.0,7.3756355658332575,34.0,12.0,30.583333333333332,10.629789473099533,51.0,12.0,42.291666666666664,16.713647552008467,81.0,12.0,25.5,25.5,26.0,90.0,88.0,93.0,1.0,1.0,1.0,1006.0,1005.0,1004.0,2320.5,91.0,25.5,550.0,0.7999709101487218,7.531475842007181,2.272623971637653,23.205,25.0,0.025322715667611056,650.25,8281,1.0,1014049,325.2,54.199999999999996,0.0,10.0,0.0
72,159.3,19.7,54.3,27.5,37.0,100,0.25,1008,93,25.0,1.3,1.66,2023,5,8,8,0,128,19,0.8660254037844387,-0.4999999999999998,0.49999999999999994,-0.8660254037844387,0.0,1.0,1,0,0,22.0,22.0,28.0,34.0,51.0,44.0,22.0,0.0,22.0,22.0,22.0,5.513619500834613,28.0,12.0,28.166666666666668,8.684713145765716,40.0,12.0,41.375,17.21175659883082,81.0,12.0,25.5,25.5,25.8,91.0,89.0,91.0,1.0,1.0,1.0,1007.0,1006.0,1004.0,2325.0,154.38,41.5,25.0,0.7999709101487218,8.085883965280951,2.7562052687680825,23.25,24.17,0.024801562696862404,625.0,8649,2.7556,1016064,319.8,53.300000000000004,0.0,-6.0,-0.5
74,152.9,17.3,58.7,28.8,36.0,100,1.75,1009,94,24.5,2.1,2.33,2023,5,8,9,0,128,19,0.7071067811865476,-0.7071067811865475,0.49999999999999994,-0.8660254037844387,0.0,1.0,1,0,0,22.0,22.0,22.0,26.0,39.0,46.0,22.333333333333332,0.5773502692011333,23.0,22.0,21.5,5.205766033926568,28.0,12.0,26.833333333333332,8.077278269467858,40.0,12.0,40.416666666666664,17.579426380973377,81.0,12.0,25.0,25.5,25.7,93.0,90.0,90.0,1.66,1.0,1.0,1008.0,1006.0,1004.0,2303.0,219.02,57.085,175.0,0.7985833825214401,8.837639442806774,3.3928674643084213,23.03,23.335,0.024281442733951702,600.25,8836,5.4289000000000005,1018081,316.70000000000005,52.78333333333334,1.0,1.0,-0.5
85,146.5,15.0,63.0,35.0,35.0,100,2.0,1010,96,24.0,2.9,3.0,2023,5,8,10,0,128,19,0.49999999999999994,-0.8660254037844387,0.49999999999999994,-0.8660254037844387,0.0,1.0,1,0,0,23.0,22.0,22.0,12.0,24.0,49.0,24.333333333333332,3.214550253666306,28.0,22.0,24.166666666666668,2.994439290860846,28.0,22.0,27.166666666666668,8.032132438844927,40.0,12.0,39.541666666666664,17.656084470815845,81.0,12.0,24.5,25.5,25.5,94.0,91.0,88.0,2.33,1.0,1.0,1009.0,1007.0,1005.0,2304.0,288.0,72.0,200.0,0.7999771435101855,9.76601559896007,4.199720018665422,23.04,22.5,0.023762352710541872,576.0,9216,9.0,1020100,322.5,53.75,5.0,6.0,-0.5
82,143.0,14.0,65.0,33.8,37.3,100,0.5,1009,91,24.9,3.6,3.0,2023,5,8,11,0,128,19,0.258819045102521,-0.9659258262890682,0.49999999999999994,-0.8660254037844387,0.0,1.0,1,0,0,28.0,23.0,22.0,28.0,40.0,53.0,26.0,2.6457513110669257,28.0,23.0,24.0,2.756809750415229,28.0,22.0,26.083333333333332,6.947312539043062,40.0,12.0,38.458333333333336,17.591942737383125,81.0,12.0,24.0,25.0,25.5,96.0,93.0,89.0,3.0,1.66,1.0,1010.0,1008.0,1006.0,2265.9,273.0,74.69999999999999,50.0,0.7987929351202628,10.21355617455896,4.642525533890437,22.659000000000002,23.4,0.024677874452057033,620.0099999999999,8281,9.0,1018081,320.1,53.35,-1.0,5.0,0.8999999999999986
104,139.5,13.0,67.0,46.3,39.7,100,0.0,1009,86,25.7,3.8,3.0,2023,5,8,12,0,128,19,1.2246467991473532e-16,-1.0,0.49999999999999994,-0.8660254037844387,0.0,1.0,1,1,0,27.0,28.0,23.0,22.0,40.0,49.0,30.666666666666668,5.507570547287115,37.0,27.0,26.5,5.753259945455743,37.0,22.0,25.833333333333332,6.436166749256569,37.0,12.0,37.958333333333336,17.449253544933285,81.0,12.0,24.9,24.5,25.5,91.0,94.0,90.0,3.0,2.33,1.0,1009.0,1009.0,1006.0,2210.2,258.0,77.1,0.0,0.799118809528952,10.729943850473042,5.153449734635798,22.101999999999997,24.2,0.025470737888267703,660.49,7396,9.0,1018081,342.5,57.083333333333336,10.0,14.0,0.8000000000000007
87,136.0,12.0,69.0,36.3,42.0,100,0.0,1008,81,26.6,3.4,3.0,2023,5,8,13,0,128,19,-0.2588190451025208,-0.9659258262890683,0.49999999999999994,-0.8660254037844387,0.0,1.0,1,1,0,37.0,27.0,28.0,22.0,29.0,49.0,31.0,5.291502622130227,37.0,27.0,27.666666666666668,5.354126134735016,37.0,22.0,25.833333333333332,6.436166749256569,37.0,12.0,37.125,17.37642706056998,81.0,12.0,25.7,24.0,25.5,86.0,96.0,91.0,3.0,3.0,1.0,1009.0,1010.0,1007.0,2154.6,243.0,79.80000000000001,0.0,0.798876064020275,11.332388967586034,5.749520873260562,21.546,25.1,0.0263888627094616,707.5600000000001,6561,9.0,1016064,324.3,54.050000000000004,-8.0,1.0,0.9000000000000021
82,140.8,13.7,69.0,33.8,49.0,100,0.0,1007,80,26.7,2.7,2.0,2023,5,8,14,0,128,19,-0.4999999999999997,-0.8660254037844388,0.49999999999999994,-0.8660254037844387,0.0,1.0,1,1,0,29.0,37.0,27.0,22.0,34.0,54.0,31.0,5.291502622130227,37.0,27.0,28.5,4.63680924774636,37.0,23.0,25.25,5.925676025875006,37.0,12.0,36.0,17.10835036389883,81.0,12.0,26.6,24.9,25.0,81.0,91.0,93.0,3.0,3.0,1.66,1008.0,1009.0,1008.0,2136.0,160.0,53.4,0.0,0.7987929351202628,10.276622144369027,5.036128749726298,21.36,25.7,0.026514372875498633,712.89,6400,4.0,1014049,333.3,55.550000000000004,-2.0,0.0,0.09999999999999787
76,145.7,15.3,69.0,30.0,56.0,100,0.0,1007,78,26.9,1.9,1.0,2023,5,8,15,0,128,19,-0.7071067811865471,-0.7071067811865479,0.49999999999999994,-0.8660254037844387,0.0,1.0,1,1,0,27.0,29.0,37.0,23.0,26.0,66.0,26.666666666666668,2.5166114784260034,29.0,24.0,28.666666666666668,4.412104562071585,37.0,24.0,25.083333333333332,5.930787673170897,37.0,12.0,34.25,16.019688972717688,81.0,12.0,26.7,25.7,24.5,80.0,86.0,94.0,2.0,3.0,2.33,1007.0,1009.0,1009.0,2098.2,78.0,26.9,0.0,0.7999733342221925,9.522253447487092,4.509509182406378,20.982,26.4,0.026712982410146562,723.6099999999999,6084,1.0,1014049,340.0,56.666666666666664,-3.0,-13.0,0.1999999999999993
69,150.6,17.0,69.0,26.3,63.0,100,0.25,1006,77,27.0,1.2,3.2,2023,5,8,16,0,128,19,-0.8660254037844385,-0.5000000000000004,0.49999999999999994,-0.8660254037844387,0.0,1.0,1,1,0,24.0,27.0,29.0,28.0,12.0,81.0,24.0,3.000000000002144,27.0,21.0,27.5,5.4313902455987995,37.0,21.0,25.833333333333332,4.529365464956979,37.0,21.0,31.75,12.756072722603593,75.0,12.0,26.9,26.6,24.0,78.0,81.0,96.0,1.0,3.0,3.0,1007.0,1008.0,1010.0,2079.0,246.4,86.4,25.0,0.79844872818524,8.858302452796893,4.058584789130051,20.79,25.4,0.026838939523916975,729.0,5929,10.240000000000002,1012036,346.9,57.81666666666666,-3.0,-8.0,0.10000000000000142
89,166.7,26.3,60.3,37.5,58.7,100,2.5,1007,82,26.5,0.7,0.33,2023,5,8,17,0,128,19,-0.9659258262890683,-0.25881904510252063,0.49999999999999994,-0.8660254037844387,0.0,1.0,1,1,0,21.0,24.0,27.0,27.0,28.0,75.0,25.0,4.582575694957216,30.0,21.0,28.0,5.5136195008348166,37.0,21.0,26.0,4.651490474714214,37.0,21.0,29.875,8.823449488129263,51.0,12.0,27.0,26.7,24.9,77.0,80.0,91.0,3.2,2.0,3.0,1006.0,1007.0,1009.0,2173.0,27.060000000000002,8.745000000000001,250.0,0.7999786672355405,6.338162047070453,2.2926884909319036,21.73,26.335,0.026315763340850704,702.25,6724,0.10890000000000001,1014049,379.5,63.25,9.0,3.0,-0.5
95,182.9,35.7,51.7,41.3,54.3,100,2.0,1007,88,26.0,0.6,0.66,2023,5,8,18,0,128,19,-1.0,-1.8369701987210297e-16,0.49999999999999994,-0.8660254037844387,0.0,1.0,1,2,0,30.0,21.0,24.0,37.0,22.0,41.0,28.0,6.244997998399346,33.0,21.0,27.333333333333332,4.320493798936922,33.0,21.0,26.916666666666668,4.870287154746667,37.0,21.0,29.541666666666668,8.531166221651796,51.0,12.0,26.5,26.9,25.7,82.0,78.0,86.0,0.33,1.0,3.0,1007.0,1007.0,1009.0,2288.0,58.080000000000005,17.16,200.0,0.7990121304568898,5.1231057953558725,1.448138707599227,22.88,25.67,0.02581923950423088,676.0,7744,0.43560000000000004,1014049,398.90000000000003,66.48333333333333,3.0,9.0,-0.5
87,199.0,45.0,43.0,36.3,50.0,100,0.75,1007,94,25.5,0.0,1.0,2023,5,8,19,0,128,19,-0.9659258262890684,0.2588190451025203,0.49999999999999994,-0.8660254037844387,0.0,1.0,1,2,0,33.0,30.0,21.0,29.0,22.0,41.0,30.666666666666668,2.0816659994688127,33.0,29.0,27.333333333333332,4.320493798936922,33.0,21.0,27.5,4.641708149533742,37.0,21.0,29.041666666666668,8.174611633730501,51.0,12.0,26.0,27.0,26.6,88.0,77.0,81.0,0.66,3.2,3.0,1007.0,1006.0,1008.0,2397.0,94.0,25.5,75.0,0.798876064020275,4.422123952801049,0.9555343214595232,23.97,25.0,0.025322715667611056,650.25,8836,1.0,1014049,402.3,67.05,-4.0,8.0,-0.5
74,192.6,40.0,44.0,28.8,52.0,100,0.0,1007,94,24.8,0.0,1.33,2023,5,8,20,0,128,19,-0.8660254037844386,0.5000000000000001,0.49999999999999994,-0.8660254037844387,0.0,1.0,1,2,0,29.0,33.0,30.0,27.0,22.0,51.0,28.333333333333332,5.033222956848333,33.0,23.0,26.666666666666668,4.676180777798495,33.0,21.0,27.583333333333332,4.541892543729022,37.0,21.0,27.875,6.78433297480648,40.0,12.0,25.5,26.5,26.7,94.0,82.0,80.0,1.0,0.33,2.0,1007.0,1007.0,1007.0,2331.2000000000003,125.02000000000001,32.984,0.0,0.7985833825214401,4.8148796280093,1.099972500687483,23.312,24.135,0.024627582296343303,615.0400000000001,8836,1.7689000000000001,1014049,380.40000000000003,63.400000000000006,-6.0,-7.0,-0.6999999999999993
72,186.2,35.0,45.0,27.5,54.0,100,0.0,1008,93,24.2,0.0,1.66,2023,5,8,21,0,128,19,-0.7071067811865477,0.7071067811865474,0.49999999999999994,-0.8660254037844387,0.0,1.0,1,2,0,23.0,29.0,33.0,24.0,23.0,39.0,24.666666666666668,3.7859388972018575,29.0,22.0,26.333333333333332,4.966554808582305,33.0,21.0,27.5,4.641708149533741,37.0,21.0,27.166666666666668,6.451603553055632,40.0,12.0,24.8,26.0,26.9,94.0,88.0,78.0,1.33,0.66,1.0,1007.0,1007.0,1007.0,2250.6,154.38,40.172,0.0,0.7999709101487218,5.319848004342733,1.285677552069941,22.506,23.37,0.024007912690562808,585.64,8649,2.7556,1016064,369.7,61.61666666666667,-1.0,-11.0,-0.6000000000000014
87,179.7,30.0,46.0,36.3,56.0,100,0.0,1009,92,23.5,0.0,2.0,2023,5,8,22,0,128,19,-0.5000000000000004,0.8660254037844384,0.49999999999999994,-0.8660254037844387,0.0,1.0,1,3,0,22.0,23.0,29.0,21.0,28.0,24.0,24.666666666666668,3.7859388972018575,29.0,22.0,27.666666666666668,4.273952113284906,33.0,22.0,27.583333333333332,4.660439568290783,37.0,21.0,27.375,6.425577287548867,40.0,12.0,24.2,25.5,27.0,93.0,94.0,77.0,1.66,1.0,3.2,1008.0,1007.0,1006.0,2162.0,184.0,47.0,0.0,0.798876064020275,5.989800339988666,1.533282223925869,21.62,22.5,0.023290363438688365,552.25,8464,4.0,1018081,377.0,62.833333333333336,7.0,0.0,-0.6999999999999993
80,167.1,24.7,47.7,32.5,54.3,100,0.0,1009,94,23.5,0.0,1.66,2023,5,8,23,0,128,19,-0.25881904510252157,0.9659258262890681,0.49999999999999994,-0.8660254037844387,0.0,1.0,1,3,0,29.0,22.0,23.0,30.0,27.0,40.0,25.666666666666668,3.511884584286015,29.0,22.0,27.0,4.147288270663808,33.0,22.0,27.5,4.6807147861287515,37.0,21.0,26.791666666666668,5.8382484468836315,40.0,12.0,23.5,24.8,26.5,92.0,94.0,82.0,2.0,1.33,0.33,1009.0,1007.0,1007.0,2209.0,156.04,39.01,0.0,0.7999753853727578,6.764908303307558,1.9310959070482978,22.09,22.67,0.023290363438688365,552.25,8836,2.7556,1018081,352.3,58.71666666666667,-3.0,3.0,0.0
89,154.5,19.3,49.3,37.5,52.7,100,0.0,1009,96,23.5,0.0,1.33,2023,5,9,0,1,129,19,0.0,1.0,0.49999999999999994,-0.8660254037844387,0.7818314824680298,0.6234898018587336,1,3,0,26.0,29.0,22.0,33.0,37.0,40.0,28.333333333333332,2.081665999468952,30.0,26.0,26.5,3.3911649915604833,30.0,22.0,26.916666666666668,3.7284735685677823,33.0,21.0,26.375,5.173616177088219,37.0,12.0,23.5,24.2,26.0,94.0,93.0,88.0,1.66,1.66,0.66,1009.0,1008.0,1007.0,2256.0,127.68,31.255000000000003,0.0,0.7999786672355405,8.004766592404538,2.554271799388632,22.56,22.835,0.023290363438688365,552.25,9216,1.7689000000000001,1018081,343.3,57.21666666666667,4.0,8.0,0.0
85,141.8,14.0,51.0,35.0,51.0,100,0.0,1010,97,23.5,0.0,1.0,2023,5,9,1,1,129,19,0.25881904510252074,0.9659258262890683,0.49999999999999994,-0.8660254037844387,0.7818314824680298,0.6234898018587336,1,3,0,30.0,26.0,29.0,29.0,29.0,29.0,28.0,2.0000000000029554,30.0,26.0,26.333333333333332,3.2659863237086615,30.0,22.0,26.833333333333332,3.688639397671454,33.0,21.0,26.333333333333332,5.155551390969773,37.0,12.0,23.5,23.5,25.5,96.0,92.0,94.0,1.33,2.0,1.0,1009.0,1009.0,1007.0,2279.5,97.0,23.5,0.0,0.7999771435101855,10.127848010856368,3.6425969573601886,22.795,23.0,0.023267303695738914,552.25,9409,1.0,1020100,320.8,53.46666666666667,-2.0,-1.0,0.0
207,141.8,12.3,49.7,122.5,48.3,100,0.0,1010,97,23.2,0.0,0.66,2023,5,9,2,1,129,19,0.49999999999999994,0.8660254037844387,0.49999999999999994,-0.8660254037844387,0.7818314824680298,0.6234898018587336,1,3,0,28.0,30.0,26.0,23.0,27.0,34.0,52.0,39.84971769034262,98.0,28.0,38.833333333333336,29.123301094942118,98.0,22.0,32.75,20.876803133882888,98.0,21.0,29.0,15.489126620899713,98.0,12.0,23.5,23.5,24.8,97.0,94.0,94.0,1.0,1.66,1.33,1010.0,1009.0,1007.0,2250.4,64.02,15.312,0.0,0.7999934694410658,11.52751808796033,4.040321925046745,22.504,22.87,0.02297027428685714,538.24,9409,0.43560000000000004,1020100,472.6,78.76666666666667,70.0,72.0,-0.3000000000000007
153,141.8,10.7,48.3,68.8,45.7,100,0.0,1009,96,22.8,0.0,0.33,2023,5,9,3,1,129,19,0.7071067811865476,0.7071067811865476,0.49999999999999994,-0.8660254037844387,0.7818314824680298,0.6234898018587336,1,3,0,98.0,28.0,30.0,22.0,24.0,26.0,60.333333333333336,35.303446479534216,98.0,28.0,44.333333333333336,28.415957957926718,98.0,26.0,35.333333333333336,21.60106619141874,98.0,21.0,30.208333333333332,16.352048579723174,98.0,12.0,23.2,23.5,24.2,97.0,96.0,93.0,0.66,1.33,1.66,1010.0,1009.0,1008.0,2188.8,31.68,7.524000000000001,0.0,0.7994069853635848,13.251098028221664,4.513596860106532,21.888,22.635,0.022596607932004034,519.84,9216,0.10890000000000001,1018081,370.3,61.71666666666667,-43.0,25.0,-0.3999999999999986
78,141.8,9.0,47.0,31.3,43.0,100,0.0,1009,96,22.5,0.0,1.6,2023,5,9,4,1,129,19,0.8660254037844386,0.5000000000000001,0.49999999999999994,-0.8660254037844387,0.7818314824680298,0.6234898018587336,1,3,0,55.0,98.0,28.0,29.0,21.0,12.0,59.333333333333336,36.69241520169171,98.0,25.0,43.666666666666664,28.890598240027128,98.0,25.0,35.666666666666664,21.3896038185644,98.0,22.0,30.75,15.932602614982905,98.0,21.0,22.8,23.5,23.5,96.0,97.0,92.0,0.33,1.0,2.0,1009.0,1010.0,1009.0,2160.0,153.60000000000002,36.0,0.0,0.7986965272674994,15.753805132763029,5.221642039773359,21.6,21.7,0.02229928414342503,506.25,9216,2.5600000000000005,1018081,297.1,49.51666666666667,-30.0,-3.0,-0.3000000000000007
82,156.2,14.7,41.3,33.8,45.7,100,0.5,1010,96,22.3,0.0,0.66,2023,5,9,5,1,129,19,0.9659258262890683,0.25881904510252074,0.49999999999999994,-0.8660254037844387,0.7818314824680298,0.6234898018587336,1,3,0,25.0,55.0,98.0,26.0,30.0,28.0,35.666666666666664,16.772994167212435,55.0,25.0,43.833333333333336,28.770934407256547,98.0,25.0,35.416666666666664,21.47920065100314,98.0,22.0,30.708333333333332,15.941412208095283,98.0,21.0,22.5,23.2,23.5,96.0,97.0,94.0,1.6,0.66,1.66,1009.0,1010.0,1009.0,2140.8,63.36,14.718000000000002,50.0,0.7987929351202628,10.625127542344059,2.8093326984558873,21.408,21.970000000000002,0.022079186060211822,497.29,9216,0.43560000000000004,1020100,318.7,53.11666666666667,2.0,-71.0,-0.1999999999999993
76,170.6,20.3,35.7,30.0,48.3,100,0.0,1010,95,22.2,0.6,1.33,2023,5,9,6,1,129,19,1.0,6.123233995736766e-17,0.49999999999999994,-0.8660254037844387,0.7818314824680298,0.6234898018587336,1,0,0,27.0,25.0,55.0,30.0,33.0,22.0,25.333333333333332,1.527525231655741,27.0,24.0,42.833333333333336,29.44429769355449,98.0,24.0,34.666666666666664,21.726955747655936,98.0,22.0,30.791666666666668,15.899081643335656,98.0,21.0,22.3,22.8,23.5,96.0,96.0,96.0,0.66,0.33,1.33,1010.0,1009.0,1009.0,2109.0,126.35000000000001,29.526,0.0,0.7999733342221925,8.403526919856164,1.75853406236146,21.09,21.535,0.02198017625725123,492.84,9025,1.7689000000000001,1020100,328.90000000000003,54.81666666666667,-3.0,-31.0,-0.10000000000000142
107,185.0,26.0,30.0,47.5,51.0,100,0.0,1011,95,22.0,0.8,2.0,2023,5,9,7,1,129,19,0.9659258262890683,-0.25881904510252063,0.49999999999999994,-0.8660254037844387,0.7818314824680298,0.6234898018587336,1,0,0,24.0,27.0,25.0,28.0,29.0,22.0,29.666666666666668,7.371114795832705,38.0,24.0,44.5,28.710625210886512,98.0,24.0,35.416666666666664,21.668822736546442,98.0,22.0,31.458333333333332,15.849781692823047,98.0,21.0,22.2,22.5,23.5,95.0,96.0,97.0,1.33,1.6,1.0,1010.0,1009.0,1010.0,2090.0,190.0,44.0,0.0,0.7999831582493001,7.115110957270874,1.1538017768547364,20.9,21.0,0.021760611512748256,484.0,9025,4.0,1022121,377.5,62.916666666666664,14.0,13.0,-0.1999999999999993
85,186.6,25.3,42.0,35.0,56.7,100,0.5,1011,91,22.6,1.3,1.33,2023,5,9,8,1,129,19,0.8660254037844387,-0.4999999999999998,0.49999999999999994,-0.8660254037844387,0.7818314824680298,0.6234898018587336,1,0,0,38.0,24.0,27.0,98.0,23.0,22.0,30.0,7.2111025509286995,38.0,24.0,32.833333333333336,11.956866925187983,55.0,24.0,35.833333333333336,21.45538005567197,98.0,22.0,31.708333333333332,15.741054510465712,98.0,21.0,22.0,22.3,23.2,95.0,96.0,97.0,2.0,0.66,0.66,1011.0,1010.0,1010.0,2056.6,121.03,30.058000000000003,50.0,0.7999771435101855,7.375202561163589,1.6600134382040235,20.566,21.935000000000002,0.022354082735823212,510.76000000000005,8281,1.7689000000000001,1022121,373.59999999999997,62.26666666666666,-10.0,1.0,0.6000000000000014
104,188.1,24.7,54.0,46.3,62.3,100,0.5,1011,87,23.1,2.1,0.66,2023,5,9,9,1,129,19,0.7071067811865476,-0.7071067811865475,0.49999999999999994,-0.8660254037844387,0.7818314824680298,0.6234898018587336,1,0,0,28.0,38.0,24.0,55.0,22.0,23.0,34.333333333333336,5.507570547286945,38.0,28.0,29.833333333333332,6.112828041639416,38.0,24.0,37.083333333333336,21.008475922971037,98.0,24.0,32.291666666666664,15.663524970221658,98.0,21.0,22.6,22.2,22.8,91.0,95.0,96.0,1.33,1.33,0.33,1011.0,1010.0,1009.0,2009.7,57.42,15.246000000000002,50.0,0.799118809528952,7.61507631269989,2.1861463098659972,20.097,22.770000000000003,0.022848642088385673,533.61,7569,0.43560000000000004,1022121,412.4,68.73333333333333,9.0,13.0,0.5
100,189.7,24.0,66.0,43.8,68.0,100,0.5,1011,84,23.7,3.0,1.2,2023,5,9,10,1,129,19,0.49999999999999994,-0.8660254037844387,0.49999999999999994,-0.8660254037844387,0.7818314824680298,0.6234898018587336,1,0,0,37.0,28.0,38.0,25.0,29.0,28.0,33.333333333333336,4.725815626253618,37.0,28.0,31.5,5.890670590008167,38.0,24.0,37.583333333333336,20.869544287977924,98.0,24.0,32.583333333333336,15.645298409389461,98.0,21.0,23.1,22.0,22.5,87.0,95.0,96.0,0.66,2.0,1.6,1011.0,1011.0,1009.0,1990.8,100.8,28.439999999999998,50.0,0.7990685144174792,7.903837340110828,2.7498854214407733,19.908,23.099999999999998,0.02344211331146062,561.6899999999999,7056,1.44,1022121,426.5,71.08333333333333,-2.0,-3.0,0.5999999999999979
112,181.1,20.0,95.0,50.0,69.7,100,0.5,1010,83,24.3,3.6,0.8,2023,5,9,11,1,129,19,0.258819045102521,-0.9659258262890682,0.49999999999999994,-0.8660254037844387,0.7818314824680298,0.6234898018587336,1,0,0,35.0,37.0,28.0,27.0,26.0,27.0,37.333333333333336,2.516611478425272,40.0,35.0,33.666666666666664,6.282250127673576,40.0,24.0,38.75,20.552040376477386,98.0,24.0,33.125,15.668613045914837,98.0,21.0,23.7,22.6,22.3,84.0,91.0,96.0,1.2,1.33,0.66,1011.0,1011.0,1010.0,2016.9,66.4,19.44,50.0,0.7999840003199936,9.054547272636368,4.749762511874406,20.169,23.900000000000002,0.024059382119423645,590.49,6889,0.6400000000000001,1020100,455.8,75.96666666666667,5.0,12.0,0.6000000000000014
137,172.6,16.0,124.0,61.3,71.3,100,0.0,1010,82,24.9,3.8,1.2,2023,5,9,12,1,129,19,1.2246467991473532e-16,-1.0,0.49999999999999994,-0.8660254037844387,0.7818314824680298,0.6234898018587336,1,1,0,40.0,35.0,37.0,24.0,30.0,37.0,41.333333333333336,7.094598884598113,49.0,35.0,37.833333333333336,6.853223086012614,49.0,28.0,40.333333333333336,20.54853825074711,98.0,24.0,33.625,15.985897317432084,98.0,21.0,24.3,23.1,22.2,83.0,87.0,95.0,0.8,0.66,1.33,1010.0,1011.0,1010.0,2041.8,98.39999999999999,29.879999999999995,0.0,0.7993344317384709,10.786825823386037,7.749515655271545,20.418,24.299999999999997,0.02465344093718719,620.0099999999999,6724,1.44,1020100,494.20000000000005,82.36666666666667,9.0,12.0,0.5999999999999979
118,164.0,12.0,153.0,52.5,73.0,100,0.0,1009,81,25.5,3.5,1.6,2023,5,9,13,1,129,19,-0.2588190451025208,-0.9659258262890683,0.49999999999999994,-0.8660254037844387,0.7818314824680298,0.6234898018587336,1,1,0,49.0,40.0,35.0,38.0,28.0,29.0,43.666666666666664,4.7258156262533335,49.0,40.0,38.5,7.063993204979027,49.0,28.0,41.5,20.178746695020752,98.0,24.0,34.166666666666664,16.04251597601149,98.0,21.0,24.9,23.7,22.0,82.0,84.0,95.0,1.2,1.2,2.0,1010.0,1011.0,1011.0,2065.5,129.6,40.800000000000004,0.0,0.7999847621950058,13.665527872677277,12.74893758853429,20.655,24.7,0.025272522029215035,650.25,6561,2.5600000000000005,1018081,496.5,82.75,-7.0,7.0,0.6000000000000014
145,169.8,14.7,158.7,65.0,81.3,100,0.0,1008,83,25.5,2.7,1.6,2023,5,9,14,1,129,19,-0.4999999999999997,-0.8660254037844388,0.49999999999999994,-0.8660254037844387,0.7818314824680298,0.6234898018587336,1,1,0,42.0,49.0,40.0,28.0,98.0,27.0,47.666666666666664,5.131601439447453,52.0,42.0,42.5,6.715653356151688,52.0,35.0,37.666666666666664,10.534215536511963,55.0,24.0,35.208333333333336,16.365337618342103,98.0,21.0,25.5,24.3,22.6,81.0,83.0,91.0,1.6,0.8,1.33,1009.0,1010.0,1011.0,2116.5,132.8,40.800000000000004,0.0,0.7999876924970385,11.55023467791307,10.795184001088362,21.165,24.7,0.02529759395079965,650.25,6889,2.5600000000000005,1016064,541.5,90.25,10.0,12.0,0.0
132,175.7,17.3,164.3,66.2,89.7,100,0.0,1008,85,25.6,1.9,1.6,2023,5,9,15,1,129,19,-0.7071067811865471,-0.7071067811865479,0.49999999999999994,-0.8660254037844387,0.7818314824680298,0.6234898018587336,1,1,0,52.0,42.0,49.0,37.0,55.0,24.0,47.10999999999999,5.003628683266373,52.0,42.0,44.221666666666664,6.337098442241432,52.0,35.0,37.027499999999996,9.576010865224735,52.0,24.0,36.180416666666666,16.363516811111868,98.0,21.0,25.5,24.9,23.1,83.0,82.0,87.0,1.6,1.2,0.66,1008.0,1010.0,1011.0,2176.0,136.0,40.96000000000001,0.0,0.714943883022915,10.15548234206115,9.496560892433964,21.76,24.8,0.025396800201587105,655.3600000000001,7225,2.5600000000000005,1016064,560.53,93.42166666666667,-4.670000000000002,-1.6700000000000017,0.10000000000000142
139,181.5,20.0,170.0,73.0,98.0,100,0.0,1007,88,25.6,1.3,2.0,2023,5,9,16,1,129,19,-0.8660254037844385,-0.5000000000000004,0.49999999999999994,-0.8660254037844387,0.7818314824680298,0.6234898018587336,1,1,0,47.33,52.0,42.0,35.0,25.0,21.0,49.776666666666664,2.3429966567066716,52.0,47.33,46.721666666666664,4.725337730433643,52.0,40.0,39.11083333333333,9.439960957481807,52.0,24.0,37.388749999999995,16.26423371602763,98.0,22.0,25.6,25.5,23.7,85.0,81.0,84.0,1.6,1.6,1.2,1008.0,1009.0,1011.0,2252.8,176.0,51.2,0.0,0.6849221243544609,9.074546272686366,8.499575021248937,22.528000000000002,24.6,0.025422020434935022,655.3600000000001,7744,4.0,1014049,592.5,98.75,2.6700000000000017,8.0,0.0
130,185.8,29.3,137.7,64.9,94.7,95,0.0,1007,88,25.6,0.8,0.33,2023,5,9,17,1,129,19,-0.9659258262890683,-0.25881904510252063,0.49999999999999994,-0.8660254037844387,0.7818314824680298,0.6234898018587336,1,1,0,50.0,47.33,52.0,40.0,27.0,30.0,47.88666666666666,1.8972699684913328,50.0,46.33,47.776666666666664,3.4623267706356358,52.0,42.0,40.721666666666664,8.813977363806298,52.0,24.0,38.06916666666667,16.28325758367277,98.0,22.0,25.6,25.5,24.3,88.0,83.0,83.0,2.0,1.6,0.8,1007.0,1008.0,1010.0,2252.8,29.040000000000003,8.448,0.0,0.7138564891141892,6.3410805091976385,4.699498310637861,22.528000000000002,25.435000000000002,0.025422020434935022,655.3600000000001,7744,0.10890000000000001,1014049,558.73,93.12166666666667,-3.6700000000000017,-5.670000000000002,0.0
118,190.1,38.7,105.3,52.5,91.3,91,0.0,1007,89,25.6,0.7,0.66,2023,5,9,18,1,129,19,-1.0,-1.8369701987210297e-16,0.49999999999999994,-0.8660254037844387,0.7818314824680298,0.6234898018587336,1,2,0,46.33,50.0,47.33,49.0,24.0,33.0,46.10999999999999,4.0045349293028005,50.0,42.0,46.60999999999999,4.0901149128102805,52.0,42.0,42.221666666666664,7.068291336966467,52.0,28.0,38.44416666666667,16.26506389852783,98.0,22.0,25.6,25.6,24.9,88.0,85.0,82.0,0.33,1.6,1.2,1007.0,1008.0,1010.0,2278.4,58.74,16.896,0.0,0.7999847621950058,4.9120177773184155,2.7208599261001005,22.784000000000002,25.270000000000003,0.025422020434935022,655.3600000000001,7921,0.43560000000000004,1014049,519.9,86.64999999999999,-4.329999999999998,-5.329999999999998,0.0
110,194.3,48.0,73.0,48.8,88.0,87,0.0,1007,89,25.6,0.0,1.0,2023,5,9,19,1,129,19,-0.9659258262890684,0.2588190451025203,0.49999999999999994,-0.8660254037844387,0.7818314824680298,0.6234898018587336,1,2,0,42.0,46.33,50.0,42.0,38.0,29.0,42.443333333333335,3.6850554043786627,46.33,39.0,46.10999999999999,4.874529720905684,52.0,39.0,42.305,7.019722216725729,52.0,28.0,38.86083333333334,16.140218444905894,98.0,22.0,25.6,25.6,25.5,89.0,88.0,81.0,0.66,2.0,1.6,1007.0,1007.0,1009.0,2278.4,89.0,25.6,0.0,0.7991639515583698,4.047832336826317,1.5208016499656258,22.784000000000002,25.1,0.025422020434935022,655.3600000000001,7921,1.0,1014049,491.1,81.85000000000001,-3.0,-11.0,0.0
87,188.3,44.0,70.3,36.3,80.7,91,0.0,1008,91,25.3,0.0,1.0,2023,5,9,20,1,129,19,-0.8660254037844386,0.5000000000000001,0.49999999999999994,-0.8660254037844387,0.7818314824680298,0.6234898018587336,1,2,0,39.0,42.0,46.33,52.0,28.0,23.0,36.666666666666664,6.806859285554668,42.0,29.0,42.276666666666664,7.59866479499247,50.0,29.0,42.38833333333333,6.838049739685798,52.0,29.0,39.11083333333334,15.928949559150977,98.0,22.0,25.6,25.6,25.5,89.0,88.0,83.0,1.0,0.33,1.6,1007.0,1007.0,1008.0,2302.3,91.0,25.3,0.0,0.798876064020275,4.27944819435922,1.5976909615690553,23.023000000000003,24.8,0.025099181449224753,640.09,8281,1.0,1016064,448.6,74.76666666666667,-10.0,-17.33,-0.3000000000000007
91,182.3,40.0,67.7,38.8,73.3,95,0.0,1009,93,25.0,0.0,1.0,2023,5,9,21,1,129,19,-0.7071067811865477,0.7071067811865474,0.49999999999999994,-0.8660254037844387,0.7818314824680298,0.6234898018587336,1,2,0,29.0,39.0,42.0,47.33,37.0,22.0,33.0,5.29150262213007,39.0,29.0,39.555,8.31722008846647,50.0,29.0,41.88833333333333,7.459028493081311,52.0,29.0,39.48583333333334,15.611385175616366,98.0,24.0,25.3,25.6,25.6,91.0,89.0,85.0,1.0,0.66,1.6,1008.0,1007.0,1008.0,2325.0,93.0,25.0,0.0,0.7989484807092602,4.557386065348367,1.6924576885577862,23.25,24.5,0.02477698238158337,625.0,8649,1.0,1018081,433.1,72.18333333333334,2.0,-11.0,-0.3000000000000007
98,176.2,36.0,65.0,42.5,66.0,100,0.0,1009,95,24.7,0.0,1.0,2023,5,9,22,1,129,19,-0.5000000000000004,0.8660254037844384,0.49999999999999994,-0.8660254037844387,0.7818314824680298,0.6234898018587336,1,3,0,31.0,29.0,39.0,50.0,35.0,29.0,31.333333333333332,2.5166114784255362,34.0,29.0,36.88833333333333,6.707817578516564,46.33,29.0,41.805,7.5480370717396745,52.0,29.0,39.69416666666667,15.498321063815482,98.0,24.0,25.0,25.6,25.6,93.0,89.0,88.0,1.0,1.0,2.0,1009.0,1007.0,1007.0,2346.5,95.0,24.7,0.0,0.7999811769134845,4.8943084914307935,1.8055054026277049,23.465,24.2,0.02447965859300437,610.0899999999999,9025,1.0,1018081,419.7,69.95,3.0,-5.0,-0.3000000000000007
93,173.5,33.7,62.0,40.0,65.7,100,0.0,1009,96,24.8,0.0,0.66,2023,5,9,23,1,129,19,-0.25881904510252157,0.9659258262890681,0.49999999999999994,-0.8660254037844387,0.7818314824680298,0.6234898018587336,1,3,0,34.0,31.0,29.0,46.33,40.0,26.0,32.333333333333336,1.5275252316550811,34.0,31.0,34.5,5.009990019948962,42.0,29.0,41.13833333333333,8.058017840334205,52.0,29.0,39.94416666666667,15.315128898850672,98.0,24.0,24.7,25.3,25.6,95.0,91.0,88.0,1.0,1.0,0.33,1009.0,1008.0,1007.0,2380.8,63.36,16.368000000000002,0.0,0.7999800004999875,5.148215186492982,1.8397080205335152,23.808000000000003,24.470000000000002,0.0245787665225307,615.0400000000001,9216,0.43560000000000004,1018081,406.9,67.81666666666666,-2.0,3.0,0.10000000000000142
85,170.8,31.3,59.0,35.0,65.3,100,0.0,1009,96,24.9,0.0,0.33,2023,5,10,0,2,130,19,0.0,1.0,0.49999999999999994,-0.8660254037844387,0.9749279121818236,-0.22252093395631434,1,3,0,32.0,34.0,31.0,42.0,49.0,30.0,31.333333333333332,3.0550504633055016,34.0,28.0,32.166666666666664,3.970726214013495,39.0,28.0,39.38833333333333,8.46548160401236,52.0,28.0,39.86083333333334,15.376906715751797,98.0,24.0,24.8,25.0,25.6,96.0,93.0,89.0,0.66,1.0,0.66,1009.0,1009.0,1007.0,2390.3999999999996,31.68,8.217,0.0,0.7999771435101855,5.4566946742915565,1.8849238043512986,23.903999999999996,24.735,0.024677874452057033,620.0099999999999,9216,0.10890000000000001,1018081,389.40000000000003,64.9,-4.0,-3.0,0.09999999999999787
76,168.1,29.0,56.0,30.0,65.0,100,0.0,1008,96,25.0,0.0,1.6,2023,5,10,1,2,130,19,0.25881904510252074,0.9659258262890683,0.49999999999999994,-0.8660254037844387,0.9749279121818236,-0.22252093395631434,1,3,0,28.0,32.0,34.0,39.0,42.0,28.0,28.0,4.000000000001334,32.0,24.0,29.666666666666668,3.502380143081694,34.0,24.0,37.88833333333333,9.493003005403454,52.0,24.0,39.69416666666667,15.531948817130973,98.0,24.0,24.9,24.7,25.6,96.0,95.0,89.0,0.33,1.0,1.0,1009.0,1009.0,1007.0,2400.0,153.60000000000002,40.0,0.0,0.7999733342221925,5.796351849936209,1.9309678976587012,24.0,24.2,0.024801562696862404,625.0,9216,2.5600000000000005,1016064,372.1,62.01666666666667,-4.0,-10.0,0.10000000000000142
76,161.1,24.3,60.0,30.0,63.7,100,0.0,1008,96,25.0,0.0,1.6,2023,5,10,2,2,130,19,0.49999999999999994,0.8660254037844387,0.49999999999999994,-0.8660254037844387,0.9749279121818236,-0.22252093395631434,1,3,0,24.0,28.0,32.0,29.0,52.0,98.0,25.333333333333332,2.309401076760962,28.0,24.0,28.833333333333332,4.215052391922622,34.0,24.0,35.555,9.143808138446492,50.0,24.0,36.61083333333334,9.706839774396283,55.0,24.0,25.0,24.8,25.3,96.0,96.0,91.0,1.6,0.66,1.0,1008.0,1009.0,1008.0,2400.0,153.60000000000002,40.0,0.0,0.7999733342221925,6.629356816591909,2.469034196123616,24.0,24.2,0.024801562696862404,625.0,9216,2.5600000000000005,1016064,363.09999999999997,60.51666666666666,0.0,-8.0,0.0
87,154.1,19.7,64.0,36.3,62.3,100,0.0,1008,95,25.0,0.0,1.2,2023,5,10,3,2,130,19,0.7071067811865476,0.7071067811865476,0.49999999999999994,-0.8660254037844387,0.9749279121818236,-0.22252093395631434,1,3,0,24.0,24.0,28.0,31.0,47.33,55.0,25.666666666666668,2.88675134595008,29.0,24.0,28.5,4.086563348338775,34.0,24.0,34.0275,8.506787797774006,50.0,24.0,35.5275,8.989655044888615,52.0,24.0,25.0,24.9,25.0,96.0,96.0,93.0,1.6,0.33,1.0,1008.0,1009.0,1009.0,2375.0,114.0,30.0,0.0,0.798876064020275,7.821937972691741,3.248566062636414,23.75,24.4,0.024801562696862404,625.0,9025,1.44,1016064,365.4,60.9,5.0,1.0,0.0
85,147.1,15.0,68.0,35.0,61.0,100,0.0,1008,95,25.0,0.0,1.6,2023,5,10,4,2,130,19,0.8660254037844386,0.5000000000000001,0.49999999999999994,-0.8660254037844387,0.9749279121818236,-0.22252093395631434,1,3,0,29.0,24.0,24.0,34.0,50.0,25.0,27.0,2.645751311066655,29.0,24.0,27.5,3.082207001482124,32.0,24.0,32.19416666666667,6.986327502321236,46.33,24.0,35.6525,8.856782343394539,52.0,24.0,25.0,25.0,24.7,95.0,96.0,95.0,1.2,1.6,1.0,1008.0,1008.0,1009.0,2375.0,152.0,40.0,0.0,0.7999771435101855,9.806012932471168,4.533031131257916,23.75,24.2,0.024801562696862404,625.0,9025,2.5600000000000005,1016064,354.1,59.01666666666667,-1.0,4.0,0.0
82,155.6,19.0,63.0,33.8,57.3,100,0.0,1008,95,25.2,0.0,0.33,2023,5,10,5,2,130,19,0.9659258262890683,0.25881904510252074,0.49999999999999994,-0.8660254037844387,0.9749279121818236,-0.22252093395631434,1,3,0,28.0,29.0,24.0,32.0,46.33,27.0,28.0,1.000000000005334,29.0,27.0,26.666666666666668,2.1602468994658377,29.0,24.0,30.583333333333332,5.501377238032733,42.0,24.0,35.6525,8.856782343394539,52.0,24.0,25.0,25.0,24.8,95.0,96.0,96.0,1.6,1.6,0.66,1008.0,1008.0,1009.0,2394.0,31.35,8.316,0.0,0.7987929351202628,8.189042681964107,3.3156149676332825,23.94,25.035,0.024999975198437302,635.04,9025,0.10890000000000001,1016064,355.7,59.28333333333333,-1.0,3.0,0.1999999999999993
77,164.2,23.0,58.0,30.8,53.7,100,0.0,1008,94,25.4,0.6,0.66,2023,5,10,6,2,130,19,1.0,6.123233995736766e-17,0.49999999999999994,-0.8660254037844387,0.9749279121818236,-0.22252093395631434,1,0,0,27.0,28.0,29.0,28.0,42.0,24.0,26.55666666666667,1.7086934579802102,28.0,24.67,26.111666666666668,2.1768823272403917,29.0,24.0,29.139166666666664,4.395415914404372,39.0,24.0,35.680416666666666,8.81943381756013,52.0,24.0,25.2,25.0,24.9,95.0,95.0,96.0,0.33,1.2,0.33,1008.0,1008.0,1009.0,2387.6,62.040000000000006,16.764,0.0,0.8009480211681439,7.138820051302116,2.52162949436981,23.875999999999998,25.07,0.0251983877000122,645.16,8836,0.43560000000000004,1016064,354.37,59.06166666666667,-2.3299999999999983,-4.329999999999998,0.1999999999999993
74,172.7,27.0,53.0,28.8,50.0,100,0.0,1009,94,25.6,0.8,1.0,2023,5,10,7,2,130,19,0.9659258262890683,-0.25881904510252063,0.49999999999999994,-0.8660254037844387,0.9749279121818236,-0.22252093395631434,1,0,0,24.67,27.0,28.0,24.0,39.0,38.0,24.89,2.00905450399223,27.0,23.0,25.945000000000004,2.397947038611322,29.0,23.0,27.80583333333333,3.4593285169049732,34.0,23.0,35.055416666666666,9.172342633376832,52.0,23.0,25.4,25.0,25.0,94.0,95.0,96.0,0.66,1.6,1.6,1008.0,1008.0,1008.0,2406.4,94.0,25.6,0.0,0.7985833825214401,6.396059405207214,1.9628902633235805,24.064,25.1,0.02537162995874137,655.3600000000001,8836,1.0,1018081,354.5,59.083333333333336,-1.6700000000000017,-5.0,0.20000000000000284
78,158.5,22.3,68.3,31.3,50.0,100,0.0,1009,91,26.3,1.3,1.33,2023,5,10,8,2,130,19,0.8660254037844387,-0.4999999999999998,0.49999999999999994,-0.8660254037844387,0.9749279121818236,-0.22252093395631434,1,0,0,23.0,24.67,27.0,24.0,29.0,28.0,24.223333333333333,1.0722095566375873,25.0,23.0,26.111666666666668,2.2668958217464565,29.0,23.0,27.472499999999997,3.5258761000239995,34.0,23.0,34.930416666666666,9.29233086272347,52.0,23.0,25.6,25.2,25.0,94.0,95.0,96.0,1.0,0.33,1.6,1009.0,1008.0,1008.0,2393.3,121.03,34.979000000000006,0.0,0.7986965272674994,7.107304605174655,3.062642930810277,23.933000000000003,25.635,0.026065385465425705,691.69,8281,1.7689000000000001,1018081,355.40000000000003,59.23333333333334,2.0,-2.0,0.6999999999999993
76,144.3,17.7,83.7,30.0,50.0,100,0.0,1009,87,26.9,2.9,1.66,2023,5,10,9,2,130,19,0.7071067811865476,-0.7071067811865475,0.49999999999999994,-0.8660254037844387,0.9749279121818236,-0.22252093395631434,1,0,0,25.0,23.0,24.67,29.0,31.0,37.0,24.0,1.000000000005847,25.0,23.0,25.278333333333336,1.8785144840142194,28.0,23.0,26.889166666666664,3.467793268277152,34.0,23.0,34.388749999999995,9.541988814889818,52.0,23.0,26.3,25.4,25.0,91.0,94.0,95.0,1.33,0.66,1.2,1009.0,1008.0,1008.0,2340.2999999999997,144.42,44.653999999999996,0.0,0.7999733342221925,8.15208180328795,4.728546409807356,23.403,26.07,0.026660033042583704,723.6099999999999,7569,2.7556,1018081,349.7,58.28333333333333,-1.0,-0.6700000000000017,0.5999999999999979
85,130.1,13.0,99.0,35.0,50.0,100,0.0,1010,84,27.6,4.3,2.0,2023,5,10,10,2,130,19,0.49999999999999994,-0.8660254037844387,0.49999999999999994,-0.8660254037844387,0.9749279121818236,-0.22252093395631434,1,0,0,24.0,25.0,23.0,28.0,34.0,35.0,25.666666666666668,2.081665999468839,28.0,24.0,25.278333333333336,1.8785144840142194,28.0,23.0,26.389166666666664,2.6959817180826002,32.0,23.0,34.09708333333333,9.62907846020364,52.0,23.0,26.9,25.6,25.0,87.0,94.0,95.0,1.66,1.0,1.6,1009.0,1009.0,1008.0,2318.4,168.0,55.2,0.0,0.7999771435101855,10.00692254441966,7.614798861626029,23.184,26.6,0.027326705617123154,761.7600000000001,7056,4.0,1020100,355.1,59.18333333333334,4.0,5.0,0.7000000000000028
98,129.4,12.3,108.7,42.5,50.0,91,0.0,1009,81,28.4,7.4,2.0,2023,5,10,11,2,130,19,0.258819045102521,-0.9659258262890682,0.49999999999999994,-0.8660254037844387,0.9749279121818236,-0.22252093395631434,1,0,0,28.0,24.0,25.0,27.0,32.0,40.0,28.666666666666668,5.033222956848209,34.0,24.0,26.445000000000004,4.064006643693513,34.0,23.0,26.55583333333333,3.1051495596624603,34.0,23.0,33.84708333333333,9.54669415997297,52.0,23.0,27.6,26.3,25.2,84.0,91.0,95.0,2.0,1.33,0.33,1010.0,1009.0,1008.0,2300.4,162.0,56.8,0.0,0.7999811769134845,10.519469961791724,8.836679944719942,23.004,27.4,0.028146651985478704,806.56,6561,4.0,1018081,376.90000000000003,62.81666666666667,6.0,9.0,0.7999999999999972
102,128.6,11.7,118.3,45.0,50.0,83,0.0,1008,78,29.2,7.4,2.0,2023,5,10,12,2,130,19,1.2246467991473532e-16,-1.0,0.49999999999999994,-0.8660254037844387,0.9749279121818236,-0.22252093395631434,1,1,0,34.0,28.0,24.0,24.67,28.0,49.0,32.666666666666664,4.163331998933403,36.0,28.0,28.333333333333332,5.465040408510484,36.0,23.0,27.222499999999997,4.132298776929296,36.0,23.0,33.305416666666666,9.002869097835287,52.0,23.0,28.4,26.9,25.4,81.0,87.0,94.0,2.0,1.66,0.66,1009.0,1009.0,1008.0,2277.6,156.0,58.4,0.0,0.7999822226172753,10.990513631313563,10.110246987436971,22.776,28.2,0.028968225229935286,852.64,6084,4.0,1016064,389.59999999999997,64.93333333333332,2.0,12.0,0.8000000000000007
115,127.8,11.0,128.0,51.3,50.0,75,0.5,1008,75,30.0,7.0,2.0,2023,5,10,13,2,130,19,-0.2588190451025208,-0.9659258262890683,0.49999999999999994,-0.8660254037844387,0.9749279121818236,-0.22252093395631434,1,1,0,36.0,34.0,28.0,23.0,24.0,42.0,37.0,3.60555127546515,41.0,34.0,31.333333333333332,6.742897497860519,41.0,24.0,28.639166666666664,5.585586090079547,41.0,23.0,33.263749999999995,8.96310593124875,52.0,23.0,29.2,27.6,25.6,78.0,84.0,94.0,2.0,2.0,1.0,1008.0,1010.0,1009.0,2250.0,150.0,60.0,37.5,0.7992046938656168,11.617125715844015,11.63530588128352,22.5,29.0,0.029761875236234886,900.0,5625,4.0,1016064,409.1,68.18333333333334,5.0,13.0,0.8000000000000007
82,132.5,16.7,112.7,33.8,48.3,83,0.0,1007,77,29.8,5.9,2.0,2023,5,10,14,2,130,19,-0.4999999999999997,-0.8660254037844388,0.49999999999999994,-0.8660254037844387,0.9749279121818236,-0.22252093395631434,1,1,0,41.0,36.0,34.0,25.0,24.0,52.0,34.666666666666664,7.094598884598219,41.0,27.0,31.666666666666668,6.408327915037883,41.0,24.0,28.889166666666664,5.423865542602948,41.0,23.0,32.22208333333333,8.102342645222024,50.0,23.0,30.0,28.4,26.3,75.0,81.0,91.0,2.0,2.0,1.33,1008.0,1009.0,1009.0,2294.6,154.0,59.6,0.0,0.7987929351202628,7.933656667265433,6.748098916232561,22.945999999999998,28.8,0.029592820662541548,888.0400000000001,5929,4.0,1014049,371.0,61.833333333333336,-14.0,-7.0,-0.1999999999999993
72,137.1,22.3,97.3,27.5,46.7,91,4.5,1006,78,29.7,2.9,2.0,2023,5,10,15,2,130,19,-0.7071067811865471,-0.7071067811865479,0.49999999999999994,-0.8660254037844387,0.9749279121818236,-0.22252093395631434,1,1,0,27.0,41.0,36.0,24.0,29.0,47.33,30.0,9.848857801796619,41.0,22.0,31.333333333333332,6.918574034196182,41.0,22.0,28.30583333333333,5.775862719240157,41.0,22.0,31.166666666666668,7.687966693740385,50.0,22.0,29.8,29.2,26.9,77.0,78.0,87.0,2.0,2.0,1.66,1007.0,1008.0,1009.0,2316.6,156.0,59.4,409.5,0.7999709101487218,6.1477063808797805,4.363033047845388,23.166,28.7,0.02952283347630867,882.0899999999999,6084,4.0,1012036,352.9,58.81666666666666,-5.0,-14.0,-0.10000000000000142
78,141.8,28.0,82.0,31.3,45.0,100,1.0,1006,79,29.5,2.0,2.0,2023,5,10,16,2,130,19,-0.8660254037844385,-0.5000000000000004,0.49999999999999994,-0.8660254037844387,0.9749279121818236,-0.22252093395631434,1,1,0,22.0,27.0,41.0,28.0,28.0,50.0,24.666666666666668,2.51661147842587,27.0,22.0,30.833333333333332,7.305249254245433,41.0,22.0,28.05583333333333,5.854691139020614,41.0,22.0,30.125,6.648644189999995,46.33,22.0,29.7,30.0,27.6,78.0,75.0,84.0,2.0,2.0,2.0,1006.0,1008.0,1010.0,2330.5,158.0,59.0,100.0,0.7986965272674994,5.064104853398093,2.928466840469983,23.305,28.5,0.02932402651687225,870.25,6241,4.0,1012036,353.1,58.85,3.0,-16.0,-0.1999999999999993
67,167.5,41.3,60.7,25.0,47.0,100,0.0,1006,80,29.0,1.2,2.0,2023,5,10,17,2,130,19,-0.9659258262890683,-0.25881904510252063,0.49999999999999994,-0.8660254037844387,0.9749279121818236,-0.22252093395631434,1,1,0,25.0,22.0,27.0,34.0,27.0,46.33,22.333333333333332,2.5166114784259888,25.0,20.0,28.5,8.264381404556897,41.0,20.0,27.472499999999997,6.301153033012904,41.0,20.0,29.027916666666666,5.999022369024895,42.0,20.0,29.5,29.8,28.4,79.0,77.0,81.0,2.0,2.0,2.0,1006.0,1007.0,1009.0,2320.0,160.0,58.0,0.0,0.7999680012799487,4.0555918742887584,1.4696980702646427,23.2,28.0,0.028827009118281195,841.0,6400,4.0,1012036,361.5,60.25,-5.0,-7.0,-0.5
69,193.2,54.7,39.3,26.3,49.0,100,0.0,1007,82,28.5,0.7,2.0,2023,5,10,18,2,130,19,-1.0,-1.8369701987210297e-16,0.49999999999999994,-0.8660254037844387,0.9749279121818236,-0.22252093395631434,1,2,0,20.0,25.0,22.0,36.0,24.67,42.0,22.0,2.6457513110668947,25.0,20.0,26.0,7.797435475846196,41.0,20.0,27.166666666666668,6.534291828267458,41.0,20.0,28.152916666666666,5.538512183804226,41.0,20.0,29.0,29.7,29.2,80.0,78.0,78.0,2.0,2.0,2.0,1006.0,1006.0,1008.0,2337.0,164.0,57.0,0.0,0.79844872818524,3.5319281183159354,0.7184512166139558,23.37,27.5,0.028301858687330005,812.25,6724,4.0,1014049,383.5,63.916666666666664,1.0,-1.0,-0.5
74,218.9,68.0,18.0,28.8,51.0,100,0.0,1008,84,28.0,0.0,2.0,2023,5,10,19,2,130,19,-0.9659258262890684,0.2588190451025203,0.49999999999999994,-0.8660254037844387,0.9749279121818236,-0.22252093395631434,1,2,0,21.0,20.0,25.0,41.0,23.0,39.0,21.333333333333332,1.527525231655994,23.0,20.0,23.0,2.6076809620779096,27.0,20.0,27.166666666666668,6.534291828267458,41.0,20.0,27.48625,5.123493893225193,41.0,20.0,28.5,29.5,30.0,82.0,79.0,75.0,2.0,2.0,2.0,1007.0,1006.0,1008.0,2352.0,168.0,56.0,0.0,0.7985833825214401,3.219070307789591,0.2647019896766224,23.52,27.0,0.027777750220485894,784.0,7056,4.0,1016064,407.7,67.95,2.0,-2.0,-0.5
69,241.8,67.0,15.0,26.3,53.3,100,0.0,1008,86,27.8,0.0,2.0,2023,5,10,20,2,130,19,-0.8660254037844386,0.5000000000000001,0.49999999999999994,-0.8660254037844387,0.9749279121818236,-0.22252093395631434,1,2,0,23.0,21.0,20.0,27.0,25.0,29.0,21.666666666666668,1.1547005383845697,23.0,21.0,22.0,1.7888543819951261,25.0,20.0,26.833333333333332,6.7532259406933655,41.0,20.0,27.152916666666666,5.278618461522065,41.0,20.0,28.0,29.0,29.8,84.0,80.0,77.0,2.0,2.0,2.0,1008.0,1006.0,1007.0,2390.8,172.0,55.6,0.0,0.79844872818524,3.6089013596811985,0.22387725556334978,23.908,26.8,0.027579337718910996,772.84,7396,4.0,1016064,424.40000000000003,70.73333333333333,-2.0,1.0,-0.1999999999999993
82,264.8,66.0,12.0,33.8,55.7,100,0.0,1009,89,27.7,0.0,2.0,2023,5,10,21,2,130,19,-0.7071067811865477,0.7071067811865474,0.49999999999999994,-0.8660254037844387,0.9749279121818236,-0.22252093395631434,1,2,0,21.0,23.0,21.0,22.0,24.0,31.0,23.666666666666668,3.055050463305819,27.0,21.0,22.833333333333332,2.7141603981066,27.0,20.0,27.083333333333332,6.6940724570771755,41.0,20.0,26.98625,5.214629765089677,41.0,20.0,27.8,28.5,29.7,86.0,82.0,78.0,2.0,2.0,2.0,1008.0,1007.0,1006.0,2465.2999999999997,178.0,55.4,0.0,0.7987929351202628,4.012060423326919,0.18181542703898423,24.653,26.7,0.027452896478794373,767.29,7921,4.0,1018081,459.3,76.55,6.0,6.0,-0.10000000000000142
82,287.7,65.0,9.0,33.8,58.0,100,0.5,1010,91,27.5,0.0,2.0,2023,5,10,22,2,130,19,-0.5000000000000004,0.8660254037844384,0.49999999999999994,-0.8660254037844387,0.9749279121818236,-0.22252093395631434,1,3,0,27.0,21.0,23.0,25.0,28.0,34.0,25.0,3.4641016151394033,27.0,21.0,23.166666666666668,3.125166662219843,27.0,20.0,27.0,6.687845148272044,41.0,20.0,26.69458333333333,4.996477871780385,41.0,20.0,27.7,28.0,29.5,89.0,84.0,79.0,2.0,2.0,2.0,1009.0,1008.0,1006.0,2502.5,182.0,55.0,50.0,0.7987929351202628,4.426085752526884,0.13845940831679512,25.025,26.5,0.02722769581416256,756.25,8281,4.0,1020100,480.5,80.08333333333333,0.0,4.0,-0.1999999999999993
76,248.4,56.7,15.3,30.0,56.3,100,1.0,1010,92,27.2,0.0,2.0,2023,5,10,23,2,130,19,-0.25881904510252157,0.9659258262890681,0.49999999999999994,-0.8660254037844387,0.9749279121818236,-0.22252093395631434,1,3,0,27.0,27.0,21.0,20.0,34.0,32.0,26.0,1.7320508075721013,27.0,24.0,23.833333333333332,2.714160398106676,27.0,21.0,26.166666666666668,6.350852961085349,41.0,20.0,26.36125,4.892926849256638,41.0,20.0,27.5,27.8,29.0,91.0,86.0,80.0,2.0,2.0,2.0,1010.0,1008.0,1006.0,2502.4,184.0,54.4,100.0,0.7999733342221925,4.380875116840973,0.269836510819915,25.024,26.2,0.026930666405280787,739.8399999999999,8464,4.0,1020100,430.70000000000005,71.78333333333335,-3.0,3.0,-0.3000000000000007
69,209.1,48.3,21.7,26.3,54.7,100,0.0,1009,93,26.9,0.0,2.0,2023,5,11,0,3,131,19,0.0,1.0,0.49999999999999994,-0.8660254037844387,0.43388373911755823,-0.900968867902419,1,3,0,24.0,27.0,27.0,21.0,36.0,28.0,24.0,3.0000000000019464,27.0,21.0,23.833333333333332,2.714160398106676,27.0,21.0,24.916666666666668,5.680242205676158,41.0,20.0,26.06958333333333,4.9984897537999515,41.0,20.0,27.2,27.7,28.5,92.0,89.0,82.0,2.0,2.0,2.0,1010.0,1009.0,1007.0,2501.7,186.0,53.8,0.0,0.79844872818524,4.329102917123869,0.449266060744084,25.017,25.9,0.026660033042583704,723.6099999999999,8649,4.0,1018081,381.09999999999997,63.51666666666666,-3.0,-6.0,-0.3000000000000007
69,169.8,40.0,28.0,26.3,53.0,100,0.5,1009,94,26.6,0.0,2.0,2023,5,11,1,3,131,19,0.25881904510252074,0.9659258262890683,0.49999999999999994,-0.8660254037844387,0.43388373911755823,-0.900968867902419,1,3,0,21.0,24.0,27.0,23.0,41.0,24.0,22.0,1.7320508075723966,24.0,21.0,23.5,2.949576240747777,27.0,21.0,23.25,2.667140109486118,27.0,20.0,25.94458333333333,5.089183738399598,41.0,20.0,26.9,27.5,28.0,93.0,91.0,84.0,2.0,2.0,2.0,1009.0,1010.0,1008.0,2500.4,188.0,53.2,50.0,0.79844872818524,4.244893877653059,0.6999825004374891,25.004,25.6,0.026362709254004704,707.5600000000001,8836,4.0,1018081,338.1,56.35,0.0,-6.0,-0.29999999999999716
67,158.7,33.0,34.7,25.0,51.0,100,0.5,1009,93,26.6,0.0,1.33,2023,5,11,2,3,131,19,0.49999999999999994,0.8660254037844387,0.49999999999999994,-0.8660254037844387,0.43388373911755823,-0.900968867902419,1,3,0,21.0,21.0,24.0,21.0,27.0,24.0,20.666666666666668,0.5773502692004795,21.0,20.0,23.333333333333332,3.1411250638346737,27.0,20.0,22.666666666666668,2.5346089292503664,27.0,20.0,25.777916666666666,5.219466888624904,41.0,20.0,26.6,27.2,27.8,94.0,92.0,86.0,2.0,2.0,2.0,1009.0,1010.0,1008.0,2473.8,123.69000000000001,35.37800000000001,50.0,0.7999680012799487,4.808945183479288,1.0514832883852006,24.738000000000003,25.935000000000002,0.026362709254004704,707.5600000000001,8649,1.7689000000000001,1018081,322.4,53.73333333333333,-1.0,-4.0,0.0
69,147.7,26.0,41.3,26.3,49.0,100,0.0,1009,93,26.5,0.0,0.66,2023,5,11,3,3,131,19,0.7071067811865476,0.7071067811865476,0.49999999999999994,-0.8660254037844387,0.43388373911755823,-0.900968867902419,1,3,0,20.0,21.0,21.0,27.0,22.0,29.0,20.666666666666668,0.5773502692004795,21.0,20.0,22.333333333333332,2.658320271647109,27.0,20.0,22.583333333333332,2.5746432527208785,27.0,20.0,25.44458333333333,5.260042964915403,41.0,20.0,26.6,26.9,27.7,93.0,93.0,89.0,1.33,2.0,2.0,1009.0,1009.0,1009.0,2464.5,61.38,17.490000000000002,0.0,0.79844872818524,5.680550748048152,1.588400446136687,24.645,26.17,0.026263601324478372,702.25,8649,0.43560000000000004,1018081,311.3,51.88333333333333,1.0,0.0,-0.10000000000000142
91,136.6,19.0,48.0,38.8,47.0,100,0.0,1009,92,26.5,0.0,1.2,2023,5,11,4,3,131,19,0.8660254037844386,0.5000000000000001,0.49999999999999994,-0.8660254037844387,0.43388373911755823,-0.900968867902419,1,3,0,21.0,20.0,21.0,27.0,25.0,28.0,24.0,6.0827625302991795,31.0,20.0,23.0,4.147288270663564,31.0,20.0,23.083333333333332,3.5021638332814717,31.0,20.0,25.56958333333333,5.3581416953584435,41.0,20.0,26.5,26.6,27.5,93.0,94.0,91.0,0.66,2.0,2.0,1009.0,1009.0,1010.0,2438.0,110.39999999999999,31.799999999999997,0.0,0.7989484807092602,7.189095310773117,2.5261828324825006,24.38,25.9,0.026263601324478372,702.25,8464,1.44,1018081,320.4,53.4,10.0,10.0,0.0
76,156.6,25.3,41.3,30.0,45.7,100,0.0,1009,91,26.3,0.0,0.8,2023,5,11,5,3,131,19,0.9659258262890683,0.25881904510252074,0.49999999999999994,-0.8660254037844387,0.43388373911755823,-0.900968867902419,1,3,0,31.0,21.0,20.0,24.0,20.0,27.0,25.333333333333332,5.131601439447989,31.0,21.0,23.0,4.147288270663564,31.0,20.0,23.416666666666668,3.369875458537579,31.0,20.0,25.44458333333333,5.358314124202274,41.0,20.0,26.5,26.6,27.2,92.0,93.0,92.0,1.2,1.33,2.0,1009.0,1009.0,1010.0,2393.3,72.8,21.040000000000003,0.0,0.7999733342221925,6.189478676732144,1.6323465475672896,23.933000000000003,25.900000000000002,0.026065385465425705,691.69,8281,0.6400000000000001,1018081,322.9,53.81666666666666,-7.0,4.0,-0.1999999999999993
63,176.6,31.7,34.7,22.5,44.3,100,0.0,1010,90,26.2,0.7,1.2,2023,5,11,6,3,131,19,1.0,6.123233995736766e-17,0.49999999999999994,-0.8660254037844387,0.43388373911755823,-0.900968867902419,1,0,0,24.0,31.0,21.0,21.0,21.0,24.67,24.333333333333332,6.5064070986486024,31.0,18.0,22.5,4.5934736311405295,31.0,18.0,23.166666666666668,3.663910810081992,31.0,18.0,25.166666666666668,5.569065698447589,41.0,18.0,26.3,26.5,26.9,91.0,93.0,93.0,0.8,0.66,2.0,1009.0,1009.0,1009.0,2358.0,108.0,31.439999999999998,0.0,0.7999644460246211,5.570802182896438,1.0946026939213276,23.58,25.599999999999998,0.025940568375674874,686.4399999999999,8100,1.44,1020100,327.8,54.63333333333333,-6.0,-3.0,-0.10000000000000142
67,196.7,38.0,28.0,25.0,43.0,100,0.5,1010,89,26.0,0.8,1.6,2023,5,11,7,3,131,19,0.9659258262890683,-0.25881904510252063,0.49999999999999994,-0.8660254037844387,0.43388373911755823,-0.900968867902419,1,0,0,18.0,24.0,31.0,21.0,23.0,23.0,20.666666666666668,3.0550504633059425,24.0,18.0,22.333333333333332,4.676180777798263,31.0,18.0,22.916666666666668,3.7769235516680473,31.0,18.0,25.041666666666668,5.652849736631061,41.0,18.0,26.2,26.5,26.6,90.0,92.0,94.0,1.2,1.2,2.0,1010.0,1009.0,1009.0,2314.0,142.4,41.6,50.0,0.7999680012799487,5.176179574221731,0.7368227151917055,23.14,25.2,0.025742548769753695,676.0,7921,2.5600000000000005,1020100,350.7,58.449999999999996,2.0,-11.0,-0.1999999999999993
74,182.1,34.0,36.3,28.8,44.7,83,0.0,1011,84,27.2,1.3,0.33,2023,5,11,8,3,131,19,0.8660254037844387,-0.4999999999999998,0.49999999999999994,-0.8660254037844387,0.43388373911755823,-0.900968867902419,1,0,0,20.0,18.0,24.0,20.0,21.0,25.0,20.333333333333332,2.5166114784260887,23.0,18.0,22.833333333333332,4.535048695069345,31.0,18.0,23.083333333333332,3.72847356856776,31.0,18.0,24.958333333333332,5.668211639345174,41.0,18.0,26.0,26.3,26.6,89.0,91.0,93.0,1.6,0.8,1.33,1010.0,1009.0,1009.0,2284.7999999999997,27.720000000000002,8.976,0.0,0.7985833825214401,5.3557248316226,1.0676156583629892,22.848,27.035,0.026904028779397845,739.8399999999999,7056,0.10890000000000001,1022121,348.9,58.15,3.0,-1.0,1.1999999999999993
76,167.5,30.0,44.7,30.0,46.3,66,0.5,1011,80,28.5,2.3,0.66,2023,5,11,9,3,131,19,0.7071067811865476,-0.7071067811865475,0.49999999999999994,-0.8660254037844387,0.43388373911755823,-0.900968867902419,1,0,0,23.0,20.0,18.0,21.0,27.0,24.0,22.333333333333332,2.0816659994690396,24.0,20.0,23.333333333333332,4.457203906783981,31.0,18.0,22.833333333333332,3.537676004829269,31.0,18.0,24.958333333333332,5.668211639345174,41.0,18.0,27.2,26.2,26.5,84.0,90.0,93.0,0.33,1.2,0.66,1011.0,1010.0,1009.0,2280.0,52.800000000000004,18.810000000000002,33.0,0.7999733342221925,5.583147228425719,1.4899503349888337,22.8,28.17,0.028189883096060242,812.25,6400,0.43560000000000004,1022121,342.5,57.083333333333336,1.0,6.0,1.3000000000000007
80,152.9,26.0,53.0,32.5,48.0,50,0.0,1012,75,29.7,3.0,1.0,2023,5,11,10,3,131,19,0.49999999999999994,-0.8660254037844387,0.49999999999999994,-0.8660254037844387,0.43388373911755823,-0.900968867902419,1,0,0,24.0,23.0,20.0,31.0,27.0,28.0,24.333333333333332,1.527525231655742,26.0,23.0,22.5,2.9495762407477057,26.0,18.0,22.75,3.4410622038699556,31.0,18.0,24.875,5.636160426019505,41.0,18.0,28.5,26.0,26.5,80.0,89.0,92.0,0.66,1.6,1.2,1011.0,1010.0,1009.0,2227.5,75.0,29.7,0.0,0.7999753853727578,5.880543056036307,2.038383139110034,22.275,29.2,0.02934779708715703,882.0899999999999,5625,1.0,1024144,338.4,56.4,2.0,6.0,1.1999999999999993
87,138.7,22.0,57.3,36.3,39.3,54,3.0,1011,68,30.5,4.8,1.0,2023,5,11,11,3,131,19,0.258819045102521,-0.9659258262890682,0.49999999999999994,-0.8660254037844387,0.43388373911755823,-0.900968867902419,1,0,0,26.0,24.0,23.0,24.0,24.0,34.0,26.333333333333332,2.516611478425786,29.0,24.0,23.333333333333332,3.983298465675198,29.0,18.0,23.166666666666668,3.880799667671512,31.0,18.0,24.666666666666668,5.370342606402982,41.0,18.0,29.7,27.2,26.3,75.0,84.0,91.0,1.0,0.33,0.8,1012.0,1011.0,1009.0,2074.0,68.0,30.5,162.0,0.798876064020275,6.304258897322848,2.6044270714967497,20.74,30.0,0.030168120506310084,930.25,4624,1.0,1022121,322.6,53.76666666666667,3.0,6.0,0.8000000000000007
61,124.5,18.0,61.7,21.3,30.7,58,0.5,1010,61,31.4,5.9,1.0,2023,5,11,12,3,131,19,1.2246467991473532e-16,-1.0,0.49999999999999994,-0.8660254037844387,0.43388373911755823,-0.900968867902419,1,1,0,29.0,26.0,24.0,18.0,21.0,36.0,24.0,6.2449979983993344,29.0,17.0,23.166666666666668,4.262237284179555,29.0,17.0,22.833333333333332,4.239067936432517,31.0,17.0,23.875,5.015736107058891,41.0,17.0,30.5,28.5,26.2,68.0,80.0,90.0,1.0,0.66,1.2,1011.0,1011.0,1010.0,1915.3999999999999,61.0,31.4,29.0,0.7980845969672785,6.9162824287539575,3.4275873562579857,19.154,30.9,0.031089078129625615,985.9599999999999,3721,1.0,1020100,273.2,45.53333333333333,-12.0,-7.0,0.8999999999999986
85,110.3,14.0,66.0,35.0,22.0,62,2.0,1009,55,32.2,3.5,1.0,2023,5,11,13,3,131,19,-0.2588190451025208,-0.9659258262890683,0.49999999999999994,-0.8660254037844387,0.43388373911755823,-0.900968867902419,1,1,0,17.0,29.0,26.0,20.0,21.0,41.0,24.666666666666668,6.658328118480258,29.0,17.0,24.5,4.324349662086106,29.0,17.0,23.416666666666668,4.440686542606922,31.0,17.0,23.333333333333332,3.583375463183691,31.0,17.0,31.4,29.7,26.0,61.0,75.0,89.0,1.0,1.0,1.6,1010.0,1012.0,1010.0,1771.0000000000002,55.0,32.2,124.0,0.7999771435101855,7.87800871366331,4.713949003642597,17.71,31.700000000000003,0.031912753307479384,1036.8400000000001,3025,1.0,1018081,275.3,45.88333333333333,11.0,2.0,0.8000000000000043
56,120.2,17.3,63.3,18.8,22.0,62,0.5,1009,55,32.3,2.7,1.0,2023,5,11,14,3,131,19,-0.4999999999999997,-0.8660254037844388,0.49999999999999994,-0.8660254037844387,0.43388373911755823,-0.900968867902419,1,1,0,28.0,17.0,29.0,23.0,20.0,27.0,20.0,7.000000000000908,28.0,15.0,23.166666666666668,5.845225972248662,29.0,15.0,23.0,4.990900811385072,31.0,15.0,22.833333333333332,3.8748539009393763,31.0,15.0,32.2,30.5,27.2,55.0,68.0,84.0,1.0,1.0,0.33,1009.0,1011.0,1011.0,1776.4999999999998,55.0,32.3,31.0,0.7978299026647518,6.947575284665626,3.6587480492457076,17.764999999999997,31.799999999999997,0.03201186123700571,1043.2899999999997,3025,1.0,1018081,256.6,42.76666666666667,-13.0,-14.0,0.09999999999999432
61,130.1,20.7,60.7,21.3,22.0,62,0.25,1008,55,32.4,1.9,1.0,2023,5,11,15,3,131,19,-0.7071067811865471,-0.7071067811865479,0.49999999999999994,-0.8660254037844387,0.43388373911755823,-0.900968867902419,1,1,0,15.0,28.0,17.0,24.0,21.0,22.0,20.0,7.000000000000908,28.0,15.0,22.0,6.324555320335427,29.0,15.0,22.666666666666668,5.262791055795676,31.0,15.0,22.625,4.051972144631727,31.0,15.0,32.3,31.4,28.5,55.0,61.0,80.0,1.0,1.0,0.66,1009.0,1010.0,1011.0,1782.0,55.0,32.4,15.5,0.7980845969672785,6.284720544901212,2.9322254963528334,17.82,31.9,0.03214282525513368,1049.76,3025,1.0,1016064,271.8,45.300000000000004,2.0,0.0,0.10000000000000142
76,140.1,24.0,58.0,30.0,22.0,62,0.5,1007,55,32.5,1.2,1.0,2023,5,11,16,3,131,19,-0.8660254037844385,-0.5000000000000004,0.49999999999999994,-0.8660254037844387,0.43388373911755823,-0.900968867902419,1,1,0,17.0,15.0,28.0,26.0,31.0,25.0,18.666666666666668,4.725815626253989,24.0,15.0,21.666666666666668,6.121002096605562,29.0,15.0,22.083333333333332,4.601547829180493,29.0,15.0,22.583333333333332,4.031578250314343,31.0,15.0,32.4,32.2,29.7,55.0,55.0,75.0,1.0,1.0,1.0,1008.0,1009.0,1012.0,1787.5,55.0,32.5,31.0,0.7999733342221925,5.83725678096746,2.4165659764176493,17.875,32.0,0.0322740493802886,1056.25,3025,1.0,1014049,298.1,49.68333333333334,7.0,-4.0,0.10000000000000142
52,150.0,30.0,49.7,16.3,24.7,62,0.25,1008,60,30.3,1.0,1.66,2023,5,11,17,3,131,19,-0.9659258262890683,-0.25881904510252063,0.49999999999999994,-0.8660254037844387,0.43388373911755823,-0.900968867902419,1,1,0,24.0,17.0,15.0,29.0,24.0,20.0,18.0,5.567764362831209,24.0,13.0,19.0,5.7619441163535985,28.0,13.0,21.166666666666668,5.23681605789584,29.0,13.0,22.291666666666668,4.457325837673325,31.0,13.0,32.5,32.3,30.5,55.0,55.0,68.0,1.0,1.0,1.0,1007.0,1009.0,1011.0,1818.0,99.6,50.298,15.5,0.7974970860683392,4.9998333388887035,1.6566114462851238,18.18,29.470000000000002,0.030059493988597235,918.09,3600,2.7556,1016064,283.7,47.28333333333333,-11.0,-2.0,-2.1999999999999993
33,159.9,36.0,41.3,10.0,27.3,62,0.25,1009,67,28.2,1.0,2.33,2023,5,11,18,3,131,19,-1.0,-1.8369701987210297e-16,0.49999999999999994,-0.8660254037844387,0.43388373911755823,-0.900968867902419,1,2,0,13.0,24.0,17.0,17.0,18.0,21.0,15.0,8.185352771873305,24.0,8.0,17.5,7.34166193718978,28.0,8.0,20.333333333333332,6.44322524168951,29.0,8.0,21.75,5.326308779764182,31.0,8.0,30.3,32.4,31.4,60.0,55.0,61.0,1.66,1.0,1.0,1008.0,1008.0,1010.0,1889.3999999999999,156.11,65.706,15.5,0.7999200079992002,4.441543290464154,1.1471903558234493,18.894,27.035,0.02794843612642604,795.24,4489,5.4289000000000005,1018081,282.5,47.083333333333336,-5.0,-9.0,-2.1000000000000014
37,169.8,42.0,33.0,11.3,30.0,62,0.0,1010,74,26.0,0.0,3.0,2023,5,11,19,3,131,19,-0.9659258262890684,0.2588190451025203,0.49999999999999994,-0.8660254037844387,0.43388373911755823,-0.900968867902419,1,2,0,8.0,13.0,24.0,28.0,20.0,23.0,10.0,2.645751311067475,13.0,8.0,14.333333333333334,5.853773711602327,24.0,8.0,19.416666666666668,7.229464123650166,29.0,8.0,21.166666666666668,5.917304517567503,31.0,8.0,28.2,32.5,32.2,67.0,55.0,55.0,2.33,1.0,1.0,1009.0,1007.0,1009.0,1924.0,222.0,78.0,0.0,0.7963897000265463,4.042760886645556,0.7856955786766983,19.24,24.5,0.025742548769753695,676.0,5476,9.0,1020100,295.1,49.18333333333334,1.0,-15.0,-2.1999999999999993
65,163.8,35.7,39.3,23.8,28.0,70,0.0,1011,74,25.9,0.0,3.0,2023,5,11,20,3,131,19,-0.8660254037844386,0.5000000000000001,0.49999999999999994,-0.8660254037844387,0.43388373911755823,-0.900968867902419,1,2,0,9.0,8.0,13.0,15.0,23.0,21.0,12.0,6.082762530299433,19.0,8.0,15.0,6.164414002967363,24.0,8.0,19.083333333333332,7.140897999720876,29.0,8.0,21.083333333333332,5.93381369167737,31.0,8.0,26.0,30.3,32.3,74.0,60.0,55.0,3.0,1.66,1.0,1010.0,1008.0,1009.0,1916.6,222.0,77.69999999999999,0.0,0.7982857863114995,4.5881067757205685,1.1008095011344219,19.166,24.4,0.025618174462735448,670.81,5476,9.0,1022121,309.6,51.6,10.0,6.0,-0.10000000000000142
67,157.8,29.3,45.7,25.0,26.0,79,0.0,1012,73,25.7,0.0,3.0,2023,5,11,21,3,131,19,-0.7071067811865477,0.7071067811865474,0.49999999999999994,-0.8660254037844387,0.43388373911755823,-0.900968867902419,1,2,0,19.0,9.0,8.0,17.0,24.0,27.0,16.0,6.082762530299348,20.0,9.0,15.5,6.473020933071384,24.0,8.0,18.75,6.982120021883995,29.0,8.0,20.791666666666668,5.800893234566734,31.0,8.0,25.9,28.2,32.4,74.0,67.0,55.0,3.0,2.33,1.0,1011.0,1009.0,1008.0,1876.1,219.0,77.1,0.0,0.7999680012799487,5.3854817241732365,1.5596737312719702,18.761,24.2,0.025395231822893456,660.49,5329,9.0,1024144,303.8,50.63333333333333,1.0,12.0,-0.1999999999999993
61,151.7,23.0,52.0,21.3,24.0,87,0.0,1013,73,25.6,0.0,3.0,2023,5,11,22,3,131,19,-0.5000000000000004,0.8660254037844384,0.49999999999999994,-0.8660254037844387,0.43388373911755823,-0.900968867902419,1,3,0,20.0,19.0,9.0,24.0,26.0,27.0,18.666666666666668,1.5275252316562173,20.0,17.0,14.333333333333334,5.1251016250067165,20.0,8.0,18.0,6.605782590757663,29.0,8.0,20.375,5.693722706707012,31.0,8.0,25.7,26.0,32.5,73.0,74.0,55.0,3.0,3.0,1.0,1012.0,1010.0,1007.0,1868.8000000000002,219.0,76.80000000000001,0.0,0.7980845969672785,6.59536541889483,2.2607712708143124,18.688000000000002,24.1,0.025271445931445282,655.3600000000001,5329,9.0,1026169,289.0,48.166666666666664,-3.0,8.0,-0.09999999999999787
46,143.6,18.3,55.3,13.8,23.7,91,0.0,1013,72,25.5,0.0,3.0,2023,5,11,23,3,131,19,-0.25881904510252157,0.9659258262890681,0.49999999999999994,-0.8660254037844387,0.43388373911755823,-0.900968867902419,1,3,0,17.0,20.0,19.0,13.0,29.0,24.0,16.0,4.582575694957338,20.0,11.0,14.0,5.29150262212726,20.0,8.0,16.5,5.885266658050174,28.0,8.0,19.833333333333332,5.946622473352505,31.0,8.0,25.6,25.9,30.3,73.0,74.0,60.0,3.0,3.0,1.66,1013.0,1011.0,1008.0,1836.0,216.0,76.5,0.0,0.7970436924860518,7.8465657614338005,3.02169280367193,18.36,24.0,0.025172729345775573,650.25,5184,9.0,1026169,265.7,44.28333333333333,-6.0,-8.0,-0.10000000000000142
54,135.4,13.7,58.7,17.5,23.3,95,0.0,1012,72,25.3,0.0,3.0,2023,5,12,0,4,132,19,0.0,1.0,0.49999999999999994,-0.8660254037844387,-0.433883739117558,-0.9009688679024191,1,3,0,11.0,17.0,20.0,8.0,17.0,21.0,14.0,3.000000000002373,17.0,11.0,15.0,4.427188724233484,20.0,9.0,16.25,5.925676025875006,28.0,8.0,19.541666666666668,6.057544104644344,31.0,8.0,25.5,25.7,28.2,72.0,73.0,67.0,3.0,3.0,2.33,1013.0,1012.0,1009.0,1821.6000000000001,216.0,75.9,0.0,0.7999542883263813,9.882490329173054,4.284358805926575,18.216,23.8,0.024999975296467098,640.09,5184,9.0,1024144,262.6,43.76666666666667,3.0,-6.0,-0.1999999999999993
118,127.2,9.0,62.0,52.5,23.0,100,0.0,1012,72,25.2,0.0,3.0,2023,5,12,1,4,132,19,0.25881904510252074,0.9659258262890683,0.49999999999999994,-0.8660254037844387,-0.433883739117558,-0.9009688679024191,1,3,0,14.0,11.0,17.0,9.0,28.0,21.0,22.333333333333332,17.097758137643233,42.0,11.0,20.5,11.040833301883628,42.0,11.0,17.416666666666668,9.019759453890886,42.0,8.0,20.416666666666668,7.59815004181758,42.0,8.0,25.3,25.6,26.0,72.0,73.0,74.0,3.0,3.0,3.0,1012.0,1013.0,1010.0,1814.3999999999999,216.0,75.6,0.0,0.7999847621950058,14.131763137429175,6.888123541828686,18.144,23.7,0.02490116116486051,635.04,5184,9.0,1024144,315.7,52.61666666666667,28.0,25.0,-0.10000000000000142
52,128.8,7.3,64.0,16.3,22.3,100,0.5,1012,71,25.2,0.0,2.66,2023,5,12,2,4,132,19,0.49999999999999994,0.8660254037844387,0.49999999999999994,-0.8660254037844387,-0.433883739117558,-0.9009688679024191,1,3,0,42.0,14.0,11.0,19.0,15.0,20.0,23.0,16.46207763315469,42.0,13.0,19.5,11.467344941178935,42.0,11.0,17.25,9.086703572703097,42.0,8.0,20.125,7.7477205624005885,42.0,8.0,25.2,25.5,25.9,72.0,72.0,74.0,3.0,3.0,3.0,1012.0,1013.0,1011.0,1789.2,188.86,67.032,50.0,0.7974970860683392,17.641418983700863,8.765922476373099,17.892,23.869999999999997,0.02490116116486051,635.04,5041,7.0756000000000006,1024144,251.70000000000005,41.95000000000001,-29.0,2.0,0.0
50,130.3,5.7,66.0,15.0,21.7,100,0.5,1012,70,25.2,0.0,2.33,2023,5,12,3,4,132,19,0.7071067811865476,0.7071067811865476,0.49999999999999994,-0.8660254037844387,-0.433883739117558,-0.9009688679024191,1,3,0,13.0,42.0,14.0,20.0,17.0,21.0,22.333333333333332,17.039170558843097,42.0,12.0,18.166666666666668,11.856081421222113,42.0,11.0,16.833333333333332,9.21296846183581,42.0,8.0,19.75,7.919431248792376,42.0,8.0,25.2,25.3,25.7,71.0,72.0,73.0,2.66,3.0,3.0,1012.0,1012.0,1012.0,1764.0,163.1,58.716,50.0,0.7999466702219852,22.855639361515525,11.576916330468338,17.64,24.035,0.02490116116486051,635.04,4900,5.4289000000000005,1024144,250.7,41.78333333333333,-1.0,-2.0,0.0
85,131.9,4.0,68.0,35.0,21.0,100,0.5,1012,69,25.2,0.0,2.0,2023,5,12,4,4,132,19,0.8660254037844386,0.5000000000000001,0.49999999999999994,-0.8660254037844387,-0.433883739117558,-0.9009688679024191,1,3,0,12.0,13.0,42.0,17.0,24.0,31.0,17.666666666666668,8.962886439833248,28.0,12.0,20.0,12.473972903609432,42.0,11.0,17.166666666666668,9.561602502940383,42.0,8.0,19.625,7.756133617702411,42.0,8.0,25.2,25.2,25.6,70.0,72.0,73.0,2.33,3.0,3.0,1012.0,1012.0,1013.0,1738.8,138.0,50.4,50.0,0.7999771435101855,32.96675831042239,16.99575106223444,17.387999999999998,24.2,0.02490116116486051,635.04,4761,4.0,1024144,287.9,47.98333333333333,16.0,-14.0,0.0
78,144.0,8.3,64.0,31.3,22.3,95,0.0,1013,72,25.2,0.0,2.0,2023,5,12,5,4,132,19,0.9659258262890683,0.25881904510252074,0.49999999999999994,-0.8660254037844387,-0.433883739117558,-0.9009688679024191,1,3,0,28.0,12.0,13.0,11.0,13.0,24.0,21.666666666666668,8.504900548116106,28.0,12.0,22.333333333333332,11.741663709485552,42.0,12.0,18.166666666666668,9.712534856221968,42.0,8.0,19.666666666666668,7.78329686861094,42.0,8.0,25.2,25.2,25.5,69.0,71.0,72.0,2.0,2.66,3.0,1012.0,1012.0,1013.0,1814.3999999999999,144.0,50.4,0.0,0.7986965272674994,17.34730755330683,7.709914468136369,18.144,24.2,0.024876579588766448,635.04,5184,4.0,1026169,294.90000000000003,49.150000000000006,-3.0,12.0,0.0
67,156.0,12.7,60.0,25.0,23.7,91,0.0,1013,75,25.2,0.7,2.0,2023,5,12,6,4,132,19,1.0,6.123233995736766e-17,0.49999999999999994,-0.8660254037844387,-0.433883739117558,-0.9009688679024191,1,0,0,25.0,28.0,12.0,14.0,8.0,18.0,24.333333333333332,4.041451884328814,28.0,20.0,23.333333333333332,11.129540272026086,42.0,12.0,19.166666666666668,9.173413495068695,42.0,9.0,19.75,7.775379202272503,42.0,8.0,25.2,25.2,25.3,72.0,70.0,72.0,2.0,2.33,3.0,1013.0,1012.0,1012.0,1890.0,150.0,50.4,0.0,0.7999680012799487,12.282497441146367,4.7240374773639875,18.9,24.2,0.024876579588766448,635.04,5625,4.0,1026169,297.4,49.56666666666666,-5.0,8.0,0.0
82,168.1,17.0,56.0,33.8,25.0,87,0.0,1014,79,25.2,1.0,2.0,2023,5,12,7,4,132,19,0.9659258262890683,-0.25881904510252063,0.49999999999999994,-0.8660254037844387,-0.433883739117558,-0.9009688679024191,1,0,0,20.0,25.0,28.0,42.0,9.0,20.0,24.0,3.6055512754656096,27.0,20.0,20.833333333333332,7.026141662865145,28.0,12.0,20.666666666666668,8.824895913198134,42.0,11.0,20.041666666666668,7.915198185695793,42.0,8.0,25.2,25.2,25.2,75.0,69.0,72.0,2.0,2.0,3.0,1013.0,1012.0,1012.0,1990.8,158.0,50.4,0.0,0.7987929351202628,9.887653667431326,3.293923886830186,19.908,24.2,0.024852046496995565,635.04,6241,4.0,1028196,326.9,54.48333333333333,7.0,-1.0,0.0
89,166.3,17.0,58.0,37.5,25.3,91,0.0,1015,70,25.7,1.6,2.33,2023,5,12,8,4,132,19,0.8660254037844387,-0.4999999999999998,0.49999999999999994,-0.8660254037844387,-0.433883739117558,-0.9009688679024191,1,0,0,27.0,20.0,25.0,13.0,19.0,23.0,25.666666666666668,5.131601439447979,30.0,20.0,23.666666666666668,6.653319973265274,30.0,12.0,21.583333333333332,9.199390625404549,42.0,11.0,20.333333333333332,8.154308899176547,42.0,8.0,25.2,25.2,25.2,79.0,72.0,71.0,2.0,2.0,2.66,1014.0,1013.0,1012.0,1799.0,163.1,59.881,0.0,0.7999786672355405,9.7817775424975,3.41156402564555,17.99,24.535,0.025320172098352613,660.49,4900,5.4289000000000005,1030225,334.1,55.68333333333334,3.0,5.0,0.5
65,164.6,17.0,60.0,23.8,25.7,95,0.5,1016,62,26.1,2.5,2.66,2023,5,12,9,4,132,19,0.7071067811865476,-0.7071067811865475,0.49999999999999994,-0.8660254037844387,-0.433883739117558,-0.9009688679024191,1,0,0,30.0,27.0,20.0,12.0,20.0,24.0,25.333333333333332,5.686240703078323,30.0,19.0,24.833333333333332,4.445971959723898,30.0,19.0,21.5,9.21954445729252,42.0,11.0,20.125,8.120358205849405,42.0,8.0,25.7,25.2,25.2,70.0,75.0,70.0,2.33,2.0,2.33,1015.0,1013.0,1012.0,1618.2,164.92000000000002,69.426,47.5,0.7982857863114995,9.68178342450444,3.529204164460914,16.182000000000002,24.770000000000003,0.025688951093552074,681.21,3844,7.0756000000000006,1032256,310.09999999999997,51.68333333333333,-11.0,-1.0,0.40000000000000213
50,162.8,17.0,62.0,15.0,26.0,100,0.0,1018,54,26.6,3.3,3.0,2023,5,12,10,4,132,19,0.49999999999999994,-0.8660254037844387,0.49999999999999994,-0.8660254037844387,-0.433883739117558,-0.9009688679024191,1,0,0,19.0,30.0,27.0,28.0,17.0,26.0,20.333333333333332,9.073771725878165,30.0,12.0,22.166666666666668,6.493586579591435,30.0,12.0,21.083333333333332,9.54852043115768,42.0,11.0,19.541666666666668,8.182585785980422,42.0,8.0,26.1,25.2,25.2,62.0,79.0,69.0,2.66,2.0,2.0,1016.0,1014.0,1012.0,1436.4,162.0,79.80000000000001,0.0,0.7999466702219852,9.575907299570613,3.6468443032762776,14.364,25.1,0.026129640344164692,707.5600000000001,2916,9.0,1036324,294.8,49.13333333333333,-7.0,-15.0,0.5
52,160.1,16.7,65.3,16.3,26.0,95,0.0,1016,54,27.0,3.7,3.0,2023,5,12,11,4,132,19,0.258819045102521,-0.9659258262890682,0.49999999999999994,-0.8660254037844387,-0.433883739117558,-0.9009688679024191,1,0,0,12.0,19.0,30.0,25.0,11.0,29.0,14.666666666666666,3.785938897202063,19.0,12.0,20.166666666666668,7.250287350626121,30.0,12.0,21.25,9.372348109780297,42.0,12.0,18.875,8.028820369253525,42.0,8.0,26.6,25.7,25.2,54.0,70.0,72.0,3.0,2.33,2.0,1018.0,1015.0,1013.0,1458.0,162.0,81.0,0.0,0.7974970860683392,9.586252320220346,3.9099455122447755,14.58,25.5,0.026574776993329732,729.0,2916,9.0,1032256,297.4,49.56666666666666,1.0,-17.0,0.3999999999999986
52,157.4,16.3,68.7,16.3,26.0,91,0.0,1015,53,27.3,4.2,3.0,2023,5,12,12,4,132,19,1.2246467991473532e-16,-1.0,0.49999999999999994,-0.8660254037844387,-0.433883739117558,-0.9009688679024191,1,1,0,13.0,12.0,19.0,20.0,14.0,17.0,12.666666666666666,0.5773502692024375,13.0,12.0,19.0,7.823042886242025,30.0,12.0,21.166666666666668,9.446820853727324,42.0,12.0,18.708333333333332,8.110536178419428,42.0,8.0,27.0,26.1,25.2,54.0,62.0,75.0,3.0,2.66,2.0,1016.0,1016.0,1013.0,1446.9,159.0,81.9,0.0,0.7974970860683392,9.655849334396661,4.214465370222685,14.469000000000001,25.8,0.026896525225098302,745.2900000000001,2809,9.0,1030225,297.70000000000005,49.616666666666674,0.0,-6.0,0.3000000000000007
74,154.7,16.0,72.0,28.8,26.0,87,0.5,1014,52,27.7,3.8,3.0,2023,5,12,13,4,132,19,-0.2588190451025208,-0.9659258262890683,0.49999999999999994,-0.8660254037844387,-0.433883739117558,-0.9009688679024191,1,1,0,13.0,13.0,12.0,27.0,42.0,28.0,16.333333333333332,5.773502691897452,23.0,13.0,18.333333333333332,7.146094504458246,30.0,12.0,19.583333333333332,6.881573991904314,30.0,12.0,18.5,7.923547734168912,42.0,8.0,27.3,26.6,25.2,53.0,54.0,79.0,3.0,3.0,2.0,1015.0,1018.0,1014.0,1440.3999999999999,156.0,83.1,43.5,0.7985833825214401,9.668145740891193,4.4997187675770265,14.403999999999998,26.2,0.027317527300268936,767.29,2704,9.0,1028196,320.5,53.416666666666664,10.0,11.0,0.3999999999999986
61,152.1,15.3,76.3,21.3,26.7,91,0.0,1012,52,27.7,3.5,2.66,2023,5,12,14,4,132,19,-0.4999999999999997,-0.8660254037844388,0.49999999999999994,-0.8660254037844387,-0.433883739117558,-0.9009688679024191,1,1,0,23.0,13.0,13.0,30.0,13.0,15.0,17.666666666666668,5.0332229568485,23.0,13.0,16.166666666666668,4.308905506813463,23.0,12.0,19.916666666666668,6.625821847250981,30.0,12.0,18.583333333333332,7.895605088284625,42.0,8.0,27.7,27.0,25.7,52.0,54.0,70.0,3.0,3.0,2.33,1014.0,1016.0,1015.0,1440.3999999999999,138.32,73.682,0.0,0.7980845969672785,9.940526762956669,4.986602182863865,14.403999999999998,26.369999999999997,0.027371514455025243,767.29,2704,7.0756000000000006,1024144,308.7,51.449999999999996,-6.0,4.0,0.0
65,149.6,14.7,80.7,23.8,27.3,95,0.0,1011,52,27.7,2.1,2.33,2023,5,12,15,4,132,19,-0.7071067811865471,-0.7071067811865479,0.49999999999999994,-0.8660254037844387,-0.433883739117558,-0.9009688679024191,1,1,0,17.0,23.0,13.0,19.0,12.0,17.0,19.666666666666668,3.0550504633060016,23.0,17.0,16.166666666666668,4.3089055068134625,23.0,12.0,20.5,6.157035886616557,30.0,12.0,18.666666666666668,7.888718784312961,42.0,8.0,27.7,27.3,26.1,52.0,53.0,62.0,2.66,3.0,2.66,1012.0,1015.0,1016.0,1440.3999999999999,121.16,64.541,0.0,0.7982857863114995,10.1761784912591,5.489422488266105,14.403999999999998,26.535,0.027398588131960305,767.29,2704,5.4289000000000005,1022121,315.1,52.51666666666667,2.0,6.0,0.0
69,147.1,14.0,85.0,26.3,28.0,100,0.0,1010,52,27.7,1.2,2.0,2023,5,12,16,4,132,19,-0.8660254037844385,-0.5000000000000004,0.49999999999999994,-0.8660254037844387,-0.433883739117558,-0.9009688679024191,1,1,0,19.0,17.0,23.0,12.0,28.0,24.0,19.0,2.0000000000032663,21.0,17.0,17.666666666666668,4.131182235952325,23.0,13.0,19.916666666666668,5.696224161404022,30.0,12.0,18.541666666666668,7.824038580563497,42.0,8.0,27.7,27.7,26.6,52.0,52.0,54.0,2.33,3.0,3.0,1011.0,1014.0,1018.0,1440.3999999999999,104.0,55.4,0.0,0.79844872818524,10.506392400542818,6.070994928933648,14.403999999999998,26.7,0.027425715420083742,767.29,2704,4.0,1020100,321.4,53.56666666666666,2.0,-2.0,0.0
78,181.5,30.0,66.7,31.3,31.3,100,0.0,1011,55,27.3,0.8,1.66,2023,5,12,17,4,132,19,-0.9659258262890683,-0.25881904510252063,0.49999999999999994,-0.8660254037844387,-0.433883739117558,-0.9009688679024191,1,1,0,21.0,19.0,17.0,13.0,25.0,13.0,21.666666666666668,3.055050463305914,25.0,19.0,19.666666666666668,4.32049379893652,25.0,13.0,19.916666666666668,5.696224161404022,30.0,12.0,19.041666666666668,7.837918793563377,42.0,8.0,27.7,27.7,27.0,52.0,52.0,54.0,2.0,2.66,3.0,1010.0,1012.0,1016.0,1501.5,91.3,45.318,0.0,0.7986965272674994,6.0497983400553315,2.2232592246925105,15.015,26.470000000000002,0.027002940649910337,745.2900000000001,3025,2.7556,1022121,365.8,60.96666666666667,4.0,8.0,-0.3999999999999986
76,215.9,46.0,48.3,30.0,34.7,100,0.0,1011,59,26.9,0.6,1.33,2023,5,12,18,4,132,19,-1.0,-1.8369701987210297e-16,0.49999999999999994,-0.8660254037844387,-0.433883739117558,-0.9009688679024191,1,2,0,25.0,21.0,19.0,13.0,20.0,8.0,23.333333333333332,2.08166599946899,25.0,21.0,21.5,3.0822070014817418,25.0,17.0,20.25,5.81729396634744,30.0,12.0,19.708333333333332,7.532417861522359,42.0,9.0,27.3,27.7,27.3,55.0,52.0,53.0,1.66,2.33,3.0,1011.0,1011.0,1015.0,1587.1,78.47,35.777,0.0,0.7999733342221925,4.693376230951501,1.0499771744092519,15.870999999999999,26.235,0.02660729316786037,723.6099999999999,3481,1.7689000000000001,1022121,398.9,66.48333333333333,-1.0,5.0,-0.40000000000000213
102,250.4,62.0,30.0,45.0,38.0,100,0.0,1012,62,26.5,0.0,1.0,2023,5,12,19,4,132,19,-0.9659258262890684,0.2588190451025203,0.49999999999999994,-0.8660254037844387,-0.433883739117558,-0.9009688679024191,1,2,0,24.0,25.0,21.0,23.0,27.0,9.0,28.333333333333332,6.658328118480185,36.0,24.0,23.666666666666668,6.7428974978603,36.0,17.0,21.0,7.185844671042982,36.0,12.0,20.833333333333332,7.87216707728915,42.0,11.0,26.9,27.7,27.7,59.0,52.0,52.0,1.33,2.0,3.0,1011.0,1010.0,1014.0,1643.0,62.0,26.5,0.0,0.7999822226172753,4.038644537991323,0.48386316349736297,16.43,26.0,0.02618574487574617,702.25,3844,1.0,1024144,461.4,76.89999999999999,12.0,15.0,-0.3999999999999986
89,271.2,63.0,27.3,37.5,42.7,95,0.0,1013,63,26.2,0.0,1.0,2023,5,12,20,4,132,19,-0.8660254037844386,0.5000000000000001,0.49999999999999994,-0.8660254037844387,-0.433883739117558,-0.9009688679024191,1,2,0,36.0,24.0,25.0,17.0,30.0,19.0,30.0,6.000000000000841,36.0,24.0,25.833333333333332,6.2423286253329895,36.0,19.0,21.0,7.185844671042982,36.0,12.0,21.291666666666668,8.078307865575326,42.0,11.0,26.5,27.3,27.7,62.0,55.0,52.0,1.0,1.66,2.66,1012.0,1011.0,1012.0,1650.6,63.0,26.2,0.0,0.7999786672355405,4.30469357629244,0.4333264551356328,16.506,25.7,0.025863745445463528,686.4399999999999,3969,1.0,1026169,471.7,78.61666666666666,-6.0,5.0,-0.3000000000000007
107,292.0,64.0,24.7,47.5,47.3,91,0.0,1013,63,26.0,0.0,1.0,2023,5,12,21,4,132,19,-0.7071067811865477,0.7071067811865474,0.49999999999999994,-0.8660254037844387,-0.433883739117558,-0.9009688679024191,1,2,0,30.0,36.0,24.0,19.0,19.0,20.0,34.666666666666664,4.163331998933327,38.0,30.0,29.0,6.870225614926075,38.0,21.0,22.583333333333332,8.649312461727762,38.0,12.0,22.041666666666668,8.759983952073288,42.0,11.0,26.2,26.9,27.7,63.0,59.0,52.0,1.0,1.33,2.33,1013.0,1011.0,1011.0,1638.0,63.0,26.0,0.0,0.7999831582493001,4.562428712051374,0.385931469820784,16.38,25.5,0.025666312274124112,676.0,3969,1.0,1026169,513.5,85.58333333333333,8.0,14.0,-0.1999999999999993
72,312.8,65.0,22.0,27.5,52.0,87,0.0,1014,63,25.7,0.0,1.0,2023,5,12,22,4,132,19,-0.5000000000000004,0.8660254037844384,0.49999999999999994,-0.8660254037844387,-0.433883739117558,-0.9009688679024191,1,3,0,38.0,30.0,36.0,21.0,12.0,17.0,30.0,8.00000000000063,38.0,22.0,29.166666666666668,6.645800679124608,38.0,22.0,23.416666666666668,7.993842327160839,38.0,13.0,22.25,8.694075944097854,42.0,11.0,26.0,26.5,27.7,63.0,62.0,52.0,1.0,1.0,2.0,1013.0,1012.0,1010.0,1619.1,63.0,25.7,0.0,0.7999709101487218,4.8122336579437235,0.33845633144105475,16.191,25.2,0.025345142657650237,660.49,3969,1.0,1028196,501.3,83.55,-16.0,-14.0,-0.3000000000000007
65,258.9,48.0,39.3,23.8,48.0,91,0.0,1014,66,25.0,0.0,1.33,2023,5,12,23,4,132,19,-0.25881904510252157,0.9659258262890681,0.49999999999999994,-0.8660254037844387,-0.433883739117558,-0.9009688679024191,1,3,0,22.0,38.0,30.0,25.0,13.0,11.0,26.333333333333332,10.214368964030252,38.0,19.0,28.166666666666668,7.756717518812494,38.0,19.0,23.916666666666668,7.452374037034898,38.0,13.0,22.583333333333332,8.392111547869582,42.0,12.0,25.7,26.2,27.3,63.0,63.0,55.0,1.0,1.0,1.66,1014.0,1013.0,1011.0,1650.0,87.78,33.25,0.0,0.7982857863114995,5.393637632549321,0.8187329430636862,16.5,24.335,0.024654808032733695,625.0,4356,1.7689000000000001,1028196,437.0,72.83333333333333,-3.0,-11.0,-0.6999999999999993
52,205.0,31.0,56.7,16.3,44.0,95,0.5,1014,69,24.4,0.0,1.66,2023,5,13,0,5,133,19,0.0,1.0,0.49999999999999994,-0.8660254037844387,-0.9749279121818236,-0.2225209339563146,1,3,1,19.0,22.0,38.0,24.0,13.0,14.0,18.0,4.582575694957296,22.0,13.0,26.333333333333332,9.933109617166814,38.0,13.0,23.916666666666668,7.452374037034898,38.0,13.0,22.541666666666668,8.438932379759116,42.0,12.0,25.0,26.0,26.9,66.0,63.0,59.0,1.33,1.0,1.33,1014.0,1013.0,1011.0,1683.6,114.53999999999999,40.504,47.5,0.7974970860683392,6.612689913228605,1.8289732589271315,16.836,23.57,0.024063092639948085,595.3599999999999,4761,2.7556,1028196,366.0,61.0,-6.0,-25.0,-0.6000000000000014
50,151.2,14.0,74.0,15.0,40.0,100,0.25,1013,72,23.7,0.0,2.0,2023,5,13,1,5,133,19,0.25881904510252074,0.9659258262890683,0.49999999999999994,-0.8660254037844387,-0.9749279121818236,-0.2225209339563146,1,3,1,13.0,19.0,22.0,36.0,23.0,42.0,14.666666666666666,3.7859388972020636,19.0,12.0,22.333333333333332,10.092901796146146,38.0,12.0,23.0,8.213071621174294,38.0,12.0,21.291666666666668,7.612799100523357,38.0,12.0,24.4,25.7,26.5,69.0,63.0,62.0,1.66,1.0,1.0,1014.0,1014.0,1012.0,1706.3999999999999,144.0,47.4,25.0,0.7999466702219852,10.799228626526677,5.285336761659882,17.064,22.7,0.023395830803720825,561.6899999999999,5184,4.0,1026169,306.2,51.03333333333333,-1.0,-10.0,-0.6999999999999993
54,146.7,11.7,76.3,17.5,40.7,100,1.0,1013,75,23.7,0.0,2.33,2023,5,13,2,5,133,19,0.49999999999999994,0.8660254037844387,0.49999999999999994,-0.8660254037844387,-0.9749279121818236,-0.2225209339563146,1,3,1,12.0,13.0,19.0,30.0,17.0,13.0,13.0,1.0000000000073477,14.0,12.0,19.666666666666668,9.770704512298432,38.0,12.0,22.75,8.454423264023738,38.0,12.0,21.333333333333332,7.568048778836079,38.0,12.0,23.7,25.0,26.2,72.0,66.0,63.0,2.0,1.33,1.0,1013.0,1014.0,1013.0,1777.5,174.75,55.221,100.0,0.7999542883263813,12.537389966669515,6.520810187163491,17.775,22.535,0.023395830803720825,561.6899999999999,5625,5.4289000000000005,1026169,306.9,51.15,2.0,-5.0,0.0
65,142.2,9.3,78.7,23.8,41.3,100,0.25,1013,78,23.7,0.0,2.66,2023,5,13,3,5,133,19,0.7071067811865476,0.7071067811865476,0.49999999999999994,-0.8660254037844387,-0.9749279121818236,-0.2225209339563146,1,3,1,14.0,12.0,13.0,38.0,19.0,12.0,15.0,3.605551275465952,19.0,12.0,16.5,4.037325847634901,22.0,12.0,22.75,8.454423264023738,38.0,12.0,21.625,7.323651382010147,38.0,12.0,23.7,24.4,26.0,75.0,69.0,63.0,2.33,1.66,1.0,1013.0,1014.0,1013.0,1848.6,207.48000000000002,63.042,25.0,0.7982857863114995,15.288678636705729,8.461455757445437,18.486,22.369999999999997,0.023395830803720825,561.6899999999999,6084,7.0756000000000006,1026169,314.3,52.38333333333333,5.0,6.0,0.0
85,137.7,7.0,81.0,35.0,42.0,100,0.5,1012,81,23.7,0.0,3.0,2023,5,13,4,5,133,19,0.8660254037844386,0.5000000000000001,0.49999999999999994,-0.8660254037844387,-0.9749279121818236,-0.2225209339563146,1,3,1,19.0,14.0,12.0,22.0,21.0,28.0,20.333333333333332,7.094598884598483,28.0,14.0,17.5,5.958187643904925,28.0,12.0,23.333333333333332,8.563488385776347,38.0,12.0,21.625,7.323651382010147,38.0,12.0,23.7,23.7,25.7,78.0,72.0,63.0,2.66,2.0,1.0,1013.0,1013.0,1014.0,1919.7,243.0,71.1,50.0,0.7999771435101855,19.66861876874732,11.569775746321953,19.197,22.2,0.02341894919076167,561.6899999999999,6561,9.0,1024144,330.7,55.11666666666667,9.0,16.0,0.0
54,144.7,11.3,77.7,17.5,37.3,100,0.5,1013,79,23.4,0.0,3.33,2023,5,13,5,5,133,19,0.9659258262890683,0.25881904510252074,0.49999999999999994,-0.8660254037844387,-0.9749279121818236,-0.2225209339563146,1,3,1,28.0,19.0,14.0,19.0,25.0,25.0,20.333333333333332,7.094598884598483,28.0,14.0,16.666666666666668,6.05530070819341,28.0,12.0,22.416666666666668,8.948929172438813,38.0,12.0,21.166666666666668,7.446427019874732,38.0,12.0,23.7,23.7,25.0,81.0,75.0,66.0,3.0,2.33,1.33,1012.0,1013.0,1014.0,1848.6,263.07,77.922,50.0,0.7999542883263813,12.804176621537916,6.875497743562517,18.486,21.735,0.0230996810467117,547.56,6241,11.0889,1026169,302.5,50.416666666666664,-14.0,0.0,-0.3000000000000007
65,151.7,15.7,74.3,23.8,32.7,100,0.5,1013,78,23.0,0.7,3.66,2023,5,13,6,5,133,19,1.0,6.123233995736766e-17,0.49999999999999994,-0.8660254037844387,-0.9749279121818236,-0.2225209339563146,1,0,1,14.0,28.0,19.0,13.0,24.0,20.0,20.333333333333332,7.094598884598483,28.0,14.0,17.666666666666668,5.819507424743786,28.0,12.0,22.0,8.984835709531135,38.0,12.0,21.125,7.456030532686241,38.0,12.0,23.4,23.7,24.4,79.0,78.0,69.0,3.33,2.66,1.66,1013.0,1013.0,1014.0,1794.0,285.48,84.18,50.0,0.7982857863114995,9.661804980574486,4.7321826635246165,17.94,21.17,0.02270481470403287,529.0,6084,13.395600000000002,1026169,317.2,52.86666666666667,5.0,0.0,-0.3999999999999986
67,158.7,20.0,71.0,25.0,28.0,100,0.0,1014,76,22.7,1.1,4.0,2023,5,13,7,5,133,19,0.9659258262890683,-0.25881904510252063,0.49999999999999994,-0.8660254037844387,-0.9749279121818236,-0.2225209339563146,1,0,1,19.0,14.0,28.0,12.0,36.0,27.0,17.666666666666668,3.214550253666408,20.0,14.0,19.0,5.1380930314642965,28.0,14.0,20.666666666666668,7.831560082980053,38.0,12.0,20.833333333333332,7.352412598222052,38.0,12.0,23.0,23.7,23.7,78.0,81.0,72.0,3.66,3.0,2.0,1013.0,1012.0,1013.0,1725.2,304.0,90.8,0.0,0.7999680012799487,7.934603269836507,3.549822508874556,17.252,20.7,0.022386565693722195,515.29,5776,16.0,1028196,322.7,53.78333333333333,1.0,-8.0,-0.3000000000000007
69,156.6,18.7,74.0,26.3,28.0,100,0.0,1014,74,23.2,1.8,4.0,2023,5,13,8,5,133,19,0.8660254037844387,-0.4999999999999998,0.49999999999999994,-0.8660254037844387,-0.9749279121818236,-0.2225209339563146,1,0,1,20.0,19.0,14.0,14.0,30.0,30.0,20.0,1.0000000000064033,21.0,19.0,20.166666666666668,4.535048695069233,28.0,14.0,19.916666666666668,7.267090618713881,38.0,12.0,20.458333333333332,7.089362310604248,38.0,12.0,22.7,23.4,23.7,76.0,79.0,75.0,4.0,3.33,2.33,1014.0,1013.0,1013.0,1716.8,296.0,92.8,0.0,0.79844872818524,8.37388374953211,3.957007646649912,17.168,21.2,0.02287966185437687,538.24,5476,16.0,1028196,324.59999999999997,54.099999999999994,1.0,7.0,0.5
69,154.5,17.3,77.0,26.3,28.0,100,0.0,1014,73,23.7,2.2,4.0,2023,5,13,9,5,133,19,0.7071067811865476,-0.7071067811865475,0.49999999999999994,-0.8660254037844387,-0.9749279121818236,-0.2225209339563146,1,0,1,21.0,20.0,19.0,19.0,38.0,19.0,20.666666666666668,0.5773502692005615,21.0,20.0,20.5,4.505552130425597,28.0,14.0,18.5,4.5825756949551115,28.0,12.0,20.541666666666668,7.083226768166955,38.0,12.0,23.2,23.0,23.7,74.0,78.0,78.0,4.0,3.66,2.66,1014.0,1013.0,1013.0,1730.1,292.0,94.8,0.0,0.79844872818524,8.93011964626322,4.450609791341541,17.301,21.7,0.023372758015031542,561.6899999999999,5329,16.0,1028196,324.1,54.01666666666667,0.0,2.0,0.5
61,152.3,16.0,80.0,21.3,28.0,100,0.0,1014,71,24.2,3.0,4.0,2023,5,13,10,5,133,19,0.49999999999999994,-0.8660254037844387,0.49999999999999994,-0.8660254037844387,-0.9749279121818236,-0.2225209339563146,1,0,1,21.0,21.0,20.0,28.0,22.0,12.0,19.666666666666668,2.3094010767612954,21.0,17.0,18.666666666666668,2.732520204252567,21.0,14.0,18.083333333333332,4.46111142558763,28.0,12.0,20.75,6.892024376045224,38.0,12.0,23.7,22.7,23.7,73.0,76.0,81.0,4.0,4.0,3.0,1014.0,1014.0,1012.0,1718.2,284.0,96.8,0.0,0.7980845969672785,9.518155115305293,4.999687519530029,17.182000000000002,22.2,0.023865854175686218,585.64,5041,16.0,1028196,314.6,52.43333333333334,-4.0,-3.0,0.5
63,138.9,13.0,84.7,22.5,25.7,100,0.0,1014,69,24.7,3.6,4.0,2023,5,13,11,5,133,19,0.258819045102521,-0.9659258262890682,0.49999999999999994,-0.8660254037844387,-0.9749279121818236,-0.2225209339563146,1,0,1,17.0,21.0,21.0,14.0,19.0,13.0,18.666666666666668,2.0816659994692954,21.0,17.0,19.333333333333332,1.632993161849977,21.0,17.0,18.0,4.451761653342997,28.0,12.0,20.958333333333332,6.721019375755212,38.0,12.0,24.2,23.2,23.4,71.0,74.0,79.0,4.0,4.0,3.33,1014.0,1014.0,1013.0,1704.3,276.0,98.8,0.0,0.7999644460246211,10.683793554341975,6.514883470502269,17.043,22.7,0.02435895033634089,610.0899999999999,4761,16.0,1028196,302.8,50.46666666666667,1.0,-3.0,0.5
63,125.5,10.0,89.3,22.5,23.3,100,0.0,1013,67,25.1,3.8,4.0,2023,5,13,12,5,133,19,1.2246467991473532e-16,-1.0,0.49999999999999994,-0.8660254037844387,-0.9749279121818236,-0.2225209339563146,1,1,1,18.0,17.0,21.0,19.0,13.0,13.0,17.666666666666668,0.5773502692012631,18.0,17.0,19.166666666666668,1.7224014243632966,21.0,17.0,18.416666666666668,4.166060561976258,28.0,12.0,21.166666666666668,6.538625481583072,38.0,12.0,24.7,23.7,23.0,69.0,73.0,78.0,4.0,4.0,3.66,1014.0,1014.0,1013.0,1681.7,268.0,100.4,0.0,0.7999644460246211,12.548745125487452,8.92910708929107,16.817,23.1,0.024777863003096742,630.0100000000001,4489,16.0,1026169,288.6,48.1,0.0,-3.0,0.40000000000000213
74,112.1,7.0,94.0,28.8,21.0,100,0.0,1013,65,25.6,3.6,4.0,2023,5,13,13,5,133,19,-0.2588190451025208,-0.9659258262890683,0.49999999999999994,-0.8660254037844387,-0.9749279121818236,-0.2225209339563146,1,1,1,18.0,18.0,17.0,20.0,12.0,23.0,19.666666666666668,2.8867513459503624,23.0,18.0,19.666666666666668,2.338090388896231,23.0,17.0,19.333333333333332,3.821787619171673,28.0,14.0,21.166666666666668,6.538625481583072,38.0,12.0,25.1,24.2,22.7,67.0,71.0,76.0,4.0,4.0,4.0,1013.0,1014.0,1014.0,1664.0,260.0,102.4,0.0,0.7985833825214401,16.011998285959148,13.426653335237823,16.64,23.6,0.025271445931445282,655.3600000000001,4225,16.0,1026169,285.9,47.65,5.0,6.0,0.5
69,116.3,10.0,89.7,26.3,22.0,100,0.0,1012,64,25.4,3.0,3.33,2023,5,13,14,5,133,19,-0.4999999999999997,-0.8660254037844388,0.49999999999999994,-0.8660254037844387,-0.9749279121818236,-0.2225209339563146,1,1,1,23.0,18.0,18.0,21.0,14.0,17.0,20.666666666666668,2.5166114784260922,23.0,18.0,19.666666666666668,2.338090388896231,23.0,17.0,19.916666666666668,3.4498572653819166,28.0,14.0,21.333333333333332,6.478504032008879,38.0,12.0,25.6,24.7,23.2,65.0,69.0,74.0,4.0,4.0,4.0,1013.0,1014.0,1014.0,1625.6,213.12,84.582,0.0,0.79844872818524,11.628837116288372,8.969103089691032,16.256,23.735,0.025098789428073687,645.16,4096,11.0889,1024144,285.3,47.550000000000004,-2.0,3.0,-0.20000000000000284
42,120.6,13.0,85.3,12.5,23.0,100,0.0,1011,63,25.2,2.2,2.66,2023,5,13,15,5,133,19,-0.7071067811865471,-0.7071067811865479,0.49999999999999994,-0.8660254037844387,-0.9749279121818236,-0.2225209339563146,1,1,1,21.0,23.0,18.0,21.0,19.0,19.0,18.0,7.000000000000953,23.0,10.0,17.833333333333332,4.4459719597235585,23.0,10.0,19.166666666666668,4.489043901713197,28.0,10.0,20.958333333333332,6.868194919283885,38.0,10.0,25.4,25.1,23.7,64.0,67.0,73.0,3.33,4.0,4.0,1012.0,1013.0,1014.0,1587.6,167.58,67.032,0.0,0.7999360051195905,9.276209522344436,6.561033766633336,15.876,23.869999999999997,0.024925791369148003,635.04,3969,7.0756000000000006,1022121,264.4,44.06666666666666,-11.0,-8.0,-0.1999999999999993
63,124.9,16.0,81.0,22.5,24.0,100,0.0,1011,63,25.0,1.5,2.0,2023,5,13,16,5,133,19,-0.8660254037844385,-0.5000000000000004,0.49999999999999994,-0.8660254037844387,-0.9749279121818236,-0.2225209339563146,1,1,1,10.0,21.0,23.0,17.0,28.0,21.0,16.333333333333332,5.686240703078539,21.0,10.0,18.0,4.427188724233647,23.0,10.0,18.333333333333332,3.5248038845070178,23.0,10.0,20.833333333333332,6.8946524121277895,38.0,10.0,25.2,25.6,24.2,63.0,65.0,71.0,2.66,4.0,4.0,1011.0,1013.0,1014.0,1575.0,126.0,50.0,0.0,0.7999644460246211,7.805762139866258,5.062183613524154,15.75,24.0,0.02472796762812302,625.0,3969,4.0,1022121,286.4,47.73333333333333,8.0,-5.0,-0.1999999999999993
80,150.0,25.7,66.3,32.5,24.7,100,0.25,1011,65,24.6,0.8,2.0,2023,5,13,17,5,133,19,-0.9659258262890683,-0.25881904510252063,0.49999999999999994,-0.8660254037844387,-0.9749279121818236,-0.2225209339563146,1,1,1,18.0,10.0,21.0,18.0,14.0,25.0,18.0,8.000000000000833,26.0,10.0,19.333333333333332,5.5015149428724435,26.0,10.0,19.333333333333332,3.86906926400785,26.0,10.0,20.875,6.923887447908576,38.0,10.0,25.0,25.4,24.7,63.0,64.0,69.0,2.0,3.33,4.0,1011.0,1012.0,1014.0,1599.0,130.0,49.2,25.0,0.7999753853727578,5.836348780203105,2.579666160849772,15.99,23.6,0.024332320146073054,605.1600000000001,4225,4.0,1022121,325.2,54.199999999999996,8.0,5.0,-0.3999999999999986
112,175.1,35.3,51.7,50.0,25.3,100,0.25,1012,67,24.1,0.7,2.0,2023,5,13,18,5,133,19,-1.0,-1.8369701987210297e-16,0.49999999999999994,-0.8660254037844387,-0.9749279121818236,-0.2225209339563146,1,2,1,26.0,18.0,10.0,18.0,19.0,24.0,28.0,11.135528725660523,40.0,18.0,23.0,9.959919678390168,40.0,10.0,21.083333333333332,7.102603022622261,40.0,10.0,21.541666666666668,7.934400427564092,40.0,10.0,24.6,25.2,25.1,65.0,63.0,67.0,2.0,2.66,4.0,1011.0,1011.0,1013.0,1614.7,134.0,48.2,25.0,0.7999840003199936,4.96019942777825,1.4645477465227617,16.147000000000002,23.1,0.02381420571718803,580.8100000000001,4489,4.0,1024144,377.4,62.9,14.0,30.0,-0.5
118,200.2,45.0,37.0,52.5,26.0,100,0.0,1012,69,23.7,0.0,2.0,2023,5,13,19,5,133,19,-0.9659258262890684,0.2588190451025203,0.49999999999999994,-0.8660254037844387,-0.9749279121818236,-0.2225209339563146,1,2,1,40.0,26.0,18.0,23.0,20.0,36.0,36.0,8.717797887081835,42.0,26.0,26.166666666666668,12.624051119456531,42.0,10.0,22.916666666666668,9.297686255029406,42.0,10.0,21.791666666666668,8.48517462435505,42.0,10.0,24.1,25.0,25.6,67.0,63.0,65.0,2.0,2.0,4.0,1012.0,1011.0,1013.0,1635.3,138.0,47.4,0.0,0.7999847621950058,4.448790026888291,0.8222039510233107,16.352999999999998,22.7,0.02341894919076167,561.6899999999999,4761,4.0,1024144,402.7,67.11666666666666,2.0,24.0,-0.40000000000000213
134,206.8,42.3,37.7,60.0,26.7,100,0.0,1013,72,23.3,0.0,1.33,2023,5,13,20,5,133,19,-0.8660254037844386,0.5000000000000001,0.49999999999999994,-0.8660254037844387,-0.9749279121818236,-0.2225209339563146,1,2,1,42.0,40.0,26.0,21.0,21.0,30.0,43.333333333333336,4.163331998933038,48.0,40.0,30.666666666666668,15.002222057637114,48.0,10.0,25.166666666666668,11.73830817400326,48.0,10.0,22.541666666666668,9.916955908581803,48.0,10.0,23.7,24.6,25.4,69.0,65.0,64.0,2.0,2.0,3.33,1012.0,1011.0,1012.0,1677.6000000000001,95.76,30.989000000000004,0.0,0.7999866668888852,4.888773315051655,0.8912318857710222,16.776,22.635,0.023000964461041995,542.89,5184,1.7689000000000001,1026169,421.5,70.25,6.0,22.0,-0.3999999999999986
126,213.4,39.7,38.3,56.3,27.3,100,0.0,1013,76,22.9,0.0,0.66,2023,5,13,21,5,133,19,-0.7071067811865477,0.7071067811865474,0.49999999999999994,-0.8660254037844387,-0.9749279121818236,-0.2225209339563146,1,2,1,48.0,42.0,40.0,10.0,21.0,38.0,45.0,3.0000000000009925,48.0,42.0,36.5,11.827933040053505,48.0,18.0,27.166666666666668,12.946275935806923,48.0,10.0,22.833333333333332,10.47841120825468,48.0,10.0,23.3,24.1,25.2,72.0,67.0,63.0,1.33,2.0,2.66,1013.0,1012.0,1011.0,1740.3999999999999,50.160000000000004,15.113999999999999,0.0,0.7992753237065062,5.375179466512178,0.9647112163421575,17.404,22.57,0.02260609811836316,524.41,5776,0.43560000000000004,1026169,420.00000000000006,70.00000000000001,-3.0,5.0,-0.40000000000000213
95,220.0,37.0,39.0,41.3,28.0,100,0.0,1014,80,22.5,0.0,1.2,2023,5,13,22,5,133,19,-0.5000000000000004,0.8660254037844384,0.49999999999999994,-0.8660254037844387,-0.9749279121818236,-0.2225209339563146,1,3,1,45.0,48.0,42.0,18.0,17.0,22.0,42.0,7.9372539331942,48.0,33.0,39.0,8.148619514984755,48.0,26.0,28.5,12.623931097864448,48.0,10.0,23.291666666666668,10.679029294213437,48.0,10.0,22.9,23.7,25.0,76.0,69.0,63.0,0.66,2.0,2.0,1013.0,1012.0,1011.0,1800.0,96.0,27.0,0.0,0.7990121304568898,5.945785249047323,1.054025566876571,18.0,21.9,0.022189327229460327,506.25,6400,1.44,1028196,398.3,66.38333333333334,-12.0,-9.0,-0.3999999999999986
98,211.8,33.3,39.7,42.5,28.7,100,0.0,1013,81,22.3,0.0,1.0,2023,5,13,23,5,133,19,-0.25881904510252157,0.9659258262890681,0.49999999999999994,-0.8660254037844387,-0.9749279121818236,-0.2225209339563146,1,3,1,33.0,45.0,48.0,26.0,18.0,19.0,37.333333333333336,6.658328118480003,45.0,33.0,40.333333333333336,5.955389715766517,48.0,33.0,29.833333333333332,12.253632732847342,48.0,10.0,23.916666666666668,10.854438750101837,48.0,10.0,22.5,23.3,24.6,80.0,72.0,65.0,1.2,1.33,2.0,1014.0,1013.0,1011.0,1806.3,81.0,22.3,0.0,0.7999811769134845,6.360169364283356,1.1921563916999491,18.063,21.8,0.022013798604344912,497.29,6561,1.0,1026169,390.0,65.0,1.0,-14.0,-0.1999999999999993
98,203.7,29.7,40.3,42.5,29.3,100,0.0,1013,82,22.2,0.0,2.0,2023,5,14,0,6,134,19,0.0,1.0,0.49999999999999994,-0.8660254037844387,-0.7818314824680299,0.6234898018587334,1,3,1,34.0,33.0,45.0,40.0,18.0,13.0,33.666666666666664,0.5773502691975592,34.0,33.0,39.333333333333336,6.5012819248712175,48.0,33.0,31.166666666666668,11.707288587055444,48.0,10.0,24.791666666666668,10.782349371589516,48.0,10.0,22.3,22.9,24.1,81.0,76.0,67.0,1.0,0.66,2.0,1013.0,1013.0,1012.0,1820.3999999999999,164.0,44.4,0.0,0.7999811769134845,6.85835493754419,1.3568566714925423,18.203999999999997,21.2,0.021915082018675203,492.84,6724,4.0,1026169,379.5,63.25,0.0,-11.0,-0.10000000000000142
89,195.5,26.0,41.0,37.5,30.0,100,1.5,1012,83,22.0,0.0,3.0,2023,5,14,1,6,134,19,0.25881904510252074,0.9659258262890683,0.49999999999999994,-0.8660254037844387,-0.7818314824680299,0.6234898018587334,1,3,1,34.0,34.0,33.0,42.0,23.0,12.0,32.666666666666664,2.309401076760549,34.0,30.0,37.333333333333336,7.312090444370638,48.0,30.0,31.75,11.434596626028945,48.0,10.0,25.541666666666668,10.475558163677112,48.0,10.0,22.2,22.5,23.7,82.0,80.0,69.0,2.0,1.2,2.0,1013.0,1014.0,1012.0,1826.0,249.0,66.0,150.0,0.7999786672355405,7.518941579170032,1.5768624283681396,18.26,20.5,0.021739108953449653,484.0,6889,9.0,1024144,360.0,60.0,-4.0,-3.0,-0.1999999999999993
67,199.8,24.0,39.7,25.0,31.3,100,2.0,1012,81,22.1,0.0,2.0,2023,5,14,2,6,134,19,0.49999999999999994,0.8660254037844387,0.49999999999999994,-0.8660254037844387,-0.7818314824680299,0.6234898018587334,1,3,1,30.0,34.0,34.0,48.0,21.0,14.0,28.0,7.211102550928726,34.0,20.0,32.666666666666664,8.041558721209123,45.0,20.0,31.666666666666668,11.52336230394026,48.0,10.0,25.791666666666668,10.2574645848839,48.0,10.0,22.0,22.3,23.3,83.0,81.0,72.0,3.0,1.0,1.33,1012.0,1013.0,1013.0,1790.1000000000001,162.0,44.2,200.0,0.7999680012799487,8.324653139452522,1.654097745927253,17.901,21.1,0.021837923085056242,488.4100000000001,6561,4.0,1024144,339.8,56.63333333333333,-10.0,-14.0,0.10000000000000142
69,204.1,22.0,38.3,26.3,32.7,100,1.0,1011,80,22.1,0.0,1.0,2023,5,14,3,6,134,19,0.7071067811865476,0.7071067811865476,0.49999999999999994,-0.8660254037844387,-0.7818314824680299,0.6234898018587334,1,3,1,20.0,30.0,34.0,45.0,10.0,19.0,23.666666666666668,5.507570547287193,30.0,20.0,28.666666666666668,6.501281924870888,34.0,20.0,32.583333333333336,9.976867183032523,48.0,18.0,25.875,10.207893365260253,48.0,10.0,22.1,22.2,22.9,81.0,82.0,76.0,2.0,2.0,0.66,1012.0,1013.0,1013.0,1768.0,80.0,22.1,100.0,0.79844872818524,9.276851052224899,1.7408299622744419,17.68,21.6,0.021859523383260752,488.4100000000001,6400,1.0,1022121,344.4,57.4,1.0,-13.0,0.0
72,208.3,20.0,37.0,27.5,34.0,100,0.5,1011,78,22.2,0.0,0.8,2023,5,14,4,6,134,19,0.8660254037844386,0.5000000000000001,0.49999999999999994,-0.8660254037844387,-0.7818314824680299,0.6234898018587334,1,3,1,21.0,20.0,30.0,33.0,18.0,28.0,21.0,1.0000000000063838,22.0,20.0,26.833333333333332,6.585337247753694,34.0,20.0,32.916666666666664,9.500797414698622,48.0,20.0,25.625,10.227042158138898,48.0,10.0,22.1,22.0,22.5,80.0,83.0,80.0,1.0,3.0,1.2,1011.0,1012.0,1014.0,1731.6,62.400000000000006,17.76,50.0,0.7999709101487218,10.414479276036198,1.8499075046247686,17.316,21.8,0.02195843525377324,492.84,6084,0.6400000000000001,1022121,348.8,58.13333333333333,1.0,-8.0,0.09999999999999787
67,215.2,23.3,36.7,25.0,30.7,100,0.0,1011,82,22.0,0.0,0.8,2023,5,14,5,6,134,19,0.9659258262890683,0.25881904510252074,0.49999999999999994,-0.8660254037844387,-0.7818314824680299,0.6234898018587334,1,3,1,22.0,21.0,20.0,34.0,26.0,14.0,21.0,1.0000000000063838,22.0,20.0,24.5,5.991660871576812,34.0,20.0,32.416666666666664,10.040448498976456,48.0,20.0,25.875,10.001358603362148,48.0,10.0,22.2,22.1,22.3,78.0,81.0,81.0,0.8,2.0,1.0,1011.0,1012.0,1013.0,1804.0,65.60000000000001,17.6,0.0,0.7999680012799487,9.235655122097763,1.5750396978670442,18.04,21.6,0.021760611512748256,484.0,6724,0.6400000000000001,1022121,350.9,58.48333333333333,-2.0,0.0,-0.1999999999999993
61,222.0,26.7,36.3,21.3,27.3,100,0.0,1012,87,21.9,0.6,0.8,2023,5,14,6,6,134,19,1.0,6.123233995736766e-17,0.49999999999999994,-0.8660254037844387,-0.7818314824680299,0.6234898018587334,1,0,1,20.0,22.0,21.0,34.0,40.0,19.0,19.666666666666668,2.516611478426195,22.0,17.0,21.666666666666668,4.412104562071274,30.0,17.0,30.5,10.638694383325936,48.0,17.0,25.791666666666668,10.069234963671557,48.0,10.0,22.0,22.1,22.2,82.0,80.0,82.0,0.8,1.0,2.0,1011.0,1011.0,1013.0,1905.3,69.60000000000001,17.52,0.0,0.7980845969672785,8.314295344743643,1.359499644208082,19.053,21.5,0.02164029482184306,479.60999999999996,7569,0.6400000000000001,1024144,350.6,58.43333333333334,-3.0,-4.0,-0.10000000000000142
63,228.8,30.0,36.0,22.5,24.0,100,0.0,1012,92,21.7,0.8,1.2,2023,5,14,7,6,134,19,0.9659258262890683,-0.25881904510252063,0.49999999999999994,-0.8660254037844387,-0.7818314824680299,0.6234898018587334,1,0,1,17.0,20.0,22.0,30.0,42.0,20.0,18.333333333333332,1.5275252316563723,20.0,17.0,19.666666666666668,1.861898672497876,22.0,17.0,28.5,10.535653752852395,48.0,17.0,25.708333333333332,10.127359270663998,48.0,10.0,21.9,22.2,22.0,87.0,78.0,83.0,0.8,0.8,3.0,1012.0,1011.0,1012.0,1996.3999999999999,110.39999999999999,26.04,0.0,0.7999644460246211,7.626412452918236,1.199960001333289,19.964,21.099999999999998,0.02144266655862988,470.89,8464,1.44,1024144,359.3,59.88333333333333,1.0,-4.0,-0.1999999999999993
78,203.9,23.3,63.7,31.3,26.0,100,0.0,1013,91,22.0,1.3,1.2,2023,5,14,8,6,134,19,0.8660254037844387,-0.4999999999999998,0.49999999999999994,-0.8660254037844387,-0.7818314824680299,0.6234898018587334,1,0,1,18.0,17.0,20.0,20.0,48.0,21.0,20.0,4.35889894354217,25.0,17.0,20.5,2.8809720581746388,25.0,17.0,26.583333333333332,8.575422950961174,45.0,17.0,25.875,10.079305100271071,48.0,10.0,21.7,22.0,22.1,92.0,82.0,81.0,1.2,0.8,2.0,1012.0,1011.0,1012.0,2002.0,109.2,26.4,0.0,0.7986965272674994,8.75069739496159,2.733788249431355,20.02,21.4,0.021717648847335787,484.0,8281,1.44,1026169,373.20000000000005,62.20000000000001,7.0,5.0,0.3000000000000007
95,179.0,16.7,91.3,41.3,28.0,100,0.0,1013,90,22.2,2.1,1.2,2023,5,14,9,6,134,19,0.7071067811865476,-0.7071067811865475,0.49999999999999994,-0.8660254037844387,-0.7818314824680299,0.6234898018587334,1,0,1,25.0,18.0,17.0,21.0,45.0,21.0,25.333333333333332,7.505553499465902,33.0,18.0,22.5,5.890670590007882,33.0,17.0,25.583333333333332,6.734690832254554,34.0,17.0,26.375,10.124496766882359,48.0,10.0,22.0,21.9,22.1,91.0,87.0,80.0,1.2,0.8,1.0,1013.0,1012.0,1011.0,1998.0,108.0,26.639999999999997,0.0,0.7990121304568898,10.717921082569905,5.466738518651577,19.98,21.599999999999998,0.021915082018675203,492.84,8100,1.44,1026169,389.3,64.88333333333334,8.0,16.0,0.1999999999999993
91,154.1,10.0,119.0,38.8,30.0,100,0.0,1013,90,22.5,2.9,1.2,2023,5,14,10,6,134,19,0.49999999999999994,-0.8660254037844387,0.49999999999999994,-0.8660254037844387,-0.7818314824680299,0.6234898018587334,1,0,1,33.0,25.0,18.0,22.0,33.0,17.0,29.666666666666668,4.163331998933502,33.0,25.0,24.0,6.811754546369414,33.0,17.0,25.416666666666668,6.556860852756994,34.0,17.0,26.958333333333332,9.962884018747648,48.0,10.0,22.2,21.7,22.2,90.0,92.0,78.0,1.2,1.2,0.8,1013.0,1012.0,1011.0,2025.0,108.0,27.0,0.0,0.7989484807092602,15.408459154084591,11.898810118988102,20.25,21.9,0.022211231775684327,506.25,8100,1.44,1026169,382.90000000000003,63.81666666666667,-2.0,13.0,0.3000000000000007
69,143.2,8.3,128.0,26.3,28.0,100,0.0,1013,88,23.0,3.6,0.66,2023,5,14,11,6,134,19,0.258819045102521,-0.9659258262890682,0.49999999999999994,-0.8660254037844387,-0.7818314824680299,0.6234898018587334,1,0,1,31.0,33.0,25.0,20.0,34.0,18.0,28.333333333333332,6.4291005073294665,33.0,21.0,24.166666666666668,6.705718952256434,33.0,17.0,24.333333333333332,6.065301211635889,34.0,17.0,27.083333333333332,9.863929310841506,48.0,10.0,22.5,22.0,22.0,90.0,91.0,82.0,1.2,1.2,0.8,1013.0,1013.0,1011.0,2024.0,58.080000000000005,15.180000000000001,0.0,0.79844872818524,17.250933622455126,15.419828936272738,20.24,22.67,0.02270481470403287,529.0,7744,0.43560000000000004,1026169,354.8,59.13333333333333,-10.0,-4.0,0.5
87,132.3,6.7,137.0,36.3,26.0,100,0.0,1012,86,23.5,4.0,1.33,2023,5,14,12,6,134,19,1.2246467991473532e-16,-1.0,0.49999999999999994,-0.8660254037844387,-0.7818314824680299,0.6234898018587334,1,1,1,21.0,31.0,33.0,17.0,34.0,18.0,27.0,5.291502622130224,31.0,21.0,26.166666666666668,5.879342366851237,33.0,18.0,23.916666666666668,5.484827557300808,33.0,17.0,27.541666666666668,9.677311729961142,48.0,10.0,23.0,22.2,21.9,88.0,90.0,87.0,0.66,1.2,0.8,1013.0,1013.0,1012.0,2021.0,114.38000000000001,31.255000000000003,0.0,0.798876064020275,19.743321892254887,20.444709744814205,20.21,22.835,0.02322132092754849,552.25,7396,1.7689000000000001,1024144,367.3,61.21666666666667,8.0,-4.0,0.5
82,121.4,5.0,146.0,28.8,24.0,100,0.0,1012,85,24.0,6.1,2.0,2023,5,14,13,6,134,19,-0.2588190451025208,-0.9659258262890683,0.49999999999999994,-0.8660254037844387,-0.7818314824680299,0.6234898018587334,1,1,1,29.0,21.0,31.0,18.0,30.0,23.0,24.333333333333332,4.163331998933683,29.0,21.0,27.0,4.732863826478168,33.0,21.0,23.333333333333332,5.140451577851451,33.0,17.0,27.541666666666668,9.677311729961142,48.0,10.0,23.5,22.5,21.7,86.0,90.0,92.0,1.33,1.2,1.2,1012.0,1013.0,1012.0,2040.0,170.0,48.0,0.0,0.7985833825214401,24.275144971005798,29.194161167766445,20.4,23.0,0.023715391585581436,576.0,7225,4.0,1024144,348.2,58.03333333333333,-6.0,-8.0,0.5
78,121.8,7.7,139.7,31.3,24.7,95,0.0,1011,80,24.7,2.9,2.0,2023,5,14,14,6,134,19,-0.4999999999999997,-0.8660254037844388,0.49999999999999994,-0.8660254037844387,-0.7818314824680299,0.6234898018587334,1,1,1,23.0,29.0,21.0,25.0,20.0,21.0,25.666666666666668,3.0550504633057636,29.0,23.0,27.0,4.732863826478168,33.0,21.0,23.75,5.047501632220217,33.0,17.0,27.708333333333332,9.593834825900935,48.0,10.0,24.0,23.0,22.0,85.0,88.0,91.0,2.0,0.66,1.2,1012.0,1013.0,1013.0,1976.0,160.0,49.4,0.0,0.7986965272674994,15.816127775613555,18.140501233606024,19.76,23.7,0.024431232016585543,610.0899999999999,6400,4.0,1022121,350.2,58.36666666666667,2.0,4.0,0.6999999999999993
74,122.2,10.3,133.3,28.8,25.3,91,0.0,1010,76,25.5,1.9,2.0,2023,5,14,15,6,134,19,-0.7071067811865471,-0.7071067811865479,0.49999999999999994,-0.8660254037844387,-0.7818314824680299,0.6234898018587334,1,1,1,25.0,23.0,29.0,33.0,21.0,10.0,23.666666666666668,1.1547005383844435,25.0,23.0,25.333333333333332,3.88158043413396,31.0,21.0,23.916666666666668,4.981024599477408,33.0,17.0,28.25,8.891862425347538,48.0,17.0,24.7,23.5,22.2,80.0,86.0,90.0,2.0,1.33,1.2,1011.0,1012.0,1013.0,1938.0,152.0,51.0,0.0,0.7985833825214401,11.862925929521406,12.940491214445201,19.38,24.5,0.025247499754950737,650.25,5776,4.0,1020100,342.90000000000003,57.150000000000006,-2.0,-6.0,0.8000000000000007
76,122.6,13.0,127.0,30.0,26.0,87,0.0,1009,71,26.2,1.2,2.0,2023,5,14,16,6,134,19,-0.8660254037844385,-0.5000000000000004,0.49999999999999994,-0.8660254037844387,-0.7818314824680299,0.6234898018587334,1,1,1,23.0,25.0,23.0,31.0,22.0,18.0,24.0,1.0000000000059481,25.0,23.0,24.166666666666668,2.7141603981067752,29.0,21.0,24.083333333333332,4.944387696870331,33.0,17.0,28.5,8.672796048815568,48.0,17.0,25.5,24.0,22.5,76.0,85.0,90.0,2.0,2.0,1.2,1010.0,1012.0,1013.0,1860.2,142.0,52.4,0.0,0.7999733342221925,9.430043842781325,9.768479347742481,18.602,25.2,0.02596627753589937,686.4399999999999,5041,4.0,1018081,342.6,57.1,1.0,1.0,0.6999999999999993
93,215.3,42.0,87.7,40.0,35.3,66,0.0,1009,71,25.8,0.8,2.0,2023,5,14,17,6,134,19,-0.9659258262890683,-0.25881904510252063,0.49999999999999994,-0.8660254037844387,-0.7818314824680299,0.6234898018587334,1,1,1,24.0,23.0,25.0,21.0,20.0,26.0,26.333333333333332,4.932882862317387,32.0,23.0,26.0,3.6878177829151433,32.0,23.0,25.083333333333332,5.247654598758548,33.0,17.0,28.75,8.684068371348998,48.0,17.0,26.2,24.7,23.0,71.0,80.0,88.0,2.0,2.0,0.66,1009.0,1011.0,1013.0,1831.8,142.0,51.6,0.0,0.7999800004999875,5.126068426942216,2.0880455227256496,18.317999999999998,24.8,0.025569845817794038,665.64,5041,4.0,1018081,452.3,75.38333333333334,8.0,7.0,-0.3999999999999986
115,308.1,71.0,48.3,51.3,44.7,45,0.0,1010,71,25.4,0.7,2.0,2023,5,14,18,6,134,19,-1.0,-1.8369701987210297e-16,0.49999999999999994,-0.8660254037844387,-0.7818314824680299,0.6234898018587334,1,2,1,32.0,24.0,23.0,29.0,17.0,40.0,32.333333333333336,8.504900548115943,41.0,24.0,28.0,7.211102550927004,41.0,23.0,27.083333333333332,6.345482764545529,41.0,18.0,28.791666666666668,8.742595210490757,48.0,17.0,25.8,25.5,23.5,71.0,76.0,86.0,2.0,2.0,1.33,1009.0,1010.0,1012.0,1803.3999999999999,142.0,50.8,0.0,0.7992046938656168,4.339375501753496,0.6802721088435373,18.034,24.4,0.025148489951990146,645.16,5041,4.0,1020100,564.4000000000001,94.06666666666668,9.0,18.0,-0.40000000000000213
104,400.9,100.0,9.0,46.3,54.0,25,0.0,1010,71,25.0,0.0,2.0,2023,5,14,19,6,134,19,-0.9659258262890684,0.2588190451025203,0.49999999999999994,-0.8660254037844387,-0.7818314824680299,0.6234898018587334,1,2,1,41.0,32.0,24.0,23.0,18.0,42.0,36.666666666666664,4.5092497528238145,41.0,32.0,30.333333333333332,7.5277265270899365,41.0,23.0,28.666666666666668,6.242571342779331,41.0,21.0,28.583333333333332,8.469467755294552,48.0,17.0,25.4,26.2,24.0,71.0,71.0,85.0,2.0,2.0,2.0,1010.0,1009.0,1012.0,1775.0,142.0,50.0,0.0,0.799118809528952,4.008959910400896,0.08999910000899991,17.75,24.0,0.024752450740147782,625.0,5041,4.0,1020100,647.1999999999999,107.86666666666666,-4.0,13.0,-0.3999999999999986
85,607.7,101.0,6.0,35.0,75.3,50,0.0,1010,76,24.7,0.0,1.66,2023,5,14,20,6,134,19,-0.8660254037844386,0.5000000000000001,0.49999999999999994,-0.8660254037844387,-0.7818314824680299,0.6234898018587334,1,2,1,37.0,41.0,32.0,25.0,25.0,48.0,35.333333333333336,6.6583281184800445,41.0,28.0,30.833333333333332,7.194905605124622,41.0,23.0,28.916666666666668,6.141636343002549,41.0,21.0,27.75,7.391240408930808,45.0,17.0,25.0,25.8,24.7,71.0,71.0,80.0,2.0,2.0,2.0,1010.0,1009.0,1011.0,1877.2,126.16,41.001999999999995,0.0,0.7999771435101855,6.016772111167216,0.05940535242225324,18.772000000000002,23.87,0.02445542133126601,610.0899999999999,5776,2.7556,1020100,853.0,142.16666666666666,-9.0,-4.0,-0.3000000000000007
100,814.5,102.0,3.0,43.8,96.7,75,0.0,1011,82,24.3,0.0,1.33,2023,5,14,21,6,134,19,-0.7071067811865477,0.7071067811865474,0.49999999999999994,-0.8660254037844387,-0.7818314824680299,0.6234898018587334,1,2,1,28.0,37.0,41.0,23.0,33.0,45.0,33.333333333333336,4.725815626253586,37.0,28.0,32.833333333333336,6.1779176642825595,41.0,24.0,29.083333333333332,6.287915297447282,41.0,21.0,27.333333333333332,6.617937854745861,41.0,17.0,24.7,25.4,25.5,76.0,71.0,76.0,1.66,2.0,2.0,1010.0,1010.0,1010.0,1992.6000000000001,109.06,32.319,0.0,0.7990685144174792,7.9852158312173405,0.02941147635807492,19.926000000000002,23.635,0.024035584534535574,590.49,6724,1.7689000000000001,1022121,1095.0,182.5,7.0,-6.0,-0.3999999999999986
89,1021.3,103.0,0.0,37.5,118.0,100,0.5,1012,88,24.0,0.0,1.0,2023,5,14,22,6,134,19,-0.5000000000000004,0.8660254037844384,0.49999999999999994,-0.8660254037844387,-0.7818314824680299,0.6234898018587334,1,3,1,35.0,28.0,37.0,24.0,31.0,33.0,31.0,3.6055512754653627,35.0,28.0,33.833333333333336,4.792355023018939,41.0,28.0,29.0,6.266795614404544,41.0,21.0,27.208333333333332,6.534052385749062,41.0,17.0,24.3,25.0,26.2,82.0,71.0,71.0,1.33,2.0,2.0,1011.0,1010.0,1009.0,2112.0,88.0,24.0,50.0,0.7999786672355405,9.91543771419695,0.0,21.12,23.5,0.023715391585581436,576.0,7744,1.0,1024144,1309.8,218.29999999999998,-5.0,-7.0,-0.3000000000000007
69,1068.6,100.0,0.0,26.3,127.3,100,1.0,1011,88,24.0,0.0,1.0,2023,5,14,23,6,134,19,-0.25881904510252157,0.9659258262890681,0.49999999999999994,-0.8660254037844387,-0.7818314824680299,0.6234898018587334,1,3,1,30.0,35.0,28.0,32.0,21.0,34.0,28.666666666666668,7.094598884598332,35.0,21.0,32.0,7.155417527998451,41.0,21.0,29.0,6.266795614404544,41.0,21.0,26.666666666666668,6.485211717013987,41.0,17.0,24.0,24.7,25.8,88.0,76.0,71.0,1.0,1.66,2.0,1012.0,1010.0,1009.0,2112.0,88.0,24.0,100.0,0.79844872818524,10.685893141068588,0.0,21.12,23.5,0.023738848922998098,576.0,7744,1.0,1022121,1343.1999999999998,223.86666666666665,-9.0,-7.0,0.0
78,1115.8,97.0,0.0,31.3,136.7,100,1.0,1011,88,24.0,0.0,1.0,2023,5,15,0,0,135,20,0.0,1.0,0.49999999999999994,-0.8660254037844387,0.0,1.0,1,3,0,21.0,30.0,35.0,41.0,29.0,34.0,25.333333333333332,4.50924975282417,30.0,21.0,29.333333333333332,6.022181221671521,37.0,21.0,28.666666666666668,6.37228849049173,41.0,21.0,26.291666666666668,6.300304800540434,41.0,17.0,24.0,24.3,25.4,88.0,82.0,71.0,1.0,1.33,2.0,1011.0,1011.0,1010.0,2112.0,88.0,24.0,100.0,0.7986965272674994,11.502974196142306,0.0,21.12,23.5,0.023738848922998098,576.0,7744,1.0,1022121,1405.8,234.29999999999998,4.0,-10.0,0.0
74,1163.1,94.0,0.0,28.8,146.0,100,0.5,1010,89,24.0,0.0,1.0,2023,5,15,1,0,135,20,0.25881904510252074,0.9659258262890683,0.49999999999999994,-0.8660254037844387,0.0,1.0,1,3,0,25.0,21.0,30.0,37.0,23.0,30.0,23.0,2.000000000003041,25.0,21.0,27.0,5.099019513591363,35.0,21.0,28.666666666666668,6.37228849049173,41.0,21.0,26.0,6.283172834608948,41.0,17.0,24.0,24.0,25.0,88.0,88.0,71.0,1.0,1.0,2.0,1011.0,1012.0,1010.0,2136.0,89.0,24.0,50.0,0.7985833825214401,12.37327262475931,0.0,21.36,23.5,0.023762352710541872,576.0,7921,1.0,1020100,1454.8999999999999,242.48333333333332,-2.0,-7.0,0.0
80,1162.7,91.0,0.0,32.5,150.7,100,0.25,1009,90,23.7,0.0,0.66,2023,5,15,2,0,135,20,0.49999999999999994,0.8660254037844387,0.49999999999999994,-0.8660254037844387,0.0,1.0,1,3,0,23.0,25.0,21.0,28.0,25.0,20.0,24.666666666666668,1.527525231655773,26.0,23.0,26.666666666666668,5.085928299401402,35.0,21.0,28.75,6.326351813859236,41.0,21.0,26.25,6.152058686891665,41.0,17.0,24.0,24.0,24.7,89.0,88.0,76.0,1.0,1.0,1.66,1010.0,1011.0,1010.0,2133.0,59.400000000000006,15.642,25.0,0.7999753853727578,12.776782672717882,0.0,21.33,23.37,0.023488579297741032,561.6899999999999,8100,0.43560000000000004,1018081,1462.9,243.8166666666667,3.0,5.0,-0.3000000000000007
85,1162.3,88.0,0.0,35.0,155.3,100,0.0,1009,90,23.3,0.0,0.33,2023,5,15,3,0,135,20,0.7071067811865476,0.7071067811865476,0.49999999999999994,-0.8660254037844387,0.0,1.0,1,3,0,26.0,23.0,25.0,35.0,23.0,21.0,25.666666666666668,2.5166114784258493,28.0,23.0,25.5,3.2710854467569206,30.0,21.0,29.166666666666668,6.072790781739531,41.0,21.0,26.541666666666668,6.057544104644462,41.0,17.0,23.7,24.0,24.3,90.0,88.0,82.0,0.66,1.0,1.33,1009.0,1011.0,1011.0,2097.0,29.700000000000003,7.689000000000001,0.0,0.7999771435101855,13.207804456767535,0.0,20.97,23.135,0.0230921475796357,542.89,8100,0.10890000000000001,1018081,1468.6,244.76666666666665,2.0,3.0,-0.3999999999999986
93,1161.9,85.0,0.0,40.0,160.0,100,0.0,1008,91,23.0,0.0,1.6,2023,5,15,4,0,135,20,0.8660254037844386,0.5000000000000001,0.49999999999999994,-0.8660254037844387,0.0,1.0,1,3,0,28.0,26.0,23.0,30.0,24.0,22.0,28.666666666666668,3.055050463305622,32.0,26.0,25.833333333333332,3.868677637985843,32.0,21.0,29.833333333333332,5.890413372333254,41.0,21.0,26.958333333333332,6.075461454413219,41.0,17.0,23.3,24.0,24.0,90.0,89.0,88.0,0.33,1.0,1.0,1009.0,1010.0,1012.0,2093.0,145.6,36.800000000000004,0.0,0.7999800004999875,13.669250949988824,0.0,20.93,22.2,0.02281743768111341,529.0,8281,2.5600000000000005,1016064,1478.9,246.48333333333335,4.0,9.0,-0.3000000000000007
107,932.8,84.0,9.0,47.5,130.7,97,0.0,1008,89,23.3,0.0,0.33,2023,5,15,5,0,135,20,0.9659258262890683,0.25881904510252074,0.49999999999999994,-0.8660254037844387,0.0,1.0,1,3,0,32.0,28.0,26.0,21.0,32.0,20.0,32.666666666666664,5.033222956848102,38.0,28.0,28.666666666666668,5.501514942872813,38.0,23.0,30.333333333333332,6.32934483660029,41.0,21.0,27.708333333333332,6.286487694749338,41.0,17.0,23.0,23.7,24.0,91.0,90.0,88.0,1.6,0.66,1.0,1008.0,1009.0,1011.0,2073.7000000000003,29.37,7.689000000000001,0.0,0.7999831582493001,11.104629706789204,0.10714158164783752,20.737000000000002,23.135,0.02311505643347576,542.89,7921,0.10890000000000001,1016064,1242.0,207.0,6.0,12.0,0.3000000000000007
85,703.6,83.0,18.0,35.0,101.3,95,0.0,1009,87,23.7,0.6,0.66,2023,5,15,6,0,135,20,1.0,6.123233995736766e-17,0.49999999999999994,-0.8660254037844387,0.0,1.0,1,0,0,38.0,32.0,28.0,25.0,41.0,17.0,32.666666666666664,5.033222956848102,38.0,28.0,29.166666666666668,5.231315959359848,38.0,23.0,29.25,5.378830558942243,38.0,21.0,28.166666666666668,5.858228450625087,41.0,18.0,23.3,23.3,24.0,89.0,90.0,88.0,0.33,0.33,1.0,1008.0,1009.0,1011.0,2061.9,57.42,15.642,0.0,0.7999771435101855,8.477006301128903,0.21686485704991504,20.619,23.37,0.023488579297741032,561.6899999999999,7569,0.43560000000000004,1018081,968.9,161.48333333333332,-10.0,0.0,0.3999999999999986
80,474.5,82.0,27.0,32.5,72.0,93,0.0,1009,85,24.0,0.8,1.0,2023,5,15,7,0,135,20,0.9659258262890683,-0.25881904510252063,0.49999999999999994,-0.8660254037844387,0.0,1.0,1,0,0,28.0,38.0,32.0,23.0,37.0,18.0,30.666666666666668,6.429100507329413,38.0,26.0,29.666666666666668,4.633213427703632,38.0,26.0,28.333333333333332,4.8492423650653205,38.0,21.0,28.5,5.469281806440769,41.0,21.0,23.7,23.0,24.0,87.0,91.0,89.0,0.66,1.6,1.0,1009.0,1008.0,1010.0,2040.0,85.0,24.0,0.0,0.7999753853727578,5.786514798600017,0.32926427726491136,20.4,23.5,0.023785903086320035,576.0,7225,1.0,1018081,714.0,119.0,-2.0,-6.0,0.3000000000000007
112,389.3,61.3,69.3,50.0,97.7,91,0.0,1010,77,25.5,1.5,1.0,2023,5,15,8,0,135,20,0.8660254037844387,-0.4999999999999998,0.49999999999999994,-0.8660254037844387,0.0,1.0,1,0,0,26.0,28.0,38.0,26.0,28.0,25.0,31.333333333333332,7.571877794401011,40.0,26.0,32.0,5.7965506984746975,40.0,26.0,29.333333333333332,5.898125023079075,40.0,21.0,29.125,5.892607749287218,41.0,21.0,24.0,23.3,23.7,85.0,89.0,90.0,1.0,0.33,0.66,1009.0,1008.0,1009.0,1963.5,77.0,25.5,0.0,0.7999840003199936,6.350630495424219,1.1304872677444089,19.635,25.0,0.025247499754950737,650.25,5929,1.0,1020100,707.6,117.93333333333334,14.0,2.0,1.5
85,304.1,40.7,111.7,35.0,123.3,89,0.0,1010,70,27.0,3.2,1.0,2023,5,15,9,0,135,20,0.7071067811865476,-0.7071067811865475,0.49999999999999994,-0.8660254037844387,0.0,1.0,1,0,0,40.0,26.0,28.0,28.0,35.0,33.0,31.333333333333332,7.571877794401011,40.0,26.0,32.0,5.7965506984746975,40.0,26.0,28.75,5.626641174722597,40.0,21.0,28.916666666666668,5.837782982000166,41.0,21.0,25.5,23.7,23.3,77.0,87.0,90.0,1.0,0.66,0.33,1010.0,1009.0,1009.0,1890.0,70.0,27.0,0.0,0.7999771435101855,7.471560895309698,2.74440431439031,18.9,26.5,0.026732646799359605,729.0,4900,1.0,1020100,642.8,107.13333333333333,-12.0,0.0,1.5
92,218.9,20.0,154.0,35.0,149.0,87,0.0,1010,63,28.5,3.0,1.0,2023,5,15,10,0,135,20,0.49999999999999994,-0.8660254037844387,0.49999999999999994,-0.8660254037844387,0.0,1.0,1,0,0,28.0,40.0,26.0,32.0,30.0,31.0,32.0,6.928203230276201,40.0,28.0,31.333333333333332,6.022181221671588,40.0,26.0,28.583333333333332,5.615859576936693,40.0,21.0,28.791666666666668,5.823335116929229,41.0,21.0,27.0,24.0,23.0,70.0,85.0,91.0,1.0,1.0,1.6,1010.0,1009.0,1008.0,1795.5,63.0,28.5,0.0,0.7999771435101855,10.944452777361132,7.699615019249037,17.955,28.0,0.028217793843768473,812.25,3969,1.0,1020100,604.9,100.81666666666666,0.0,2.0,1.5
103,222.9,19.0,168.7,30.0,136.3,87,0.0,1009,62,29.2,3.6,1.0,2023,5,15,11,0,135,20,0.258819045102521,-0.9659258262890682,0.49999999999999994,-0.8660254037844387,0.0,1.0,1,0,0,28.0,28.0,40.0,38.0,21.0,21.0,26.666666666666668,2.309401076760899,28.0,24.0,29.0,5.621387729020861,40.0,24.0,28.833333333333332,5.305800142439208,40.0,23.0,28.916666666666668,5.679227340792848,41.0,21.0,28.5,25.5,23.3,63.0,77.0,89.0,1.0,1.0,0.33,1010.0,1010.0,1008.0,1810.3999999999999,62.0,29.2,0.0,0.7999733342221925,11.730961528340613,8.87848007999579,18.104,28.7,0.028939515421689373,852.64,3844,1.0,1018081,600.9000000000001,100.15000000000002,-4.0,-16.0,0.6999999999999993
107,227.0,18.0,183.3,45.0,123.7,87,0.0,1008,61,29.8,3.8,1.0,2023,5,15,12,0,135,20,1.2246467991473532e-16,-1.0,0.49999999999999994,-0.8660254037844387,0.0,1.0,1,1,0,24.0,28.0,28.0,28.0,25.0,29.0,29.333333333333332,6.11010092660863,36.0,24.0,30.333333333333332,6.250333324443867,40.0,24.0,29.75,5.528849954391468,40.0,23.0,29.208333333333332,5.860547286112185,41.0,21.0,29.2,27.0,23.7,62.0,70.0,87.0,1.0,1.0,0.66,1009.0,1010.0,1009.0,1817.8,61.0,29.8,0.0,0.7999822226172753,12.61041053274818,10.182767624020888,18.178,29.3,0.029563462734659988,888.0400000000001,3721,1.0,1016064,633.0,105.5,12.0,8.0,0.6000000000000014
111,231.1,17.0,198.0,37.5,111.0,87,0.0,1007,59,30.5,3.5,1.0,2023,5,15,13,0,135,20,-0.2588190451025208,-0.9659258262890683,0.49999999999999994,-0.8660254037844387,0.0,1.0,1,1,0,36.0,24.0,28.0,26.0,23.0,23.0,30.0,6.000000000000843,36.0,24.0,31.0,5.899152481499959,40.0,24.0,30.333333333333332,5.104958967572487,40.0,24.0,29.5,5.710402407201899,41.0,21.0,29.8,28.5,24.0,61.0,63.0,85.0,1.0,1.0,1.0,1008.0,1010.0,1009.0,1799.5,59.0,30.5,0.0,0.7999786672355405,13.593318040115285,11.646373742721016,17.995,30.0,0.0302879540338093,930.25,3481,1.0,1014049,624.6,104.10000000000001,-6.0,2.0,0.6999999999999993
110,212.2,16.3,193.0,37.5,95.3,83,0.0,1006,59,30.8,3.2,1.66,2023,5,15,14,0,135,20,-0.4999999999999997,-0.8660254037844388,0.49999999999999994,-0.8660254037844387,0.0,1.0,1,1,0,30.0,36.0,24.0,40.0,26.0,25.0,32.0,3.4641016151391315,36.0,30.0,29.333333333333332,3.932768320998976,36.0,24.0,30.666666666666668,4.923659639172565,40.0,24.0,29.708333333333332,5.629728286490701,41.0,21.0,30.5,29.2,25.5,59.0,62.0,77.0,1.0,1.0,1.0,1007.0,1009.0,1010.0,1817.2,97.94,51.128,0.0,0.7999786672355405,13.017606281823198,11.839764431629959,18.172,29.970000000000002,0.030616271753208996,948.6400000000001,3481,2.7556,1012036,584.3,97.38333333333333,0.0,6.0,0.3000000000000007
108,193.4,15.7,188.0,28.8,79.7,79,0.0,1006,59,31.2,2.7,2.33,2023,5,15,15,0,135,20,-0.7071067811865471,-0.7071067811865479,0.49999999999999994,-0.8660254037844387,0.0,1.0,1,1,0,30.0,30.0,36.0,28.0,28.0,23.0,27.666666666666668,4.04145188432871,30.0,23.0,28.5,4.722287581245567,36.0,23.0,30.25,5.361902647381123,40.0,23.0,29.708333333333332,5.629728286490701,41.0,21.0,30.8,29.8,27.0,59.0,61.0,70.0,1.66,1.0,1.0,1006.0,1008.0,1010.0,1840.8,137.47,72.696,0.0,0.7985833825214401,12.317686771543215,11.973759633144386,18.408,30.035,0.031013885672081836,973.4399999999999,3481,5.4289000000000005,1012036,528.6,88.10000000000001,-7.0,-13.0,0.3999999999999986
107,174.5,15.0,183.0,38.8,64.0,75,0.0,1005,60,31.5,1.4,3.0,2023,5,15,16,0,135,20,-0.8660254037844385,-0.5000000000000004,0.49999999999999994,-0.8660254037844387,0.0,1.0,1,1,0,23.0,30.0,30.0,28.0,32.0,24.0,28.0,4.358898943541895,31.0,23.0,29.0,4.8166378315154965,36.0,23.0,30.166666666666668,5.3399580068708605,40.0,23.0,30.0,5.5009880535428195,41.0,21.0,31.2,30.5,28.5,59.0,59.0,63.0,2.33,1.0,1.0,1006.0,1007.0,1010.0,1890.0,180.0,94.5,0.0,0.7989484807092602,11.632557829478035,12.199186720885274,18.9,30.0,0.03134325239477374,992.25,3600,9.0,1010025,506.3,84.38333333333334,8.0,1.0,0.3000000000000007
89,188.3,28.0,140.3,37.5,67.7,62,0.0,1005,65,30.2,0.8,2.66,2023,5,15,17,0,135,20,-0.9659258262890683,-0.25881904510252063,0.49999999999999994,-0.8660254037844387,0.0,1.0,1,1,0,31.0,23.0,30.0,24.0,38.0,32.0,28.0,4.358898943541895,31.0,23.0,30.0,4.147288270663942,36.0,23.0,29.5,4.738622738152742,40.0,23.0,29.916666666666668,5.484497255440187,41.0,21.0,31.5,30.8,29.2,60.0,59.0,62.0,3.0,1.66,1.0,1005.0,1006.0,1009.0,1963.0,172.9,80.33200000000001,0.0,0.7999786672355405,6.724759830006072,5.010535338023642,19.63,28.869999999999997,0.03004972134356085,912.04,4225,7.0756000000000006,1010025,491.8,81.96666666666667,-1.0,0.0,-1.3000000000000007
98,202.1,41.0,97.7,42.5,71.3,50,0.0,1005,72,29.0,0.7,2.33,2023,5,15,18,0,135,20,-1.0,-1.8369701987210297e-16,0.49999999999999994,-0.8660254037844387,0.0,1.0,1,2,0,30.0,31.0,23.0,36.0,28.0,41.0,31.666666666666668,2.08166599946844,34.0,30.0,29.666666666666668,3.6147844564583984,34.0,23.0,30.0,4.880387465988179,40.0,23.0,29.625,5.037360419902804,40.0,21.0,30.2,31.2,29.8,65.0,59.0,61.0,2.66,2.33,1.0,1005.0,1006.0,1008.0,2088.0,167.76,67.57000000000001,0.0,0.7999811769134845,4.929148069559279,2.3828687105192556,20.88,27.835,0.028855692680902805,841.0,5184,5.4289000000000005,1010025,488.6,81.43333333333334,4.0,11.0,-1.1999999999999993
115,215.9,54.0,55.0,51.3,75.0,37,0.0,1006,79,27.7,0.0,2.0,2023,5,15,19,0,135,20,-0.9659258262890684,0.2588190451025203,0.49999999999999994,-0.8660254037844387,0.0,1.0,1,2,0,34.0,30.0,31.0,30.0,26.0,37.0,35.0,5.5677643628308005,41.0,30.0,31.5,5.890670590008181,41.0,23.0,31.25,5.626641174722584,41.0,23.0,29.791666666666668,5.348540367051033,41.0,21.0,29.0,31.5,30.5,72.0,60.0,59.0,2.33,3.0,1.0,1005.0,1005.0,1007.0,2188.2999999999997,158.0,55.4,0.0,0.7992046938656168,3.9980741097387087,1.0184996574137517,21.882999999999996,26.7,0.027534763881944452,767.29,6241,4.0,1012036,492.2,82.03333333333333,7.0,10.0,-1.3000000000000007
126,208.7,51.0,46.3,56.3,70.7,45,0.0,1006,80,27.2,0.0,2.0,2023,5,15,20,0,135,20,-0.8660254037844386,0.5000000000000001,0.49999999999999994,-0.8660254037844387,0.0,1.0,1,2,0,41.0,34.0,30.0,30.0,40.0,28.0,40.0,5.567764362830674,45.0,34.0,34.0,7.949842765739984,45.0,23.0,31.666666666666668,6.457319079692617,45.0,23.0,30.5,6.164414002969263,45.0,21.0,27.7,30.2,30.8,79.0,65.0,59.0,2.0,2.66,1.66,1006.0,1005.0,1006.0,2176.0,160.0,54.4,0.0,0.7992753237065062,4.09207662594851,0.9078253367581027,21.76,26.2,0.027037746483353397,739.8399999999999,6400,4.0,1012036,478.0,79.66666666666667,4.0,15.0,-0.5
95,201.5,48.0,37.7,41.3,66.3,54,0.5,1007,80,26.7,0.0,2.0,2023,5,15,21,0,135,20,-0.7071067811865477,0.7071067811865474,0.49999999999999994,-0.8660254037844387,0.0,1.0,1,2,0,45.0,41.0,34.0,23.0,28.0,35.0,39.666666666666664,6.110100926608391,45.0,33.0,35.666666666666664,5.988878581725938,45.0,30.0,32.083333333333336,6.35979321180825,45.0,23.0,30.416666666666668,6.114250401399832,45.0,21.0,27.2,29.0,31.2,80.0,72.0,59.0,2.0,2.33,2.33,1006.0,1005.0,1006.0,2136.0,160.0,53.4,27.0,0.7990121304568898,4.1978292118914196,0.7854003041603301,21.36,25.7,0.026514372875498633,712.89,6400,4.0,1014049,427.8,71.3,-12.0,-1.0,-0.5
78,194.3,45.0,29.0,31.3,62.0,62,1.0,1008,80,26.2,0.0,2.0,2023,5,15,22,0,135,20,-0.5000000000000004,0.8660254037844384,0.49999999999999994,-0.8660254037844387,0.0,1.0,1,3,0,33.0,45.0,41.0,31.0,28.0,30.0,34.333333333333336,10.066445913694775,45.0,25.0,34.666666666666664,7.284687135811345,45.0,25.0,31.833333333333332,6.589707309451234,45.0,23.0,30.208333333333332,6.213443816272462,45.0,21.0,26.7,27.7,31.5,80.0,79.0,60.0,2.0,2.0,3.0,1007.0,1006.0,1005.0,2096.0,160.0,52.4,62.0,0.7986965272674994,4.317681829292683,0.6444301237750273,20.96,25.2,0.0259920377063118,686.4399999999999,6400,4.0,1016064,386.6,64.43333333333334,-8.0,-16.0,-0.5
89,188.3,42.0,28.0,37.5,59.3,62,0.5,1007,85,25.9,0.0,2.0,2023,5,15,23,0,135,20,-0.25881904510252157,0.9659258262890681,0.49999999999999994,-0.8660254037844387,0.0,1.0,1,3,0,25.0,33.0,45.0,30.0,24.0,21.0,29.333333333333332,4.041451884328658,33.0,25.0,34.666666666666664,7.284687135811345,45.0,25.0,32.333333333333336,6.154574548966034,45.0,23.0,30.583333333333332,5.8970638727119224,45.0,23.0,26.2,27.2,30.2,80.0,80.0,65.0,2.0,2.0,2.66,1008.0,1006.0,1005.0,2201.5,170.0,51.8,31.0,0.7999786672355405,4.4832265898431,0.6666507940287136,22.015,24.9,0.025719934736906914,670.81,7225,4.0,1014049,385.1,64.18333333333334,5.0,-15.0,-0.3000000000000007
72,182.3,39.0,27.0,27.5,56.7,62,0.0,1007,90,25.5,0.0,2.0,2023,5,16,0,1,136,20,0.0,1.0,0.49999999999999994,-0.8660254037844387,0.7818314824680298,0.6234898018587336,1,3,0,30.0,25.0,33.0,34.0,36.0,25.0,25.666666666666668,4.0414518843287865,30.0,22.0,32.666666666666664,8.959166627909902,45.0,22.0,31.166666666666668,6.6991632222823565,45.0,22.0,30.458333333333332,6.050362307992352,45.0,22.0,25.9,26.7,29.0,85.0,80.0,72.0,2.0,2.0,2.33,1007.0,1007.0,1005.0,2295.0,180.0,51.0,0.0,0.7999709101487218,4.674239122073794,0.6922899412835569,22.95,24.5,0.025322715667611056,650.25,8100,4.0,1014049,354.5,59.083333333333336,-8.0,-11.0,-0.3999999999999986
74,176.2,36.0,26.0,28.8,54.0,62,0.0,1006,95,25.2,0.0,2.0,2023,5,16,1,1,136,20,0.25881904510252074,0.9659258262890683,0.49999999999999994,-0.8660254037844387,0.7818314824680298,0.6234898018587336,1,3,0,22.0,30.0,25.0,41.0,30.0,23.0,25.0,4.358898943541999,30.0,22.0,29.666666666666668,8.617811013630625,45.0,22.0,30.583333333333332,7.102603022622226,45.0,22.0,30.458333333333332,6.050362307992352,45.0,22.0,25.5,26.2,27.7,90.0,80.0,79.0,2.0,2.0,2.0,1007.0,1008.0,1006.0,2394.0,190.0,50.4,0.0,0.7985833825214401,4.8943084914307935,0.7222021610510819,23.94,24.2,0.025049676888989177,635.04,9025,4.0,1012036,344.0,57.333333333333336,1.0,-2.0,-0.3000000000000007
78,167.3,31.0,30.0,31.3,53.0,75,0.0,1006,95,25.2,0.0,2.33,2023,5,16,2,1,136,20,0.49999999999999994,0.8660254037844387,0.49999999999999994,-0.8660254037844387,0.7818314824680298,0.6234898018587336,1,3,0,23.0,22.0,30.0,45.0,30.0,26.0,23.333333333333332,1.5275252316558845,25.0,22.0,26.333333333333332,4.273952113284842,33.0,22.0,30.166666666666668,7.284271141342748,45.0,22.0,30.416666666666668,6.085740044075289,45.0,22.0,25.2,25.9,27.2,95.0,85.0,80.0,2.0,2.0,2.0,1006.0,1007.0,1006.0,2394.0,221.35,58.716,0.0,0.7986965272674994,5.396600109673882,0.9677107190090641,23.94,24.035,0.025049676888989177,635.04,9025,5.4289000000000005,1012036,337.6,56.26666666666667,2.0,-5.0,0.0
80,158.4,26.0,34.0,32.5,52.0,87,0.0,1005,96,25.2,0.0,2.66,2023,5,16,3,1,136,20,0.7071067811865476,0.7071067811865476,0.49999999999999994,-0.8660254037844387,0.7818314824680298,0.6234898018587336,1,3,0,25.0,23.0,22.0,33.0,23.0,28.0,24.666666666666668,1.5275252316557608,26.0,23.0,25.166666666666668,2.7868739954744113,30.0,22.0,30.416666666666668,7.064100448854606,45.0,22.0,30.333333333333332,6.133774401280227,45.0,22.0,25.2,25.5,26.7,95.0,90.0,80.0,2.33,2.0,2.0,1006.0,1007.0,1007.0,2419.2,255.36,67.032,0.0,0.7999753853727578,6.092073381793008,1.307642013768701,24.191999999999997,23.869999999999997,0.02507460191581899,635.04,9216,7.0756000000000006,1010025,328.9,54.81666666666666,1.0,4.0,0.0
78,149.4,21.0,38.0,31.3,51.0,100,0.0,1005,96,25.2,0.0,3.0,2023,5,16,4,1,136,20,0.8660254037844386,0.5000000000000001,0.49999999999999994,-0.8660254037844387,0.7818314824680298,0.6234898018587336,1,3,0,26.0,25.0,23.0,25.0,31.0,32.0,25.333333333333332,0.5773502691995543,26.0,25.0,25.166666666666668,2.7868739954744113,30.0,22.0,29.916666666666668,7.229464123650122,45.0,22.0,30.041666666666668,6.216941556653402,45.0,22.0,25.2,25.2,26.2,96.0,95.0,80.0,2.66,2.0,2.0,1005.0,1006.0,1008.0,2419.2,288.0,75.6,0.0,0.7986965272674994,7.113946954906909,1.8094376458263892,24.191999999999997,23.7,0.02507460191581899,635.04,9216,9.0,1010025,315.70000000000005,52.616666666666674,-1.0,2.0,0.0
80,145.3,20.3,42.0,32.5,50.3,87,0.0,1005,95,25.6,0.0,2.66,2023,5,16,5,1,136,20,0.9659258262890683,0.25881904510252074,0.49999999999999994,-0.8660254037844387,0.7818314824680298,0.6234898018587336,1,3,0,25.0,26.0,25.0,30.0,30.0,38.0,25.666666666666668,0.5773502691994725,26.0,25.0,24.5,1.643167672510805,26.0,22.0,29.583333333333332,7.316958301635422,45.0,22.0,29.541666666666668,6.028765586150864,45.0,22.0,25.2,25.2,25.9,96.0,95.0,85.0,3.0,2.33,2.0,1005.0,1006.0,1007.0,2432.0,252.70000000000002,68.096,0.0,0.7999753853727578,7.157282892468351,2.068863602778188,24.32,24.270000000000003,0.02547261147003834,655.3600000000001,9025,7.0756000000000006,1010025,316.40000000000003,52.73333333333334,1.0,1.0,0.40000000000000213
85,141.2,19.7,46.0,35.0,49.7,75,0.0,1005,94,26.1,0.7,2.33,2023,5,16,6,1,136,20,1.0,6.123233995736766e-17,0.49999999999999994,-0.8660254037844387,0.7818314824680298,0.6234898018587336,1,0,0,26.0,25.0,26.0,22.0,34.0,28.0,26.333333333333332,1.5275252316556063,28.0,25.0,25.5,1.6431676725109265,28.0,23.0,29.083333333333332,7.19164077034509,45.0,22.0,29.541666666666668,6.028765586150864,45.0,22.0,25.6,25.2,25.5,95.0,96.0,90.0,2.66,2.66,2.0,1005.0,1005.0,1007.0,2453.4,219.02,60.813,0.0,0.7999771435101855,7.167148875691589,2.3349068575199228,24.534000000000002,24.935000000000002,0.025970123412812525,681.21,8836,5.4289000000000005,1010025,319.59999999999997,53.26666666666666,2.0,2.0,0.5
102,137.1,19.0,50.0,45.0,49.0,62,0.0,1006,94,26.5,1.2,2.0,2023,5,16,7,1,136,20,0.9659258262890683,-0.25881904510252063,0.49999999999999994,-0.8660254037844387,0.7818314824680298,0.6234898018587336,1,0,0,28.0,26.0,25.0,23.0,41.0,26.0,30.0,5.291502622130139,36.0,26.0,27.666666666666668,4.226897995770954,36.0,25.0,28.666666666666668,6.555127532679266,45.0,22.0,29.958333333333332,6.11824901540434,45.0,22.0,26.1,25.2,25.2,94.0,96.0,95.0,2.33,3.0,2.0,1005.0,1005.0,1006.0,2491.0,188.0,53.0,0.0,0.7999822226172753,7.215409715278143,2.631440450502605,24.91,25.5,0.02634192212532592,702.25,8836,4.0,1012036,336.1,56.01666666666667,8.0,11.0,0.3999999999999986
107,136.6,16.3,69.7,47.5,47.3,62,0.0,1006,88,27.7,1.7,2.33,2023,5,16,8,1,136,20,0.8660254037844387,-0.4999999999999998,0.49999999999999994,-0.8660254037844387,0.7818314824680298,0.6234898018587336,1,0,0,36.0,28.0,26.0,25.0,45.0,40.0,34.0,5.291502622130031,38.0,28.0,29.833333333333332,5.67156650905668,38.0,25.0,28.083333333333332,5.124953806147363,38.0,22.0,29.875,5.987759252806397,45.0,22.0,26.5,25.6,25.2,94.0,95.0,95.0,2.0,2.66,2.33,1006.0,1005.0,1006.0,2437.6,205.04000000000002,64.541,0.0,0.7999831582493001,8.379853996687318,4.2758112999202496,24.375999999999998,26.535,0.027534763881944452,767.29,7744,5.4289000000000005,1012036,355.40000000000003,59.23333333333334,2.0,12.0,1.1999999999999993
104,136.0,13.7,89.3,46.3,45.7,62,0.0,1006,82,28.9,3.3,2.66,2023,5,16,9,1,136,20,0.7071067811865476,-0.7071067811865475,0.49999999999999994,-0.8660254037844387,0.7818314824680298,0.6234898018587336,1,0,0,38.0,36.0,28.0,26.0,33.0,28.0,37.0,1.0000000000040803,38.0,36.0,31.666666666666668,5.955389715766224,38.0,25.0,28.416666666666668,5.583389868550755,38.0,22.0,30.25,6.144987352730751,45.0,22.0,27.7,26.1,25.2,88.0,94.0,96.0,2.33,2.33,2.66,1006.0,1005.0,1005.0,2369.7999999999997,218.12,76.874,0.0,0.799118809528952,9.926282753083717,6.517772425370412,23.697999999999997,27.57,0.028727605638562984,835.2099999999999,6724,7.0756000000000006,1012036,368.0,61.333333333333336,-1.0,9.0,1.1999999999999993
110,135.4,11.0,109.0,48.8,44.0,62,0.0,1006,76,30.1,4.9,3.0,2023,5,16,10,1,136,20,0.49999999999999994,-0.8660254037844387,0.49999999999999994,-0.8660254037844387,0.7818314824680298,0.6234898018587336,1,0,0,37.0,38.0,36.0,25.0,25.0,28.0,38.0,1.00000000000394,39.0,37.0,34.0,5.549774770203595,39.0,26.0,29.583333333333332,6.2298158929938525,39.0,22.0,30.708333333333332,6.37576366554189,45.0,22.0,28.9,26.5,25.2,82.0,94.0,96.0,2.66,2.0,3.0,1006.0,1006.0,1005.0,2287.6,228.0,90.30000000000001,0.0,0.7991639515583698,12.307972002545224,9.908190164530497,22.875999999999998,28.6,0.02992044739518152,906.0100000000001,5776,9.0,1012036,387.2,64.53333333333333,2.0,3.0,1.2000000000000028
107,133.3,9.7,128.7,47.5,44.0,50,0.0,1005,69,31.6,5.2,3.0,2023,5,16,11,1,136,20,0.258819045102521,-0.9659258262890682,0.49999999999999994,-0.8660254037844387,0.7818314824680298,0.6234898018587336,1,0,0,39.0,37.0,38.0,26.0,30.0,24.0,38.0,1.00000000000394,39.0,37.0,36.0,4.049691346261978,39.0,28.0,30.25,6.68954408012928,39.0,22.0,31.291666666666668,6.3757636655419,45.0,22.0,30.1,27.7,25.6,76.0,88.0,95.0,3.0,2.33,2.66,1006.0,1006.0,1005.0,2180.4,207.0,94.80000000000001,0.0,0.7999831582493001,13.740851458612518,13.266673538810432,21.804000000000002,30.1,0.03144275478332858,998.5600000000001,4761,9.0,1010025,401.2,66.86666666666666,-1.0,0.0,1.5
91,131.1,8.3,148.3,38.8,44.0,37,0.0,1004,62,33.2,5.6,3.0,2023,5,16,12,1,136,20,1.2246467991473532e-16,-1.0,0.49999999999999994,-0.8660254037844387,0.7818314824680298,0.6234898018587336,1,1,0,38.0,39.0,37.0,28.0,22.0,36.0,36.0,4.358898943541642,39.0,31.0,36.5,2.8809720581757388,39.0,31.0,31.0,6.164414002968381,39.0,23.0,31.083333333333332,6.2964218041865285,45.0,22.0,31.6,28.9,26.1,69.0,82.0,94.0,3.0,2.66,2.33,1005.0,1006.0,1005.0,2058.4,186.0,99.60000000000001,0.0,0.7989484807092602,15.793277918323092,17.865317431634743,20.584,31.700000000000003,0.033067696147713,1102.2400000000002,3844,9.0,1008016,401.50000000000006,66.91666666666667,-7.0,-6.0,1.6000000000000014
102,129.0,7.0,168.0,38.8,44.0,25,0.0,1003,56,34.7,5.5,3.0,2023,5,16,13,1,136,20,-0.2588190451025208,-0.9659258262890683,0.49999999999999994,-0.8660254037844387,0.7818314824680298,0.6234898018587336,1,1,0,31.0,38.0,39.0,36.0,23.0,30.0,33.333333333333336,4.041451884328517,38.0,31.0,35.666666666666664,3.66969571853794,39.0,31.0,31.666666666666668,5.630006189780106,39.0,25.0,31.125,6.292248509424234,45.0,22.0,33.2,30.1,26.5,62.0,76.0,94.0,3.0,3.0,2.0,1004.0,1006.0,1006.0,1943.2000000000003,168.0,104.10000000000001,0.0,0.7989484807092602,18.425939151549777,23.996571918297384,19.432000000000002,33.2,0.03459617687320352,1204.0900000000001,3136,9.0,1006009,417.8,69.63333333333334,0.0,-8.0,1.5
103,135.6,9.7,171.0,43.8,51.7,37,0.0,1002,52,35.2,6.9,2.66,2023,5,16,14,1,136,20,-0.4999999999999997,-0.8660254037844388,0.49999999999999994,-0.8660254037844387,0.7818314824680298,0.6234898018587336,1,1,0,31.0,31.0,38.0,38.0,25.0,30.0,32.333333333333336,2.3094010767605546,35.0,31.0,35.166666666666664,3.488074922741123,39.0,31.0,32.5,5.282905536642073,39.0,25.0,31.333333333333332,6.336002488654467,45.0,22.0,34.7,31.6,27.7,56.0,69.0,88.0,3.0,3.0,2.33,1003.0,1005.0,1006.0,1830.4,138.32,93.63200000000002,0.0,0.7990685144174792,13.977940418513557,17.627048757860017,18.304000000000002,33.870000000000005,0.03512970545937579,1239.0400000000002,2704,7.0756000000000006,1004004,446.79999999999995,74.46666666666665,4.0,-3.0,0.5
104,142.2,12.3,174.0,36.3,59.3,50,0.0,1001,49,35.7,5.1,2.33,2023,5,16,15,1,136,20,-0.7071067811865471,-0.7071067811865479,0.49999999999999994,-0.8660254037844387,0.7818314824680298,0.6234898018587336,1,1,0,35.0,31.0,31.0,37.0,26.0,23.0,31.666666666666668,3.0550504633054745,35.0,29.0,33.833333333333336,4.11906138175373,39.0,29.0,32.75,5.011350752404876,39.0,25.0,31.583333333333332,6.107135289911231,45.0,22.0,35.2,33.2,28.9,52.0,62.0,82.0,2.66,3.0,2.66,1002.0,1004.0,1006.0,1749.3000000000002,114.17,83.18100000000001,0.0,0.798876064020275,11.560035769449637,14.145191447849768,17.493000000000002,34.535000000000004,0.0356643000356643,1274.4900000000002,2401,5.4289000000000005,1002001,453.1,75.51666666666667,-6.0,-2.0,0.5
105,148.8,15.0,177.0,36.3,67.0,62,0.0,1000,46,36.2,3.0,2.0,2023,5,16,16,1,136,20,-0.8660254037844385,-0.5000000000000004,0.49999999999999994,-0.8660254037844387,0.7818314824680298,0.6234898018587336,1,1,0,29.0,35.0,31.0,39.0,25.0,31.0,31.0,3.464101615139177,35.0,29.0,32.166666666666664,3.6009258068799865,38.0,29.0,33.083333333333336,4.561864318521387,39.0,26.0,31.5,6.129047021463296,45.0,22.0,35.7,34.7,30.1,49.0,56.0,76.0,2.33,3.0,3.0,1001.0,1003.0,1006.0,1665.2,92.0,72.4,0.0,0.798876064020275,9.919338710752617,11.799213385774282,16.652,35.2,0.036199963800036206,1310.4400000000003,2116,4.0,1000000,473.1,78.85000000000001,0.0,-2.0,0.5
107,169.2,27.0,148.3,47.5,70.7,60,0.0,1001,52,34.9,1.4,2.33,2023,5,16,17,1,136,20,-0.9659258262890683,-0.25881904510252063,0.49999999999999994,-0.8660254037844387,0.7818314824680298,0.6234898018587336,1,1,0,29.0,29.0,35.0,38.0,26.0,30.0,32.0,5.196152422707554,38.0,29.0,32.166666666666664,3.6009258068799865,38.0,29.0,34.083333333333336,4.166060561976155,39.0,28.0,31.833333333333332,6.260064360460303,45.0,22.0,36.2,35.2,31.6,46.0,52.0,69.0,2.0,2.66,3.0,1000.0,1002.0,1005.0,1814.8,121.16,81.317,0.0,0.7999831582493001,6.266434576497166,5.492389170771453,18.148,33.735,0.0348651000348651,1218.01,2704,5.4289000000000005,1002001,500.7,83.45,9.0,3.0,-1.3000000000000043
98,189.7,39.0,119.7,42.5,74.3,59,0.0,1001,60,33.5,1.8,2.66,2023,5,16,18,1,136,20,-1.0,-1.8369701987210297e-16,0.49999999999999994,-0.8660254037844387,0.7818314824680298,0.6234898018587336,1,2,0,38.0,29.0,29.0,31.0,28.0,34.0,33.666666666666664,4.509249752823905,38.0,29.0,32.666666666666664,3.6147844564585703,38.0,29.0,34.583333333333336,3.704010930017541,39.0,29.0,31.833333333333332,6.260064360460303,45.0,22.0,34.9,35.7,33.2,52.0,49.0,62.0,2.33,2.33,3.0,1001.0,1001.0,1004.0,2010.0,159.60000000000002,89.11,0.0,0.7999811769134845,4.863977846721879,3.0691520730237687,20.1,32.17,0.033466500033466504,1122.25,3600,7.0756000000000006,1002001,499.2,83.2,-4.0,5.0,-1.3999999999999986
112,210.1,51.0,91.0,50.0,78.0,57,0.0,1002,69,32.2,0.0,3.0,2023,5,16,19,1,136,20,-0.9659258262890684,0.2588190451025203,0.49999999999999994,-0.8660254037844387,0.7818314824680298,0.6234898018587336,1,2,0,34.0,38.0,29.0,31.0,36.0,41.0,37.333333333333336,3.0550504633052142,40.0,34.0,34.166666666666664,4.535048695069886,40.0,29.0,34.916666666666664,4.010403138504376,40.0,29.0,31.791666666666668,6.199433120414848,45.0,22.0,33.5,36.2,34.7,60.0,46.0,56.0,2.66,2.0,3.0,1001.0,1000.0,1003.0,2221.8,207.0,96.60000000000001,0.0,0.7999840003199936,4.119527068096704,1.7842787396325563,22.218000000000004,30.700000000000003,0.03213569647136081,1036.8400000000001,4761,9.0,1004004,520.1,86.68333333333334,6.0,11.0,-1.2999999999999972
131,206.8,49.0,76.0,58.8,70.7,55,0.0,1002,73,31.2,0.0,2.66,2023,5,16,20,1,136,20,-0.8660254037844386,0.5000000000000001,0.49999999999999994,-0.8660254037844387,0.7818314824680298,0.6234898018587336,1,2,0,40.0,34.0,38.0,35.0,38.0,45.0,40.333333333333336,6.506407098648266,47.0,34.0,36.166666666666664,6.9689788826381065,47.0,29.0,35.666666666666664,5.280036730817337,47.0,29.0,31.875,6.395055834817912,47.0,22.0,32.2,34.9,35.2,69.0,52.0,52.0,3.0,2.33,2.66,1002.0,1001.0,1002.0,2277.6,194.18,82.992,0.0,0.7993061342494175,4.2203220342442,1.550988755331524,22.776,29.869999999999997,0.031137693475355815,973.4399999999999,5329,7.0756000000000006,1004004,508.3,84.71666666666667,7.0,9.0,-1.0000000000000036
142,203.5,47.0,61.0,63.8,63.3,54,0.0,1003,77,30.2,0.0,2.33,2023,5,16,21,1,136,20,-0.7071067811865477,0.7071067811865474,0.49999999999999994,-0.8660254037844387,0.7818314824680298,0.6234898018587336,1,2,0,47.0,40.0,34.0,29.0,37.0,33.0,46.0,5.567764362830526,51.0,40.0,39.833333333333336,8.134289561274379,51.0,29.0,36.833333333333336,6.899714530765232,51.0,29.0,32.625,7.493838048400577,51.0,22.0,31.2,33.5,35.7,73.0,60.0,49.0,2.66,2.66,2.33,1002.0,1001.0,1001.0,2325.4,179.41,70.366,0.0,0.7993605115907275,4.329695112869939,1.2978447267079425,23.254,29.035,0.030109640967456663,912.04,5929,5.4289000000000005,1006009,489.6,81.60000000000001,4.0,17.0,-1.0
110,200.2,45.0,46.0,48.8,56.0,52,0.0,1004,80,29.2,0.0,2.0,2023,5,16,22,1,136,20,-0.5000000000000004,0.8660254037844384,0.49999999999999994,-0.8660254037844387,0.7818314824680298,0.6234898018587336,1,3,0,51.0,47.0,40.0,29.0,39.0,25.0,45.666666666666664,6.110100926608256,51.0,39.0,41.5,6.284902544987575,51.0,34.0,36.833333333333336,6.899714530765232,51.0,29.0,33.208333333333336,7.419007121351939,51.0,22.0,30.2,32.2,36.2,77.0,69.0,46.0,2.33,3.0,2.0,1003.0,1002.0,1000.0,2336.0,160.0,58.4,0.0,0.7991639515583698,4.448790026888291,1.0221995066776295,23.36,28.2,0.029083636370880107,852.64,6400,4.0,1008016,435.0,72.5,-12.0,-1.0,-1.0
102,200.6,43.7,40.3,45.0,58.0,0,0.0,1003,82,28.8,0.0,2.0,2023,5,16,23,1,136,20,-0.25881904510252157,0.9659258262890681,0.49999999999999994,-0.8660254037844387,0.7818314824680298,0.6234898018587336,1,3,0,39.0,51.0,47.0,38.0,38.0,30.0,42.0,7.937253933194198,51.0,36.0,41.166666666666664,6.554896388704999,51.0,34.0,36.666666666666664,6.893123494842073,51.0,29.0,33.458333333333336,7.407277072122561,51.0,22.0,29.2,31.2,34.9,80.0,73.0,52.0,2.0,2.66,2.33,1004.0,1002.0,1001.0,2361.6,164.0,57.6,0.0,0.7999822226172753,4.590283975195075,0.9221756939200475,23.616,27.8,0.028713829796779864,829.44,6724,4.0,1006009,423.6,70.60000000000001,-3.0,-11.0,-0.3999999999999986
123,201.0,42.3,34.7,55.0,60.0,0,0.0,1003,84,28.4,0.0,2.0,2023,5,17,0,2,137,20,0.0,1.0,0.49999999999999994,-0.8660254037844387,0.9749279121818236,-0.22252093395631434,1,3,0,36.0,39.0,51.0,34.0,31.0,22.0,39.666666666666664,4.041451884328296,44.0,36.0,42.833333333333336,5.564770136012671,51.0,36.0,37.75,6.942949334003357,51.0,29.0,34.375,7.287944184390202,51.0,23.0,28.8,30.2,33.5,82.0,77.0,60.0,2.0,2.33,2.66,1003.0,1003.0,1001.0,2385.6,168.0,56.8,0.0,0.7999854548099126,4.7516607172407275,0.820311576558474,23.855999999999998,27.4,0.02831502660515792,806.56,7056,4.0,1006009,437.0,72.83333333333333,8.0,-7.0,-0.40000000000000213
131,201.3,41.0,29.0,58.8,62.0,47,0.0,1003,86,27.9,0.0,2.0,2023,5,17,1,2,137,20,0.25881904510252074,0.9659258262890683,0.49999999999999994,-0.8660254037844387,0.9749279121818236,-0.22252093395631434,1,3,0,44.0,36.0,39.0,40.0,31.0,23.0,42.333333333333336,5.686240703077911,47.0,36.0,44.0,5.5856960175068835,51.0,36.0,39.083333333333336,7.064100448854566,51.0,29.0,35.375,7.305819598101541,51.0,25.0,28.4,29.2,32.2,84.0,80.0,69.0,2.0,2.0,3.0,1003.0,1004.0,1002.0,2399.4,172.0,55.8,0.0,0.7993061342494175,4.909636350332919,0.7072998219555621,23.994,26.9,0.02781652261563049,778.41,7396,4.0,1006009,439.1,73.18333333333334,3.0,8.0,-0.5
131,202.9,38.3,28.3,58.8,63.3,45,0.0,1002,88,27.5,0.0,2.0,2023,5,17,2,2,137,20,0.49999999999999994,0.8660254037844387,0.49999999999999994,-0.8660254037844387,0.9749279121818236,-0.22252093395631434,1,3,0,47.0,44.0,36.0,47.0,35.0,25.0,46.0,1.7320508075704952,47.0,44.0,44.0,5.5856960175068835,51.0,36.0,40.083333333333336,7.279589565519219,51.0,29.0,36.291666666666664,7.327608107678446,51.0,25.0,27.9,28.8,31.2,86.0,82.0,73.0,2.0,2.0,2.66,1003.0,1003.0,1002.0,2420.0,176.0,55.0,0.0,0.7993061342494175,5.297511814312943,0.7388841022427614,24.2,26.5,0.027445082390137335,756.25,7744,4.0,1004004,438.6,73.10000000000001,0.0,11.0,-0.3999999999999986
126,204.5,35.7,27.7,56.3,64.7,44,0.0,1002,90,27.1,0.0,2.0,2023,5,17,3,2,137,20,0.7071067811865476,0.7071067811865476,0.49999999999999994,-0.8660254037844387,0.9749279121818236,-0.22252093395631434,1,3,0,47.0,47.0,44.0,51.0,29.0,26.0,46.333333333333336,1.1547005383816389,47.0,45.0,43.0,4.516635916253586,47.0,36.0,41.416666666666664,6.487166818675568,51.0,29.0,37.083333333333336,7.192488029741581,51.0,25.0,27.5,28.4,30.2,88.0,84.0,77.0,2.0,2.0,2.33,1002.0,1003.0,1003.0,2439.0,180.0,54.2,0.0,0.7992753237065062,5.7281308646816615,0.7758886305705722,24.39,26.1,0.02704588119173534,734.4100000000001,8100,4.0,1004004,433.9,72.31666666666666,-2.0,1.0,-0.3999999999999986
129,206.0,33.0,27.0,57.5,66.0,42,0.0,1001,93,26.7,0.0,2.0,2023,5,17,4,2,137,20,0.8660254037844386,0.5000000000000001,0.49999999999999994,-0.8660254037844387,0.9749279121818236,-0.22252093395631434,1,3,0,45.0,47.0,47.0,39.0,29.0,25.0,46.0,1.000000000002804,47.0,45.0,44.166666666666664,4.16733328000761,47.0,36.0,42.833333333333336,5.271420945804905,51.0,34.0,37.958333333333336,6.931209610643136,51.0,26.0,27.1,27.9,29.2,90.0,86.0,80.0,2.0,2.0,2.0,1002.0,1003.0,1004.0,2483.1,186.0,53.4,0.0,0.7999860871984835,6.24223508378534,0.8181570255446805,24.831,25.7,0.0266733000266733,712.89,8649,4.0,1002001,435.5,72.58333333333333,1.0,-1.0,-0.40000000000000213
131,225.1,35.0,28.7,58.8,61.7,40,0.0,1002,90,27.4,0.0,1.66,2023,5,17,5,2,137,20,0.9659258262890683,0.25881904510252074,0.49999999999999994,-0.8660254037844387,0.9749279121818236,-0.22252093395631434,1,3,0,46.0,45.0,47.0,36.0,38.0,26.0,46.0,1.000000000002804,47.0,45.0,46.0,1.2649110640646075,47.0,44.0,43.583333333333336,5.160308893736858,51.0,34.0,38.833333333333336,6.676803886960649,51.0,28.0,26.7,27.5,28.8,93.0,88.0,82.0,2.0,2.0,2.0,1001.0,1002.0,1003.0,2466.0,149.4,45.483999999999995,0.0,0.7993061342494175,6.431244821576526,0.8199765720979401,24.66,26.57,0.027345282090536834,750.7599999999999,8100,2.7556,1004004,456.3,76.05,1.0,0.0,0.6999999999999993
164,244.1,37.0,30.3,82.5,57.3,39,0.0,1003,87,28.0,1.4,1.33,2023,5,17,6,2,137,20,1.0,6.123233995736766e-17,0.49999999999999994,-0.8660254037844387,0.9749279121818236,-0.22252093395631434,1,0,0,47.0,46.0,45.0,44.0,34.0,28.0,53.0,11.269427669584807,66.0,46.0,49.666666666666664,8.041558721209542,66.0,45.0,46.25,7.496969084539241,66.0,36.0,40.416666666666664,8.303570037178256,66.0,29.0,27.4,27.1,28.4,90.0,90.0,84.0,1.66,2.0,2.0,1002.0,1002.0,1003.0,2436.0,115.71000000000001,37.24,0.0,0.7999903031478406,6.597118996783871,0.818896786573336,24.36,27.335,0.02791622341353598,784.0,7569,1.7689000000000001,1006009,517.2,86.2,19.0,21.0,0.6000000000000014
164,263.2,39.0,32.0,82.5,53.0,37,0.0,1003,84,28.7,2.5,1.0,2023,5,17,7,2,137,20,0.9659258262890683,-0.25881904510252063,0.49999999999999994,-0.8660254037844387,0.9749279121818236,-0.22252093395631434,1,0,0,66.0,47.0,46.0,47.0,40.0,36.0,59.666666666666664,10.96965511460297,66.0,47.0,52.833333333333336,10.225784403490158,66.0,45.0,48.416666666666664,9.11001779594397,66.0,36.0,41.666666666666664,9.74307632279918,66.0,29.0,28.0,26.7,27.9,87.0,93.0,86.0,1.33,2.0,2.0,1003.0,1001.0,1003.0,2410.7999999999997,84.0,28.7,0.0,0.7999903031478406,6.748544909104895,0.8204917822619934,24.107999999999997,28.2,0.028614128998874378,823.6899999999999,7056,1.0,1006009,535.7,89.28333333333335,0.0,20.0,0.6999999999999993
183,236.9,31.7,76.3,100.0,50.3,38,0.0,1003,67,31.0,4.2,1.33,2023,5,17,8,2,137,20,0.8660254037844387,-0.4999999999999998,0.49999999999999994,-0.8660254037844387,0.9749279121818236,-0.22252093395631434,1,0,0,66.0,66.0,47.0,47.0,47.0,38.0,70.66666666666667,8.082903768654676,80.0,66.0,58.333333333333336,14.45913782584096,80.0,45.0,51.166666666666664,12.8546654659861,80.0,36.0,43.416666666666664,12.451354620444485,80.0,29.0,28.7,27.4,27.5,84.0,90.0,88.0,1.0,1.66,2.0,1003.0,1002.0,1002.0,2077.0,89.11,41.230000000000004,0.0,0.7999920000799992,7.472950380114192,2.4068641367780197,20.77,30.335,0.030907247350700547,961.0,4489,1.7689000000000001,1006009,575.2,95.86666666666667,14.0,33.0,2.3000000000000007
161,210.7,24.3,120.7,80.0,47.7,39,0.0,1003,53,33.4,6.6,1.66,2023,5,17,9,2,137,20,0.7071067811865476,-0.7071067811865475,0.49999999999999994,-0.8660254037844387,0.9749279121818236,-0.22252093395631434,1,0,0,80.0,66.0,66.0,45.0,51.0,37.0,70.0,8.717797887081282,80.0,64.0,61.5,12.95762323885054,80.0,46.0,52.25,13.37653984339035,80.0,36.0,44.541666666666664,13.05166711545924,80.0,29.0,31.0,28.0,27.1,67.0,87.0,90.0,1.33,1.33,2.0,1003.0,1003.0,1002.0,1770.1999999999998,87.97999999999999,55.443999999999996,0.0,0.7999900001249984,8.670425085387432,4.966873791202008,17.701999999999998,32.57,0.033300066500432206,1115.56,2809,2.7556,1006009,547.4,91.23333333333333,-16.0,-2.0,2.3999999999999986
118,184.4,17.0,165.0,52.5,45.0,39,0.0,1003,42,35.7,8.7,2.0,2023,5,17,10,2,137,20,0.49999999999999994,-0.8660254037844387,0.49999999999999994,-0.8660254037844387,0.9749279121818236,-0.22252093395631434,1,0,0,64.0,80.0,66.0,46.0,39.0,39.0,62.0,19.07878402833894,80.0,42.0,60.833333333333336,13.977362650609946,80.0,42.0,52.5,13.132194997582728,80.0,36.0,44.666666666666664,13.01058654784046,80.0,29.0,33.4,28.7,26.7,53.0,84.0,93.0,1.66,1.0,2.0,1003.0,1003.0,1001.0,1499.4,84.0,71.4,0.0,0.7999847621950058,10.846420798776542,9.705311452267512,14.994000000000002,34.7,0.035593184852258375,1274.4900000000002,1764,4.0,1006009,505.9,84.31666666666666,-22.0,-24.0,2.3000000000000043
103,164.6,13.7,170.3,45.0,41.3,40,0.0,1003,35,37.1,9.4,2.33,2023,5,17,11,2,137,20,0.258819045102521,-0.9659258262890682,0.49999999999999994,-0.8660254037844387,0.9749279121818236,-0.22252093395631434,1,0,0,42.0,64.0,80.0,47.0,36.0,38.0,47.333333333333336,14.742229591664165,64.0,36.0,59.0,16.625281952496277,80.0,36.0,52.5,13.132194997582728,80.0,36.0,44.583333333333336,13.061448973041577,80.0,29.0,35.7,31.0,27.4,42.0,67.0,90.0,2.0,1.33,1.66,1003.0,1003.0,1002.0,1298.5,81.55,86.44300000000001,0.0,0.7999822226172753,12.013721626158675,12.42974965330998,12.985,35.935,0.03698899602293517,1376.41,1225,5.4289000000000005,1006009,470.90000000000003,78.48333333333333,-6.0,-44.0,1.3999999999999986
105,144.7,10.3,175.7,43.8,37.7,41,0.0,1002,30,38.6,11.9,2.66,2023,5,17,12,2,137,20,1.2246467991473532e-16,-1.0,0.49999999999999994,-0.8660254037844387,0.9749279121818236,-0.22252093395631434,1,1,0,36.0,42.0,64.0,66.0,44.0,31.0,37.666666666666664,3.7859388972012353,42.0,35.0,53.833333333333336,18.70204979852911,80.0,35.0,51.75,13.896533249829892,80.0,35.0,44.75,12.905172538981263,80.0,29.0,37.1,33.4,28.0,35.0,53.0,87.0,2.33,1.66,1.33,1003.0,1003.0,1003.0,1158.0,79.80000000000001,102.67600000000002,0.0,0.7990685144174792,14.047179885448013,17.056596446946898,11.58,37.27,0.03852291564579277,1489.96,900,7.0756000000000006,1004004,447.2,74.53333333333333,-1.0,-29.0,1.5
106,124.9,7.0,181.0,35.0,34.0,42,0.0,1001,25,40.0,11.1,3.0,2023,5,17,13,2,137,20,-0.2588190451025208,-0.9659258262890683,0.49999999999999994,-0.8660254037844387,0.9749279121818236,-0.22252093395631434,1,1,0,35.0,36.0,42.0,66.0,47.0,31.0,33.0,4.35889894354174,36.0,28.0,47.5,20.137030565602103,80.0,28.0,50.166666666666664,15.479213823901137,80.0,28.0,44.625,13.05777296412429,80.0,28.0,38.6,35.7,28.7,30.0,42.0,84.0,2.66,2.0,1.0,1002.0,1003.0,1003.0,1000.0,75.0,120.0,0.0,0.7999771435101855,17.840308527353237,25.853449507213256,10.0,38.5,0.03996000003996,1600.0,625,9.0,1002001,409.9,68.31666666666666,-7.0,-14.0,1.3999999999999986
104,130.5,10.3,174.0,45.0,39.0,0,0.0,1001,26,39.8,8.9,2.66,2023,5,17,14,2,137,20,-0.4999999999999997,-0.8660254037844388,0.49999999999999994,-0.8660254037844387,0.9749279121818236,-0.22252093395631434,1,1,0,28.0,35.0,36.0,80.0,47.0,35.0,33.0,4.35889894354174,36.0,28.0,40.166666666666664,12.496666222103265,64.0,28.0,49.25,16.00071021150995,80.0,28.0,44.666666666666664,13.027284633704094,80.0,28.0,40.0,37.1,31.0,25.0,35.0,67.0,3.0,2.33,1.33,1001.0,1003.0,1003.0,1034.8,69.16,105.868,0.0,0.7999822226172753,12.668672944374332,16.891563925832443,10.347999999999999,38.47,0.0397602000397602,1584.0399999999997,676,7.0756000000000006,1002001,434.8,72.46666666666667,8.0,0.0,-0.20000000000000284
102,136.2,13.7,167.0,45.0,44.0,0,0.0,1000,26,39.7,6.0,2.33,2023,5,17,15,2,137,20,-0.7071067811865471,-0.7071067811865479,0.49999999999999994,-0.8660254037844387,0.9749279121818236,-0.22252093395631434,1,1,0,36.0,28.0,35.0,64.0,45.0,29.0,33.333333333333336,4.618802153518002,36.0,28.0,35.5,4.460941604637752,42.0,28.0,48.5,16.423375801803488,80.0,28.0,44.958333333333336,12.736388016629814,80.0,28.0,39.8,38.6,33.4,26.0,30.0,53.0,2.66,2.66,1.66,1001.0,1002.0,1003.0,1032.2,60.58,92.501,0.0,0.7999822226172753,9.940880227720605,12.188891321801329,10.322000000000001,38.535000000000004,0.0396999603000397,1576.0900000000001,676,5.4289000000000005,1000000,441.9,73.64999999999999,0.0,1.0,-0.09999999999999432
100,141.8,17.0,160.0,41.3,49.0,0,0.0,999,27,39.5,3.7,2.0,2023,5,17,16,2,137,20,-0.8660254037844385,-0.5000000000000004,0.49999999999999994,-0.8660254037844387,0.9749279121818236,-0.22252093395631434,1,1,0,36.0,36.0,28.0,42.0,46.0,29.0,35.0,1.7320508075713952,36.0,33.0,34.0,3.1622776601663887,36.0,28.0,47.416666666666664,17.021154395918295,80.0,28.0,45.125,12.543186267417745,80.0,28.0,39.7,40.0,35.7,26.0,25.0,42.0,2.33,3.0,2.0,1000.0,1001.0,1003.0,1066.5,54.0,79.0,0.0,0.7990121304568898,8.340685842009293,9.411211105229103,10.665,38.5,0.0395394999604605,1560.25,729,4.0,998001,442.1,73.68333333333334,-3.0,5.0,-0.20000000000000284
95,179.6,28.7,140.3,41.3,73.7,0,0.0,999,32,38.2,2.4,2.0,2023,5,17,17,2,137,20,-0.9659258262890683,-0.25881904510252063,0.49999999999999994,-0.8660254037844387,0.9749279121818236,-0.22252093395631434,1,1,0,33.0,36.0,36.0,36.0,47.0,38.0,34.0,1.732050807571476,36.0,33.0,33.5,3.0166206257975494,36.0,28.0,46.25,17.524657952828296,80.0,28.0,44.916666666666664,12.707124556435268,80.0,28.0,39.5,39.8,37.1,27.0,26.0,35.0,2.0,2.66,2.33,999.0,1001.0,1003.0,1222.4,64.0,76.4,0.0,0.7990121304568898,6.257621685655551,4.888331417023798,12.224,37.2,0.0382381999617618,1459.2400000000002,1024,4.0,998001,496.6,82.76666666666667,0.0,-3.0,-1.2999999999999972
107,217.3,40.3,120.7,47.5,98.3,0,0.0,1000,37,36.8,2.0,2.0,2023,5,17,18,2,137,20,-1.0,-1.8369701987210297e-16,0.49999999999999994,-0.8660254037844387,0.9749279121818236,-0.22252093395631434,1,2,0,33.0,33.0,36.0,35.0,66.0,34.0,34.666666666666664,2.8867513459496537,38.0,33.0,34.0,3.5213633723300144,38.0,28.0,43.916666666666664,16.48943647161743,80.0,28.0,45.083333333333336,12.58334533064048,80.0,28.0,38.2,39.7,38.6,32.0,26.0,30.0,2.0,2.33,2.66,999.0,1000.0,1002.0,1361.6,74.0,73.6,0.0,0.7999831582493001,5.391925758666039,2.9949629041462997,13.616,35.8,0.0367999632000368,1354.2399999999998,1369,4.0,1000000,562.1,93.68333333333334,5.0,2.0,-1.4000000000000057
121,255.0,52.0,101.0,53.8,123.0,0,0.0,1000,44,35.5,0.0,2.0,2023,5,17,19,2,137,20,-0.9659258262890684,0.2588190451025203,0.49999999999999994,-0.8660254037844387,0.9749279121818236,-0.22252093395631434,1,2,0,38.0,33.0,33.0,28.0,66.0,40.0,38.0,5.000000000000787,43.0,33.0,36.5,3.7282703764599034,43.0,33.0,42.0,14.954476374529323,80.0,28.0,45.208333333333336,12.545496911387362,80.0,28.0,36.8,39.5,40.0,37.0,27.0,25.0,2.0,2.0,3.0,1000.0,999.0,1001.0,1562.0,88.0,71.0,0.0,0.7992416497834613,4.903751850925944,1.9422703409549817,15.62,34.5,0.0354999645000355,1260.25,1936,4.0,1000000,627.8,104.63333333333333,5.0,10.0,-1.2999999999999972
131,236.6,48.0,84.0,58.8,107.3,0,0.0,1001,51,34.2,0.0,2.0,2023,5,17,20,2,137,20,-0.8660254037844386,0.5000000000000001,0.49999999999999994,-0.8660254037844387,0.9749279121818236,-0.22252093395631434,1,2,0,43.0,38.0,33.0,36.0,80.0,47.0,42.666666666666664,4.509249752823619,47.0,38.0,38.333333333333336,5.645056834670126,47.0,33.0,39.25,9.294426482379418,64.0,28.0,45.208333333333336,12.545496911387362,80.0,28.0,35.5,38.2,39.8,44.0,32.0,26.0,2.0,2.0,2.66,1000.0,999.0,1001.0,1744.2,102.0,68.4,0.0,0.7993061342494175,4.9290639778337955,1.7499635424261994,17.442,33.2,0.034165800034165805,1169.64,2601,4.0,1002001,581.7,96.95,4.0,14.0,-1.2999999999999972
159,218.1,44.0,67.0,77.5,91.7,0,0.0,1001,59,33.0,0.0,2.0,2023,5,17,21,2,137,20,-0.7071067811865477,0.7071067811865474,0.49999999999999994,-0.8660254037844387,0.9749279121818236,-0.22252093395631434,1,2,0,47.0,43.0,38.0,36.0,64.0,51.0,50.666666666666664,10.016652800878024,62.0,43.0,42.666666666666664,10.966616007987957,62.0,33.0,39.083333333333336,8.815877549608386,62.0,28.0,45.666666666666664,12.960363208365742,80.0,28.0,34.2,36.8,39.7,51.0,37.0,26.0,2.0,2.0,2.33,1001.0,1000.0,1000.0,1947.0,118.0,66.0,0.0,0.7999896775525477,4.956705529419786,1.5226926660757711,19.47,32.0,0.032967000032967,1089.0,3481,4.0,1002001,560.3000000000001,93.38333333333334,15.0,24.0,-1.2000000000000028
165,199.6,40.0,50.0,83.8,76.0,0,0.0,1002,69,31.7,0.0,2.0,2023,5,17,22,2,137,20,-0.5000000000000004,0.8660254037844384,0.49999999999999994,-0.8660254037844387,0.9749279121818236,-0.22252093395631434,1,3,0,62.0,47.0,43.0,33.0,42.0,39.0,58.666666666666664,10.408329997330757,67.0,47.0,48.333333333333336,13.470956412469755,67.0,33.0,41.166666666666664,11.960794541358787,67.0,28.0,46.833333333333336,13.579609607844265,80.0,28.0,33.0,35.5,39.5,59.0,44.0,27.0,2.0,2.0,2.0,1001.0,1000.0,999.0,2187.2999999999997,138.0,63.4,0.0,0.7995131323015239,4.989875253118672,1.2499687507812305,21.872999999999998,30.7,0.03163669497335831,1004.89,4761,4.0,1004004,516.4000000000001,86.06666666666668,5.0,24.0,-1.3000000000000007
139,192.4,38.0,43.7,62.5,75.3,0,0.0,1002,72,31.1,0.0,1.66,2023,5,17,23,2,137,20,-0.25881904510252157,0.9659258262890681,0.49999999999999994,-0.8660254037844387,0.9749279121818236,-0.22252093395631434,1,3,0,67.0,62.0,47.0,33.0,36.0,36.0,59.666666666666664,8.7368949480542,67.0,50.0,51.166666666666664,11.196725711861534,67.0,38.0,42.333333333333336,12.09307339936446,67.0,28.0,47.416666666666664,13.39343338994978,80.0,28.0,31.7,34.2,38.2,69.0,51.0,32.0,2.0,2.0,2.0,1002.0,1001.0,999.0,2239.2000000000003,119.52,51.626,0.0,0.7999872002047967,5.063024657245863,1.1499697376384834,22.392000000000003,30.270000000000003,0.031037893175755317,967.21,5184,2.7556,1004004,461.90000000000003,76.98333333333333,-17.0,3.0,-0.5999999999999979
156,185.2,36.0,37.3,75.0,74.7,0,0.0,1001,74,30.6,0.0,1.33,2023,5,18,0,3,138,20,0.0,1.0,0.49999999999999994,-0.8660254037844387,0.43388373911755823,-0.900968867902419,1,3,0,50.0,67.0,62.0,38.0,35.0,44.0,59.0,8.544003745317639,67.0,50.0,54.833333333333336,9.495613022162532,67.0,43.0,44.416666666666664,12.844937689316216,67.0,28.0,48.083333333333336,13.612387793817906,80.0,28.0,31.1,33.0,36.8,72.0,59.0,37.0,1.66,2.0,2.0,1002.0,1001.0,1000.0,2264.4,98.42,40.69800000000001,0.0,0.7999893334755536,5.1443015471792455,1.0360823310463598,22.644000000000002,29.935000000000002,0.0305694000305694,936.3600000000001,5476,1.7689000000000001,1002001,468.2,78.03333333333333,10.0,-2.0,-0.5
155,178.0,34.0,31.0,73.8,74.0,0,0.0,1001,76,30.0,0.0,1.0,2023,5,18,1,3,138,20,0.25881904510252074,0.9659258262890683,0.49999999999999994,-0.8660254037844387,0.43388373911755823,-0.900968867902419,1,3,0,60.0,50.0,67.0,43.0,28.0,47.0,56.333333333333336,5.507570547286337,60.0,50.0,57.5,7.55645419492483,67.0,47.0,47.0,12.350929298860326,67.0,33.0,48.583333333333336,13.790093062292007,80.0,28.0,30.6,31.7,35.5,74.0,69.0,44.0,1.33,2.0,2.0,1001.0,1002.0,1000.0,2280.0,76.0,30.0,0.0,0.799447161962575,5.235140142936973,0.9117378900620571,22.8,29.5,0.029970000029970002,900.0,5776,1.0,1002001,449.8,74.96666666666667,-1.0,-8.0,-0.6000000000000014
151,180.9,33.3,27.3,70.0,76.3,0,0.0,1001,80,29.7,0.0,0.66,2023,5,18,2,3,138,20,0.49999999999999994,0.8660254037844387,0.49999999999999994,-0.8660254037844387,0.43388373911755823,-0.900968867902419,1,3,0,59.0,60.0,50.0,47.0,36.0,47.0,58.333333333333336,2.0816659994666185,60.0,56.0,59.0,5.727128425310338,67.0,50.0,48.666666666666664,12.07802913884462,67.0,33.0,48.958333333333336,13.867318999427813,80.0,28.0,30.0,31.1,34.2,76.0,72.0,51.0,1.0,1.66,2.0,1001.0,1002.0,1001.0,2376.0,52.800000000000004,19.602,0.0,0.7999885715918343,5.4322693012221865,0.8197952013453051,23.76,29.37,0.0296703000296703,882.0899999999999,6400,0.43560000000000004,1002001,443.8,73.96666666666667,-3.0,6.0,-0.3000000000000007
153,183.8,32.7,23.7,72.5,78.7,0,0.0,1001,83,29.3,0.0,0.33,2023,5,18,3,3,138,20,0.7071067811865476,0.7071067811865476,0.49999999999999994,-0.8660254037844387,0.43388373911755823,-0.900968867902419,1,3,0,56.0,59.0,60.0,62.0,36.0,45.0,57.666666666666664,1.5275252316526708,59.0,56.0,58.333333333333336,5.537749241945148,67.0,50.0,50.5,11.64239900301679,67.0,33.0,49.5,13.959568948122966,80.0,28.0,29.7,30.6,33.0,80.0,74.0,59.0,0.66,1.33,2.0,1001.0,1001.0,1001.0,2431.9,27.39,9.669,0.0,0.799988965669439,5.620623222531421,0.724748478639797,24.319000000000003,29.135,0.0292707000292707,858.49,6889,0.10890000000000001,1002001,449.4,74.89999999999999,2.0,-2.0,-0.3999999999999986
211,186.8,32.0,20.0,126.3,81.0,0,0.0,1001,86,29.0,0.0,1.2,2023,5,18,4,3,138,20,0.8660254037844386,0.5000000000000001,0.49999999999999994,-0.8660254037844387,0.43388373911755823,-0.900968867902419,1,3,0,58.0,56.0,59.0,67.0,33.0,46.0,71.66666666666667,25.42308662089109,101.0,56.0,64.0,18.4715998224301,101.0,50.0,56.166666666666664,17.450362503831922,101.0,33.0,51.791666666666664,17.440530423392616,101.0,28.0,29.3,30.0,31.7,83.0,76.0,69.0,0.33,1.0,2.0,1001.0,1001.0,1002.0,2494.0,103.2,34.8,0.0,0.7996769621776549,5.837317583825506,0.6249804693603326,24.94,28.4,0.028971000028971,841.0,7396,1.44,1002001,547.1,91.18333333333334,43.0,42.0,-0.3000000000000007
153,215.0,35.0,23.0,68.8,87.0,0,0.0,1001,85,29.4,0.0,0.8,2023,5,18,5,3,138,20,0.9659258262890683,0.25881904510252074,0.49999999999999994,-0.8660254037844387,0.43388373911755823,-0.900968867902419,1,3,0,101.0,58.0,56.0,50.0,33.0,47.0,71.33333333333333,25.735837529276793,101.0,55.0,64.83333333333333,17.814787864767485,101.0,55.0,58.0,15.880233568238527,101.0,38.0,52.125,17.42140737089334,101.0,28.0,29.0,29.7,31.1,86.0,80.0,72.0,1.2,0.66,1.66,1001.0,1001.0,1002.0,2499.0,68.0,23.52,0.0,0.7994069853635848,6.142681637667495,0.6571240821690809,24.99,29.0,0.0293706000293706,864.3599999999999,7225,0.6400000000000001,1002001,483.8,80.63333333333334,-46.0,-1.0,0.3999999999999986
134,243.2,38.0,26.0,60.0,93.0,0,0.0,1002,84,29.8,2.1,0.8,2023,5,18,6,3,138,20,1.0,6.123233995736766e-17,0.49999999999999994,-0.8660254037844387,0.43388373911755823,-0.900968867902419,1,0,0,55.0,101.0,58.0,60.0,38.0,66.0,68.0,28.79236009777593,101.0,48.0,62.833333333333336,19.09362895488089,101.0,48.0,58.833333333333336,14.97169045737677,101.0,43.0,51.375,17.18394726127466,101.0,28.0,29.4,29.3,30.6,85.0,83.0,74.0,0.8,0.33,1.33,1001.0,1001.0,1001.0,2503.2000000000003,67.2,23.840000000000003,0.0,0.7999866668888852,6.399831583379385,0.6841925212494409,25.032000000000004,29.400000000000002,0.02974048928094882,888.0400000000001,7056,0.6400000000000001,1004004,508.2,84.7,-7.0,-10.0,0.40000000000000213
134,271.4,41.0,29.0,60.0,99.0,0,0.0,1003,83,30.2,2.7,0.8,2023,5,18,7,3,138,20,0.9659258262890683,-0.25881904510252063,0.49999999999999994,-0.8660254037844387,0.43388373911755823,-0.900968867902419,1,0,0,48.0,55.0,101.0,59.0,43.0,66.0,50.333333333333336,4.041451884327972,55.0,48.0,61.0,20.03996007980052,101.0,48.0,59.25,14.554755548991558,101.0,47.0,50.625,16.908481278058144,101.0,28.0,29.8,29.0,30.0,84.0,86.0,76.0,0.8,1.2,1.0,1002.0,1001.0,1001.0,2506.6,66.4,24.16,0.0,0.7999866668888852,6.619350747542743,0.7072998219555621,25.066,29.8,0.030109640967456663,912.04,6889,0.6400000000000001,1006009,548.4,91.39999999999999,0.0,-53.0,0.3999999999999986
139,248.2,32.7,89.0,62.5,94.3,0,0.0,1003,70,31.8,4.3,0.66,2023,5,18,8,3,138,20,0.8660254037844387,-0.4999999999999998,0.49999999999999994,-0.8660254037844387,0.43388373911755823,-0.900968867902419,1,0,0,48.0,48.0,55.0,56.0,47.0,80.0,48.666666666666664,1.1547005383815458,50.0,48.0,60.0,20.48414020651094,101.0,48.0,59.5,14.349532776682393,101.0,48.0,49.375,15.708797036941874,101.0,28.0,30.2,29.4,29.7,83.0,85.0,80.0,0.8,0.8,0.66,1003.0,1001.0,1001.0,2226.0,46.2,20.988000000000003,0.0,0.7999872002047967,7.589981957738295,2.721629307972233,22.26,31.470000000000002,0.03170485373394443,1011.24,4900,0.43560000000000004,1006009,576.6999999999999,96.11666666666666,2.0,-5.0,1.6000000000000014
145,225.1,24.3,149.0,65.0,89.7,0,0.0,1003,59,33.4,6.7,1.33,2023,5,18,9,3,138,20,0.7071067811865476,-0.7071067811865475,0.49999999999999994,-0.8660254037844387,0.43388373911755823,-0.900968867902419,1,0,0,50.0,48.0,48.0,58.0,62.0,64.0,50.0,2.0000000000012195,52.0,48.0,59.0,20.746083967823846,101.0,48.0,58.666666666666664,14.480917432848003,101.0,48.0,48.875,15.411211334045625,101.0,28.0,31.8,29.8,29.3,70.0,84.0,83.0,0.66,0.8,0.33,1003.0,1002.0,1001.0,1970.6,78.47,44.422,0.0,0.7999876924970385,9.2629932924571,6.131434920373647,19.706,32.735,0.033300066500432206,1115.56,3481,1.7689000000000001,1006009,605.1,100.85000000000001,2.0,4.0,1.5999999999999979
157,201.9,16.0,209.0,76.3,85.0,0,0.0,1003,50,35.0,9.5,2.0,2023,5,18,10,3,138,20,0.49999999999999994,-0.8660254037844387,0.49999999999999994,-0.8660254037844387,0.43388373911755823,-0.900968867902419,1,0,0,52.0,50.0,48.0,101.0,67.0,42.0,54.333333333333336,5.8594652770826166,61.0,50.0,52.333333333333336,5.006662228137762,61.0,48.0,58.166666666666664,14.26905955576793,101.0,48.0,49.666666666666664,15.53024165288838,101.0,28.0,33.4,30.2,29.0,59.0,83.0,86.0,1.33,0.8,1.2,1003.0,1003.0,1001.0,1750.0,100.0,70.0,0.0,0.7994652756844602,12.617961377413911,13.0616836447722,17.5,34.0,0.034895279266919974,1225.0,2500,4.0,1006009,649.2,108.2,9.0,13.0,1.6000000000000014
155,185.2,14.3,207.7,73.8,78.3,0,0.0,1003,43,36.1,11.5,1.33,2023,5,18,11,3,138,20,0.258819045102521,-0.9659258262890682,0.49999999999999994,-0.8660254037844387,0.43388373911755823,-0.900968867902419,1,0,0,61.0,52.0,50.0,55.0,50.0,36.0,57.333333333333336,4.725815626252884,61.0,52.0,53.0,5.656854249491938,61.0,48.0,58.916666666666664,14.035398969833942,101.0,48.0,50.625,15.3589302729859,101.0,28.0,35.0,31.8,29.4,50.0,70.0,85.0,2.0,0.66,0.8,1003.0,1003.0,1001.0,1552.3,57.190000000000005,48.013000000000005,0.0,0.799447161962575,12.950143346619116,14.523459897909236,15.523,35.435,0.03599198804388032,1303.21,1849,1.7689000000000001,1006009,618.3,103.05,-2.0,9.0,1.1000000000000014
139,168.5,12.7,206.3,62.5,71.7,0,0.0,1002,37,37.1,12.1,0.66,2023,5,18,12,3,138,20,1.2246467991473532e-16,-1.0,0.49999999999999994,-0.8660254037844387,0.43388373911755823,-0.900968867902419,1,1,0,59.0,61.0,52.0,48.0,60.0,35.0,56.666666666666664,5.859465277082556,61.0,50.0,53.333333333333336,5.354126134735883,61.0,48.0,58.083333333333336,14.260296652105525,101.0,48.0,51.25,14.996376373905603,101.0,28.0,36.1,33.4,29.8,43.0,59.0,84.0,1.33,1.33,0.8,1003.0,1003.0,1002.0,1372.7,24.42,24.486,0.0,0.7999872002047967,13.266671915597199,16.24281552633651,13.727,36.77,0.03702591115178528,1376.41,1369,0.43560000000000004,1004004,571.7,95.28333333333335,-9.0,-2.0,1.0
134,151.7,11.0,205.0,60.0,65.0,0,0.0,1002,31,38.2,11.2,1.6,2023,5,18,13,3,138,20,-0.2588190451025208,-0.9659258262890683,0.49999999999999994,-0.8660254037844387,0.43388373911755823,-0.900968867902419,1,1,0,50.0,59.0,61.0,48.0,59.0,28.0,52.333333333333336,5.859465277082672,59.0,48.0,53.333333333333336,5.354126134735883,61.0,48.0,57.166666666666664,14.546685553969061,101.0,48.0,52.083333333333336,14.181790733394894,101.0,33.0,37.1,35.0,30.2,37.0,50.0,83.0,0.66,2.0,0.8,1002.0,1003.0,1003.0,1184.2,49.6,61.120000000000005,0.0,0.7999866668888852,13.789655485864921,18.634669575493138,11.842,37.400000000000006,0.03812371444739077,1459.2400000000002,961,2.5600000000000005,1004004,540.7,90.11666666666667,-2.0,-13.0,1.1000000000000014
115,156.6,12.3,209.0,51.3,69.3,0,0.0,1001,32,38.5,8.7,0.66,2023,5,18,14,3,138,20,-0.4999999999999997,-0.8660254037844388,0.49999999999999994,-0.8660254037844387,0.43388373911755823,-0.900968867902419,1,1,0,48.0,50.0,59.0,50.0,56.0,36.0,46.333333333333336,4.725815626253246,50.0,41.0,51.833333333333336,7.359800721939499,61.0,41.0,55.916666666666664,15.28194617147536,101.0,41.0,52.291666666666664,13.970400905102316,101.0,33.0,38.2,36.1,31.8,31.0,43.0,70.0,1.6,1.33,0.66,1002.0,1003.0,1003.0,1232.0,21.12,25.41,0.0,0.7992046938656168,12.730672303064791,16.990488578164378,12.32,38.17,0.0384615000384615,1482.25,1024,0.43560000000000004,1002001,539.5,89.91666666666667,-7.0,-18.0,0.29999999999999716
116,161.5,13.7,213.0,43.8,73.7,0,0.0,1000,32,38.7,5.6,1.33,2023,5,18,15,3,138,20,-0.7071067811865471,-0.7071067811865479,0.49999999999999994,-0.8660254037844387,0.43388373911755823,-0.900968867902419,1,1,0,41.0,48.0,50.0,52.0,58.0,36.0,41.333333333333336,6.506407098648293,48.0,35.0,49.0,10.059821071967102,61.0,35.0,54.0,16.39844782011647,101.0,35.0,52.25,14.02249745168873,101.0,33.0,38.5,37.1,33.4,32.0,37.0,59.0,0.66,0.66,1.33,1001.0,1002.0,1003.0,1238.4,42.56,51.471000000000004,0.0,0.7990685144174792,11.787460769286914,15.546310488285528,12.384,38.035000000000004,0.03869996130003871,1497.6900000000003,1024,1.7689000000000001,1000000,540.7,90.11666666666667,-6.0,-15.0,0.20000000000000284
117,166.3,15.0,217.0,51.3,78.0,0,0.0,999,32,39.0,3.4,2.0,2023,5,18,16,3,138,20,-0.8660254037844385,-0.5000000000000004,0.49999999999999994,-0.8660254037844387,0.43388373911755823,-0.900968867902419,1,1,0,35.0,41.0,48.0,61.0,101.0,33.0,39.0,3.46410161513895,41.0,35.0,45.666666666666664,8.477420991472503,59.0,35.0,49.0,7.49545316720812,61.0,35.0,52.583333333333336,13.634727613761033,101.0,33.0,38.7,38.2,35.0,32.0,31.0,50.0,1.33,1.6,2.0,1000.0,1002.0,1003.0,1248.0,64.0,78.0,0.0,0.7992046938656168,11.085927604826345,14.465702286514233,12.48,38.0,0.039038999960961,1521.0,1024,4.0,998001,568.6,94.76666666666667,6.0,-7.0,0.29999999999999716
167,200.4,32.7,174.0,85.0,83.3,0,0.0,1000,37,37.7,2.1,2.0,2023,5,18,17,3,138,20,-0.9659258262890683,-0.25881904510252063,0.49999999999999994,-0.8660254037844387,0.43388373911755823,-0.900968867902419,1,1,0,41.0,35.0,41.0,59.0,55.0,33.0,48.0,17.5783958312471,68.0,35.0,47.166666666666664,11.548448669265463,68.0,35.0,50.083333333333336,9.18950323450412,68.0,35.0,54.041666666666664,13.317132367471693,101.0,35.0,39.0,38.5,36.1,32.0,32.0,43.0,2.0,0.66,1.33,999.0,1001.0,1003.0,1394.9,74.0,75.4,0.0,0.7999905883460194,6.128252958625119,5.320938197608636,13.949000000000002,36.7,0.03769996230003771,1421.2900000000002,1369,4.0,1000000,643.4,107.23333333333333,27.0,27.0,-1.2999999999999972
164,234.4,50.3,131.0,82.5,88.7,0,0.0,1000,42,36.5,1.8,2.0,2023,5,18,18,3,138,20,-1.0,-1.8369701987210297e-16,0.49999999999999994,-0.8660254037844387,0.43388373911755823,-0.900968867902419,1,2,0,68.0,41.0,35.0,50.0,48.0,38.0,58.333333333333336,15.04437879519575,68.0,41.0,49.833333333333336,13.934369977385426,68.0,35.0,51.583333333333336,10.228821431561887,68.0,35.0,55.208333333333336,13.074965015055925,101.0,35.0,37.7,38.7,37.1,37.0,32.0,37.0,2.0,1.33,0.66,1000.0,1000.0,1002.0,1533.0,84.0,73.0,0.0,0.7999903031478406,4.6599471183475485,2.6043219816703447,15.33,35.5,0.0364999635000365,1332.25,1764,4.0,1000000,652.9000000000001,108.81666666666668,-2.0,31.0,-1.2000000000000028
152,268.5,68.0,88.0,71.3,94.0,0,0.0,1000,48,35.2,0.0,2.0,2023,5,18,19,3,138,20,-0.9659258262890684,0.2588190451025203,0.49999999999999994,-0.8660254037844387,0.43388373911755823,-0.900968867902419,1,2,0,66.0,68.0,41.0,48.0,48.0,43.0,63.666666666666664,5.85946527708236,68.0,57.0,51.333333333333336,14.179797835888245,68.0,35.0,52.333333333333336,10.27205682982446,68.0,35.0,55.791666666666664,12.816358998210976,101.0,35.0,36.5,39.0,38.2,42.0,32.0,31.0,2.0,2.0,1.6,1000.0,999.0,1002.0,1689.6000000000001,96.0,70.4,0.0,0.7994277780115285,3.948471346009617,1.2940986161968207,16.896,34.2,0.035199964800035205,1239.0400000000002,2304,4.0,1000000,646.8,107.8,-9.0,16.0,-1.2999999999999972
155,280.3,72.0,68.0,73.8,87.3,0,0.0,1001,54,34.2,0.0,1.33,2023,5,18,20,3,138,20,-0.8660254037844386,0.5000000000000001,0.49999999999999994,-0.8660254037844387,0.43388373911755823,-0.900968867902419,1,2,0,57.0,66.0,68.0,41.0,50.0,47.0,60.666666666666664,4.725815626252764,66.0,57.0,54.333333333333336,13.441230102437133,68.0,35.0,53.083333333333336,10.413787480881368,68.0,35.0,56.291666666666664,12.691932277141463,101.0,35.0,35.2,37.7,38.5,48.0,37.0,32.0,2.0,2.0,0.66,1000.0,1000.0,1001.0,1846.8000000000002,71.82000000000001,45.486000000000004,0.0,0.799447161962575,3.893001486090471,0.9444313273426758,18.468000000000004,33.535000000000004,0.034165800034165805,1169.64,2916,1.7689000000000001,1002001,640.4,106.73333333333333,2.0,-9.0,-1.0
155,292.2,76.0,48.0,73.8,80.7,0,0.0,1002,60,33.2,0.0,0.66,2023,5,18,21,3,138,20,-0.7071067811865477,0.7071067811865474,0.49999999999999994,-0.8660254037844387,0.43388373911755823,-0.900968867902419,1,2,0,59.0,57.0,66.0,35.0,52.0,62.0,58.333333333333336,1.1547005383802038,59.0,57.0,58.333333333333336,9.542885657214162,68.0,41.0,53.666666666666664,10.542841891610957,68.0,35.0,56.166666666666664,12.647964836002773,101.0,35.0,34.2,36.5,38.7,54.0,42.0,32.0,1.33,2.0,1.33,1001.0,1000.0,1000.0,1992.0000000000002,39.6,21.912000000000003,0.0,0.799447161962575,3.8446862541282347,0.6315706372284575,19.92,32.870000000000005,0.0331336994673658,1102.2400000000002,3600,0.43560000000000004,1004004,629.7,104.95,0.0,-7.0,-1.0
145,304.1,80.0,28.0,65.0,74.0,0,0.0,1002,66,32.2,0.0,2.0,2023,5,18,22,3,138,20,-0.5000000000000004,0.8660254037844384,0.49999999999999994,-0.8660254037844387,0.43388373911755823,-0.900968867902419,1,3,0,59.0,59.0,57.0,41.0,61.0,67.0,56.666666666666664,4.041451884327717,59.0,52.0,60.166666666666664,5.913261931173396,68.0,52.0,52.916666666666664,10.290846182482127,68.0,35.0,55.541666666666664,12.458554479158241,101.0,35.0,33.2,35.2,39.0,60.0,48.0,32.0,0.66,2.0,2.0,1002.0,1000.0,999.0,2125.2000000000003,132.0,64.4,0.0,0.7999876924970385,3.801202484968938,0.3499956250546868,21.252000000000002,31.200000000000003,0.03213569647136081,1036.8400000000001,4356,4.0,1004004,603.1,100.51666666666667,-7.0,-5.0,-1.0
156,287.5,67.0,33.3,75.0,79.0,0,0.0,1002,72,31.3,0.0,1.0,2023,5,18,23,3,138,20,-0.25881904510252157,0.9659258262890681,0.49999999999999994,-0.8660254037844387,0.43388373911755823,-0.900968867902419,1,3,0,52.0,59.0,59.0,68.0,59.0,50.0,57.0,4.358898943540973,60.0,52.0,58.833333333333336,4.535048695070868,66.0,52.0,53.0,10.348473756593332,68.0,35.0,55.958333333333336,12.43235318823876,101.0,35.0,32.2,34.2,37.7,66.0,54.0,37.0,2.0,1.33,2.0,1002.0,1001.0,1000.0,2253.6,72.0,31.3,0.0,0.7999893334755536,4.290980731630871,0.4970075073506365,22.535999999999998,30.8,0.031237493774956313,979.69,5184,1.0,1004004,601.8,100.3,8.0,1.0,-0.9000000000000021
168,271.0,54.0,38.7,86.3,84.0,0,0.0,1002,79,30.4,0.0,2.0,2023,5,19,0,4,139,20,0.0,1.0,0.49999999999999994,-0.8660254037844387,-0.433883739117558,-0.9009688679024191,1,3,0,60.0,52.0,59.0,66.0,50.0,60.0,60.333333333333336,8.504900548115476,69.0,52.0,59.333333333333336,5.537749241945159,69.0,52.0,54.583333333333336,11.261021537169608,69.0,35.0,56.333333333333336,12.692574572377797,101.0,35.0,31.3,33.2,36.5,72.0,60.0,42.0,1.0,0.66,2.0,1002.0,1002.0,1000.0,2401.6,158.0,60.8,0.0,0.7995272360691069,5.0184255847113945,0.7166533953074944,24.016,29.4,0.03033929107855182,924.16,6241,4.0,1004004,603.0,100.5,9.0,10.0,-0.9000000000000021
134,254.4,41.0,44.0,60.0,89.0,70,0.0,1002,87,29.5,0.0,3.0,2023,5,19,1,4,139,20,0.25881904510252074,0.9659258262890683,0.49999999999999994,-0.8660254037844387,-0.433883739117558,-0.9009688679024191,1,3,0,69.0,60.0,52.0,57.0,48.0,59.0,59.0,10.535653752852836,69.0,48.0,57.833333333333336,7.250287350627119,69.0,48.0,54.583333333333336,11.261021537169608,69.0,35.0,55.875,12.790324128197723,101.0,35.0,30.4,32.2,35.2,79.0,66.0,48.0,2.0,2.0,2.0,1002.0,1002.0,1000.0,2566.5,261.0,88.5,0.0,0.7999866668888852,6.204726713982586,1.0731445574498184,25.665,28.0,0.029441088382147325,870.25,7569,9.0,1004004,536.4,89.39999999999999,-21.0,-4.0,-0.8999999999999986
118,251.3,30.0,60.3,52.5,92.0,71,0.0,1001,87,29.2,0.0,3.0,2023,5,19,2,4,139,20,0.49999999999999994,0.8660254037844387,0.49999999999999994,-0.8660254037844387,-0.433883739117558,-0.9009688679024191,1,3,0,48.0,69.0,60.0,59.0,41.0,56.0,53.0,14.177446878757964,69.0,42.0,55.0,9.633275663033622,69.0,42.0,54.666666666666664,11.15456150748357,69.0,35.0,55.291666666666664,13.099881070375407,101.0,35.0,29.5,31.3,34.2,87.0,72.0,54.0,3.0,1.0,1.33,1002.0,1002.0,1001.0,2540.4,261.0,87.6,0.0,0.7999847621950058,8.376387453751542,2.0099330022332587,25.404,27.7,0.0291708000291708,852.64,7569,9.0,1002001,528.1,88.01666666666667,-6.0,-18.0,-0.3000000000000007
142,248.2,19.0,76.7,63.8,95.0,71,0.0,1001,88,28.8,0.0,3.0,2023,5,19,3,4,139,20,0.7071067811865476,0.7071067811865476,0.49999999999999994,-0.8660254037844387,-0.433883739117558,-0.9009688679024191,1,3,0,42.0,48.0,69.0,59.0,35.0,58.0,47.0,4.582575694956475,51.0,42.0,53.666666666666664,9.521904571390223,69.0,42.0,56.0,9.409859432820777,69.0,41.0,55.0,13.114877048604338,101.0,35.0,29.2,30.4,33.2,87.0,79.0,60.0,3.0,2.0,0.66,1001.0,1002.0,1002.0,2534.4,264.0,86.4,0.0,0.7993605115907275,13.06247039629493,4.036629651070996,25.344,27.3,0.0287712000287712,829.44,7744,9.0,1002001,553.7,92.28333333333335,9.0,-18.0,-0.3999999999999986
153,245.1,8.0,93.0,68.8,98.0,72,0.0,1001,88,28.5,0.0,3.0,2023,5,19,4,4,139,20,0.8660254037844386,0.5000000000000001,0.49999999999999994,-0.8660254037844387,-0.433883739117558,-0.9009688679024191,1,3,0,51.0,42.0,48.0,52.0,41.0,101.0,49.333333333333336,6.658328118479775,55.0,42.0,54.166666666666664,9.495613022162509,69.0,42.0,57.166666666666664,8.166821272500167,69.0,42.0,53.083333333333336,8.727351641057846,69.0,35.0,28.8,29.5,32.2,88.0,87.0,66.0,3.0,3.0,2.0,1001.0,1002.0,1002.0,2508.0,264.0,85.5,0.0,0.7994069853635848,30.633670791151108,11.623547056617923,25.08,27.0,0.0284715000284715,812.25,7744,9.0,1002001,567.9000000000001,94.65000000000002,4.0,7.0,-0.3000000000000007
137,294.5,9.7,99.0,61.3,100.7,73,0.0,1002,88,28.7,0.0,2.33,2023,5,19,5,4,139,20,0.9659258262890683,0.25881904510252074,0.49999999999999994,-0.8660254037844387,-0.433883739117558,-0.9009688679024191,1,3,0,55.0,51.0,42.0,60.0,68.0,55.0,51.666666666666664,3.0550504633046107,55.0,49.0,52.333333333333336,9.201449161227893,69.0,42.0,55.583333333333336,7.7042884555325575,69.0,42.0,52.833333333333336,8.755950357709608,69.0,35.0,28.5,29.2,31.3,88.0,87.0,72.0,3.0,3.0,1.0,1001.0,1001.0,1002.0,2525.6,205.04000000000002,66.871,0.0,0.7993344317384709,30.35769508298114,10.205133491392642,25.256,27.535,0.02864268598534333,823.6899999999999,7744,5.4289000000000005,1004004,614.2,102.36666666666667,-6.0,7.0,0.1999999999999993
137,343.9,11.3,105.0,61.3,103.3,74,0.0,1003,89,28.8,2.0,1.66,2023,5,19,6,4,139,20,1.0,6.123233995736766e-17,0.49999999999999994,-0.8660254037844387,-0.433883739117558,-0.9009688679024191,1,0,0,49.0,55.0,51.0,69.0,66.0,48.0,51.0,3.464101615138418,55.0,49.0,49.0,4.242640687118527,55.0,42.0,54.166666666666664,7.158381398222363,69.0,42.0,52.875,8.734302689869937,69.0,35.0,28.7,28.8,30.4,88.0,88.0,79.0,2.33,3.0,2.0,1002.0,1001.0,1002.0,2563.2000000000003,147.73999999999998,47.808,0.0,0.7993344317384709,30.430935315458807,9.291213166976373,25.632,27.970000000000002,0.028713829796779864,829.44,7921,2.7556,1006009,673.8,112.3,0.0,-2.0,0.10000000000000142
137,393.3,13.0,111.0,61.3,106.0,75,0.0,1003,89,29.0,2.6,1.0,2023,5,19,7,4,139,20,0.9659258262890683,-0.25881904510252063,0.49999999999999994,-0.8660254037844387,-0.433883739117558,-0.9009688679024191,1,0,0,49.0,49.0,55.0,48.0,57.0,48.0,49.0,0.0,49.0,49.0,49.166666666666664,4.215052391923533,55.0,42.0,53.5,7.242551032235617,69.0,42.0,52.916666666666664,8.712393305025756,69.0,35.0,28.8,28.5,29.5,89.0,88.0,87.0,1.66,3.0,3.0,1003.0,1001.0,1002.0,2581.0,89.0,29.0,0.0,0.7993344317384709,30.251519113914316,8.537804784247365,25.81,28.5,0.028913231392590836,841.0,7921,1.0,1006009,733.5999999999999,122.26666666666665,0.0,-6.0,0.1999999999999993
153,354.6,11.0,137.0,68.8,93.3,75,0.0,1004,84,30.2,4.0,1.66,2023,5,19,8,4,139,20,0.8660254037844387,-0.4999999999999998,0.49999999999999994,-0.8660254037844387,-0.433883739117558,-0.9009688679024191,1,0,0,49.0,49.0,49.0,42.0,59.0,50.0,51.0,3.464101615138418,55.0,49.0,51.333333333333336,2.9439202887750073,55.0,49.0,53.166666666666664,7.05605263499859,69.0,42.0,53.125,8.699387784556759,69.0,35.0,29.0,28.7,29.2,89.0,88.0,87.0,1.0,2.33,3.0,1003.0,1002.0,1001.0,2536.7999999999997,139.44,50.132,0.0,0.7994069853635848,32.23343332424326,12.453413326061268,25.368,29.37,0.030079651315088333,912.04,7056,2.7556,1008016,719.6999999999999,119.94999999999999,6.0,6.0,1.1999999999999993
145,315.9,9.0,163.0,65.0,80.7,75,0.0,1004,78,31.3,6.1,2.33,2023,5,19,9,4,139,20,0.7071067811865476,-0.7071067811865475,0.49999999999999994,-0.8660254037844387,-0.433883739117558,-0.9009688679024191,1,0,0,55.0,49.0,49.0,51.0,59.0,52.0,52.0,3.000000000000713,55.0,49.0,51.5,2.9495762407495962,55.0,49.0,52.583333333333336,6.815201368775648,69.0,42.0,53.125,8.699387784556759,69.0,35.0,30.2,28.8,28.8,84.0,89.0,88.0,1.66,1.66,3.0,1004.0,1003.0,1001.0,2441.4,181.74,72.929,0.0,0.7999876924970385,35.09610043328519,18.10909898900122,24.414,30.135,0.03117526775371738,979.69,6084,5.4289000000000005,1008016,685.6,114.26666666666667,-3.0,3.0,1.1000000000000014
139,277.2,7.0,189.0,62.5,68.0,75,0.0,1004,74,32.5,8.3,3.0,2023,5,19,10,4,139,20,0.49999999999999994,-0.8660254037844387,0.49999999999999994,-0.8660254037844387,-0.433883739117558,-0.9009688679024191,1,0,0,52.0,55.0,49.0,55.0,52.0,61.0,52.333333333333336,2.516611478424411,55.0,50.0,50.666666666666664,2.4221202832767954,55.0,49.0,52.416666666666664,6.855102059226838,69.0,42.0,52.666666666666664,8.555022255792776,69.0,35.0,31.3,29.0,28.5,78.0,89.0,88.0,2.33,1.0,3.0,1004.0,1003.0,1001.0,2405.0,222.0,97.5,0.0,0.7999872002047967,39.594343665190685,26.996143408084556,24.05,31.0,0.032370485686767245,1056.25,5476,9.0,1008016,653.7,108.95,-2.0,1.0,1.1999999999999993
160,254.8,8.0,201.7,78.8,72.3,79,0.0,1004,68,33.4,10.3,2.33,2023,5,19,11,4,139,20,0.258819045102521,-0.9659258262890682,0.49999999999999994,-0.8660254037844387,-0.433883739117558,-0.9009688679024191,1,0,0,50.0,52.0,55.0,49.0,60.0,59.0,55.0,7.000000000000236,63.0,50.0,53.0,5.403702434442066,63.0,49.0,52.666666666666664,7.20269309902759,69.0,42.0,52.833333333333336,8.721122118999428,69.0,35.0,32.5,30.2,28.7,74.0,84.0,88.0,3.0,1.66,2.33,1004.0,1004.0,1002.0,2271.2,158.44,77.822,0.0,0.7994822400730955,31.846019247594054,25.209348831396074,22.712,32.235,0.033266899136554645,1115.56,4624,5.4289000000000005,1008016,678.5999999999999,113.09999999999998,13.0,8.0,0.8999999999999986
185,232.5,9.0,214.3,102.5,76.7,83,0.0,1003,64,34.3,11.5,1.66,2023,5,19,12,4,139,20,1.2246467991473532e-16,-1.0,0.49999999999999994,-0.8660254037844387,-0.433883739117558,-0.9009688679024191,1,1,0,63.0,50.0,52.0,49.0,69.0,50.0,65.0,16.09347693943109,82.0,50.0,58.5,12.565826673959705,82.0,49.0,53.75,10.22585848807686,82.0,42.0,54.166666666666664,10.528085282241667,82.0,35.0,33.4,31.3,28.8,68.0,78.0,89.0,2.33,2.33,1.66,1004.0,1004.0,1003.0,2195.2,106.24,56.937999999999995,0.0,0.7999921951980956,25.830463281857572,23.808465726030445,21.951999999999998,33.47,0.03419737368158157,1176.4899999999998,4096,2.7556,1006009,717.0,119.5,19.0,30.0,0.8999999999999986
139,210.1,10.0,227.0,62.5,81.0,87,0.0,1002,59,35.2,10.4,1.0,2023,5,19,13,4,139,20,-0.2588190451025208,-0.9659258262890683,0.49999999999999994,-0.8660254037844387,-0.433883739117558,-0.9009688679024191,1,1,0,82.0,63.0,50.0,49.0,48.0,48.0,65.0,16.09347693943109,82.0,50.0,58.666666666666664,12.420413304985626,82.0,50.0,53.916666666666664,10.139556502165062,82.0,42.0,54.25,10.484978903588903,82.0,35.0,34.3,32.5,29.0,64.0,74.0,89.0,1.66,3.0,1.0,1003.0,1004.0,1003.0,2076.8,59.0,35.2,0.0,0.7999872002047967,21.007899210078993,22.697730226977303,20.768,34.7,0.03512970545937579,1239.0400000000002,3481,1.0,1004004,640.6,106.76666666666667,-32.0,0.0,0.9000000000000057
148,208.2,12.0,229.0,66.3,87.0,79,0.0,1002,59,35.1,8.0,1.66,2023,5,19,14,4,139,20,-0.4999999999999997,-0.8660254037844388,0.49999999999999994,-0.8660254037844387,-0.433883739117558,-0.9009688679024191,1,1,0,50.0,82.0,63.0,55.0,42.0,41.0,61.666666666666664,17.672954855748785,82.0,50.0,58.333333333333336,12.564500255348952,82.0,50.0,54.833333333333336,9.437192700194151,82.0,49.0,54.75,10.10488474215232,82.0,35.0,35.2,33.4,30.2,59.0,68.0,84.0,1.0,2.33,1.66,1002.0,1004.0,1004.0,2070.9,97.94,58.266,0.0,0.7993846246662946,17.348554287142736,19.081743188067662,20.709,34.27,0.03502990515977529,1232.01,3481,2.7556,1004004,655.5,109.25,3.0,-10.0,-0.10000000000000142
142,206.2,14.0,231.0,63.8,93.0,70,0.0,1001,59,35.1,4.8,2.33,2023,5,19,15,4,139,20,-0.7071067811865471,-0.7071067811865479,0.49999999999999994,-0.8660254037844387,-0.433883739117558,-0.9009688679024191,1,1,0,53.0,50.0,82.0,52.0,51.0,35.0,51.333333333333336,1.5275252316533017,53.0,50.0,58.166666666666664,12.67149030961488,82.0,50.0,54.833333333333336,9.437192700194151,82.0,49.0,55.416666666666664,9.23564299057106,82.0,41.0,35.1,34.3,31.3,59.0,64.0,78.0,1.66,1.66,2.33,1002.0,1003.0,1004.0,2070.9,137.47,81.783,0.0,0.7993605115907275,14.727519462895508,16.49882151274909,20.709,33.935,0.035064900035064905,1232.01,3481,5.4289000000000005,1002001,659.0,109.83333333333333,-2.0,-31.0,0.0
134,204.3,16.0,233.0,60.0,99.0,62,0.0,1000,60,35.0,2.8,3.0,2023,5,19,16,4,139,20,-0.8660254037844385,-0.5000000000000004,0.49999999999999994,-0.8660254037844387,-0.433883739117558,-0.9009688679024191,1,1,0,51.0,53.0,50.0,50.0,55.0,41.0,50.666666666666664,2.516611478424444,53.0,48.0,57.833333333333336,12.95247724053834,82.0,48.0,54.25,9.640115050237208,82.0,48.0,55.708333333333336,8.863600047221814,82.0,42.0,35.1,35.2,32.5,59.0,59.0,74.0,2.33,1.0,3.0,1001.0,1002.0,1004.0,2100.0,180.0,105.0,0.0,0.7999866668888852,12.767952002999813,14.56158990063121,21.0,33.5,0.034999965000035,1225.0,3600,9.0,1000000,660.3,110.05,-3.0,-2.0,-0.10000000000000142
126,220.4,24.0,204.3,56.3,110.3,50,0.0,1001,65,33.8,1.9,3.0,2023,5,19,17,4,139,20,-0.9659258262890683,-0.25881904510252063,0.49999999999999994,-0.8660254037844387,-0.433883739117558,-0.9009688679024191,1,1,0,48.0,51.0,53.0,63.0,49.0,68.0,48.0,3.0000000000008487,51.0,45.0,54.833333333333336,13.585531519475511,82.0,45.0,53.916666666666664,9.903703011163303,82.0,45.0,54.75,8.719044622574403,82.0,42.0,35.0,35.1,33.4,60.0,59.0,68.0,3.0,1.66,2.33,1000.0,1002.0,1004.0,2197.0,195.0,101.39999999999999,0.0,0.7992753237065062,9.182950710387066,8.51214532727803,21.97,32.3,0.0337662000337662,1142.4399999999998,4225,9.0,1002001,660.3,110.05,-3.0,-8.0,-1.2000000000000028
134,236.6,32.0,175.7,60.0,121.7,37,0.0,1001,72,32.7,1.7,3.0,2023,5,19,18,4,139,20,-1.0,-1.8369701987210297e-16,0.49999999999999994,-0.8660254037844387,-0.433883739117558,-0.9009688679024191,1,2,0,45.0,48.0,51.0,82.0,49.0,66.0,47.0,1.732050807570428,48.0,45.0,49.166666666666664,2.7868739954760158,53.0,45.0,53.833333333333336,9.952919474234573,82.0,45.0,54.0,8.480155864031598,82.0,42.0,33.8,35.1,34.3,65.0,59.0,64.0,3.0,2.33,1.66,1001.0,1001.0,1003.0,2354.4,216.0,98.10000000000001,0.0,0.7999866668888852,7.393518952532734,5.490453423330521,23.544,31.200000000000003,0.0326673000326673,1069.2900000000002,5184,9.0,1002001,674.0,112.33333333333333,3.0,-3.0,-1.0999999999999943
123,252.7,40.0,147.0,55.0,133.0,25,0.0,1001,79,31.5,0.0,3.0,2023,5,19,19,4,139,20,-0.9659258262890684,0.2588190451025203,0.49999999999999994,-0.8660254037844387,-0.433883739117558,-0.9009688679024191,1,2,0,48.0,45.0,48.0,50.0,49.0,57.0,45.666666666666664,2.0816659994675146,48.0,44.0,48.166666666666664,3.430257521915823,53.0,44.0,53.416666666666664,10.273163037150269,82.0,44.0,53.458333333333336,8.692721426406687,82.0,42.0,32.7,35.0,35.2,72.0,60.0,59.0,3.0,3.0,1.0,1001.0,1000.0,1002.0,2488.5,237.0,94.5,0.0,0.7999854548099126,6.317342066448339,3.674908127296818,24.885,30.0,0.0314685000314685,992.25,6241,9.0,1002001,671.7,111.95,-4.0,-4.0,-1.2000000000000028
152,254.3,39.3,123.0,71.3,127.7,20,0.0,1002,83,30.7,0.0,2.66,2023,5,19,20,4,139,20,-0.8660254037844386,0.5000000000000001,0.49999999999999994,-0.8660254037844387,-0.433883739117558,-0.9009688679024191,1,2,0,44.0,48.0,45.0,53.0,55.0,59.0,49.666666666666664,6.658328118479738,57.0,44.0,48.833333333333336,4.708148963941172,57.0,44.0,53.583333333333336,10.317314073777217,82.0,44.0,53.375,8.646751086265553,82.0,42.0,31.5,33.8,35.1,79.0,65.0,59.0,3.0,3.0,1.66,1001.0,1001.0,1002.0,2548.1,220.78,81.662,0.0,0.7994277780115285,6.470573267855781,3.1296913564540345,25.480999999999998,29.369999999999997,0.030638691977353315,942.49,6889,7.0756000000000006,1004004,672.6000000000001,112.10000000000002,13.0,12.0,-0.8000000000000007
150,255.8,38.7,99.0,67.5,122.3,16,0.0,1003,87,30.0,0.0,2.33,2023,5,19,21,4,139,20,-0.7071067811865477,0.7071067811865474,0.49999999999999994,-0.8660254037844387,-0.433883739117558,-0.9009688679024191,1,2,0,57.0,44.0,48.0,51.0,52.0,59.0,51.666666666666664,6.806859285554341,57.0,44.0,49.333333333333336,5.125101625008085,57.0,44.0,53.75,10.305558958859882,82.0,44.0,53.166666666666664,8.565180607587214,82.0,42.0,30.7,32.7,35.1,83.0,72.0,59.0,2.66,3.0,2.33,1002.0,1001.0,1001.0,2610.0,202.71,69.9,0.0,0.7999881483237284,6.60964832950053,2.5580734347949665,26.1,28.835,0.02991023937164569,900.0,7569,5.4289000000000005,1006009,637.3,106.21666666666665,-3.0,6.0,-0.6999999999999993
123,257.4,38.0,75.0,55.0,117.0,12,0.0,1004,91,29.2,0.0,2.0,2023,5,19,22,4,139,20,-0.5000000000000004,0.8660254037844384,0.49999999999999994,-0.8660254037844387,-0.433883739117558,-0.9009688679024191,1,3,0,54.0,57.0,44.0,48.0,50.0,52.0,51.666666666666664,6.806859285554341,57.0,44.0,48.666666666666664,5.573747990953688,57.0,44.0,53.25,10.644033753490557,82.0,44.0,52.833333333333336,8.765875866686295,82.0,42.0,30.0,31.5,35.0,87.0,79.0,60.0,2.33,3.0,3.0,1003.0,1001.0,1000.0,2657.2,182.0,58.4,0.0,0.7999854548099126,6.773505960369464,1.9736322728349256,26.572,28.2,0.029083636370880107,852.64,8281,4.0,1008016,586.4,97.73333333333333,-10.0,0.0,-0.8000000000000007
121,246.3,34.0,69.3,53.8,109.3,14,0.0,1003,92,29.0,0.0,1.66,2023,5,19,23,4,139,20,-0.25881904510252157,0.9659258262890681,0.49999999999999994,-0.8660254037844387,-0.433883739117558,-0.9009688679024191,1,3,0,44.0,54.0,57.0,45.0,63.0,60.0,47.0,6.08276253029866,54.0,43.0,48.333333333333336,5.887840577551345,57.0,43.0,51.583333333333336,10.543919689765954,82.0,43.0,52.125,8.848053089706738,82.0,42.0,29.2,30.7,33.8,91.0,83.0,65.0,2.0,2.66,3.0,1004.0,1002.0,1001.0,2668.0,152.72,48.14,0.0,0.7992416497834613,7.24390459104144,2.0381753477838886,26.68,28.17,0.028913231392590836,841.0,8464,2.7556,1006009,555.7,92.61666666666667,-1.0,-14.0,-0.1999999999999993
123,235.2,30.0,63.7,55.0,101.7,16,0.0,1003,94,28.7,0.0,1.33,2023,5,20,0,5,140,20,0.0,1.0,0.49999999999999994,-0.8660254037844387,-0.9749279121818236,-0.2225209339563146,1,3,1,43.0,44.0,54.0,48.0,82.0,69.0,43.666666666666664,0.5773502691950732,44.0,43.0,47.666666666666664,6.153589738247093,57.0,43.0,48.416666666666664,4.62126179804308,57.0,43.0,51.083333333333336,8.224653642326812,82.0,42.0,29.0,30.0,32.7,92.0,87.0,72.0,1.66,2.33,3.0,1003.0,1003.0,1001.0,2697.7999999999997,125.02000000000001,38.171,0.0,0.7999854548099126,7.839738675377487,2.123262557914736,26.977999999999998,28.035,0.028614128998874378,823.6899999999999,8836,1.7689000000000001,1006009,529.6,88.26666666666667,1.0,-10.0,-0.3000000000000007
112,224.1,26.0,58.0,50.0,94.0,18,0.0,1003,96,28.5,0.0,1.0,2023,5,20,1,5,140,20,0.25881904510252074,0.9659258262890683,0.49999999999999994,-0.8660254037844387,-0.9749279121818236,-0.2225209339563146,1,3,1,44.0,43.0,44.0,44.0,50.0,48.0,42.333333333333336,2.081665999467735,44.0,40.0,47.0,6.811754546370048,57.0,40.0,47.583333333333336,5.177895910560372,57.0,40.0,50.75,8.512139668681321,82.0,40.0,28.7,29.2,31.5,94.0,91.0,79.0,1.33,2.0,3.0,1003.0,1004.0,1001.0,2736.0,96.0,28.5,0.0,0.7999840003199936,8.61889927310488,2.23068343525249,27.36,28.0,0.028414727403063406,812.25,9216,1.0,1006009,492.1,82.01666666666667,-4.0,-4.0,-0.1999999999999993
153,203.9,21.7,59.7,72.5,84.0,20,0.0,1002,96,28.3,0.0,1.0,2023,5,20,2,5,140,20,0.49999999999999994,0.8660254037844387,0.49999999999999994,-0.8660254037844387,-0.9749279121818236,-0.2225209339563146,1,3,1,40.0,44.0,43.0,57.0,53.0,42.0,47.333333333333336,9.451631252505495,58.0,40.0,47.166666666666664,7.111024305025244,58.0,40.0,48.0,5.81534021517001,58.0,40.0,51.416666666666664,8.423139281902369,82.0,40.0,28.5,29.0,30.7,96.0,92.0,83.0,1.0,1.66,2.66,1003.0,1003.0,1002.0,2716.8,96.0,28.3,0.0,0.799988965669439,9.395880374176306,2.7510252983733468,27.168000000000003,27.8,0.02824348478694133,800.89,9216,1.0,1004004,499.8,83.3,18.0,15.0,-0.1999999999999993
153,183.6,17.3,61.3,72.5,74.0,22,0.0,1002,95,28.2,0.0,1.0,2023,5,20,3,5,140,20,0.7071067811865476,0.7071067811865476,0.49999999999999994,-0.8660254037844387,-0.9749279121818236,-0.2225209339563146,1,3,1,58.0,40.0,44.0,54.0,51.0,51.0,52.0,10.392304845413452,58.0,40.0,47.833333333333336,8.010409893798194,58.0,40.0,48.583333333333336,6.459078647120557,58.0,40.0,51.708333333333336,8.528617639488107,82.0,40.0,28.3,28.7,30.0,96.0,94.0,87.0,1.0,1.33,2.33,1002.0,1003.0,1003.0,2679.0,95.0,28.2,0.0,0.799988965669439,10.61210334662736,3.543147794925148,26.79,27.7,0.02814368448734083,795.24,9025,1.0,1004004,466.7,77.78333333333333,0.0,14.0,-0.10000000000000142
131,163.4,13.0,63.0,58.8,64.0,25,0.0,1002,95,28.0,0.0,1.0,2023,5,20,4,5,140,20,0.8660254037844386,0.5000000000000001,0.49999999999999994,-0.8660254037844387,-0.9749279121818236,-0.2225209339563146,1,3,1,58.0,58.0,40.0,44.0,48.0,55.0,54.333333333333336,6.350852961086142,58.0,47.0,48.333333333333336,7.8145164064489725,58.0,40.0,48.5,6.4737231103193364,58.0,40.0,51.375,8.5506801153353,82.0,40.0,28.2,28.5,29.2,95.0,96.0,91.0,1.0,1.0,2.0,1002.0,1003.0,1004.0,2660.0,95.0,28.0,0.0,0.7993061342494175,12.56826397969387,4.845781093762018,26.6,27.5,0.027944083888139834,784.0,9025,1.0,1004004,409.2,68.2,-11.0,7.0,-0.1999999999999993
134,159.1,16.3,63.3,60.0,55.3,37,0.0,1002,94,28.2,0.0,1.33,2023,5,20,5,5,140,20,0.9659258262890683,0.25881904510252074,0.49999999999999994,-0.8660254037844387,-0.9749279121818236,-0.2225209339563146,1,3,1,47.0,58.0,58.0,43.0,45.0,49.0,51.0,6.0827625302985675,58.0,47.0,49.166666666666664,7.38692538656378,58.0,40.0,48.75,6.383572667401206,58.0,40.0,51.333333333333336,8.565180607587186,82.0,40.0,28.0,28.3,29.0,95.0,96.0,92.0,1.0,1.0,1.66,1002.0,1002.0,1003.0,2650.7999999999997,125.02000000000001,37.506,0.0,0.7999866668888852,9.760137414882522,3.8831973498558363,26.507999999999996,27.535,0.02814368448734083,795.24,8836,1.7689000000000001,1004004,402.0,67.0,1.0,-10.0,0.1999999999999993
112,154.8,19.7,63.7,50.0,46.7,50,0.0,1003,93,28.5,1.8,1.66,2023,5,20,6,5,140,20,1.0,6.123233995736766e-17,0.49999999999999994,-0.8660254037844387,-0.9749279121818236,-0.2225209339563146,1,0,1,48.0,47.0,58.0,44.0,48.0,49.0,45.0,4.358898943541352,48.0,40.0,48.5,8.093207028118924,58.0,40.0,48.083333333333336,6.868350779061462,58.0,40.0,50.958333333333336,8.86360004722174,82.0,40.0,28.2,28.2,28.7,94.0,95.0,94.0,1.33,1.0,1.33,1002.0,1002.0,1003.0,2650.5,154.38,47.309999999999995,0.0,0.7999840003199936,7.857469164001827,3.233338409217806,26.505,27.67,0.028414727403063406,812.25,8649,2.7556,1006009,374.9,62.48333333333333,-8.0,-18.0,0.3000000000000007
107,150.6,23.0,64.0,47.5,38.0,62,0.0,1004,92,28.7,1.4,2.0,2023,5,20,7,5,140,20,0.9659258262890683,-0.25881904510252063,0.49999999999999994,-0.8660254037844387,-0.9749279121818236,-0.2225209339563146,1,0,1,40.0,48.0,47.0,40.0,44.0,49.0,42.0,5.291502622129819,48.0,38.0,48.166666666666664,8.542052836798664,58.0,38.0,47.583333333333336,7.391128998927002,58.0,38.0,50.5,9.24544541217852,82.0,38.0,28.5,28.0,28.5,93.0,95.0,96.0,1.66,1.0,1.0,1003.0,1002.0,1003.0,2640.4,184.0,57.4,0.0,0.7999831582493001,6.547541411242989,2.7824877179253074,26.404,27.7,0.028585628898775996,823.6899999999999,8464,4.0,1008016,361.1,60.18333333333334,-2.0,-9.0,0.1999999999999993
131,145.7,18.3,88.3,58.8,40.3,62,0.0,1004,84,29.9,1.4,2.0,2023,5,20,8,5,140,20,0.8660254037844387,-0.4999999999999998,0.49999999999999994,-0.8660254037844387,-0.9749279121818236,-0.2225209339563146,1,0,1,38.0,40.0,48.0,58.0,57.0,55.0,41.666666666666664,4.725815626253331,47.0,38.0,46.333333333333336,7.061633427661014,58.0,38.0,46.75,6.770591487521669,58.0,38.0,50.166666666666664,9.220330403712804,82.0,38.0,28.7,28.2,28.3,92.0,94.0,96.0,2.0,1.33,1.0,1004.0,1002.0,1002.0,2511.6,168.0,59.8,0.0,0.7993061342494175,7.961313589421342,4.82487295776187,25.116,28.9,0.029780846831825865,894.0099999999999,7056,4.0,1008016,398.40000000000003,66.4,9.0,-1.0,1.1999999999999993
131,140.8,13.7,112.7,58.8,42.7,62,0.0,1004,77,31.0,2.5,2.0,2023,5,20,9,5,140,20,0.7071067811865476,-0.7071067811865475,0.49999999999999994,-0.8660254037844387,-0.9749279121818236,-0.2225209339563146,1,0,1,47.0,38.0,40.0,58.0,54.0,52.0,44.0,5.196152422707225,47.0,38.0,44.5,4.324349662087017,48.0,38.0,46.166666666666664,6.3794176612729725,58.0,38.0,49.958333333333336,9.233583159912623,82.0,38.0,29.9,28.5,28.2,84.0,93.0,95.0,2.0,1.66,1.0,1004.0,1003.0,1002.0,2387.0,154.0,62.0,0.0,0.7993061342494175,10.276622144369027,8.225676957886286,23.87,30.0,0.030876463270454912,961.0,5929,4.0,1008016,415.7,69.28333333333333,0.0,7.0,1.1000000000000014
134,136.0,9.0,137.0,60.0,45.0,62,0.0,1004,70,32.2,4.6,2.0,2023,5,20,10,5,140,20,0.49999999999999994,-0.8660254037844387,0.49999999999999994,-0.8660254037844387,-0.9749279121818236,-0.2225209339563146,1,0,1,47.0,47.0,38.0,47.0,44.0,50.0,47.333333333333336,0.5773502691941558,48.0,47.0,44.666666666666664,4.457203906784928,48.0,38.0,46.5,6.360388781712739,58.0,38.0,49.875,9.242211762390918,82.0,38.0,31.0,28.7,28.0,77.0,92.0,95.0,2.0,2.0,1.0,1004.0,1004.0,1002.0,2254.0,140.0,64.4,0.0,0.7999866668888852,15.109432285301635,15.220531052105322,22.54,31.200000000000003,0.03207168120350478,1036.8400000000001,4900,4.0,1008016,435.0,72.5,1.0,10.0,1.2000000000000028
123,135.2,8.0,151.0,55.0,44.3,54,0.0,1003,67,33.1,6.6,2.0,2023,5,20,11,5,140,20,0.258819045102521,-0.9659258262890682,0.49999999999999994,-0.8660254037844387,-0.9749279121818236,-0.2225209339563146,1,0,1,48.0,47.0,47.0,48.0,43.0,63.0,46.333333333333336,2.0816659994674573,48.0,44.0,44.0,4.147288270664569,48.0,38.0,46.583333333333336,6.316764611057385,58.0,38.0,49.083333333333336,8.875548564390137,82.0,38.0,32.2,29.9,28.2,70.0,84.0,94.0,2.0,2.0,1.33,1004.0,1004.0,1002.0,2217.7000000000003,134.0,66.2,0.0,0.7999854548099126,16.897887764029495,18.872640919885015,22.177000000000003,32.1,0.03300096410671575,1095.6100000000001,4489,4.0,1006009,437.5,72.91666666666667,-4.0,-3.0,0.8999999999999986
139,134.4,7.0,165.0,62.5,43.7,45,0.0,1003,63,34.1,10.4,2.0,2023,5,20,12,5,140,20,1.2246467991473532e-16,-1.0,0.49999999999999994,-0.8660254037844387,-0.9749279121818236,-0.2225209339563146,1,1,1,44.0,48.0,47.0,40.0,44.0,82.0,47.333333333333336,3.0550504633047497,50.0,44.0,45.666666666666664,4.226897995771746,50.0,38.0,47.083333333333336,6.3311399710735445,58.0,38.0,47.75,5.463316400041589,58.0,38.0,33.1,31.0,28.5,67.0,77.0,93.0,2.0,2.0,1.66,1003.0,1004.0,1003.0,2148.3,126.0,68.2,0.0,0.7999872002047967,19.19725753463791,23.568061705470647,21.483,33.1,0.03399797208577061,1162.8100000000002,3969,4.0,1006009,462.59999999999997,77.1,6.0,3.0,1.0
145,133.6,6.0,179.0,65.0,43.0,37,0.0,1002,60,35.0,9.4,2.0,2023,5,20,13,5,140,20,-0.2588190451025208,-0.9659258262890683,0.49999999999999994,-0.8660254037844387,-0.9749279121818236,-0.2225209339563146,1,1,1,50.0,44.0,48.0,38.0,40.0,50.0,48.666666666666664,4.163331998932848,52.0,44.0,48.0,2.7568097504168514,52.0,44.0,48.083333333333336,6.052172162024113,58.0,38.0,47.833333333333336,5.514145183204389,58.0,38.0,34.1,32.2,28.7,63.0,70.0,92.0,2.0,2.0,2.0,1003.0,1004.0,1004.0,2100.0,120.0,70.0,0.0,0.7999876924970385,22.262956173971002,29.828361939676718,21.0,34.0,0.03493010486017479,1225.0,3600,4.0,1004004,478.6,79.76666666666667,2.0,4.0,0.8999999999999986
131,134.0,8.0,171.7,58.8,44.3,33,0.0,1002,64,34.4,7.1,2.33,2023,5,20,14,5,140,20,-0.4999999999999997,-0.8660254037844388,0.49999999999999994,-0.8660254037844387,-0.9749279121818236,-0.2225209339563146,1,1,1,52.0,50.0,44.0,47.0,58.0,53.0,49.666666666666664,2.5166114784244895,52.0,47.0,48.0,2.7568097504168514,52.0,44.0,47.166666666666664,5.184475660930396,58.0,38.0,47.583333333333336,5.40464105445894,58.0,38.0,35.0,33.1,29.9,60.0,67.0,84.0,2.0,2.0,2.0,1002.0,1003.0,1004.0,2201.6,149.12,80.152,0.0,0.7993061342494175,16.74790651168604,21.459817522809647,22.016,33.235,0.034331303062571795,1183.36,4096,5.4289000000000005,1004004,463.8,77.3,-5.0,3.0,-0.6000000000000014
148,134.4,10.0,164.3,66.3,45.7,29,0.0,1001,68,33.8,4.9,2.66,2023,5,20,15,5,140,20,-0.7071067811865471,-0.7071067811865479,0.49999999999999994,-0.8660254037844387,-0.9749279121818236,-0.2225209339563146,1,1,1,47.0,52.0,50.0,47.0,58.0,51.0,50.666666666666664,3.214550253664983,53.0,47.0,49.0,3.3466401061353754,53.0,44.0,46.75,4.371914496376635,53.0,38.0,47.666666666666664,5.474578932918993,58.0,38.0,34.4,34.1,31.0,64.0,63.0,77.0,2.33,2.0,2.0,1002.0,1003.0,1004.0,2298.3999999999996,180.88,89.908,0.0,0.7993846246662946,13.438656134386562,16.428357164283575,22.983999999999995,32.47,0.0337662000337662,1142.4399999999998,4624,7.0756000000000006,1002001,473.70000000000005,78.95,6.0,3.0,-0.6000000000000014
150,134.8,12.0,157.0,67.5,47.0,25,0.0,1001,72,33.2,3.2,3.0,2023,5,20,16,5,140,20,-0.8660254037844385,-0.5000000000000004,0.49999999999999994,-0.8660254037844387,-0.9749279121818236,-0.2225209339563146,1,1,1,53.0,47.0,52.0,48.0,47.0,48.0,51.333333333333336,3.785938897200722,54.0,47.0,50.0,3.847076812333512,54.0,44.0,47.333333333333336,4.849242365065217,54.0,38.0,47.916666666666664,5.625382434665113,58.0,38.0,33.8,35.0,32.2,68.0,60.0,70.0,2.66,2.0,2.0,1001.0,1002.0,1004.0,2390.4,216.0,99.60000000000001,0.0,0.7999881483237284,11.232397300224983,13.082243146404467,23.904,31.700000000000003,0.033166800033166806,1102.2400000000002,5184,9.0,1002001,472.3,78.71666666666667,1.0,2.0,-0.5999999999999943
150,146.1,19.3,133.7,67.5,55.0,45,0.0,1001,73,31.8,2.1,2.66,2023,5,20,17,5,140,20,-0.9659258262890683,-0.25881904510252063,0.49999999999999994,-0.8660254037844387,-0.9749279121818236,-0.2225209339563146,1,1,1,54.0,53.0,47.0,44.0,48.0,45.0,53.666666666666664,0.5773502691925887,54.0,53.0,51.666666666666664,2.732520204254942,54.0,47.0,47.833333333333336,5.2194275780411035,54.0,38.0,48.291666666666664,5.7216535058133955,58.0,38.0,33.2,34.4,33.1,72.0,64.0,67.0,3.0,2.33,2.0,1001.0,1002.0,1003.0,2321.4,194.18,84.58800000000001,0.0,0.7999881483237284,7.569555981555359,6.927102222682762,23.214000000000002,30.47,0.0317682000317682,1011.24,5329,7.0756000000000006,1002001,475.6,79.26666666666667,0.0,7.0,-1.4000000000000021
153,157.4,26.7,110.3,72.5,63.0,66,0.0,1002,73,30.4,1.6,2.33,2023,5,20,18,5,140,20,-1.0,-1.8369701987210297e-16,0.49999999999999994,-0.8660254037844387,-0.9749279121818236,-0.2225209339563146,1,2,1,54.0,54.0,53.0,50.0,40.0,48.0,55.333333333333336,2.309401076759141,58.0,54.0,53.0,3.577708763999008,58.0,47.0,49.333333333333336,5.3484633873714005,58.0,38.0,48.708333333333336,6.053954271288123,58.0,38.0,31.8,33.8,34.1,73.0,68.0,63.0,2.66,2.66,2.0,1001.0,1001.0,1003.0,2219.2,170.09,70.832,0.0,0.799988965669439,5.894910302984907,4.130931425789296,22.191999999999997,29.235,0.03033929107855182,924.16,5329,5.4289000000000005,1004004,487.9,81.31666666666666,4.0,5.0,-1.4000000000000021
156,168.7,34.0,87.0,75.0,71.0,87,0.25,1002,74,29.0,0.0,2.0,2023,5,20,19,5,140,20,-0.9659258262890684,0.2588190451025203,0.49999999999999994,-0.8660254037844387,-0.9749279121818236,-0.2225209339563146,1,2,1,58.0,54.0,54.0,52.0,38.0,44.0,57.333333333333336,3.0550504633042825,60.0,54.0,54.333333333333336,4.501851470968638,60.0,47.0,51.166666666666664,4.858606858560623,60.0,44.0,49.375,6.384849594769903,60.0,38.0,30.4,33.2,35.0,73.0,72.0,60.0,2.33,3.0,2.0,1002.0,1001.0,1002.0,2146.0,148.0,58.0,21.75,0.7999893334755536,4.961618775918355,2.558748272109644,21.46,28.0,0.028942086884144826,841.0,5476,4.0,1004004,495.7,82.61666666666666,2.0,6.0,-1.3999999999999986
156,157.4,28.7,85.3,75.0,58.7,91,0.0,1003,78,29.1,0.0,2.0,2023,5,20,20,5,140,20,-0.8660254037844386,0.5000000000000001,0.49999999999999994,-0.8660254037844387,-0.9749279121818236,-0.2225209339563146,1,2,1,60.0,58.0,54.0,47.0,47.0,57.0,59.333333333333336,1.154700538380036,60.0,58.0,56.5,3.2093613071757225,60.0,53.0,52.25,5.276448530110075,60.0,44.0,49.5,6.567376552522021,60.0,38.0,29.0,31.8,34.4,74.0,73.0,64.0,2.0,2.66,2.33,1002.0,1001.0,1002.0,2269.8,156.0,58.2,0.0,0.7999893334755536,5.484129472840667,2.9720218807707046,22.698,28.1,0.029012932190496322,846.8100000000001,6084,4.0,1006009,465.09999999999997,77.51666666666667,0.0,6.0,0.10000000000000142
134,146.1,23.3,83.7,66.3,46.3,95,0.0,1004,83,29.1,0.0,2.0,2023,5,20,21,5,140,20,-0.7071067811865477,0.7071067811865474,0.49999999999999994,-0.8660254037844387,-0.9749279121818236,-0.2225209339563146,1,2,1,60.0,60.0,58.0,53.0,47.0,54.0,56.0,6.928203230275707,60.0,48.0,55.666666666666664,4.633213427704685,60.0,48.0,52.333333333333336,5.193235693639241,60.0,44.0,49.25,6.5025078774008,60.0,38.0,29.1,30.4,33.8,78.0,73.0,68.0,2.0,2.33,2.66,1003.0,1002.0,1001.0,2415.3,166.0,58.2,0.0,0.7239709808298517,6.2701171623535465,3.5921205098493627,24.153000000000002,28.1,0.02898403487645929,846.8100000000001,6889,4.0,1008016,413.70000000000005,68.95,-12.0,-10.0,0.0
118,134.8,18.0,82.0,62.0,34.0,100,0.0,1004,88,29.2,0.0,2.0,2023,5,20,22,5,140,20,-0.5000000000000004,0.8660254037844384,0.49999999999999994,-0.8660254037844387,-0.9749279121818236,-0.2225209339563146,1,3,1,48.0,60.0,60.0,54.0,48.0,44.0,50.0,9.165151389911921,60.0,42.0,53.666666666666664,7.312090444371035,60.0,42.0,51.833333333333336,5.890413372333166,60.0,42.0,49.166666666666664,6.585007125325451,60.0,38.0,29.1,29.0,33.2,83.0,74.0,72.0,2.0,2.0,3.0,1004.0,1002.0,1001.0,2569.6,176.0,58.4,0.0,0.6774084288963081,7.488472862618743,4.555302483195378,25.695999999999998,28.2,0.029083636370880107,852.64,7744,4.0,1008016,372.8,62.13333333333333,-6.0,-18.0,0.09999999999999787
111,125.1,14.3,85.3,58.3,30.3,100,0.0,1004,89,29.2,0.0,2.0,2023,5,20,23,5,140,20,-0.25881904510252157,0.9659258262890681,0.49999999999999994,-0.8660254037844387,-0.9749279121818236,-0.2225209339563146,1,3,1,42.0,48.0,60.0,54.0,44.0,43.0,43.10999999999999,4.440304043644576,48.0,39.33,51.221666666666664,9.347663700982253,60.0,39.33,51.44416666666667,6.570052522735785,60.0,39.33,49.013749999999995,6.774326093549552,60.0,38.0,29.2,29.1,31.8,88.0,78.0,73.0,2.0,2.0,2.66,1004.0,1003.0,1001.0,2598.7999999999997,178.0,58.4,0.0,0.6746024939537916,8.747640025173064,5.964617858890986,25.987999999999996,28.2,0.029083636370880107,852.64,7921,4.0,1008016,352.63,58.77166666666667,-2.6700000000000017,-20.67,0.0
103,115.4,10.7,88.7,54.7,26.7,100,0.0,1004,90,29.2,0.0,2.0,2023,5,21,0,6,141,20,0.0,1.0,0.49999999999999994,-0.8660254037844387,-0.7818314824680299,0.6234898018587334,1,3,1,39.33,42.0,48.0,58.0,50.0,44.0,39.333333333333336,2.6650015634781012,42.0,36.67,47.666666666666664,10.265194916155261,60.0,36.67,50.333333333333336,7.840480427456281,60.0,36.67,48.708333333333336,7.164210971250555,60.0,36.67,29.2,29.1,30.4,89.0,83.0,73.0,2.0,2.0,2.33,1004.0,1004.0,1002.0,2628.0,180.0,58.4,0.0,0.6703716568252865,10.78403887487151,8.288944958415103,26.28,28.2,0.029083636370880107,852.64,8100,4.0,1008016,332.87,55.47833333333333,-2.6599999999999966,-11.329999999999998,0.0
98,105.6,7.0,92.0,51.0,23.0,100,0.0,1004,91,29.2,0.0,2.0,2023,5,21,1,6,141,20,0.25881904510252074,0.9659258262890683,0.49999999999999994,-0.8660254037844387,-0.7818314824680299,0.6234898018587334,1,3,1,36.67,39.33,42.0,60.0,52.0,40.0,36.666666666666664,2.665001563478229,39.33,34.0,43.333333333333336,9.474926209034987,60.0,34.0,48.833333333333336,9.111453664414896,60.0,34.0,48.458333333333336,7.5742588483267665,60.0,34.0,29.2,29.2,29.0,90.0,88.0,74.0,2.0,2.0,2.0,1004.0,1004.0,1002.0,2657.2,182.0,58.4,0.0,0.6666535950275485,15.083559491501212,13.140979860019996,26.572,28.2,0.029083636370880107,852.64,8281,4.0,1008016,312.6,52.1,-2.6700000000000017,-8.0,0.0
97,102.9,6.0,93.7,51.0,22.7,95,0.0,1004,89,29.0,0.0,2.0,2023,5,21,2,6,141,20,0.49999999999999994,0.8660254037844387,0.49999999999999994,-0.8660254037844387,-0.7818314824680299,0.6234898018587334,1,3,1,34.0,36.67,39.33,60.0,47.0,58.0,34.78,1.6450835845052179,36.67,33.67,38.945,5.457628605904743,48.0,33.67,47.722500000000004,10.112829947420568,60.0,33.67,47.444583333333334,7.864291880097602,60.0,33.67,29.2,29.2,29.1,91.0,89.0,78.0,2.0,2.0,2.0,1004.0,1004.0,1003.0,2581.0,178.0,58.0,0.0,0.6601831336640459,17.147142142976172,15.614064322612897,25.81,28.0,0.028884433382038464,841.0,7921,4.0,1008016,309.97,51.66166666666667,-0.3299999999999983,-5.659999999999997,-0.1999999999999993
96,100.2,5.0,95.3,51.0,22.3,91,0.0,1003,88,28.7,0.0,2.0,2023,5,21,3,6,141,20,0.7071067811865476,0.7071067811865476,0.49999999999999994,-0.8660254037844387,-0.7818314824680299,0.6234898018587334,1,3,1,33.67,34.0,36.67,48.0,53.0,58.0,33.666666666666664,0.3350124375931962,34.0,33.33,36.5,3.53823684905191,42.0,33.33,46.083333333333336,10.753486819997994,60.0,33.33,46.416666666666664,8.035056162606354,60.0,33.33,29.0,29.2,29.1,89.0,90.0,83.0,2.0,2.0,2.0,1004.0,1004.0,1004.0,2525.6,176.0,57.4,0.0,0.6535165977137704,20.03599280143971,19.056188762247547,25.256,27.7,0.028614128998874378,823.6899999999999,7744,4.0,1006009,307.13,51.18833333333333,-0.3400000000000034,-3.3400000000000034,-0.3000000000000007
95,97.5,4.0,97.0,51.0,22.0,87,0.0,1003,86,28.5,0.0,2.0,2023,5,21,4,6,141,20,0.8660254037844386,0.5000000000000001,0.49999999999999994,-0.8660254037844387,-0.7818314824680299,0.6234898018587334,1,3,1,33.33,33.67,34.0,42.0,54.0,47.0,33.333333333333336,0.33501243759332344,33.67,33.0,35.0,2.493816352498356,39.33,33.0,44.333333333333336,11.052610825528866,60.0,33.0,45.833333333333336,8.486380222177687,60.0,33.0,28.7,29.2,29.2,88.0,91.0,88.0,2.0,2.0,2.0,1003.0,1004.0,1004.0,2451.0,172.0,57.0,0.0,0.6470461363502676,24.368907773056733,24.243939015246188,24.51,27.5,0.028414727403063406,812.25,7396,4.0,1006009,304.5,50.75,-0.3299999999999983,-1.0,-0.1999999999999993
92,101.7,5.7,93.7,48.7,22.3,87,0.0,1003,88,28.7,0.0,2.0,2023,5,21,5,6,141,20,0.9659258262890683,0.25881904510252074,0.49999999999999994,-0.8660254037844387,-0.7818314824680299,0.6234898018587334,1,3,1,33.0,33.33,33.67,39.33,54.0,48.0,32.666666666666664,0.8787680771070354,33.33,31.67,33.723333333333336,1.652654430500934,36.67,31.67,42.472500000000004,11.156430779028954,60.0,31.67,45.15291666666667,8.947244647117255,60.0,31.67,28.5,29.0,29.2,86.0,89.0,89.0,2.0,2.0,2.0,1003.0,1004.0,1004.0,2525.6,176.0,57.4,0.0,0.6502946551405515,17.838975618312574,16.435713032801264,25.256,27.7,0.028614128998874378,823.6899999999999,7744,4.0,1006009,303.77000000000004,50.62833333333334,-1.3299999999999983,-2.0,0.1999999999999993
90,106.0,7.3,90.3,46.3,22.7,87,0.0,1004,90,29.0,1.6,2.0,2023,5,21,6,6,141,20,1.0,6.123233995736766e-17,0.49999999999999994,-0.8660254037844387,-0.7818314824680299,0.6234898018587334,1,0,1,31.67,33.0,33.33,36.67,58.0,40.0,31.666666666666668,1.3350031210984756,33.0,30.33,32.666666666666664,1.3992093005172406,34.0,30.33,40.166666666666664,10.495280613280764,60.0,30.33,44.75,9.395867269131488,60.0,30.33,28.7,28.7,29.2,88.0,88.0,90.0,2.0,2.0,2.0,1003.0,1003.0,1004.0,2610.0,180.0,58.0,0.0,0.6550614457571111,14.518559101492945,12.36816874400767,26.1,28.0,0.028884433382038464,841.0,8100,4.0,1008016,302.92999999999995,50.48833333333332,-1.3400000000000034,-3.0,0.3000000000000007
87,110.3,9.0,87.0,44.0,23.0,87,0.0,1004,92,29.2,1.0,2.0,2023,5,21,7,6,141,20,0.9659258262890683,-0.25881904510252063,0.49999999999999994,-0.8660254037844387,-0.7818314824680299,0.6234898018587334,1,0,1,30.33,31.67,33.0,34.0,60.0,38.0,30.333333333333332,1.3350031210986109,31.67,29.0,31.833333333333332,1.859512480908265,33.67,29.0,37.583333333333336,8.856995523142237,60.0,29.0,44.375,9.845807759386146,60.0,29.0,29.0,28.5,29.2,90.0,86.0,91.0,2.0,2.0,2.0,1004.0,1003.0,1004.0,2686.4,184.0,58.4,0.0,0.659075930092498,12.254193978446839,9.665592711920898,26.864,28.2,0.029083636370880107,852.64,8464,4.0,1008016,302.3,50.38333333333333,-1.3299999999999983,-4.0,0.1999999999999993
87,115.7,8.0,101.3,44.3,26.0,87,0.0,1004,87,30.3,2.4,2.0,2023,5,21,8,6,141,20,0.8660254037844387,-0.4999999999999998,0.49999999999999994,-0.8660254037844387,-0.7818314824680299,0.6234898018587334,1,0,1,29.0,30.33,31.67,33.67,60.0,47.0,29.55333333333333,0.6925556536071604,30.33,29.0,31.109999999999996,1.8462394210899769,33.33,29.0,35.0275,5.6418342036796965,48.0,29.0,43.638749999999995,10.291554711003137,60.0,29.0,29.2,28.7,29.0,92.0,88.0,89.0,2.0,2.0,2.0,1004.0,1003.0,1004.0,2636.1,174.0,60.6,0.0,0.6620618044739397,14.46069241344832,12.660917385326835,26.361,29.3,0.030179252809509154,918.09,7569,4.0,1008016,324.63,54.105,0.3299999999999983,-2.3400000000000034,1.1000000000000014
88,121.2,7.0,115.7,44.7,29.0,87,0.0,1005,82,31.4,5.0,2.0,2023,5,21,9,6,141,20,0.7071067811865476,-0.7071067811865475,0.49999999999999994,-0.8660254037844387,-0.7818314824680299,0.6234898018587334,1,0,1,29.33,29.0,30.33,33.33,48.0,47.0,29.333333333333332,0.3350124375949384,29.67,29.0,30.5,1.5463246748294512,33.0,29.0,33.5,4.073765289797091,42.0,29.0,42.916666666666664,10.647278756919144,60.0,29.0,30.3,29.0,28.7,87.0,90.0,88.0,2.0,2.0,2.0,1004.0,1004.0,1003.0,2574.7999999999997,164.0,62.8,0.0,0.6637435404129662,17.311812598200255,16.526210541351237,25.747999999999998,30.4,0.031243750006218898,985.9599999999999,6724,4.0,1010025,347.27,57.87833333333333,0.3400000000000034,-0.6599999999999966,1.0999999999999979
89,126.6,6.0,130.0,45.0,32.0,87,0.0,1005,77,32.5,8.9,2.0,2023,5,21,10,6,141,20,0.49999999999999994,-0.8660254037844387,0.49999999999999994,-0.8660254037844387,-0.7818314824680299,0.6234898018587334,1,0,1,29.67,29.33,29.0,33.0,42.0,48.0,29.666666666666668,0.33501243759480365,30.0,29.33,30.0,0.9439915253783842,31.67,29.0,32.5,3.1701907026078144,39.33,29.0,42.166666666666664,10.904495549469999,60.0,29.0,31.4,29.2,28.5,82.0,92.0,86.0,2.0,2.0,2.0,1005.0,1004.0,1003.0,2502.5,154.0,65.0,0.0,0.6666518521810627,21.096483919346774,21.663056157307114,25.025,31.5,0.03233827628032211,1056.25,5929,4.0,1010025,369.6,61.6,0.3299999999999983,1.0,1.1000000000000014
95,133.6,7.3,147.7,49.3,43.3,83,0.0,1004,72,33.5,10.8,2.0,2023,5,21,11,6,141,20,0.258819045102521,-0.9659258262890682,0.49999999999999994,-0.8660254037844387,-0.7818314824680299,0.6234898018587334,1,0,1,30.0,29.67,29.33,31.67,39.33,44.0,30.89,1.8347479390939638,33.0,29.67,30.221666666666664,1.4402696506741244,33.0,29.0,31.972499999999997,2.351270932919458,36.67,29.0,41.708333333333336,11.054232975049501,60.0,29.0,32.5,30.3,28.7,77.0,87.0,88.0,2.0,2.0,2.0,1005.0,1004.0,1003.0,2412.0,144.0,67.0,0.0,0.6693576195209023,18.298863169428845,20.23010546500479,24.12,32.5,0.03336650063097547,1122.25,5184,4.0,1008016,414.20000000000005,69.03333333333335,3.0,3.6700000000000017,1.0
102,140.6,8.7,165.3,53.7,54.7,79,0.0,1004,66,34.5,11.1,2.0,2023,5,21,12,6,141,20,1.2246467991473532e-16,-1.0,0.49999999999999994,-0.8660254037844387,-0.7818314824680299,0.6234898018587334,1,1,1,33.0,30.0,29.67,30.33,36.67,50.0,33.0,3.000000000001496,36.0,30.0,31.166666666666668,2.7709613253622556,36.0,29.0,31.916666666666668,2.2346459281582756,36.0,29.0,41.125,10.966700982282116,60.0,29.0,33.5,31.4,29.0,72.0,82.0,90.0,2.0,2.0,2.0,1004.0,1005.0,1004.0,2277.0,132.0,69.0,0.0,0.6703785776801177,16.159062176761292,18.99781634294909,22.77,33.5,0.03436251557518369,1190.25,4356,4.0,1008016,459.0,76.5,3.0,6.329999999999998,1.0
110,147.7,10.0,183.0,58.0,66.0,75,0.0,1003,61,35.5,9.6,2.0,2023,5,21,13,6,141,20,-0.2588190451025208,-0.9659258262890683,0.49999999999999994,-0.8660254037844387,-0.7818314824680299,0.6234898018587334,1,1,1,36.0,33.0,30.0,29.0,34.0,52.0,36.0,3.000000000001356,39.0,33.0,32.833333333333336,3.9595740511643456,39.0,29.33,32.333333333333336,2.9951486025750182,39.0,29.0,40.583333333333336,10.72458478639544,60.0,29.0,34.5,32.5,29.2,66.0,77.0,92.0,2.0,2.0,2.0,1004.0,1005.0,1004.0,2165.5,122.0,71.0,0.0,0.6724021999620696,14.768523147685231,18.298170182981703,21.655,34.5,0.0353937832564474,1260.25,3721,4.0,1006009,503.7,83.95,3.0,9.0,1.0
112,151.9,11.7,180.3,59.3,71.0,75,0.0,1002,61,35.8,6.6,2.33,2023,5,21,14,6,141,20,-0.4999999999999997,-0.8660254037844388,0.49999999999999994,-0.8660254037844387,-0.7818314824680299,0.6234898018587334,1,1,1,39.0,36.0,33.0,29.33,33.67,47.0,38.333333333333336,2.081665999467928,40.0,36.0,34.61166666666667,4.438560201986083,40.0,29.67,32.86083333333333,3.7213400771347014,40.0,29.0,40.291666666666664,10.637320546350091,60.0,29.0,35.5,33.5,30.3,61.0,72.0,87.0,2.0,2.0,2.0,1003.0,1004.0,1004.0,2183.7999999999997,142.13,83.414,0.0,0.6745248815365678,12.981796427655757,15.408939406888303,21.837999999999997,34.635,0.035728507256978785,1281.6399999999999,3721,5.4289000000000005,1004004,514.2,85.7,1.0,7.0,0.29999999999999716
115,156.2,13.3,177.7,60.7,76.0,75,0.0,1002,61,36.2,5.5,2.66,2023,5,21,15,6,141,20,-0.7071067811865471,-0.7071067811865479,0.49999999999999994,-0.8660254037844387,-0.7818314824680299,0.6234898018587334,1,1,1,40.0,39.0,36.0,29.67,33.33,53.0,40.0,1.0000000000035016,41.0,39.0,36.5,4.324349662086638,41.0,30.0,33.5,4.405116859454069,41.0,29.0,39.791666666666664,10.290370199394397,60.0,29.0,35.8,34.5,31.4,61.0,66.0,82.0,2.33,2.0,2.0,1002.0,1004.0,1005.0,2208.2000000000003,162.26000000000002,96.29200000000002,0.0,0.6754419202319566,11.743477933989924,13.359897752048717,22.082000000000004,34.870000000000005,0.03612770845538079,1310.4400000000003,3721,7.0756000000000006,1004004,524.9,87.48333333333333,1.0,5.0,0.4000000000000057
118,160.5,15.0,175.0,62.0,81.0,75,0.0,1001,61,36.5,3.5,3.0,2023,5,21,16,6,141,20,-0.8660254037844385,-0.5000000000000004,0.49999999999999994,-0.8660254037844387,-0.7818314824680299,0.6234898018587334,1,1,1,41.0,40.0,39.0,30.0,33.0,54.0,41.0,1.0000000000033613,42.0,40.0,38.5,3.391164991561101,42.0,33.0,34.25,5.033574547701133,42.0,29.0,39.291666666666664,9.852189192461866,60.0,29.0,36.2,35.5,32.5,61.0,61.0,77.0,2.66,2.0,2.0,1002.0,1003.0,1005.0,2226.5,183.0,109.5,0.0,0.6774084288963081,10.699286714219053,11.665888940737284,22.265,35.0,0.0364635000364635,1332.25,3721,9.0,1002001,535.5,89.25,1.0,3.0,0.29999999999999716
110,154.7,16.7,147.3,57.7,68.0,54,0.0,1001,66,35.2,2.3,2.66,2023,5,21,17,6,141,20,-0.9659258262890683,-0.25881904510252063,0.49999999999999994,-0.8660254037844387,-0.7818314824680299,0.6234898018587334,1,1,1,42.0,41.0,40.0,33.0,31.67,54.0,40.666666666666664,1.5275252316541799,42.0,39.0,39.5,2.073644135330359,42.0,36.0,34.86083333333333,5.135741883794553,42.0,29.0,38.666666666666664,9.341083945419104,60.0,29.0,36.5,35.8,33.5,61.0,61.0,72.0,3.0,2.33,2.0,1001.0,1002.0,1004.0,2323.2000000000003,175.56,93.63200000000002,0.0,0.6758981646765221,9.262918388120472,8.81983114783546,23.232000000000003,33.870000000000005,0.035164800035164805,1239.0400000000002,4356,7.0756000000000006,1002001,483.4,80.56666666666666,-3.0,-1.0,-1.2999999999999972
102,148.8,18.3,119.7,53.3,55.0,33,0.0,1001,72,34.0,1.9,2.33,2023,5,21,18,6,141,20,-1.0,-1.8369701987210297e-16,0.49999999999999994,-0.8660254037844387,-0.7818314824680299,0.6234898018587334,1,2,1,39.0,42.0,41.0,36.0,30.33,58.0,39.0,3.000000000001215,42.0,36.0,39.5,2.073644135330359,42.0,36.0,35.333333333333336,4.938020091517891,42.0,29.0,37.75,8.392675896021252,60.0,29.0,35.2,36.2,34.5,66.0,61.0,66.0,2.66,2.66,2.0,1001.0,1002.0,1004.0,2448.0,167.76,79.22,0.0,0.6754094669893623,8.130703240260095,6.5406261952898745,24.48,32.835,0.033966000033966,1156.0,5184,5.4289000000000005,1002001,431.1,71.85000000000001,-3.0,-5.0,-1.2000000000000028
95,143.0,20.0,92.0,49.0,42.0,12,0.0,1002,78,32.7,0.0,2.0,2023,5,21,19,6,141,20,-0.9659258262890684,0.2588190451025203,0.49999999999999994,-0.8660254037844387,-0.7818314824680299,0.6234898018587334,1,2,1,36.0,39.0,42.0,39.0,29.0,60.0,36.0,3.0000000000013554,39.0,33.0,38.5,3.391164991561101,42.0,33.0,35.666666666666664,4.594705121278958,42.0,29.33,36.625,6.96942452867331,60.0,29.0,34.0,36.5,35.5,72.0,61.0,61.0,2.33,3.0,2.0,1001.0,1001.0,1003.0,2550.6000000000004,156.0,65.4,0.0,0.6734556437623722,7.149642517874105,4.599770011499425,25.506000000000004,31.700000000000003,0.03263469796936331,1069.2900000000002,6084,4.0,1004004,379.0,63.166666666666664,-3.0,-9.0,-1.2999999999999972
88,132.7,16.7,91.3,44.3,35.0,13,0.0,1002,81,31.8,0.0,2.33,2023,5,21,20,6,141,20,-0.8660254037844386,0.5000000000000001,0.49999999999999994,-0.8660254037844387,-0.7818314824680299,0.6234898018587334,1,2,1,33.0,36.0,39.0,40.0,29.33,60.0,32.89,3.1664333247376297,36.0,29.67,36.778333333333336,4.8048742612742315,42.0,29.67,35.695,4.552936115598285,42.0,29.67,35.361250000000005,5.025275516998285,48.0,29.0,32.7,35.2,35.8,78.0,66.0,61.0,2.0,2.66,2.33,1002.0,1001.0,1002.0,2575.8,188.73000000000002,74.09400000000001,0.0,0.6697365747951515,7.945631998083946,5.466738518651577,25.758000000000003,30.635,0.03173649527295881,1011.24,6561,5.4289000000000005,1004004,349.67,58.278333333333336,-3.3299999999999983,-9.329999999999998,-0.9000000000000021
81,122.4,13.3,90.7,39.7,28.0,14,0.0,1003,85,30.9,0.0,2.66,2023,5,21,21,6,141,20,-0.7071067811865477,0.7071067811865474,0.49999999999999994,-0.8660254037844387,-0.7818314824680299,0.6234898018587334,1,2,1,29.67,33.0,36.0,41.0,29.67,48.0,29.666666666666668,3.3350012493765635,33.0,26.33,34.333333333333336,5.846556821468055,42.0,26.33,35.416666666666664,5.031667595128947,42.0,26.33,34.458333333333336,4.582989973963749,42.0,26.33,31.8,34.0,36.2,81.0,72.0,61.0,2.33,2.33,2.66,1002.0,1001.0,1002.0,2626.5,226.10000000000002,82.194,0.0,0.6632074758822195,9.202315615367265,6.819036162694534,26.265,29.57,0.03080754655279506,954.81,7225,7.0756000000000006,1006009,320.43,53.405,-3.3400000000000034,-9.670000000000002,-0.9000000000000021
74,112.1,10.0,90.0,35.0,21.0,15,0.0,1004,89,30.0,0.0,3.0,2023,5,21,22,6,141,20,-0.5000000000000004,0.8660254037844384,0.49999999999999994,-0.8660254037844387,-0.7818314824680299,0.6234898018587334,1,3,1,26.33,29.67,33.0,42.0,30.0,42.0,26.333333333333332,3.335001249376705,29.67,23.0,31.166666666666668,6.00684831393747,39.0,23.0,34.833333333333336,6.024529152983115,42.0,23.0,33.666666666666664,4.856471851105742,42.0,23.0,30.9,32.7,36.5,85.0,78.0,61.0,2.66,2.0,3.0,1003.0,1002.0,1001.0,2670.0,267.0,90.0,0.0,0.6571240821690809,11.208879112088791,8.999100089991002,26.7,28.5,0.029880448326246686,900.0,7921,9.0,1008016,291.1,48.51666666666667,-3.3299999999999983,-10.0,-0.8999999999999986
73,107.4,8.3,91.3,34.3,20.3,15,0.0,1004,90,29.7,0.0,3.0,2023,5,21,23,6,141,20,-0.25881904510252157,0.9659258262890681,0.49999999999999994,-0.8660254037844387,-0.7818314824680299,0.6234898018587334,1,3,1,23.0,26.33,29.67,39.0,33.0,39.33,24.0,2.0245740292741834,26.33,22.67,28.445000000000004,5.4184601133519195,36.0,22.67,33.972500000000004,6.973571049455947,42.0,22.67,32.9725,5.190923726124021,42.0,22.67,30.0,31.8,35.2,89.0,81.0,66.0,3.0,2.33,2.66,1004.0,1002.0,1001.0,2673.0,270.0,89.1,0.0,0.660913675986123,12.938200216841345,10.998674858450789,26.73,28.2,0.029581643842984222,882.0899999999999,8100,9.0,1008016,284.27000000000004,47.37833333333334,-0.3299999999999983,-7.0,-0.3000000000000007
72,102.7,6.7,92.7,33.7,19.7,16,0.0,1003,92,29.5,0.0,3.0,2023,5,22,0,0,142,21,0.0,1.0,0.49999999999999994,-0.8660254037844387,0.0,1.0,1,3,0,22.67,23.0,26.33,36.0,36.0,36.67,22.666666666666668,0.33501243759780536,23.0,22.33,26.166666666666668,4.381071406248872,33.0,22.33,32.833333333333336,7.691803587211152,42.0,22.33,32.375,5.559066233757848,42.0,22.33,29.7,30.9,34.0,90.0,85.0,72.0,3.0,2.66,2.33,1004.0,1003.0,1001.0,2714.0,276.0,88.5,0.0,0.6625916144921515,15.326070735711086,13.83375615579764,27.14,28.0,0.029411735382118265,870.25,8464,9.0,1006009,277.83,46.305,-0.3400000000000034,-4.0,-0.1999999999999993
72,98.0,5.0,94.0,33.0,19.0,17,0.0,1003,94,29.2,0.0,3.0,2023,5,22,1,0,142,21,0.25881904510252074,0.9659258262890683,0.49999999999999994,-0.8660254037844387,0.0,1.0,1,3,0,22.33,22.67,23.0,33.0,39.0,34.0,22.333333333333332,0.33501243759794636,22.67,22.0,24.333333333333332,3.048571250053172,29.67,22.0,31.416666666666668,8.011652120315858,42.0,22.0,31.875,5.933596313989811,42.0,22.0,29.5,30.0,32.7,92.0,89.0,78.0,3.0,3.0,2.0,1003.0,1004.0,1002.0,2744.7999999999997,282.0,87.6,0.0,0.6666464652586286,19.59608078384323,18.796240751849627,27.447999999999997,27.7,0.029112632988401808,852.64,8836,9.0,1006009,271.0,45.166666666666664,-0.3299999999999983,-1.0,-0.3000000000000007
73,101.4,4.7,94.3,34.0,20.0,0,0.0,1003,94,29.0,0.0,2.33,2023,5,22,2,0,142,21,0.49999999999999994,0.8660254037844387,0.49999999999999994,-0.8660254037844387,0.0,1.0,1,3,0,22.0,22.33,22.67,29.67,40.0,33.67,22.333333333333332,0.33501243759794636,22.67,22.0,23.166666666666668,1.5867534990193986,26.33,22.0,29.9725,7.884711472209485,42.0,22.0,31.416666666666668,6.207437100955664,42.0,22.0,29.2,29.7,31.8,94.0,90.0,81.0,3.0,3.0,2.33,1003.0,1004.0,1002.0,2726.0,219.02,67.57000000000001,0.0,0.6667450957324785,21.569878749202296,20.059561795362686,27.26,27.835,0.028913231392590836,841.0,8836,5.4289000000000005,1006009,277.07,46.178333333333335,0.6700000000000017,0.0,-0.1999999999999993
74,104.7,4.3,94.7,35.0,21.0,0,0.0,1003,93,28.9,0.0,1.66,2023,5,22,3,0,142,21,0.7071067811865476,0.7071067811865476,0.49999999999999994,-0.8660254037844387,0.0,1.0,1,3,0,22.67,22.0,22.33,26.33,41.0,33.33,22.666666666666668,0.6650062656435818,23.33,22.0,22.666666666666668,0.47094231775251666,23.33,22.0,28.5,7.263566617027192,42.0,22.0,31.0,6.405870269763927,42.0,22.0,29.0,29.5,30.9,94.0,92.0,85.0,2.33,3.0,2.66,1003.0,1003.0,1003.0,2687.7,154.38,47.974,0.0,0.6665523842175938,24.343176005580098,22.018135317368053,26.877,28.07,0.02881353059468535,835.2099999999999,8649,2.7556,1006009,283.03,47.17166666666666,0.6599999999999966,1.0,-0.10000000000000142
76,108.0,4.0,95.0,36.0,22.0,20,0.0,1002,93,28.7,0.0,1.0,2023,5,22,4,0,142,21,0.8660254037844386,0.5000000000000001,0.49999999999999994,-0.8660254037844387,0.0,1.0,1,3,0,23.33,22.67,22.0,23.0,42.0,33.0,23.333333333333332,0.6650062656434398,24.0,22.67,22.833333333333332,0.722348023220232,24.0,22.0,27.0,5.964694612314502,39.0,22.0,30.625,6.545605894166017,42.0,22.0,28.9,29.2,30.0,93.0,94.0,89.0,1.66,3.0,3.0,1003.0,1003.0,1004.0,2669.1,93.0,28.7,0.0,0.6666481486625372,26.993251687078228,23.744063984003997,26.691,28.2,0.02864268598534333,823.6899999999999,8649,1.0,1004004,289.0,48.166666666666664,0.6700000000000017,2.0,-0.1999999999999993
80,119.2,8.0,84.7,38.7,26.7,20,0.0,1003,92,28.9,0.0,1.0,2023,5,22,5,0,142,21,0.9659258262890683,0.25881904510252074,0.49999999999999994,-0.8660254037844387,0.0,1.0,1,3,0,24.0,23.33,22.67,22.67,39.0,31.67,24.44333333333333,1.3891124264596875,26.0,23.33,23.388333333333332,1.4670980426169176,26.0,22.0,25.916666666666668,4.61489748400445,36.0,22.0,30.388749999999998,6.608272360228368,42.0,22.0,28.7,29.0,29.7,93.0,94.0,90.0,1.0,2.33,3.0,1002.0,1003.0,1004.0,2658.7999999999997,92.0,28.9,0.0,0.6718172657037286,14.898137732783404,10.586176727909013,26.587999999999997,28.4,0.02881353059468535,835.2099999999999,8464,1.0,1006009,303.3,50.550000000000004,2.0,3.3299999999999983,0.1999999999999993
85,130.5,12.0,74.3,41.3,31.3,21,0.0,1003,91,29.0,2.0,1.0,2023,5,22,6,0,142,21,1.0,6.123233995736766e-17,0.49999999999999994,-0.8660254037844387,0.0,1.0,1,0,0,26.0,24.0,23.33,22.33,36.0,30.33,26.0,2.000000000002735,28.0,24.0,24.333333333333332,2.260581046246906,28.0,22.0,25.25,3.458893674939613,33.0,22.0,30.291666666666668,6.6262637296212725,42.0,22.0,28.9,28.9,29.5,92.0,93.0,92.0,1.0,1.66,3.0,1003.0,1003.0,1003.0,2639.0,91.0,29.0,0.0,0.6779496864482701,10.87409382551454,6.191150737438547,26.39,28.5,0.028913231392590836,841.0,8281,1.0,1006009,317.40000000000003,52.900000000000006,2.0,4.670000000000002,0.10000000000000142
89,141.8,16.0,64.0,44.0,36.0,22,0.0,1004,91,29.2,2.6,1.0,2023,5,22,7,0,142,21,0.9659258262890683,-0.25881904510252063,0.49999999999999994,-0.8660254037844387,0.0,1.0,1,0,0,28.0,26.0,24.0,22.0,33.0,29.0,28.0,2.000000000002592,30.0,26.0,25.666666666666668,2.882746375706901,30.0,22.67,25.0,2.913189442392054,30.0,22.0,30.333333333333332,6.620930360650336,42.0,22.0,29.0,28.7,29.2,91.0,93.0,94.0,1.0,1.0,3.0,1003.0,1002.0,1003.0,2657.2,91.0,29.2,0.0,0.6818026863025841,8.861946128366977,3.999750015624023,26.572,28.7,0.029083636370880107,852.64,8281,1.0,1008016,331.8,55.300000000000004,2.0,6.0,0.1999999999999993
94,142.8,14.0,91.0,47.3,41.7,23,0.0,1004,83,30.5,3.9,0.66,2023,5,22,8,0,142,21,0.8660254037844387,-0.4999999999999998,0.49999999999999994,-0.8660254037844387,0.0,1.0,1,0,0,30.0,28.0,26.0,22.67,29.67,29.33,30.11,2.1670948294917234,32.33,28.0,27.27666666666666,3.504811930282693,32.33,23.33,25.221666666666664,3.366732522606998,32.33,22.0,30.458333333333332,6.629478087311749,42.0,22.0,29.2,28.9,29.0,91.0,92.0,94.0,1.0,1.0,2.33,1004.0,1003.0,1003.0,2531.5,54.78,20.130000000000003,0.0,0.6834950635293123,10.199271480608529,6.499535747446611,25.315,30.17,0.0303784557983508,930.25,6889,0.43560000000000004,1008016,369.13,61.52166666666667,2.3299999999999983,6.329999999999998,1.3000000000000007
99,143.8,12.0,118.0,50.7,47.3,24,0.0,1004,75,31.9,6.6,0.33,2023,5,22,9,0,142,21,0.7071067811865476,-0.7071067811865475,0.49999999999999994,-0.8660254037844387,0.0,1.0,1,0,0,32.33,30.0,28.0,23.33,26.33,29.67,32.333333333333336,2.3350017844409603,34.67,30.0,29.166666666666668,3.9767105334249107,34.67,24.0,25.916666666666668,4.337259992485585,34.67,22.0,30.666666666666668,6.681982696297931,42.0,22.0,30.5,29.0,28.9,83.0,91.0,93.0,0.66,1.0,1.66,1004.0,1003.0,1003.0,2392.5,24.75,10.527,0.0,0.683812942545512,11.982334805432883,9.832513957170237,23.925,31.735,0.03177287672024231,1017.6099999999999,5625,0.10890000000000001,1008016,406.47,67.745,2.3400000000000034,6.670000000000002,1.3999999999999986
104,144.7,10.0,145.0,54.0,53.0,25,0.0,1005,69,33.2,9.3,1.2,2023,5,22,10,0,142,21,0.49999999999999994,-0.8660254037844387,0.49999999999999994,-0.8660254037844387,0.0,1.0,1,0,0,34.67,32.33,30.0,24.0,23.0,30.0,34.666666666666664,2.3350017844408173,37.0,32.33,31.333333333333332,4.136934452786687,37.0,26.0,27.083333333333332,5.265065541045712,37.0,22.0,30.958333333333332,6.803290550817483,42.0,22.0,31.9,29.2,28.7,75.0,91.0,93.0,0.33,1.0,1.0,1004.0,1004.0,1002.0,2290.8,82.8,39.84,0.0,0.6851724968056148,14.468553144685531,14.498550144985503,22.908,32.6,0.033034793000205974,1102.2400000000002,4761,1.44,1010025,443.7,73.95,2.3299999999999983,7.0,1.3000000000000043
108,147.7,10.0,168.7,56.0,62.3,27,0.0,1004,63,34.4,11.3,0.8,2023,5,22,11,0,142,21,0.258819045102521,-0.9659258262890682,0.49999999999999994,-0.8660254037844387,0.0,1.0,1,0,0,37.0,34.67,32.33,26.0,22.67,33.0,36.666666666666664,1.852628762958516,38.33,34.67,33.38833333333333,4.018504282273979,38.33,28.0,28.388333333333332,5.965840386328095,38.33,22.0,31.18041666666667,6.958069746808464,42.0,22.0,33.2,30.5,28.9,69.0,83.0,92.0,1.2,0.66,1.0,1005.0,1004.0,1003.0,2167.2,50.400000000000006,27.52,0.0,0.6844520633560115,14.768523147685231,16.86831316868313,21.671999999999997,34.0,0.03426291408076287,1183.36,3969,0.6400000000000001,1008016,483.03,80.505,1.3299999999999983,6.0,1.1999999999999957
112,150.6,10.0,192.3,58.0,71.7,29,0.0,1003,58,35.5,12.0,0.8,2023,5,22,12,0,142,21,1.2246467991473532e-16,-1.0,0.49999999999999994,-0.8660254037844387,0.0,1.0,1,1,0,38.33,37.0,34.67,28.0,22.33,36.0,38.333333333333336,1.3350031210977427,39.67,37.0,35.333333333333336,3.7005116763300587,39.67,30.0,29.833333333333332,6.445717864432994,39.67,22.0,31.333333333333332,7.107321189643508,42.0,22.0,34.4,31.9,29.0,63.0,75.0,91.0,0.8,0.33,1.0,1004.0,1004.0,1003.0,2059.0,46.400000000000006,28.400000000000002,0.0,0.683953724935777,15.058494150584941,19.228077192280775,20.59,35.1,0.0353937832564474,1260.25,3364,0.6400000000000001,1006009,522.27,87.045,1.3400000000000034,5.0,1.1000000000000014
117,153.5,10.0,216.0,60.0,81.0,32,0.0,1002,54,36.7,11.0,0.4,2023,5,22,13,0,142,21,-0.2588190451025208,-0.9659258262890683,0.49999999999999994,-0.8660254037844387,0.0,1.0,1,1,0,39.67,38.33,37.0,30.0,22.0,39.0,39.666666666666664,1.3350031210975875,41.0,38.33,37.166666666666664,3.2239396189531586,41.0,32.33,31.416666666666668,6.676077146093949,41.0,22.67,31.416666666666668,7.212074215699366,42.0,22.0,35.5,33.2,29.2,58.0,69.0,91.0,0.8,1.2,1.0,1003.0,1005.0,1004.0,1981.8000000000002,21.6,14.680000000000001,0.0,0.6833219446342561,15.348465153484652,21.597840215978405,19.818,36.5,0.03662670995338328,1346.89,2916,0.16000000000000003,1004004,561.5,93.58333333333333,1.3299999999999983,4.0,1.2000000000000028
116,155.8,12.0,214.0,60.7,85.7,34,0.0,1002,52,37.0,8.8,0.8,2023,5,22,14,0,142,21,-0.4999999999999997,-0.8660254037844388,0.49999999999999994,-0.8660254037844387,0.0,1.0,1,1,0,41.0,39.67,38.33,32.33,22.67,40.0,40.666666666666664,0.8787680771056615,41.33,39.67,38.666666666666664,2.5459353225595556,41.33,34.67,32.971666666666664,6.626556535271046,41.33,23.33,31.472083333333334,7.285629678953124,42.0,22.0,36.7,34.4,30.5,54.0,63.0,83.0,0.4,0.8,0.66,1002.0,1004.0,1004.0,1924.0,41.6,29.6,0.0,0.6808784039801651,12.982251479043414,17.831847346054495,19.24,36.6,0.03692611085218478,1369.0,2704,0.6400000000000001,1004004,569.53,94.92166666666667,0.3299999999999983,3.0,0.29999999999999716
117,158.2,14.0,212.0,61.3,90.3,36,0.0,1001,50,37.4,5.8,2.0,2023,5,22,15,0,142,21,-0.7071067811865471,-0.7071067811865479,0.49999999999999994,-0.8660254037844387,0.0,1.0,1,1,0,41.33,41.0,39.67,34.67,23.33,41.0,41.333333333333336,0.3350124375896772,41.67,41.0,39.833333333333336,1.8595124809091474,41.67,37.0,34.5,6.3079560152953675,41.67,24.0,31.5,7.3249033232974625,42.0,22.0,37.0,35.5,31.9,52.0,58.0,75.0,0.8,0.8,0.33,1002.0,1003.0,1004.0,1870.0,100.0,74.8,0.0,0.6797605259294303,11.299192914791801,15.141775587458039,18.7,36.4,0.0373626000373626,1398.76,2500,4.0,1002001,577.47,96.245,0.3400000000000034,2.0,0.3999999999999986
118,160.5,16.0,210.0,62.0,95.0,39,0.0,1000,48,37.7,3.5,2.8,2023,5,22,16,0,142,21,-0.8660254037844385,-0.5000000000000004,0.49999999999999994,-0.8660254037844387,0.0,1.0,1,1,0,41.67,41.33,41.0,37.0,24.0,42.0,41.666666666666664,0.33501243758952254,42.0,41.33,40.666666666666664,1.3992093005184083,42.0,38.33,36.0,5.6944422665669965,42.0,26.0,31.5,7.3249033232974625,42.0,22.0,37.4,36.7,33.2,50.0,54.0,69.0,2.0,0.4,1.2,1001.0,1002.0,1005.0,1809.6000000000001,134.39999999999998,105.56,0.0,0.6774084288963081,10.03062308605712,13.124179738766326,18.096,36.300000000000004,0.03769996230003771,1421.2900000000002,2304,7.839999999999999,1000000,585.5,97.58333333333333,0.3299999999999983,1.0,0.30000000000000426
130,173.5,22.3,181.0,64.7,95.3,0,0.0,1000,56,36.5,2.2,0.66,2023,5,22,17,0,142,21,-0.9659258262890683,-0.25881904510252063,0.49999999999999994,-0.8660254037844387,0.0,1.0,1,1,0,42.0,41.67,41.33,38.33,26.0,39.0,43.446666666666665,2.7963607301882782,46.67,41.67,42.05666666666667,2.399013686217264,46.67,39.67,37.722500000000004,5.518054869738659,46.67,28.0,31.819583333333338,7.817134179183856,46.67,22.0,37.7,37.0,34.4,48.0,52.0,63.0,2.8,0.8,0.8,1000.0,1002.0,1004.0,2044.0,36.96,24.09,0.0,0.721318063090215,7.779920182951437,8.116227971839827,20.44,36.17,0.0364999635000365,1332.25,3136,0.43560000000000004,1000000,583.47,97.245,4.670000000000002,5.340000000000003,-1.2000000000000028
153,186.6,28.7,152.0,68.8,95.7,0,0.0,1001,66,35.4,1.8,1.33,2023,5,22,18,0,142,21,-1.0,-1.8369701987210297e-16,0.49999999999999994,-0.8660254037844387,0.0,1.0,1,2,0,46.67,42.0,41.67,39.67,28.0,36.0,47.89000000000001,6.5853094080691745,55.0,42.0,44.61166666666667,5.503487682066593,55.0,41.0,39.972500000000004,6.593200526437082,55.0,30.0,32.611250000000005,9.113508040505051,55.0,22.0,36.5,37.4,35.5,56.0,50.0,58.0,0.66,2.0,0.8,1000.0,1001.0,1003.0,2336.4,87.78,47.082,0.0,0.7994069853635848,6.501515626633218,5.295982718372182,23.364,34.735,0.035364600035364596,1253.1599999999999,4356,1.7689000000000001,1002001,586.8,97.8,8.329999999999998,13.329999999999998,-1.1000000000000014
151,199.6,35.0,123.0,70.0,96.0,0,0.0,1001,77,34.2,0.0,2.0,2023,5,22,19,0,142,21,-0.9659258262890684,0.2588190451025203,0.49999999999999994,-0.8660254037844387,0.0,1.0,1,2,0,55.0,46.67,42.0,41.0,30.0,33.0,52.55666666666667,5.122463600001096,56.0,46.67,47.11166666666667,6.7910512195579615,56.0,41.33,42.13916666666667,7.256782981625972,56.0,32.33,33.569583333333334,10.28956731213792,56.0,22.0,35.4,37.7,36.7,66.0,48.0,54.0,1.33,2.8,0.4,1001.0,1000.0,1002.0,2633.4,154.0,68.4,0.0,0.7999885715918343,5.702694208736894,3.514185308991172,26.334,33.2,0.034165800034165805,1169.64,5929,4.0,1002001,579.6,96.60000000000001,1.0,14.0,-1.1999999999999957
151,182.7,31.3,108.0,70.0,78.3,0,0.0,1002,77,33.4,0.0,2.33,2023,5,22,20,0,142,21,-0.8660254037844386,0.5000000000000001,0.49999999999999994,-0.8660254037844387,0.0,1.0,1,2,0,56.0,55.0,46.67,41.33,32.33,29.67,55.666666666666664,0.5773502691911954,56.0,55.0,49.55666666666667,6.932510848650769,56.0,41.67,44.11166666666667,7.558762324533033,56.0,34.67,34.666666666666664,11.217533118977869,56.0,22.0,34.2,36.5,37.0,77.0,56.0,52.0,2.0,0.66,0.8,1001.0,1000.0,1002.0,2571.7999999999997,179.41,77.822,0.0,0.7999885715918343,5.836874221270885,3.4503689977955974,25.717999999999996,32.235,0.0333333000665668,1115.56,5929,5.4289000000000005,1004004,526.3,87.71666666666665,0.0,9.329999999999998,-0.8000000000000043
157,165.7,27.7,93.0,76.3,60.7,0,0.0,1003,78,32.5,0.0,2.66,2023,5,22,21,0,142,21,-0.7071067811865477,0.7071067811865474,0.49999999999999994,-0.8660254037844387,0.0,1.0,1,2,0,56.0,56.0,55.0,41.67,34.67,26.33,57.666666666666664,2.886751345948326,61.0,56.0,52.778333333333336,7.025298332929488,61.0,42.0,46.30583333333334,8.349099525025444,61.0,37.0,36.111250000000005,12.279393949249819,61.0,22.0,33.4,35.4,37.4,77.0,66.0,50.0,2.33,1.33,2.0,1002.0,1001.0,1001.0,2535.0,207.48000000000002,86.45,0.0,0.7994652756844602,5.981733511425579,3.357279520594924,25.35,31.17,0.03240275931928283,1056.25,6084,7.0756000000000006,1006009,484.4,80.73333333333333,5.0,6.0,-0.8999999999999986
153,148.8,24.0,78.0,72.5,43.0,0,0.0,1004,78,31.7,0.0,3.0,2023,5,22,22,0,142,21,-0.5000000000000004,0.8660254037844384,0.49999999999999994,-0.8660254037844387,0.0,1.0,1,3,0,61.0,56.0,56.0,42.0,37.0,23.0,58.333333333333336,2.5166114784237648,61.0,56.0,55.445,4.800015624974173,61.0,46.67,48.05583333333334,8.421763428309804,61.0,38.33,37.569583333333334,12.724833125810102,61.0,22.0,32.5,34.2,37.7,78.0,77.0,48.0,2.66,2.0,2.8,1003.0,1001.0,1000.0,2472.6,234.0,95.1,0.0,0.799988965669439,6.199741677430107,3.249864588975459,24.726,30.2,0.031573673731400666,1004.89,6084,9.0,1008016,424.3,70.71666666666667,-3.0,2.0,-0.8000000000000007
153,136.2,20.7,75.3,72.5,40.7,0,0.0,1004,82,31.1,0.0,3.0,2023,5,22,23,0,142,21,-0.25881904510252157,0.9659258262890681,0.49999999999999994,-0.8660254037844387,0.0,1.0,1,3,0,58.0,61.0,56.0,46.67,38.33,22.67,59.0,1.7320508075690741,61.0,58.0,57.333333333333336,2.1602468994685804,61.0,55.0,49.69499999999999,8.269545991714613,61.0,39.67,39.041666666666664,12.967496713494752,61.0,22.0,31.7,33.4,36.5,78.0,77.0,56.0,3.0,2.33,0.66,1004.0,1002.0,1000.0,2550.2000000000003,246.0,93.30000000000001,0.0,0.799988965669439,6.579392299888894,3.6375054345200715,25.502000000000002,29.6,0.030976064764875733,967.21,6724,9.0,1008016,403.4,67.23333333333333,0.0,2.0,-0.5999999999999979
153,123.5,17.3,72.7,72.5,38.3,0,0.0,1003,86,30.6,0.0,3.0,2023,5,23,0,1,143,21,0.0,1.0,0.49999999999999994,-0.8660254037844387,0.7818314824680298,0.6234898018587336,1,3,0,58.0,58.0,61.0,55.0,39.67,22.33,58.0,0.0,58.0,58.0,57.833333333333336,1.834847859268939,61.0,56.0,51.222500000000004,7.9356080422354776,61.0,41.0,40.52791666666667,13.012888921362352,61.0,22.0,31.1,32.5,35.4,82.0,78.0,66.0,3.0,2.66,1.33,1004.0,1003.0,1001.0,2631.6,258.0,91.80000000000001,0.0,0.799988965669439,7.138315704294548,4.202069244552337,26.316,29.1,0.030508444159078607,936.3600000000001,7396,9.0,1006009,382.3,63.71666666666667,0.0,-3.0,-0.5
145,110.9,14.0,70.0,65.0,36.0,60,0.0,1003,90,30.0,0.0,3.0,2023,5,23,1,1,143,21,0.25881904510252074,0.9659258262890683,0.49999999999999994,-0.8660254037844387,0.7818314824680298,0.6234898018587336,1,3,0,58.0,58.0,58.0,56.0,41.0,22.0,56.0,3.464101615138001,58.0,52.0,57.166666666666664,2.994439290862906,61.0,52.0,52.139166666666675,7.253427350799465,61.0,41.33,41.77791666666667,12.589741158083495,61.0,22.67,30.6,31.7,34.2,86.0,78.0,77.0,3.0,3.0,2.0,1003.0,1004.0,1001.0,2700.0,270.0,90.0,0.0,0.7999876924970385,7.920862795514607,4.99964288265124,27.0,28.5,0.02991023937164569,900.0,8100,9.0,1006009,347.9,57.98333333333333,-6.0,-6.0,-0.6000000000000014
142,109.1,11.3,72.3,63.8,39.0,63,0.0,1003,90,29.8,0.0,3.0,2023,5,23,2,1,143,21,0.49999999999999994,0.8660254037844387,0.49999999999999994,-0.8660254037844387,0.7818314824680298,0.6234898018587336,1,3,0,52.0,58.0,58.0,56.0,41.33,22.67,53.666666666666664,3.785938897200512,58.0,51.0,56.333333333333336,3.9327683210002604,61.0,51.0,52.94499999999999,6.4342937734943995,61.0,41.67,42.958333333333336,12.036230692179673,61.0,23.33,30.0,31.1,33.4,90.0,82.0,77.0,3.0,3.0,2.33,1003.0,1004.0,1002.0,2682.0,270.0,89.4,0.0,0.7993605115907275,9.654012919210688,6.397663923546588,26.82,28.3,0.02971083777583472,888.0400000000001,8100,9.0,1006009,346.5,57.75,-1.0,-7.0,-0.1999999999999993
118,107.4,8.7,74.7,52.5,42.0,65,0.0,1003,91,29.7,0.0,3.0,2023,5,23,3,1,143,21,0.7071067811865476,0.7071067811865476,0.49999999999999994,-0.8660254037844387,0.7818314824680298,0.6234898018587336,1,3,0,51.0,52.0,58.0,61.0,41.67,23.33,48.333333333333336,5.507570547286495,52.0,42.0,53.166666666666664,6.3377177806101415,58.0,42.0,52.972500000000004,6.38221837323268,61.0,42.0,43.736250000000005,11.292846451549174,61.0,24.0,29.8,30.6,32.5,90.0,86.0,78.0,3.0,3.0,2.66,1003.0,1003.0,1003.0,2702.7,273.0,89.1,0.0,0.7999847621950058,12.343408803585797,8.58522008964487,27.026999999999997,28.2,0.029611136977929234,882.0899999999999,8281,9.0,1006009,327.3,54.550000000000004,-9.0,-16.0,-0.10000000000000142
134,105.6,6.0,77.0,60.0,45.0,67,0.0,1003,91,29.5,0.0,3.0,2023,5,23,4,1,143,21,0.8660254037844386,0.5000000000000001,0.49999999999999994,-0.8660254037844387,0.7818314824680298,0.6234898018587336,1,3,0,42.0,51.0,52.0,58.0,42.0,24.0,47.0,4.582575694956362,51.0,42.0,51.5,6.1237243569575055,58.0,42.0,53.472500000000004,5.635841673044835,61.0,42.0,44.736250000000005,10.504269861636894,61.0,26.0,29.7,30.0,31.7,91.0,90.0,78.0,3.0,3.0,3.0,1003.0,1003.0,1004.0,2684.5,273.0,88.5,0.0,0.7999866668888852,17.597067155474086,12.831194800866522,26.845,28.0,0.029411735382118265,870.25,8281,9.0,1006009,341.6,56.93333333333334,6.0,-4.0,-0.1999999999999993
152,111.7,9.0,71.3,71.3,45.7,70,0.0,1003,90,29.5,0.0,3.0,2023,5,23,5,1,143,21,0.9659258262890683,0.25881904510252074,0.49999999999999994,-0.8660254037844387,0.7818314824680298,0.6234898018587336,1,3,0,48.0,42.0,51.0,58.0,46.67,26.0,49.0,7.549834435271022,57.0,42.0,51.333333333333336,5.921711464320194,58.0,42.0,54.333333333333336,5.280036730817347,61.0,42.0,46.02791666666667,9.993744991207349,61.0,28.0,29.5,29.8,31.1,91.0,90.0,82.0,3.0,3.0,3.0,1003.0,1003.0,1004.0,2655.0,270.0,88.5,0.0,0.7994277780115285,12.409732251972004,7.921342073102989,26.55,28.0,0.029411735382118265,870.25,8100,9.0,1006009,366.0,61.0,9.0,6.0,0.0
118,117.7,12.0,65.7,52.5,46.3,72,0.0,1004,90,29.5,0.8,3.0,2023,5,23,6,1,143,21,1.0,6.123233995736766e-17,0.49999999999999994,-0.8660254037844387,0.7818314824680298,0.6234898018587336,1,0,0,57.0,48.0,42.0,58.0,55.0,28.0,49.0,7.549834435271022,57.0,42.0,48.666666666666664,5.921711464320108,57.0,42.0,53.25,6.355026643245178,61.0,42.0,46.611250000000005,9.278716324494546,61.0,30.0,29.5,29.7,30.6,90.0,91.0,86.0,3.0,3.0,3.0,1003.0,1003.0,1003.0,2655.0,270.0,88.5,0.0,0.7999847621950058,9.807516040329974,5.474543788017666,26.55,28.0,0.029382440854142575,870.25,8100,9.0,1008016,336.2,56.03333333333333,-15.0,0.0,0.0
118,123.7,15.0,60.0,52.5,47.0,75,0.0,1005,89,29.5,0.8,3.0,2023,5,23,7,1,143,21,0.9659258262890683,-0.25881904510252063,0.49999999999999994,-0.8660254037844387,0.7818314824680298,0.6234898018587336,1,0,0,42.0,57.0,48.0,52.0,56.0,30.0,47.0,8.660254037844663,57.0,42.0,47.0,6.196773353931293,57.0,42.0,52.083333333333336,7.051219537760073,61.0,42.0,47.111250000000005,8.646450044357636,61.0,32.33,29.5,29.5,30.0,90.0,91.0,90.0,3.0,3.0,3.0,1004.0,1003.0,1003.0,2625.5,267.0,88.5,0.0,0.7999847621950058,8.246116925538297,3.999733351109926,26.255,28.0,0.029353204623676993,870.25,7921,9.0,1010025,340.2,56.699999999999996,0.0,-6.0,0.0
100,119.8,12.7,77.0,43.8,49.3,79,0.0,1005,87,30.2,1.3,2.66,2023,5,23,8,1,143,21,0.8660254037844387,-0.4999999999999998,0.49999999999999994,-0.8660254037844387,0.7818314824680298,0.6234898018587336,1,0,0,42.0,42.0,57.0,51.0,56.0,32.33,39.666666666666664,4.041451884328279,42.0,35.0,44.333333333333336,7.447594690009557,57.0,35.0,50.333333333333336,8.456663143057305,61.0,35.0,47.222500000000004,8.463233142091639,61.0,34.67,29.5,29.5,29.8,89.0,90.0,90.0,3.0,3.0,3.0,1005.0,1003.0,1003.0,2627.4,231.42000000000002,80.33200000000001,0.0,0.7990685144174792,9.432328163136761,6.062514762617117,26.274,28.869999999999997,0.03004972134356085,912.04,7569,7.0756000000000006,1010025,337.6,56.26666666666667,-7.0,-22.0,0.6999999999999993
142,115.9,10.3,94.0,63.8,51.7,83,0.0,1005,84,30.9,2.1,2.33,2023,5,23,9,1,143,21,0.7071067811865476,-0.7071067811865475,0.49999999999999994,-0.8660254037844387,0.7818314824680298,0.6234898018587336,1,0,0,35.0,42.0,42.0,42.0,61.0,34.67,42.666666666666664,8.020806277011033,51.0,35.0,45.833333333333336,7.782458908767789,57.0,35.0,49.5,7.775252115175288,58.0,35.0,47.90291666666667,8.056858530721833,61.0,35.0,30.2,29.5,29.7,87.0,90.0,91.0,2.66,3.0,3.0,1005.0,1004.0,1003.0,2595.6,195.72,71.997,0.0,0.7993605115907275,11.251334821861956,9.125327638093388,25.956,29.735,0.030746238063444713,954.81,7056,5.4289000000000005,1010025,386.7,64.45,16.0,9.0,0.6999999999999993
148,112.1,8.0,111.0,66.3,54.0,87,0.0,1006,82,31.6,2.9,2.0,2023,5,23,10,1,143,21,0.49999999999999994,-0.8660254037844387,0.49999999999999994,-0.8660254037844387,0.7818314824680298,0.6234898018587336,1,0,0,51.0,35.0,42.0,48.0,58.0,37.0,46.333333333333336,9.865765724632748,53.0,35.0,46.666666666666664,8.310635755864856,57.0,35.0,49.083333333333336,7.40341853879668,58.0,35.0,48.569583333333334,7.77241022388893,61.0,35.0,30.9,29.5,29.5,84.0,89.0,91.0,2.33,3.0,3.0,1005.0,1005.0,1003.0,2591.2000000000003,164.0,63.2,0.0,0.7993846246662946,14.010748656417949,13.87326584176978,25.912000000000003,30.6,0.031411499590954683,998.5600000000001,6724,4.0,1012036,404.4,67.39999999999999,2.0,11.0,0.7000000000000028
137,122.9,10.0,125.3,61.3,70.0,83,0.0,1005,76,32.5,3.6,1.66,2023,5,23,11,1,143,21,0.258819045102521,-0.9659258262890682,0.49999999999999994,-0.8660254037844387,0.7818314824680298,0.6234898018587336,1,0,0,53.0,51.0,35.0,57.0,58.0,38.33,51.0,2.000000000000849,53.0,49.0,45.333333333333336,6.831300510639167,53.0,35.0,48.333333333333336,6.8534441684228575,58.0,35.0,49.014166666666675,7.4601281704035145,61.0,35.0,31.6,30.2,29.5,82.0,87.0,90.0,2.0,2.66,3.0,1006.0,1005.0,1003.0,2470.0,126.16,53.949999999999996,0.0,0.7993344317384709,12.288771122887713,12.528747125287472,24.7,31.67,0.03233827628032211,1056.25,5776,2.7556,1010025,438.5,73.08333333333333,-4.0,14.0,0.8999999999999986
150,133.8,12.0,139.7,67.5,86.0,79,0.0,1004,72,33.3,3.8,1.33,2023,5,23,12,1,143,21,1.2246467991473532e-16,-1.0,0.49999999999999994,-0.8660254037844387,0.7818314824680298,0.6234898018587336,1,1,0,49.0,53.0,51.0,42.0,58.0,39.67,52.0,2.645751311065168,54.0,49.0,47.333333333333336,7.393691004272474,54.0,35.0,48.0,6.424385361473857,57.0,35.0,49.611250000000005,7.250246360132626,61.0,35.0,32.5,30.9,29.5,76.0,84.0,90.0,1.66,2.33,3.0,1005.0,1005.0,1004.0,2397.6,95.76,44.289,0.0,0.7999881483237284,11.149070910757438,11.640696608615949,23.976,32.635,0.033167297642133824,1108.8899999999999,5184,1.7689000000000001,1008016,493.0,82.16666666666667,5.0,3.0,0.7999999999999972
148,144.7,14.0,154.0,66.3,102.0,75,0.0,1003,67,34.2,3.5,1.0,2023,5,23,13,1,143,21,-0.2588190451025208,-0.9659258262890683,0.49999999999999994,-0.8660254037844387,0.7818314824680298,0.6234898018587336,1,1,0,54.0,49.0,53.0,42.0,52.0,41.0,52.0,2.645751311065168,54.0,49.0,49.166666666666664,7.167054253084765,54.0,35.0,48.083333333333336,6.487166818675595,57.0,35.0,50.111250000000005,7.04133652857918,61.0,35.0,33.3,31.6,29.5,72.0,82.0,89.0,1.33,2.0,3.0,1004.0,1006.0,1005.0,2291.4,67.0,34.2,0.0,0.7993846246662946,10.334976073137632,10.999214341832726,22.914,33.7,0.03409767288367609,1169.64,4489,1.0,1006009,534.0,89.0,-1.0,0.0,0.9000000000000057
148,152.7,15.7,154.3,66.3,110.3,75,0.0,1002,68,33.9,2.8,1.0,2023,5,23,14,1,143,21,-0.4999999999999997,-0.8660254037844388,0.49999999999999994,-0.8660254037844387,0.7818314824680298,0.6234898018587336,1,1,0,53.0,54.0,49.0,35.0,51.0,41.33,53.333333333333336,0.5773502691918785,54.0,53.0,52.166666666666664,1.8348478592683288,54.0,49.0,48.25,6.5937298039322965,57.0,35.0,50.597500000000004,6.807635259478504,61.0,35.0,34.2,32.5,30.2,67.0,76.0,87.0,1.0,1.66,2.66,1003.0,1005.0,1005.0,2305.2,68.0,33.9,0.0,0.7993846246662946,9.725495191389083,9.82739952869244,23.052,33.4,0.033832301564569296,1149.2099999999998,4624,1.0,1004004,552.3,92.05,0.0,4.0,-0.30000000000000426
155,160.7,17.3,154.7,73.8,118.7,75,0.0,1002,69,33.5,1.9,1.0,2023,5,23,15,1,143,21,-0.7071067811865471,-0.7071067811865479,0.49999999999999994,-0.8660254037844387,0.7818314824680298,0.6234898018587336,1,1,0,53.0,53.0,54.0,51.0,42.0,41.67,55.0,3.4641016151380484,59.0,53.0,53.5,3.2093613071755294,59.0,49.0,49.666666666666664,6.945676658354936,59.0,35.0,51.319583333333334,6.738267406754927,61.0,35.0,33.9,33.3,30.9,68.0,72.0,84.0,1.0,1.33,2.33,1002.0,1004.0,1005.0,2311.5,69.0,33.5,0.0,0.799447161962575,9.288480434656954,8.941679671695276,23.115,33.0,0.0334331003661673,1122.25,4761,1.0,1004004,584.2,97.36666666666667,6.0,5.0,-0.3999999999999986
155,168.7,19.0,155.0,73.8,127.0,75,0.0,1001,70,33.2,1.2,1.0,2023,5,23,16,1,143,21,-0.8660254037844385,-0.5000000000000004,0.49999999999999994,-0.8660254037844387,0.7818314824680298,0.6234898018587336,1,1,0,59.0,53.0,53.0,53.0,48.0,42.0,57.0,3.46410161513795,59.0,53.0,54.5,3.8858718455445507,59.0,49.0,50.583333333333336,7.415687712034306,59.0,35.0,52.02791666666667,6.608262929793564,61.0,35.0,33.5,34.2,31.6,69.0,67.0,82.0,1.0,1.0,2.0,1002.0,1003.0,1006.0,2324.0,70.0,33.2,0.0,0.799447161962575,8.87848007999579,8.157465396558075,23.24,32.7,0.033166800033166806,1102.2400000000002,4900,1.0,1002001,602.5,100.41666666666667,0.0,6.0,-0.29999999999999716
98,166.7,21.3,148.0,42.5,113.3,79,0.0,1002,75,32.2,0.8,1.33,2023,5,23,17,1,143,21,-0.9659258262890683,-0.25881904510252063,0.49999999999999994,-0.8660254037844387,0.7818314824680298,0.6234898018587336,1,1,0,59.0,59.0,53.0,49.0,57.0,46.67,50.666666666666664,14.433756729740766,59.0,34.0,52.0,9.252026804976023,59.0,34.0,48.666666666666664,8.49955435551868,59.0,34.0,51.5,7.500724602678443,61.0,34.0,33.2,33.9,32.5,70.0,68.0,76.0,1.0,1.0,1.66,1001.0,1002.0,1005.0,2415.0,99.75,42.82600000000001,0.0,0.7999811769134845,7.825923665555607,6.9480306088916,24.15,31.535000000000004,0.03213569647136081,1036.8400000000001,5625,1.7689000000000001,1004004,525.8,87.63333333333333,-25.0,-19.0,-1.0
95,164.8,23.7,141.0,41.3,99.7,83,0.0,1002,80,31.2,0.7,1.66,2023,5,23,18,1,143,21,-1.0,-1.8369701987210297e-16,0.49999999999999994,-0.8660254037844387,0.7818314824680298,0.6234898018587336,1,2,0,34.0,59.0,59.0,54.0,42.0,55.0,42.0,14.730919862656455,59.0,33.0,48.5,11.928956366757046,59.0,33.0,47.916666666666664,9.481640952467428,59.0,33.0,50.583333333333336,8.35056190073333,61.0,33.0,32.2,33.5,33.3,75.0,69.0,72.0,1.33,1.0,1.33,1002.0,1002.0,1004.0,2496.0,132.79999999999998,51.791999999999994,0.0,0.7990121304568898,6.953293109995359,5.949116071051854,24.96,30.37,0.031137693475355815,973.4399999999999,6400,2.7556,1004004,503.5,83.91666666666667,-1.0,-26.0,-1.0000000000000036
100,162.8,26.0,134.0,43.8,86.0,87,0.25,1003,85,30.2,0.0,2.0,2023,5,23,19,1,143,21,-0.9659258262890684,0.2588190451025203,0.49999999999999994,-0.8660254037844387,0.7818314824680298,0.6234898018587336,1,2,0,33.0,34.0,59.0,53.0,42.0,56.0,34.0,1.00000000000459,35.0,33.0,45.5,12.802343535462258,59.0,33.0,47.333333333333336,10.075472768815557,59.0,33.0,49.708333333333336,8.843957242668731,61.0,33.0,31.2,33.2,34.2,80.0,70.0,67.0,1.66,1.0,1.0,1002.0,1001.0,1003.0,2567.0,170.0,60.4,21.75,0.7990685144174792,6.261297642398369,5.153647936617822,25.67,29.2,0.030109640967456663,912.04,7225,4.0,1006009,487.6,81.26666666666667,2.0,-24.0,-1.0
100,156.6,23.0,134.7,43.8,76.0,91,0.5,1004,86,29.7,0.0,2.66,2023,5,23,20,1,143,21,-0.8660254037844386,0.5000000000000001,0.49999999999999994,-0.8660254037844387,0.7818314824680298,0.6234898018587336,1,2,0,35.0,33.0,34.0,53.0,35.0,56.0,34.333333333333336,1.154700538383177,35.0,33.0,42.5,12.802343535462212,59.0,33.0,47.333333333333336,10.075472768815557,59.0,33.0,48.833333333333336,9.225044676063625,61.0,33.0,30.2,32.2,33.9,85.0,75.0,68.0,2.0,1.33,1.0,1003.0,1002.0,1002.0,2554.2,228.76000000000002,79.002,45.5,0.7990685144174792,6.808399634798486,5.85626711882092,25.541999999999998,28.369999999999997,0.029581643842984222,882.0899999999999,7396,7.0756000000000006,1008016,469.09999999999997,78.18333333333332,0.0,1.0,-0.5
112,150.4,20.0,135.3,50.0,66.0,95,1.0,1005,86,29.2,0.0,3.33,2023,5,23,21,1,143,21,-0.7071067811865477,0.7071067811865474,0.49999999999999994,-0.8660254037844387,0.7818314824680298,0.6234898018587336,1,2,0,35.0,35.0,33.0,59.0,51.0,61.0,36.666666666666664,2.8867513459495617,40.0,35.0,39.333333333333336,9.933109617167048,59.0,33.0,46.416666666666664,10.211030874262587,59.0,33.0,47.958333333333336,9.014380620487564,59.0,33.0,29.7,31.2,33.5,86.0,80.0,69.0,2.66,1.66,1.0,1004.0,1002.0,1002.0,2511.2,286.38,97.236,95.0,0.7999840003199936,7.5196240187990595,6.764661766911654,25.112,27.535,0.02905469745801248,852.64,7396,11.0889,1010025,461.70000000000005,76.95,5.0,7.0,-0.5
95,144.1,17.0,136.0,41.3,56.0,100,7.0,1006,87,28.7,0.0,4.0,2023,5,23,22,1,143,21,-0.5000000000000004,0.8660254037844384,0.49999999999999994,-0.8660254037844387,0.7818314824680298,0.6234898018587336,1,3,0,40.0,35.0,35.0,59.0,53.0,58.0,36.0,3.6055512754651686,40.0,33.0,35.0,2.6076809620787906,40.0,33.0,44.75,10.661101768067086,59.0,33.0,46.916666666666664,9.245053514867319,59.0,33.0,29.2,30.2,33.2,86.0,85.0,70.0,3.33,2.0,1.0,1005.0,1003.0,1001.0,2496.9,348.0,114.8,700.0,0.7990121304568898,8.47597200164696,7.999529439444738,24.969,26.7,0.02852879867912656,823.6899999999999,7569,16.0,1012036,427.40000000000003,71.23333333333333,-7.0,-2.0,-0.5
104,136.8,14.3,133.0,46.3,48.7,91,6.5,1006,87,28.7,0.0,3.33,2023,5,23,23,1,143,21,-0.25881904510252157,0.9659258262890681,0.49999999999999994,-0.8660254037844387,0.7818314824680298,0.6234898018587336,1,3,0,33.0,40.0,35.0,34.0,49.0,58.0,36.666666666666664,3.5118845842854247,40.0,33.0,35.5,2.664582518892662,40.0,33.0,43.75,10.788251185264265,59.0,33.0,46.041666666666664,9.143680006320087,59.0,33.0,28.7,29.7,32.2,87.0,86.0,75.0,4.0,2.66,1.33,1006.0,1004.0,1002.0,2496.9,289.71,95.571,591.5,0.799118809528952,9.565764631843928,9.30004894762604,24.969,27.035,0.02852879867912656,823.6899999999999,7569,11.0889,1012036,416.1,69.35000000000001,4.0,2.0,0.0
98,129.4,11.7,130.0,42.5,41.3,83,2.5,1006,88,28.6,0.0,2.66,2023,5,24,0,2,144,21,0.0,1.0,0.49999999999999994,-0.8660254037844387,0.9749279121818236,-0.22252093395631434,1,3,0,37.0,33.0,40.0,33.0,54.0,58.0,34.666666666666664,2.081665999468283,37.0,33.0,35.666666666666664,2.5033311140668335,40.0,33.0,42.083333333333336,10.604101550671883,59.0,33.0,45.041666666666664,9.091224467520698,59.0,33.0,28.7,29.2,31.2,87.0,86.0,80.0,3.33,3.33,1.66,1006.0,1005.0,1002.0,2516.8,234.08,76.07600000000001,207.5,0.7999811769134845,11.058883856080678,11.110161524656014,25.168000000000003,27.270000000000003,0.028429395199408354,817.96,7744,7.0756000000000006,1012036,388.90000000000003,64.81666666666668,-3.0,-6.0,-0.09999999999999787
100,122.0,9.0,127.0,43.8,34.0,75,4.75,1005,88,28.6,0.0,2.0,2023,5,24,1,2,144,21,0.25881904510252074,0.9659258262890683,0.49999999999999994,-0.8660254037844387,0.9749279121818236,-0.22252093395631434,1,3,0,34.0,37.0,33.0,35.0,53.0,52.0,35.333333333333336,1.5275252316548036,37.0,34.0,35.666666666666664,2.5033311140668335,40.0,33.0,40.583333333333336,10.184286767844329,59.0,33.0,44.333333333333336,9.187262764363252,59.0,33.0,28.6,28.7,30.2,88.0,87.0,85.0,2.66,4.0,2.0,1006.0,1006.0,1003.0,2516.8,176.0,57.2,356.25,0.7990685144174792,13.554049550049996,14.109543384068438,25.168000000000003,27.6,0.02845768312668346,817.96,7744,4.0,1010025,370.8,61.800000000000004,1.0,2.0,0.0
115,127.0,9.0,120.0,51.3,36.0,83,12.75,1005,90,27.9,0.0,2.33,2023,5,24,2,2,144,21,0.49999999999999994,0.8660254037844387,0.49999999999999994,-0.8660254037844387,0.9749279121818236,-0.22252093395631434,1,3,0,35.0,34.0,37.0,35.0,53.0,51.0,36.666666666666664,3.7859388972012766,41.0,34.0,36.666666666666664,3.265986323709194,41.0,33.0,39.583333333333336,9.414286371190329,59.0,33.0,43.916666666666664,9.098096631650309,59.0,33.0,28.6,28.7,29.7,88.0,87.0,86.0,2.0,3.33,2.66,1005.0,1006.0,1004.0,2511.0,209.70000000000002,65.007,1058.25,0.7992046938656168,14.109543384068438,13.331852016442618,25.11,26.735,0.027761166406799594,778.41,8100,5.4289000000000005,1010025,384.3,64.05,6.0,4.0,-0.7000000000000028
67,132.1,9.0,113.0,25.0,38.0,91,5.25,1005,92,27.2,0.0,2.66,2023,5,24,3,2,144,21,0.7071067811865476,0.7071067811865476,0.49999999999999994,-0.8660254037844387,0.9749279121818236,-0.22252093395631434,1,3,0,41.0,35.0,34.0,40.0,59.0,42.0,32.0,10.816653826392425,41.0,20.0,33.333333333333336,7.118052168019996,41.0,20.0,36.333333333333336,8.814588458740527,59.0,20.0,43.0,10.32514869879266,59.0,20.0,27.9,28.6,29.2,90.0,88.0,86.0,2.33,2.66,3.33,1005.0,1006.0,1005.0,2502.4,244.72000000000003,72.352,477.75,0.7999680012799487,14.676147094767249,12.554160648816799,25.024,25.869999999999997,0.027064649686915736,739.8399999999999,8464,7.0756000000000006,1010025,337.1,56.18333333333334,-21.0,-14.0,-0.6999999999999993
89,137.1,9.0,106.0,37.5,40.0,100,3.25,1005,94,26.5,0.0,3.0,2023,5,24,4,2,144,21,0.8660254037844386,0.5000000000000001,0.49999999999999994,-0.8660254037844387,0.9749279121818236,-0.22252093395631434,1,3,0,20.0,41.0,35.0,33.0,59.0,48.0,30.333333333333332,10.503967504392984,41.0,20.0,32.833333333333336,7.250287350626454,41.0,20.0,33.916666666666664,5.316498049952004,41.0,20.0,42.25,10.5963488379563,59.0,20.0,27.2,28.6,28.7,92.0,88.0,87.0,2.66,2.0,4.0,1005.0,1005.0,1006.0,2491.0,282.0,79.5,325.0,0.7999786672355405,15.23164092878569,11.77646928119098,24.91,25.0,0.026368132967031874,702.25,8836,9.0,1010025,359.6,59.93333333333334,10.0,-5.0,-0.6999999999999993
137,137.3,12.0,99.0,61.3,35.7,100,1.5,1005,95,26.6,0.0,2.0,2023,5,24,5,2,144,21,0.9659258262890683,0.25881904510252074,0.49999999999999994,-0.8660254037844387,0.9749279121818236,-0.22252093395631434,1,3,0,30.0,20.0,41.0,37.0,34.0,57.0,33.0,14.730919862656558,49.0,20.0,34.833333333333336,9.826834010333886,49.0,20.0,35.166666666666664,6.873312465064877,49.0,20.0,41.916666666666664,10.23173522903652,59.0,20.0,26.5,27.9,28.7,94.0,90.0,87.0,3.0,2.33,3.33,1005.0,1005.0,1006.0,2527.0,190.0,53.2,150.0,0.7993344317384709,11.440713273893843,8.249312557286894,25.27,25.6,0.026467635355586713,707.5600000000001,9025,4.0,1010025,394.3,65.71666666666667,19.0,8.0,0.10000000000000142
100,137.5,15.0,92.0,43.8,31.3,100,0.25,1006,96,26.6,0.6,1.0,2023,5,24,6,2,144,21,1.0,6.123233995736766e-17,0.49999999999999994,-0.8660254037844387,0.9749279121818236,-0.22252093395631434,1,0,0,49.0,30.0,20.0,34.0,33.0,42.0,38.0,9.848857801796502,49.0,30.0,35.0,9.81835016690626,49.0,20.0,35.333333333333336,6.840166576032396,49.0,20.0,41.625,10.32856949563164,59.0,20.0,26.6,27.2,28.6,95.0,92.0,88.0,2.0,2.66,2.66,1005.0,1005.0,1006.0,2553.6000000000004,96.0,26.6,25.0,0.7990685144174792,9.16605559629358,6.1329244717018865,25.536000000000005,26.1,0.02644132560504413,707.5600000000001,9216,1.0,1012036,354.6,59.1,-14.0,15.0,0.0
118,137.7,18.0,85.0,52.5,27.0,100,0.0,1007,97,26.7,0.8,2.0,2023,5,24,7,2,144,21,0.9659258262890683,-0.25881904510252063,0.49999999999999994,-0.8660254037844387,0.9749279121818236,-0.22252093395631434,1,0,0,35.0,49.0,30.0,35.0,35.0,42.0,42.0,7.000000000000461,49.0,35.0,36.166666666666664,10.225784403489802,49.0,20.0,35.916666666666664,7.102603022622176,49.0,20.0,41.625,10.32856949563164,59.0,20.0,26.6,26.5,28.6,96.0,94.0,88.0,1.0,3.0,2.0,1006.0,1005.0,1005.0,2589.9,194.0,53.4,0.0,0.7999847621950058,7.649575023609798,4.72195989111716,25.899,25.7,0.026514372875498633,712.89,9409,4.0,1014049,362.2,60.36666666666667,7.0,12.0,0.09999999999999787
134,137.0,18.0,87.0,60.0,34.0,95,0.0,1007,91,27.6,1.4,0.33,2023,5,24,8,2,144,21,0.8660254037844387,-0.4999999999999998,0.49999999999999994,-0.8660254037844387,0.9749279121818236,-0.22252093395631434,1,0,0,42.0,35.0,49.0,41.0,35.0,35.0,41.666666666666664,6.506407098648217,48.0,35.0,37.333333333333336,11.236844159578602,49.0,20.0,37.0,7.897065047448221,49.0,20.0,42.166666666666664,10.306885274319136,59.0,20.0,26.7,26.6,27.9,97.0,95.0,90.0,2.0,2.0,2.33,1007.0,1005.0,1005.0,2511.6,30.03,9.108,0.0,0.7999866668888852,7.610688295094716,4.833064829731681,25.116,27.435000000000002,0.02740811578141432,761.7600000000001,8281,0.10890000000000001,1014049,384.0,64.0,6.0,-1.0,0.9000000000000021
153,136.2,18.0,89.0,72.5,41.0,91,0.0,1006,86,28.6,2.1,0.66,2023,5,24,9,2,144,21,0.7071067811865476,-0.7071067811865475,0.49999999999999994,-0.8660254037844387,0.9749279121818236,-0.22252093395631434,1,0,0,48.0,42.0,35.0,20.0,40.0,51.0,49.333333333333336,8.082903768655006,58.0,42.0,43.666666666666664,10.171856598805267,58.0,30.0,38.5,9.959006887326176,58.0,20.0,42.458333333333336,10.660692393969835,59.0,20.0,27.6,26.6,27.2,91.0,96.0,92.0,0.33,1.0,2.66,1007.0,1006.0,1005.0,2459.6,56.760000000000005,18.876,0.0,0.799988965669439,7.566246319648907,4.944169768346202,24.596,28.270000000000003,0.028429395199408354,817.96,7396,0.43560000000000004,1012036,414.7,69.11666666666666,10.0,23.0,1.0
134,135.4,18.0,91.0,60.0,48.0,87,0.0,1006,81,29.5,3.1,1.0,2023,5,24,10,2,144,21,0.49999999999999994,-0.8660254037844387,0.49999999999999994,-0.8660254037844387,0.9749279121818236,-0.22252093395631434,1,0,0,58.0,48.0,42.0,30.0,33.0,53.0,51.333333333333336,5.773502691896541,58.0,48.0,46.666666666666664,7.685484153041982,58.0,35.0,39.75,10.145531931929948,58.0,20.0,42.25,10.493269064127707,59.0,20.0,28.6,26.7,26.5,86.0,97.0,94.0,0.66,2.0,3.0,1006.0,1007.0,1005.0,2389.5,81.0,29.5,0.0,0.7999866668888852,7.521804344203099,5.0552747069607245,23.895,29.0,0.02932402651687225,870.25,6561,1.0,1012036,400.4,66.73333333333333,-10.0,6.0,0.8999999999999986
150,137.0,16.7,106.3,67.5,57.0,79,0.0,1006,77,30.4,3.9,1.33,2023,5,24,11,2,144,21,0.258819045102521,-0.9659258262890682,0.49999999999999994,-0.8660254037844387,0.9749279121818236,-0.22252093395631434,1,0,0,48.0,58.0,48.0,49.0,37.0,49.0,53.333333333333336,5.033222956847422,58.0,48.0,47.5,8.240145629780647,58.0,35.0,41.166666666666664,10.886466438433711,58.0,20.0,42.458333333333336,10.681064784352818,59.0,20.0,29.5,27.6,26.6,81.0,91.0,95.0,1.0,0.33,2.0,1006.0,1007.0,1005.0,2340.7999999999997,102.41000000000001,40.432,0.0,0.7999881483237284,8.203101610681994,6.364888330040117,23.407999999999998,29.735,0.030218657834336148,924.16,5929,1.7689000000000001,1012036,438.5,73.08333333333333,6.0,6.0,0.8999999999999986
155,138.5,15.3,121.7,73.8,66.0,70,0.0,1005,73,31.3,3.8,1.66,2023,5,24,12,2,144,21,1.2246467991473532e-16,-1.0,0.49999999999999994,-0.8660254037844387,0.9749279121818236,-0.22252093395631434,1,1,0,54.0,48.0,58.0,35.0,34.0,54.0,53.666666666666664,5.507570547286327,59.0,48.0,51.5,6.625707509390576,59.0,42.0,43.25,11.748307421612672,59.0,20.0,42.666666666666664,10.961064160757278,59.0,20.0,30.4,28.6,26.6,77.0,86.0,96.0,1.33,0.66,1.0,1006.0,1006.0,1006.0,2284.9,121.17999999999999,51.958,0.0,0.799447161962575,9.051695967583818,7.953728514476178,22.849,30.470000000000002,0.031144247617664062,979.69,5329,2.7556,1010025,474.3,79.05,5.0,1.0,0.9000000000000021
155,140.1,14.0,137.0,73.8,75.0,62,0.0,1005,69,32.2,3.7,2.0,2023,5,24,13,2,144,21,-0.2588190451025208,-0.9659258262890683,0.49999999999999994,-0.8660254037844387,0.9749279121818236,-0.22252093395631434,1,1,0,59.0,54.0,48.0,42.0,35.0,53.0,57.333333333333336,2.8867513459483423,59.0,54.0,54.333333333333336,5.2408650685418765,59.0,48.0,45.25,12.248376515796675,59.0,20.0,42.916666666666664,11.271035084856395,59.0,20.0,31.3,29.5,26.7,73.0,81.0,97.0,1.66,1.0,2.0,1005.0,1006.0,1007.0,2221.8,138.0,64.4,0.0,0.799447161962575,10.006428112277694,9.785015356045998,22.218000000000004,31.200000000000003,0.0320397691146576,1036.8400000000001,4761,4.0,1010025,498.90000000000003,83.15,0.0,11.0,0.9000000000000021
151,145.1,17.7,128.0,70.0,82.3,66,0.5,1004,69,32.4,3.1,2.0,2023,5,24,14,2,144,21,-0.4999999999999997,-0.8660254037844388,0.49999999999999994,-0.8660254037844387,0.9749279121818236,-0.22252093395631434,1,1,0,59.0,59.0,54.0,48.0,41.0,53.0,58.0,1.732050807569166,59.0,56.0,55.666666666666664,4.22689799577219,59.0,48.0,46.5,12.537217322109816,59.0,20.0,43.041666666666664,11.403581308811392,59.0,20.0,32.2,30.4,27.6,69.0,77.0,91.0,2.0,1.33,0.33,1005.0,1006.0,1007.0,2235.6,138.0,64.8,33.0,0.7999885715918343,8.197276990000564,7.231229874018417,22.355999999999998,31.4,0.03227088419234642,1049.76,4761,4.0,1008016,499.09999999999997,83.18333333333332,-3.0,2.0,0.19999999999999574
142,150.2,21.3,119.0,63.8,89.7,70,2.0,1003,69,32.5,1.9,2.0,2023,5,24,15,2,144,21,-0.7071067811865471,-0.7071067811865479,0.49999999999999994,-0.8660254037844387,0.9749279121818236,-0.22252093395631434,1,1,0,56.0,59.0,59.0,58.0,20.0,59.0,55.333333333333336,4.041451884327618,59.0,51.0,54.5,4.415880433163453,59.0,48.0,49.083333333333336,9.375580790090153,59.0,30.0,42.708333333333336,11.027551136039987,59.0,20.0,32.4,31.3,28.6,69.0,73.0,86.0,2.0,1.66,0.66,1004.0,1005.0,1006.0,2242.5,138.0,65.0,140.0,0.7993605115907275,7.051312144969718,5.58659217877095,22.425,31.5,0.03240275931928283,1056.25,4761,4.0,1006009,495.0,82.5,-5.0,-8.0,0.10000000000000142
131,155.2,25.0,110.0,58.8,97.0,75,0.0,1002,69,32.7,1.2,2.0,2023,5,24,16,2,144,21,-0.8660254037844385,-0.5000000000000004,0.49999999999999994,-0.8660254037844387,0.9749279121818236,-0.22252093395631434,1,1,0,51.0,56.0,59.0,48.0,30.0,59.0,51.333333333333336,4.509249752823259,56.0,47.0,54.333333333333336,4.718756898449257,59.0,47.0,50.5,7.280109889279996,59.0,35.0,42.208333333333336,10.516980748198442,59.0,20.0,32.5,32.2,29.5,69.0,69.0,81.0,2.0,2.0,1.0,1003.0,1005.0,1006.0,2256.3,138.0,65.4,0.0,0.7993061342494175,6.207751689932402,4.399824007039718,22.563000000000002,31.700000000000003,0.03263469796936331,1069.2900000000002,4761,4.0,1004004,493.0,82.16666666666667,-4.0,-12.0,0.20000000000000284
123,144.5,24.0,107.0,55.0,81.3,79,0.0,1003,74,31.7,0.8,2.33,2023,5,24,17,2,144,21,-0.9659258262890683,-0.25881904510252063,0.49999999999999994,-0.8660254037844387,0.9749279121818236,-0.22252093395631434,1,1,0,47.0,51.0,56.0,54.0,49.0,34.0,47.333333333333336,3.511884584284912,51.0,44.0,52.666666666666664,6.345602151621376,59.0,44.0,50.083333333333336,7.5131198377879,59.0,35.0,42.625,10.37477081988914,59.0,20.0,32.7,32.4,30.4,69.0,69.0,77.0,2.0,2.0,1.33,1002.0,1004.0,1006.0,2345.7999999999997,172.42000000000002,73.861,0.0,0.7999854548099126,6.020582475730178,4.458147577184284,23.458,30.535,0.031605152936038945,1004.89,5476,5.4289000000000005,1006009,455.8,75.96666666666667,-3.0,-12.0,-1.0000000000000036
110,133.8,23.0,104.0,48.8,65.7,83,0.0,1003,80,30.7,0.7,2.66,2023,5,24,18,2,144,21,-1.0,-1.8369701987210297e-16,0.49999999999999994,-0.8660254037844387,0.9749279121818236,-0.22252093395631434,1,2,0,44.0,47.0,51.0,59.0,35.0,33.0,43.333333333333336,4.041451884328129,47.0,39.0,49.333333333333336,7.501111028818374,59.0,39.0,50.416666666666664,6.841827684222868,59.0,39.0,42.875,10.203633197777567,59.0,20.0,31.7,32.5,31.3,74.0,69.0,73.0,2.33,2.0,1.66,1003.0,1003.0,1005.0,2456.0,212.8,81.662,0.0,0.7991639515583698,5.817138385287596,4.521542541628625,24.56,29.369999999999997,0.03060814495698409,942.49,6400,7.0756000000000006,1006009,414.3,69.05,-5.0,-12.0,-1.0
123,123.1,22.0,101.0,55.0,50.0,87,0.0,1004,86,29.7,0.0,3.0,2023,5,24,19,2,144,21,-0.9659258262890684,0.2588190451025203,0.49999999999999994,-0.8660254037844387,0.9749279121818236,-0.22252093395631434,1,2,0,39.0,44.0,47.0,59.0,42.0,35.0,42.333333333333336,2.8867513459492367,44.0,39.0,46.833333333333336,5.980523945831147,56.0,39.0,50.583333333333336,6.639528095680124,59.0,39.0,43.25,10.066085979988829,59.0,20.0,30.7,32.7,32.2,80.0,69.0,69.0,2.66,2.0,2.0,1003.0,1002.0,1005.0,2554.2,258.0,89.1,0.0,0.7999854548099126,5.5952002181719,4.590700422708059,25.541999999999998,28.2,0.029581643842984222,882.0899999999999,7396,9.0,1008016,395.1,65.85000000000001,5.0,-3.0,-1.0
151,117.3,19.3,98.0,70.0,41.3,83,0.0,1005,90,29.2,0.0,2.66,2023,5,24,20,2,144,21,-0.8660254037844386,0.5000000000000001,0.49999999999999994,-0.8660254037844387,0.9749279121818236,-0.22252093395631434,1,2,0,44.0,39.0,44.0,56.0,48.0,35.0,46.333333333333336,8.736894948054392,56.0,39.0,46.833333333333336,5.980523945831147,56.0,39.0,51.25,6.757151094143399,59.0,39.0,44.125,10.229167589067233,59.0,20.0,29.7,31.7,32.4,86.0,74.0,69.0,3.0,2.33,2.0,1004.0,1003.0,1004.0,2628.0,239.4,77.672,0.0,0.7999885715918343,6.077405315786746,5.077457126573752,26.28,27.869999999999997,0.02905469745801248,852.64,8100,7.0756000000000006,1010025,401.90000000000003,66.98333333333333,12.0,12.0,-0.5
151,111.5,16.7,95.0,70.0,32.7,79,1.75,1006,93,28.6,0.0,2.33,2023,5,24,21,2,144,21,-0.7071067811865477,0.7071067811865474,0.49999999999999994,-0.8660254037844387,0.9749279121818236,-0.22252093395631434,1,2,0,56.0,44.0,39.0,51.0,58.0,40.0,52.0,6.92820323027573,56.0,44.0,47.666666666666664,6.947421584059806,56.0,39.0,51.083333333333336,6.598323937779291,59.0,39.0,44.791666666666664,10.467253975953184,59.0,20.0,29.2,30.7,32.5,90.0,80.0,69.0,2.66,2.66,2.0,1005.0,1003.0,1003.0,2659.8,216.69,66.638,138.25,0.7999885715918343,6.676246931321478,5.688282138794084,26.598000000000003,27.435000000000002,0.028429395199408354,817.96,8649,5.4289000000000005,1012036,381.9,63.65,0.0,17.0,-0.5999999999999979
139,105.6,14.0,92.0,62.5,24.0,75,2.75,1007,96,28.1,0.0,2.0,2023,5,24,22,2,144,21,-0.5000000000000004,0.8660254037844384,0.49999999999999994,-0.8660254037844387,0.9749279121818236,-0.22252093395631434,1,3,0,56.0,56.0,44.0,47.0,48.0,33.0,54.0,3.464101615138098,56.0,50.0,48.166666666666664,6.997618642556927,56.0,39.0,51.25,6.538348415310431,59.0,39.0,45.5,10.206562253936667,59.0,20.0,28.6,29.7,32.7,93.0,86.0,69.0,2.33,3.0,2.0,1006.0,1004.0,1002.0,2697.6000000000004,192.0,56.2,206.25,0.7999872002047967,7.542318405828155,6.570959217198772,26.976000000000003,27.1,0.027904639618034147,789.6100000000001,9216,4.0,1014049,348.1,58.01666666666667,-6.0,6.0,-0.5
131,102.7,13.3,84.0,58.8,23.0,83,3.25,1007,96,27.2,0.0,2.0,2023,5,24,23,2,144,21,-0.25881904510252157,0.9659258262890681,0.49999999999999994,-0.8660254037844387,0.9749279121818236,-0.22252093395631434,1,3,0,50.0,56.0,56.0,44.0,54.0,37.0,51.0,4.582575694956211,56.0,47.0,48.666666666666664,6.742897497861022,56.0,39.0,50.666666666666664,6.582805886043257,59.0,39.0,45.916666666666664,10.04735165913513,59.0,20.0,28.1,29.2,31.7,96.0,90.0,74.0,2.0,2.66,2.33,1007.0,1005.0,1003.0,2611.2,192.0,54.4,269.75,0.7993061342494175,7.721223968122698,6.315314637997143,26.112,26.2,0.027010896712118457,739.8399999999999,9216,4.0,1014049,328.8,54.800000000000004,-3.0,-9.0,-0.9000000000000021
115,99.8,12.7,76.0,51.3,22.0,91,6.75,1007,97,26.4,0.0,2.0,2023,5,25,0,3,145,21,0.0,1.0,0.49999999999999994,-0.8660254037844387,0.43388373911755823,-0.900968867902419,1,3,0,47.0,50.0,56.0,39.0,59.0,34.0,46.0,4.582575694956398,50.0,41.0,49.0,6.1967733539313725,56.0,41.0,49.166666666666664,6.562058065927064,59.0,39.0,46.208333333333336,9.784544896957977,59.0,20.0,27.2,28.6,30.7,96.0,93.0,80.0,2.0,2.33,2.66,1007.0,1006.0,1003.0,2560.7999999999997,194.0,52.8,614.25,0.7992046938656168,7.857649004015433,5.983780804661051,25.607999999999997,25.4,0.026216458573526738,696.9599999999999,9409,4.0,1014049,302.8,50.46666666666667,-6.0,-15.0,-0.8000000000000007
74,96.9,12.0,68.0,28.8,21.0,100,3.75,1007,97,25.5,0.0,2.0,2023,5,25,1,3,145,21,0.25881904510252074,0.9659258262890683,0.49999999999999994,-0.8660254037844387,0.43388373911755823,-0.900968867902419,1,3,0,41.0,47.0,50.0,44.0,59.0,35.0,37.0,12.489995996797123,47.0,23.0,45.5,12.4056438768809,56.0,23.0,46.166666666666664,9.311120754074775,56.0,23.0,45.708333333333336,10.650491585579479,59.0,20.0,26.4,28.1,29.7,97.0,96.0,86.0,2.0,2.0,3.0,1007.0,1007.0,1004.0,2473.5,194.0,51.0,375.0,0.7985833825214401,8.074327139405051,5.666194483793017,24.735,24.5,0.025322715667611056,650.25,9409,4.0,1014049,249.70000000000002,41.61666666666667,-18.0,-27.0,-0.8999999999999986
74,98.6,12.3,63.0,28.8,23.3,100,2.75,1006,98,25.2,0.0,2.0,2023,5,25,2,3,145,21,0.49999999999999994,0.8660254037844387,0.49999999999999994,-0.8660254037844387,0.43388373911755823,-0.900968867902419,1,3,0,23.0,41.0,47.0,56.0,56.0,41.0,29.0,10.392304845413788,41.0,23.0,40.0,14.028542333399807,56.0,23.0,43.416666666666664,10.883334493479559,56.0,23.0,44.958333333333336,11.588897110246963,59.0,20.0,25.5,27.2,29.2,97.0,96.0,90.0,2.0,2.0,2.66,1007.0,1007.0,1005.0,2469.6,196.0,50.4,275.0,0.7985833825214401,8.015608487114868,5.121534834566296,24.695999999999998,24.2,0.025049676888989177,635.04,9604,4.0,1012036,249.0,41.5,0.0,-24.0,-0.3000000000000007
50,100.4,12.7,58.0,15.0,25.7,100,0.75,1005,98,25.0,0.0,2.0,2023,5,25,3,3,145,21,0.7071067811865476,0.7071067811865476,0.49999999999999994,-0.8660254037844387,0.43388373911755823,-0.900968867902419,1,3,0,23.0,23.0,41.0,56.0,51.0,20.0,19.333333333333332,6.350852961087002,23.0,12.0,32.666666666666664,15.422926656982273,50.0,12.0,40.166666666666664,13.835614999855792,56.0,12.0,44.625,12.423023856498734,59.0,12.0,25.2,26.4,28.6,98.0,97.0,93.0,2.0,2.0,2.33,1006.0,1007.0,1006.0,2450.0,196.0,50.0,75.0,0.7999466702219852,7.904889378789073,4.566569561451854,24.5,24.0,0.024875597138709314,625.0,9604,4.0,1010025,223.8,37.300000000000004,-11.0,-29.0,-0.1999999999999993
52,102.1,13.0,53.0,16.3,28.0,100,0.0,1005,98,24.7,0.0,2.0,2023,5,25,4,3,145,21,0.8660254037844386,0.5000000000000001,0.49999999999999994,-0.8660254037844387,0.43388373911755823,-0.900968867902419,1,3,0,12.0,23.0,23.0,50.0,47.0,30.0,16.0,6.0827625302994806,23.0,12.0,26.5,14.474114826129625,47.0,12.0,37.333333333333336,15.66892311280975,56.0,12.0,43.916666666666664,13.711044950082924,59.0,12.0,25.0,25.5,28.1,98.0,97.0,96.0,2.0,2.0,2.0,1005.0,1007.0,1007.0,2420.6,196.0,49.4,0.0,0.7974970860683392,7.853242058303207,4.076609491577571,24.206,23.7,0.024577089973044804,610.0899999999999,9604,4.0,1010025,225.4,37.56666666666667,1.0,-10.0,-0.3000000000000007
61,100.2,12.7,56.0,21.3,26.7,95,0.25,1006,97,25.0,0.0,2.0,2023,5,25,5,3,145,21,0.9659258262890683,0.25881904510252074,0.49999999999999994,-0.8660254037844387,0.43388373911755823,-0.900968867902419,1,3,0,13.0,12.0,23.0,47.0,44.0,49.0,14.0,2.6457513110676185,17.0,12.0,21.5,10.653637876330487,41.0,12.0,35.083333333333336,16.53898058490519,56.0,12.0,42.583333333333336,14.714431445136738,59.0,12.0,24.7,25.2,27.2,98.0,98.0,96.0,2.0,2.0,2.0,1005.0,1006.0,1007.0,2425.0,194.0,50.0,23.75,0.7980845969672785,7.88914258719786,4.409101645539722,24.25,24.0,0.024850869929552755,625.0,9409,4.0,1012036,233.9,38.983333333333334,4.0,-6.0,0.3000000000000007
89,98.2,12.3,59.0,37.5,25.3,91,0.0,1006,96,25.4,0.7,2.0,2023,5,25,6,3,145,21,1.0,6.123233995736766e-17,0.49999999999999994,-0.8660254037844387,0.43388373911755823,-0.900968867902419,1,0,0,17.0,13.0,12.0,41.0,39.0,35.0,20.0,8.888194417316376,30.0,13.0,19.666666666666668,6.918574034195888,30.0,12.0,34.333333333333336,16.549283606210267,56.0,12.0,42.375,14.861132556759287,59.0,12.0,25.0,25.0,26.4,97.0,98.0,97.0,2.0,2.0,2.0,1006.0,1005.0,1007.0,2438.3999999999996,192.0,50.8,0.0,0.7999786672355405,7.983090805625559,4.796358019673197,24.383999999999997,24.4,0.025248483848425596,645.16,9216,4.0,1012036,262.3,43.71666666666667,13.0,18.0,0.3999999999999986
89,96.3,12.0,62.0,37.5,24.0,87,0.0,1007,94,25.7,0.8,2.0,2023,5,25,7,3,145,21,0.9659258262890683,-0.25881904510252063,0.49999999999999994,-0.8660254037844387,0.43388373911755823,-0.900968867902419,1,0,0,30.0,17.0,13.0,23.0,44.0,42.0,25.666666666666668,7.505553499465937,30.0,17.0,20.833333333333332,8.084965470962135,30.0,12.0,33.166666666666664,16.297424968566435,56.0,12.0,41.875,15.074633170243207,59.0,12.0,25.4,24.7,25.5,96.0,98.0,97.0,2.0,2.0,2.0,1006.0,1005.0,1007.0,2415.7999999999997,188.0,51.4,0.0,0.7999786672355405,8.024331305724523,5.166236146987751,24.157999999999998,24.7,0.025521325202258985,660.49,8836,4.0,1014049,261.8,43.63333333333333,0.0,17.0,0.3000000000000007
82,97.1,10.0,79.0,33.8,25.0,87,0.0,1007,88,26.8,1.4,1.66,2023,5,25,8,3,145,21,0.8660254037844387,-0.4999999999999998,0.49999999999999994,-0.8660254037844387,0.43388373911755823,-0.900968867902419,1,0,0,30.0,30.0,17.0,23.0,56.0,48.0,29.0,1.7320508075720238,30.0,27.0,21.5,8.455767262642912,30.0,12.0,30.75,14.672949756114022,56.0,12.0,41.0,15.311263259728143,59.0,12.0,25.7,25.0,25.2,94.0,97.0,98.0,2.0,2.0,2.0,1007.0,1006.0,1006.0,2358.4,146.07999999999998,44.488,0.0,0.7987929351202628,9.70902909709029,7.899210078992101,23.584,25.970000000000002,0.0266136776428226,718.24,7744,2.7556,1014049,271.9,45.31666666666666,-3.0,10.0,1.1000000000000014
93,97.9,8.0,96.0,40.0,26.0,87,0.0,1007,83,27.9,2.1,1.33,2023,5,25,9,3,145,21,0.7071067811865476,-0.7071067811865475,0.49999999999999994,-0.8660254037844387,0.43388373911755823,-0.900968867902419,1,0,0,27.0,30.0,30.0,12.0,56.0,58.0,29.666666666666668,2.516611478425703,32.0,27.0,24.833333333333332,7.884584115008952,32.0,13.0,28.75,12.373909501997671,50.0,12.0,39.916666666666664,14.972196454317302,59.0,12.0,26.8,25.4,25.0,88.0,96.0,98.0,1.66,2.0,2.0,1007.0,1006.0,1005.0,2315.7,110.39,37.107,0.0,0.7999800004999875,12.23597050368704,11.998500187476566,23.156999999999996,27.235,0.02770603008338621,778.41,6889,1.7689000000000001,1014049,299.9,49.98333333333333,5.0,2.0,1.0999999999999979
85,98.6,6.0,113.0,35.0,27.0,87,0.0,1008,78,29.0,2.9,1.0,2023,5,25,10,3,145,21,0.49999999999999994,-0.8660254037844387,0.49999999999999994,-0.8660254037844387,0.43388373911755823,-0.900968867902419,1,0,0,32.0,27.0,30.0,13.0,50.0,48.0,29.0,2.64575131106665,32.0,27.0,27.333333333333332,5.354126134735007,32.0,17.0,26.916666666666668,10.413787480881368,47.0,12.0,39.083333333333336,15.059062464803223,59.0,12.0,27.9,25.7,24.7,83.0,94.0,98.0,1.33,2.0,2.0,1007.0,1007.0,1005.0,2262.0,78.0,29.0,0.0,0.7999771435101855,16.430594900849858,18.830194967505413,22.62,28.5,0.028769812728360388,841.0,6084,1.0,1016064,307.6,51.26666666666667,-4.0,-2.0,1.1000000000000014
82,105.8,7.0,126.3,33.8,35.3,83,0.5,1007,75,29.8,3.6,1.33,2023,5,25,11,3,145,21,0.258819045102521,-0.9659258262890682,0.49999999999999994,-0.8660254037844387,0.43388373911755823,-0.900968867902419,1,0,0,28.0,32.0,27.0,17.0,47.0,54.0,29.0,2.64575131106665,32.0,27.0,29.0,1.999999999996594,32.0,27.0,25.25,8.291561975888003,41.0,12.0,37.958333333333336,14.903980112319333,59.0,12.0,29.0,26.8,25.0,78.0,88.0,97.0,1.0,1.66,2.0,1008.0,1007.0,1006.0,2235.0,99.75,39.634,41.5,0.7987929351202628,15.112126839022995,18.040279960005712,22.35,29.135,0.029592820662541548,888.0400000000001,5625,1.7689000000000001,1014049,335.2,55.86666666666667,-1.0,0.0,0.8000000000000007
98,113.0,8.0,139.7,42.5,43.7,79,0.0,1006,73,30.7,3.9,1.66,2023,5,25,12,3,145,21,1.2246467991473532e-16,-1.0,0.49999999999999994,-0.8660254037844387,0.43388373911755823,-0.900968867902419,1,1,0,27.0,28.0,32.0,30.0,41.0,59.0,29.666666666666668,3.785938897201591,34.0,27.0,29.666666666666668,2.875181153710717,34.0,27.0,24.666666666666668,7.2655267385008315,34.0,12.0,36.916666666666664,14.227703125659046,59.0,12.0,29.8,27.9,25.4,75.0,83.0,96.0,1.33,1.33,2.0,1007.0,1007.0,1006.0,2241.1,121.17999999999999,50.961999999999996,0.0,0.7999811769134845,14.123234595675541,17.46031746031746,22.410999999999998,29.87,0.03051686827349078,942.49,5329,2.7556,1012036,380.9,63.48333333333333,7.0,2.0,0.8999999999999986
91,120.2,9.0,153.0,31.3,52.0,75,0.5,1006,70,31.5,4.4,2.0,2023,5,25,13,3,145,21,-0.2588190451025208,-0.9659258262890683,0.49999999999999994,-0.8660254037844387,0.43388373911755823,-0.900968867902419,1,1,0,34.0,27.0,28.0,30.0,23.0,59.0,28.666666666666668,4.725815626253773,34.0,25.0,28.833333333333332,3.430257521914788,34.0,25.0,24.833333333333332,7.246733851546036,34.0,12.0,35.5,13.612653959683643,56.0,12.0,30.7,29.0,25.7,73.0,78.0,94.0,1.66,1.0,2.0,1006.0,1008.0,1007.0,2205.0,140.0,63.0,37.5,0.7986965272674994,13.354071769803356,16.998111320964338,22.05,30.5,0.03131209611123647,992.25,4900,4.0,1012036,390.5,65.08333333333333,-9.0,-3.0,0.8000000000000007
121,122.4,10.7,143.3,53.8,54.7,75,0.0,1005,70,31.8,3.6,2.0,2023,5,25,14,3,145,21,-0.4999999999999997,-0.8660254037844388,0.49999999999999994,-0.8660254037844387,0.43388373911755823,-0.900968867902419,1,1,0,25.0,34.0,27.0,27.0,23.0,56.0,34.0,9.00000000000051,43.0,25.0,31.5,6.534523701080845,43.0,25.0,26.5,8.89841661093759,43.0,12.0,34.958333333333336,13.006617602177709,56.0,12.0,31.5,29.8,26.8,70.0,75.0,88.0,2.0,1.33,1.66,1006.0,1007.0,1007.0,2226.0,140.0,63.6,0.0,0.7992416497834613,11.438183347350718,13.391271843752923,22.26,30.8,0.03164175956043825,1011.24,4900,4.0,1010025,427.9,71.31666666666666,18.0,16.0,0.3000000000000007
82,124.5,12.3,133.7,33.8,57.3,75,2.0,1004,69,32.2,2.4,2.0,2023,5,25,15,3,145,21,-0.7071067811865471,-0.7071067811865479,0.49999999999999994,-0.8660254037844387,0.43388373911755823,-0.900968867902419,1,1,0,43.0,25.0,34.0,32.0,12.0,51.0,31.666666666666668,9.865765724633,43.0,25.0,30.666666666666668,6.772493386239197,43.0,25.0,27.75,7.641097017860427,43.0,13.0,33.958333333333336,12.637002832147878,56.0,12.0,31.8,30.7,27.9,70.0,73.0,83.0,2.0,1.66,1.33,1005.0,1006.0,1007.0,2221.8,138.0,64.4,150.0,0.7987929351202628,10.12112836354768,10.869035037801803,22.218000000000004,31.200000000000003,0.03207168120350478,1036.8400000000001,4761,4.0,1008016,388.6,64.76666666666667,-16.0,-7.0,0.40000000000000213
110,126.6,14.0,124.0,48.8,60.0,75,1.5,1004,69,32.5,1.3,2.0,2023,5,25,16,3,145,21,-0.8660254037844385,-0.5000000000000004,0.49999999999999994,-0.8660254037844387,0.43388373911755823,-0.900968867902419,1,1,0,27.0,43.0,25.0,28.0,13.0,47.0,36.333333333333336,8.326663997865035,43.0,27.0,32.5,7.36885337077538,43.0,25.0,29.916666666666668,6.707639245100784,43.0,17.0,33.625,12.380954869405839,56.0,12.0,32.2,31.5,29.0,69.0,70.0,78.0,2.0,2.0,1.0,1004.0,1006.0,1008.0,2242.5,138.0,65.0,112.5,0.7991639515583698,9.042211270623527,8.85651024926791,22.425,31.5,0.032370485686767245,1056.25,4761,4.0,1008016,412.40000000000003,68.73333333333333,12.0,14.0,0.29999999999999716
93,136.2,23.0,103.0,40.0,53.7,75,0.5,1004,76,31.2,0.8,2.0,2023,5,25,17,3,145,21,-0.9659258262890683,-0.25881904510252063,0.49999999999999994,-0.8660254037844387,0.43388373911755823,-0.900968867902419,1,1,0,39.0,27.0,43.0,27.0,17.0,44.0,32.666666666666664,6.027713773342509,39.0,27.0,33.333333333333336,6.889605697473162,43.0,25.0,31.166666666666668,5.3399580068707975,43.0,25.0,33.125,12.184496564148322,56.0,12.0,32.5,31.8,29.8,69.0,70.0,75.0,2.0,2.0,1.33,1004.0,1005.0,1007.0,2371.2,152.0,62.4,37.5,0.7999800004999875,5.921481674709795,4.478066171036041,23.712,30.2,0.031075666259296555,973.4399999999999,5776,4.0,1008016,387.9,64.64999999999999,-7.0,-11.0,-1.3000000000000007
74,145.7,32.0,82.0,28.8,47.3,75,0.0,1005,84,29.9,0.6,2.0,2023,5,25,18,3,145,21,-1.0,-1.8369701987210297e-16,0.49999999999999994,-0.8660254037844387,0.43388373911755823,-0.900968867902419,1,2,0,32.0,39.0,27.0,34.0,30.0,39.0,31.333333333333332,8.020806277011273,39.0,23.0,31.5,8.04363102087529,43.0,23.0,30.583333333333332,5.838093296044979,43.0,23.0,32.458333333333336,12.28636277117563,56.0,12.0,31.2,32.2,30.7,76.0,69.0,73.0,2.0,2.0,1.66,1004.0,1004.0,1006.0,2511.6,168.0,59.8,0.0,0.7985833825214401,4.552982719290022,2.5624199243773633,25.116,28.9,0.029751214177896338,894.0099999999999,7056,4.0,1010025,358.8,59.800000000000004,-9.0,-4.0,-1.3000000000000007
72,155.2,41.0,61.0,27.5,41.0,75,1.75,1005,93,28.6,0.0,2.0,2023,5,25,19,3,145,21,-0.9659258262890684,0.2588190451025203,0.49999999999999994,-0.8660254037844387,0.43388373911755823,-0.900968867902419,1,2,0,23.0,32.0,39.0,25.0,30.0,44.0,25.666666666666668,5.507570547287194,32.0,22.0,31.0,8.602325267041875,43.0,22.0,29.916666666666668,6.3454827645454595,43.0,22.0,31.541666666666668,12.208262229599649,56.0,12.0,29.9,32.5,31.5,84.0,69.0,70.0,2.0,2.0,2.0,1005.0,1004.0,1006.0,2659.8,186.0,57.2,131.25,0.7999709101487218,3.7852735299139044,1.4877685910099754,26.598000000000003,27.6,0.02845768312668346,817.96,8649,4.0,1010025,347.7,57.949999999999996,-1.0,-17.0,-1.2999999999999972
74,145.7,36.7,55.3,28.8,38.3,83,4.0,1006,94,27.3,0.0,2.33,2023,5,25,20,3,145,21,-0.8660254037844386,0.5000000000000001,0.49999999999999994,-0.8660254037844387,0.43388373911755823,-0.900968867902419,1,2,0,22.0,23.0,32.0,43.0,27.0,56.0,22.666666666666668,0.5773502692009295,23.0,22.0,27.666666666666668,6.683312551920075,39.0,22.0,29.583333333333332,6.612087187090694,43.0,22.0,30.166666666666668,11.145935764123772,56.0,12.0,28.6,31.2,31.8,93.0,76.0,70.0,2.0,2.0,2.0,1005.0,1004.0,1005.0,2566.2000000000003,219.02,63.609,332.0,0.7985833825214401,3.9699190757745018,1.5067709326721341,25.662000000000003,26.135,0.027137149963071608,745.2900000000001,8836,5.4289000000000005,1012036,327.8,54.63333333333333,1.0,-9.0,-1.3000000000000007
65,136.2,32.3,49.7,23.8,35.7,91,4.5,1007,95,26.0,0.0,2.66,2023,5,25,21,3,145,21,-0.7071067811865477,0.7071067811865474,0.49999999999999994,-0.8660254037844387,0.43388373911755823,-0.900968867902419,1,2,0,23.0,22.0,23.0,27.0,32.0,56.0,21.333333333333332,2.0816659994693767,23.0,19.0,26.333333333333332,7.580677190505601,39.0,19.0,28.5,7.217403209666272,43.0,19.0,28.625,9.907452179831811,50.0,12.0,27.3,29.9,32.2,94.0,84.0,69.0,2.33,2.0,2.0,1006.0,1005.0,1004.0,2470.0,252.70000000000002,69.16,409.5,0.7982857863114995,4.2165877217423615,1.538652054115972,24.7,24.67,0.02581923950423088,676.0,9025,7.0756000000000006,1014049,296.7,49.449999999999996,-4.0,-4.0,-1.3000000000000007
52,126.6,28.0,44.0,16.3,33.0,100,5.5,1008,97,24.7,0.0,3.0,2023,5,25,22,3,145,21,-0.5000000000000004,0.8660254037844384,0.49999999999999994,-0.8660254037844387,0.43388373911755823,-0.900968867902419,1,3,0,19.0,23.0,22.0,39.0,28.0,50.0,18.333333333333332,5.0332229568486095,23.0,13.0,22.0,6.196773353930537,32.0,13.0,27.25,8.49732578253519,43.0,13.0,27.083333333333332,9.2966411263362,47.0,12.0,26.0,28.6,32.5,95.0,93.0,69.0,2.66,2.0,2.0,1007.0,1005.0,1004.0,2395.9,291.0,74.1,550.0,0.7974970860683392,4.521267097603657,1.5713724509838933,23.959,23.2,0.024503943944500055,610.0899999999999,9409,9.0,1016064,260.9,43.48333333333333,-6.0,-9.0,-1.3000000000000007
46,116.7,22.7,47.0,13.8,28.0,100,2.5,1008,97,24.8,0.0,2.0,2023,5,25,23,3,145,21,-0.25881904510252157,0.9659258262890681,0.49999999999999994,-0.8660254037844387,0.43388373911755823,-0.900968867902419,1,3,0,13.0,19.0,23.0,32.0,27.0,47.0,14.333333333333334,4.163331998934173,19.0,11.0,18.5,5.282045058496012,23.0,11.0,25.916666666666668,9.70902423084541,43.0,11.0,25.583333333333332,8.836272412331384,43.0,11.0,24.7,27.3,31.2,97.0,94.0,76.0,3.0,2.33,2.0,1008.0,1006.0,1004.0,2405.6,194.0,49.6,250.0,0.7970436924860518,5.140742698559535,2.070393374741201,24.055999999999997,23.8,0.024603150195287506,615.0400000000001,9409,4.0,1016064,239.20000000000002,39.86666666666667,-2.0,-12.0,0.10000000000000142
56,106.8,17.3,50.0,18.8,23.0,100,0.25,1007,97,25.0,0.0,1.0,2023,5,26,0,4,146,21,0.0,1.0,0.49999999999999994,-0.8660254037844387,-0.433883739117558,-0.9009688679024191,1,3,0,11.0,13.0,19.0,23.0,34.0,41.0,13.0,2.0000000000040847,15.0,11.0,17.166666666666668,4.915960401249005,23.0,11.0,24.333333333333332,9.819584636033957,43.0,11.0,24.5,8.44933750940433,43.0,11.0,24.8,26.0,29.9,97.0,95.0,84.0,2.0,2.66,2.0,1008.0,1007.0,1005.0,2425.0,97.0,25.0,25.0,0.7978299026647518,6.173053580717877,2.8900063580139874,24.25,24.5,0.02482619183099123,625.0,9409,1.0,1014049,230.9,38.483333333333334,4.0,-4.0,0.1999999999999993
56,96.9,12.0,53.0,18.8,18.0,100,0.0,1007,98,25.1,0.0,2.0,2023,5,26,1,4,146,21,0.25881904510252074,0.9659258262890683,0.49999999999999994,-0.8660254037844387,-0.433883739117558,-0.9009688679024191,1,3,0,15.0,11.0,13.0,22.0,25.0,23.0,13.666666666666666,2.3094010767619912,15.0,11.0,16.0,4.335896677733586,23.0,11.0,23.5,10.17572869849851,43.0,11.0,24.166666666666668,8.666109235139096,43.0,11.0,25.0,24.7,28.6,97.0,97.0,93.0,1.0,3.0,2.0,1007.0,1008.0,1005.0,2459.8,196.0,50.2,0.0,0.7978299026647518,8.074327139405051,4.416298641779852,24.598000000000003,24.1,0.024925496598315198,630.0100000000001,9604,4.0,1014049,213.70000000000002,35.61666666666667,0.0,2.0,0.10000000000000142
46,93.8,10.0,55.0,13.8,17.3,100,0.0,1007,97,25.2,0.0,0.33,2023,5,26,2,4,146,21,0.49999999999999994,0.8660254037844387,0.49999999999999994,-0.8660254037844387,-0.433883739117558,-0.9009688679024191,1,3,0,15.0,15.0,11.0,23.0,43.0,23.0,13.666666666666666,2.3094010767619912,15.0,11.0,14.0,3.0331501776173804,19.0,11.0,20.833333333333332,8.684713145765606,39.0,11.0,23.666666666666668,9.072973083819374,43.0,11.0,25.1,24.8,27.3,98.0,97.0,94.0,2.0,2.0,2.33,1007.0,1008.0,1006.0,2444.4,32.01,8.316,0.0,0.7970436924860518,9.37906209379062,5.499450054994501,24.444000000000003,25.035,0.02502480136563916,635.04,9409,0.10890000000000001,1014049,200.90000000000003,33.48333333333334,-4.0,0.0,0.09999999999999787
46,90.7,8.0,57.0,13.8,16.7,100,1.5,1007,97,25.4,0.0,0.66,2023,5,26,3,4,146,21,0.7071067811865476,0.7071067811865476,0.49999999999999994,-0.8660254037844387,-0.433883739117558,-0.9009688679024191,1,3,0,11.0,15.0,15.0,19.0,27.0,12.0,12.333333333333334,2.30940107676209,15.0,11.0,12.666666666666666,1.9663841604952161,15.0,11.0,19.5,8.877960453740108,39.0,11.0,23.625,9.130991183874874,43.0,11.0,25.2,25.0,26.0,97.0,97.0,95.0,0.33,1.0,2.66,1007.0,1007.0,1007.0,2463.7999999999997,64.02,16.764,150.0,0.7970436924860518,11.336082989626298,7.124109486314211,24.637999999999998,25.07,0.02522341090028709,645.16,9409,0.43560000000000004,1014049,197.2,32.86666666666667,0.0,-4.0,0.1999999999999993
54,87.5,6.0,59.0,17.5,16.0,100,1.0,1006,97,25.5,0.0,1.0,2023,5,26,4,4,146,21,0.8660254037844386,0.5000000000000001,0.49999999999999994,-0.8660254037844387,-0.433883739117558,-0.9009688679024191,1,3,0,11.0,11.0,15.0,13.0,39.0,13.0,12.0,1.732050807573693,14.0,11.0,12.833333333333334,2.041241452314386,15.0,11.0,17.416666666666668,6.5011653966918015,32.0,11.0,23.666666666666668,9.082552153617897,43.0,11.0,25.4,25.1,24.7,97.0,98.0,97.0,0.66,2.0,3.0,1007.0,1007.0,1008.0,2473.5,97.0,25.5,100.0,0.7999542883263813,14.580903182802865,9.831694717547075,24.735,25.0,0.02534788732814381,650.25,9409,1.0,1012036,200.0,33.333333333333336,3.0,-1.0,0.10000000000000142
78,91.2,9.0,58.0,31.3,17.7,79,0.0,1007,96,25.8,0.0,0.66,2023,5,26,5,4,146,21,0.9659258262890683,0.25881904510252074,0.49999999999999994,-0.8660254037844387,-0.433883739117558,-0.9009688679024191,1,3,0,14.0,11.0,11.0,11.0,32.0,17.0,16.666666666666668,7.371114795833017,25.0,11.0,15.166666666666666,5.1542862422111835,25.0,11.0,16.833333333333332,5.271420945804851,25.0,11.0,24.0,8.973390615059369,43.0,11.0,25.5,25.2,24.8,97.0,97.0,97.0,1.0,0.33,2.0,1006.0,1007.0,1008.0,2476.8,63.36,17.028000000000002,0.0,0.7986965272674994,10.13220753249639,6.443728474613932,24.768,25.470000000000002,0.02562062996958295,665.64,9216,0.43560000000000004,1014049,232.2,38.699999999999996,11.0,14.0,0.3000000000000007
102,94.9,12.0,57.0,45.0,19.3,58,0.0,1007,95,26.2,0.7,0.33,2023,5,26,6,4,146,21,1.0,6.123233995736766e-17,0.49999999999999994,-0.8660254037844387,-0.433883739117558,-0.9009688679024191,1,0,0,25.0,14.0,11.0,15.0,23.0,30.0,25.0,11.000000000000556,36.0,14.0,18.666666666666668,9.933109617166664,36.0,11.0,17.916666666666668,7.513119837787833,36.0,11.0,24.25,9.227793556048178,43.0,11.0,25.8,25.4,25.0,96.0,97.0,97.0,0.66,0.66,1.0,1007.0,1007.0,1007.0,2489.0,31.35,8.646,0.0,0.7999822226172753,7.9076743604699615,4.74960419965003,24.89,26.035,0.02601784903887881,686.4399999999999,9025,0.10890000000000001,1014049,264.2,44.03333333333333,11.0,25.0,0.3999999999999986
102,98.6,15.0,56.0,45.0,21.0,37,0.0,1008,94,26.5,0.9,1.6,2023,5,26,7,4,146,21,0.9659258262890683,-0.25881904510252063,0.49999999999999994,-0.8660254037844387,-0.433883739117558,-0.9009688679024191,1,0,0,36.0,25.0,14.0,15.0,22.0,30.0,32.333333333333336,6.350852961086649,36.0,25.0,22.166666666666668,11.889771514484638,36.0,11.0,19.083333333333332,9.119991360973641,36.0,11.0,24.5,9.468483189668996,43.0,11.0,26.2,25.5,25.1,95.0,97.0,98.0,0.33,1.0,2.0,1007.0,1006.0,1007.0,2491.0,150.4,42.400000000000006,0.0,0.7999822226172753,6.572895140323978,3.733084461035931,24.91,25.7,0.02628965645867415,702.25,8836,2.5600000000000005,1016064,271.6,45.26666666666667,0.0,22.0,0.3000000000000007
151,94.2,12.7,66.3,70.0,20.3,41,0.5,1008,89,27.9,1.5,0.66,2023,5,26,8,4,146,21,0.8660254037844387,-0.4999999999999998,0.49999999999999994,-0.8660254037844387,-0.433883739117558,-0.9009688679024191,1,0,0,36.0,36.0,25.0,11.0,23.0,27.0,42.666666666666664,11.547005383792785,56.0,36.0,29.666666666666668,16.669333120033727,56.0,11.0,21.833333333333332,14.050773730447514,56.0,11.0,25.708333333333332,11.445444002125837,56.0,11.0,26.5,25.8,25.2,94.0,96.0,97.0,1.6,0.66,0.33,1008.0,1007.0,1007.0,2483.1,58.74,18.414,20.5,0.7999885715918343,7.416738839461461,5.2200614124872065,24.831,27.57,0.027678543969698443,778.41,7921,0.43560000000000004,1016064,319.5,53.25,20.0,31.0,1.3999999999999986
110,89.7,10.3,76.7,48.8,19.7,45,0.5,1008,84,29.3,2.3,1.33,2023,5,26,9,4,146,21,0.7071067811865476,-0.7071067811865475,0.49999999999999994,-0.8660254037844387,-0.433883739117558,-0.9009688679024191,1,0,0,56.0,36.0,36.0,11.0,19.0,32.0,43.666666666666664,10.785793124909231,56.0,36.0,34.333333333333336,14.123266855322644,56.0,14.0,23.5,14.847711791873422,56.0,11.0,26.0,11.699126686098948,56.0,11.0,27.9,26.2,25.4,89.0,95.0,97.0,0.66,0.33,0.66,1008.0,1007.0,1007.0,2461.2000000000003,111.72,38.969,22.5,0.7991639515583698,8.707892437627414,7.445879040869818,24.612000000000002,28.635,0.029067431480722737,858.49,7056,1.7689000000000001,1016064,284.2,47.36666666666667,-17.0,3.0,1.4000000000000021
87,85.2,8.0,87.0,36.3,19.0,50,1.0,1009,79,30.7,3.1,2.0,2023,5,26,10,4,146,21,0.49999999999999994,-0.8660254037844387,0.49999999999999994,-0.8660254037844387,-0.433883739117558,-0.9009688679024191,1,0,0,39.0,56.0,36.0,14.0,13.0,28.0,41.333333333333336,13.650396819629094,56.0,29.0,36.833333333333336,10.72225100744504,56.0,25.0,24.833333333333332,14.534181237428406,56.0,11.0,26.041666666666668,11.708336556810172,56.0,11.0,29.3,26.5,25.5,84.0,94.0,97.0,1.33,1.6,1.0,1008.0,1008.0,1006.0,2425.2999999999997,158.0,61.4,50.0,0.798876064020275,10.648668916385454,10.873640794900638,24.252999999999997,29.7,0.030426134364584377,942.49,6241,4.0,1018081,264.5,44.083333333333336,-10.0,-7.0,1.3999999999999986
78,85.8,7.7,91.0,31.3,21.0,50,2.5,1008,76,31.2,4.0,2.33,2023,5,26,11,4,146,21,0.258819045102521,-0.9659258262890682,0.49999999999999994,-0.8660254037844387,-0.433883739117558,-0.9009688679024191,1,0,0,29.0,39.0,56.0,25.0,11.0,27.0,31.0,7.211102550928692,39.0,25.0,36.833333333333336,10.72225100744504,56.0,25.0,26.0,13.86952185057683,56.0,11.0,25.958333333333332,11.708336556810172,56.0,11.0,30.7,27.9,25.8,79.0,89.0,96.0,2.0,0.66,0.66,1009.0,1008.0,1007.0,2371.2,177.08,72.696,125.0,0.7986965272674994,11.141410206466691,11.816647188676795,23.712,30.035,0.03095235024568428,973.4399999999999,5776,5.4289000000000005,1016064,261.8,43.63333333333333,-4.0,-31.0,0.5
72,86.4,7.3,95.0,27.5,23.0,50,0.5,1007,74,31.7,4.1,2.66,2023,5,26,12,4,146,21,1.2246467991473532e-16,-1.0,0.49999999999999994,-0.8660254037844387,-0.433883739117558,-0.9009688679024191,1,1,0,25.0,29.0,39.0,36.0,15.0,34.0,25.333333333333332,3.511884584285986,29.0,22.0,34.5,12.340988615179441,56.0,22.0,26.583333333333332,13.507293203931033,56.0,11.0,25.458333333333332,11.605767556681085,56.0,11.0,31.2,29.3,26.2,76.0,84.0,95.0,2.33,1.33,0.33,1008.0,1008.0,1007.0,2345.7999999999997,196.84,84.322,25.0,0.7999709101487218,11.833995343103686,13.01191617586632,23.458,30.369999999999997,0.03147961124169688,1004.89,5476,7.0756000000000006,1014049,261.2,43.53333333333333,-3.0,-17.0,0.5
78,87.0,7.0,99.0,31.3,25.0,50,0.0,1007,72,32.2,3.5,3.0,2023,5,26,13,4,146,21,-0.2588190451025208,-0.9659258262890683,0.49999999999999994,-0.8660254037844387,-0.433883739117558,-0.9009688679024191,1,1,0,22.0,25.0,29.0,36.0,15.0,25.0,24.0,1.7320508075725345,25.0,22.0,32.666666666666664,12.878923350445662,56.0,22.0,27.416666666666668,13.02765124532004,56.0,11.0,25.458333333333332,11.605767556681085,56.0,11.0,31.7,30.7,26.5,74.0,79.0,94.0,2.66,2.0,1.6,1007.0,1009.0,1008.0,2318.4,216.0,96.60000000000001,0.0,0.7986965272674994,12.42679617197543,14.140837023282387,23.184,30.700000000000003,0.03197613507831671,1036.8400000000001,5184,9.0,1014049,274.3,45.71666666666667,3.0,-4.0,0.5000000000000036
78,90.5,8.7,94.3,31.3,30.0,45,0.5,1006,70,32.3,2.8,3.0,2023,5,26,14,4,146,21,-0.4999999999999997,-0.8660254037844388,0.49999999999999994,-0.8660254037844387,-0.433883739117558,-0.9009688679024191,1,1,0,25.0,22.0,25.0,56.0,11.0,43.0,24.0,1.7320508075725345,25.0,22.0,27.5,6.058052492343213,39.0,22.0,28.583333333333332,12.011042898730459,56.0,11.0,24.708333333333332,10.988053460034703,56.0,11.0,32.2,31.2,27.9,72.0,76.0,89.0,3.0,2.33,0.66,1007.0,1008.0,1008.0,2261.0,210.0,96.89999999999999,22.5,0.7986965272674994,10.401103321457306,10.837834731640042,22.61,30.799999999999997,0.03210732394898216,1043.2899999999997,4900,9.0,1012036,279.8,46.63333333333333,0.0,0.0,0.09999999999999432
67,94.0,10.3,89.7,25.0,35.0,41,0.0,1005,67,32.4,1.9,3.0,2023,5,26,15,4,146,21,-0.7071067811865471,-0.7071067811865479,0.49999999999999994,-0.8660254037844387,-0.433883739117558,-0.9009688679024191,1,1,0,25.0,25.0,22.0,39.0,11.0,27.0,23.333333333333332,2.886751345950362,25.0,20.0,24.333333333333332,3.0767948691213096,29.0,20.0,29.333333333333332,11.056329600840243,56.0,14.0,24.416666666666668,11.017443350025237,56.0,11.0,32.3,31.7,29.3,70.0,74.0,84.0,3.0,2.66,1.33,1006.0,1007.0,1008.0,2170.7999999999997,201.0,97.19999999999999,0.0,0.7999680012799487,9.125327638093388,8.707892437627414,21.708,30.9,0.03223877389176727,1049.76,4489,9.0,1010025,274.0,45.666666666666664,-5.0,-2.0,0.10000000000000142
67,97.5,12.0,85.0,25.0,40.0,37,0.0,1004,65,32.5,1.2,3.0,2023,5,26,16,4,146,21,-0.8660254037844385,-0.5000000000000004,0.49999999999999994,-0.8660254037844387,-0.433883739117558,-0.9009688679024191,1,1,0,20.0,25.0,25.0,29.0,14.0,39.0,21.666666666666668,2.8867513459504606,25.0,20.0,22.833333333333332,2.4832774042886583,25.0,20.0,29.833333333333332,10.417060598611465,56.0,20.0,23.625,10.598656600679686,56.0,11.0,32.4,32.2,30.7,67.0,72.0,79.0,3.0,3.0,2.0,1005.0,1007.0,1009.0,2112.5,195.0,97.5,0.0,0.7999680012799487,8.124322973085576,7.0827431047412714,21.125,31.0,0.032370485686767245,1056.25,4225,9.0,1008016,279.5,46.583333333333336,0.0,-5.0,0.10000000000000142
95,106.4,18.3,72.7,41.3,39.3,45,0.0,1005,68,31.8,0.8,3.0,2023,5,26,17,4,146,21,-0.9659258262890683,-0.25881904510252063,0.49999999999999994,-0.8660254037844387,-0.433883739117558,-0.9009688679024191,1,1,0,20.0,20.0,25.0,25.0,25.0,32.0,24.333333333333332,7.505553499465972,33.0,20.0,24.166666666666668,4.875106836434576,33.0,20.0,30.5,10.33528818263786,56.0,20.0,23.666666666666668,10.634916514734048,56.0,11.0,32.5,32.3,31.2,65.0,70.0,76.0,3.0,3.0,2.33,1004.0,1006.0,1008.0,2162.4,204.0,95.4,0.0,0.7990121304568898,5.813889951368777,3.9724605212829895,21.624000000000002,30.3,0.03164175956043825,1011.24,4624,9.0,1010025,311.0,51.833333333333336,13.0,8.0,-0.6999999999999993
78,115.4,24.7,60.3,31.3,38.7,54,0.0,1006,71,31.2,0.6,3.0,2023,5,26,18,4,146,21,-1.0,-1.8369701987210297e-16,0.49999999999999994,-0.8660254037844387,-0.433883739117558,-0.9009688679024191,1,2,0,33.0,20.0,20.0,22.0,36.0,23.0,26.0,6.557438524302916,33.0,20.0,24.666666666666668,4.760952285693624,33.0,20.0,29.583333333333332,10.290846182482131,56.0,20.0,23.75,10.637301063382766,56.0,11.0,31.8,32.4,31.7,68.0,67.0,74.0,3.0,3.0,2.66,1005.0,1005.0,1007.0,2215.2,213.0,93.6,0.0,0.7986965272674994,4.6718756325654835,2.4411967126836966,22.151999999999997,29.7,0.031013885672081836,973.4399999999999,5041,9.0,1012036,295.4,49.23333333333333,-8.0,5.0,-0.6000000000000014
104,124.3,31.0,48.0,46.3,38.0,62,0.0,1007,74,30.5,0.0,3.0,2023,5,26,19,4,146,21,-0.9659258262890684,0.2588190451025203,0.49999999999999994,-0.8660254037844387,-0.433883739117558,-0.9009688679024191,1,2,0,25.0,33.0,20.0,25.0,36.0,22.0,31.666666666666668,6.11010092660861,37.0,25.0,26.666666666666668,6.947421584059235,37.0,20.0,29.666666666666668,10.351401603237461,56.0,20.0,24.375,10.965608292173862,56.0,11.0,31.2,32.5,32.2,71.0,65.0,72.0,3.0,3.0,3.0,1006.0,1004.0,1007.0,2257.0,222.0,91.5,0.0,0.799118809528952,4.009548079094222,1.5483371504145027,22.57,29.0,0.0302879540338093,930.25,5476,9.0,1014049,324.6,54.1,12.0,17.0,-0.6999999999999993
112,117.3,27.0,49.0,50.0,34.0,66,0.25,1007,76,29.2,0.0,2.0,2023,5,26,20,4,146,21,-0.8660254037844386,0.5000000000000001,0.49999999999999994,-0.8660254037844387,-0.433883739117558,-0.9009688679024191,1,2,0,37.0,25.0,33.0,25.0,56.0,23.0,34.0,7.937253933194356,40.0,25.0,29.166666666666668,8.704405015085932,40.0,20.0,28.333333333333332,7.202693099027593,40.0,20.0,25.083333333333332,11.412870944175562,56.0,11.0,30.5,31.8,32.3,74.0,68.0,70.0,3.0,3.0,3.0,1007.0,1005.0,1006.0,2219.2,152.0,58.4,16.5,0.7999840003199936,4.344283545053886,1.8147476019406688,22.191999999999997,28.2,0.028996992058597758,852.64,5776,4.0,1014049,317.3,52.88333333333333,3.0,7.0,-1.3000000000000007
129,110.3,23.0,50.0,57.5,30.0,70,0.0,1007,79,27.8,0.0,1.0,2023,5,26,21,4,146,21,-0.7071067811865477,0.7071067811865474,0.49999999999999994,-0.8660254037844387,-0.433883739117558,-0.9009688679024191,1,2,0,40.0,37.0,25.0,20.0,39.0,19.0,41.0,4.58257569495659,46.0,37.0,33.5,9.648834126462543,46.0,20.0,28.916666666666668,8.338937509531455,46.0,20.0,26.208333333333332,12.097355681832079,56.0,11.0,29.2,31.2,32.4,76.0,71.0,67.0,2.0,3.0,3.0,1007.0,1006.0,1005.0,2196.2000000000003,79.0,27.8,0.0,0.7999860871984835,4.795443676361897,2.1738185296291466,21.962000000000003,27.3,0.027606725316062248,772.84,6241,1.0,1014049,316.8,52.800000000000004,6.0,21.0,-1.3999999999999986
76,103.3,19.0,51.0,30.0,26.0,75,0.0,1007,81,26.5,0.0,3.2,2023,5,26,22,4,146,21,-0.5000000000000004,0.8660254037844384,0.49999999999999994,-0.8660254037844387,-0.433883739117558,-0.9009688679024191,1,3,0,46.0,40.0,37.0,20.0,29.0,13.0,36.666666666666664,11.372481406155021,46.0,24.0,34.166666666666664,8.61200712184187,46.0,24.0,28.5,8.458454619222497,46.0,20.0,26.666666666666668,11.779372784168398,56.0,11.0,27.8,30.5,32.5,79.0,74.0,65.0,1.0,3.0,3.0,1007.0,1007.0,1004.0,2146.5,259.2,84.80000000000001,0.0,0.7999733342221925,5.4365559707383815,2.684069259512657,21.465,24.9,0.026315763340850704,702.25,6561,10.240000000000002,1014049,253.3,42.21666666666667,-22.0,-13.0,-1.3000000000000007
72,95.1,15.3,53.7,27.5,23.3,64,0.0,1006,85,26.9,0.0,0.66,2023,5,26,23,4,146,21,-0.25881904510252157,0.9659258262890681,0.49999999999999994,-0.8660254037844387,-0.433883739117558,-0.9009688679024191,1,3,0,24.0,46.0,40.0,33.0,25.0,11.0,30.666666666666668,13.316656236959176,46.0,22.0,32.333333333333336,9.973297682645113,46.0,22.0,28.25,8.614206025777262,46.0,20.0,27.125,11.34943974867029,56.0,11.0,26.5,29.2,31.8,81.0,76.0,68.0,3.2,2.0,3.0,1007.0,1007.0,1005.0,2286.5,56.1,17.754,0.0,0.7999709101487218,6.215280047055748,3.509574537611921,22.865,26.57,0.026739536044198764,723.6099999999999,7225,0.43560000000000004,1012036,236.9,39.483333333333334,-2.0,-18.0,0.3999999999999986
65,87.0,11.7,56.3,23.8,20.7,54,0.0,1006,89,27.3,0.0,1.33,2023,5,27,0,5,147,21,0.0,1.0,0.49999999999999994,-0.8660254037844387,-0.9749279121818236,-0.2225209339563146,1,3,1,22.0,24.0,46.0,25.0,22.0,15.0,21.666666666666668,2.51661147842626,24.0,19.0,31.333333333333332,11.093541664709875,46.0,19.0,28.0,8.852323783257601,46.0,19.0,27.291666666666668,11.191919315783867,56.0,11.0,26.9,27.8,31.2,85.0,79.0,71.0,0.66,1.0,3.0,1006.0,1007.0,1006.0,2429.7000000000003,118.37,36.309000000000005,0.0,0.7982857863114995,7.43526194342364,4.811554567985643,24.297000000000004,26.635,0.027137149963071608,745.2900000000001,7921,1.7689000000000001,1012036,218.5,36.416666666666664,-3.0,-27.0,0.40000000000000213
63,78.8,8.0,59.0,22.5,18.0,43,0.0,1005,93,27.7,0.0,2.0,2023,5,27,1,5,147,21,0.25881904510252074,0.9659258262890683,0.49999999999999994,-0.8660254037844387,-0.9749279121818236,-0.2225209339563146,1,3,1,19.0,22.0,24.0,37.0,25.0,15.0,19.666666666666668,2.081665999469534,22.0,18.0,28.166666666666668,11.839200423451437,46.0,18.0,27.416666666666668,9.287903504835915,46.0,18.0,27.416666666666668,11.064697746973733,56.0,11.0,27.3,26.5,30.5,89.0,81.0,74.0,1.33,3.2,3.0,1006.0,1007.0,1007.0,2576.1,186.0,55.4,0.0,0.7999644460246211,9.848768903887015,7.374078240219973,25.761,26.7,0.02756216162968992,767.29,8649,4.0,1010025,204.3,34.050000000000004,-1.0,-6.0,0.3999999999999986
59,78.6,7.3,59.3,20.0,18.0,33,0.0,1005,94,27.5,0.0,2.0,2023,5,27,2,5,147,21,0.49999999999999994,0.8660254037844387,0.49999999999999994,-0.8660254037844387,-0.9749279121818236,-0.2225209339563146,1,3,1,18.0,19.0,22.0,40.0,25.0,11.0,17.666666666666668,1.527525231656806,19.0,16.0,24.166666666666668,11.070983093955617,46.0,16.0,26.666666666666668,9.847319278346196,46.0,16.0,27.625,10.785709144007734,56.0,11.0,27.7,26.9,29.2,93.0,85.0,76.0,2.0,0.66,2.0,1005.0,1006.0,1007.0,2585.0,188.0,55.0,0.0,0.7999600019998999,10.765648541295711,8.12217504451445,25.85,26.5,0.027363156852580246,756.25,8836,4.0,1010025,199.2,33.199999999999996,-2.0,-6.0,-0.1999999999999993
65,78.4,6.7,59.7,23.8,18.0,22,0.0,1005,95,27.4,0.0,2.0,2023,5,27,3,5,147,21,0.7071067811865476,0.7071067811865476,0.49999999999999994,-0.8660254037844387,-0.9749279121818236,-0.2225209339563146,1,3,1,16.0,18.0,19.0,46.0,20.0,11.0,17.666666666666668,1.527525231656806,19.0,16.0,19.666666666666668,2.8751811537100154,24.0,16.0,26.583333333333332,9.912878064172041,46.0,16.0,27.958333333333332,10.364987747918203,56.0,14.0,27.5,27.3,27.8,94.0,89.0,79.0,2.0,1.33,1.0,1005.0,1006.0,1007.0,2603.0,190.0,54.8,0.0,0.7982857863114995,11.699746306521414,8.909118042083271,26.03,26.4,0.027263654464025407,750.7599999999999,9025,4.0,1010025,205.60000000000002,34.26666666666667,3.0,0.0,-0.10000000000000142
80,78.2,6.0,60.0,32.5,18.0,12,0.0,1005,96,27.2,0.0,2.0,2023,5,27,4,5,147,21,0.8660254037844386,0.5000000000000001,0.49999999999999994,-0.8660254037844387,-0.9749279121818236,-0.2225209339563146,1,3,1,19.0,16.0,18.0,24.0,20.0,14.0,20.333333333333332,5.131601439448243,26.0,16.0,20.0,3.5213633723293483,26.0,16.0,27.083333333333332,9.699656351300549,46.0,16.0,28.458333333333332,9.943226519756564,56.0,16.0,27.4,27.7,26.5,95.0,93.0,81.0,2.0,2.0,3.2,1005.0,1005.0,1007.0,2611.2,192.0,54.4,0.0,0.7999753853727578,13.031161473087819,9.998333611064822,26.112,26.2,0.027064649686915736,739.8399999999999,9216,4.0,1010025,220.7,36.78333333333333,7.0,8.0,-0.1999999999999993
72,80.3,7.7,62.3,27.5,18.7,20,0.0,1006,93,27.8,0.0,2.0,2023,5,27,5,5,147,21,0.9659258262890683,0.25881904510252074,0.49999999999999994,-0.8660254037844387,-0.9749279121818236,-0.2225209339563146,1,3,1,26.0,19.0,16.0,22.0,33.0,25.0,22.333333333333332,3.511884584286135,26.0,19.0,20.0,3.5213633723293483,26.0,16.0,26.166666666666668,9.609023536932614,46.0,16.0,28.333333333333332,10.007243753213654,56.0,16.0,27.2,27.5,26.9,96.0,94.0,85.0,2.0,2.0,0.66,1005.0,1005.0,1006.0,2585.4,186.0,55.6,0.0,0.7999709101487218,10.427217244513699,8.089858459940267,25.854,26.8,0.027634167361662663,772.84,8649,4.0,1012036,218.5,36.416666666666664,-4.0,6.0,0.6000000000000014
93,82.5,9.3,64.7,40.0,19.3,29,0.0,1006,91,28.4,1.0,2.0,2023,5,27,6,5,147,21,1.0,6.123233995736766e-17,0.49999999999999994,-0.8660254037844387,-0.9749279121818236,-0.2225209339563146,1,0,1,22.0,26.0,19.0,19.0,25.0,36.0,26.666666666666668,5.033222956848337,32.0,22.0,22.166666666666668,5.9469880331685765,32.0,16.0,26.75,9.743296063540813,46.0,16.0,28.166666666666668,9.90681217830608,56.0,16.0,27.8,27.4,27.3,93.0,95.0,89.0,2.0,2.0,1.33,1006.0,1005.0,1006.0,2584.4,182.0,56.8,0.0,0.7999800004999875,8.870013976991721,6.956241264380174,25.844,27.4,0.02823058823997193,806.56,8281,4.0,1012036,247.8,41.300000000000004,10.0,13.0,0.5999999999999979
78,84.6,11.0,67.0,31.3,20.0,37,0.0,1006,88,29.0,1.2,2.0,2023,5,27,7,5,147,21,0.9659258262890683,-0.25881904510252063,0.49999999999999994,-0.8660254037844387,-0.9749279121818236,-0.2225209339563146,1,0,1,32.0,22.0,26.0,18.0,37.0,36.0,26.333333333333332,5.131601439448043,32.0,22.0,23.333333333333332,5.645056834669667,32.0,16.0,25.75,9.196096009621336,46.0,16.0,27.708333333333332,9.782322862168872,56.0,16.0,28.4,27.2,27.7,91.0,96.0,93.0,2.0,2.0,2.0,1006.0,1005.0,1005.0,2552.0,176.0,58.0,0.0,0.7986965272674994,7.690209980910826,6.090355422234342,25.52,28.0,0.028827009118281195,841.0,7744,4.0,1012036,238.9,39.81666666666667,-7.0,-1.0,0.6000000000000014
82,82.7,9.0,75.0,33.8,19.7,50,0.0,1007,84,29.5,2.0,1.66,2023,5,27,8,5,147,21,0.8660254037844387,-0.4999999999999998,0.49999999999999994,-0.8660254037844387,-0.9749279121818236,-0.2225209339563146,1,0,1,25.0,32.0,22.0,16.0,40.0,56.0,28.0,3.6055512754655603,32.0,25.0,25.166666666666668,4.44597195972393,32.0,19.0,24.666666666666668,8.060378215052225,46.0,16.0,26.5,7.70657539688203,46.0,16.0,29.0,27.8,27.5,88.0,93.0,94.0,2.0,2.0,2.0,1006.0,1006.0,1005.0,2478.0,139.44,48.97,0.0,0.7987929351202628,9.187868014665039,8.332407510276637,24.78,28.67,0.029294906360569653,870.25,7056,2.7556,1014049,247.2,41.199999999999996,2.0,5.0,0.5
78,80.7,7.0,83.0,31.3,19.3,62,0.0,1007,80,30.1,3.6,1.33,2023,5,27,9,5,147,21,0.7071067811865476,-0.7071067811865475,0.49999999999999994,-0.8660254037844387,-0.9749279121818236,-0.2225209339563146,1,0,1,27.0,25.0,32.0,19.0,46.0,39.0,25.666666666666668,1.1547005383845015,27.0,25.0,26.166666666666668,3.3115957885363727,32.0,22.0,22.916666666666668,4.501683186891641,32.0,16.0,25.916666666666668,7.234678963861916,46.0,16.0,29.5,28.4,27.4,84.0,91.0,95.0,1.66,2.0,2.0,1007.0,1006.0,1005.0,2408.0,106.4,40.033,0.0,0.7986965272674994,11.52692472503928,11.855449221539779,24.08,29.435000000000002,0.029890734964513443,906.0100000000001,6400,1.7689000000000001,1014049,246.3,41.050000000000004,-2.0,-7.0,0.6000000000000014
78,78.8,5.0,91.0,31.3,19.0,75,0.0,1007,77,30.6,5.8,1.0,2023,5,27,10,5,147,21,0.49999999999999994,-0.8660254037844387,0.49999999999999994,-0.8660254037844387,-0.9749279121818236,-0.2225209339563146,1,0,1,25.0,27.0,25.0,26.0,24.0,29.0,25.666666666666668,1.1547005383845015,27.0,25.0,26.0,3.346640106134077,32.0,22.0,23.0,4.532709404478288,32.0,16.0,25.75,7.206579119713932,46.0,16.0,30.1,29.0,27.2,80.0,88.0,96.0,1.33,2.0,2.0,1007.0,1006.0,1005.0,2356.2000000000003,77.0,30.6,0.0,0.7986965272674994,15.756848630273943,18.19636072785443,23.562,30.1,0.030387258801133268,936.3600000000001,5929,1.0,1014049,250.10000000000002,41.68333333333334,0.0,0.0,0.5
72,78.8,4.7,94.7,27.5,20.3,70,0.0,1006,74,31.1,7.1,1.33,2023,5,27,11,5,147,21,0.258819045102521,-0.9659258262890682,0.49999999999999994,-0.8660254037844387,-0.9749279121818236,-0.2225209339563146,1,0,1,25.0,25.0,27.0,22.0,22.0,25.0,24.0,1.7320508075725416,25.0,22.0,26.0,3.346640106134077,32.0,22.0,23.0,4.532709404478288,32.0,16.0,25.625,7.246063399019486,46.0,16.0,30.6,29.5,27.8,77.0,84.0,93.0,1.0,1.66,2.0,1007.0,1007.0,1006.0,2301.4,98.42,41.36300000000001,0.0,0.7999709101487218,16.762390980642415,20.144650074452244,23.014,30.435000000000002,0.03091448219236363,967.21,5476,1.7689000000000001,1012036,248.0,41.333333333333336,-3.0,-5.0,0.5
74,78.8,4.3,98.3,28.8,21.7,66,0.0,1006,71,31.7,7.5,1.66,2023,5,27,12,5,147,21,1.2246467991473532e-16,-1.0,0.49999999999999994,-0.8660254037844387,-0.9749279121818236,-0.2225209339563146,1,1,1,22.0,25.0,25.0,32.0,19.0,22.0,23.333333333333332,1.527525231656176,25.0,22.0,24.5,1.7606816861615004,27.0,22.0,23.333333333333332,4.355421560502309,32.0,16.0,25.666666666666668,7.227162932850771,46.0,16.0,31.1,30.1,28.4,74.0,80.0,91.0,1.33,1.33,2.0,1006.0,1007.0,1006.0,2250.7,117.86,52.62199999999999,0.0,0.7985833825214401,18.321320623110903,22.855149965124387,22.506999999999998,30.87,0.03151090307067289,1004.89,5041,2.7556,1012036,254.89999999999998,42.48333333333333,1.0,-2.0,0.5999999999999979
69,78.8,4.0,102.0,26.3,23.0,62,2.5,1005,69,32.2,5.5,2.0,2023,5,27,13,5,147,21,-0.2588190451025208,-0.9659258262890683,0.49999999999999994,-0.8660254037844387,-0.9749279121818236,-0.2225209339563146,1,1,1,23.0,22.0,25.0,25.0,18.0,25.0,22.0,1.000000000006687,23.0,21.0,23.833333333333332,2.2286019533893673,27.0,21.0,23.583333333333332,4.100073909162795,32.0,16.0,25.5,7.289062682033253,46.0,16.0,31.7,30.6,29.0,71.0,77.0,88.0,1.66,1.0,2.0,1006.0,1007.0,1006.0,2221.8,138.0,64.4,155.0,0.79844872818524,19.695076230942263,25.49362659335166,22.218000000000004,31.200000000000003,0.0320397691146576,1036.8400000000001,4761,4.0,1010025,255.10000000000002,42.51666666666667,-2.0,-4.0,0.5000000000000036
54,83.5,6.7,96.7,17.5,30.0,70,1.5,1005,69,32.2,3.6,1.66,2023,5,27,14,5,147,21,-0.4999999999999997,-0.8660254037844388,0.49999999999999994,-0.8660254037844387,-0.9749279121818236,-0.2225209339563146,1,1,1,21.0,23.0,22.0,27.0,16.0,25.0,19.333333333333332,4.725815626254119,23.0,14.0,21.666666666666668,4.082482904636592,25.0,14.0,23.416666666666668,4.461111425587413,32.0,14.0,25.041666666666668,7.658352454597632,46.0,14.0,32.2,31.1,29.5,69.0,74.0,84.0,2.0,1.33,1.66,1005.0,1006.0,1007.0,2221.8,114.53999999999999,53.452000000000005,105.0,0.7999542883263813,12.460826742277272,14.43068198776302,22.218000000000004,31.370000000000005,0.0320397691146576,1036.8400000000001,4761,2.7556,1010025,248.4,41.4,-7.0,-8.0,0.0
65,88.1,9.3,91.3,23.8,37.0,79,0.0,1004,70,32.2,2.8,1.33,2023,5,27,15,5,147,21,-0.7071067811865471,-0.7071067811865479,0.49999999999999994,-0.8660254037844387,-0.9749279121818236,-0.2225209339563146,1,1,1,14.0,21.0,23.0,25.0,19.0,20.0,18.0,3.6055512754660315,21.0,14.0,20.666666666666668,3.829708431023127,25.0,14.0,23.416666666666668,4.461111425587413,32.0,14.0,25.0,7.689631641542375,46.0,14.0,32.2,31.7,30.1,69.0,71.0,80.0,1.66,1.66,1.33,1005.0,1006.0,1007.0,2254.0,93.10000000000001,42.82600000000001,0.0,0.7982857863114995,9.472099774217826,9.816148801204172,22.54,31.535000000000004,0.03207168120350478,1036.8400000000001,4900,1.7689000000000001,1008016,268.5,44.75,5.0,-4.0,0.0
65,92.8,12.0,86.0,23.8,44.0,87,0.0,1003,71,32.2,1.6,1.0,2023,5,27,16,5,147,21,-0.8660254037844385,-0.5000000000000004,0.49999999999999994,-0.8660254037844387,-0.9749279121818236,-0.2225209339563146,1,1,1,19.0,14.0,21.0,25.0,26.0,20.0,17.333333333333332,2.886751345950719,19.0,14.0,19.666666666666668,3.204163957516721,23.0,14.0,22.833333333333332,4.549392233800143,32.0,14.0,24.958333333333332,7.720549466065999,46.0,14.0,32.2,32.2,30.6,70.0,69.0,77.0,1.33,2.0,1.0,1004.0,1005.0,1007.0,2286.2000000000003,71.0,32.2,0.0,0.7982857863114995,7.732688942588117,7.166069494208816,22.862000000000002,31.700000000000003,0.03210365692556638,1036.8400000000001,5041,1.0,1006009,277.6,46.26666666666667,0.0,-2.0,0.0
65,93.2,16.3,72.7,23.8,41.0,83,0.0,1004,73,31.6,1.4,1.66,2023,5,27,17,5,147,21,-0.9659258262890683,-0.25881904510252063,0.49999999999999994,-0.8660254037844387,-0.9749279121818236,-0.2225209339563146,1,1,1,19.0,19.0,14.0,22.0,22.0,33.0,19.0,0.0,19.0,19.0,19.166666666666668,2.9944392908604796,23.0,14.0,22.583333333333332,4.679905463949725,32.0,14.0,24.375,7.614702597749615,46.0,14.0,32.2,32.2,31.1,71.0,69.0,74.0,1.0,1.66,1.33,1003.0,1005.0,1006.0,2306.8,121.17999999999999,52.456,0.0,0.7982857863114995,5.717440647813017,4.459849089012944,23.068,30.770000000000003,0.031474072236979844,998.5600000000001,5329,2.7556,1008016,266.0,44.333333333333336,0.0,5.0,-0.6000000000000014
65,93.6,20.7,59.3,23.8,38.0,79,0.0,1004,76,31.1,1.4,2.33,2023,5,27,18,5,147,21,-1.0,-1.8369701987210297e-16,0.49999999999999994,-0.8660254037844387,-0.9749279121818236,-0.2225209339563146,1,2,1,19.0,19.0,19.0,23.0,32.0,25.0,19.0,0.0,19.0,19.0,18.5,2.345207879907893,21.0,14.0,21.5,3.705033431328787,27.0,14.0,24.125,7.6913983576234655,46.0,14.0,31.6,32.2,31.7,73.0,70.0,71.0,1.66,1.33,1.66,1004.0,1004.0,1006.0,2363.6,177.08,72.46300000000001,0.0,0.7982857863114995,4.5215206994831165,2.864595913240906,23.636,29.935000000000002,0.030976064764875733,967.21,5776,5.4289000000000005,1008016,254.4,42.4,0.0,0.0,-0.5
98,94.0,25.0,46.0,42.5,35.0,75,0.0,1004,79,30.5,0.0,3.0,2023,5,27,19,5,147,21,-0.9659258262890684,0.2588190451025203,0.49999999999999994,-0.8660254037844387,-0.9749279121818236,-0.2225209339563146,1,2,1,19.0,19.0,19.0,21.0,25.0,37.0,24.0,8.66025403784512,34.0,19.0,20.666666666666668,6.831300510638486,34.0,14.0,22.25,5.119037551584942,34.0,14.0,24.0,7.494925819744916,46.0,14.0,31.1,32.2,32.2,76.0,71.0,69.0,2.33,1.0,2.0,1004.0,1003.0,1005.0,2409.5,237.0,91.5,0.0,0.7999811769134845,3.7598496060157593,1.8399264029438822,24.095,29.0,0.0303784557983508,930.25,6241,9.0,1008016,276.5,46.083333333333336,15.0,15.0,-0.6000000000000014
87,94.2,24.3,42.3,36.3,32.3,58,0.0,1005,82,29.9,0.0,2.66,2023,5,27,20,5,147,21,-0.8660254037844386,0.5000000000000001,0.49999999999999994,-0.8660254037844387,-0.9749279121818236,-0.2225209339563146,1,2,1,34.0,19.0,19.0,14.0,27.0,40.0,27.333333333333332,7.63762615826049,34.0,19.0,23.166666666666668,6.6458006791244255,34.0,19.0,22.416666666666668,5.316498049951945,34.0,14.0,23.541666666666668,6.775782750653875,46.0,14.0,30.5,31.6,32.2,79.0,73.0,69.0,3.0,1.66,1.66,1004.0,1004.0,1005.0,2451.7999999999997,218.12,79.534,0.0,0.798876064020275,3.8763836879140774,1.7406691082671493,24.517999999999997,28.57,0.029751214177896338,894.0099999999999,6724,7.0756000000000006,1010025,258.40000000000003,43.06666666666667,-5.0,10.0,-0.6000000000000014
69,94.3,23.7,38.7,26.3,29.7,41,0.0,1006,85,29.3,0.0,2.33,2023,5,27,21,5,147,21,-0.7071067811865477,0.7071067811865474,0.49999999999999994,-0.8660254037844387,-0.9749279121818236,-0.2225209339563146,1,2,1,29.0,34.0,19.0,19.0,25.0,46.0,28.0,6.557438524302865,34.0,21.0,23.5,6.442049363361332,34.0,19.0,22.083333333333332,5.264949854432448,34.0,14.0,22.5,4.809411064008674,34.0,14.0,29.9,31.1,32.2,82.0,76.0,70.0,2.66,2.33,1.33,1005.0,1004.0,1004.0,2490.5,198.05,68.269,0.0,0.79844872818524,3.9787350744694314,1.6328424960972112,24.905,28.135,0.029125219557435827,858.49,7225,5.4289000000000005,1012036,233.7,38.949999999999996,-8.0,2.0,-0.5999999999999979
76,94.5,23.0,35.0,30.0,27.0,25,0.0,1007,88,28.7,0.0,2.0,2023,5,27,22,5,147,21,-0.5000000000000004,0.8660254037844384,0.49999999999999994,-0.8660254037844387,-0.9749279121818236,-0.2225209339563146,1,3,1,21.0,29.0,34.0,19.0,25.0,24.0,24.666666666666668,4.041451884328923,29.0,21.0,24.333333333333332,6.055300708193703,34.0,19.0,22.0,5.2223296786701,34.0,14.0,22.5,4.809411064008674,34.0,14.0,29.3,30.5,32.2,85.0,79.0,71.0,2.33,3.0,1.0,1006.0,1004.0,1003.0,2525.6,176.0,57.4,0.0,0.7999733342221925,4.108517020999087,1.5216729707404024,25.256,27.7,0.028500468221977934,823.6899999999999,7744,4.0,1014049,233.5,38.916666666666664,3.0,-10.0,-0.6000000000000014
63,85.4,19.0,37.0,22.5,25.7,25,0.0,1006,91,28.4,0.0,2.0,2023,5,27,23,5,147,21,-0.25881904510252157,0.9659258262890681,0.49999999999999994,-0.8660254037844387,-0.9749279121818236,-0.2225209339563146,1,3,1,24.0,21.0,29.0,19.0,22.0,22.0,21.0,3.0000000000022875,24.0,18.0,24.166666666666668,6.242328625332944,34.0,18.0,21.666666666666668,5.348463387371353,34.0,14.0,22.333333333333332,4.896020270868364,34.0,14.0,28.7,29.9,31.6,88.0,82.0,73.0,2.0,2.66,1.66,1007.0,1005.0,1004.0,2584.4,182.0,56.8,0.0,0.7999644460246211,4.49450028945845,1.9472659333719278,25.844,27.4,0.02823058823997193,806.56,8281,4.0,1012036,207.6,34.6,-6.0,-11.0,-0.3000000000000007
63,76.3,15.0,39.0,22.5,24.3,25,0.0,1006,94,28.0,0.0,2.0,2023,5,28,0,6,148,21,0.0,1.0,0.49999999999999994,-0.8660254037844387,-0.7818314824680299,0.6234898018587334,1,3,1,18.0,24.0,21.0,19.0,23.0,19.0,20.0,3.4641016151397848,24.0,18.0,24.0,6.418722614351267,34.0,18.0,21.25,5.4292976274343205,34.0,14.0,22.291666666666668,4.92976026109631,34.0,14.0,28.4,29.3,31.1,91.0,85.0,76.0,2.0,2.33,2.33,1006.0,1006.0,1004.0,2632.0,188.0,56.0,0.0,0.7999644460246211,5.086327578161456,2.599826678221452,26.32,27.0,0.027832974321099085,784.0,8836,4.0,1012036,195.10000000000002,32.51666666666667,0.0,-3.0,-0.3999999999999986
56,67.1,11.0,41.0,18.8,23.0,25,0.0,1006,97,27.7,0.0,2.0,2023,5,28,1,6,148,21,0.25881904510252074,0.9659258262890683,0.49999999999999994,-0.8660254037844387,-0.7818314824680299,0.6234898018587334,1,3,1,18.0,18.0,24.0,34.0,21.0,18.0,17.0,1.7320508075732335,18.0,15.0,20.833333333333332,5.036533199200593,29.0,15.0,20.75,5.722761571129028,34.0,14.0,22.166666666666668,5.079084705857506,34.0,14.0,28.0,28.7,30.5,94.0,88.0,79.0,2.0,2.0,3.0,1006.0,1007.0,1004.0,2686.9,194.0,55.4,0.0,0.7978299026647518,6.099445504954095,3.7269339150986274,26.869,26.7,0.027534763881944452,767.29,9409,4.0,1012036,175.9,29.316666666666666,-3.0,-9.0,-0.3000000000000007
56,64.4,9.7,40.0,18.8,21.7,20,0.0,1006,96,27.6,0.0,1.66,2023,5,28,2,6,148,21,0.49999999999999994,0.8660254037844387,0.49999999999999994,-0.8660254037844387,-0.7818314824680299,0.6234898018587334,1,3,1,15.0,18.0,18.0,29.0,14.0,16.0,16.0,1.7320508075733319,18.0,15.0,18.5,3.507135583347496,24.0,15.0,20.833333333333332,5.621926769894089,34.0,15.0,22.125,5.135659646043559,34.0,14.0,27.7,28.4,29.9,97.0,91.0,82.0,2.0,2.0,2.66,1006.0,1006.0,1005.0,2649.6000000000004,159.35999999999999,45.816,0.0,0.7978299026647518,6.638490877229153,4.123286259148542,26.496000000000002,26.770000000000003,0.02743536040222624,761.7600000000001,9216,2.7556,1012036,169.6,28.266666666666666,0.0,-3.0,-0.09999999999999787
52,61.7,8.3,39.0,16.3,20.3,16,0.0,1006,95,27.6,0.0,1.33,2023,5,28,3,6,148,21,0.7071067811865476,0.7071067811865476,0.49999999999999994,-0.8660254037844387,-0.7818314824680299,0.6234898018587334,1,3,1,15.0,15.0,18.0,21.0,19.0,19.0,14.333333333333334,1.15470053838618,15.0,13.0,17.166666666666668,3.868677637985404,24.0,13.0,20.333333333333332,6.05029425780695,34.0,13.0,21.875,5.43189053485146,34.0,13.0,27.6,28.0,29.3,96.0,94.0,85.0,1.66,2.0,2.33,1006.0,1006.0,1006.0,2622.0,126.35000000000001,36.708000000000006,0.0,0.7974970860683392,7.4328394169377185,4.6982291290206,26.22,26.935000000000002,0.02743536040222624,761.7600000000001,9025,1.7689000000000001,1012036,158.60000000000002,26.433333333333337,-2.0,-5.0,0.0
69,58.9,7.0,38.0,26.3,19.0,12,0.0,1006,95,27.5,0.0,1.0,2023,5,28,4,6,148,21,0.8660254037844386,0.5000000000000001,0.49999999999999994,-0.8660254037844387,-0.7818314824680299,0.6234898018587334,1,3,1,13.0,15.0,15.0,24.0,19.0,26.0,16.333333333333332,4.1633319989341055,21.0,13.0,16.666666666666668,2.8751811537098195,21.0,13.0,20.5,6.037759969933933,34.0,13.0,21.666666666666668,5.362240500798704,34.0,13.0,27.6,27.7,28.7,95.0,97.0,88.0,1.33,2.0,2.0,1006.0,1006.0,1007.0,2612.5,95.0,27.5,0.0,0.79844872818524,8.413083845164977,5.427796029138694,26.125,27.0,0.02733595692250803,756.25,9025,1.0,1012036,170.20000000000002,28.36666666666667,8.0,6.0,-0.10000000000000142
104,68.9,11.3,34.7,46.3,19.7,33,0.0,1006,94,27.6,0.0,0.66,2023,5,28,5,6,148,21,0.9659258262890683,0.25881904510252074,0.49999999999999994,-0.8660254037844387,-0.7818314824680299,0.6234898018587334,1,3,1,21.0,13.0,15.0,18.0,19.0,22.0,23.666666666666668,12.220201853216096,37.0,13.0,19.833333333333332,8.863783992553595,37.0,13.0,22.0,7.651500149999725,37.0,13.0,22.291666666666668,6.209944105795296,37.0,13.0,27.5,27.6,28.4,95.0,96.0,91.0,1.0,1.66,2.0,1006.0,1006.0,1006.0,2594.4,62.040000000000006,18.216,0.0,0.799118809528952,6.09680559242545,3.0705247323245732,25.944000000000003,27.270000000000003,0.02743536040222624,761.7600000000001,8836,0.43560000000000004,1012036,217.89999999999998,36.31666666666666,16.0,22.0,0.10000000000000142
65,78.8,15.7,31.3,23.8,20.3,54,0.0,1007,93,27.6,1.9,0.33,2023,5,28,6,6,148,21,1.0,6.123233995736766e-17,0.49999999999999994,-0.8660254037844387,-0.7818314824680299,0.6234898018587334,1,0,1,37.0,21.0,13.0,18.0,19.0,32.0,25.666666666666668,9.865765724633109,37.0,19.0,20.0,8.83176086632687,37.0,13.0,22.0,7.651500149999725,37.0,13.0,21.75,5.884762933424663,37.0,13.0,27.6,27.6,28.0,94.0,95.0,94.0,0.66,1.33,2.0,1006.0,1006.0,1006.0,2566.8,30.69,9.108,0.0,0.7982857863114995,5.018788612190306,1.9935035984969112,25.668000000000003,27.435000000000002,0.02740811578141432,761.7600000000001,8649,0.10890000000000001,1014049,188.9,31.483333333333334,-18.0,6.0,0.0
52,88.7,20.0,28.0,16.3,21.0,75,0.0,1007,92,27.7,2.2,2.4,2023,5,28,7,6,148,21,0.9659258262890683,-0.25881904510252063,0.49999999999999994,-0.8660254037844387,-0.7818314824680299,0.6234898018587334,1,0,1,19.0,37.0,21.0,15.0,34.0,25.0,23.0,12.489995996797317,37.0,13.0,19.666666666666668,9.092121131322948,37.0,13.0,20.25,7.034008297355346,37.0,13.0,21.25,6.102387273418711,37.0,13.0,27.6,27.5,27.7,93.0,95.0,97.0,0.33,1.0,2.0,1007.0,1006.0,1006.0,2548.4,220.79999999999998,66.47999999999999,0.0,0.7974970860683392,4.4347782610869455,1.399930003499825,25.484,26.5,0.02750742054873828,767.29,8464,5.76,1014049,187.0,31.166666666666668,-6.0,-8.0,0.09999999999999787
61,76.6,16.0,34.7,21.3,20.7,66,0.0,1007,84,29.0,3.4,0.66,2023,5,28,8,6,148,21,0.8660254037844387,-0.4999999999999998,0.49999999999999994,-0.8660254037844387,-0.7818314824680299,0.6234898018587334,1,0,1,13.0,19.0,37.0,15.0,29.0,27.0,16.333333333333332,3.055050463306396,19.0,13.0,20.0,8.921883209277217,37.0,13.0,19.25,6.510481060286918,37.0,13.0,20.833333333333332,6.0337216625768555,37.0,13.0,27.7,27.6,27.6,92.0,94.0,96.0,2.4,0.66,1.66,1007.0,1006.0,1006.0,2436.0,55.440000000000005,19.14,0.0,0.7980845969672785,4.787200799950003,2.1686144615961505,24.36,28.67,0.02879838252394983,841.0,7056,0.43560000000000004,1014049,186.29999999999998,31.049999999999997,4.0,-20.0,1.3000000000000007
61,64.6,12.0,41.3,21.3,20.3,58,0.0,1008,77,30.2,4.6,1.33,2023,5,28,9,6,148,21,0.7071067811865476,-0.7071067811865475,0.49999999999999994,-0.8660254037844387,-0.7818314824680299,0.6234898018587334,1,0,1,17.0,13.0,19.0,13.0,21.0,25.0,15.666666666666666,2.309401076761862,17.0,13.0,20.666666666666668,8.430104783847568,37.0,13.0,18.916666666666668,6.5151338970861294,37.0,13.0,20.5,6.0144752924488865,37.0,13.0,29.0,27.6,27.6,84.0,93.0,95.0,0.66,0.33,1.33,1007.0,1007.0,1006.0,2325.4,102.41000000000001,40.166000000000004,0.0,0.7980845969672785,5.382884759603366,3.4413798850095825,23.254,29.535,0.029960287737809784,912.04,5929,1.7689000000000001,1016064,176.5,29.416666666666668,0.0,-2.0,1.1999999999999993
65,52.5,8.0,48.0,23.8,20.0,50,0.0,1008,70,31.5,4.9,2.0,2023,5,28,10,6,148,21,0.49999999999999994,-0.8660254037844387,0.49999999999999994,-0.8660254037844387,-0.7818314824680299,0.6234898018587334,1,0,1,17.0,17.0,13.0,21.0,24.0,25.0,17.666666666666668,1.1547005383856745,19.0,17.0,20.333333333333332,8.453795991544245,37.0,13.0,18.5,6.317364237487172,37.0,13.0,20.25,5.943575267170555,37.0,13.0,30.2,27.7,27.5,77.0,92.0,95.0,1.33,2.4,1.0,1008.0,1007.0,1006.0,2205.0,140.0,63.0,0.0,0.7982857863114995,6.561679790026247,5.999250093738283,22.05,30.5,0.03124996899804663,992.25,4900,4.0,1016064,171.3,28.55,2.0,6.0,1.3000000000000007
59,53.5,7.3,56.7,20.0,23.7,54,0.0,1007,67,31.9,4.3,2.0,2023,5,28,11,6,148,21,0.258819045102521,-0.9659258262890682,0.49999999999999994,-0.8660254037844387,-0.7818314824680299,0.6234898018587334,1,0,1,19.0,17.0,17.0,37.0,18.0,22.0,17.333333333333332,1.5275252316568386,19.0,16.0,16.833333333333332,2.2286019533887598,19.0,13.0,18.333333333333332,6.358006167363585,37.0,13.0,20.0,5.992749242064163,37.0,13.0,31.5,29.0,27.6,70.0,84.0,94.0,2.0,0.66,0.66,1008.0,1007.0,1006.0,2137.2999999999997,134.0,63.8,0.0,0.7999600019998999,7.327763320093138,7.766059443911793,21.372999999999998,30.9,0.03167822077634481,1017.6099999999999,4489,4.0,1014049,177.2,29.53333333333333,-3.0,-1.0,0.3999999999999986
54,54.5,6.7,65.3,17.5,27.3,58,0.0,1007,64,32.3,4.0,2.0,2023,5,28,12,6,148,21,1.2246467991473532e-16,-1.0,0.49999999999999994,-0.8660254037844387,-0.7818314824680299,0.6234898018587334,1,1,1,16.0,19.0,17.0,19.0,18.0,23.0,16.333333333333332,2.51661147842662,19.0,14.0,16.0,2.1908902300163757,19.0,13.0,18.0,6.4807406984071605,37.0,13.0,19.625,6.077846443544292,37.0,13.0,31.9,30.2,27.6,67.0,77.0,93.0,2.0,1.33,0.33,1007.0,1008.0,1007.0,2067.2,128.0,64.6,0.0,0.7999542883263813,8.13311446052828,9.7448142068348,20.671999999999997,31.299999999999997,0.032075439845640666,1043.2899999999997,4096,4.0,1014049,185.3,30.883333333333336,-2.0,-3.0,0.3999999999999986
63,55.4,6.0,74.0,22.5,31.0,62,0.0,1006,61,32.7,3.8,2.0,2023,5,28,13,6,148,21,-0.2588190451025208,-0.9659258262890683,0.49999999999999994,-0.8660254037844387,-0.7818314824680299,0.6234898018587334,1,1,1,14.0,16.0,19.0,13.0,15.0,21.0,16.0,2.0000000000038485,18.0,14.0,16.833333333333332,1.722401424363147,19.0,14.0,18.25,6.411991606640429,37.0,13.0,19.5,6.079187588743257,37.0,13.0,32.3,31.5,27.7,64.0,70.0,92.0,2.0,2.0,2.4,1007.0,1008.0,1007.0,1994.7000000000003,122.0,65.4,0.0,0.7999644460246211,9.231794700883185,12.33127812031328,19.947000000000003,31.700000000000003,0.03250493786785501,1069.2900000000002,3721,4.0,1012036,206.9,34.483333333333334,4.0,-1.0,0.4000000000000057
52,62.3,7.7,82.0,16.3,39.3,62,0.0,1006,62,32.9,3.1,2.33,2023,5,28,14,6,148,21,-0.4999999999999997,-0.8660254037844388,0.49999999999999994,-0.8660254037844387,-0.7818314824680299,0.6234898018587334,1,1,1,18.0,14.0,16.0,17.0,15.0,14.0,15.0,2.6457513110675643,18.0,13.0,16.166666666666668,2.3166067138484987,19.0,13.0,18.083333333333332,6.529072512905552,37.0,13.0,19.458333333333332,6.121801146342629,37.0,13.0,32.7,31.9,29.0,61.0,67.0,84.0,2.0,2.0,0.66,1006.0,1007.0,1007.0,2039.8,144.46,76.657,0.0,0.7974970860683392,8.089858459940267,10.647967796390079,20.398,31.735,0.03270374482729142,1082.4099999999999,3844,5.4289000000000005,1012036,220.60000000000002,36.76666666666667,-5.0,-3.0,0.19999999999999574
52,69.1,9.3,90.0,16.3,47.7,62,0.5,1005,63,33.0,2.1,2.66,2023,5,28,15,6,148,21,-0.7071067811865471,-0.7071067811865479,0.49999999999999994,-0.8660254037844387,-0.7818314824680299,0.6234898018587334,1,1,1,13.0,18.0,14.0,17.0,13.0,19.0,14.666666666666666,2.886751345950874,18.0,13.0,15.5,2.588435821105289,19.0,13.0,18.083333333333332,6.529072512905552,37.0,13.0,19.208333333333332,6.262234402363463,37.0,13.0,32.9,32.3,30.2,62.0,64.0,77.0,2.33,2.0,1.33,1006.0,1007.0,1008.0,2079.0,167.58,87.78,31.0,0.7974970860683392,7.429308676486398,9.676378883990969,20.79,31.67,0.032835788223096296,1089.0,3969,7.0756000000000006,1010025,245.39999999999998,40.9,0.0,-1.0,0.10000000000000142
69,75.9,11.0,98.0,26.3,56.0,62,0.0,1004,64,33.2,1.3,3.0,2023,5,28,16,6,148,21,-0.8660254037844385,-0.5000000000000004,0.49999999999999994,-0.8660254037844387,-0.7818314824680299,0.6234898018587334,1,1,1,13.0,13.0,18.0,19.0,21.0,19.0,15.666666666666666,4.6188021535186845,21.0,13.0,15.833333333333334,3.188521078281875,21.0,13.0,18.083333333333332,6.529072512905552,37.0,13.0,19.291666666666668,6.27264015329695,37.0,13.0,33.0,32.7,31.5,63.0,61.0,70.0,2.66,2.0,2.0,1005.0,1006.0,1008.0,2124.8,192.0,99.60000000000001,0.0,0.79844872818524,6.899372784292338,8.908281065357695,21.248,31.700000000000003,0.033067696147713,1102.2400000000002,4096,9.0,1008016,288.20000000000005,48.03333333333334,8.0,3.0,0.20000000000000284
63,92.0,20.0,84.0,22.5,63.7,62,0.0,1004,69,32.4,0.9,2.66,2023,5,28,17,6,148,21,-0.9659258262890683,-0.25881904510252063,0.49999999999999994,-0.8660254037844387,-0.7818314824680299,0.6234898018587334,1,1,1,21.0,13.0,13.0,16.0,37.0,19.0,17.333333333333332,4.041451884329229,21.0,13.0,16.166666666666668,3.3115957885357843,21.0,13.0,16.5,2.7136021011981817,21.0,13.0,19.25,6.277980844050133,37.0,13.0,33.2,32.9,31.9,64.0,62.0,67.0,3.0,2.33,2.0,1004.0,1006.0,1007.0,2235.6,183.54000000000002,86.184,0.0,0.7999644460246211,4.599770011499425,4.199790010499475,22.355999999999998,31.07,0.03227088419234642,1049.76,4761,7.0756000000000006,1008016,300.2,50.03333333333333,-3.0,5.0,-0.8000000000000043
63,108.2,29.0,70.0,22.5,71.3,62,0.0,1005,73,31.5,1.1,2.33,2023,5,28,18,6,148,21,-1.0,-1.8369701987210297e-16,0.49999999999999994,-0.8660254037844387,-0.7818314824680299,0.6234898018587334,1,2,1,18.0,21.0,13.0,14.0,19.0,19.0,19.0,1.7320508075730263,21.0,18.0,16.833333333333332,3.188521078281937,21.0,13.0,16.416666666666668,2.6443192398829343,21.0,13.0,19.208333333333332,6.283028670582514,37.0,13.0,32.4,33.0,32.3,69.0,63.0,64.0,2.66,2.66,2.0,1004.0,1005.0,1007.0,2299.5,170.09,73.395,0.0,0.7999644460246211,3.7309058308334193,2.4137098720733765,22.995,30.335,0.03134325239477374,992.25,5329,5.4289000000000005,1010025,319.0,53.166666666666664,0.0,5.0,-0.8999999999999986
76,124.3,38.0,56.0,30.0,79.0,62,0.0,1005,78,30.7,0.0,2.0,2023,5,28,19,6,148,21,-0.9659258262890684,0.2588190451025203,0.49999999999999994,-0.8660254037844387,-0.7818314824680299,0.6234898018587334,1,2,1,18.0,18.0,21.0,18.0,13.0,34.0,20.0,3.46410161513978,24.0,18.0,17.833333333333332,4.355073669485811,24.0,13.0,17.333333333333332,3.200378765461226,24.0,13.0,18.791666666666668,5.548044439390219,37.0,13.0,31.5,33.2,32.7,73.0,64.0,61.0,2.33,3.0,2.0,1005.0,1004.0,1006.0,2394.6,156.0,61.4,0.0,0.7999733342221925,3.27096655351175,1.473645430383411,23.945999999999998,29.7,0.03054723328633504,942.49,6084,4.0,1010025,351.3,58.550000000000004,6.0,3.0,-0.8000000000000007
89,124.9,37.0,50.3,37.5,69.7,62,0.0,1006,82,30.1,0.0,2.0,2023,5,28,20,6,148,21,-0.8660254037844386,0.5000000000000001,0.49999999999999994,-0.8660254037844387,-0.7818314824680299,0.6234898018587334,1,2,1,24.0,18.0,18.0,13.0,17.0,29.0,24.0,6.000000000001056,30.0,18.0,20.666666666666668,5.853773711602604,30.0,13.0,18.416666666666668,4.851585182996351,30.0,13.0,18.833333333333332,5.631176158453552,37.0,13.0,30.7,32.4,32.9,78.0,69.0,62.0,2.0,2.66,2.33,1005.0,1004.0,1006.0,2468.2000000000003,164.0,60.2,0.0,0.7999786672355405,3.3755844436636853,1.3594227183049108,24.682000000000002,29.1,0.02992044739518152,906.0100000000001,6724,4.0,1012036,349.4,58.23333333333333,6.0,12.0,-0.5999999999999979
85,125.5,36.0,44.7,35.0,60.3,62,0.0,1007,86,29.6,0.0,2.0,2023,5,28,21,6,148,21,-0.7071067811865477,0.7071067811865474,0.49999999999999994,-0.8660254037844387,-0.7818314824680299,0.6234898018587334,1,2,1,30.0,24.0,18.0,13.0,17.0,21.0,27.333333333333332,3.055050463305781,30.0,24.0,23.166666666666668,5.07608773236345,30.0,18.0,19.333333333333332,5.548682617330875,30.0,13.0,19.125,5.922047971260667,37.0,13.0,30.1,31.5,33.0,82.0,73.0,63.0,2.0,2.33,2.66,1006.0,1005.0,1005.0,2545.6,172.0,59.2,0.0,0.7999771435101855,3.486014277381184,1.2416321768839755,25.456,28.6,0.02939421112789362,876.1600000000001,7396,4.0,1014049,329.5,54.916666666666664,-2.0,10.0,-0.5
69,126.1,35.0,39.0,26.3,51.0,62,0.0,1007,90,29.0,0.0,2.0,2023,5,28,22,6,148,21,-0.5000000000000004,0.8660254037844384,0.49999999999999994,-0.8660254037844387,-0.7818314824680299,0.6234898018587334,1,3,1,28.0,30.0,24.0,21.0,19.0,24.0,26.333333333333332,4.725815626253865,30.0,21.0,23.166666666666668,5.07608773236345,30.0,18.0,19.5,5.567764362829216,30.0,13.0,19.0,5.845845793679283,37.0,13.0,29.6,30.7,33.2,86.0,78.0,64.0,2.0,2.0,3.0,1007.0,1005.0,1004.0,2610.0,180.0,58.0,0.0,0.79844872818524,3.6027542070226564,1.1142538784606155,26.1,28.0,0.02879838252394983,841.0,8100,4.0,1014049,298.4,49.73333333333333,-7.0,-3.0,-0.6000000000000014
65,118.7,30.7,42.0,23.8,46.7,21,0.0,1007,91,28.7,0.0,2.0,2023,5,28,23,6,148,21,-0.25881904510252157,0.9659258262890681,0.49999999999999994,-0.8660254037844387,-0.7818314824680299,0.6234898018587334,1,3,1,21.0,28.0,30.0,18.0,16.0,18.0,22.666666666666668,4.725815626253997,28.0,19.0,23.333333333333332,4.885352256148044,30.0,18.0,19.75,5.462683323321986,30.0,13.0,19.041666666666668,5.841970830841705,37.0,13.0,29.0,30.1,32.4,90.0,82.0,69.0,2.0,2.0,2.66,1007.0,1006.0,1004.0,2611.7,182.0,57.4,0.0,0.7982857863114995,3.866323572522068,1.368033614540243,26.116999999999997,27.7,0.028500468221977934,823.6899999999999,8281,4.0,1014049,280.90000000000003,46.81666666666667,-2.0,-11.0,-0.3000000000000007
63,111.3,26.3,45.0,22.5,42.3,0,0.0,1007,93,28.4,0.0,2.0,2023,5,29,0,0,149,22,0.0,1.0,0.49999999999999994,-0.8660254037844387,0.0,1.0,1,3,0,19.0,21.0,28.0,18.0,14.0,18.0,19.333333333333332,1.5275252316566152,21.0,18.0,23.333333333333332,4.885352256148044,30.0,18.0,20.083333333333332,5.195423393951191,30.0,13.0,19.041666666666668,5.841970830841705,37.0,13.0,28.7,29.6,31.5,91.0,86.0,73.0,2.0,2.0,2.33,1007.0,1007.0,1005.0,2641.2,186.0,56.8,0.0,0.7999644460246211,4.231778259381772,1.710961560396943,26.412,27.4,0.02820255392000604,806.56,8649,4.0,1014049,265.4,44.23333333333333,-1.0,-10.0,-0.3000000000000007
61,103.9,22.0,48.0,21.3,38.0,0,0.0,1007,94,28.1,0.0,2.0,2023,5,29,1,0,149,22,0.25881904510252074,0.9659258262890683,0.49999999999999994,-0.8660254037844387,0.0,1.0,1,3,0,18.0,19.0,21.0,24.0,18.0,15.0,18.0,1.0000000000073581,19.0,17.0,22.166666666666668,5.492419017759872,30.0,17.0,20.0,5.239708527631715,30.0,13.0,19.125,5.795894348963529,37.0,13.0,28.4,29.0,30.7,93.0,90.0,78.0,2.0,2.0,2.0,1007.0,1007.0,1005.0,2641.4,188.0,56.2,0.0,0.7980845969672785,4.722512613063042,2.1817190127721466,26.414,27.1,0.027904639618034147,789.6100000000001,8836,4.0,1014049,250.20000000000002,41.7,-1.0,-4.0,-0.29999999999999716
98,106.6,20.0,51.3,42.5,37.3,0,0.0,1007,94,27.9,0.0,1.66,2023,5,29,2,0,149,22,0.49999999999999994,0.8660254037844387,0.49999999999999994,-0.8660254037844387,0.0,1.0,1,3,0,17.0,18.0,19.0,30.0,13.0,15.0,23.0,9.539392014170138,34.0,17.0,22.833333333333332,6.735478206233808,34.0,17.0,21.75,6.121868401661694,34.0,13.0,19.916666666666668,6.466748841551671,37.0,13.0,28.1,28.7,30.1,94.0,91.0,82.0,2.0,2.0,2.0,1007.0,1007.0,1006.0,2622.6,156.04,46.31399999999999,0.0,0.7999811769134845,5.329733513324333,2.5648717564121792,26.226,27.07,0.02770603008338621,778.41,8836,2.7556,1014049,291.7,48.61666666666667,17.0,15.0,-0.20000000000000284
98,109.3,18.0,54.7,42.5,36.7,0,0.0,1007,94,27.7,0.0,1.33,2023,5,29,3,0,149,22,0.7071067811865476,0.7071067811865476,0.49999999999999994,-0.8660254037844387,0.0,1.0,1,3,0,34.0,17.0,18.0,28.0,13.0,13.0,28.333333333333332,9.814954576224208,34.0,17.0,23.833333333333332,7.985403350279246,34.0,17.0,23.5,6.388910847568083,34.0,17.0,20.791666666666668,6.896622781992749,37.0,13.0,27.9,28.4,29.6,94.0,93.0,86.0,1.66,2.0,2.0,1007.0,1007.0,1007.0,2603.7999999999997,125.02000000000001,36.841,0.0,0.7999811769134845,6.071884895283595,3.0387200711071607,26.037999999999997,27.035,0.02750742054873828,767.29,8836,1.7689000000000001,1014049,295.2,49.199999999999996,0.0,16.0,-0.1999999999999993
74,112.1,16.0,58.0,28.8,36.0,62,0.0,1007,94,27.5,0.0,1.0,2023,5,29,4,0,149,22,0.8660254037844386,0.5000000000000001,0.49999999999999994,-0.8660254037844387,0.0,1.0,1,3,0,34.0,34.0,17.0,21.0,21.0,21.0,30.333333333333332,6.350852961086712,34.0,23.0,24.166666666666668,7.88458411500893,34.0,17.0,23.666666666666668,6.343691688789388,34.0,17.0,20.875,6.911317121057755,37.0,13.0,27.7,28.1,29.0,94.0,94.0,90.0,1.33,2.0,2.0,1007.0,1007.0,1007.0,2585.0,94.0,27.5,0.0,0.7985833825214401,7.0058121367414525,3.624773451659271,25.85,27.0,0.027308811014090353,756.25,8836,1.0,1014049,273.9,45.65,-11.0,6.0,-0.1999999999999993
74,120.2,19.3,58.3,28.8,36.3,62,0.0,1007,92,28.1,0.0,1.0,2023,5,29,5,0,149,22,0.9659258262890683,0.25881904510252074,0.49999999999999994,-0.8660254037844387,0.0,1.0,1,3,0,23.0,34.0,34.0,19.0,18.0,37.0,26.666666666666668,6.350852961086811,34.0,23.0,24.833333333333332,7.521081482516422,34.0,17.0,24.083333333333332,6.09706834669202,34.0,17.0,20.291666666666668,6.025158606367461,34.0,13.0,27.5,27.9,28.7,94.0,94.0,91.0,1.0,1.66,2.0,1007.0,1007.0,1007.0,2585.2000000000003,92.0,28.1,0.0,0.7985833825214401,6.227656598103724,3.020568882441324,25.852000000000004,27.6,0.027904639618034147,789.6100000000001,8464,1.0,1014049,285.90000000000003,47.650000000000006,0.0,-11.0,0.6000000000000014
74,128.4,22.7,58.7,28.8,36.7,62,0.0,1008,90,28.6,2.0,1.0,2023,5,29,6,0,149,22,1.0,6.123233995736766e-17,0.49999999999999994,-0.8660254037844387,0.0,1.0,1,0,0,23.0,23.0,34.0,18.0,18.0,19.0,23.0,0.0,23.0,23.0,25.666666666666668,6.8605150438324785,34.0,17.0,24.5,5.80751863770269,34.0,17.0,20.458333333333332,6.043171976390524,34.0,13.0,28.1,27.7,28.4,92.0,94.0,93.0,1.0,1.33,2.0,1007.0,1007.0,1007.0,2574.0,90.0,28.6,0.0,0.7985833825214401,5.6561384961014936,2.5857891722831594,25.74,28.1,0.028372987725210592,817.96,8100,1.0,1016064,298.3,49.71666666666667,0.0,-11.0,0.5
74,136.6,26.0,59.0,28.8,37.0,62,0.0,1008,89,29.2,2.5,1.0,2023,5,29,7,0,149,22,0.9659258262890683,-0.25881904510252063,0.49999999999999994,-0.8660254037844387,0.0,1.0,1,0,0,23.0,23.0,23.0,17.0,24.0,13.0,23.0,0.0,23.0,23.0,26.666666666666668,5.680375574436269,34.0,23.0,24.416666666666668,5.8225007644058335,34.0,17.0,20.875,5.84816953896873,34.0,13.0,28.6,27.5,28.1,90.0,94.0,94.0,1.0,1.0,2.0,1008.0,1007.0,1007.0,2598.7999999999997,89.0,29.2,0.0,0.7985833825214401,5.253644090611899,2.269143494480981,25.987999999999996,28.7,0.028968225229935286,852.64,7921,1.0,1016064,310.4,51.73333333333333,0.0,0.0,0.5999999999999979
80,122.2,20.3,75.7,32.5,40.7,62,0.0,1008,82,29.9,3.9,0.66,2023,5,29,8,0,149,22,0.8660254037844387,-0.4999999999999998,0.49999999999999994,-0.8660254037844387,0.0,1.0,1,0,0,23.0,23.0,23.0,34.0,30.0,17.0,24.0,1.7320508075725407,26.0,23.0,25.333333333333332,4.412104562071441,34.0,23.0,24.083333333333332,5.583389868550626,34.0,17.0,21.25,5.877370012247795,34.0,13.0,29.2,28.1,27.9,89.0,92.0,94.0,1.0,1.0,1.66,1008.0,1007.0,1007.0,2451.7999999999997,54.120000000000005,19.734,0.0,0.7999753853727578,6.019407910940347,3.728880350721639,24.517999999999997,29.57,0.029662668985447435,894.0099999999999,6724,0.43560000000000004,1016064,317.4,52.9,3.0,3.0,0.6999999999999993
107,107.8,14.7,92.3,47.5,44.3,62,0.0,1008,75,30.5,6.2,0.33,2023,5,29,9,0,149,22,0.7071067811865476,-0.7071067811865475,0.49999999999999994,-0.8660254037844387,0.0,1.0,1,0,0,26.0,23.0,23.0,34.0,28.0,17.0,29.0,7.937253933194464,38.0,23.0,26.0,5.999999999998768,38.0,23.0,24.916666666666668,6.828527504431632,38.0,17.0,22.125,6.7199411229305035,38.0,13.0,29.9,28.6,27.7,82.0,90.0,94.0,0.66,1.0,1.33,1008.0,1008.0,1007.0,2287.5,24.75,10.065000000000001,0.0,0.7999831582493001,7.33283450105435,6.278484456839671,22.875,30.335,0.030257906490172133,930.25,5625,0.10890000000000001,1016064,344.6,57.43333333333334,12.0,15.0,0.6000000000000014
104,93.4,9.0,109.0,46.3,48.0,62,0.0,1009,69,31.2,8.6,0.8,2023,5,29,10,0,149,22,0.49999999999999994,-0.8660254037844387,0.49999999999999994,-0.8660254037844387,0.0,1.0,1,0,0,38.0,26.0,23.0,23.0,21.0,19.0,33.666666666666664,6.658328118480099,38.0,26.0,28.333333333333332,7.201851613762453,38.0,23.0,26.25,7.521182208813541,38.0,17.0,22.875,7.332551012289418,38.0,13.0,30.5,29.2,27.5,75.0,89.0,94.0,0.33,1.0,1.0,1008.0,1008.0,1007.0,2152.7999999999997,55.2,24.96,0.0,0.799118809528952,10.376624819464505,12.109765581602044,21.528,30.8,0.030921674012216044,973.4399999999999,4761,0.6400000000000001,1018081,342.7,57.11666666666667,-1.0,14.0,0.6999999999999993
102,91.0,8.0,119.7,45.0,46.3,50,0.0,1008,62,32.5,10.5,0.66,2023,5,29,11,0,149,22,0.258819045102521,-0.9659258262890682,0.49999999999999994,-0.8660254037844387,0.0,1.0,1,0,0,37.0,38.0,26.0,23.0,19.0,16.0,37.0,1.000000000004139,38.0,36.0,30.5,7.231873892704925,38.0,23.0,27.666666666666668,7.631672440718081,38.0,17.0,23.708333333333332,7.646989556378576,38.0,13.0,31.2,29.9,28.1,69.0,82.0,92.0,0.8,0.66,1.0,1009.0,1008.0,1007.0,2015.0,40.92,21.45,0.0,0.7999822226172753,11.373578302712161,14.960629921259844,20.15,32.17,0.03224203150592113,1056.25,3844,0.43560000000000004,1016064,346.0,57.666666666666664,-1.0,10.0,1.3000000000000007
89,88.7,7.0,130.3,37.5,44.7,37,0.0,1007,55,33.7,11.4,1.33,2023,5,29,12,0,149,22,1.2246467991473532e-16,-1.0,0.49999999999999994,-0.8660254037844387,0.0,1.0,1,1,0,36.0,37.0,38.0,23.0,18.0,14.0,34.333333333333336,3.785938897201397,37.0,30.0,31.666666666666668,6.282250127673542,38.0,23.0,28.666666666666668,7.010814157535974,38.0,17.0,24.375,7.458945606801155,38.0,13.0,32.5,30.5,28.6,62.0,75.0,90.0,0.66,0.33,1.0,1008.0,1008.0,1008.0,1853.5000000000002,73.15,44.821000000000005,0.0,0.7999786672355405,12.669618625910584,18.611626910441366,18.535000000000004,33.035000000000004,0.03346570658817618,1135.6900000000003,3025,1.7689000000000001,1014049,338.2,56.36666666666667,-6.0,-8.0,1.2000000000000028
82,86.4,6.0,141.0,33.8,43.0,25,0.0,1006,49,35.0,10.5,2.0,2023,5,29,13,0,149,22,-0.2588190451025208,-0.9659258262890683,0.49999999999999994,-0.8660254037844387,0.0,1.0,1,1,0,30.0,36.0,37.0,23.0,17.0,18.0,31.0,4.582575694956968,36.0,27.0,32.333333333333336,5.31664054329936,38.0,26.0,29.5,6.0226843909272745,38.0,23.0,24.75,7.349948239983445,38.0,13.0,33.7,31.2,29.2,55.0,69.0,89.0,1.33,0.8,1.0,1007.0,1009.0,1008.0,1715.0,98.0,70.0,0.0,0.7987929351202628,14.397600399933344,23.496083986002333,17.15,34.0,0.03479121790137386,1225.0,2401,4.0,1012036,337.2,56.199999999999996,-3.0,-10.0,1.2999999999999972
89,86.8,7.3,135.0,37.5,44.7,25,0.0,1006,49,35.2,8.7,2.33,2023,5,29,14,0,149,22,-0.4999999999999997,-0.8660254037844388,0.49999999999999994,-0.8660254037844387,0.0,1.0,1,1,0,27.0,30.0,36.0,26.0,34.0,13.0,29.0,1.7320508075720586,30.0,27.0,33.0,4.56070170039525,38.0,27.0,29.166666666666668,5.85946527708161,38.0,23.0,25.458333333333332,6.978097203372227,38.0,13.0,35.0,32.5,29.9,49.0,62.0,82.0,2.0,0.66,0.66,1006.0,1008.0,1008.0,1724.8000000000002,114.17,82.016,0.0,0.7999786672355405,11.888782358581016,18.490617723599506,17.248,34.035000000000004,0.03499002486081028,1239.0400000000002,2401,5.4289000000000005,1012036,341.3,56.88333333333333,3.0,-6.0,0.20000000000000284
82,87.2,8.7,129.0,33.8,46.3,25,0.0,1005,48,35.5,6.0,2.66,2023,5,29,15,0,149,22,-0.7071067811865471,-0.7071067811865479,0.49999999999999994,-0.8660254037844387,0.0,1.0,1,1,0,30.0,27.0,30.0,38.0,34.0,13.0,28.0,1.732050807572157,30.0,27.0,31.166666666666668,4.355073669486432,37.0,27.0,28.583333333333332,5.680242205676023,38.0,23.0,26.041666666666668,6.457076782857041,38.0,17.0,35.2,33.7,30.5,49.0,55.0,75.0,2.33,1.33,0.33,1006.0,1007.0,1008.0,1704.0,127.68,94.43,0.0,0.7987929351202628,10.021836570509139,14.825882082519254,17.04,34.17,0.03532334793696723,1260.25,2304,7.0756000000000006,1010025,332.0,55.333333333333336,-3.0,-3.0,0.29999999999999716
95,87.5,10.0,123.0,41.3,48.0,25,0.0,1004,47,35.7,3.7,3.0,2023,5,29,16,0,149,22,-0.8660254037844385,-0.5000000000000004,0.49999999999999994,-0.8660254037844387,0.0,1.0,1,1,0,27.0,30.0,27.0,37.0,23.0,21.0,30.0,3.00000000000178,33.0,27.0,30.5,3.507135583348192,36.0,27.0,29.416666666666668,5.517877281796094,38.0,23.0,26.541666666666668,6.51405948809912,38.0,17.0,35.5,35.0,31.2,48.0,49.0,69.0,2.66,2.0,0.8,1005.0,1006.0,1009.0,1677.9,141.0,107.10000000000001,0.0,0.7990121304568898,8.749125087491251,12.298770122987701,16.779,34.2,0.03555773350823356,1274.4900000000002,2209,9.0,1008016,342.8,57.13333333333333,6.0,6.0,0.20000000000000284
89,93.8,15.3,105.7,37.5,50.7,25,0.0,1004,54,34.5,2.2,2.33,2023,5,29,17,0,149,22,-0.9659258262890683,-0.25881904510252063,0.49999999999999994,-0.8660254037844387,0.0,1.0,1,1,0,33.0,27.0,30.0,36.0,23.0,18.0,30.0,3.00000000000178,33.0,27.0,29.5,2.258317958124284,33.0,27.0,30.0,5.134553180523906,38.0,23.0,27.041666666666668,6.286487694749225,38.0,17.0,35.7,35.2,32.5,47.0,49.0,62.0,3.0,2.33,0.66,1004.0,1006.0,1008.0,1863.0,125.82000000000001,80.385,0.0,0.7999786672355405,6.13031827985099,6.908045225802235,18.63,33.335,0.03436251557518369,1190.25,2916,5.4289000000000005,1008016,333.0,55.5,-3.0,0.0,-1.2000000000000028
93,100.0,20.7,88.3,40.0,53.3,26,0.0,1004,62,33.2,1.9,1.66,2023,5,29,18,0,149,22,-1.0,-1.8369701987210297e-16,0.49999999999999994,-0.8660254037844387,0.0,1.0,1,2,0,30.0,33.0,27.0,30.0,23.0,18.0,31.666666666666668,1.527525231655256,33.0,30.0,29.833333333333332,2.4832774042892276,33.0,27.0,30.75,4.653932843207213,38.0,23.0,27.625,6.056347729951498,38.0,17.0,34.5,35.5,33.7,54.0,48.0,55.0,2.33,2.66,1.33,1004.0,1005.0,1007.0,2058.4,102.92,55.112,0.0,0.7999800004999875,4.830684507994783,4.265494420559393,20.584,32.370000000000005,0.033067696147713,1102.2400000000002,3844,2.7556,1008016,334.3,55.71666666666667,2.0,5.0,-1.2999999999999972
89,106.2,26.0,71.0,37.5,56.0,27,0.0,1005,71,32.0,0.0,1.0,2023,5,29,19,0,149,22,-0.9659258262890684,0.2588190451025203,0.49999999999999994,-0.8660254037844387,0.0,1.0,1,2,0,32.0,30.0,33.0,27.0,23.0,24.0,30.666666666666668,1.154700538383778,32.0,30.0,30.333333333333332,2.06559111797414,33.0,27.0,31.333333333333332,3.984819679581472,38.0,26.0,27.875,6.023955799826442,38.0,17.0,33.2,35.7,35.0,62.0,47.0,49.0,1.66,3.0,2.0,1004.0,1004.0,1006.0,2272.0,71.0,32.0,0.0,0.7999786672355405,4.084458290065767,2.730664205222876,22.72,31.5,0.03184076433754792,1024.0,5041,1.0,1010025,326.7,54.449999999999996,-2.0,-3.0,-1.2000000000000028
112,110.1,27.7,59.7,50.0,49.3,28,0.0,1005,75,31.2,0.0,1.33,2023,5,29,20,0,149,22,-0.8660254037844386,0.5000000000000001,0.49999999999999994,-0.8660254037844387,0.0,1.0,1,2,0,30.0,32.0,30.0,30.0,26.0,30.0,34.0,5.291502622130062,40.0,30.0,32.0,4.427188724234343,40.0,27.0,32.5,4.316985480211351,40.0,27.0,28.291666666666668,6.504039993103204,40.0,17.0,32.0,34.5,35.2,71.0,54.0,49.0,1.0,2.33,2.33,1005.0,1004.0,1006.0,2340.0,99.75,41.496,0.0,0.7999840003199936,3.974585755026894,2.1551568535431933,23.4,30.535,0.031044745229109223,973.4399999999999,5625,1.7689000000000001,1010025,336.8,56.13333333333333,10.0,10.0,-0.8000000000000007
118,114.0,29.3,48.3,52.5,42.7,29,0.0,1006,79,30.5,0.0,1.66,2023,5,29,21,0,149,22,-0.7071067811865477,0.7071067811865474,0.49999999999999994,-0.8660254037844387,0.0,1.0,1,2,0,40.0,30.0,32.0,27.0,38.0,28.0,37.333333333333336,6.429100507329272,42.0,30.0,34.5,5.205766033927069,42.0,30.0,32.833333333333336,4.895885718609963,42.0,27.0,28.875,7.079133452251385,42.0,17.0,31.2,33.2,35.5,75.0,62.0,48.0,1.33,1.66,2.66,1005.0,1004.0,1005.0,2409.5,131.14,50.629999999999995,0.0,0.7999847621950058,3.890652196170779,1.6484079041670932,24.095,29.67,0.03031806131405436,930.25,6241,2.7556,1012036,328.8,54.800000000000004,2.0,10.0,-0.6999999999999993
115,117.9,31.0,37.0,51.3,36.0,30,0.0,1006,83,29.7,0.0,2.0,2023,5,29,22,0,149,22,-0.5000000000000004,0.8660254037844384,0.49999999999999994,-0.8660254037844387,0.0,1.0,1,3,0,42.0,40.0,30.0,33.0,37.0,21.0,41.0,1.0000000000034497,42.0,40.0,35.833333333333336,5.741660619250847,42.0,30.0,33.166666666666664,5.322906474223023,42.0,27.0,29.708333333333332,7.28595532017171,42.0,17.0,30.5,32.0,35.7,79.0,71.0,47.0,1.66,1.0,3.0,1006.0,1005.0,1004.0,2465.1,166.0,59.4,0.0,0.7992046938656168,3.8031031257056225,1.1935098867778458,24.651,28.7,0.02952283347630867,882.0899999999999,6889,4.0,1012036,314.2,52.36666666666667,-1.0,11.0,-0.8000000000000007
100,115.9,29.7,36.0,43.8,36.0,0,0.0,1006,86,29.3,0.0,2.0,2023,5,29,23,0,149,22,-0.25881904510252157,0.9659258262890681,0.49999999999999994,-0.8660254037844387,0.0,1.0,1,3,0,41.0,42.0,40.0,30.0,36.0,19.0,39.333333333333336,3.7859388972011696,42.0,35.0,36.666666666666664,5.046450898072464,42.0,30.0,33.083333333333336,5.282188481255396,42.0,27.0,30.375,6.989510774694291,42.0,17.0,29.7,31.2,34.5,83.0,75.0,54.0,2.0,1.33,2.33,1006.0,1005.0,1004.0,2519.8,172.0,58.6,0.0,0.7990685144174792,3.9022255142924482,1.2120804013332884,25.198,28.3,0.029125219557435827,858.49,7396,4.0,1012036,296.4,49.4,-6.0,-5.0,-0.3999999999999986
72,114.0,28.3,35.0,27.5,36.0,0,0.0,1006,90,28.9,0.0,2.0,2023,5,30,0,1,150,22,0.0,1.0,0.49999999999999994,-0.8660254037844387,0.7818314824680298,0.6234898018587336,1,3,0,35.0,41.0,42.0,32.0,30.0,18.0,32.666666666666664,9.712534856222812,41.0,22.0,35.0,7.797435475846464,42.0,22.0,32.416666666666664,6.141636343002488,42.0,22.0,30.541666666666668,6.724253096824014,42.0,17.0,29.3,30.5,33.2,86.0,79.0,62.0,2.0,1.66,1.66,1006.0,1006.0,1004.0,2601.0,180.0,57.8,0.0,0.7999709101487218,4.028126214621391,1.2367054167697253,26.01,27.9,0.028727605638562984,835.2099999999999,8100,4.0,1012036,262.8,43.800000000000004,-13.0,-20.0,-0.40000000000000213
74,112.1,27.0,34.0,28.8,36.0,32,0.0,1006,93,28.5,0.0,2.0,2023,5,30,1,1,150,22,0.25881904510252074,0.9659258262890683,0.49999999999999994,-0.8660254037844387,0.7818314824680298,0.6234898018587336,1,3,0,22.0,35.0,41.0,30.0,27.0,17.0,26.666666666666668,7.234178138071046,35.0,22.0,33.833333333333336,9.108603991098478,42.0,22.0,32.083333333333336,6.556860852756923,42.0,22.0,30.791666666666668,6.296853366471467,42.0,22.0,28.9,29.7,32.0,90.0,83.0,71.0,2.0,2.0,1.0,1006.0,1006.0,1005.0,2650.5,186.0,57.0,0.0,0.7985833825214401,4.151698085256101,1.2592126217547497,26.505,27.5,0.02832999171969014,812.25,8649,4.0,1012036,260.9,43.48333333333333,1.0,-18.0,-0.3999999999999986
76,110.9,25.0,34.7,30.0,39.0,33,0.0,1006,94,28.2,0.0,2.0,2023,5,30,2,1,150,22,0.49999999999999994,0.8660254037844387,0.49999999999999994,-0.8660254037844387,0.7818314824680298,0.6234898018587336,1,3,0,23.0,22.0,35.0,40.0,30.0,34.0,23.0,1.0000000000064788,24.0,22.0,31.166666666666668,9.282600210428862,42.0,22.0,31.583333333333332,6.947312539042957,42.0,22.0,30.375,6.405245812070436,42.0,22.0,28.5,29.3,31.2,93.0,86.0,75.0,2.0,2.0,1.33,1006.0,1006.0,1005.0,2650.7999999999997,188.0,56.4,0.0,0.7999733342221925,4.435822567097316,1.3879444822207112,26.507999999999996,27.2,0.028031781280535507,795.24,8836,4.0,1012036,263.6,43.93333333333334,1.0,-11.0,-0.3000000000000007
76,109.7,23.0,35.3,30.0,42.0,34,0.0,1006,94,27.8,0.0,2.0,2023,5,30,3,1,150,22,0.7071067811865476,0.7071067811865476,0.49999999999999994,-0.8660254037844387,0.7818314824680298,0.6234898018587336,1,3,0,24.0,23.0,22.0,42.0,27.0,34.0,23.666666666666668,0.5773502692006581,24.0,23.0,28.166666666666668,7.884584115009024,41.0,22.0,31.333333333333332,7.177405625652174,42.0,22.0,29.958333333333332,6.483954554642478,42.0,22.0,28.2,28.9,30.5,94.0,90.0,79.0,2.0,2.0,1.66,1006.0,1006.0,1006.0,2613.2000000000003,188.0,55.6,0.0,0.7999733342221925,4.769357854006348,1.5347158819181772,26.132,26.8,0.027634167361662663,772.84,8836,4.0,1012036,264.0,44.0,0.0,2.0,-0.3999999999999986
78,108.5,21.0,36.0,31.3,45.0,35,0.0,1006,94,27.5,0.0,2.0,2023,5,30,4,1,150,22,0.8660254037844386,0.5000000000000001,0.49999999999999994,-0.8660254037844387,0.7818314824680298,0.6234898018587336,1,3,0,24.0,24.0,23.0,41.0,33.0,23.0,24.333333333333332,0.5773502692004701,25.0,24.0,25.5,4.764451699827043,35.0,22.0,30.666666666666668,7.377278795344145,42.0,22.0,30.041666666666668,6.402982774129522,42.0,22.0,27.8,28.5,29.7,94.0,93.0,83.0,2.0,2.0,2.0,1006.0,1006.0,1006.0,2585.0,188.0,55.0,0.0,0.7986965272674994,5.166420646635874,1.7142040855197371,25.85,26.5,0.02733595692250803,756.25,8836,4.0,1012036,266.8,44.46666666666667,1.0,2.0,-0.3000000000000007
78,101.0,17.7,42.0,31.3,43.0,35,0.0,1006,94,27.9,0.0,1.66,2023,5,30,5,1,150,22,0.9659258262890683,0.25881904510252074,0.49999999999999994,-0.8660254037844387,0.7818314824680298,0.6234898018587336,1,3,0,25.0,24.0,24.0,35.0,30.0,23.0,24.666666666666668,0.5773502692003759,25.0,24.0,23.833333333333332,1.1690451944431977,25.0,22.0,30.25,7.55735644016003,42.0,22.0,30.125,6.319827322902633,42.0,22.0,27.5,28.2,29.3,94.0,94.0,86.0,2.0,2.0,2.0,1006.0,1006.0,1006.0,2622.6,156.04,46.31399999999999,0.0,0.7986965272674994,5.705892322467657,2.372747302412293,26.226,27.07,0.027733570841380874,778.41,8836,2.7556,1012036,260.0,43.333333333333336,0.0,1.0,0.3999999999999986
102,93.4,14.3,48.0,45.0,41.0,36,0.0,1007,94,28.3,2.1,1.33,2023,5,30,6,1,150,22,1.0,6.123233995736766e-17,0.49999999999999994,-0.8660254037844387,0.7818314824680298,0.6234898018587336,1,0,0,25.0,25.0,24.0,22.0,32.0,23.0,28.666666666666668,6.350852961086758,36.0,25.0,26.166666666666668,4.875106836434639,36.0,23.0,30.583333333333332,7.727852028195733,42.0,22.0,30.666666666666668,6.239193556212735,42.0,22.0,27.9,27.8,28.9,94.0,94.0,90.0,1.66,2.0,2.0,1006.0,1006.0,1006.0,2660.2000000000003,125.02000000000001,37.639,0.0,0.7999822226172753,6.53101181735543,3.356408642752255,26.602000000000004,27.635,0.028103249152682076,800.89,8836,1.7689000000000001,1014049,277.7,46.28333333333333,11.0,12.0,0.40000000000000213
102,85.8,11.0,54.0,45.0,39.0,37,0.0,1007,94,28.7,2.5,1.0,2023,5,30,7,1,150,22,0.9659258262890683,-0.25881904510252063,0.49999999999999994,-0.8660254037844387,0.7818314824680298,0.6234898018587336,1,0,0,36.0,25.0,25.0,23.0,30.0,23.0,32.333333333333336,6.350852961086664,36.0,25.0,28.333333333333332,5.955389715766104,36.0,24.0,31.083333333333332,7.879297769048032,42.0,22.0,31.208333333333332,6.107580227216557,42.0,22.0,28.3,27.5,28.5,94.0,94.0,93.0,1.33,2.0,2.0,1007.0,1006.0,1006.0,2697.7999999999997,94.0,28.7,0.0,0.7999822226172753,7.799290973547859,4.9086446686664855,26.977999999999998,28.2,0.028500468221977934,823.6899999999999,8836,1.0,1014049,270.8,45.13333333333333,0.0,11.0,0.3999999999999986
87,81.9,9.0,65.7,36.3,37.0,38,0.0,1007,83,30.0,4.0,0.66,2023,5,30,8,1,150,22,0.8660254037844387,-0.4999999999999998,0.49999999999999994,-0.8660254037844387,0.7818314824680298,0.6234898018587336,1,0,0,36.0,36.0,25.0,24.0,40.0,26.0,33.666666666666664,4.041451884328555,36.0,29.0,29.166666666666668,5.564770136012182,36.0,24.0,30.166666666666668,7.371114795831446,42.0,22.0,31.333333333333332,6.026511476775994,42.0,22.0,28.7,27.9,28.2,94.0,94.0,94.0,1.0,1.66,2.0,1007.0,1006.0,1006.0,2490.0,54.78,19.8,0.0,0.798876064020275,9.098989001222087,7.299188979002333,24.9,29.67,0.029791430197189477,900.0,6889,0.43560000000000004,1014049,258.90000000000003,43.150000000000006,-7.0,4.0,1.3000000000000007
78,78.0,7.0,77.3,31.3,35.0,40,0.0,1007,74,31.2,6.5,0.33,2023,5,30,9,1,150,22,0.7071067811865476,-0.7071067811865475,0.49999999999999994,-0.8660254037844387,0.7818314824680298,0.6234898018587336,1,0,0,29.0,36.0,36.0,24.0,42.0,38.0,30.0,5.567764362830987,36.0,25.0,29.333333333333332,5.39135109844027,36.0,25.0,28.75,6.468454923001391,41.0,22.0,30.791666666666668,5.985338366568872,42.0,22.0,30.0,28.3,27.8,83.0,94.0,94.0,0.66,1.33,2.0,1007.0,1007.0,1006.0,2308.7999999999997,24.42,10.296,0.0,0.7986965272674994,11.141265533495215,11.041279817168975,23.087999999999997,31.035,0.030983087405077055,973.4399999999999,5476,0.10890000000000001,1014049,253.60000000000002,42.26666666666667,-4.0,-11.0,1.1999999999999993
69,74.1,5.0,89.0,26.3,33.0,41,0.0,1006,65,32.5,8.8,0.4,2023,5,30,10,1,150,22,0.49999999999999994,-0.8660254037844387,0.49999999999999994,-0.8660254037844387,0.7818314824680298,0.6234898018587336,1,0,0,25.0,29.0,36.0,25.0,41.0,37.0,25.0,4.000000000001556,29.0,21.0,28.666666666666668,6.2182527020580975,36.0,21.0,27.083333333333332,5.53432813255409,36.0,21.0,30.125,6.152500375421973,42.0,21.0,31.2,28.7,27.5,74.0,94.0,94.0,0.33,1.0,2.0,1007.0,1007.0,1006.0,2112.5,26.0,13.0,0.0,0.79844872818524,14.817036592681461,17.796440711857628,21.125,32.3,0.03230613090841858,1056.25,4225,0.16000000000000003,1012036,248.4,41.4,-4.0,-15.0,1.3000000000000007
67,80.1,6.0,104.3,25.0,41.7,43,0.0,1005,55,33.7,10.7,0.66,2023,5,30,11,1,150,22,0.258819045102521,-0.9659258262890682,0.49999999999999994,-0.8660254037844387,0.7818314824680298,0.6234898018587336,1,0,0,21.0,25.0,29.0,25.0,35.0,36.0,22.0,2.6457513110671367,25.0,20.0,27.833333333333332,7.0828431202909234,36.0,20.0,25.833333333333332,5.271420945804887,36.0,20.0,29.458333333333332,6.3518512650057986,42.0,20.0,32.5,30.0,27.9,65.0,83.0,94.0,0.4,0.66,1.66,1006.0,1007.0,1006.0,1853.5000000000002,36.300000000000004,22.242000000000004,0.0,0.7999680012799487,13.347775370771537,17.380436593901017,18.535000000000004,33.370000000000005,0.03353230494298016,1135.6900000000003,3025,0.43560000000000004,1010025,277.09999999999997,46.18333333333333,-1.0,-9.0,1.2000000000000028
72,86.2,7.0,119.7,27.5,50.3,44,0.0,1005,46,35.0,11.0,1.33,2023,5,30,12,1,150,22,1.2246467991473532e-16,-1.0,0.49999999999999994,-0.8660254037844387,0.7818314824680298,0.6234898018587336,1,1,0,20.0,21.0,25.0,36.0,22.0,30.0,21.0,1.0000000000069065,22.0,20.0,25.5,6.090976933135177,36.0,20.0,25.833333333333332,5.271420945804887,36.0,20.0,29.125,6.52961480986585,42.0,20.0,33.7,31.2,28.3,55.0,74.0,94.0,0.66,0.33,1.33,1005.0,1007.0,1007.0,1610.0,61.18000000000001,46.550000000000004,0.0,0.7999709101487218,12.312526781888302,17.097557491786887,16.1,34.335,0.03482583599419304,1225.0,2116,1.7689000000000001,1010025,312.7,52.11666666666667,2.0,-3.0,1.2999999999999972
74,92.2,8.0,135.0,28.8,59.0,45,0.0,1004,39,36.2,10.9,2.0,2023,5,30,13,1,150,22,-0.2588190451025208,-0.9659258262890683,0.49999999999999994,-0.8660254037844387,0.7818314824680298,0.6234898018587336,1,1,0,22.0,20.0,21.0,36.0,23.0,27.0,21.666666666666668,1.5275252316563932,23.0,20.0,23.333333333333332,3.265986323708436,29.0,20.0,25.833333333333332,5.271420945804887,36.0,20.0,28.958333333333332,6.636389580688334,42.0,20.0,35.0,32.5,28.7,46.0,65.0,94.0,1.33,0.4,1.0,1005.0,1006.0,1007.0,1411.8000000000002,78.0,72.4,0.0,0.7985833825214401,11.52355955505562,16.87289088863892,14.118000000000002,35.2,0.036055740980337675,1310.4400000000003,1521,4.0,1008016,346.0,57.666666666666664,1.0,2.0,1.2000000000000028
78,95.3,9.0,141.7,31.3,64.0,0,0.0,1003,40,36.3,8.9,1.66,2023,5,30,14,1,150,22,-0.4999999999999997,-0.8660254037844388,0.49999999999999994,-0.8660254037844387,0.7818314824680298,0.6234898018587336,1,1,0,23.0,22.0,20.0,29.0,24.0,30.0,23.333333333333332,1.5275252316562071,25.0,22.0,22.666666666666668,2.0655911179733173,25.0,20.0,25.916666666666668,5.24765459875843,36.0,20.0,28.75,6.680601378813935,42.0,20.0,36.2,33.7,30.0,39.0,55.0,83.0,2.0,0.66,0.66,1004.0,1005.0,1007.0,1452.0,66.39999999999999,60.257999999999996,0.0,0.7986965272674994,10.587712476391513,15.742695256082657,14.52,35.47,0.036191389639691283,1317.6899999999998,1600,2.7556,1006009,366.3,61.050000000000004,2.0,5.0,0.09999999999999432
100,98.4,10.0,148.3,43.8,69.0,0,0.0,1002,41,36.4,6.2,1.33,2023,5,30,15,1,150,22,-0.7071067811865471,-0.7071067811865479,0.49999999999999994,-0.8660254037844387,0.7818314824680298,0.6234898018587336,1,1,0,25.0,23.0,22.0,25.0,24.0,27.0,27.666666666666668,6.429100507329534,35.0,23.0,24.333333333333332,5.501514942872643,35.0,20.0,26.833333333333332,5.812734192088138,36.0,20.0,29.083333333333332,6.788203749515006,42.0,20.0,36.3,35.0,31.2,40.0,46.0,74.0,1.66,1.33,0.33,1003.0,1005.0,1007.0,1492.3999999999999,54.53,48.412,0.0,0.7990685144174792,9.839016098390163,14.828517148285174,14.924,35.735,0.03632730905458178,1324.9599999999998,1681,1.7689000000000001,1004004,404.50000000000006,67.41666666666667,10.0,13.0,0.10000000000000142
100,101.5,11.0,155.0,43.8,74.0,0,0.0,1001,42,36.5,3.9,1.0,2023,5,30,16,1,150,22,-0.8660254037844385,-0.5000000000000004,0.49999999999999994,-0.8660254037844387,0.7818314824680298,0.6234898018587336,1,1,0,35.0,25.0,23.0,21.0,25.0,33.0,31.666666666666668,5.7735026918971375,35.0,25.0,26.666666666666668,6.653319973265378,35.0,20.0,27.666666666666668,6.227991553291525,36.0,20.0,29.166666666666668,6.8503675983034755,42.0,20.0,36.4,36.2,32.5,41.0,39.0,65.0,1.33,2.0,0.4,1002.0,1004.0,1006.0,1533.0,42.0,36.5,0.0,0.7990685144174792,9.226433960549041,14.089628215616763,15.33,36.0,0.0364635000364635,1332.25,1764,1.0,1002001,420.3,70.05,0.0,12.0,0.10000000000000142
87,102.9,15.3,127.7,36.3,65.3,0,0.0,1001,45,35.6,2.5,1.0,2023,5,30,17,1,150,22,-0.9659258262890683,-0.25881904510252063,0.49999999999999994,-0.8660254037844387,0.7818314824680298,0.6234898018587336,1,1,0,35.0,35.0,25.0,20.0,25.0,30.0,33.0,3.4641016151391546,35.0,29.0,28.166666666666668,5.810909280538863,35.0,22.0,28.0,6.1791438065325845,36.0,20.0,29.125,6.8481193864036,42.0,20.0,36.5,36.3,33.7,42.0,40.0,55.0,1.0,1.66,0.66,1001.0,1003.0,1005.0,1602.0,45.0,35.6,0.0,0.798876064020275,6.725050650284295,8.345859747728907,16.02,35.1,0.0355644000355644,1267.3600000000001,2025,1.0,1002001,376.5,62.75,-6.0,4.0,-0.8999999999999986
82,104.3,19.7,100.3,33.8,56.7,0,0.0,1002,48,34.6,2.0,1.0,2023,5,30,18,1,150,22,-1.0,-1.8369701987210297e-16,0.49999999999999994,-0.8660254037844387,0.7818314824680298,0.6234898018587336,1,2,0,29.0,35.0,35.0,22.0,36.0,32.0,30.333333333333332,4.163331998933539,35.0,27.0,29.0,5.059644256268061,35.0,23.0,27.25,5.642774945973024,36.0,20.0,28.916666666666668,6.832891466802574,42.0,20.0,35.6,36.4,35.0,45.0,41.0,46.0,1.0,1.33,1.33,1001.0,1002.0,1005.0,1660.8000000000002,48.0,34.6,0.0,0.7987929351202628,5.2941475052027815,5.091112126288006,16.608,34.1,0.0345309036617728,1197.16,2304,1.0,1004004,341.8,56.96666666666667,-2.0,-8.0,-1.0
72,105.6,24.0,73.0,27.5,48.0,0,0.0,1002,51,33.7,0.0,1.0,2023,5,30,19,1,150,22,-0.9659258262890684,0.2588190451025203,0.49999999999999994,-0.8660254037844387,0.7818314824680298,0.6234898018587336,1,2,0,27.0,29.0,35.0,23.0,36.0,30.0,26.0,3.605551275465664,29.0,22.0,28.833333333333332,5.307227776028929,35.0,22.0,26.083333333333332,5.089353117195431,35.0,20.0,28.583333333333332,6.971473967201213,42.0,20.0,34.6,36.5,36.2,48.0,42.0,39.0,1.0,1.0,2.0,1002.0,1001.0,1004.0,1718.7,51.0,33.7,0.0,0.7999709101487218,4.399816674305237,3.0415399358360067,17.187,33.2,0.0336327009653683,1135.6900000000003,2601,1.0,1004004,300.1,50.01666666666667,-5.0,-13.0,-0.8999999999999986
139,108.0,25.3,60.7,62.5,42.7,0,0.0,1002,61,32.6,0.0,1.0,2023,5,30,20,1,150,22,-0.8660254037844386,0.5000000000000001,0.49999999999999994,-0.8660254037844387,0.7818314824680298,0.6234898018587336,1,2,0,22.0,27.0,29.0,25.0,29.0,40.0,33.0,14.933184523068403,50.0,22.0,33.0,9.695359714832048,50.0,22.0,27.833333333333332,8.589987123847775,50.0,20.0,29.0,7.918058611422061,50.0,20.0,33.7,35.6,36.3,51.0,45.0,40.0,1.0,1.0,1.66,1002.0,1001.0,1003.0,1988.6000000000001,61.0,32.6,0.0,0.7999872002047967,4.268605983953203,2.3991146594996247,19.886000000000003,32.1,0.03253489766976281,1062.76,3721,1.0,1004004,349.2,58.199999999999996,28.0,21.0,-1.1000000000000014
139,110.3,26.7,48.3,62.5,37.3,0,0.0,1003,72,31.6,0.0,1.0,2023,5,30,21,1,150,22,-0.7071067811865477,0.7071067811865474,0.49999999999999994,-0.8660254037844387,0.7818314824680298,0.6234898018587336,1,2,0,50.0,22.0,27.0,35.0,25.0,42.0,40.666666666666664,16.16580753730974,50.0,22.0,35.5,11.979148550710491,50.0,22.0,29.916666666666668,10.62978947309946,50.0,20.0,29.333333333333332,8.625879497271647,50.0,20.0,32.6,34.6,36.4,61.0,48.0,41.0,1.0,1.0,1.33,1002.0,1002.0,1002.0,2275.2000000000003,72.0,31.6,0.0,0.7999872002047967,4.130931425789296,1.8089210141942247,22.752000000000002,31.1,0.031505452138133466,998.5600000000001,5184,1.0,1006009,335.1,55.85,0.0,23.0,-1.0
155,112.6,28.0,36.0,73.8,32.0,0,0.0,1004,86,30.5,0.0,1.0,2023,5,30,22,1,150,22,-0.5000000000000004,0.8660254037844384,0.49999999999999994,-0.8660254037844387,0.7818314824680298,0.6234898018587336,1,3,0,50.0,50.0,22.0,35.0,21.0,41.0,53.0,5.196152422706911,59.0,50.0,39.5,15.31992167081774,59.0,22.0,33.083333333333336,13.104186238362496,59.0,20.0,30.083333333333332,10.30372101071593,59.0,20.0,31.6,33.7,36.5,72.0,51.0,42.0,1.0,1.0,1.0,1003.0,1002.0,1001.0,2623.0,86.0,30.5,0.0,0.799447161962575,4.021284954108782,1.2856683689868218,26.23,30.0,0.0303784557983508,930.25,7396,1.0,1008016,341.4,56.9,9.0,37.0,-1.1000000000000014
137,114.0,28.0,33.0,61.3,36.3,0,0.0,1004,86,30.1,0.0,1.33,2023,5,30,23,1,150,22,-0.25881904510252157,0.9659258262890681,0.49999999999999994,-0.8660254037844387,0.7818314824680298,0.6234898018587336,1,3,0,59.0,50.0,50.0,29.0,20.0,35.0,52.666666666666664,5.507570547286375,59.0,49.0,42.833333333333336,14.74336008739728,59.0,22.0,35.5,13.146032930818864,59.0,22.0,30.666666666666668,10.968994510879863,59.0,20.0,30.5,32.6,35.6,86.0,61.0,45.0,1.0,1.0,1.0,1004.0,1002.0,1001.0,2588.6,114.38000000000001,40.033,0.0,0.7993344317384709,4.071283168458269,1.17852933823792,25.886,29.435000000000002,0.02998004982066751,906.0100000000001,7396,1.7689000000000001,1008016,321.6,53.6,-10.0,-1.0,-0.3999999999999986
153,115.4,28.0,30.0,68.8,40.7,0,0.0,1004,86,29.6,0.0,1.66,2023,5,31,0,2,151,22,0.0,1.0,0.49999999999999994,-0.8660254037844387,0.9749279121818236,-0.22252093395631434,1,3,0,49.0,59.0,50.0,27.0,22.0,22.0,54.333333333333336,5.033222956847409,59.0,49.0,47.5,13.065221008463444,59.0,22.0,38.25,13.511779372761167,59.0,22.0,32.041666666666664,11.866940438138283,59.0,20.0,30.1,31.6,34.6,86.0,72.0,48.0,1.33,1.0,1.0,1004.0,1003.0,1002.0,2545.6,142.76,49.136,0.0,0.7994069853635848,4.121281382807757,1.0713903074890183,25.456,28.770000000000003,0.0294820423485634,876.1600000000001,7396,2.7556,1008016,337.9,56.31666666666666,6.0,5.0,-0.5
129,116.7,28.0,27.0,57.5,45.0,0,0.0,1003,87,29.2,0.0,2.0,2023,5,31,1,2,151,22,0.25881904510252074,0.9659258262890683,0.49999999999999994,-0.8660254037844387,0.9749279121818236,-0.22252093395631434,1,3,0,55.0,49.0,59.0,22.0,23.0,23.0,50.0,4.582575694956269,55.0,46.0,51.5,4.679743582718638,59.0,46.0,40.166666666666664,12.762397418932713,59.0,22.0,33.0,12.03256451034671,59.0,20.0,29.6,30.5,33.7,86.0,86.0,51.0,1.66,1.0,1.0,1004.0,1004.0,1002.0,2540.4,174.0,58.4,0.0,0.7999860871984835,4.167708296132281,0.9642512767401163,25.404,28.2,0.029112632988401808,852.64,7569,4.0,1006009,320.2,53.36666666666667,-9.0,-13.0,-0.40000000000000213
107,122.2,28.0,25.3,47.5,50.3,0,0.0,1003,87,29.0,0.0,1.33,2023,5,31,2,2,151,22,0.49999999999999994,0.8660254037844387,0.49999999999999994,-0.8660254037844387,0.9749279121818236,-0.22252093395631434,1,3,0,46.0,55.0,49.0,50.0,25.0,24.0,46.333333333333336,8.504900548115687,55.0,38.0,49.5,7.286974680894355,59.0,38.0,41.25,11.879126077436375,59.0,22.0,33.583333333333336,11.916071232717247,59.0,20.0,29.2,30.1,32.6,87.0,86.0,61.0,2.0,1.33,1.0,1003.0,1004.0,1002.0,2523.0,115.71000000000001,38.57,0.0,0.7999831582493001,4.364129852505267,0.9035391593157387,25.23,28.335,0.028913231392590836,841.0,7569,1.7689000000000001,1006009,311.3,51.88333333333333,-8.0,-11.0,-0.1999999999999993
115,127.6,28.0,23.7,51.3,55.7,0,0.0,1003,88,28.7,0.0,0.66,2023,5,31,3,2,151,22,0.7071067811865476,0.7071067811865476,0.49999999999999994,-0.8660254037844387,0.9749279121818236,-0.22252093395631434,1,3,0,38.0,46.0,55.0,50.0,35.0,24.0,41.666666666666664,4.041451884328222,46.0,38.0,48.0,8.049844718998914,59.0,38.0,41.75,11.717314305993806,59.0,22.0,34.291666666666664,11.826569816442623,59.0,20.0,29.0,29.6,31.6,87.0,86.0,72.0,1.33,1.66,1.0,1003.0,1004.0,1003.0,2525.6,58.080000000000005,18.942,0.0,0.7992046938656168,4.556980107853291,0.8463983429163243,25.256,28.37,0.028614128998874378,823.6899999999999,7744,0.43560000000000004,1006009,327.29999999999995,54.54999999999999,3.0,-14.0,-0.3000000000000007
95,133.1,28.0,22.0,41.3,61.0,66,0.0,1002,88,28.5,0.0,1.2,2023,5,31,4,2,151,22,0.8660254037844386,0.5000000000000001,0.49999999999999994,-0.8660254037844387,0.9749279121818236,-0.22252093395631434,1,3,0,41.0,38.0,46.0,59.0,35.0,25.0,37.333333333333336,4.041451884328405,41.0,33.0,43.666666666666664,7.94145242802974,55.0,33.0,41.583333333333336,11.835680518387013,59.0,22.0,34.625,11.66493258334211,59.0,20.0,28.7,29.2,30.5,88.0,87.0,86.0,0.66,2.0,1.0,1003.0,1003.0,1004.0,2508.0,105.6,34.199999999999996,0.0,0.7990121304568898,4.753401664226277,0.7856862254919467,25.08,27.9,0.02844308538614233,812.25,7744,1.44,1004004,318.4,53.06666666666666,-8.0,-13.0,-0.1999999999999993
153,124.9,24.3,28.7,72.5,58.7,68,0.0,1003,86,28.7,0.0,0.33,2023,5,31,5,2,151,22,0.9659258262890683,0.25881904510252074,0.49999999999999994,-0.8660254037844387,0.9749279121818236,-0.22252093395631434,1,3,0,33.0,41.0,38.0,49.0,29.0,25.0,44.0,12.76714533480394,58.0,33.0,45.166666666666664,9.786044485217719,58.0,33.0,44.0,11.992421849575445,59.0,22.0,36.0,12.402664510359275,59.0,20.0,28.5,29.0,30.1,88.0,87.0,86.0,1.2,1.33,1.33,1002.0,1003.0,1004.0,2468.2,28.380000000000003,9.471,0.0,0.799988965669439,5.139706184930661,1.1810213571457964,24.682,28.535,0.028614128998874378,823.6899999999999,7396,0.10890000000000001,1006009,367.09999999999997,61.18333333333333,25.0,20.0,0.1999999999999993
102,116.7,20.7,35.3,45.0,56.3,69,0.0,1003,84,29.0,2.0,0.66,2023,5,31,6,2,151,22,1.0,6.123233995736766e-17,0.49999999999999994,-0.8660254037844387,0.9749279121818236,-0.22252093395631434,1,0,0,58.0,33.0,41.0,55.0,27.0,36.0,42.333333333333336,13.650396819629087,58.0,33.0,42.0,9.011104260854607,58.0,33.0,44.75,11.079259903079844,59.0,22.0,36.0,12.402664510359275,59.0,20.0,28.7,28.7,29.6,86.0,88.0,86.0,0.33,0.66,1.66,1003.0,1003.0,1004.0,2436.0,55.440000000000005,19.14,0.0,0.7999822226172753,5.637408820829911,1.7052316313221583,24.36,28.67,0.028913231392590836,841.0,7056,0.43560000000000004,1006009,310.0,51.666666666666664,-22.0,-5.0,0.3000000000000007
102,108.5,17.0,42.0,45.0,54.0,70,0.0,1004,82,29.2,2.5,1.0,2023,5,31,7,2,151,22,0.9659258262890683,-0.25881904510252063,0.49999999999999994,-0.8660254037844387,0.9749279121818236,-0.22252093395631434,1,0,0,36.0,58.0,33.0,46.0,22.0,36.0,43.333333333333336,12.701705922172012,58.0,36.0,40.333333333333336,9.048020041238743,58.0,33.0,45.916666666666664,9.009674934437719,59.0,33.0,36.0,12.402664510359275,59.0,20.0,29.0,28.5,29.2,84.0,88.0,87.0,0.66,1.2,2.0,1003.0,1002.0,1003.0,2394.4,82.0,29.2,0.0,0.7999822226172753,6.381977530733486,2.4704429151226397,23.944000000000003,28.7,0.029083636370880107,852.64,6724,1.0,1008016,302.5,50.416666666666664,0.0,3.0,0.1999999999999993
150,100.2,15.3,47.3,67.5,56.0,72,0.0,1004,75,30.7,4.0,0.66,2023,5,31,8,2,151,22,0.8660254037844387,-0.4999999999999998,0.49999999999999994,-0.8660254037844387,0.9749279121818236,-0.22252093395631434,1,0,0,36.0,36.0,58.0,38.0,50.0,29.0,42.0,10.392304845413587,54.0,36.0,43.0,10.469001862641564,58.0,33.0,46.25,9.245391972613472,59.0,33.0,37.041666666666664,12.831615732979404,59.0,20.0,29.2,28.7,29.0,82.0,86.0,87.0,1.0,0.33,1.33,1004.0,1003.0,1003.0,2302.5,49.5,20.262,0.0,0.7999881483237284,6.548591595320567,3.0913012221423433,23.025,30.37,0.030577658787192444,942.49,5625,0.43560000000000004,1008016,340.3,56.71666666666667,18.0,-4.0,1.5
139,91.8,13.7,52.7,62.5,58.0,73,0.0,1004,69,32.1,6.7,0.33,2023,5,31,9,2,151,22,0.7071067811865476,-0.7071067811865475,0.49999999999999994,-0.8660254037844387,0.9749279121818236,-0.22252093395631434,1,0,0,54.0,36.0,36.0,41.0,50.0,25.0,46.666666666666664,9.451631252505488,54.0,36.0,44.5,10.765686229869104,58.0,33.0,46.25,9.245391972613472,59.0,33.0,38.083333333333336,12.82632031229641,59.0,20.0,30.7,29.0,28.7,75.0,84.0,88.0,0.66,0.66,0.66,1004.0,1003.0,1003.0,2214.9,22.77,10.593000000000002,0.0,0.7999872002047967,6.700240858331509,3.8464345668199407,22.149,31.935000000000002,0.03197207970908396,1030.41,4761,0.10890000000000001,1008016,328.7,54.78333333333333,-4.0,14.0,1.4000000000000021
131,83.5,12.0,58.0,58.8,60.0,75,0.0,1003,63,33.6,9.4,0.4,2023,5,31,10,2,151,22,0.49999999999999994,-0.8660254037844387,0.49999999999999994,-0.8660254037844387,0.9749279121818236,-0.22252093395631434,1,0,0,50.0,54.0,36.0,33.0,59.0,21.0,50.333333333333336,3.5118845842848017,54.0,47.0,46.833333333333336,9.17423929634828,58.0,36.0,45.25,8.34620218477145,58.0,33.0,39.166666666666664,12.412009144957045,59.0,20.0,32.1,29.2,28.5,69.0,82.0,88.0,0.33,1.0,1.2,1004.0,1004.0,1002.0,2116.8,25.200000000000003,13.440000000000001,0.0,0.7993061342494175,6.957753520539955,4.832930589117574,21.168000000000003,33.4,0.03349946809624318,1128.96,3969,0.16000000000000003,1006009,319.3,53.21666666666667,-3.0,11.0,1.5
118,88.3,13.0,63.3,52.5,67.7,75,0.0,1003,57,34.5,11.4,0.8,2023,5,31,11,2,151,22,0.258819045102521,-0.9659258262890682,0.49999999999999994,-0.8660254037844387,0.9749279121818236,-0.22252093395631434,1,0,0,47.0,50.0,54.0,58.0,49.0,20.0,46.333333333333336,4.041451884328033,50.0,42.0,44.166666666666664,7.440878084383574,54.0,36.0,44.666666666666664,8.304799634530008,58.0,33.0,40.083333333333336,11.728511031435216,59.0,22.0,33.6,30.7,28.7,63.0,75.0,86.0,0.4,0.66,0.33,1003.0,1004.0,1003.0,1966.5,45.6,27.6,0.0,0.7999847621950058,6.79178524728867,4.868856241827552,19.665,34.1,0.034396775277392544,1190.25,3249,0.6400000000000001,1006009,326.8,54.46666666666667,-5.0,-12.0,0.8999999999999986
152,93.2,14.0,68.7,71.3,75.3,75,0.0,1002,52,35.3,11.8,1.2,2023,5,31,12,2,151,22,1.2246467991473532e-16,-1.0,0.49999999999999994,-0.8660254037844387,0.9749279121818236,-0.22252093395631434,1,1,0,42.0,47.0,50.0,36.0,55.0,22.0,48.666666666666664,7.637626158260028,57.0,42.0,47.666666666666664,7.763160868271463,57.0,36.0,44.833333333333336,8.547549710917092,58.0,33.0,41.541666666666664,11.55696351976187,59.0,22.0,34.5,32.1,29.0,57.0,69.0,84.0,0.8,0.33,0.66,1003.0,1004.0,1003.0,1835.6,62.4,42.35999999999999,0.0,0.7994277780115285,6.656667380901364,4.906792371973431,18.355999999999998,34.699999999999996,0.035229505758976286,1246.0899999999997,2704,1.44,1004004,379.5,63.25,15.0,7.0,0.7999999999999972
118,98.0,15.0,74.0,52.5,83.0,75,0.0,1001,47,36.2,10.9,1.6,2023,5,31,13,2,151,22,-0.2588190451025208,-0.9659258262890683,0.49999999999999994,-0.8660254037844387,0.9749279121818236,-0.22252093395631434,1,1,0,57.0,42.0,47.0,36.0,46.0,23.0,47.0,8.66025403784468,57.0,42.0,48.666666666666664,6.186005711819363,57.0,42.0,44.5,8.575864652934264,58.0,33.0,42.333333333333336,10.8614462431464,59.0,22.0,35.3,33.6,29.2,52.0,63.0,82.0,1.2,0.4,1.0,1002.0,1003.0,1004.0,1701.4,75.2,57.92000000000001,0.0,0.7999847621950058,6.53289780681288,4.933004466368909,17.014,35.400000000000006,0.036163800036163804,1310.4400000000003,2209,2.5600000000000005,1002001,364.5,60.75,-15.0,-5.0,0.9000000000000057
115,97.7,15.3,71.7,51.3,82.0,75,0.0,1000,47,36.4,8.8,0.66,2023,5,31,14,2,151,22,-0.4999999999999997,-0.8660254037844388,0.49999999999999994,-0.8660254037844387,0.9749279121818236,-0.22252093395631434,1,1,0,42.0,57.0,42.0,54.0,38.0,25.0,46.666666666666664,8.962886439832792,57.0,41.0,46.5,6.2209324059978455,57.0,41.0,44.75,8.411301920629933,58.0,33.0,43.0,10.223587390463308,59.0,22.0,36.2,34.5,30.7,47.0,57.0,75.0,1.6,0.8,0.66,1001.0,1003.0,1004.0,1710.8,31.020000000000003,24.024,0.0,0.7992046938656168,6.385203581465264,4.685968237370107,17.108,36.07,0.036399963600036396,1324.9599999999998,2209,0.43560000000000004,1000000,359.0,59.833333333333336,-1.0,-1.0,0.19999999999999574
102,97.3,15.7,69.3,45.0,81.0,75,0.0,999,47,36.5,6.3,1.33,2023,5,31,15,2,151,22,-0.7071067811865471,-0.7071067811865479,0.49999999999999994,-0.8660254037844387,0.9749279121818236,-0.22252093395631434,1,1,0,41.0,42.0,57.0,50.0,41.0,35.0,39.666666666666664,3.214550253665493,42.0,36.0,44.166666666666664,7.194905605125044,57.0,36.0,44.333333333333336,8.731690800894004,58.0,33.0,43.041666666666664,10.1915530525624,59.0,22.0,36.4,35.3,32.1,47.0,52.0,69.0,0.66,1.2,0.33,1000.0,1002.0,1004.0,1715.5,62.510000000000005,48.545,0.0,0.7999822226172753,6.197057512260366,4.413731609451627,17.155,35.835,0.036536499963463503,1332.25,2209,1.7689000000000001,998001,344.3,57.38333333333333,-5.0,-21.0,0.10000000000000142
100,96.9,16.0,67.0,43.8,80.0,75,0.0,998,47,36.7,3.9,2.0,2023,5,31,16,2,151,22,-0.8660254037844385,-0.5000000000000004,0.49999999999999994,-0.8660254037844387,0.9749279121818236,-0.22252093395631434,1,1,0,36.0,41.0,42.0,47.0,33.0,35.0,37.333333333333336,3.214550253665617,41.0,35.0,42.166666666666664,7.88458411500942,57.0,35.0,44.5,8.512023581648386,58.0,35.0,43.041666666666664,10.1915530525624,59.0,22.0,36.5,36.2,33.6,47.0,47.0,63.0,1.33,1.6,0.4,999.0,1001.0,1003.0,1724.9,94.0,73.4,0.0,0.7990685144174792,6.055871508030748,4.187238297606399,17.249000000000002,35.7,0.03677351024698373,1346.89,2209,4.0,996004,338.7,56.449999999999996,-1.0,-7.0,0.20000000000000284
98,94.5,18.3,62.3,42.5,67.7,71,0.0,999,54,35.3,2.5,2.0,2023,5,31,17,2,151,22,-0.9659258262890683,-0.25881904510252063,0.49999999999999994,-0.8660254037844387,0.9749279121818236,-0.22252093395631434,1,1,0,35.0,36.0,41.0,42.0,58.0,29.0,35.0,1.000000000004576,36.0,34.0,40.833333333333336,8.565434412022444,57.0,34.0,42.5,7.8450911113541,57.0,34.0,43.25,9.94003761693549,59.0,22.0,36.7,36.4,34.5,47.0,47.0,57.0,2.0,0.66,0.8,998.0,1000.0,1003.0,1906.1999999999998,108.0,70.6,0.0,0.7999811769134845,5.163652259439375,3.4041855636304024,19.061999999999998,34.3,0.035335299964664696,1246.0899999999997,2916,4.0,998001,319.3,53.21666666666667,-1.0,-7.0,-1.4000000000000057
82,92.2,20.7,57.7,33.8,55.3,68,0.0,999,61,33.9,2.0,2.0,2023,5,31,18,2,151,22,-1.0,-1.8369701987210297e-16,0.49999999999999994,-0.8660254037844387,0.9749279121818236,-0.22252093395631434,1,2,0,34.0,35.0,36.0,57.0,36.0,27.0,32.0,4.358898943541841,35.0,27.0,35.833333333333336,5.41910201663117,42.0,27.0,41.75,8.884358062449458,57.0,27.0,43.25,9.94003761693549,59.0,22.0,35.3,36.5,35.3,54.0,47.0,52.0,2.0,1.33,1.2,999.0,999.0,1002.0,2067.9,122.0,67.8,0.0,0.7987929351202628,4.45389111637119,2.78730496111299,20.679000000000002,32.9,0.0339338999660661,1149.2099999999998,3721,4.0,998001,286.70000000000005,47.78333333333334,-7.0,-9.0,-1.3999999999999986
82,89.9,23.0,53.0,33.8,43.0,65,0.0,999,69,32.5,0.0,2.0,2023,5,31,19,2,151,22,-0.9659258262890684,0.2588190451025203,0.49999999999999994,-0.8660254037844387,0.9749279121818236,-0.22252093395631434,1,2,0,27.0,34.0,35.0,42.0,36.0,22.0,29.333333333333332,4.041451884328752,34.0,27.0,33.333333333333336,5.465040408510706,41.0,27.0,41.0,9.751456767627158,57.0,27.0,43.458333333333336,9.518764838884122,59.0,27.0,33.9,36.7,36.2,61.0,47.0,47.0,2.0,2.0,1.6,999.0,998.0,1001.0,2242.5,138.0,65.0,0.0,0.7987929351202628,3.9085257162732057,2.3042476414068953,22.425,31.5,0.0325324999674675,1056.25,4761,4.0,998001,269.7,44.949999999999996,0.0,-8.0,-1.3999999999999986
131,92.2,23.3,48.7,58.8,38.0,61,0.0,1000,69,31.8,0.0,2.0,2023,5,31,20,2,151,22,-0.8660254037844386,0.5000000000000001,0.49999999999999994,-0.8660254037844387,0.9749279121818236,-0.22252093395631434,1,2,0,27.0,27.0,34.0,41.0,54.0,50.0,33.666666666666664,11.547005383792932,47.0,27.0,34.333333333333336,7.366591251498574,47.0,27.0,40.416666666666664,9.090037837037878,57.0,27.0,43.333333333333336,9.44856403475397,59.0,27.0,32.5,35.3,36.4,69.0,54.0,47.0,2.0,2.0,0.66,999.0,999.0,1000.0,2194.2000000000003,138.0,63.6,0.0,0.7993061342494175,3.9569117205270157,2.090039054117849,21.942000000000004,30.8,0.0317999682000318,1011.24,4761,4.0,1000000,308.0,51.333333333333336,20.0,13.0,-0.6999999999999993
179,94.5,23.7,44.3,96.3,33.0,58,0.0,1001,70,31.2,0.0,2.0,2023,5,31,21,2,151,22,-0.7071067811865477,0.7071067811865474,0.49999999999999994,-0.8660254037844387,0.9749279121818236,-0.22252093395631434,1,2,0,47.0,27.0,27.0,36.0,50.0,50.0,50.333333333333336,25.16611478423591,77.0,27.0,41.166666666666664,19.02016473815772,77.0,27.0,42.666666666666664,13.799429061531315,77.0,27.0,44.458333333333336,11.631961839341201,77.0,27.0,31.8,33.9,36.5,69.0,61.0,47.0,2.0,2.0,1.33,1000.0,999.0,999.0,2184.0,140.0,62.4,0.0,0.7995763283870365,3.9871735369815617,1.869119446436859,21.84,30.2,0.0311688000311688,973.4399999999999,4900,4.0,1002001,368.8,61.46666666666667,30.0,50.0,-0.6000000000000014
184,96.9,24.0,40.0,101.3,28.0,55,0.0,1002,71,30.5,0.0,2.0,2023,5,31,22,2,151,22,-0.5000000000000004,0.8660254037844384,0.49999999999999994,-0.8660254037844387,0.9749279121818236,-0.22252093395631434,1,3,0,77.0,47.0,27.0,35.0,47.0,59.0,68.33333333333333,18.58314648635508,81.0,47.0,48.833333333333336,24.514621487321847,81.0,27.0,45.5,17.707214759680515,81.0,27.0,45.375,13.538391465689969,81.0,27.0,31.2,32.5,36.7,70.0,69.0,47.0,2.0,2.0,2.0,1001.0,999.0,998.0,2165.5,142.0,61.0,0.0,0.7995972399087866,4.03733177784259,1.66659722511562,21.655,29.5,0.030439091378152316,930.25,5041,4.0,1004004,371.2,61.86666666666667,4.0,54.0,-0.6999999999999993
171,99.0,23.0,40.7,88.8,29.7,0,0.0,1001,76,30.2,0.0,2.0,2023,5,31,23,2,151,22,-0.25881904510252157,0.9659258262890681,0.49999999999999994,-0.8660254037844387,0.9749279121818236,-0.22252093395631434,1,3,0,81.0,77.0,47.0,34.0,42.0,49.0,76.33333333333333,5.033222956846679,81.0,71.0,55.0,24.6900789792175,81.0,27.0,47.916666666666664,19.109532763106362,81.0,27.0,46.291666666666664,14.504809297389247,81.0,27.0,30.5,31.8,35.3,71.0,69.0,54.0,2.0,2.0,2.0,1002.0,1000.0,999.0,2295.2,152.0,60.4,0.0,0.7995405457145752,4.30416068866571,1.7694882831181253,22.951999999999998,29.2,0.0301698000301698,912.04,5776,4.0,1002001,352.2,58.699999999999996,-10.0,24.0,-0.3000000000000007
171,101.2,22.0,41.3,88.8,31.3,0,0.0,1001,82,29.9,0.0,2.0,2023,6,1,0,3,152,22,0.0,1.0,1.2246467991473532e-16,-1.0,0.43388373911755823,-0.900968867902419,2,3,0,71.0,81.0,77.0,27.0,57.0,55.0,74.33333333333333,5.7735026918958905,81.0,71.0,62.333333333333336,20.963460274169137,81.0,27.0,49.083333333333336,20.115386843876035,81.0,27.0,46.958333333333336,15.269973852278918,81.0,27.0,30.2,31.2,33.9,76.0,70.0,61.0,2.0,2.0,2.0,1001.0,1001.0,999.0,2451.7999999999997,164.0,59.8,0.0,0.7995405457145752,4.599790918594609,1.877187400572701,24.517999999999997,28.9,0.0298701000298701,894.0099999999999,6724,4.0,1002001,355.6,59.26666666666667,0.0,-6.0,-0.3000000000000007
153,103.3,21.0,42.0,68.8,33.0,45,0.0,1000,88,29.6,0.0,2.0,2023,6,1,1,3,152,22,0.25881904510252074,0.9659258262890683,1.2246467991473532e-16,-1.0,0.43388373911755823,-0.900968867902419,2,3,0,71.0,71.0,81.0,27.0,42.0,46.0,65.66666666666667,9.237604307033944,71.0,55.0,67.0,13.206059215375449,81.0,47.0,50.166666666666664,20.04918195263064,81.0,27.0,47.333333333333336,15.35568629040337,81.0,27.0,29.9,30.5,32.5,82.0,71.0,69.0,2.0,2.0,2.0,1001.0,1002.0,999.0,2604.8,176.0,59.2,0.0,0.7994069853635848,4.918813389838578,1.9999047664396932,26.048000000000002,28.6,0.029599970400029603,876.1600000000001,7744,4.0,1000000,323.1,53.85,-16.0,-26.0,-0.29999999999999716
139,102.9,19.0,44.3,62.5,34.0,41,0.0,1000,90,29.3,0.0,2.0,2023,6,1,2,3,152,22,0.49999999999999994,0.8660254037844387,1.2246467991473532e-16,-1.0,0.43388373911755823,-0.900968867902419,2,3,0,55.0,71.0,71.0,47.0,41.0,38.0,58.666666666666664,10.969655114602944,71.0,50.0,67.5,12.324771803161427,81.0,50.0,50.916666666666664,19.84237125370076,81.0,27.0,47.833333333333336,15.233449084645917,81.0,27.0,29.6,30.2,31.8,88.0,76.0,69.0,2.0,2.0,2.0,1000.0,1001.0,1000.0,2637.0,180.0,58.6,0.0,0.7999872002047967,5.415504447134361,2.3314562391453078,26.37,28.3,0.0292999707000293,858.49,8100,4.0,1000000,312.7,52.11666666666667,-5.0,-21.0,-0.3000000000000007
121,102.5,17.0,46.7,53.8,35.0,38,0.0,1000,92,28.9,0.0,2.0,2023,6,1,3,3,152,22,0.7071067811865476,0.7071067811865476,1.2246467991473532e-16,-1.0,0.43388373911755823,-0.900968867902419,2,3,0,50.0,55.0,71.0,77.0,36.0,41.0,49.333333333333336,6.027713773342082,55.0,43.0,61.833333333333336,14.675376201878688,81.0,43.0,51.5,19.46325208741271,81.0,27.0,47.916666666666664,15.199876048312525,81.0,27.0,29.3,29.9,31.2,90.0,82.0,70.0,2.0,2.0,2.0,1000.0,1001.0,1001.0,2658.7999999999997,184.0,57.8,0.0,0.7992416497834613,6.0290571142873945,2.7468972413387447,26.587999999999997,27.9,0.0288999711000289,835.2099999999999,8464,4.0,1000000,298.0,49.666666666666664,-7.0,-28.0,-0.40000000000000213
78,102.1,15.0,49.0,31.3,36.0,35,0.0,999,94,28.6,0.0,2.0,2023,6,1,4,3,152,22,0.8660254037844386,0.5000000000000001,1.2246467991473532e-16,-1.0,0.43388373911755823,-0.900968867902419,2,3,0,43.0,50.0,55.0,81.0,35.0,33.0,39.333333333333336,12.89702808143571,50.0,25.0,52.5,17.5698605572155,71.0,25.0,50.666666666666664,20.42428738417839,81.0,25.0,47.583333333333336,15.62305060303314,81.0,25.0,28.9,29.6,30.5,92.0,88.0,71.0,2.0,2.0,2.0,1000.0,1000.0,1002.0,2688.4,188.0,57.2,0.0,0.7986965272674994,6.806212919138724,3.26644890340644,26.884,27.6,0.0286285999713714,817.96,8836,4.0,998001,258.4,43.06666666666666,-18.0,-30.0,-0.29999999999999716
78,102.5,14.3,53.0,31.3,35.7,31,0.0,1000,94,28.9,0.0,1.66,2023,6,1,5,3,152,22,0.9659258262890683,0.25881904510252074,1.2246467991473532e-16,-1.0,0.43388373911755823,-0.900968867902419,2,3,0,25.0,43.0,50.0,71.0,34.0,58.0,31.0,10.392304845413785,43.0,25.0,44.833333333333336,17.915542600397583,71.0,25.0,49.916666666666664,21.240862563093703,81.0,25.0,46.208333333333336,16.1109715969307,81.0,25.0,28.6,29.3,30.2,94.0,90.0,76.0,2.0,2.0,2.0,999.0,1000.0,1001.0,2716.6,156.04,47.974,0.0,0.7986965272674994,7.167330955877211,3.7060345430389483,27.166,28.07,0.0288999711000289,835.2099999999999,8836,2.7556,1000000,261.8,43.63333333333333,0.0,-25.0,0.29999999999999716
80,102.9,13.7,57.0,32.5,35.3,28,0.0,1000,93,29.2,1.5,1.33,2023,6,1,6,3,152,22,1.0,6.123233995736766e-17,1.2246467991473532e-16,-1.0,0.43388373911755823,-0.900968867902419,2,0,0,25.0,25.0,43.0,71.0,27.0,36.0,25.333333333333332,0.5773502692006779,26.0,25.0,37.333333333333336,13.691846722289062,55.0,25.0,49.833333333333336,21.34067108654823,81.0,25.0,45.791666666666664,16.510811126591484,81.0,25.0,28.9,28.9,29.9,94.0,92.0,82.0,1.66,2.0,2.0,1000.0,1000.0,1001.0,2715.6,123.69000000000001,38.836,0.0,0.7999753853727578,7.510400700678784,4.160280271513028,27.156,28.535,0.0291999708000292,852.64,8649,1.7689000000000001,1000000,267.40000000000003,44.56666666666667,1.0,-17.0,0.3000000000000007
80,103.3,13.0,61.0,32.5,35.0,25,0.0,1001,93,29.5,1.2,1.0,2023,6,1,7,3,152,22,0.9659258262890683,-0.25881904510252063,1.2246467991473532e-16,-1.0,0.43388373911755823,-0.900968867902419,2,0,0,26.0,25.0,25.0,55.0,27.0,36.0,25.666666666666668,0.5773502692005795,26.0,25.0,32.5,11.077003204837904,50.0,25.0,49.75,21.439661632336556,81.0,25.0,45.375,16.890471973224045,81.0,25.0,29.2,28.6,29.6,93.0,94.0,88.0,1.33,2.0,2.0,1000.0,999.0,1000.0,2743.5,93.0,29.5,0.0,0.7999753853727578,7.945542650565341,4.691946773325129,27.435,29.0,0.0294705000294705,870.25,8649,1.0,1002001,270.8,45.13333333333333,0.0,1.0,0.3000000000000007
87,100.2,11.7,66.7,36.3,36.7,37,0.0,1001,83,30.8,1.4,1.0,2023,6,1,8,3,152,22,0.8660254037844387,-0.4999999999999998,1.2246467991473532e-16,-1.0,0.43388373911755823,-0.900968867902419,2,0,0,26.0,26.0,25.0,50.0,47.0,54.0,27.0,1.732050807572397,29.0,26.0,29.0,7.014271166699205,43.0,25.0,48.25,22.263402500720414,81.0,25.0,44.333333333333336,17.10496156514049,81.0,25.0,29.5,28.9,29.3,93.0,94.0,90.0,1.0,1.66,2.0,1001.0,1000.0,1000.0,2556.4,83.0,30.8,0.0,0.798876064020275,8.56337065208102,5.700367489958124,25.564,30.3,0.030769200030769203,948.6400000000001,6889,1.0,1002001,280.6,46.76666666666667,3.0,4.0,1.3000000000000007
87,97.1,10.3,72.3,36.3,38.3,50,0.0,1001,73,32.2,3.2,1.0,2023,6,1,9,3,152,22,0.7071067811865476,-0.7071067811865475,1.2246467991473532e-16,-1.0,0.43388373911755823,-0.900968867902419,2,0,0,29.0,26.0,26.0,43.0,77.0,50.0,28.0,1.7320508075722987,29.0,26.0,26.666666666666668,1.8618986724990092,29.0,25.0,44.25,20.89856454400619,81.0,25.0,43.458333333333336,17.338018458231513,81.0,25.0,30.8,29.2,28.9,83.0,93.0,92.0,1.0,1.33,2.0,1001.0,1000.0,1000.0,2350.6000000000004,73.0,32.2,0.0,0.798876064020275,9.426269294243276,7.01873604504417,23.506000000000004,31.700000000000003,0.032167800032167806,1036.8400000000001,5329,1.0,1002001,283.3,47.21666666666667,0.0,3.0,1.4000000000000021
98,94.0,9.0,78.0,42.5,40.0,62,0.0,1001,65,33.5,4.7,1.0,2023,6,1,10,3,152,22,0.49999999999999994,-0.8660254037844387,1.2246467991473532e-16,-1.0,0.43388373911755823,-0.900968867902419,2,0,0,29.0,29.0,26.0,25.0,81.0,47.0,30.666666666666668,2.8867513459500236,34.0,29.0,28.166666666666668,3.3115957885367227,34.0,25.0,40.333333333333336,17.515361223448153,71.0,25.0,42.916666666666664,17.425410397928577,81.0,25.0,32.2,29.5,28.6,73.0,93.0,94.0,1.0,1.0,2.0,1001.0,1001.0,999.0,2177.5,65.0,33.5,0.0,0.7999811769134845,10.443284079546718,8.665703810687702,21.775,33.0,0.033466500033466504,1122.25,4225,1.0,1002001,297.5,49.583333333333336,5.0,8.0,1.2999999999999972
104,101.5,11.3,80.7,46.3,52.0,62,0.0,1000,60,34.6,6.1,1.33,2023,6,1,11,3,152,22,0.258819045102521,-0.9659258262890682,1.2246467991473532e-16,-1.0,0.43388373911755823,-0.900968867902419,2,0,0,34.0,29.0,29.0,25.0,71.0,42.0,33.333333333333336,4.0414518843286205,37.0,29.0,30.166666666666668,4.445971959724322,37.0,26.0,37.5,14.613194535947532,71.0,25.0,42.708333333333336,17.466686718652213,81.0,25.0,33.5,30.8,28.9,65.0,83.0,94.0,1.0,1.0,1.66,1001.0,1001.0,1000.0,2076.0,79.80000000000001,46.01800000000001,0.0,0.799118809528952,8.981506061410494,7.140960976904699,20.76,33.935,0.0345999654000346,1197.16,3600,1.7689000000000001,1000000,328.8,54.800000000000004,3.0,8.0,1.1000000000000014
102,109.1,13.7,83.3,45.0,64.0,62,0.0,1000,55,35.6,8.1,1.66,2023,6,1,12,3,152,22,1.2246467991473532e-16,-1.0,1.2246467991473532e-16,-1.0,0.43388373911755823,-0.900968867902419,2,1,0,37.0,34.0,29.0,26.0,71.0,57.0,35.666666666666664,1.527525231654964,37.0,34.0,31.833333333333332,4.445971959724396,37.0,26.0,34.583333333333336,10.121609046834488,55.0,25.0,41.833333333333336,17.244196671361205,81.0,25.0,34.6,32.2,29.2,60.0,73.0,93.0,1.33,1.0,1.33,1000.0,1001.0,1000.0,1958.0,91.3,59.096,0.0,0.7999822226172753,7.962922414422305,6.079848186263777,19.58,34.77,0.0355999644000356,1267.3600000000001,3025,2.7556,1000000,351.1,58.51666666666667,-1.0,7.0,1.0
107,116.7,16.0,86.0,47.5,76.0,62,0.0,999,51,36.7,7.5,2.0,2023,6,1,13,3,152,22,-0.2588190451025208,-0.9659258262890683,1.2246467991473532e-16,-1.0,0.43388373911755823,-0.900968867902419,2,1,0,36.0,37.0,34.0,26.0,55.0,42.0,37.0,1.0000000000043832,38.0,36.0,33.833333333333336,3.9707262140137987,38.0,29.0,33.166666666666664,7.9639338535823105,50.0,25.0,41.666666666666664,17.261836938540426,81.0,25.0,35.6,33.5,29.5,55.0,65.0,93.0,1.66,1.0,1.0,1000.0,1001.0,1001.0,1871.7,102.0,73.4,0.0,0.7999831582493001,7.29329416911443,5.374664083494781,18.717,35.7,0.03673669996326331,1346.89,2601,4.0,998001,380.2,63.36666666666667,2.0,4.0,1.1000000000000014
95,121.8,17.0,87.0,41.3,80.3,45,0.0,998,50,36.9,5.9,2.33,2023,6,1,14,3,152,22,-0.4999999999999997,-0.8660254037844388,1.2246467991473532e-16,-1.0,0.43388373911755823,-0.900968867902419,2,1,0,38.0,36.0,37.0,29.0,50.0,41.0,35.666666666666664,2.5166114784254145,38.0,33.0,34.5,3.2710854467576884,38.0,29.0,31.75,5.956280108193756,43.0,25.0,41.333333333333336,17.35227504609604,81.0,25.0,36.7,34.6,30.8,51.0,60.0,83.0,2.0,1.33,1.0,999.0,1000.0,1001.0,1845.0,116.5,85.977,0.0,0.7990121304568898,7.164284453855655,5.117346038468325,18.45,35.735,0.03697391084778472,1361.61,2500,5.4289000000000005,996004,380.40000000000003,63.400000000000006,-5.0,-4.0,0.19999999999999574
93,126.8,18.0,88.0,40.0,84.7,29,0.0,997,50,37.0,5.8,2.66,2023,6,1,15,3,152,22,-0.7071067811865471,-0.7071067811865479,1.2246467991473532e-16,-1.0,0.43388373911755823,-0.900968867902419,2,1,0,33.0,38.0,36.0,29.0,43.0,36.0,34.333333333333336,3.214550253665823,38.0,32.0,35.0,2.3664319132377636,38.0,32.0,30.833333333333332,4.8021459849319355,38.0,25.0,41.166666666666664,17.4247866100507,81.0,25.0,36.9,35.6,32.2,50.0,55.0,73.0,2.33,1.66,1.0,998.0,1000.0,1001.0,1850.0,133.0,98.42,0.0,0.7999800004999875,7.044053108160657,4.888617299038942,18.5,35.67,0.03711129677904034,1369.0,2500,7.0756000000000006,994009,389.5,64.91666666666667,-1.0,-4.0,0.10000000000000142
91,131.9,19.0,89.0,38.8,89.0,12,0.0,997,50,37.2,3.9,3.0,2023,6,1,16,3,152,22,-0.8660254037844385,-0.5000000000000004,1.2246467991473532e-16,-1.0,0.43388373911755823,-0.900968867902419,2,1,0,32.0,33.0,38.0,34.0,25.0,35.0,32.0,1.0000000000052385,33.0,31.0,34.5,2.880972058175842,38.0,31.0,31.333333333333332,4.438126822992056,38.0,25.0,41.0,17.505278706970095,81.0,25.0,37.0,36.7,33.5,50.0,51.0,65.0,2.66,2.0,1.0,997.0,999.0,1001.0,1860.0000000000002,150.0,111.60000000000001,0.0,0.7989484807092602,6.941739908425872,4.683964001894637,18.6,35.7,0.03731189838325137,1383.8400000000001,2500,9.0,994009,398.7,66.45,-1.0,-7.0,0.20000000000000284
104,139.5,23.7,98.7,46.3,75.3,18,0.0,997,57,35.7,2.5,2.66,2023,6,1,17,3,152,22,-0.9659258262890683,-0.25881904510252063,1.2246467991473532e-16,-1.0,0.43388373911755823,-0.900968867902419,2,1,0,31.0,32.0,33.0,37.0,25.0,34.0,33.333333333333336,3.2145502536658763,37.0,31.0,34.5,2.880972058175842,38.0,31.0,32.333333333333336,4.228331571527923,38.0,26.0,41.125,17.463782398214278,81.0,25.0,37.2,36.9,34.6,50.0,50.0,60.0,3.0,2.33,1.33,997.0,998.0,1000.0,2034.9,151.62,94.96200000000002,0.0,0.799118809528952,5.885827602210877,4.164381249736298,20.349,34.370000000000005,0.035807386351668656,1274.4900000000002,3249,7.0756000000000006,994009,420.5,70.08333333333333,6.0,4.0,-1.5
115,147.1,28.3,108.3,51.3,61.7,25,0.0,998,65,34.3,2.0,2.33,2023,6,1,18,3,152,22,-1.0,-1.8369701987210297e-16,1.2246467991473532e-16,-1.0,0.43388373911755823,-0.900968867902419,2,2,0,37.0,31.0,32.0,36.0,26.0,27.0,36.333333333333336,5.033222956848059,41.0,31.0,35.333333333333336,3.9327683209994633,41.0,31.0,33.583333333333336,4.399552318822061,41.0,26.0,41.708333333333336,17.20333427405666,81.0,25.0,35.7,37.0,35.6,57.0,50.0,55.0,2.66,2.66,1.66,997.0,997.0,1000.0,2229.5,151.45000000000002,79.919,0.0,0.7992046938656168,5.19769619448076,3.8267199038903215,22.295,33.135,0.0343687030373717,1176.4899999999998,4225,5.4289000000000005,996004,437.7,72.95,4.0,9.0,-1.4000000000000057
107,154.7,33.0,118.0,47.5,48.0,31,0.0,999,75,32.8,0.0,2.0,2023,6,1,19,3,152,22,-0.9659258262890684,0.2588190451025203,1.2246467991473532e-16,-1.0,0.43388373911755823,-0.900968867902419,2,2,0,41.0,37.0,31.0,38.0,26.0,27.0,38.666666666666664,2.081665999468097,41.0,37.0,35.333333333333336,3.9327683209994633,41.0,31.0,34.583333333333336,3.848455022551007,41.0,29.0,42.166666666666664,16.93893551058889,81.0,25.0,34.3,37.2,36.7,65.0,50.0,51.0,2.33,3.0,2.0,998.0,997.0,999.0,2460.0,150.0,65.6,0.0,0.7999831582493001,4.687736735250447,3.575649222750826,24.6,31.799999999999997,0.032832799967167196,1075.84,5625,4.0,998001,439.2,73.2,-3.0,7.0,-1.5
134,158.0,32.3,112.7,60.0,45.0,37,0.0,1000,78,32.2,0.0,2.0,2023,6,1,20,3,152,22,-0.8660254037844386,0.5000000000000001,1.2246467991473532e-16,-1.0,0.43388373911755823,-0.900968867902419,2,2,0,38.0,41.0,37.0,33.0,29.0,47.0,42.333333333333336,5.131601439447559,48.0,38.0,37.833333333333336,6.24232862533349,48.0,31.0,36.166666666666664,5.060243137049116,48.0,29.0,42.208333333333336,16.95256596370085,81.0,25.0,32.8,35.7,36.9,75.0,57.0,50.0,2.0,2.66,2.33,999.0,997.0,998.0,2511.6000000000004,156.0,64.4,0.0,0.7999866668888852,4.891489427571902,3.4890560663756545,25.116000000000003,31.200000000000003,0.0321999678000322,1036.8400000000001,6084,4.0,1000000,456.0,76.0,10.0,11.0,-0.5999999999999943
134,161.3,31.7,107.3,60.0,42.0,43,0.0,1000,81,31.5,0.0,2.0,2023,6,1,21,3,152,22,-0.7071067811865477,0.7071067811865474,1.2246467991473532e-16,-1.0,0.43388373911755823,-0.900968867902419,2,2,0,48.0,38.0,41.0,32.0,29.0,77.0,44.666666666666664,5.773502691896789,48.0,38.0,40.5,6.655824516916913,48.0,31.0,37.75,5.5616380843965665,48.0,31.0,41.0,15.31977976910628,81.0,25.0,32.2,34.3,37.0,78.0,65.0,50.0,2.0,2.33,2.66,1000.0,998.0,997.0,2551.5,162.0,63.0,0.0,0.7999866668888852,5.0881675656919345,3.3847512696760353,25.515,30.5,0.0314999685000315,992.25,6561,4.0,1000000,450.3,75.05,0.0,7.0,-0.7000000000000028
91,164.6,31.0,102.0,38.8,39.0,50,0.0,1001,85,30.9,0.0,2.0,2023,6,1,22,3,152,22,-0.5000000000000004,0.8660254037844384,1.2246467991473532e-16,-1.0,0.43388373911755823,-0.900968867902419,2,3,0,48.0,48.0,38.0,31.0,34.0,81.0,42.333333333333336,9.814954576223993,48.0,31.0,40.5,6.655824516916913,48.0,31.0,37.5,5.807518637702753,48.0,31.0,38.916666666666664,12.843257973050424,71.0,25.0,31.5,32.8,37.2,81.0,75.0,50.0,2.0,2.0,3.0,1000.0,999.0,997.0,2626.5,170.0,61.8,0.0,0.7989484807092602,5.309506144963065,3.2902164446308184,26.265,29.9,0.0308691000308691,954.81,7225,4.0,1002001,406.40000000000003,67.73333333333333,-17.0,-7.0,-0.6000000000000014
98,157.4,27.3,100.7,42.5,39.0,56,0.0,1001,86,30.7,0.0,2.0,2023,6,1,23,3,152,22,-0.25881904510252157,0.9659258262890681,1.2246467991473532e-16,-1.0,0.43388373911755823,-0.900968867902419,2,3,0,31.0,48.0,48.0,37.0,37.0,71.0,37.666666666666664,9.073771725877938,48.0,31.0,40.0,7.071067811864914,48.0,31.0,37.25,5.894913061275129,48.0,31.0,37.375,10.89799542795968,71.0,25.0,30.9,32.2,35.7,85.0,78.0,57.0,2.0,2.0,2.66,1001.0,1000.0,997.0,2640.2,172.0,61.4,0.0,0.7999811769134845,5.765356580345042,3.688509578403721,26.401999999999997,29.7,0.0306693000306693,942.49,7396,4.0,1002001,400.90000000000003,66.81666666666668,3.0,-14.0,-0.1999999999999993
110,150.2,23.7,99.3,48.8,39.0,62,0.0,1001,88,30.4,0.0,2.0,2023,6,2,0,4,153,22,0.0,1.0,1.2246467991473532e-16,-1.0,-0.433883739117558,-0.9009688679024191,2,3,0,34.0,31.0,48.0,41.0,36.0,71.0,34.666666666666664,4.0414518843285645,39.0,31.0,39.666666666666664,7.061633427660955,48.0,31.0,37.5,5.9006933336832486,48.0,31.0,36.041666666666664,8.238188734375541,55.0,25.0,30.7,31.5,34.3,86.0,81.0,65.0,2.0,2.0,2.33,1001.0,1000.0,998.0,2675.2,176.0,60.8,0.0,0.7991639515583698,6.337285346609847,4.1896966372726885,26.752,29.4,0.0303696000303696,924.16,7744,4.0,1002001,400.0,66.66666666666667,5.0,-9.0,-0.3000000000000007
91,143.0,20.0,98.0,38.8,39.0,68,0.0,1000,90,30.2,0.0,2.0,2023,6,2,1,4,153,22,0.25881904510252074,0.9659258262890683,1.2246467991473532e-16,-1.0,-0.433883739117558,-0.9009688679024191,2,3,0,39.0,34.0,31.0,38.0,38.0,55.0,34.666666666666664,4.0414518843285645,39.0,31.0,38.5,7.918333157931125,48.0,31.0,36.916666666666664,6.185883244545083,48.0,31.0,35.041666666666664,7.232049241528121,50.0,25.0,30.4,30.9,32.8,88.0,85.0,75.0,2.0,2.0,2.0,1001.0,1001.0,999.0,2718.0,180.0,60.4,0.0,0.7989484807092602,7.149642517874105,4.899755012249387,27.18,29.2,0.0301999698000302,912.04,8100,4.0,1000000,369.8,61.63333333333333,-8.0,0.0,-0.1999999999999993
89,133.4,16.0,101.0,37.5,37.7,75,0.0,1000,91,30.0,0.0,1.66,2023,6,2,2,4,153,22,0.49999999999999994,0.8660254037844387,1.2246467991473532e-16,-1.0,-0.433883739117558,-0.9009688679024191,2,3,0,31.0,39.0,34.0,48.0,33.0,50.0,33.333333333333336,4.932882862317265,39.0,30.0,35.5,6.949820141556928,48.0,30.0,36.666666666666664,6.4149446725211305,48.0,30.0,34.208333333333336,6.553984295444316,48.0,25.0,30.2,30.7,32.2,90.0,86.0,78.0,2.0,2.0,2.0,1000.0,1001.0,1000.0,2730.0,151.06,49.8,0.0,0.7999786672355405,8.336978938816324,6.312105493406661,27.3,29.17,0.02999997000003,900.0,8281,2.7556,1000000,355.59999999999997,59.26666666666666,-1.0,-4.0,-0.1999999999999993
134,123.9,12.0,104.0,60.0,36.3,81,0.0,1000,91,29.9,0.0,1.33,2023,6,2,3,4,153,22,0.7071067811865476,0.7071067811865476,1.2246467991473532e-16,-1.0,-0.433883739117558,-0.9009688679024191,2,3,0,30.0,31.0,39.0,48.0,32.0,43.0,36.333333333333336,10.115993936996123,48.0,30.0,35.5,6.949820141556928,48.0,30.0,38.0,6.993503478878311,48.0,30.0,34.416666666666664,6.915116816056934,48.0,25.0,30.0,30.4,31.5,91.0,88.0,81.0,1.66,2.0,2.0,1000.0,1001.0,1000.0,2720.9,121.03,39.767,0.0,0.7999866668888852,10.324139655028748,8.665944504624616,27.209,29.235,0.0298999701000299,894.0099999999999,8281,1.7689000000000001,1000000,384.2,64.03333333333333,18.0,9.0,-0.10000000000000142
91,114.4,8.0,107.0,38.8,35.0,87,0.0,1000,92,29.7,0.0,1.0,2023,6,2,4,4,153,22,0.8660254037844386,0.5000000000000001,1.2246467991473532e-16,-1.0,-0.433883739117558,-0.9009688679024191,2,3,0,48.0,30.0,31.0,31.0,31.0,25.0,36.333333333333336,10.115993936996123,48.0,30.0,35.5,6.949820141556928,48.0,30.0,38.0,6.993503478878311,48.0,30.0,34.666666666666664,6.663767485548441,48.0,25.0,29.9,30.2,30.9,91.0,90.0,85.0,1.33,2.0,2.0,1000.0,1000.0,1001.0,2732.4,92.0,29.7,0.0,0.7989484807092602,14.298212723409575,13.373328333958256,27.324,29.2,0.0296999703000297,882.0899999999999,8464,1.0,1000000,334.2,55.699999999999996,-17.0,0.0,-0.1999999999999993
80,123.7,12.7,99.3,32.5,36.3,75,0.0,1000,92,29.8,0.0,1.0,2023,6,2,5,4,153,22,0.9659258262890683,0.25881904510252074,1.2246467991473532e-16,-1.0,-0.433883739117558,-0.9009688679024191,2,3,0,31.0,48.0,30.0,34.0,37.0,25.0,35.0,11.532562594671205,48.0,26.0,34.166666666666664,7.985403350279591,48.0,26.0,37.083333333333336,7.809764672665645,48.0,26.0,34.708333333333336,6.603550867372367,48.0,26.0,29.7,30.0,30.7,92.0,91.0,86.0,1.0,1.66,2.0,1000.0,1000.0,1001.0,2741.6,92.0,29.8,0.0,0.7999753853727578,9.739390599165421,7.818282025037399,27.416,29.3,0.0297999702000298,888.0400000000001,8464,1.0,1000000,330.5,55.083333333333336,-5.0,-4.0,0.10000000000000142
112,133.1,17.3,91.7,50.0,37.7,62,0.0,1001,91,30.0,0.8,1.0,2023,6,2,6,4,153,22,1.0,6.123233995736766e-17,1.2246467991473532e-16,-1.0,-0.433883739117558,-0.9009688679024191,2,0,0,26.0,31.0,48.0,39.0,41.0,26.0,32.333333333333336,7.094598884598316,40.0,26.0,34.333333333333336,8.11582815655042,48.0,26.0,37.0,7.769403861534581,48.0,26.0,35.291666666666664,6.416549029601413,48.0,26.0,29.8,29.9,30.4,92.0,91.0,88.0,1.0,1.33,2.0,1000.0,1000.0,1001.0,2730.0,91.0,30.0,0.0,0.7999840003199936,7.6931969250332335,5.3002716605976525,27.3,29.5,0.029970000029970002,900.0,8281,1.0,1002001,369.8,61.63333333333333,14.0,-8.0,0.1999999999999993
112,142.4,22.0,84.0,50.0,39.0,50,0.0,1001,91,30.1,1.0,1.0,2023,6,2,7,4,153,22,0.9659258262890683,-0.25881904510252063,1.2246467991473532e-16,-1.0,-0.433883739117558,-0.9009688679024191,2,0,0,40.0,26.0,31.0,31.0,38.0,26.0,35.333333333333336,8.082903768655337,40.0,26.0,35.833333333333336,8.20771994323985,48.0,26.0,37.166666666666664,7.814128618124874,48.0,26.0,35.875,6.166617704467101,48.0,26.0,30.0,29.7,30.2,91.0,92.0,90.0,1.0,1.0,2.0,1001.0,1000.0,1000.0,2739.1,91.0,30.1,0.0,0.7999840003199936,6.472433071224035,3.8180082723512565,27.391,29.6,0.0300699000300699,906.0100000000001,8281,1.0,1002001,377.4,62.9,0.0,9.0,0.10000000000000142
91,139.7,18.0,114.0,38.8,47.0,37,0.0,1001,79,31.6,1.7,0.66,2023,6,2,8,4,153,22,0.8660254037844387,-0.4999999999999998,1.2246467991473532e-16,-1.0,-0.433883739117558,-0.9009688679024191,2,0,0,40.0,40.0,26.0,30.0,48.0,29.0,37.0,5.1961524227074705,40.0,31.0,36.0,8.074651695273957,48.0,26.0,35.75,7.187425888945426,48.0,26.0,35.958333333333336,6.0826136163495335,48.0,26.0,30.1,29.8,30.0,91.0,92.0,91.0,1.0,1.0,1.66,1001.0,1000.0,1000.0,2496.4,52.14,20.856,0.0,0.7989484807092602,7.760679962224319,6.33298150102772,24.964000000000002,31.270000000000003,0.031568400031568404,998.5600000000001,6241,0.43560000000000004,1002001,388.5,64.75,-9.0,5.0,1.5
95,137.0,14.0,144.0,41.3,55.0,25,0.0,1001,69,33.0,2.6,0.33,2023,6,2,9,4,153,22,0.7071067811865476,-0.7071067811865475,1.2246467991473532e-16,-1.0,-0.433883739117558,-0.9009688679024191,2,0,0,31.0,40.0,40.0,48.0,48.0,29.0,34.666666666666664,4.725815626253614,40.0,31.0,33.5,5.540758070877092,40.0,26.0,34.5,6.082762530297559,48.0,26.0,36.125,5.936713334614954,48.0,26.0,31.6,30.0,29.9,79.0,91.0,91.0,0.66,1.0,1.33,1001.0,1001.0,1000.0,2277.0,22.77,10.89,0.0,0.7990121304568898,9.785015356045998,10.284979644311122,22.77,32.835,0.032967000032967,1089.0,4761,0.10890000000000001,1002001,424.3,70.71666666666667,2.0,-7.0,1.3999999999999986
104,134.2,10.0,174.0,45.0,63.0,12,0.0,1002,60,34.5,4.0,1.2,2023,6,2,10,4,153,22,0.49999999999999994,-0.8660254037844387,1.2246467991473532e-16,-1.0,-0.433883739117558,-0.9009688679024191,2,0,0,33.0,31.0,40.0,31.0,31.0,34.0,33.333333333333336,2.516611478425559,36.0,31.0,34.333333333333336,5.465040408510865,40.0,26.0,34.916666666666664,5.9917873086005935,48.0,26.0,36.208333333333336,5.919600211726327,48.0,26.0,33.0,30.1,29.7,69.0,91.0,92.0,0.33,1.0,1.0,1001.0,1001.0,1000.0,2070.0,72.0,41.4,0.0,0.7999822226172753,13.41865813418658,17.398260173982603,20.7,33.9,0.0344311033621723,1190.25,3600,1.44,1004004,462.2,77.03333333333333,3.0,-4.0,1.5
108,133.1,9.0,188.3,40.0,61.3,25,0.0,1001,56,35.4,5.9,0.66,2023,6,2,11,4,153,22,0.258819045102521,-0.9659258262890682,1.2246467991473532e-16,-1.0,-0.433883739117558,-0.9009688679024191,2,0,0,36.0,33.0,31.0,26.0,34.0,37.0,33.666666666666664,2.081665999468492,36.0,32.0,35.333333333333336,3.9832984656760253,40.0,31.0,34.75,6.04716312151192,48.0,26.0,36.0,5.97822134374316,48.0,26.0,34.5,31.6,29.8,60.0,79.0,92.0,1.2,0.66,1.0,1002.0,1001.0,1000.0,1982.3999999999999,36.96,23.364,0.0,0.7999800004999875,14.787245861570938,20.91989778913454,19.823999999999998,35.07,0.035364600035364596,1253.1599999999999,3136,0.43560000000000004,1002001,463.7,77.28333333333333,-4.0,1.0,0.8999999999999986
113,131.9,8.0,202.7,43.8,59.7,37,0.0,1000,51,36.4,5.6,1.33,2023,6,2,12,4,153,22,1.2246467991473532e-16,-1.0,1.2246467991473532e-16,-1.0,-0.433883739117558,-0.9009688679024191,2,1,0,32.0,36.0,33.0,40.0,39.0,36.0,34.333333333333336,2.0816659994684374,36.0,32.0,34.5,3.271085446757697,40.0,31.0,34.416666666666664,5.900051360844075,48.0,26.0,35.958333333333336,5.981705200145935,48.0,26.0,35.4,33.0,30.0,56.0,69.0,91.0,0.66,0.33,1.0,1001.0,1001.0,1001.0,1856.3999999999999,67.83,48.412,0.0,0.7990685144174792,16.485439320084993,25.334333208348955,18.564,35.735,0.036399963600036396,1324.9599999999998,2601,1.7689000000000001,1000000,481.1,80.18333333333334,3.0,2.0,1.0
117,130.7,7.0,217.0,47.5,58.0,50,0.0,1000,48,37.3,6.1,2.0,2023,6,2,13,4,153,22,-0.2588190451025208,-0.9659258262890683,1.2246467991473532e-16,-1.0,-0.433883739117558,-0.9009688679024191,2,1,0,35.0,32.0,36.0,40.0,31.0,38.0,35.0,3.000000000001562,38.0,32.0,34.166666666666664,2.639444385975302,38.0,31.0,35.0,5.877538136451905,48.0,26.0,35.958333333333336,5.981705200145935,48.0,26.0,36.4,34.5,30.1,51.0,60.0,91.0,1.33,1.2,1.0,1000.0,1002.0,1001.0,1790.3999999999999,96.0,74.6,0.0,0.7999831582493001,18.668761605484928,30.995572061134123,17.904,36.3,0.0372999627000373,1391.2899999999997,2304,4.0,1000000,498.2,83.03333333333333,3.0,2.0,0.8999999999999986
114,130.5,8.3,206.3,47.5,56.7,45,0.0,999,47,37.5,5.1,2.0,2023,6,2,14,4,153,22,-0.4999999999999997,-0.8660254037844388,1.2246467991473532e-16,-1.0,-0.433883739117558,-0.9009688679024191,2,1,0,38.0,35.0,32.0,31.0,30.0,33.0,37.0,1.7320508075713854,38.0,35.0,35.333333333333336,2.5033311140672057,38.0,32.0,35.666666666666664,5.710171679210061,48.0,26.0,36.166666666666664,5.961227380671004,48.0,26.0,37.3,35.4,31.6,48.0,56.0,79.0,2.0,0.66,0.66,1000.0,1001.0,1001.0,1762.5,94.0,75.0,0.0,0.7999831582493001,15.720997470184315,24.85242741838333,17.625,36.5,0.0375374999624625,1406.25,2209,4.0,998001,487.3,81.21666666666667,0.0,6.0,0.20000000000000284
111,130.3,9.7,195.7,46.3,55.3,41,0.0,998,46,37.8,4.3,2.0,2023,6,2,15,4,153,22,-0.7071067811865471,-0.7071067811865479,1.2246467991473532e-16,-1.0,-0.433883739117558,-0.9009688679024191,2,1,0,38.0,38.0,35.0,33.0,48.0,32.0,37.666666666666664,0.577350269196952,38.0,37.0,36.0,2.280350850196198,38.0,32.0,34.75,4.245318276963372,40.0,26.0,36.375,5.896295815834705,48.0,26.0,37.5,36.4,33.0,47.0,51.0,69.0,2.0,1.33,0.33,999.0,1000.0,1001.0,1738.8,92.0,75.6,0.0,0.799118809528952,13.431604989176376,20.17317802288424,17.387999999999998,36.8,0.037875713551389224,1428.8399999999997,2116,4.0,996004,474.3,79.05,-1.0,2.0,0.29999999999999716
107,130.1,11.0,185.0,38.8,54.0,37,0.0,998,44,38.0,2.7,2.0,2023,6,2,16,4,153,22,-0.8660254037844385,-0.5000000000000004,1.2246467991473532e-16,-1.0,-0.433883739117558,-0.9009688679024191,2,1,0,37.0,38.0,38.0,36.0,31.0,31.0,35.333333333333336,3.785938897201406,38.0,31.0,35.166666666666664,3.0605010483018793,38.0,31.0,34.75,4.2453182769633715,40.0,26.0,36.375,5.896295815834705,48.0,26.0,37.8,37.3,34.5,46.0,48.0,60.0,2.0,2.0,1.2,998.0,1000.0,1002.0,1672.0,88.0,76.0,0.0,0.7989484807092602,11.826197618398327,16.81665303154259,16.72,37.0,0.03807611415219023,1444.0,1936,4.0,996004,449.90000000000003,74.98333333333333,-6.0,-7.0,0.20000000000000284
98,127.4,14.3,158.3,40.0,49.3,29,0.0,998,51,36.5,1.8,2.0,2023,6,2,17,4,153,22,-0.9659258262890683,-0.25881904510252063,1.2246467991473532e-16,-1.0,-0.433883739117558,-0.9009688679024191,2,1,0,31.0,37.0,38.0,32.0,26.0,37.0,33.333333333333336,3.214550253665866,37.0,31.0,35.166666666666664,3.0605010483018793,38.0,31.0,35.25,3.387812380765018,40.0,31.0,36.166666666666664,5.961227380671004,48.0,26.0,38.0,37.5,35.4,44.0,47.0,56.0,2.0,2.0,0.66,998.0,999.0,1001.0,1861.5,102.0,73.0,0.0,0.7999800004999875,8.908467939304945,11.069156003076708,18.615,35.5,0.03657310964618272,1332.25,2601,4.0,996004,421.3,70.21666666666667,1.0,-6.0,-1.5
126,124.7,17.7,131.7,56.3,44.7,20,0.0,999,58,35.0,1.5,2.0,2023,6,2,18,4,153,22,-1.0,-1.8369701987210297e-16,1.2246467991473532e-16,-1.0,-0.433883739117558,-0.9009688679024191,2,2,0,32.0,31.0,37.0,35.0,40.0,41.0,36.0,7.810249675907233,45.0,31.0,36.833333333333336,5.03653319920136,45.0,31.0,35.666666666666664,4.228331571527938,45.0,31.0,36.333333333333336,6.15500267839245,48.0,26.0,36.5,37.8,36.4,51.0,46.0,51.0,2.0,2.0,1.33,998.0,998.0,1000.0,2030.0,116.0,70.0,0.0,0.7992753237065062,7.044799728828879,7.440257612564261,20.3,34.0,0.035034999964965,1225.0,3364,4.0,998001,420.1,70.01666666666667,13.0,8.0,-1.5
157,122.0,21.0,105.0,76.3,40.0,12,0.0,1000,66,33.5,0.0,2.0,2023,6,2,19,4,153,22,-0.9659258262890684,0.2588190451025203,1.2246467991473532e-16,-1.0,-0.433883739117558,-0.9009688679024191,2,2,0,45.0,32.0,31.0,38.0,40.0,38.0,46.0,14.525839046334143,61.0,32.0,40.666666666666664,11.147495981908172,61.0,31.0,37.416666666666664,8.43648282308656,61.0,31.0,37.291666666666664,7.953556309665412,61.0,26.0,35.0,38.0,37.3,58.0,44.0,48.0,2.0,2.0,2.0,999.0,998.0,1000.0,2211.0,132.0,67.0,0.0,0.7994652756844602,5.809247178705776,4.999761916099233,22.11,32.5,0.0334999665000335,1122.25,4356,4.0,1000000,425.3,70.88333333333334,16.0,30.0,-1.5
195,120.0,20.3,97.3,111.3,36.7,16,0.0,1001,67,32.3,0.0,2.0,2023,6,2,20,4,153,22,-0.8660254037844386,0.5000000000000001,1.2246467991473532e-16,-1.0,-0.433883739117558,-0.9009688679024191,2,2,0,61.0,45.0,32.0,38.0,31.0,48.0,65.0,22.27105745132007,89.0,45.0,49.166666666666664,22.43583443214586,89.0,31.0,42.25,16.847578730811787,89.0,31.0,39.0,13.094970823547857,89.0,26.0,33.5,36.5,37.5,66.0,51.0,47.0,2.0,2.0,2.0,1000.0,998.0,999.0,2164.1,134.0,64.6,0.0,0.7996334264741557,5.911038865080537,4.792867346436136,21.641,31.299999999999997,0.0322677000322677,1043.2899999999997,4489,4.0,1002001,474.6,79.10000000000001,28.0,57.0,-1.2000000000000028
195,118.1,19.7,89.7,111.3,33.3,20,0.0,1003,68,31.1,0.0,2.0,2023,6,2,21,4,153,22,-0.7071067811865477,0.7071067811865474,1.2246467991473532e-16,-1.0,-0.433883739117558,-0.9009688679024191,2,2,0,89.0,61.0,45.0,37.0,33.0,48.0,79.66666666666667,16.16580753730934,89.0,61.0,57.833333333333336,26.475775090951817,89.0,31.0,46.916666666666664,21.236582216600137,89.0,31.0,40.708333333333336,16.541066593722906,89.0,26.0,32.3,35.0,37.8,67.0,58.0,46.0,2.0,2.0,2.0,1001.0,999.0,998.0,2114.8,136.0,62.2,0.0,0.7996334264741557,5.994619562458758,4.55306837216385,21.148000000000003,30.1,0.031006948148606037,967.21,4624,4.0,1006009,461.1,76.85000000000001,0.0,44.0,-1.1999999999999957
153,116.1,19.0,82.0,72.5,30.0,25,0.0,1005,69,29.9,0.0,2.0,2023,6,2,22,4,153,22,-0.5000000000000004,0.8660254037844384,1.2246467991473532e-16,-1.0,-0.433883739117558,-0.9009688679024191,2,3,0,89.0,89.0,61.0,31.0,36.0,31.0,78.66666666666667,17.897858344878244,89.0,58.0,62.333333333333336,23.07957249748501,89.0,32.0,48.75,21.157955735587592,89.0,31.0,41.833333333333336,16.768673346365436,89.0,26.0,31.1,33.5,38.0,68.0,66.0,44.0,2.0,2.0,2.0,1003.0,1000.0,998.0,2063.1,138.0,59.8,0.0,0.799988965669439,6.110204726067049,4.3155623388242725,20.631,28.9,0.029751214177896338,894.0099999999999,4761,4.0,1010025,377.6,62.93333333333334,-31.0,-3.0,-1.2000000000000028
67,115.0,18.3,77.0,25.0,31.3,37,0.0,1005,75,28.5,0.0,2.0,2023,6,2,23,4,153,22,-0.25881904510252157,0.9659258262890681,1.2246467991473532e-16,-1.0,-0.433883739117558,-0.9009688679024191,2,3,0,58.0,89.0,89.0,32.0,32.0,34.0,55.666666666666664,34.559128075420766,89.0,20.0,60.333333333333336,26.50031446354299,89.0,20.0,47.75,22.27564915899284,89.0,20.0,41.25,17.28847316415857,89.0,20.0,29.9,32.3,36.5,69.0,67.0,51.0,2.0,2.0,2.0,1005.0,1001.0,998.0,2137.5,150.0,57.0,0.0,0.7999680012799487,6.283809627889186,4.207420359543194,21.375,27.5,0.02835818073812862,812.25,5625,4.0,1010025,286.6,47.76666666666667,-38.0,-69.0,-1.3999999999999986
63,113.8,17.7,72.0,22.5,32.7,50,0.0,1005,82,27.2,0.0,2.0,2023,6,3,0,5,154,22,0.0,1.0,1.2246467991473532e-16,-1.0,-0.9749279121818236,-0.2225209339563146,2,3,1,20.0,58.0,89.0,45.0,35.0,39.0,32.0,22.53885533916953,58.0,18.0,55.833333333333336,31.454199507643875,89.0,18.0,46.333333333333336,23.657915582252013,89.0,18.0,40.375,17.92693504199769,89.0,18.0,28.5,31.1,35.0,75.0,68.0,58.0,2.0,2.0,2.0,1005.0,1003.0,999.0,2230.4,164.0,54.4,0.0,0.7999644460246211,6.429015309869499,4.067566804135359,22.304000000000002,26.2,0.027064649686915736,739.8399999999999,6724,4.0,1010025,276.7,46.11666666666667,-2.0,-71.0,-1.3000000000000007
46,112.6,17.0,67.0,13.8,34.0,62,0.0,1005,89,25.8,0.0,2.0,2023,6,3,1,5,154,22,0.25881904510252074,0.9659258262890683,1.2246467991473532e-16,-1.0,-0.9749279121818236,-0.2225209339563146,2,3,1,18.0,20.0,58.0,61.0,38.0,31.0,16.333333333333332,4.725815626254358,20.0,11.0,47.5,36.09293559687262,89.0,11.0,44.083333333333336,25.716843908342508,89.0,11.0,39.541666666666664,18.824080707773174,89.0,11.0,27.2,29.9,33.5,82.0,69.0,66.0,2.0,2.0,2.0,1005.0,1005.0,1000.0,2296.2000000000003,178.0,51.6,0.0,0.7970436924860518,6.623139815304981,3.940944650314687,22.962000000000003,24.8,0.025671616247148015,665.64,7921,4.0,1010025,255.4,42.56666666666667,-7.0,-47.0,-1.3999999999999986
37,111.3,15.3,65.0,11.3,35.0,45,0.0,1004,89,25.7,0.0,1.66,2023,6,3,2,5,154,22,0.49999999999999994,0.8660254037844387,1.2246467991473532e-16,-1.0,-0.9749279121818236,-0.2225209339563146,2,3,1,11.0,18.0,20.0,89.0,38.0,30.0,12.666666666666666,4.725815626254497,18.0,9.0,34.166666666666664,32.27021330370558,89.0,9.0,41.666666666666664,27.631777928956073,89.0,9.0,38.666666666666664,19.75208666283733,89.0,9.0,25.8,28.5,32.3,89.0,75.0,67.0,2.0,2.0,2.0,1005.0,1005.0,1001.0,2287.2999999999997,147.73999999999998,42.662,0.0,0.7963897000265463,7.274034376838115,4.248088360237893,22.872999999999998,24.87,0.025597584066151327,660.49,7921,2.7556,1008016,246.9,41.15,-2.0,-11.0,-0.10000000000000142
37,109.9,13.7,63.0,11.3,36.0,29,0.0,1003,89,25.5,0.0,1.33,2023,6,3,3,5,154,22,0.7071067811865476,0.7071067811865476,1.2246467991473532e-16,-1.0,-0.9749279121818236,-0.2225209339563146,2,3,1,9.0,11.0,18.0,89.0,37.0,48.0,9.666666666666666,1.1547005383874525,11.0,9.0,20.833333333333332,18.79804954421209,58.0,9.0,39.333333333333336,29.199418840210722,89.0,9.0,37.041666666666664,20.539419505506782,89.0,9.0,25.7,27.2,31.1,89.0,82.0,68.0,1.66,2.0,2.0,1004.0,1005.0,1003.0,2269.5,118.37,33.915,0.0,0.7963897000265463,8.021312312969858,4.598204510619663,22.695,24.835,0.02542370346589884,650.25,7921,1.7689000000000001,1006009,242.90000000000003,40.48333333333334,0.0,-9.0,-0.1999999999999993
37,108.5,12.0,61.0,11.3,37.0,12,0.0,1003,89,25.4,0.0,1.0,2023,6,3,4,5,154,22,0.8660254037844386,0.5000000000000001,1.2246467991473532e-16,-1.0,-0.9749279121818236,-0.2225209339563146,2,3,1,9.0,9.0,11.0,58.0,31.0,31.0,9.0,0.0,9.0,9.0,12.666666666666666,5.0066622281366,20.0,9.0,37.5,30.434728966638087,89.0,9.0,36.125,21.297708592812317,89.0,9.0,25.5,25.8,29.9,89.0,89.0,69.0,1.33,2.0,2.0,1003.0,1005.0,1005.0,2260.6,89.0,25.4,0.0,0.7963897000265463,9.040913257228565,5.0829097575202065,22.605999999999998,24.9,0.02532400266799335,645.16,7921,1.0,1006009,238.8,39.800000000000004,0.0,-2.0,-0.10000000000000142
37,112.2,13.0,63.0,11.3,39.3,14,0.0,1003,87,26.1,0.0,1.0,2023,6,3,5,5,154,22,0.9659258262890683,0.25881904510252074,1.2246467991473532e-16,-1.0,-0.9749279121818236,-0.2225209339563146,2,3,1,9.0,9.0,9.0,20.0,32.0,26.0,9.0,0.0,9.0,9.0,10.833333333333334,3.6009258068792738,18.0,9.0,35.583333333333336,31.517551627720906,89.0,9.0,35.416666666666664,21.922624142090424,89.0,9.0,25.4,25.7,28.5,89.0,89.0,75.0,1.0,1.66,2.0,1003.0,1004.0,1005.0,2270.7000000000003,87.0,26.1,0.0,0.7963897000265463,8.6301053765095,4.845781093762018,22.707000000000004,25.6,0.026021908253331755,681.21,7569,1.0,1006009,247.8,41.300000000000004,0.0,0.0,0.7000000000000028
69,115.9,14.0,65.0,26.3,41.7,16,0.0,1004,84,26.7,1.9,1.0,2023,6,3,6,5,154,22,1.0,6.123233995736766e-17,1.2246467991473532e-16,-1.0,-0.9749279121818236,-0.2225209339563146,2,0,1,9.0,9.0,9.0,18.0,45.0,40.0,13.0,6.928203230276789,21.0,9.0,11.333333333333334,4.802776974485627,21.0,9.0,33.583333333333336,31.62696873737892,89.0,9.0,34.625,22.092321113317098,89.0,9.0,26.1,25.5,27.2,87.0,89.0,82.0,1.0,1.33,2.0,1003.0,1003.0,1005.0,2242.7999999999997,84.0,26.7,0.0,0.79844872818524,8.277980144275409,4.642525533890437,22.427999999999997,26.2,0.026593599010359553,712.89,7056,1.0,1008016,283.90000000000003,47.31666666666667,12.0,12.0,0.5999999999999979
69,119.6,15.0,67.0,26.3,44.0,18,0.0,1005,82,27.4,1.6,1.0,2023,6,3,7,5,154,22,0.9659258262890683,-0.25881904510252063,1.2246467991473532e-16,-1.0,-0.9749279121818236,-0.2225209339563146,2,0,1,21.0,9.0,9.0,11.0,61.0,40.0,17.0,6.928203230276684,21.0,9.0,13.0,6.19677335393051,21.0,9.0,30.25,30.564759862536743,89.0,9.0,33.833333333333336,22.231326637382082,89.0,9.0,26.7,25.4,25.8,84.0,89.0,89.0,1.0,1.0,2.0,1004.0,1003.0,1005.0,2246.7999999999997,82.0,27.4,0.0,0.79844872818524,7.9728018132124525,4.466368908739417,22.467999999999996,26.9,0.027263654464025407,750.7599999999999,6724,1.0,1010025,292.9,48.81666666666666,0.0,12.0,0.6999999999999993
74,115.7,12.0,89.7,28.8,43.7,20,0.0,1005,75,28.9,2.7,0.66,2023,6,3,8,5,154,22,0.8660254037844387,-0.4999999999999998,1.2246467991473532e-16,-1.0,-0.9749279121818236,-0.2225209339563146,2,0,1,21.0,21.0,9.0,9.0,89.0,31.0,21.666666666666668,1.1547005383855675,23.0,21.0,15.333333333333334,6.976149845484299,23.0,9.0,24.75,24.335253141369556,89.0,9.0,33.5,22.335388181479953,89.0,9.0,27.4,26.1,25.7,82.0,87.0,89.0,1.0,1.0,1.66,1005.0,1003.0,1004.0,2167.5,49.5,19.074,0.0,0.7985833825214401,9.640863261394884,7.474377135238731,21.675,28.57,0.028756190292347966,835.2099999999999,5625,0.43560000000000004,1010025,312.90000000000003,52.150000000000006,2.0,14.0,1.5
100,111.9,9.0,112.3,43.8,43.3,22,0.0,1005,68,30.3,4.4,0.33,2023,6,3,9,5,154,22,0.7071067811865476,-0.7071067811865475,1.2246467991473532e-16,-1.0,-0.9749279121818236,-0.2225209339563146,2,0,1,23.0,21.0,21.0,9.0,89.0,33.0,26.333333333333332,7.571877794401214,35.0,21.0,19.666666666666668,9.77070451229859,35.0,9.0,20.25,14.296375891685095,58.0,9.0,33.583333333333336,22.337172501512406,89.0,9.0,28.9,26.7,25.5,75.0,84.0,89.0,0.66,1.0,1.33,1005.0,1004.0,1003.0,2060.4,22.44,9.999,0.0,0.7990685144174792,12.431952005332743,12.476391512054217,20.604,30.135,0.03014922373211569,918.09,4624,0.10890000000000001,1010025,355.3,59.21666666666667,12.0,14.0,1.4000000000000021
118,108.0,6.0,135.0,52.5,43.0,25,0.0,1005,61,31.8,6.9,0.4,2023,6,3,10,5,154,22,0.49999999999999994,-0.8660254037844387,1.2246467991473532e-16,-1.0,-0.9749279121818236,-0.2225209339563146,2,0,1,35.0,23.0,21.0,9.0,58.0,36.0,33.333333333333336,9.609023536933584,42.0,23.0,25.166666666666668,11.669047376142313,42.0,9.0,18.916666666666668,10.765756599120483,42.0,9.0,33.833333333333336,22.39888713591681,89.0,9.0,30.3,27.4,25.4,68.0,82.0,89.0,0.33,1.0,1.0,1005.0,1005.0,1003.0,1939.8,24.400000000000002,12.72,0.0,0.7999847621950058,17.99700049991668,22.49625062489585,19.398,31.6,0.03164175956043825,1011.24,3721,0.16000000000000003,1010025,386.5,64.41666666666667,7.0,21.0,1.5
118,116.1,8.0,143.0,52.5,52.0,25,0.0,1005,59,32.9,10.1,0.33,2023,6,3,11,5,154,22,0.258819045102521,-0.9659258262890682,1.2246467991473532e-16,-1.0,-0.9749279121818236,-0.2225209339563146,2,0,1,42.0,35.0,23.0,9.0,20.0,32.0,39.666666666666664,4.04145188432836,42.0,35.0,30.666666666666668,10.211105065890544,42.0,21.0,20.75,12.671550095318764,42.0,9.0,34.25,22.456237634467076,89.0,9.0,31.8,28.9,26.1,61.0,75.0,87.0,0.4,0.66,1.0,1005.0,1005.0,1003.0,1941.1,19.470000000000002,10.857,0.0,0.7999847621950058,14.510686164229472,17.872765904261968,19.410999999999998,32.735,0.03273628583454146,1082.4099999999999,3481,0.10890000000000001,1010025,413.6,68.93333333333334,0.0,19.0,1.0999999999999979
123,124.3,10.0,151.0,55.0,61.0,25,0.0,1004,57,33.9,10.8,0.66,2023,6,3,12,5,154,22,1.2246467991473532e-16,-1.0,1.2246467991473532e-16,-1.0,-0.9749279121818236,-0.2225209339563146,2,1,1,42.0,42.0,35.0,21.0,18.0,35.0,42.666666666666664,1.1547005383821975,44.0,42.0,34.5,10.173494974687417,44.0,21.0,22.916666666666668,14.279408781581486,44.0,9.0,34.625,22.54428009978129,89.0,9.0,32.9,30.3,26.7,59.0,68.0,84.0,0.33,0.33,1.0,1005.0,1005.0,1004.0,1932.3,37.620000000000005,22.374,0.0,0.7999854548099126,12.428757124287571,15.098490150984903,19.323,33.57,0.03376490660865875,1149.2099999999998,3249,0.43560000000000004,1008016,445.3,74.21666666666667,2.0,9.0,1.0
129,132.5,12.0,159.0,57.5,70.0,25,0.0,1004,55,35.0,9.9,1.0,2023,6,3,13,5,154,22,-0.2588190451025208,-0.9659258262890683,1.2246467991473532e-16,-1.0,-0.9749279121818236,-0.2225209339563146,2,1,1,44.0,42.0,42.0,21.0,11.0,38.0,44.0,2.0000000000015783,46.0,42.0,38.666666666666664,8.524474568362448,46.0,23.0,25.833333333333332,15.170745372311362,46.0,9.0,34.958333333333336,22.655221428426117,89.0,9.0,33.9,31.8,27.4,57.0,61.0,82.0,0.66,0.4,1.0,1004.0,1005.0,1005.0,1925.0,55.0,35.0,0.0,0.7999860871984835,11.04074660444963,13.248895925339555,19.25,34.5,0.0348605230472878,1225.0,3025,1.0,1008016,477.0,79.5,2.0,4.0,1.1000000000000014
115,129.2,11.3,157.3,51.3,64.3,29,0.0,1003,50,35.6,6.8,0.66,2023,6,3,14,5,154,22,-0.4999999999999997,-0.8660254037844388,1.2246467991473532e-16,-1.0,-0.9749279121818236,-0.2225209339563146,2,1,1,46.0,44.0,42.0,23.0,9.0,38.0,43.666666666666664,2.5166114784248634,46.0,41.0,41.666666666666664,3.723797345004041,46.0,35.0,28.5,14.749422176663268,46.0,9.0,35.083333333333336,22.680995045012633,89.0,9.0,35.0,32.9,28.9,55.0,59.0,75.0,1.0,0.33,0.66,1004.0,1005.0,1005.0,1780.0,33.0,23.496000000000002,0.0,0.7992046938656168,11.432616582603309,13.919122201575084,17.8,35.27,0.03549348405435289,1267.3600000000001,2500,0.43560000000000004,1006009,454.40000000000003,75.73333333333333,-5.0,-1.0,0.6000000000000014
115,125.9,10.7,155.7,51.3,58.7,33,0.0,1002,45,36.2,4.9,0.33,2023,6,3,15,5,154,22,-0.7071067811865471,-0.7071067811865479,1.2246467991473532e-16,-1.0,-0.9749279121818236,-0.2225209339563146,2,1,1,41.0,46.0,44.0,35.0,9.0,37.0,42.666666666666664,2.88675134594931,46.0,41.0,42.666666666666664,1.9663841604985208,46.0,41.0,31.166666666666668,13.763147983809308,46.0,9.0,35.25,22.710369208034045,89.0,9.0,35.6,33.9,30.3,50.0,57.0,68.0,0.66,0.66,0.33,1003.0,1004.0,1005.0,1629.0000000000002,14.850000000000001,11.946000000000002,0.0,0.7992046938656168,11.76525558359032,14.55004205214466,16.290000000000003,36.035000000000004,0.03612770845538079,1310.4400000000003,2025,0.10890000000000001,1004004,443.29999999999995,73.88333333333333,0.0,-3.0,0.6000000000000014
118,122.6,10.0,154.0,52.5,53.0,37,0.0,1001,40,36.8,3.1,1.2,2023,6,3,16,5,154,22,-0.8660254037844385,-0.5000000000000004,1.2246467991473532e-16,-1.0,-0.9749279121818236,-0.2225209339563146,2,1,1,41.0,41.0,46.0,42.0,9.0,31.0,41.333333333333336,0.5773502691959618,42.0,41.0,42.666666666666664,1.9663841604985208,46.0,41.0,33.916666666666664,12.131539161385682,46.0,9.0,35.708333333333336,22.731856915803938,89.0,9.0,36.2,35.0,31.8,45.0,55.0,61.0,0.33,1.0,0.4,1002.0,1004.0,1005.0,1472.0,48.0,44.16,0.0,0.7999847621950058,12.258774122587742,15.398460153984603,14.72,36.199999999999996,0.0367632000367632,1354.2399999999998,1600,1.44,1002001,434.1,72.35000000000001,1.0,-4.0,0.5999999999999943
100,128.4,15.0,135.0,43.8,56.3,50,0.0,1002,49,35.4,1.2,0.33,2023,6,3,17,5,154,22,-0.9659258262890683,-0.25881904510252063,1.2246467991473532e-16,-1.0,-0.9749279121818236,-0.2225209339563146,2,1,1,42.0,41.0,41.0,42.0,9.0,32.0,39.333333333333336,3.785938897201246,42.0,35.0,41.5,3.7282703764604324,46.0,35.0,36.083333333333336,9.258493234305952,46.0,21.0,35.833333333333336,22.718823198753835,89.0,9.0,36.8,35.6,32.9,40.0,50.0,59.0,1.2,0.66,0.33,1001.0,1003.0,1005.0,1734.6,16.17,11.682,0.0,0.7990685144174792,8.559429371375243,8.999400039997333,17.346,35.235,0.03532930605857679,1253.1599999999999,2401,0.10890000000000001,1004004,413.5,68.91666666666667,-7.0,-6.0,-1.3999999999999986
121,134.2,20.0,116.0,53.8,59.7,62,0.0,1002,59,33.9,1.1,0.66,2023,6,3,18,5,154,22,-1.0,-1.8369701987210297e-16,1.2246467991473532e-16,-1.0,-0.9749279121818236,-0.2225209339563146,2,2,1,35.0,42.0,41.0,44.0,21.0,45.0,40.0,4.35889894354157,43.0,35.0,41.333333333333336,3.6147844564591987,46.0,35.0,37.916666666666664,8.106768589869159,46.0,21.0,35.75,22.687383967843264,89.0,9.0,35.4,36.2,33.9,49.0,45.0,57.0,0.33,0.33,0.66,1002.0,1002.0,1004.0,2000.1,38.940000000000005,22.374,0.0,0.7992416497834613,6.70966451677416,5.799710014499275,20.000999999999998,33.57,0.033832301564569296,1149.2099999999998,3481,0.43560000000000004,1004004,426.7,71.11666666666666,8.0,2.0,-1.5
118,140.1,25.0,97.0,52.5,63.0,75,0.25,1003,72,32.5,0.0,1.0,2023,6,3,19,5,154,22,-0.9659258262890684,0.2588190451025203,1.2246467991473532e-16,-1.0,-0.9749279121818236,-0.2225209339563146,2,2,1,43.0,35.0,42.0,46.0,21.0,61.0,40.0,4.35889894354157,43.0,35.0,40.666666666666664,2.8751811537116754,43.0,35.0,39.666666666666664,6.154574548966011,46.0,23.0,34.958333333333336,22.09166509493275,89.0,9.0,33.9,36.8,35.0,59.0,40.0,55.0,0.66,1.2,1.0,1002.0,1001.0,1004.0,2340.0,72.0,32.5,18.75,0.7999847621950058,5.603775848966041,3.8798448062077515,23.4,32.0,0.03240275931928283,1056.25,5184,1.0,1006009,419.6,69.93333333333334,-1.0,0.0,-1.3999999999999986
153,134.2,23.3,87.0,72.5,56.3,75,2.0,1004,73,31.2,0.0,1.0,2023,6,3,20,5,154,22,-0.8660254037844386,0.5000000000000001,1.2246467991473532e-16,-1.0,-0.9749279121818236,-0.2225209339563146,2,2,1,42.0,43.0,35.0,41.0,23.0,89.0,47.666666666666664,8.96288643983278,58.0,42.0,43.5,7.661592523750728,58.0,35.0,42.583333333333336,5.822500764405925,58.0,35.0,33.666666666666664,19.555198723138876,89.0,9.0,32.5,35.4,35.6,72.0,49.0,50.0,1.0,0.33,0.66,1003.0,1002.0,1003.0,2277.6,73.0,31.2,150.0,0.799988965669439,5.759409467404831,3.7337453328183337,22.776,30.7,0.031075666259296555,973.4399999999999,5329,1.0,1008016,431.3,71.88333333333334,16.0,23.0,-1.3000000000000007
121,128.4,21.7,77.0,53.8,49.7,75,3.5,1004,74,29.8,0.0,1.0,2023,6,3,21,5,154,22,-0.7071067811865477,0.7071067811865474,1.2246467991473532e-16,-1.0,-0.9749279121818236,-0.2225209339563146,2,2,1,58.0,42.0,43.0,41.0,35.0,89.0,47.666666666666664,8.96288643983278,58.0,42.0,43.833333333333336,7.574078601827408,58.0,35.0,43.25,5.310795181000479,58.0,35.0,31.75,15.78730915750956,58.0,9.0,31.2,33.9,36.2,73.0,59.0,45.0,1.0,0.66,0.33,1004.0,1002.0,1002.0,2205.2000000000003,74.0,29.8,262.5,0.7992416497834613,5.916778028662273,3.548223584166628,22.052000000000003,29.3,0.029681245337405043,888.0400000000001,5476,1.0,1008016,373.59999999999997,62.26666666666666,-15.0,0.0,-1.3999999999999986
82,122.6,20.0,67.0,33.8,43.0,75,4.5,1005,75,28.5,0.0,1.0,2023,6,3,22,5,154,22,-0.5000000000000004,0.8660254037844384,1.2246467991473532e-16,-1.0,-0.9749279121818236,-0.2225209339563146,2,3,1,43.0,58.0,42.0,42.0,42.0,58.0,42.666666666666664,15.5026879389782,58.0,27.0,41.333333333333336,10.289152864383881,58.0,27.0,42.0,7.096734204099007,58.0,27.0,30.458333333333332,14.782419542694427,58.0,9.0,29.8,32.5,36.8,74.0,72.0,40.0,1.0,1.0,1.2,1004.0,1003.0,1001.0,2137.5,75.0,28.5,337.5,0.7987929351202628,6.129693515324234,3.3498325083745812,21.375,28.0,0.02835818073812862,812.25,5625,1.0,1010025,313.4,52.23333333333333,-16.0,-15.0,-1.3000000000000007
80,117.1,18.0,65.7,32.5,40.0,58,0.0,1005,76,28.4,0.0,1.0,2023,6,3,23,5,154,22,-0.25881904510252157,0.9659258262890681,1.2246467991473532e-16,-1.0,-0.9749279121818236,-0.2225209339563146,2,3,1,27.0,43.0,58.0,35.0,42.0,20.0,32.0,9.539392014170021,43.0,26.0,39.833333333333336,11.923366415012941,58.0,26.0,40.666666666666664,8.467406314625633,58.0,26.0,30.708333333333332,14.647982994156695,58.0,9.0,28.5,31.2,35.4,75.0,73.0,49.0,1.0,1.0,0.33,1005.0,1004.0,1002.0,2158.4,76.0,28.4,0.0,0.7999753853727578,6.505194155880228,3.6497972334870283,21.584,27.9,0.028258678349573782,806.56,5776,1.0,1010025,299.3,49.88333333333333,-1.0,-32.0,-0.10000000000000142
98,111.7,16.0,64.3,42.5,37.0,41,0.0,1005,78,28.3,0.0,1.0,2023,6,4,0,6,155,22,0.0,1.0,1.2246467991473532e-16,-1.0,-0.7818314824680299,0.6234898018587334,2,3,1,26.0,27.0,43.0,43.0,44.0,18.0,29.0,4.358898943542035,34.0,26.0,38.333333333333336,12.011105971835319,58.0,26.0,39.833333333333336,8.600563758829376,58.0,26.0,31.375,14.406557987370917,58.0,9.0,28.4,29.8,33.9,76.0,74.0,59.0,1.0,1.0,0.66,1005.0,1004.0,1002.0,2207.4,78.0,28.3,0.0,0.7999811769134845,6.980813699143803,4.01849884382226,22.074,27.8,0.028159175961018947,800.89,6084,1.0,1010025,305.5,50.916666666666664,8.0,-9.0,-0.09999999999999787
112,106.2,14.0,63.0,50.0,34.0,25,0.0,1005,79,28.2,0.0,1.0,2023,6,4,1,6,155,22,0.25881904510252074,0.9659258262890683,1.2246467991473532e-16,-1.0,-0.7818314824680299,0.6234898018587334,2,3,1,34.0,26.0,27.0,42.0,46.0,11.0,33.333333333333336,7.023769168569225,40.0,26.0,38.0,11.91637528781262,58.0,26.0,39.333333333333336,8.38107536312713,58.0,26.0,32.583333333333336,13.827875647674123,58.0,9.0,28.3,28.5,32.5,78.0,75.0,72.0,1.0,1.0,1.0,1005.0,1005.0,1003.0,2227.7999999999997,79.0,28.2,0.0,0.7999840003199936,7.585172487679452,4.499678594386116,22.278,27.7,0.028059673572464108,795.24,6241,1.0,1010025,307.2,51.199999999999996,6.0,13.0,-0.10000000000000142
98,101.7,12.3,63.7,42.5,33.7,41,0.5,1005,81,28.1,0.0,0.66,2023,6,4,2,6,155,22,0.49999999999999994,0.8660254037844387,1.2246467991473532e-16,-1.0,-0.7818314824680299,0.6234898018587334,2,3,1,40.0,34.0,26.0,58.0,41.0,9.0,36.0,3.4641016151390964,40.0,34.0,34.0,6.782329983124532,43.0,26.0,38.75,8.497325782535215,58.0,26.0,33.625,12.883465979781104,58.0,9.0,28.2,28.4,31.2,79.0,76.0,73.0,1.0,1.0,1.0,1005.0,1005.0,1004.0,2276.1,53.46,18.546000000000003,20.5,0.7999811769134845,8.26762051865702,5.178440777172588,22.761,27.770000000000003,0.027960171183909272,789.6100000000001,6561,0.43560000000000004,1010025,287.9,47.98333333333333,-6.0,8.0,-0.09999999999999787
89,97.3,10.7,64.3,37.5,33.3,58,4.25,1004,83,27.9,0.0,0.33,2023,6,4,3,6,155,22,0.7071067811865476,0.7071067811865476,1.2246467991473532e-16,-1.0,-0.7818314824680299,0.6234898018587334,2,3,1,34.0,40.0,34.0,43.0,41.0,9.0,34.666666666666664,5.03322295684814,40.0,30.0,31.833333333333332,5.231315959360128,40.0,26.0,37.833333333333336,8.819743691733395,58.0,26.0,34.5,11.80640946045111,58.0,9.0,28.1,28.3,29.8,81.0,78.0,74.0,0.66,1.0,1.0,1005.0,1005.0,1004.0,2315.7,27.39,9.207,246.5,0.7999786672355405,9.092608167460986,6.008784225773293,23.156999999999996,27.735,0.027788816943409417,778.41,6889,0.10890000000000001,1008016,273.1,45.51666666666667,-4.0,-4.0,-0.20000000000000284
100,92.8,9.0,65.0,43.8,33.0,75,5.25,1004,85,27.8,0.0,1.2,2023,6,4,4,6,155,22,0.8660254037844386,0.5000000000000001,1.2246467991473532e-16,-1.0,-0.7818314824680299,0.6234898018587334,2,3,1,30.0,34.0,40.0,27.0,42.0,9.0,33.0,2.645751311066562,35.0,30.0,33.166666666666664,4.750438576242871,40.0,26.0,37.25,8.750324669300793,58.0,26.0,35.583333333333336,10.483596572810926,58.0,9.0,27.9,28.2,28.5,83.0,79.0,75.0,0.33,1.0,1.0,1004.0,1005.0,1005.0,2363.0,102.0,33.36,393.75,0.7990685144174792,10.309965559382292,7.221419842239752,23.63,27.2,0.0276892154489886,772.84,7225,1.44,1008016,278.6,46.43333333333334,5.0,-5.0,-0.09999999999999787
121,93.6,9.7,68.0,53.8,33.7,66,1.5,1004,86,28.0,0.0,1.2,2023,6,4,5,6,155,22,0.9659258262890683,0.25881904510252074,1.2246467991473532e-16,-1.0,-0.7818314824680299,0.6234898018587334,2,3,1,35.0,30.0,34.0,26.0,35.0,9.0,36.0,6.557438524302713,43.0,30.0,36.0,4.690415759822429,43.0,30.0,37.916666666666664,8.86728751528787,58.0,26.0,37.0,8.915058096814027,58.0,21.0,27.8,28.1,28.4,85.0,81.0,76.0,1.2,0.66,1.0,1004.0,1005.0,1005.0,2408.0,103.2,33.6,99.0,0.7992416497834613,9.648489846407587,7.009586640552521,24.08,27.4,0.027888418437830242,784.0,7396,1.44,1008016,301.8,50.300000000000004,8.0,9.0,0.1999999999999993
72,94.3,10.3,71.0,27.5,34.3,58,0.5,1005,86,28.1,0.7,1.6,2023,6,4,6,6,155,22,1.0,6.123233995736766e-17,1.2246467991473532e-16,-1.0,-0.7818314824680299,0.6234898018587334,2,0,1,43.0,35.0,30.0,34.0,43.0,21.0,33.333333333333336,10.598742063723584,43.0,22.0,34.0,7.456540752922229,43.0,22.0,36.166666666666664,9.796412454040976,58.0,22.0,37.041666666666664,8.839039720943104,58.0,21.0,28.0,27.9,28.3,86.0,83.0,78.0,1.2,0.33,1.0,1004.0,1004.0,1005.0,2416.6,137.6,44.96000000000001,29.0,0.7999709101487218,9.15445102417241,6.89253470536841,24.166,27.3,0.027960171183909272,789.6100000000001,7396,2.5600000000000005,1010025,259.4,43.23333333333333,-21.0,-8.0,0.10000000000000142
107,95.1,11.0,74.0,47.5,35.0,50,0.5,1005,86,28.3,0.9,2.0,2023,6,4,7,6,155,22,0.9659258262890683,-0.25881904510252063,1.2246467991473532e-16,-1.0,-0.7818314824680299,0.6234898018587334,2,0,1,22.0,43.0,35.0,40.0,42.0,21.0,34.333333333333336,10.969655114603343,43.0,22.0,33.666666666666664,7.174027227900418,43.0,22.0,35.833333333333336,9.646792527083713,58.0,22.0,37.75,8.152086956058234,58.0,22.0,28.1,27.8,28.2,86.0,85.0,79.0,1.6,1.2,1.0,1005.0,1004.0,1005.0,2433.8,172.0,56.6,25.0,0.7999831582493001,8.644668666484865,6.726661212617035,24.338,27.3,0.028159175961018947,800.89,7396,4.0,1010025,300.6,50.1,16.0,3.0,0.1999999999999993
112,91.6,9.0,85.7,50.0,32.0,41,0.5,1005,77,29.9,1.8,1.0,2023,6,4,8,6,155,22,0.8660254037844387,-0.4999999999999998,1.2246467991473532e-16,-1.0,-0.7818314824680299,0.6234898018587334,2,0,1,38.0,22.0,43.0,34.0,58.0,23.0,33.333333333333336,9.865765724633018,40.0,22.0,34.666666666666664,7.63326055278194,43.0,22.0,34.333333333333336,6.893123494842058,43.0,22.0,38.458333333333336,7.529531232401835,58.0,22.0,28.3,28.0,28.1,86.0,86.0,81.0,2.0,1.2,0.66,1005.0,1004.0,1005.0,2302.2999999999997,77.0,29.9,20.5,0.7999840003199936,10.176647039217865,9.521164315076103,23.022999999999996,29.4,0.029751214177896338,894.0099999999999,5929,1.0,1010025,308.3,51.38333333333333,2.0,-3.0,1.5999999999999979
129,88.1,7.0,97.3,57.5,29.0,33,1.0,1005,69,31.4,2.9,2.0,2023,6,4,9,6,155,22,0.7071067811865476,-0.7071067811865475,1.2246467991473532e-16,-1.0,-0.7818314824680299,0.6234898018587334,2,0,1,40.0,38.0,22.0,30.0,43.0,35.0,41.333333333333336,4.16333199893315,46.0,38.0,37.333333333333336,8.430104783848043,46.0,22.0,34.583333333333336,7.279589565519221,46.0,22.0,38.916666666666664,7.6437906978075185,58.0,22.0,29.9,28.1,27.9,77.0,86.0,83.0,1.0,1.6,0.33,1005.0,1005.0,1004.0,2166.6,138.0,62.8,33.0,0.7999860871984835,12.583916583345236,13.898014569347236,21.666,30.4,0.031243750006218898,985.9599999999999,4761,4.0,1010025,324.9,54.15,6.0,24.0,1.5
134,84.6,5.0,109.0,60.0,26.0,25,0.0,1005,62,33.0,4.3,3.0,2023,6,4,10,6,155,22,0.49999999999999994,-0.8660254037844387,1.2246467991473532e-16,-1.0,-0.7818314824680299,0.6234898018587334,2,0,1,46.0,40.0,38.0,35.0,27.0,42.0,44.666666666666664,4.1633319989330015,48.0,40.0,39.5,9.33273807625563,48.0,22.0,36.333333333333336,7.796658180776617,48.0,22.0,39.166666666666664,7.844503291098981,58.0,22.0,31.4,28.3,27.8,69.0,86.0,85.0,2.0,2.0,1.2,1005.0,1005.0,1004.0,2046.0,186.0,99.0,0.0,0.7999866668888852,16.916616676664663,21.795640871825633,20.46,31.5,0.032835788223096296,1089.0,3844,9.0,1010025,332.6,55.43333333333334,2.0,10.0,1.6000000000000014
118,91.0,6.3,117.0,52.5,33.7,25,0.0,1005,58,33.7,4.8,2.66,2023,6,4,11,6,155,22,0.258819045102521,-0.9659258262890682,1.2246467991473532e-16,-1.0,-0.7818314824680299,0.6234898018587334,2,0,1,48.0,46.0,40.0,43.0,26.0,42.0,45.333333333333336,3.055050463304855,48.0,42.0,39.333333333333336,9.266426855409708,48.0,22.0,37.666666666666664,7.215303601415416,48.0,22.0,39.166666666666664,7.844503291098981,58.0,22.0,33.0,29.9,28.0,62.0,77.0,86.0,3.0,1.0,1.2,1005.0,1005.0,1004.0,1954.6000000000001,154.28,89.64200000000001,0.0,0.7999847621950058,14.442152039358831,18.568481193461356,19.546000000000003,32.370000000000005,0.03353230494298016,1135.6900000000003,3364,7.0756000000000006,1010025,342.5,57.083333333333336,-6.0,2.0,0.7000000000000028
89,97.5,7.7,125.0,37.5,41.3,25,0.0,1004,54,34.3,4.7,2.33,2023,6,4,12,6,155,22,1.2246467991473532e-16,-1.0,1.2246467991473532e-16,-1.0,-0.7818314824680299,0.6234898018587334,2,1,1,42.0,48.0,46.0,22.0,34.0,44.0,40.0,9.165151389912108,48.0,30.0,40.666666666666664,6.408327915038265,48.0,30.0,37.333333333333336,7.487363091275744,48.0,22.0,38.583333333333336,7.988669512485464,58.0,22.0,33.7,31.4,28.1,58.0,69.0,86.0,2.66,2.0,1.6,1005.0,1005.0,1005.0,1852.1999999999998,125.82000000000001,79.919,0.0,0.7999786672355405,12.660693416439422,16.231658226204388,18.522,33.135,0.034163312586342046,1176.4899999999998,2916,5.4289000000000005,1008016,339.0,56.5,-12.0,-16.0,0.5999999999999943
98,103.9,9.0,133.0,42.5,49.0,25,0.0,1003,51,35.0,3.9,2.0,2023,6,4,13,6,155,22,-0.2588190451025208,-0.9659258262890683,1.2246467991473532e-16,-1.0,-0.7818314824680299,0.6234898018587334,2,1,1,30.0,42.0,48.0,38.0,40.0,46.0,35.333333333333336,6.110100926608567,42.0,30.0,40.0,6.928203230274919,48.0,30.0,36.833333333333336,7.493431467058822,48.0,22.0,38.083333333333336,7.8790678474634275,58.0,22.0,34.3,33.0,28.3,54.0,62.0,86.0,2.33,3.0,2.0,1004.0,1005.0,1005.0,1785.0,102.0,70.0,0.0,0.7999811769134845,11.543161870903234,14.77613598489057,17.85,34.0,0.034895279266919974,1225.0,2601,4.0,1006009,371.4,61.9,4.0,-14.0,0.7000000000000028
107,113.6,12.3,124.0,47.5,56.3,33,0.0,1002,50,35.3,3.0,2.33,2023,6,4,14,6,155,22,-0.4999999999999997,-0.8660254037844388,1.2246467991473532e-16,-1.0,-0.7818314824680299,0.6234898018587334,2,1,1,34.0,30.0,42.0,40.0,34.0,41.0,34.0,4.000000000001255,38.0,30.0,39.666666666666664,6.976149845484857,48.0,30.0,37.166666666666664,7.444745961027455,48.0,22.0,37.958333333333336,7.854542671582767,58.0,22.0,35.0,33.7,29.9,51.0,58.0,77.0,2.0,2.66,1.0,1003.0,1005.0,1005.0,1764.9999999999998,116.5,82.249,0.0,0.7999831582493001,9.235021542963986,10.080481261686042,17.65,34.135,0.035229505758976286,1246.0899999999997,2500,5.4289000000000005,1004004,391.7,65.28333333333333,4.0,-4.0,0.29999999999999716
107,123.3,15.7,115.0,47.5,63.7,41,0.0,1002,49,35.7,2.0,2.66,2023,6,4,15,6,155,22,-0.7071067811865471,-0.7071067811865479,1.2246467991473532e-16,-1.0,-0.7818314824680299,0.6234898018587334,2,1,1,38.0,34.0,30.0,46.0,30.0,41.0,36.666666666666664,2.3094010767604645,38.0,34.0,38.333333333333336,6.250333324444227,48.0,30.0,37.833333333333336,7.094598884597038,48.0,22.0,37.833333333333336,7.827858092661423,58.0,22.0,35.3,34.3,31.4,50.0,54.0,69.0,2.33,2.33,2.0,1002.0,1004.0,1005.0,1749.3000000000002,130.34,94.96200000000002,0.0,0.7999831582493001,7.853002993439909,7.324374243678747,17.493000000000002,34.370000000000005,0.03562870695737829,1274.4900000000002,2401,7.0756000000000006,1004004,403.2,67.2,0.0,8.0,0.4000000000000057
93,133.1,19.0,106.0,40.0,71.0,50,0.25,1001,48,36.0,1.3,3.0,2023,6,4,16,6,155,22,-0.8660254037844385,-0.5000000000000004,1.2246467991473532e-16,-1.0,-0.7818314824680299,0.6234898018587334,2,1,1,38.0,38.0,34.0,48.0,35.0,42.0,36.0,3.464101615139096,38.0,32.0,35.666666666666664,4.457203906784757,42.0,30.0,37.583333333333336,7.254570137422346,48.0,22.0,37.416666666666664,7.862495823828104,58.0,22.0,35.7,35.0,33.0,49.0,51.0,62.0,2.66,2.0,3.0,1002.0,1003.0,1005.0,1728.0,144.0,108.0,12.5,0.7999800004999875,7.004894479237934,5.578653755065522,17.28,34.5,0.035964000035964,1296.0,2304,9.0,1002001,401.1,66.85000000000001,-6.0,-2.0,0.29999999999999716
91,162.8,36.3,80.3,38.8,67.3,66,0.5,1001,59,33.8,0.9,3.0,2023,6,4,17,6,155,22,-0.9659258262890683,-0.25881904510252063,1.2246467991473532e-16,-1.0,-0.7818314824680299,0.6234898018587334,2,1,1,32.0,38.0,38.0,42.0,43.0,35.0,33.666666666666664,3.7859388972015235,38.0,31.0,33.833333333333336,3.4880749227413106,38.0,30.0,36.583333333333336,7.267090618713806,48.0,22.0,37.25,7.95776896853169,58.0,22.0,36.0,35.3,33.7,48.0,50.0,58.0,3.0,2.33,2.66,1001.0,1002.0,1005.0,1994.1999999999998,177.0,101.39999999999999,33.0,0.7989484807092602,4.484724938706924,2.212060273821658,19.941999999999997,32.3,0.0337662000337662,1142.4399999999998,3481,9.0,1002001,416.50000000000006,69.41666666666667,-1.0,-7.0,-2.200000000000003
148,192.6,53.7,54.7,66.3,63.7,83,0.0,1002,71,31.5,0.6,3.0,2023,6,4,18,6,155,22,-1.0,-1.8369701987210297e-16,1.2246467991473532e-16,-1.0,-0.7818314824680299,0.6234898018587334,2,2,1,31.0,32.0,38.0,30.0,22.0,43.0,38.666666666666664,12.423096769056482,53.0,31.0,37.666666666666664,8.066391179868344,53.0,31.0,39.166666666666664,7.1201804539605575,53.0,30.0,37.666666666666664,8.514267650431991,58.0,22.0,33.8,35.7,34.3,59.0,49.0,54.0,3.0,2.66,2.33,1001.0,1002.0,1004.0,2236.5,213.0,94.5,0.0,0.7993846246662946,3.5865253905886294,1.0186030055306232,22.365,30.0,0.031437094374157315,992.25,5041,9.0,1004004,484.0,80.66666666666667,22.0,15.0,-2.299999999999997
176,222.4,71.0,29.0,93.8,60.0,100,0.5,1003,87,29.3,0.0,3.0,2023,6,4,19,6,155,22,-0.9659258262890684,0.2588190451025203,1.2246467991473532e-16,-1.0,-0.7818314824680299,0.6234898018587334,2,2,1,53.0,31.0,32.0,34.0,38.0,42.0,53.0,22.000000000000068,75.0,31.0,44.5,16.884904500766147,75.0,31.0,42.25,12.527243039943412,75.0,30.0,39.041666666666664,11.415013632575686,75.0,22.0,31.5,36.0,35.0,71.0,48.0,51.0,3.0,3.0,2.0,1002.0,1001.0,1003.0,2549.1,261.0,87.9,50.0,0.7995650366200786,3.132350248588048,0.4084449514795566,25.491,27.8,0.029212333786307294,858.49,7569,9.0,1006009,551.2,91.86666666666667,22.0,43.0,-2.1999999999999993
145,226.2,67.3,32.0,65.0,59.3,87,1.25,1004,87,28.5,0.0,2.0,2023,6,4,20,6,155,22,-0.8660254037844386,0.5000000000000001,1.2246467991473532e-16,-1.0,-0.7818314824680299,0.6234898018587334,2,2,1,75.0,53.0,31.0,38.0,40.0,58.0,60.0,13.000000000000018,75.0,52.0,46.833333333333336,16.77398779857253,75.0,31.0,43.25,12.807135795044879,75.0,30.0,38.791666666666664,11.04134194217635,75.0,22.0,29.3,33.8,35.3,87.0,59.0,50.0,3.0,3.0,2.33,1003.0,1001.0,1002.0,2479.5,174.0,57.0,108.75,0.7999876924970385,3.3610198956924857,0.4754758473128185,24.795,27.5,0.028386425909934353,812.25,7569,4.0,1008016,501.8,83.63333333333334,-23.0,21.0,-0.8000000000000007
65,230.1,63.7,35.0,23.8,58.7,75,2.0,1004,88,27.8,0.0,1.0,2023,6,4,21,6,155,22,-0.7071067811865477,0.7071067811865474,1.2246467991473532e-16,-1.0,-0.7818314824680299,0.6234898018587334,2,2,1,52.0,75.0,53.0,38.0,46.0,43.0,48.666666666666664,28.14841617806121,75.0,19.0,43.666666666666664,20.21550560007489,75.0,19.0,41.0,14.535223674671114,75.0,19.0,37.791666666666664,11.710193131985916,75.0,19.0,28.5,31.5,35.7,87.0,71.0,49.0,2.0,3.0,2.66,1004.0,1002.0,1002.0,2446.4,88.0,27.8,150.0,0.7982857863114995,3.612188191708136,0.5494419239886345,24.464000000000002,27.3,0.0276892154489886,772.84,7744,1.0,1008016,430.3,71.71666666666667,-33.0,-34.0,-0.6999999999999993
72,234.0,60.0,38.0,27.5,58.0,62,1.5,1005,88,27.0,0.0,0.4,2023,6,4,22,6,155,22,-0.5000000000000004,0.8660254037844384,1.2246467991473532e-16,-1.0,-0.7818314824680299,0.6234898018587334,2,3,1,19.0,52.0,75.0,32.0,48.0,27.0,31.0,18.248287590894968,52.0,19.0,42.0,21.725560982400253,75.0,19.0,38.833333333333336,15.313887537628835,75.0,19.0,37.583333333333336,11.952502618304838,75.0,19.0,27.8,29.3,36.0,88.0,87.0,48.0,1.0,3.0,3.0,1004.0,1003.0,1001.0,2376.0,35.2,10.8,93.0,0.7999709101487218,3.8999350010833154,0.6333227779537008,23.76,26.8,0.02686564490980606,729.0,7744,0.16000000000000003,1010025,439.5,73.25,3.0,-53.0,-0.8000000000000007
78,203.1,49.7,43.3,31.3,49.3,50,1.0,1005,88,27.0,0.0,0.8,2023,6,4,23,6,155,22,-0.25881904510252157,0.9659258262890681,1.2246467991473532e-16,-1.0,-0.7818314824680299,0.6234898018587334,2,3,1,22.0,19.0,52.0,31.0,42.0,26.0,22.0,3.000000000002446,25.0,19.0,41.0,22.458851261807492,75.0,19.0,37.416666666666664,15.773731519859156,75.0,19.0,37.541666666666664,11.99630075831972,75.0,19.0,27.0,28.5,33.8,88.0,87.0,59.0,0.4,2.0,3.0,1005.0,1004.0,1001.0,2376.0,70.4,21.6,50.0,0.7986965272674994,4.086436892617854,0.8712098348121767,23.76,26.6,0.02686564490980606,729.0,7744,0.6400000000000001,1010025,401.70000000000005,66.95,3.0,-27.0,0.0
115,172.2,39.3,48.7,51.3,40.7,37,0.25,1004,88,27.0,0.0,1.2,2023,6,5,0,0,156,23,0.0,1.0,1.2246467991473532e-16,-1.0,0.0,1.0,2,3,0,25.0,22.0,19.0,53.0,30.0,34.0,29.333333333333332,10.214368964030294,41.0,22.0,39.0,21.697926168184633,75.0,19.0,38.333333333333336,15.622439184090245,75.0,19.0,37.833333333333336,11.99154291362374,75.0,19.0,27.0,27.8,31.5,88.0,88.0,71.0,0.8,1.0,3.0,1005.0,1004.0,1002.0,2376.0,105.6,32.4,9.25,0.7992046938656168,4.381567899035648,1.2391542199944023,23.76,26.4,0.02689240349362202,729.0,7744,1.44,1008016,393.2,65.53333333333333,16.0,22.0,0.0
118,141.2,29.0,54.0,52.5,32.0,25,1.5,1004,88,27.0,0.0,1.2,2023,6,5,1,0,156,23,0.25881904510252074,0.9659258262890683,1.2246467991473532e-16,-1.0,0.0,1.0,2,3,0,41.0,25.0,22.0,75.0,34.0,40.0,36.0,9.539392014169957,42.0,25.0,33.5,13.307892395116145,52.0,19.0,39.0,15.591372905902206,75.0,19.0,37.916666666666664,12.01418244035562,75.0,19.0,27.0,27.0,29.3,88.0,88.0,87.0,1.2,0.4,3.0,1004.0,1005.0,1003.0,2376.0,105.6,32.4,37.5,0.7999847621950058,4.868797627668011,1.8620047584566048,23.76,26.4,0.02689240349362202,729.0,7744,1.44,1008016,350.7,58.449999999999996,1.0,20.0,0.0
93,140.3,26.3,54.3,40.0,32.3,25,3.0,1004,90,26.9,0.0,0.8,2023,6,5,2,0,156,23,0.49999999999999994,0.8660254037844387,1.2246467991473532e-16,-1.0,0.0,1.0,2,3,0,42.0,41.0,25.0,52.0,38.0,34.0,38.333333333333336,5.507570547286891,42.0,32.0,30.166666666666668,9.786044485217504,42.0,19.0,38.5,15.722016988345054,75.0,19.0,37.833333333333336,12.049415164110904,75.0,19.0,27.0,27.0,28.5,88.0,88.0,87.0,1.2,0.8,2.0,1004.0,1005.0,1004.0,2421.0,72.0,21.52,75.0,0.7999800004999875,5.3343979316375805,2.0645602828789777,24.21,26.5,0.026792801999201196,723.6099999999999,8100,0.6400000000000001,1008016,325.20000000000005,54.20000000000001,-10.0,7.0,-0.10000000000000142
89,139.3,23.7,54.7,37.5,32.7,25,2.0,1003,91,26.7,0.0,2.0,2023,6,5,3,0,156,23,0.7071067811865476,0.7071067811865476,1.2246467991473532e-16,-1.0,0.0,1.0,2,3,0,32.0,42.0,41.0,19.0,38.0,30.0,34.666666666666664,6.4291005073294185,42.0,30.0,32.0,8.173126696680391,42.0,22.0,37.833333333333336,15.91359243673208,75.0,19.0,37.833333333333336,12.049415164110904,75.0,19.0,26.9,27.0,27.8,90.0,88.0,88.0,0.8,1.2,1.0,1004.0,1004.0,1004.0,2429.7,182.0,53.4,50.0,0.7999786672355405,5.877389139698748,2.307919497067634,24.296999999999997,25.7,0.026620113040764667,712.89,8281,4.0,1006009,317.9,52.98333333333333,-2.0,-11.0,-0.1999999999999993
85,138.3,21.0,55.0,35.0,33.0,25,2.5,1003,93,26.6,0.0,1.6,2023,6,5,4,0,156,23,0.8660254037844386,0.5000000000000001,1.2246467991473532e-16,-1.0,0.0,1.0,2,3,0,30.0,32.0,42.0,22.0,32.0,35.0,30.0,2.000000000002952,32.0,28.0,33.0,6.985699678628476,42.0,25.0,37.5,16.08782713165995,75.0,19.0,37.541666666666664,12.204700329993022,75.0,19.0,26.7,27.0,27.0,91.0,88.0,88.0,2.0,1.2,0.4,1003.0,1004.0,1005.0,2473.8,148.8,42.56,62.5,0.7999771435101855,6.58540069520499,2.6189229084329315,24.738000000000003,25.8,0.02652041224285918,707.5600000000001,8649,2.5600000000000005,1006009,310.3,51.71666666666667,-2.0,-14.0,-0.09999999999999787
89,128.6,19.3,58.7,37.5,30.3,20,0.5,1004,92,26.7,0.0,1.2,2023,6,5,5,0,156,23,0.9659258262890683,0.25881904510252074,1.2246467991473532e-16,-1.0,0.0,1.0,2,3,0,28.0,30.0,32.0,25.0,31.0,43.0,29.333333333333332,1.1547005383844717,30.0,28.0,33.833333333333336,6.080021929784206,42.0,28.0,37.416666666666664,16.127099346544796,75.0,19.0,37.0,12.240346684490836,75.0,19.0,26.6,26.9,27.0,93.0,90.0,88.0,1.6,0.8,0.8,1003.0,1004.0,1005.0,2456.4,110.39999999999999,32.04,10.0,0.7999786672355405,6.662867208952903,3.041293197243666,24.564,26.099999999999998,0.026593599010359553,712.89,8464,1.44,1008016,304.40000000000003,50.73333333333334,2.0,-2.0,0.09999999999999787
131,118.9,17.7,62.3,58.8,27.7,16,0.0,1004,92,26.7,0.6,1.6,2023,6,5,6,0,156,23,1.0,6.123233995736766e-17,1.2246467991473532e-16,-1.0,0.0,1.0,2,0,0,30.0,28.0,30.0,41.0,53.0,22.0,35.0,10.440306508911029,47.0,28.0,34.833333333333336,7.756717518812781,47.0,28.0,36.916666666666664,15.687043486053243,75.0,19.0,38.041666666666664,11.969087599772127,75.0,19.0,26.7,26.7,27.0,92.0,91.0,88.0,1.2,2.0,1.2,1004.0,1003.0,1004.0,2456.4,147.20000000000002,42.72,0.0,0.7993061342494175,6.71713462516242,3.519575165244901,24.564,25.9,0.026593599010359553,712.89,8464,2.5600000000000005,1008016,332.4,55.4,17.0,17.0,0.0
131,109.1,16.0,66.0,58.8,25.0,12,0.0,1005,92,26.8,0.8,1.2,2023,6,5,7,0,156,23,0.9659258262890683,-0.25881904510252063,1.2246467991473532e-16,-1.0,0.0,1.0,2,0,0,47.0,30.0,28.0,42.0,75.0,38.0,41.333333333333336,9.814954576224029,47.0,30.0,35.666666666666664,8.869423130432853,47.0,28.0,34.583333333333336,10.841488771744897,52.0,19.0,38.416666666666664,12.107908542575256,75.0,19.0,26.7,26.6,27.0,92.0,93.0,88.0,1.6,1.6,1.2,1004.0,1003.0,1004.0,2465.6,110.39999999999999,32.16,0.0,0.7993061342494175,6.818323854759076,4.124742203612274,24.656,26.2,0.026666640132696387,718.24,8464,1.44,1010025,321.9,53.65,0.0,19.0,0.10000000000000142
131,107.2,15.3,72.7,58.8,29.0,25,0.0,1005,84,28.2,1.3,0.33,2023,6,5,8,0,156,23,0.8660254037844387,-0.4999999999999998,1.2246467991473532e-16,-1.0,0.0,1.0,2,0,0,47.0,47.0,30.0,32.0,52.0,40.0,47.0,0.0,47.0,47.0,38.166666666666664,9.703951085339307,47.0,28.0,34.166666666666664,10.18763362061429,47.0,19.0,38.708333333333336,12.231389293860923,75.0,19.0,26.8,26.7,26.9,92.0,92.0,90.0,1.2,1.2,0.8,1005.0,1004.0,1004.0,2368.7999999999997,27.720000000000002,9.306000000000001,0.0,0.7993061342494175,7.006078034115418,4.751323442912228,23.688,28.035,0.028059673572464108,795.24,7056,0.10890000000000001,1010025,330.0,55.0,0.0,17.0,1.3999999999999986
100,105.2,14.7,79.3,43.8,33.0,37,0.0,1005,76,29.6,2.1,0.66,2023,6,5,9,0,156,23,0.7071067811865476,-0.7071067811865475,1.2246467991473532e-16,-1.0,0.0,1.0,2,0,0,47.0,47.0,47.0,30.0,19.0,46.0,43.0,6.928203230276017,47.0,35.0,39.0,9.055385138136947,47.0,28.0,35.5,8.999999999999554,47.0,22.0,38.25,12.152115578922164,75.0,19.0,28.2,26.7,26.7,84.0,92.0,91.0,0.33,1.6,2.0,1005.0,1004.0,1003.0,2249.6,50.160000000000004,19.536,0.0,0.7990685144174792,7.155975783960276,5.394190871369295,22.496,29.270000000000003,0.02945270701223183,876.1600000000001,5776,0.43560000000000004,1010025,311.0,51.833333333333336,-12.0,-12.0,1.4000000000000021
112,103.3,14.0,86.0,50.0,37.0,50,0.0,1005,70,31.0,2.9,1.0,2023,6,5,10,0,156,23,0.49999999999999994,-0.8660254037844387,1.2246467991473532e-16,-1.0,0.0,1.0,2,0,0,35.0,47.0,47.0,28.0,22.0,48.0,40.666666666666664,6.027713773342363,47.0,35.0,41.0,7.293833011523635,47.0,30.0,37.0,7.988628281386857,47.0,25.0,37.916666666666664,11.981567969781631,75.0,19.0,29.6,26.8,26.6,76.0,92.0,93.0,0.66,1.2,1.6,1005.0,1005.0,1003.0,2170.0,70.0,31.0,0.0,0.7999840003199936,7.378044425398186,6.142418398685808,21.7,30.5,0.030845740451999552,961.0,4900,1.0,1010025,330.3,55.050000000000004,5.0,-7.0,1.3999999999999986
123,101.5,11.7,99.0,55.0,35.7,45,0.0,1005,64,32.1,3.5,0.66,2023,6,5,11,0,156,23,0.258819045102521,-0.9659258262890682,1.2246467991473532e-16,-1.0,0.0,1.0,2,0,0,40.0,35.0,47.0,30.0,25.0,42.0,39.666666666666664,4.50924975282381,44.0,35.0,43.333333333333336,4.926120853842215,47.0,35.0,38.583333333333336,7.242028009954253,47.0,28.0,38.0,12.018102288160973,75.0,19.0,31.0,28.2,26.7,70.0,84.0,92.0,1.0,0.33,1.2,1005.0,1005.0,1004.0,2054.4,42.24,21.186000000000003,0.0,0.7999854548099126,8.67447226732758,8.460815314930349,20.544,31.770000000000003,0.03194026672610276,1030.41,4096,0.43560000000000004,1010025,346.9,57.81666666666666,4.0,-3.0,1.1000000000000014
100,99.8,9.3,112.0,43.8,34.3,41,0.0,1004,58,33.1,4.0,0.33,2023,6,5,12,0,156,23,1.2246467991473532e-16,-1.0,1.2246467991473532e-16,-1.0,0.0,1.0,2,1,0,44.0,40.0,35.0,47.0,41.0,30.0,39.666666666666664,4.50924975282381,44.0,35.0,41.333333333333336,5.537749241944663,47.0,35.0,38.083333333333336,7.2670906187138105,47.0,28.0,38.208333333333336,11.916299274766539,75.0,19.0,32.1,29.6,26.7,64.0,76.0,92.0,0.66,0.66,1.6,1005.0,1005.0,1004.0,1919.8000000000002,19.14,10.923000000000002,0.0,0.7990685144174792,10.730029029136652,12.041715944522094,19.198,32.935,0.03296809465329218,1095.6100000000001,3364,0.10890000000000001,1008016,334.2,55.699999999999996,-9.0,0.0,1.0
82,98.0,7.0,125.0,33.8,33.0,37,0.0,1003,54,34.2,3.6,1.6,2023,6,5,13,0,156,23,-0.2588190451025208,-0.9659258262890683,1.2246467991473532e-16,-1.0,0.0,1.0,2,1,0,35.0,44.0,40.0,47.0,42.0,34.0,35.333333333333336,8.504900548115963,44.0,27.0,38.0,7.211102550927371,47.0,27.0,36.833333333333336,7.802486006317473,47.0,27.0,37.916666666666664,12.107908542575249,75.0,19.0,33.1,31.0,26.8,58.0,70.0,92.0,0.33,1.0,1.2,1004.0,1005.0,1005.0,1846.8000000000002,86.4,54.720000000000006,0.0,0.7987929351202628,13.998000285673475,17.854592201114126,18.468000000000004,33.400000000000006,0.03409767288367609,1169.64,2916,2.5600000000000005,1006009,323.8,53.96666666666667,-8.0,-13.0,1.1000000000000014
82,111.1,10.0,127.7,33.8,42.7,45,0.5,1003,56,33.6,3.7,1.2,2023,6,5,14,0,156,23,-0.4999999999999997,-0.8660254037844388,1.2246467991473532e-16,-1.0,0.0,1.0,2,1,0,27.0,35.0,44.0,47.0,32.0,38.0,29.666666666666668,4.6188021535183,35.0,27.0,34.666666666666664,6.831300510639033,44.0,27.0,36.416666666666664,8.207073815072743,47.0,27.0,37.458333333333336,12.311109040094872,75.0,19.0,34.2,32.1,28.2,54.0,64.0,84.0,1.6,0.66,0.33,1003.0,1005.0,1005.0,1881.6000000000001,67.2,40.32,22.5,0.7987929351202628,11.10888911108889,12.768723127687233,18.816000000000003,33.0,0.03349946809624318,1128.96,3136,1.44,1006009,352.3,58.71666666666667,0.0,-17.0,-0.6000000000000014
82,124.1,13.0,130.3,33.8,52.3,54,0.0,1002,58,33.0,2.9,1.2,2023,6,5,15,0,156,23,-0.7071067811865471,-0.7071067811865479,1.2246467991473532e-16,-1.0,0.0,1.0,2,1,0,27.0,27.0,35.0,35.0,30.0,38.0,27.0,0.0,27.0,27.0,33.333333333333336,7.501111028818118,44.0,27.0,36.166666666666664,8.46203643374647,47.0,27.0,37.0,12.493476558658251,75.0,19.0,33.6,33.1,29.6,56.0,58.0,76.0,1.2,0.33,0.66,1003.0,1004.0,1005.0,1914.0,69.6,39.6,0.0,0.7987929351202628,9.545419583108991,10.02230597646335,19.14,32.4,0.032934098868164806,1089.0,3364,1.44,1004004,380.5,63.416666666666664,0.0,-8.0,-0.6000000000000014
85,137.1,16.0,133.0,35.0,62.0,62,0.0,1001,60,32.4,1.6,2.0,2023,6,5,16,0,156,23,-0.8660254037844385,-0.5000000000000004,1.2246467991473532e-16,-1.0,0.0,1.0,2,1,0,27.0,27.0,27.0,40.0,28.0,32.0,27.333333333333332,0.5773502692007184,28.0,27.0,31.333333333333332,6.9474215840595415,44.0,27.0,36.166666666666664,8.46203643374647,47.0,27.0,36.833333333333336,12.589390518336955,75.0,19.0,33.0,34.2,31.0,58.0,54.0,70.0,1.2,1.6,1.0,1002.0,1003.0,1005.0,1944.0,120.0,64.8,0.0,0.7999771435101855,8.568214486594586,8.311980501218674,19.44,31.4,0.0323676000323676,1049.76,3600,4.0,1002001,411.1,68.51666666666667,1.0,1.0,-0.6000000000000014
85,137.7,18.7,118.0,35.0,64.0,58,1.0,1002,63,32.1,1.0,0.33,2023,6,5,17,0,156,23,-0.9659258262890683,-0.25881904510252063,1.2246467991473532e-16,-1.0,0.0,1.0,2,1,0,28.0,27.0,27.0,44.0,30.0,31.0,27.666666666666668,0.577350269200612,28.0,27.0,28.666666666666668,3.141125063835537,35.0,27.0,36.0,8.612886750782819,47.0,27.0,36.708333333333336,12.664497335213396,75.0,19.0,32.4,33.6,32.1,60.0,56.0,64.0,2.0,1.2,0.66,1001.0,1003.0,1005.0,2022.3000000000002,20.790000000000003,10.593000000000002,58.0,0.7999771435101855,7.3632426073472,6.309823004117427,20.223000000000003,31.935000000000002,0.03203589617176031,1030.41,3969,0.10890000000000001,1004004,401.4,66.89999999999999,0.0,1.0,-0.29999999999999716
100,138.3,21.3,103.0,43.8,66.0,54,0.0,1002,66,31.7,1.0,0.66,2023,6,5,18,0,156,23,-1.0,-1.8369701987210297e-16,1.2246467991473532e-16,-1.0,0.0,1.0,2,2,0,28.0,28.0,27.0,35.0,47.0,53.0,30.333333333333332,4.041451884328828,35.0,28.0,28.666666666666668,3.141125063835537,35.0,27.0,35.0,7.88554488807274,47.0,27.0,35.958333333333336,12.181522595867355,75.0,19.0,32.1,33.0,33.1,63.0,58.0,58.0,0.33,1.2,0.33,1002.0,1002.0,1004.0,2092.2,43.56,20.922,0.0,0.7990685144174792,6.4926529270926245,4.8354537345664514,20.921999999999997,31.37,0.03163669497335831,1004.89,4356,0.43560000000000004,1004004,407.40000000000003,67.9,7.0,8.0,-0.40000000000000213
123,138.9,24.0,88.0,55.0,68.0,50,0.0,1003,70,31.4,0.0,1.0,2023,6,5,19,0,156,23,-0.9659258262890684,0.2588190451025203,1.2246467991473532e-16,-1.0,0.0,1.0,2,2,0,35.0,28.0,28.0,27.0,47.0,75.0,35.666666666666664,8.020806277011248,44.0,28.0,31.5,6.833739825307206,44.0,27.0,34.75,7.50908540611675,47.0,27.0,34.666666666666664,9.120767829360902,52.0,19.0,31.7,32.4,34.2,66.0,60.0,54.0,0.66,2.0,1.6,1002.0,1001.0,1003.0,2198.0,70.0,31.4,0.0,0.7999854548099126,5.787258864213991,3.666513895254364,21.98,30.9,0.03130605054232249,985.9599999999999,4900,1.0,1006009,417.9,69.64999999999999,9.0,16.0,-0.3000000000000007
150,131.7,23.3,80.3,67.5,64.3,37,0.0,1004,74,30.8,0.0,0.66,2023,6,5,20,0,156,23,-0.8660254037844386,0.5000000000000001,1.2246467991473532e-16,-1.0,0.0,1.0,2,2,0,44.0,35.0,28.0,27.0,47.0,52.0,44.333333333333336,9.50438495292251,54.0,35.0,36.0,10.936178491593429,54.0,27.0,35.333333333333336,8.72127319034314,54.0,27.0,34.75,9.293522756059442,54.0,19.0,31.4,32.1,33.6,70.0,63.0,56.0,1.0,0.33,1.2,1003.0,1002.0,1003.0,2279.2000000000003,48.84,20.328000000000003,0.0,0.7999881483237284,5.652117934852581,3.446204025578301,22.792,30.470000000000002,0.030677260281613265,948.6400000000001,5476,0.43560000000000004,1008016,421.1,70.18333333333334,10.0,26.0,-0.5999999999999979
139,124.5,22.7,72.7,62.5,60.7,25,0.0,1004,79,30.2,0.0,0.33,2023,6,5,21,0,156,23,-0.7071067811865477,0.7071067811865474,1.2246467991473532e-16,-1.0,0.0,1.0,2,2,0,54.0,44.0,35.0,27.0,35.0,19.0,49.333333333333336,5.033222956847629,54.0,44.0,39.833333333333336,11.178849076119521,54.0,28.0,36.583333333333336,9.69027941555388,54.0,27.0,36.041666666666664,9.162680292628972,54.0,22.0,30.8,31.7,33.0,74.0,66.0,58.0,0.66,0.66,1.2,1004.0,1002.0,1002.0,2385.7999999999997,26.07,9.966000000000001,0.0,0.7999872002047967,5.48433989692084,3.202502092418836,23.857999999999997,30.035,0.030079651315088333,912.04,6241,0.10890000000000001,1008016,393.09999999999997,65.51666666666667,-4.0,15.0,-0.6000000000000014
112,117.3,22.0,65.0,50.0,57.0,12,0.0,1005,84,29.6,0.0,1.6,2023,6,5,22,0,156,23,-0.5000000000000004,0.8660254037844384,1.2246467991473532e-16,-1.0,0.0,1.0,2,3,0,50.0,54.0,44.0,28.0,40.0,22.0,48.0,7.211102550928334,54.0,40.0,41.833333333333336,9.600347215942698,54.0,28.0,36.583333333333336,9.69027941555388,54.0,27.0,36.791666666666664,8.687718300875456,54.0,25.0,30.2,31.4,32.4,79.0,70.0,60.0,0.33,1.0,2.0,1004.0,1003.0,1001.0,2486.4,134.4,47.36000000000001,0.0,0.7999840003199936,5.3315758374619335,2.9544111631289485,24.864,28.8,0.02945270701223183,876.1600000000001,7056,2.5600000000000005,1010025,351.3,58.550000000000004,-10.0,-4.0,-0.5999999999999979
72,106.4,19.0,62.3,27.5,47.3,12,0.0,1005,86,29.5,0.0,1.2,2023,6,5,23,0,156,23,-0.25881904510252157,0.9659258262890681,1.2246467991473532e-16,-1.0,0.0,1.0,2,3,0,40.0,50.0,54.0,28.0,44.0,25.0,37.333333333333336,14.189197769195493,50.0,22.0,40.833333333333336,11.461529857163855,54.0,22.0,34.75,10.225858488076867,54.0,22.0,36.666666666666664,8.884117076664852,54.0,22.0,29.6,30.8,32.1,84.0,74.0,63.0,1.6,0.66,0.33,1005.0,1004.0,1002.0,2537.0,103.2,35.4,0.0,0.7999709101487218,5.599705278669544,3.2787748013262457,25.37,28.9,0.029353204623676993,870.25,7396,1.44,1010025,284.5,47.416666666666664,-18.0,-32.0,-0.10000000000000142
72,95.5,16.0,59.7,27.5,37.7,12,0.5,1005,87,29.3,0.0,1.6,2023,6,6,0,1,157,23,0.0,1.0,1.2246467991473532e-16,-1.0,0.7818314824680298,0.6234898018587336,2,3,0,22.0,40.0,50.0,35.0,35.0,41.0,28.0,10.392304845413866,40.0,22.0,38.666666666666664,13.779211394947753,54.0,22.0,33.666666666666664,10.865569753151368,54.0,22.0,35.875,9.317176750963748,54.0,22.0,29.5,30.2,31.7,86.0,79.0,66.0,1.2,0.33,0.66,1005.0,1004.0,1002.0,2549.1,139.20000000000002,46.88,6.0,0.7999709101487218,5.9683769764389725,3.731016811449284,25.491,28.5,0.02915419984656732,858.49,7569,2.5600000000000005,1010025,258.4,43.06666666666666,0.0,-28.0,-0.1999999999999993
85,84.6,13.0,57.0,35.0,28.0,12,1.0,1005,88,29.2,0.0,0.8,2023,6,6,1,1,157,23,0.25881904510252074,0.9659258262890683,1.2246467991473532e-16,-1.0,0.7818314824680298,0.6234898018587336,2,3,0,22.0,22.0,40.0,44.0,27.0,42.0,24.0,3.4641016151397745,28.0,22.0,36.0,14.08545348932688,54.0,22.0,33.75,10.813501661432804,54.0,22.0,35.291666666666664,9.35520857791185,54.0,22.0,29.3,29.6,31.4,87.0,84.0,70.0,1.6,1.6,1.0,1005.0,1005.0,1003.0,2569.6,70.4,23.36,12.0,0.7999771435101855,6.5071917544804245,4.3842781324513505,25.695999999999998,28.8,0.02905469745801248,852.64,7744,0.6400000000000001,1010025,245.6,40.93333333333333,6.0,-12.0,-0.10000000000000142
69,81.1,11.3,57.0,26.3,28.3,16,0.5,1005,89,28.9,0.0,0.4,2023,6,6,2,1,157,23,0.49999999999999994,0.8660254037844387,1.2246467991473532e-16,-1.0,0.7818314824680298,0.6234898018587336,2,3,0,28.0,22.0,22.0,54.0,27.0,32.0,23.666666666666668,3.7859388972020462,28.0,21.0,30.5,11.928956366756887,50.0,21.0,33.25,11.282528730096208,54.0,21.0,34.833333333333336,9.78315618435787,54.0,21.0,29.2,29.5,30.8,88.0,86.0,74.0,0.8,1.2,0.66,1005.0,1005.0,1004.0,2572.1,35.6,11.56,8.0,0.79844872818524,7.176356074683656,5.04380143350146,25.721,28.7,0.028756190292347966,835.2099999999999,7921,0.16000000000000003,1010025,225.0,37.5,-7.0,-1.0,-0.3000000000000007
76,77.6,9.7,57.0,30.0,28.7,20,0.0,1005,90,28.5,0.0,0.4,2023,6,6,3,1,157,23,0.7071067811865476,0.7071067811865476,1.2246467991473532e-16,-1.0,0.7818314824680298,0.6234898018587336,2,3,0,21.0,28.0,22.0,50.0,27.0,30.0,24.333333333333332,3.511884584286221,28.0,21.0,26.166666666666668,7.222649560006039,40.0,21.0,33.0,11.465362857517299,54.0,21.0,34.583333333333336,9.986585205062555,54.0,21.0,28.9,29.3,30.2,89.0,87.0,79.0,0.4,1.6,0.33,1005.0,1005.0,1004.0,2565.0,36.0,11.4,0.0,0.7999733342221925,7.99917534274817,5.875682919286672,25.65,28.3,0.02835818073812862,812.25,8100,0.16000000000000003,1010025,227.0,37.833333333333336,3.0,2.0,-0.3999999999999986
102,74.1,8.0,57.0,45.0,29.0,25,0.0,1004,91,28.2,0.0,0.8,2023,6,6,4,1,157,23,0.8660254037844386,0.5000000000000001,1.2246467991473532e-16,-1.0,0.7818314824680298,0.6234898018587336,2,3,0,24.0,21.0,28.0,40.0,28.0,28.0,27.0,7.937253933194583,36.0,21.0,25.5,5.718391382197325,36.0,21.0,33.666666666666664,11.38047237662582,54.0,21.0,34.916666666666664,9.890340771667757,54.0,21.0,28.5,29.2,29.6,90.0,88.0,84.0,0.4,0.8,1.6,1005.0,1005.0,1005.0,2566.2,72.8,22.560000000000002,0.0,0.7999822226172753,9.261342332208473,7.124109486314211,25.662,27.8,0.028087621426671885,795.24,8281,0.6400000000000001,1008016,249.1,41.516666666666666,12.0,8.0,-0.3000000000000007
85,72.2,9.3,53.3,35.0,29.3,50,0.0,1005,88,28.0,0.0,1.0,2023,6,6,5,1,157,23,0.9659258262890683,0.25881904510252074,1.2246467991473532e-16,-1.0,0.7818314824680298,0.6234898018587336,2,3,0,36.0,24.0,21.0,22.0,28.0,30.0,29.333333333333332,6.110100926608769,36.0,24.0,26.5,5.50454357780814,36.0,21.0,33.666666666666664,11.38047237662582,54.0,21.0,34.833333333333336,9.941859972366757,54.0,21.0,28.2,28.9,29.5,91.0,89.0,86.0,0.8,0.4,1.2,1004.0,1005.0,1005.0,2464.0,88.0,28.0,0.0,0.7999771435101855,7.762606171379422,5.730566605741318,24.64,27.5,0.027860668795354433,784.0,7744,1.0,1010025,227.10000000000002,37.85,-8.0,7.0,-0.1999999999999993
153,70.2,10.7,49.7,72.5,29.7,75,0.5,1005,86,27.9,0.7,2.0,2023,6,6,6,1,157,23,1.0,6.123233995736766e-17,1.2246467991473532e-16,-1.0,0.7818314824680298,0.6234898018587336,2,0,0,28.0,36.0,24.0,22.0,35.0,47.0,40.666666666666664,15.53490693030831,58.0,28.0,32.5,13.47219358530711,58.0,21.0,35.583333333333336,13.38559832148845,58.0,21.0,35.291666666666664,10.748019703007406,58.0,21.0,28.0,28.5,29.3,88.0,90.0,87.0,1.0,0.4,1.6,1005.0,1005.0,1005.0,2399.4,172.0,55.8,37.5,0.799988965669439,6.560134566862911,4.644425754602374,23.994,26.9,0.027761166406799594,778.41,7396,4.0,1010025,290.8,48.46666666666667,30.0,34.0,-0.10000000000000142
153,68.3,12.0,46.0,72.5,30.0,100,0.25,1005,83,27.7,0.8,3.0,2023,6,6,7,1,157,23,0.9659258262890683,-0.25881904510252063,1.2246467991473532e-16,-1.0,0.7818314824680298,0.6234898018587336,2,0,0,58.0,28.0,36.0,28.0,44.0,47.0,48.0,17.32050807568892,58.0,28.0,37.5,16.658331248957413,58.0,21.0,36.75,14.72860543913816,58.0,21.0,35.75,11.47871375918143,58.0,21.0,27.9,28.2,29.2,86.0,91.0,88.0,2.0,0.8,0.8,1005.0,1004.0,1005.0,2299.1,249.0,83.1,25.0,0.799988965669439,5.69119240063328,3.833013915507041,22.991,26.2,0.02756216162968992,767.29,6889,9.0,1010025,286.8,47.800000000000004,0.0,22.0,-0.1999999999999993
63,68.9,12.0,50.3,22.5,35.3,75,0.75,1005,81,28.6,1.3,2.66,2023,6,6,8,1,157,23,0.8660254037844387,-0.4999999999999998,1.2246467991473532e-16,-1.0,0.7818314824680298,0.6234898018587336,2,0,0,58.0,58.0,28.0,21.0,54.0,47.0,44.666666666666664,23.094010767585168,58.0,18.0,37.0,17.28583234906526,58.0,18.0,33.75,14.561000215394515,58.0,18.0,34.541666666666664,11.765754162589667,58.0,18.0,27.7,28.0,28.9,83.0,88.0,89.0,3.0,1.0,0.4,1005.0,1005.0,1005.0,2316.6,215.46,76.07600000000001,56.25,0.7999644460246211,5.741188234313808,4.191317390217482,23.166,27.270000000000003,0.02845768312668346,817.96,6561,7.0756000000000006,1010025,207.0,34.5,-40.0,-10.0,0.9000000000000021
104,69.4,12.0,54.7,46.3,40.7,50,0.0,1006,78,29.5,2.2,2.33,2023,6,6,9,1,157,23,0.7071067811865476,-0.7071067811865475,1.2246467991473532e-16,-1.0,0.7818314824680298,0.6234898018587336,2,0,0,18.0,58.0,58.0,24.0,50.0,35.0,37.666666666666664,20.00833159794545,58.0,18.0,39.166666666666664,16.10486468948616,58.0,18.0,32.666666666666664,13.70025436614085,58.0,18.0,34.625,11.776219589753337,58.0,18.0,28.6,27.9,28.5,81.0,86.0,90.0,2.66,2.0,0.4,1005.0,1005.0,1005.0,2301.0,181.74,68.735,0.0,0.799118809528952,5.7828514290475805,4.5579535038746775,23.01,28.335,0.02932402651687225,870.25,6084,5.4289000000000005,1012036,260.1,43.35,19.0,-21.0,0.8999999999999986
123,70.0,12.0,59.0,55.0,46.0,25,0.0,1006,76,30.4,3.7,2.0,2023,6,6,10,1,157,23,0.49999999999999994,-0.8660254037844387,1.2246467991473532e-16,-1.0,0.7818314824680298,0.6234898018587336,2,0,0,37.0,18.0,58.0,36.0,40.0,40.0,33.0,13.45362404707411,44.0,18.0,40.5,16.121414330014343,58.0,18.0,33.0,13.9414359505622,58.0,18.0,34.791666666666664,11.88341616329868,58.0,18.0,29.5,27.7,28.2,78.0,83.0,91.0,2.33,3.0,0.8,1006.0,1005.0,1004.0,2310.4,152.0,60.8,0.0,0.7999854548099126,5.832847262728106,4.9162569785851185,23.104,29.4,0.030218657834336148,924.16,5776,4.0,1012036,286.0,47.666666666666664,7.0,-14.0,0.8999999999999986
129,79.8,14.3,61.0,57.5,58.0,41,0.25,1005,80,29.4,3.8,2.33,2023,6,6,11,1,157,23,0.258819045102521,-0.9659258262890682,1.2246467991473532e-16,-1.0,0.7818314824680298,0.6234898018587336,2,0,0,44.0,37.0,18.0,28.0,22.0,44.0,42.333333333333336,4.725815626253366,46.0,37.0,43.5,14.96328840863506,58.0,18.0,35.0,13.941435950562202,58.0,18.0,34.875,11.957579004638745,58.0,18.0,30.4,28.6,28.0,76.0,81.0,88.0,2.0,2.66,1.0,1006.0,1005.0,1005.0,2352.0,186.4,68.502,10.25,0.7999860871984835,5.580029368575624,4.265435983497658,23.52,28.235,0.029253702235122154,864.3599999999999,6400,5.4289000000000005,1010025,316.6,52.76666666666667,2.0,28.0,-1.0
87,89.5,16.7,63.0,36.3,70.0,58,0.75,1004,84,28.5,6.8,2.66,2023,6,6,12,1,157,23,1.2246467991473532e-16,-1.0,1.2246467991473532e-16,-1.0,0.7818314824680298,0.6234898018587336,2,1,0,46.0,44.0,37.0,58.0,22.0,35.0,39.666666666666664,9.291573243178012,46.0,29.0,38.666666666666664,13.995237285114461,58.0,18.0,35.583333333333336,13.48708697797664,58.0,18.0,34.625,12.017423944459681,58.0,18.0,29.4,29.5,27.9,80.0,78.0,86.0,2.33,2.33,2.0,1005.0,1006.0,1005.0,2394.0,223.44,75.81,43.5,0.798876064020275,5.358960541284953,3.772229207831866,23.94,27.17,0.028386425909934353,812.25,7056,7.0756000000000006,1008016,304.5,50.75,-17.0,-8.0,-0.8999999999999986
112,99.2,19.0,65.0,50.0,82.0,75,1.0,1004,89,27.5,4.8,3.0,2023,6,6,13,1,157,23,-0.2588190451025208,-0.9659258262890683,1.2246467991473532e-16,-1.0,0.7818314824680298,0.6234898018587336,2,1,0,29.0,46.0,44.0,58.0,28.0,27.0,38.333333333333336,8.621678104252217,46.0,29.0,35.666666666666664,10.519822558705892,46.0,18.0,36.583333333333336,13.317509549688806,58.0,18.0,35.166666666666664,11.951593187108923,58.0,18.0,28.5,30.4,27.7,84.0,76.0,83.0,2.66,2.0,3.0,1004.0,1006.0,1005.0,2447.5,267.0,82.5,75.0,0.7999840003199936,5.220777853797168,3.4208725856533864,24.475,26.0,0.02739041096572613,756.25,7921,9.0,1008016,355.2,59.199999999999996,11.0,-4.0,-1.0
63,107.4,18.7,78.0,22.5,87.0,83,0.0,1003,85,28.4,3.4,2.66,2023,6,6,14,1,157,23,-0.4999999999999997,-0.8660254037844388,1.2246467991473532e-16,-1.0,0.7818314824680298,0.6234898018587336,2,1,0,40.0,29.0,46.0,18.0,21.0,27.0,29.0,11.000000000000567,40.0,18.0,35.666666666666664,10.519822558705892,46.0,18.0,36.333333333333336,13.660382886509899,58.0,18.0,34.791666666666664,12.353415886222498,58.0,18.0,27.5,29.4,28.6,89.0,80.0,81.0,3.0,2.33,2.66,1004.0,1005.0,1005.0,2414.0,226.10000000000002,75.544,0.0,0.7999644460246211,5.74300839527298,4.170899951874231,24.14,27.07,0.02831502660515792,806.56,7225,7.0756000000000006,1006009,331.6,55.26666666666667,-22.0,-28.0,0.8999999999999986
80,115.6,18.3,91.0,32.5,92.0,91,0.75,1003,80,29.3,2.3,2.33,2023,6,6,15,1,157,23,-0.7071067811865471,-0.7071067811865479,1.2246467991473532e-16,-1.0,0.7818314824680298,0.6234898018587336,2,1,0,18.0,40.0,29.0,37.0,24.0,27.0,28.0,11.13552872566062,40.0,18.0,33.833333333333336,11.178849076119462,46.0,18.0,36.5,13.50757363313402,58.0,18.0,34.75,12.382491145021065,58.0,18.0,28.4,28.5,29.5,85.0,84.0,78.0,2.66,2.66,2.33,1003.0,1004.0,1006.0,2344.0,186.4,68.269,68.25,0.7999753853727578,6.316594721599912,4.972405879460139,23.44,28.135,0.029212333786307294,858.49,6400,5.4289000000000005,1006009,375.4,62.56666666666666,8.0,-3.0,0.9000000000000021
82,123.7,18.0,104.0,33.8,97.0,100,1.0,1002,76,30.2,1.3,2.0,2023,6,6,16,1,157,23,-0.8660254037844385,-0.5000000000000004,1.2246467991473532e-16,-1.0,0.7818314824680298,0.6234898018587336,2,1,0,26.0,18.0,40.0,44.0,36.0,28.0,23.666666666666668,4.932882862317722,27.0,18.0,31.0,10.198039027185064,46.0,18.0,35.75,13.784873132267819,58.0,18.0,34.708333333333336,12.407848731546128,58.0,18.0,29.3,27.5,30.4,80.0,89.0,76.0,2.33,3.0,2.0,1003.0,1004.0,1006.0,2295.2,152.0,60.4,100.0,0.7987929351202628,6.871840453308149,5.777456807955113,22.951999999999998,29.2,0.03013969047935082,912.04,5776,4.0,1004004,403.5,67.25,1.0,-13.0,0.8999999999999986
91,135.8,26.3,89.0,38.8,88.0,79,0.75,1003,78,29.7,0.8,2.0,2023,6,6,17,1,157,23,-0.9659258262890683,-0.25881904510252063,1.2246467991473532e-16,-1.0,0.7818314824680298,0.6234898018587336,2,1,0,27.0,26.0,18.0,46.0,28.0,28.0,28.0,2.6457513110670154,31.0,26.0,28.5,7.176350047202904,40.0,18.0,36.0,13.65816439150761,58.0,18.0,34.833333333333336,12.35231598304265,58.0,18.0,30.2,28.4,29.4,76.0,85.0,80.0,2.0,2.66,2.33,1002.0,1003.0,1005.0,2316.6,156.0,59.4,59.25,0.7989484807092602,5.163301775597886,3.3839017527850648,23.166,28.7,0.029611136977929234,882.0899999999999,6084,4.0,1006009,408.90000000000003,68.15,4.0,13.0,-0.5
131,147.8,34.7,74.0,58.8,79.0,58,0.5,1003,79,29.3,0.7,2.0,2023,6,6,18,1,157,23,-1.0,-1.8369701987210297e-16,1.2246467991473532e-16,-1.0,0.7818314824680298,0.6234898018587336,2,2,0,31.0,27.0,26.0,29.0,58.0,35.0,35.0,10.583005244258837,47.0,27.0,31.5,10.445094542415104,47.0,18.0,35.083333333333336,12.354302403566935,58.0,18.0,35.333333333333336,12.599746949379949,58.0,18.0,29.7,29.3,28.5,78.0,80.0,84.0,2.0,2.33,2.66,1003.0,1003.0,1004.0,2314.7000000000003,158.0,58.6,29.0,0.7993061342494175,4.259243249474078,2.1325033860695655,23.147000000000002,28.3,0.029212333786307294,858.49,6241,4.0,1006009,441.3,73.55,16.0,21.0,-0.3999999999999986
171,159.9,43.0,59.0,88.8,70.0,37,0.25,1003,80,28.8,0.0,2.0,2023,6,6,19,1,157,23,-0.9659258262890684,0.2588190451025203,1.2246467991473532e-16,-1.0,0.7818314824680298,0.6234898018587336,2,2,0,47.0,31.0,27.0,40.0,58.0,44.0,49.666666666666664,20.13289182738877,71.0,31.0,36.666666666666664,19.356308187943732,71.0,18.0,36.166666666666664,14.861991383350341,71.0,18.0,36.458333333333336,14.473301256982326,71.0,18.0,29.3,30.2,27.5,79.0,76.0,89.0,2.0,2.0,3.0,1003.0,1002.0,1004.0,2304.0,160.0,57.6,9.25,0.7995405457145752,3.718518173995954,1.3720611148577941,23.04,27.8,0.028713829796779864,829.44,6400,4.0,1006009,491.7,81.95,24.0,44.0,-0.5
139,195.9,51.3,46.7,62.5,67.7,39,0.5,1004,82,28.5,0.0,1.66,2023,6,6,20,1,157,23,-0.8660254037844386,0.5000000000000001,1.2246467991473532e-16,-1.0,0.7818314824680298,0.6234898018587336,2,2,0,71.0,47.0,31.0,18.0,18.0,54.0,56.0,13.076696830622083,71.0,47.0,42.0,17.504285189632625,71.0,26.0,38.833333333333336,14.160337266998393,71.0,18.0,36.291666666666664,14.28431540770052,71.0,18.0,28.8,29.7,28.4,80.0,78.0,85.0,2.0,2.0,2.66,1003.0,1003.0,1003.0,2337.0,136.12,47.309999999999995,19.5,0.7999872002047967,3.8186390128847396,0.9103136391103489,23.37,27.67,0.028386425909934353,812.25,6724,2.7556,1008016,474.09999999999997,79.01666666666667,-21.0,19.0,-0.3000000000000007
91,231.9,59.7,34.3,38.8,65.3,41,0.0,1005,83,28.3,0.0,1.33,2023,6,6,21,1,157,23,-0.7071067811865477,0.7071067811865474,1.2246467991473532e-16,-1.0,0.7818314824680298,0.6234898018587336,2,2,0,50.0,71.0,47.0,26.0,37.0,50.0,50.666666666666664,20.00833159794532,71.0,31.0,42.833333333333336,16.690316553818235,71.0,27.0,38.333333333333336,14.335799646868098,71.0,18.0,35.5,14.015519348518598,71.0,18.0,28.5,29.3,29.3,82.0,79.0,80.0,1.66,2.0,2.33,1004.0,1003.0,1003.0,2348.9,110.39,37.639,0.0,0.7989484807092602,3.884357045945629,0.5745297398703538,23.489,27.635,0.028159175961018947,800.89,6889,1.7689000000000001,1010025,461.00000000000006,76.83333333333334,-19.0,-16.0,-0.1999999999999993
95,267.9,68.0,22.0,41.3,63.0,43,0.0,1005,84,28.0,0.0,1.0,2023,6,6,22,1,157,23,-0.5000000000000004,0.8660254037844384,1.2246467991473532e-16,-1.0,0.7818314824680298,0.6234898018587336,2,3,0,31.0,50.0,71.0,27.0,44.0,40.0,38.0,10.440306508910972,50.0,31.0,43.833333333333336,15.702441423761442,71.0,31.0,37.416666666666664,14.29213600254152,71.0,18.0,35.208333333333336,13.990615384627768,71.0,18.0,28.3,28.8,30.2,83.0,80.0,76.0,1.33,2.0,2.0,1005.0,1003.0,1002.0,2352.0,84.0,28.0,0.0,0.7990121304568898,3.9396479463537295,0.32352465404920516,23.52,27.5,0.027860668795354433,784.0,7056,1.0,1010025,495.2,82.53333333333333,2.0,-38.0,-0.3000000000000007
153,251.9,63.3,23.7,68.8,62.7,45,0.0,1005,86,27.9,0.0,1.0,2023,6,6,23,1,157,23,-0.25881904510252157,0.9659258262890681,1.2246467991473532e-16,-1.0,0.7818314824680298,0.6234898018587336,2,3,0,33.0,31.0,50.0,31.0,46.0,22.0,39.666666666666664,13.31665623695909,55.0,31.0,47.833333333333336,14.811031924435925,71.0,31.0,38.166666666666664,15.002020065997714,71.0,18.0,36.583333333333336,14.2551795824374,71.0,18.0,28.0,28.5,29.7,84.0,82.0,78.0,1.0,1.66,2.0,1005.0,1004.0,1003.0,2399.4,86.0,27.9,0.0,0.7994069853635848,3.979400009478524,0.37440166822009135,23.994,27.4,0.027761166406799594,778.41,7396,1.0,1010025,525.4,87.56666666666666,22.0,5.0,-0.10000000000000142
157,236.0,58.7,25.3,76.3,62.3,47,0.0,1005,88,27.8,0.0,1.0,2023,6,7,0,2,158,23,0.0,1.0,1.2246467991473532e-16,-1.0,0.9749279121818236,-0.22252093395631434,2,3,0,55.0,33.0,31.0,47.0,29.0,22.0,49.666666666666664,14.74222959166413,61.0,33.0,50.166666666666664,15.727894540168455,71.0,31.0,40.833333333333336,16.033109681549558,71.0,18.0,38.208333333333336,14.735284971401475,71.0,18.0,27.9,28.3,29.3,86.0,83.0,79.0,1.0,1.33,2.0,1005.0,1005.0,1003.0,2446.4,88.0,27.8,0.0,0.7994652756844602,4.020374439958434,0.43099776835147613,24.464000000000002,27.3,0.02766166401824476,772.84,7744,1.0,1010025,519.6,86.60000000000001,6.0,30.0,-0.09999999999999787
161,220.0,54.0,27.0,80.0,62.0,50,0.0,1005,90,27.7,0.0,1.0,2023,6,7,1,2,158,23,0.25881904510252074,0.9659258262890683,1.2246467991473532e-16,-1.0,0.9749279121818236,-0.22252093395631434,2,3,0,61.0,55.0,33.0,71.0,40.0,28.0,60.0,4.582575694955849,64.0,55.0,49.0,14.042791745233345,64.0,31.0,42.833333333333336,17.361573731209813,71.0,18.0,39.708333333333336,15.465189990726923,71.0,18.0,27.8,28.0,28.8,88.0,84.0,80.0,1.0,1.0,2.0,1005.0,1005.0,1003.0,2493.0,90.0,27.7,0.0,0.7999900001249984,4.073998629655007,0.49999074091220536,24.93,27.2,0.02756216162968992,767.29,8100,1.0,1010025,507.0,84.5,3.0,31.0,-0.10000000000000142
129,196.5,44.3,32.7,57.5,58.0,66,0.0,1004,91,27.7,0.0,1.0,2023,6,7,2,2,158,23,0.49999999999999994,0.8660254037844387,1.2246467991473532e-16,-1.0,0.9749279121818236,-0.22252093395631434,2,3,0,64.0,61.0,55.0,50.0,18.0,21.0,57.0,9.64365076099302,64.0,46.0,48.333333333333336,14.080719678576813,64.0,31.0,45.166666666666664,15.502687938977733,71.0,26.0,40.75,14.984774881888441,71.0,18.0,27.7,27.9,28.5,90.0,86.0,82.0,1.0,1.0,1.66,1005.0,1005.0,1004.0,2520.7,91.0,27.7,0.0,0.7999860871984835,4.435565788582651,0.7381323220694794,25.206999999999997,27.2,0.027589613954567774,767.29,8281,1.0,1008016,435.0,72.5,-18.0,-9.0,0.0
148,172.9,34.7,38.3,66.3,54.0,83,0.0,1004,91,27.7,0.0,1.0,2023,6,7,3,2,158,23,0.7071067811865476,0.7071067811865476,1.2246467991473532e-16,-1.0,0.9749279121818236,-0.22252093395631434,2,3,0,46.0,64.0,61.0,31.0,26.0,24.0,54.333333333333336,9.073771725877595,64.0,46.0,52.0,11.242775458043909,64.0,33.0,47.416666666666664,14.387231291753693,71.0,27.0,41.958333333333336,14.742659681779239,71.0,18.0,27.7,27.8,28.3,91.0,88.0,83.0,1.0,1.0,1.33,1004.0,1005.0,1005.0,2520.7,91.0,27.7,0.0,0.7993846246662946,4.982565343938215,1.1037145903576264,25.206999999999997,27.2,0.027589613954567774,767.29,8281,1.0,1008016,419.20000000000005,69.86666666666667,7.0,-8.0,0.0
139,149.4,25.0,44.0,62.5,50.0,100,0.0,1004,92,27.7,0.0,1.0,2023,6,7,4,2,158,23,0.8660254037844386,0.5000000000000001,1.2246467991473532e-16,-1.0,0.9749279121818236,-0.22252093395631434,2,3,0,53.0,46.0,64.0,33.0,27.0,36.0,49.666666666666664,3.5118845842848416,53.0,46.0,54.833333333333336,6.7354782062346334,64.0,46.0,49.333333333333336,12.872333498513866,71.0,31.0,42.541666666666664,14.7735932653847,71.0,18.0,27.7,27.7,28.0,91.0,90.0,84.0,1.0,1.0,1.0,1004.0,1005.0,1005.0,2548.4,92.0,27.7,0.0,0.7999872002047967,5.975760969561217,1.7599296028158873,25.484,27.2,0.027589613954567774,767.29,8464,1.0,1008016,380.9,63.48333333333333,-3.0,-14.0,0.0
139,147.5,24.0,45.7,62.5,52.7,95,0.0,1004,91,27.9,0.0,1.0,2023,6,7,5,2,158,23,0.9659258262890683,0.25881904510252074,1.2246467991473532e-16,-1.0,0.9749279121818236,-0.22252093395631434,2,3,0,50.0,53.0,46.0,55.0,31.0,28.0,51.0,1.7320508075699321,53.0,50.0,54.0,7.014271166699706,64.0,46.0,50.916666666666664,11.508560713528095,71.0,31.0,43.458333333333336,14.512301128972517,71.0,18.0,27.7,27.7,27.9,92.0,91.0,86.0,1.0,1.0,1.0,1004.0,1004.0,1005.0,2538.9,91.0,27.9,0.0,0.7999872002047967,6.145577267613849,1.9040873296945962,25.389,27.4,0.027788816943409417,778.41,8281,1.0,1008016,382.4,63.73333333333333,0.0,4.0,0.1999999999999993
93,145.5,23.0,47.3,40.0,55.3,91,0.75,1005,89,28.2,0.7,1.0,2023,6,7,6,2,158,23,1.0,6.123233995736766e-17,1.2246467991473532e-16,-1.0,0.9749279121818236,-0.22252093395631434,2,0,0,50.0,50.0,53.0,61.0,47.0,58.0,44.0,10.392304845413575,50.0,32.0,49.166666666666664,10.400320507881498,64.0,32.0,49.666666666666664,12.723159508501826,71.0,31.0,42.375,14.349102380652264,71.0,18.0,27.9,27.7,27.8,91.0,91.0,88.0,1.0,1.0,1.0,1004.0,1004.0,1005.0,2509.7999999999997,89.0,28.2,68.25,0.7999800004999875,6.325811921220816,2.0564323290291724,25.098,27.7,0.028059673572464108,795.24,7921,1.0,1010025,343.1,57.18333333333334,-18.0,-21.0,0.3000000000000007
93,143.6,22.0,49.0,40.0,58.0,87,0.0,1005,88,28.4,0.8,1.0,2023,6,7,7,2,158,23,0.9659258262890683,-0.25881904510252063,1.2246467991473532e-16,-1.0,0.9749279121818236,-0.22252093395631434,2,0,0,32.0,50.0,50.0,64.0,71.0,58.0,38.0,10.39230484541369,50.0,32.0,43.833333333333336,9.432214303473987,53.0,32.0,46.416666666666664,11.719900196079019,64.0,31.0,41.291666666666664,14.097422418321196,71.0,18.0,28.2,27.7,27.7,89.0,92.0,90.0,1.0,1.0,1.0,1005.0,1004.0,1005.0,2499.2,88.0,28.4,0.0,0.7999800004999875,6.526976046543338,2.2271714922048997,24.991999999999997,27.9,0.028258678349573782,806.56,7744,1.0,1010025,344.6,57.43333333333334,0.0,-18.0,0.1999999999999993
121,129.6,17.3,74.7,53.8,61.3,79,0.0,1005,80,29.4,2.4,1.33,2023,6,7,8,2,158,23,0.8660254037844387,-0.4999999999999998,1.2246467991473532e-16,-1.0,0.9749279121818236,-0.22252093395631434,2,0,0,32.0,32.0,50.0,46.0,50.0,18.0,35.666666666666664,6.350852961086657,43.0,32.0,43.333333333333336,9.373722135131763,53.0,32.0,45.833333333333336,11.699520839708791,64.0,31.0,42.333333333333336,13.196398278933442,71.0,18.0,28.4,27.9,27.7,88.0,91.0,91.0,1.0,1.0,1.0,1005.0,1004.0,1004.0,2352.0,106.4,39.102,0.0,0.7992416497834613,7.490896479972255,4.317669498872897,23.52,28.735,0.029253702235122154,864.3599999999999,6400,1.7689000000000001,1010025,379.70000000000005,63.28333333333334,11.0,-7.0,1.0
89,115.6,12.7,100.3,37.5,64.7,70,0.0,1006,72,30.4,3.9,1.66,2023,6,7,9,2,158,23,0.7071067811865476,-0.7071067811865475,1.2246467991473532e-16,-1.0,0.9749279121818236,-0.22252093395631434,2,0,0,43.0,32.0,32.0,53.0,31.0,37.0,35.0,7.000000000000722,43.0,30.0,39.5,9.33273807625563,50.0,30.0,45.75,11.817744747162351,64.0,30.0,42.041666666666664,13.395259273881127,71.0,18.0,29.4,28.2,27.7,80.0,89.0,91.0,1.33,1.0,1.0,1005.0,1005.0,1004.0,2188.7999999999997,119.52,50.464,0.0,0.7999786672355405,9.101645539721282,7.897015982993466,21.887999999999998,29.57,0.030218657834336148,924.16,5184,2.7556,1012036,360.79999999999995,60.133333333333326,-13.0,-2.0,1.0
65,101.5,8.0,126.0,23.8,68.0,62,0.0,1006,65,31.4,4.3,2.0,2023,6,7,10,2,158,23,0.49999999999999994,-0.8660254037844387,1.2246467991473532e-16,-1.0,0.9749279121818236,-0.22252093395631434,2,0,0,30.0,43.0,32.0,50.0,33.0,44.0,30.666666666666668,12.013880860627225,43.0,19.0,34.333333333333336,10.819735055289348,50.0,19.0,44.583333333333336,13.727598832168795,64.0,19.0,41.0,14.185111607046066,71.0,18.0,30.4,28.4,27.7,72.0,88.0,92.0,1.66,1.0,1.0,1006.0,1005.0,1004.0,2041.0,130.0,62.8,0.0,0.7982857863114995,12.68591426071741,15.748031496062993,20.41,30.4,0.031212692631518258,985.9599999999999,4225,4.0,1012036,346.3,57.71666666666667,-11.0,-13.0,1.0
74,100.8,8.3,131.7,28.8,65.3,66,0.0,1005,60,32.5,3.7,2.0,2023,6,7,11,2,158,23,0.258819045102521,-0.9659258262890682,1.2246467991473532e-16,-1.0,0.9749279121818236,-0.22252093395631434,2,0,0,19.0,30.0,43.0,50.0,55.0,46.0,24.0,5.567764362831323,30.0,19.0,29.833333333333332,8.328665359267127,43.0,19.0,41.916666666666664,14.60048774610748,64.0,19.0,40.041666666666664,14.60339200223768,71.0,18.0,31.4,29.4,27.9,65.0,80.0,91.0,2.0,1.33,1.0,1006.0,1005.0,1004.0,1950.0,120.0,65.0,0.0,0.7985833825214401,12.143115287314782,15.86555836646187,19.5,31.5,0.03233827628032211,1056.25,3600,4.0,1010025,357.9,59.65,4.0,-20.0,1.1000000000000014
82,100.0,8.7,137.3,33.8,62.7,70,0.0,1004,55,33.5,3.7,2.0,2023,6,7,12,2,158,23,1.2246467991473532e-16,-1.0,1.2246467991473532e-16,-1.0,0.9749279121818236,-0.22252093395631434,2,1,0,23.0,19.0,30.0,32.0,61.0,29.0,23.0,4.000000000001859,27.0,19.0,29.0,8.31865373723353,43.0,19.0,39.083333333333336,13.839721051663973,64.0,19.0,39.958333333333336,14.674672551466303,71.0,18.0,32.5,30.4,28.2,60.0,72.0,89.0,2.0,1.66,1.0,1005.0,1006.0,1005.0,1842.5,110.0,67.0,0.0,0.7987929351202628,11.49293184691415,15.779795425813129,18.425,32.5,0.03336650063097547,1122.25,3025,4.0,1008016,369.5,61.583333333333336,4.0,-3.0,1.0
79,99.2,9.0,143.0,26.3,60.0,75,0.0,1004,50,34.6,3.5,2.0,2023,6,7,13,2,158,23,-0.2588190451025208,-0.9659258262890683,1.2246467991473532e-16,-1.0,0.9749279121818236,-0.22252093395631434,2,1,0,27.0,23.0,19.0,32.0,64.0,40.0,23.666666666666668,3.0550504633062854,27.0,21.0,27.166666666666668,8.727351641056732,43.0,19.0,35.5,12.28080542220965,53.0,19.0,39.166666666666664,15.176259110192959,71.0,18.0,33.5,31.4,28.4,55.0,65.0,88.0,2.0,2.0,1.0,1004.0,1006.0,1005.0,1730.0,100.0,69.2,0.0,0.79844872818524,11.020997666925899,15.887123652927453,17.3,33.6,0.03446211706960452,1197.16,2500,4.0,1008016,358.5,59.75,-6.0,2.0,1.1000000000000014
92,105.4,10.0,153.7,28.8,63.3,58,0.0,1003,49,34.7,2.8,2.0,2023,6,7,14,2,158,23,-0.4999999999999997,-0.8660254037844388,1.2246467991473532e-16,-1.0,0.9749279121818236,-0.22252093395631434,2,1,0,21.0,27.0,23.0,43.0,46.0,18.0,23.666666666666668,3.0550504633062854,27.0,21.0,23.833333333333332,4.020779360603479,30.0,19.0,33.583333333333336,12.287897470373697,53.0,19.0,39.375,14.904952488876201,71.0,19.0,34.6,32.5,29.4,50.0,60.0,80.0,2.0,2.0,1.33,1004.0,1005.0,1005.0,1700.3000000000002,98.0,69.4,0.0,0.7985833825214401,10.538946105389462,15.368463153684631,17.003,33.7,0.03459617687320352,1204.0900000000001,2401,4.0,1006009,384.20000000000005,64.03333333333335,2.0,0.0,0.10000000000000142
101,111.7,11.0,164.3,27.5,66.7,41,0.0,1002,49,34.9,2.0,2.0,2023,6,7,15,2,158,23,-0.7071067811865471,-0.7071067811865479,1.2246467991473532e-16,-1.0,0.9749279121818236,-0.22252093395631434,2,1,0,23.0,21.0,27.0,30.0,53.0,26.0,22.0,1.0000000000076392,23.0,21.0,22.5,2.6645825188925873,27.0,19.0,31.0,11.02888768808331,50.0,19.0,39.208333333333336,15.08232240987332,71.0,19.0,34.7,33.5,30.4,49.0,55.0,72.0,2.0,2.0,1.66,1003.0,1004.0,1006.0,1710.1,98.0,69.8,0.0,0.7999709101487218,10.153622397963822,14.93500590855377,17.101,33.9,0.03483030456057429,1218.01,2401,4.0,1004004,403.2,67.2,-1.0,-5.0,0.19999999999999574
104,117.9,12.0,175.0,27.5,70.0,25,0.0,1001,48,35.0,1.2,2.0,2023,6,7,16,2,158,23,-0.8660254037844385,-0.5000000000000004,1.2246467991473532e-16,-1.0,0.9749279121818236,-0.22252093395631434,2,1,0,22.0,23.0,21.0,19.0,50.0,27.0,22.333333333333332,0.5773502692027435,23.0,22.0,23.0,2.097617696337461,27.0,21.0,28.666666666666668,9.499601267548874,50.0,19.0,39.0,15.291372958519005,71.0,19.0,34.9,34.6,31.4,49.0,50.0,65.0,2.0,2.0,2.0,1002.0,1004.0,1006.0,1680.0,96.0,70.0,0.0,0.7999709101487218,9.824181318223483,14.582118156820266,16.8,34.0,0.034965000034965,1225.0,2304,4.0,1002001,424.4,70.73333333333333,0.0,1.0,0.10000000000000142
101,132.3,17.7,162.3,28.8,68.0,20,0.0,1001,51,34.3,0.8,2.0,2023,6,7,17,2,158,23,-0.9659258262890683,-0.25881904510252063,1.2246467991473532e-16,-1.0,0.9749279121818236,-0.22252093395631434,2,1,0,22.0,22.0,23.0,23.0,50.0,31.0,22.333333333333332,0.5773502692027435,23.0,22.0,23.0,2.097617696337461,27.0,21.0,26.416666666666668,6.801849124697151,43.0,19.0,38.666666666666664,15.558212333507253,71.0,19.0,35.0,34.7,32.5,48.0,49.0,60.0,2.0,2.0,2.0,1001.0,1003.0,1005.0,1749.3,102.0,68.6,0.0,0.7985833825214401,7.474154002598723,9.16897350432179,17.493,33.3,0.0342657000342657,1176.4899999999998,2601,4.0,1002001,432.1,72.01666666666667,1.0,0.0,-0.7000000000000028
87,146.7,23.3,149.7,28.8,66.0,16,0.0,1001,54,33.5,0.6,2.0,2023,6,7,18,2,158,23,-1.0,-1.8369701987210297e-16,1.2246467991473532e-16,-1.0,0.9749279121818236,-0.22252093395631434,2,2,0,23.0,22.0,22.0,27.0,32.0,47.0,22.666666666666668,0.5773502692026283,23.0,22.0,22.333333333333332,0.8164965809203343,23.0,21.0,25.666666666666668,6.624106572118216,43.0,19.0,37.666666666666664,15.76916823001996,71.0,19.0,34.3,34.9,33.5,51.0,49.0,55.0,2.0,2.0,2.0,1001.0,1002.0,1004.0,1809.0,108.0,67.0,0.0,0.7985833825214401,6.295867130166086,6.424616969228787,18.09,32.5,0.033466500033466504,1122.25,2916,4.0,1002001,437.5,72.91666666666667,0.0,1.0,-0.7999999999999972
107,161.1,29.0,137.0,47.5,64.0,12,0.0,1002,58,32.8,0.0,2.0,2023,6,7,19,2,158,23,-0.9659258262890684,0.2588190451025203,1.2246467991473532e-16,-1.0,0.9749279121818236,-0.22252093395631434,2,2,0,23.0,23.0,22.0,21.0,32.0,71.0,28.0,8.660254037845132,38.0,23.0,25.166666666666668,6.306081720581746,38.0,22.0,26.166666666666668,7.334022006230324,43.0,19.0,36.291666666666664,14.085080502206116,64.0,19.0,33.5,35.0,34.6,54.0,48.0,50.0,2.0,2.0,2.0,1001.0,1001.0,1004.0,1902.3999999999999,116.0,65.6,0.0,0.7999831582493001,5.554980862728871,4.723975035343608,19.023999999999997,31.799999999999997,0.0327344982689638,1075.84,3364,4.0,1004004,476.6,79.43333333333334,15.0,16.0,-0.7000000000000028
188,162.8,30.3,122.0,105.0,57.3,12,0.0,1002,66,31.8,0.0,2.0,2023,6,7,20,2,158,23,-0.8660254037844386,0.5000000000000001,1.2246467991473532e-16,-1.0,0.9749279121818236,-0.22252093395631434,2,2,0,38.0,23.0,23.0,23.0,43.0,50.0,48.333333333333336,31.785741037977044,84.0,23.0,35.333333333333336,24.638722910627035,84.0,22.0,29.583333333333332,17.870536102927986,84.0,19.0,37.708333333333336,16.94358713282227,84.0,19.0,32.8,34.3,34.7,58.0,51.0,49.0,2.0,2.0,2.0,1002.0,1001.0,1003.0,2098.8,132.0,63.6,0.0,0.7999923810249426,5.37275997491832,4.026269760073925,20.988000000000003,30.8,0.03173649527295881,1011.24,4356,4.0,1004004,561.4,93.56666666666666,46.0,61.0,-0.9999999999999964
239,164.6,31.7,107.0,152.5,50.7,12,0.0,1003,75,30.8,0.0,2.0,2023,6,7,21,2,158,23,-0.7071067811865477,0.7071067811865474,1.2246467991473532e-16,-1.0,0.9749279121818236,-0.22252093395631434,2,2,0,84.0,38.0,23.0,22.0,30.0,31.0,81.33333333333333,42.06344414492618,122.0,38.0,52.0,41.718101586721254,122.0,22.0,37.25,32.11945035191423,122.0,19.0,41.5,24.063322261501526,122.0,19.0,31.8,33.5,34.9,66.0,54.0,49.0,2.0,2.0,2.0,1002.0,1001.0,1002.0,2310.0,150.0,61.6,0.0,0.7999947541327598,5.192265228226239,3.3752878458092805,23.1,29.8,0.03070784575488958,948.6400000000001,5625,4.0,1006009,628.5,104.75,38.0,99.0,-1.0
159,166.3,33.0,92.0,77.5,44.0,12,1.0,1004,84,29.8,0.0,2.0,2023,6,7,22,2,158,23,-0.5000000000000004,0.8660254037844384,1.2246467991473532e-16,-1.0,0.9749279121818236,-0.22252093395631434,2,3,0,122.0,84.0,38.0,22.0,19.0,33.0,89.33333333333333,30.35347316755236,122.0,62.0,58.666666666666664,39.07770037587502,122.0,23.0,40.833333333333336,32.29644881501058,122.0,21.0,42.708333333333336,24.344411315923132,122.0,19.0,30.8,32.8,35.0,75.0,58.0,48.0,2.0,2.0,2.0,1003.0,1002.0,1001.0,2503.2000000000003,168.0,59.6,12.0,0.7999896775525477,5.039241235114088,2.7877943092633557,25.032000000000004,28.8,0.029681245337405043,888.0400000000001,7056,4.0,1008016,474.8,79.13333333333334,-60.0,24.0,-1.0
123,167.5,32.7,83.3,55.0,50.7,25,0.5,1004,86,29.5,0.0,1.66,2023,6,7,23,2,158,23,-0.25881904510252157,0.9659258262890681,1.2246467991473532e-16,-1.0,0.9749279121818236,-0.22252093395631434,2,3,0,62.0,122.0,84.0,23.0,23.0,55.0,76.0,40.84115571332419,122.0,44.0,62.166666666666664,36.06891551830555,122.0,23.0,42.583333333333336,31.80754151093242,122.0,21.0,42.25,24.20608978353797,122.0,19.0,29.8,31.8,34.3,84.0,66.0,51.0,2.0,2.0,2.0,1004.0,1002.0,1001.0,2537.0,142.76,48.97,12.5,0.7999854548099126,5.122167517812911,2.5473227118436745,25.37,28.67,0.029382440854142575,870.25,7396,2.7556,1008016,433.2,72.2,-18.0,-40.0,-0.3000000000000007
118,168.7,32.3,74.7,52.5,57.3,37,0.5,1004,87,29.3,0.0,1.33,2023,6,8,0,3,159,23,0.0,1.0,1.2246467991473532e-16,-1.0,0.43388373911755823,-0.900968867902419,2,3,0,44.0,62.0,122.0,23.0,27.0,61.0,49.333333333333336,11.015141094572362,62.0,42.0,65.33333333333333,32.61083664469012,122.0,38.0,43.833333333333336,31.43198525339577,122.0,21.0,41.458333333333336,23.874634832931005,122.0,19.0,29.5,30.8,33.5,86.0,75.0,54.0,1.66,2.0,2.0,1004.0,1003.0,1001.0,2549.1,115.71000000000001,38.969,18.5,0.7999847621950058,5.222748521717595,2.312621900250767,25.491,28.635,0.029183237865300932,858.49,7569,1.7689000000000001,1008016,427.5,71.25,-2.0,-80.0,-0.1999999999999993
115,169.8,32.0,66.0,51.3,64.0,50,1.0,1004,88,29.0,0.0,1.0,2023,6,8,1,3,159,23,0.25881904510252074,0.9659258262890683,1.2246467991473532e-16,-1.0,0.43388373911755823,-0.900968867902419,2,3,0,42.0,44.0,62.0,38.0,21.0,64.0,42.333333333333336,1.5275252316539862,44.0,41.0,65.83333333333333,32.12735075705222,122.0,41.0,45.5,30.631237769191102,122.0,22.0,40.5,23.38710161048469,122.0,19.0,29.3,29.8,32.8,87.0,84.0,58.0,1.33,2.0,2.0,1004.0,1004.0,1002.0,2552.0,88.0,29.0,50.0,0.7992046938656168,5.306084184869223,2.0624355488890975,25.52,28.5,0.028884433382038464,841.0,7744,1.0,1008016,424.1,70.68333333333334,-1.0,-21.0,-0.3000000000000007
112,166.7,29.3,63.7,50.0,66.0,62,1.0,1003,89,28.9,0.0,0.66,2023,6,8,2,3,159,23,0.49999999999999994,0.8660254037844387,1.2246467991473532e-16,-1.0,0.43388373911755823,-0.900968867902419,2,3,0,41.0,42.0,44.0,84.0,23.0,46.0,41.0,1.0000000000033802,42.0,40.0,58.5,32.172970021432526,122.0,40.0,46.916666666666664,29.87993651366412,122.0,22.0,40.25,23.357802904420275,122.0,19.0,29.0,29.5,31.8,88.0,86.0,66.0,1.0,1.66,2.0,1004.0,1004.0,1002.0,2572.1,58.74,19.074,62.0,0.7999840003199936,5.689225623698849,2.173987235930514,25.721,28.57,0.02881353059468535,835.2099999999999,7921,0.43560000000000004,1006009,415.7,69.28333333333333,-1.0,-4.0,-0.10000000000000142
121,163.6,26.7,61.3,53.8,68.0,75,0.5,1003,90,28.7,0.0,0.33,2023,6,8,3,3,159,23,0.7071067811865476,0.7071067811865476,1.2246467991473532e-16,-1.0,0.43388373911755823,-0.900968867902419,2,3,0,40.0,41.0,42.0,122.0,22.0,53.0,41.333333333333336,1.5275252316541177,43.0,40.0,45.333333333333336,8.286535263103671,62.0,40.0,48.666666666666664,28.886402379393576,122.0,22.0,39.833333333333336,23.20919358070572,122.0,19.0,28.9,29.3,30.8,89.0,87.0,75.0,0.66,1.33,2.0,1003.0,1004.0,1003.0,2583.0,29.700000000000003,9.471,37.5,0.7992416497834613,6.127111344144414,2.295794165012546,25.83,28.535,0.028614128998874378,823.6899999999999,8100,0.10890000000000001,1006009,416.4,69.39999999999999,3.0,1.0,-0.1999999999999993
134,160.5,24.0,59.0,60.0,70.0,87,0.0,1003,92,28.6,0.0,1.2,2023,6,8,4,3,159,23,0.8660254037844386,0.5000000000000001,1.2246467991473532e-16,-1.0,0.43388373911755823,-0.900968867902419,2,3,0,43.0,40.0,41.0,62.0,22.0,50.0,43.666666666666664,4.041451884328086,48.0,40.0,43.0,2.8284271247450454,48.0,40.0,50.833333333333336,27.653154787419144,122.0,23.0,39.75,23.174667578873905,122.0,19.0,28.7,29.0,29.8,90.0,88.0,84.0,0.33,1.0,2.0,1003.0,1004.0,1004.0,2631.2000000000003,110.39999999999999,34.32,0.0,0.7999866668888852,6.687221365776425,2.4582309070455395,26.312,28.0,0.028514428200968896,817.96,8464,1.44,1006009,421.5,70.25,5.0,7.0,-0.09999999999999787
134,156.0,23.7,59.3,60.0,62.0,75,0.0,1003,91,28.7,0.0,0.33,2023,6,8,5,3,159,23,0.9659258262890683,0.25881904510252074,1.2246467991473532e-16,-1.0,0.43388373911755823,-0.900968867902419,2,3,0,48.0,43.0,40.0,44.0,23.0,50.0,46.333333333333336,2.886751345948934,48.0,43.0,43.666666666666664,3.502380143082746,48.0,40.0,52.916666666666664,26.272897661185834,122.0,23.0,39.666666666666664,23.139776908222853,122.0,19.0,28.6,28.9,29.5,92.0,89.0,86.0,1.2,0.66,1.66,1003.0,1003.0,1004.0,2611.7,30.03,9.471,0.0,0.7999866668888852,6.582000759461626,2.5020041348466306,26.116999999999997,28.535,0.028614128998874378,823.6899999999999,8281,0.10890000000000001,1006009,409.0,68.16666666666667,0.0,8.0,0.09999999999999787
112,151.5,23.3,59.7,50.0,54.0,62,0.0,1004,91,28.9,0.7,0.66,2023,6,8,6,3,159,23,1.0,6.123233995736766e-17,1.2246467991473532e-16,-1.0,0.43388373911755823,-0.900968867902419,2,0,0,48.0,48.0,43.0,42.0,23.0,32.0,45.333333333333336,4.618802153517552,48.0,40.0,43.333333333333336,3.7771241264565627,48.0,40.0,54.333333333333336,24.9374976266421,122.0,38.0,40.0,23.082084149739536,122.0,19.0,28.7,28.7,29.3,91.0,90.0,87.0,0.33,0.33,1.33,1003.0,1003.0,1004.0,2629.9,60.06,19.074,0.0,0.7999840003199936,6.501866872666409,2.562121797347753,26.299,28.57,0.02878483188761764,835.2099999999999,8281,0.43560000000000004,1008016,378.5,63.083333333333336,-8.0,-3.0,0.1999999999999993
112,147.1,23.0,60.0,50.0,46.0,50,0.0,1004,91,29.0,0.9,1.0,2023,6,8,7,3,159,23,0.9659258262890683,-0.25881904510252063,1.2246467991473532e-16,-1.0,0.43388373911755823,-0.900968867902419,2,0,0,40.0,48.0,48.0,41.0,38.0,32.0,42.666666666666664,4.618802153517667,48.0,40.0,43.166666666666664,3.9200340134570535,48.0,40.0,54.5,24.824840931468618,122.0,40.0,40.333333333333336,23.019210628755705,122.0,19.0,28.9,28.6,29.0,91.0,92.0,88.0,0.66,1.2,1.0,1004.0,1003.0,1004.0,2639.0,91.0,29.0,0.0,0.7999840003199936,6.395374114168948,2.6085822355549757,26.39,28.5,0.028884433382038464,841.0,8281,1.0,1008016,366.1,61.01666666666667,0.0,-8.0,0.10000000000000142
123,141.4,21.0,75.3,55.0,53.3,45,0.0,1004,84,29.9,1.4,1.33,2023,6,8,8,3,159,23,0.8660254037844387,-0.4999999999999998,1.2246467991473532e-16,-1.0,0.43388373911755823,-0.900968867902419,2,0,0,40.0,40.0,48.0,40.0,84.0,43.0,41.333333333333336,2.309401076759939,44.0,40.0,43.833333333333336,3.6009258068808294,48.0,40.0,51.166666666666664,23.131377089585445,122.0,40.0,40.375,23.025151654129388,122.0,19.0,29.0,28.7,28.9,91.0,91.0,89.0,1.0,0.33,0.66,1004.0,1003.0,1003.0,2511.6,111.72,39.767,0.0,0.7999854548099126,6.733012713680301,3.58554354554545,25.116,29.235,0.029780846831825865,894.0099999999999,7056,1.7689000000000001,1008016,390.0,65.0,4.0,-4.0,0.8999999999999986
145,135.8,19.0,90.7,65.0,60.7,41,0.0,1004,79,30.9,2.1,1.66,2023,6,8,9,3,159,23,0.7071067811865476,-0.7071067811865475,1.2246467991473532e-16,-1.0,0.43388373911755823,-0.900968867902419,2,0,0,44.0,40.0,40.0,43.0,122.0,30.0,45.333333333333336,6.1101009266082,52.0,40.0,45.333333333333336,4.844240566555365,52.0,40.0,45.333333333333336,6.4713822232024105,62.0,40.0,41.291666666666664,23.032074358931887,122.0,19.0,29.9,28.9,28.7,84.0,91.0,90.0,1.33,0.66,0.33,1004.0,1004.0,1003.0,2441.1,131.14,51.294,0.0,0.7999876924970385,7.1469922635650756,4.773432977211725,24.410999999999998,30.07,0.030776861776034087,954.81,6241,2.7556,1008016,423.2,70.53333333333333,8.0,12.0,1.0
152,130.1,17.0,106.0,71.3,68.0,37,0.0,1004,74,31.8,2.9,2.0,2023,6,8,10,3,159,23,0.49999999999999994,-0.8660254037844387,1.2246467991473532e-16,-1.0,0.43388373911755823,-0.900968867902419,2,0,0,52.0,44.0,40.0,48.0,62.0,19.0,51.0,6.557438524302214,57.0,44.0,46.833333333333336,6.823977334858386,57.0,40.0,44.916666666666664,5.367551216392663,57.0,40.0,42.875,22.737275466778765,122.0,21.0,30.9,29.0,28.6,79.0,91.0,92.0,1.66,1.0,1.2,1004.0,1004.0,1003.0,2353.2000000000003,148.0,63.6,0.0,0.7994277780115285,7.652491029939415,6.234927357214281,23.532000000000004,30.8,0.03167327522582149,1011.24,5476,4.0,1008016,449.4,74.89999999999999,5.0,17.0,0.9000000000000021
152,134.6,16.7,124.3,71.3,77.0,54,0.0,1003,74,31.9,3.5,2.0,2023,6,8,11,3,159,23,0.258819045102521,-0.9659258262890682,1.2246467991473532e-16,-1.0,0.43388373911755823,-0.900968867902419,2,0,0,57.0,52.0,44.0,48.0,44.0,23.0,55.333333333333336,2.8867513459483134,57.0,52.0,48.333333333333336,8.016649341630282,57.0,40.0,46.0,6.381792281739121,57.0,40.0,44.291666666666664,22.503099625465584,122.0,21.0,31.8,29.9,28.7,74.0,84.0,91.0,2.0,1.33,0.33,1004.0,1004.0,1003.0,2360.6,148.0,63.8,0.0,0.7994277780115285,8.059397640859828,7.442668103706365,23.605999999999998,30.9,0.03180455453184992,1017.6099999999999,5476,4.0,1006009,480.9,80.14999999999999,0.0,13.0,0.09999999999999787
131,139.1,16.3,142.7,58.8,86.0,70,0.0,1003,75,31.9,3.7,2.0,2023,6,8,12,3,159,23,1.2246467991473532e-16,-1.0,1.2246467991473532e-16,-1.0,0.43388373911755823,-0.900968867902419,2,1,0,57.0,57.0,52.0,40.0,42.0,27.0,53.666666666666664,5.773502691896407,57.0,47.0,49.5,7.007139216541571,57.0,40.0,46.416666666666664,6.258933010045299,57.0,40.0,45.125,22.20323615269135,122.0,21.0,31.9,30.9,28.9,74.0,79.0,91.0,2.0,1.66,0.66,1003.0,1004.0,1004.0,2392.5,150.0,63.8,0.0,0.7993061342494175,8.53321882093123,8.754064167842461,23.925,30.9,0.03180455453184992,1017.6099999999999,5625,4.0,1006009,489.90000000000003,81.65,-10.0,-5.0,0.0
131,143.6,16.0,161.0,58.8,95.0,87,0.0,1002,76,32.0,3.5,2.0,2023,6,8,13,3,159,23,-0.2588190451025208,-0.9659258262890683,1.2246467991473532e-16,-1.0,0.43388373911755823,-0.900968867902419,2,1,0,47.0,57.0,57.0,40.0,41.0,21.0,50.333333333333336,5.773502691896522,57.0,47.0,50.666666666666664,5.537749241944937,57.0,44.0,46.916666666666664,6.022055422789114,57.0,40.0,46.208333333333336,21.60108525185662,122.0,22.0,31.9,31.8,29.0,75.0,74.0,91.0,2.0,2.0,1.0,1003.0,1004.0,1004.0,2432.0,152.0,64.0,0.0,0.7993061342494175,8.974439097556402,10.061871133054183,24.32,31.0,0.03193609587215981,1024.0,5776,4.0,1004004,521.4000000000001,86.90000000000002,0.0,-10.0,0.10000000000000142
152,147.5,17.3,162.0,71.3,98.3,87,0.0,1001,69,32.7,2.8,1.66,2023,6,8,14,3,159,23,-0.4999999999999997,-0.8660254037844388,1.2246467991473532e-16,-1.0,0.43388373911755823,-0.900968867902419,2,1,0,47.0,47.0,57.0,44.0,40.0,23.0,50.333333333333336,5.773502691896522,57.0,47.0,52.833333333333336,4.915960401250416,57.0,47.0,48.333333333333336,6.242571342779287,57.0,40.0,47.625,21.12244324635905,122.0,22.0,32.0,31.9,29.9,76.0,74.0,84.0,2.0,2.0,1.33,1002.0,1003.0,1004.0,2256.3,114.53999999999999,54.282000000000004,0.0,0.7994277780115285,8.525518756141263,9.36362059996532,22.563000000000002,31.870000000000005,0.0326673000326673,1069.2900000000002,4761,2.7556,1002001,553.4,92.23333333333333,10.0,0.0,0.7000000000000028
139,151.3,18.7,163.0,62.5,101.7,87,0.0,1001,63,33.5,2.0,1.33,2023,6,8,15,3,159,23,-0.7071067811865471,-0.7071067811865479,1.2246467991473532e-16,-1.0,0.43388373911755823,-0.900968867902419,2,1,0,57.0,47.0,47.0,52.0,43.0,22.0,51.333333333333336,5.1316014394471425,57.0,47.0,52.5,5.049752469180585,57.0,47.0,48.916666666666664,6.0220554227891085,57.0,40.0,48.791666666666664,20.40668936928526,122.0,22.0,32.7,31.9,30.9,69.0,75.0,79.0,1.66,2.0,1.66,1001.0,1003.0,1004.0,2110.5,83.79,44.555,0.0,0.7999872002047967,8.090476445109887,8.716111437891021,21.105,32.835,0.033466500033466504,1122.25,3969,1.7689000000000001,1002001,547.2,91.2,-7.0,3.0,0.7999999999999972
121,155.2,20.0,164.0,53.8,105.0,87,0.5,1000,58,34.2,1.2,1.0,2023,6,8,16,3,159,23,-0.8660254037844385,-0.5000000000000004,1.2246467991473532e-16,-1.0,0.43388373911755823,-0.900968867902419,2,1,0,50.0,57.0,47.0,57.0,48.0,22.0,50.0,7.000000000000229,57.0,43.0,50.166666666666664,5.741660619251332,57.0,43.0,48.5,6.259538176400108,57.0,40.0,49.666666666666664,19.643931835837297,122.0,23.0,33.5,32.0,31.8,63.0,76.0,74.0,1.33,2.0,2.0,1001.0,1002.0,1004.0,1983.6000000000001,58.0,34.2,43.5,0.7992416497834613,7.759612019399029,8.199590020498974,19.836000000000002,33.7,0.034199965800034204,1169.64,3364,1.0,1000000,541.0,90.16666666666667,-7.0,-4.0,0.7000000000000028
123,183.3,39.0,129.7,55.0,90.3,75,0.0,1000,63,33.0,0.8,1.16,2023,6,8,17,3,159,23,-0.9659258262890683,-0.25881904510252063,1.2246467991473532e-16,-1.0,0.43388373911755823,-0.900968867902419,2,1,0,43.0,50.0,57.0,57.0,48.0,23.0,45.666666666666664,3.785938897200836,50.0,43.0,48.0,5.059644256268861,57.0,43.0,48.166666666666664,6.393652154972156,57.0,40.0,50.541666666666664,18.856388991456164,122.0,23.0,34.2,32.7,31.9,58.0,69.0,74.0,1.0,1.66,2.0,1000.0,1001.0,1003.0,2079.0,73.08,38.279999999999994,0.0,0.7999854548099126,4.699879490269481,3.3255557549806416,20.79,32.42,0.032999967000033,1089.0,3969,1.3456,1000000,541.3,90.21666666666665,1.0,-13.0,-1.2000000000000028
148,211.3,58.0,95.3,66.3,75.7,62,0.0,1001,68,31.9,0.6,1.33,2023,6,8,18,3,159,23,-1.0,-1.8369701987210297e-16,1.2246467991473532e-16,-1.0,0.43388373911755823,-0.900968867902419,2,2,0,44.0,43.0,50.0,47.0,40.0,23.0,46.666666666666664,5.507570547286515,53.0,43.0,49.0,5.403702434442026,57.0,43.0,49.25,5.971523332373667,57.0,40.0,51.791666666666664,17.922488100432737,122.0,38.0,33.0,33.5,31.9,63.0,63.0,75.0,1.16,1.33,2.0,1000.0,1001.0,1003.0,2169.2,90.44,42.427,0.0,0.7993846246662946,3.643040637230393,1.6430751193944932,21.691999999999997,31.235,0.0318681000318681,1017.6099999999999,4624,1.7689000000000001,1002001,559.6,93.26666666666667,9.0,3.0,-1.1000000000000014
197,239.3,77.0,61.0,113.8,61.0,50,1.0,1001,73,30.7,0.0,1.5,2023,6,8,19,3,159,23,-0.9659258262890684,0.2588190451025203,1.2246467991473532e-16,-1.0,0.43388373911755823,-0.900968867902419,2,2,0,53.0,44.0,43.0,47.0,40.0,38.0,62.666666666666664,24.946609656090175,91.0,44.0,56.333333333333336,17.79513042005208,91.0,43.0,53.5,12.908770802688986,91.0,43.0,54.0,19.357056908887824,122.0,40.0,31.9,34.2,32.0,68.0,58.0,76.0,1.33,1.0,2.0,1001.0,1000.0,1002.0,2241.1,109.5,46.05,50.0,0.7996414794246096,3.1077518473786054,0.7921975039285204,22.410999999999998,29.95,0.0306693000306693,942.49,5329,2.25,1002001,643.1,107.18333333333334,38.0,48.0,-1.1999999999999993
163,220.2,64.7,60.0,81.3,58.3,37,1.0,1002,79,29.5,0.0,1.66,2023,6,8,20,3,159,23,-0.8660254037844386,0.5000000000000001,1.2246467991473532e-16,-1.0,0.43388373911755823,-0.900968867902419,2,2,0,91.0,53.0,44.0,57.0,44.0,84.0,69.66666666666667,19.425069712444504,91.0,53.0,57.666666666666664,18.151216671800903,91.0,43.0,55.25,12.92724395854075,91.0,43.0,53.208333333333336,18.44375507995278,122.0,40.0,30.7,33.0,32.7,73.0,63.0,69.0,1.5,1.16,1.66,1001.0,1000.0,1001.0,2330.5,131.14,48.97,37.0,0.7994981611542293,3.403347707145175,0.9273426994945981,23.305,28.67,0.029441088382147325,870.25,6241,2.7556,1004004,549.5,91.58333333333333,-26.0,21.0,-1.1999999999999993
134,201.1,52.3,59.0,60.0,55.7,25,0.5,1002,86,28.4,0.0,1.83,2023,6,8,21,3,159,23,-0.7071067811865477,0.7071067811865474,1.2246467991473532e-16,-1.0,0.43388373911755823,-0.900968867902419,2,2,0,65.0,91.0,53.0,50.0,52.0,122.0,68.0,21.656407827707625,91.0,48.0,57.333333333333336,18.337575266830207,91.0,43.0,54.916666666666664,13.069453166089163,91.0,43.0,50.125,11.210680078661358,91.0,40.0,29.5,31.9,33.5,79.0,68.0,63.0,1.66,1.33,1.33,1002.0,1001.0,1001.0,2442.4,157.38,51.972,12.5,0.7999866668888852,3.845050763847728,1.1280855050572647,24.424,27.485,0.02834328508654183,806.56,7396,3.3489000000000004,1004004,476.09999999999997,79.35,-17.0,-5.0,-1.1000000000000014
82,182.1,40.0,58.0,33.8,53.0,12,2.5,1002,93,27.2,0.0,2.0,2023,6,8,22,3,159,23,-0.5000000000000004,0.8660254037844384,1.2246467991473532e-16,-1.0,0.43388373911755823,-0.900968867902419,2,3,0,48.0,65.0,91.0,43.0,57.0,62.0,46.666666666666664,19.03505538035909,65.0,27.0,54.666666666666664,21.694853460363877,91.0,27.0,52.416666666666664,15.311661232438555,91.0,27.0,48.666666666666664,11.856631483896884,91.0,27.0,28.4,30.7,34.2,86.0,73.0,58.0,1.83,1.5,1.0,1002.0,1001.0,1000.0,2529.6,186.0,54.4,30.0,0.7987929351202628,4.552386190345241,1.4499637509062275,25.296,26.2,0.027145681491335838,739.8399999999999,8649,4.0,1004004,393.90000000000003,65.65,-21.0,-64.0,-1.1999999999999993
89,171.8,36.7,57.0,37.5,44.7,33,5.0,1003,93,26.8,0.0,2.0,2023,6,8,23,3,159,23,-0.25881904510252157,0.9659258262890681,1.2246467991473532e-16,-1.0,0.43388373911755823,-0.900968867902419,2,3,0,27.0,48.0,65.0,44.0,57.0,44.0,35.0,11.357816691600922,48.0,27.0,52.333333333333336,23.729025826330545,91.0,27.0,50.166666666666664,16.51353898160421,91.0,27.0,48.083333333333336,12.42688763254465,91.0,27.0,27.2,29.5,33.0,93.0,79.0,63.0,2.0,1.66,1.16,1002.0,1002.0,1000.0,2492.4,186.0,53.6,165.0,0.7999786672355405,4.681071360453394,1.5530911964251655,24.924,25.8,0.026719813838670153,718.24,8649,4.0,1006009,377.7,62.949999999999996,3.0,-35.0,-0.3999999999999986
89,161.5,33.3,56.0,37.5,36.3,54,4.75,1003,94,26.4,0.0,2.0,2023,6,9,0,4,160,23,0.0,1.0,1.2246467991473532e-16,-1.0,-0.433883739117558,-0.9009688679024191,2,3,0,30.0,27.0,48.0,53.0,47.0,42.0,29.0,1.7320508075719674,30.0,27.0,48.5,25.398818870175727,91.0,27.0,48.75,17.509088549041437,91.0,27.0,47.583333333333336,12.914153565714152,91.0,27.0,26.8,28.4,31.9,93.0,86.0,68.0,2.0,1.83,1.33,1003.0,1002.0,1001.0,2481.6,188.0,52.8,256.5,0.7999786672355405,4.849704213086695,1.6816311822467795,24.816,25.4,0.02632101064704821,696.9599999999999,8836,4.0,1006009,354.6,59.1,0.0,-18.0,-0.40000000000000213
46,151.2,30.0,55.0,13.8,28.0,75,4.75,1004,94,26.0,0.0,2.0,2023,6,9,1,4,160,23,0.25881904510252074,0.9659258262890683,1.2246467991473532e-16,-1.0,-0.433883739117558,-0.9009688679024191,2,3,0,30.0,30.0,27.0,91.0,47.0,41.0,23.666666666666668,10.969655114603466,30.0,11.0,35.166666666666664,18.755443654221008,65.0,11.0,45.75,20.640318003187826,91.0,11.0,46.333333333333336,14.881171841032058,91.0,11.0,26.4,27.2,30.7,94.0,93.0,73.0,2.0,2.0,1.5,1003.0,1002.0,1001.0,2444.0,188.0,52.0,356.25,0.7970436924860518,5.039832005599813,1.8332722242591912,24.44,25.0,0.025896388549413795,676.0,8836,4.0,1008016,289.0,48.166666666666664,-19.0,-16.0,-0.3999999999999986
50,147.3,26.3,53.3,15.0,29.7,83,1.75,1003,94,25.8,0.0,1.66,2023,6,9,2,4,160,23,0.49999999999999994,0.8660254037844387,1.2246467991473532e-16,-1.0,-0.433883739117558,-0.9009688679024191,2,3,0,11.0,30.0,30.0,65.0,57.0,40.0,17.666666666666668,10.692676621564322,30.0,11.0,26.333333333333332,13.691846722289052,48.0,11.0,42.0,22.42158051358702,91.0,11.0,45.166666666666664,16.41755864567154,91.0,11.0,26.0,26.8,29.5,94.0,93.0,79.0,2.0,2.0,1.66,1004.0,1003.0,1002.0,2425.2000000000003,156.04,42.827999999999996,145.25,0.7999466702219852,5.600547507699327,2.026538914870157,24.252000000000002,24.970000000000002,0.025722805859615297,665.64,8836,2.7556,1006009,283.6,47.26666666666667,1.0,-18.0,-0.1999999999999993
54,143.4,22.7,51.7,17.5,31.3,91,0.75,1003,95,25.7,0.0,1.33,2023,6,9,3,4,160,23,0.7071067811865476,0.7071067811865476,1.2246467991473532e-16,-1.0,-0.433883739117558,-0.9009688679024191,2,3,0,12.0,11.0,30.0,48.0,50.0,43.0,12.333333333333334,1.5275252316574524,14.0,11.0,20.666666666666668,9.244818368505486,30.0,11.0,39.0,23.62971934584981,91.0,11.0,43.958333333333336,17.608000075723325,91.0,11.0,25.8,26.4,28.4,94.0,94.0,86.0,1.66,2.0,1.83,1003.0,1003.0,1002.0,2441.5,126.35000000000001,34.181,68.25,0.7999542883263813,6.316902339104004,2.277432712215321,24.415,25.035,0.025623105061709808,660.49,9025,1.7689000000000001,1006009,280.6,46.76666666666667,2.0,-16.0,-0.10000000000000142
52,139.5,19.0,50.0,16.3,33.0,100,1.5,1002,95,25.5,0.0,1.0,2023,6,9,4,4,160,23,0.8660254037844386,0.5000000000000001,1.2246467991473532e-16,-1.0,-0.433883739117558,-0.9009688679024191,2,3,0,14.0,12.0,11.0,27.0,43.0,48.0,13.0,1.000000000008289,14.0,12.0,18.333333333333332,9.092121131323315,30.0,11.0,36.5,24.729445091741283,91.0,11.0,42.5,18.675722441063897,91.0,11.0,25.7,26.0,27.2,95.0,94.0,93.0,1.33,2.0,2.0,1003.0,1004.0,1002.0,2422.5,95.0,25.5,150.0,0.7974970860683392,7.3417188569022676,2.631440450502605,24.225,25.0,0.025449076398127348,650.25,9025,1.0,1004004,270.8,45.13333333333333,-1.0,2.0,-0.1999999999999993
52,150.4,22.3,48.0,16.3,33.7,100,1.0,1003,94,25.7,0.0,0.66,2023,6,9,5,4,160,23,0.9659258262890683,0.25881904510252074,1.2246467991473532e-16,-1.0,-0.433883739117558,-0.9009688679024191,2,3,0,13.0,14.0,12.0,30.0,44.0,48.0,13.333333333333334,0.5773502692038781,14.0,13.0,15.5,7.176350047202879,30.0,11.0,33.916666666666664,25.48246574815815,91.0,11.0,41.041666666666664,19.572561021173016,91.0,11.0,25.5,25.8,26.8,95.0,94.0,93.0,1.0,1.66,2.0,1002.0,1003.0,1003.0,2415.7999999999997,62.040000000000006,16.962,100.0,0.7974970860683392,6.744092193175193,2.1523698488857,24.157999999999998,25.37,0.025623105061709808,660.49,8836,0.43560000000000004,1006009,283.70000000000005,47.28333333333334,0.0,1.0,0.1999999999999993
65,161.3,25.7,46.0,23.8,34.3,100,0.5,1003,93,26.0,0.6,0.33,2023,6,9,6,4,160,23,1.0,6.123233995736766e-17,1.2246467991473532e-16,-1.0,-0.433883739117558,-0.9009688679024191,2,0,0,13.0,13.0,14.0,30.0,53.0,40.0,15.0,3.464101615140043,19.0,13.0,13.666666666666666,2.8047578623929508,19.0,11.0,31.083333333333332,25.05433489378015,91.0,11.0,40.166666666666664,20.083882065989748,91.0,11.0,25.7,25.7,26.4,94.0,95.0,94.0,0.66,1.33,2.0,1003.0,1003.0,1003.0,2418.0,30.69,8.58,50.0,0.7982857863114995,6.276020388311739,1.789813625928952,24.18,25.835,0.025922207455426265,676.0,8649,0.10890000000000001,1006009,310.1,51.68333333333334,6.0,5.0,0.3000000000000007
65,172.2,29.0,44.0,23.8,35.0,100,0.5,1004,93,26.2,0.8,2.4,2023,6,9,7,4,160,23,0.9659258262890683,-0.25881904510252063,1.2246467991473532e-16,-1.0,-0.433883739117558,-0.9009688679024191,2,0,0,19.0,13.0,13.0,11.0,91.0,40.0,17.0,3.4641016151399384,19.0,13.0,15.0,3.162277660166587,19.0,12.0,25.083333333333332,16.593856110200957,65.0,11.0,39.291666666666664,20.543652709941124,91.0,11.0,26.0,25.5,26.0,93.0,95.0,94.0,0.33,1.0,2.0,1003.0,1002.0,1004.0,2436.6,223.2,62.879999999999995,50.0,0.7982857863114995,5.937726285300506,1.5171890624461224,24.366,25.0,0.02609559153825544,686.4399999999999,8649,5.76,1008016,323.0,53.833333333333336,0.0,6.0,0.1999999999999993
59,174.1,30.3,52.3,20.0,41.0,95,0.25,1004,88,27.2,1.3,0.66,2023,6,9,8,4,160,23,0.8660254037844387,-0.4999999999999998,1.2246467991473532e-16,-1.0,-0.433883739117558,-0.9009688679024191,2,0,0,19.0,19.0,13.0,12.0,65.0,44.0,18.0,1.7320508075731402,19.0,16.0,15.666666666666666,2.8047578623930196,19.0,13.0,21.0,10.94614917759551,48.0,11.0,38.125,21.053374200289024,91.0,11.0,26.2,25.7,25.8,93.0,94.0,94.0,2.4,0.66,1.66,1004.0,1003.0,1003.0,2393.6,58.080000000000005,17.952,23.75,0.7999600019998999,5.74568496089238,1.726015643048084,23.936,26.87,0.027091606482463663,739.8399999999999,7744,0.43560000000000004,1008016,333.7,55.61666666666667,-3.0,3.0,1.0
56,176.1,31.7,60.7,18.8,47.0,91,0.25,1004,83,28.2,2.1,1.33,2023,6,9,9,4,160,23,0.7071067811865476,-0.7071067811865475,1.2246467991473532e-16,-1.0,-0.433883739117558,-0.9009688679024191,2,0,0,16.0,19.0,19.0,14.0,48.0,52.0,16.666666666666668,2.081665999469796,19.0,15.0,15.833333333333334,2.714160398107579,19.0,13.0,18.25,6.969087588642785,30.0,11.0,36.583333333333336,21.345840989200582,91.0,11.0,27.2,26.0,25.7,88.0,93.0,95.0,0.66,0.33,1.33,1004.0,1003.0,1003.0,2340.6,110.39,37.506,22.75,0.7978299026647518,5.55502980978518,1.91476609570676,23.406,27.535,0.028087621426671885,795.24,6889,1.7689000000000001,1008016,349.3,58.21666666666667,-1.0,-4.0,1.0
74,178.0,33.0,69.0,28.8,53.0,87,0.0,1004,79,29.2,2.9,2.0,2023,6,9,10,4,160,23,0.49999999999999994,-0.8660254037844387,1.2246467991473532e-16,-1.0,-0.433883739117558,-0.9009688679024191,2,0,0,15.0,16.0,19.0,13.0,27.0,57.0,18.0,4.358898943542368,23.0,15.0,17.5,3.5637059362395687,23.0,13.0,17.916666666666668,6.598323937779342,30.0,11.0,35.166666666666664,21.058235333529783,91.0,11.0,28.2,26.2,25.5,83.0,93.0,95.0,1.33,2.4,1.0,1004.0,1004.0,1002.0,2306.7999999999997,158.0,58.4,0.0,0.7985833825214401,5.39377594618345,2.090845731947517,23.067999999999998,28.2,0.029083636370880107,852.64,6241,4.0,1008016,384.8,64.13333333333334,8.0,4.0,1.0
72,161.3,25.0,101.7,27.5,52.0,87,0.0,1004,73,29.9,3.5,2.0,2023,6,9,11,4,160,23,0.258819045102521,-0.9659258262890682,1.2246467991473532e-16,-1.0,-0.433883739117558,-0.9009688679024191,2,0,0,23.0,15.0,16.0,13.0,30.0,57.0,20.0,4.358898943542284,23.0,15.0,19.0,3.1622776601667066,23.0,15.0,17.25,5.594234044571932,30.0,11.0,33.708333333333336,20.689167858245764,91.0,11.0,29.2,27.2,25.7,79.0,88.0,94.0,2.0,0.66,0.66,1004.0,1004.0,1003.0,2182.7,146.0,59.8,0.0,0.7999709101487218,6.451741930322787,4.0678372865085395,21.826999999999998,28.9,0.029780846831825865,894.0099999999999,5329,4.0,1008016,389.5,64.91666666666667,-1.0,6.0,0.6999999999999993
76,144.5,17.0,134.3,30.0,51.0,87,0.0,1003,67,30.5,3.7,2.0,2023,6,9,12,4,160,23,1.2246467991473532e-16,-1.0,1.2246467991473532e-16,-1.0,-0.433883739117558,-0.9009688679024191,2,1,0,22.0,23.0,15.0,19.0,30.0,47.0,23.0,1.0000000000064784,24.0,22.0,19.833333333333332,3.76386326354402,24.0,15.0,16.75,4.515126093073896,24.0,11.0,32.75,20.579115627256744,91.0,11.0,29.9,28.2,26.0,73.0,83.0,93.0,2.0,1.33,0.33,1004.0,1004.0,1003.0,2043.5,134.0,61.0,0.0,0.7999733342221925,8.499500029410035,7.89953532145168,20.435,29.5,0.03040874336117312,930.25,4489,4.0,1006009,400.8,66.8,2.0,9.0,0.6000000000000014
102,127.8,9.0,167.0,31.3,50.0,87,0.0,1002,62,31.2,3.5,2.0,2023,6,9,13,4,160,23,-0.2588190451025208,-0.9659258262890683,1.2246467991473532e-16,-1.0,-0.433883739117558,-0.9009688679024191,2,1,0,24.0,22.0,23.0,19.0,11.0,47.0,23.666666666666668,1.5275252316561083,25.0,22.0,20.833333333333332,4.262237284180272,25.0,15.0,17.916666666666668,4.6992907266231585,25.0,12.0,31.833333333333332,20.406023549468223,91.0,11.0,30.5,29.2,26.2,67.0,79.0,93.0,2.0,2.0,2.4,1003.0,1004.0,1004.0,1934.3999999999999,124.0,62.4,0.0,0.7986965272674994,14.198422397511388,18.55349405621598,19.343999999999998,30.2,0.031137693475355815,973.4399999999999,3844,4.0,1004004,410.1,68.35000000000001,1.0,2.0,0.6999999999999993
102,129.6,11.0,168.0,27.5,51.0,87,0.0,1001,62,31.7,2.8,1.33,2023,6,9,14,4,160,23,-0.4999999999999997,-0.8660254037844388,1.2246467991473532e-16,-1.0,-0.433883739117558,-0.9009688679024191,2,1,0,25.0,24.0,22.0,16.0,12.0,57.0,23.666666666666668,1.5275252316561083,25.0,22.0,21.833333333333332,3.5449494589706925,25.0,15.0,18.75,4.43385733973072,25.0,13.0,30.375,19.77000912669408,91.0,11.0,31.2,29.9,27.2,62.0,73.0,88.0,2.0,2.0,0.66,1002.0,1004.0,1004.0,1965.3999999999999,82.46000000000001,42.161,0.0,0.7999709101487218,11.780747204799564,15.27133896918462,19.654,31.035,0.0316683000316683,1004.89,3844,1.7689000000000001,1002001,409.1,68.18333333333334,-3.0,0.0,0.5
103,131.3,13.0,169.0,28.8,52.0,87,0.0,1000,62,32.2,2.0,0.66,2023,6,9,15,4,160,23,-0.7071067811865471,-0.7071067811865479,1.2246467991473532e-16,-1.0,-0.433883739117558,-0.9009688679024191,2,1,0,22.0,25.0,24.0,15.0,14.0,50.0,23.333333333333332,1.5275252316561485,25.0,22.0,23.166666666666668,1.1690451944458118,25.0,22.0,19.5,4.316985480211475,25.0,13.0,29.25,19.368845446051893,91.0,11.0,31.7,30.5,28.2,62.0,67.0,83.0,1.33,2.0,1.33,1001.0,1003.0,1004.0,1996.4,40.92,21.252000000000002,0.0,0.7985833825214401,10.099223136681795,12.999000076917161,19.964000000000002,31.870000000000005,0.0321999678000322,1036.8400000000001,3844,0.43560000000000004,1000000,417.1,69.51666666666667,1.0,-1.0,0.5000000000000036
103,133.1,15.0,170.0,30.0,53.0,87,0.0,999,62,32.7,1.2,2.0,2023,6,9,16,4,160,23,-0.8660254037844385,-0.5000000000000004,1.2246467991473532e-16,-1.0,-0.433883739117558,-0.9009688679024191,2,1,0,23.0,22.0,25.0,23.0,13.0,43.0,23.0,1.0000000000064795,24.0,22.0,23.333333333333332,1.2110601416349545,25.0,22.0,20.416666666666668,3.9648073054929185,25.0,13.0,28.458333333333332,19.169675252214468,91.0,11.0,32.2,31.2,29.2,62.0,62.0,79.0,0.66,2.0,2.0,1000.0,1002.0,1004.0,2027.4,124.0,65.4,0.0,0.7999733342221925,8.872741817212185,11.33257782814479,20.274,31.700000000000003,0.032732699967267305,1069.2900000000002,3844,4.0,998001,425.1,70.85000000000001,1.0,-1.0,0.5
76,185.4,42.3,133.7,30.0,61.0,77,0.0,999,65,32.0,0.8,2.0,2023,6,9,17,4,160,23,-0.9659258262890683,-0.25881904510252063,1.2246467991473532e-16,-1.0,-0.433883739117558,-0.9009688679024191,2,1,0,24.0,23.0,22.0,22.0,13.0,44.0,23.666666666666668,0.5773502692006347,24.0,23.0,23.666666666666668,1.0327955589839342,25.0,22.0,21.333333333333332,3.312053286058364,25.0,15.0,27.625,18.897463597921913,91.0,11.0,32.7,31.7,29.9,62.0,62.0,73.0,2.0,1.33,2.0,999.0,1001.0,1004.0,2080.0,130.0,64.0,0.0,0.7999733342221925,4.382875109335477,3.1606817805725633,20.8,31.0,0.032031999967968,1024.0,4225,4.0,998001,476.4,79.39999999999999,0.0,2.0,-0.7000000000000028
82,237.7,69.7,97.3,33.8,69.0,66,0.0,1000,68,31.2,0.7,1.6,2023,6,9,18,4,160,23,-1.0,-1.8369701987210297e-16,1.2246467991473532e-16,-1.0,-0.433883739117558,-0.9009688679024191,2,2,0,24.0,24.0,23.0,24.0,19.0,53.0,25.0,1.7320508075724044,27.0,24.0,24.166666666666668,1.7224014243657106,27.0,22.0,22.0,3.592922335520758,27.0,15.0,26.541666666666668,18.108319410813888,91.0,11.0,32.0,32.2,30.5,65.0,62.0,67.0,2.0,0.66,2.0,999.0,1000.0,1003.0,2121.6,108.80000000000001,49.92,0.0,0.7987929351202628,3.4102810576605784,1.3959627551971994,21.215999999999998,30.4,0.0311999688000312,973.4399999999999,4624,2.5600000000000005,1000000,534.5,89.08333333333333,3.0,4.0,-0.8000000000000007
72,290.0,97.0,61.0,27.5,77.0,56,0.0,1000,72,30.5,0.0,1.6,2023,6,9,19,4,160,23,-0.9659258262890684,0.2588190451025203,1.2246467991473532e-16,-1.0,-0.433883739117558,-0.9009688679024191,2,2,0,27.0,24.0,24.0,25.0,19.0,91.0,24.333333333333332,2.5166114784260594,27.0,22.0,23.666666666666668,1.8618986724999125,27.0,22.0,22.25,3.467380462643276,27.0,15.0,23.666666666666668,11.812545529396202,65.0,11.0,31.2,32.7,31.2,68.0,62.0,62.0,1.6,2.0,2.0,1000.0,999.0,1002.0,2196.0,115.2,48.800000000000004,0.0,0.7999709101487218,2.9896599004133977,0.6288594962938526,21.96,29.7,0.0304999695000305,930.25,5184,2.5600000000000005,1000000,574.5,95.75,-5.0,-2.0,-0.6999999999999993
110,286.0,91.0,50.0,48.8,75.7,45,0.0,1000,75,29.8,0.0,2.0,2023,6,9,20,4,160,23,-0.8660254037844386,0.5000000000000001,1.2246467991473532e-16,-1.0,-0.433883739117558,-0.9009688679024191,2,2,0,22.0,27.0,24.0,22.0,16.0,65.0,29.333333333333332,8.736894948054713,39.0,22.0,26.5,6.348228099240826,39.0,22.0,24.166666666666668,5.474458600600609,39.0,15.0,22.583333333333332,8.617054205957261,48.0,11.0,30.5,32.0,31.7,72.0,65.0,62.0,1.6,2.0,1.33,1000.0,999.0,1001.0,2235.0,150.0,59.6,0.0,0.7991639515583698,3.142822606344985,0.5494445115987736,22.35,28.8,0.0297999702000298,888.0400000000001,5625,4.0,1000000,590.5,98.41666666666667,17.0,15.0,-0.6999999999999993
110,281.9,85.0,39.0,48.8,74.3,35,0.0,1001,80,29.2,0.0,1.6,2023,6,9,21,4,160,23,-0.7071067811865477,0.7071067811865474,1.2246467991473532e-16,-1.0,-0.433883739117558,-0.9009688679024191,2,2,0,39.0,22.0,27.0,23.0,15.0,48.0,33.333333333333336,9.814954576224103,39.0,22.0,29.166666666666668,7.7824589087677145,39.0,22.0,26.166666666666668,6.1619556124407415,39.0,22.0,22.208333333333332,7.598507671943191,39.0,11.0,29.8,31.2,32.2,75.0,68.0,62.0,2.0,1.6,0.66,1000.0,1000.0,1000.0,2336.0,128.0,46.72,0.0,0.7991639515583698,3.3164315713932773,0.4588181315513935,23.36,28.4,0.0291708000291708,852.64,6400,2.5600000000000005,1002001,568.0,94.66666666666667,0.0,12.0,-0.6000000000000014
93,277.8,79.0,28.0,40.0,73.0,25,0.0,1002,84,28.5,0.0,1.2,2023,6,9,22,4,160,23,-0.5000000000000004,0.8660254037844384,1.2246467991473532e-16,-1.0,-0.433883739117558,-0.9009688679024191,2,3,0,39.0,39.0,22.0,24.0,23.0,27.0,36.666666666666664,4.04145188432836,39.0,32.0,30.5,7.395944834839667,39.0,22.0,26.916666666666668,6.2879152974473005,39.0,22.0,22.416666666666668,7.801430563722246,39.0,11.0,29.2,30.5,32.7,80.0,72.0,62.0,1.6,1.6,2.0,1001.0,1000.0,999.0,2394.0,100.8,34.199999999999996,0.0,0.7999800004999875,3.5164111846685486,0.35442589334312224,23.94,27.9,0.02844308538614233,812.25,7056,1.44,1004004,529.8,88.3,-7.0,10.0,-0.6999999999999993
82,268.8,73.7,23.3,33.8,73.3,45,0.0,1002,86,28.4,0.0,1.2,2023,6,9,23,4,160,23,-0.25881904510252157,0.9659258262890681,1.2246467991473532e-16,-1.0,-0.433883739117558,-0.9009688679024191,2,3,0,32.0,39.0,39.0,24.0,22.0,30.0,32.666666666666664,6.027713773342489,39.0,27.0,31.0,6.957010852369834,39.0,22.0,27.333333333333332,6.09520427479737,39.0,22.0,22.291666666666668,7.69799051512889,39.0,11.0,28.5,29.8,32.0,84.0,75.0,65.0,1.2,2.0,2.0,1002.0,1000.0,999.0,2442.4,103.2,34.08,0.0,0.7987929351202628,3.647168966499776,0.316142250444363,24.424,27.799999999999997,0.02834328508654183,806.56,7396,1.44,1004004,499.90000000000003,83.31666666666668,-5.0,-12.0,-0.10000000000000142
82,259.9,68.3,18.7,33.8,73.7,66,0.0,1001,88,28.3,0.0,1.2,2023,6,10,0,5,161,23,0.0,1.0,1.2246467991473532e-16,-1.0,-0.9749279121818236,-0.2225209339563146,2,3,1,27.0,32.0,39.0,27.0,24.0,30.0,28.666666666666668,2.886751345950019,32.0,27.0,31.0,6.957010852369834,39.0,22.0,27.583333333333332,6.006940430312781,39.0,22.0,22.166666666666668,7.590993901051226,39.0,11.0,28.4,29.2,31.2,86.0,80.0,68.0,1.2,1.6,1.6,1002.0,1001.0,1000.0,2490.4,105.6,33.96,0.0,0.7987929351202628,3.805215150583446,0.2737880850939225,24.904,27.7,0.0282717000282717,800.89,7744,1.44,1002001,481.4,80.23333333333333,0.0,-12.0,-0.09999999999999787
78,250.9,63.0,14.0,31.3,74.0,87,0.0,1001,89,28.2,0.0,1.2,2023,6,10,1,5,161,23,0.25881904510252074,0.9659258262890683,1.2246467991473532e-16,-1.0,-0.9749279121818236,-0.2225209339563146,2,3,1,27.0,27.0,32.0,22.0,25.0,11.0,26.333333333333332,1.154700538384359,27.0,25.0,31.5,6.252999280344731,39.0,25.0,27.583333333333332,6.006940430312781,39.0,22.0,22.75,7.224655851589957,39.0,12.0,28.3,28.5,30.5,88.0,84.0,72.0,1.2,1.2,1.6,1001.0,1002.0,1000.0,2509.7999999999997,106.8,33.839999999999996,0.0,0.7986965272674994,3.9824764686274823,0.22221869494135016,25.098,27.599999999999998,0.0281718000281718,795.24,7921,1.44,1002001,458.2,76.36666666666666,-2.0,-7.0,-0.10000000000000142
85,236.7,56.0,16.3,35.0,71.3,91,0.0,1001,89,28.0,0.0,0.4,2023,6,10,2,5,161,23,0.49999999999999994,0.8660254037844387,1.2246467991473532e-16,-1.0,-0.9749279121818236,-0.2225209339563146,2,3,1,25.0,27.0,27.0,39.0,22.0,12.0,26.666666666666668,1.527525231655765,28.0,25.0,29.666666666666668,5.125101625007845,39.0,25.0,28.083333333333332,5.743903223629139,39.0,22.0,23.416666666666668,6.921401382772813,39.0,13.0,28.2,28.4,29.8,89.0,86.0,75.0,1.2,1.2,2.0,1001.0,1002.0,1000.0,2492.0,35.6,11.200000000000001,0.0,0.7999771435101855,4.2267102373171905,0.29106623096016143,24.92,27.8,0.027972000027972,784.0,7921,0.16000000000000003,1002001,443.3,73.88333333333334,3.0,1.0,-0.1999999999999993
85,222.5,49.0,18.7,35.0,68.7,95,0.0,1000,88,27.9,0.0,0.8,2023,6,10,3,5,161,23,0.7071067811865476,0.7071067811865476,1.2246467991473532e-16,-1.0,-0.9749279121818236,-0.2225209339563146,2,3,1,28.0,25.0,27.0,39.0,23.0,14.0,27.0,1.7320508075722079,28.0,25.0,27.833333333333332,2.3166067138506095,32.0,25.0,28.5,5.518563713008885,39.0,22.0,24.0,6.678974146691556,39.0,13.0,28.0,28.3,29.2,89.0,88.0,80.0,0.4,1.2,1.6,1001.0,1001.0,1001.0,2455.2,70.4,22.32,0.0,0.7999771435101855,4.540723658700843,0.3816248647986776,24.552,27.5,0.027899972100027898,778.41,7744,0.6400000000000001,1000000,421.9,70.31666666666666,0.0,1.0,-0.10000000000000142
139,208.3,42.0,21.0,62.5,66.0,100,0.0,1000,87,27.7,0.0,0.8,2023,6,10,4,5,161,23,0.8660254037844386,0.5000000000000001,1.2246467991473532e-16,-1.0,-0.9749279121818236,-0.2225209339563146,2,3,1,28.0,28.0,25.0,32.0,24.0,13.0,35.333333333333336,12.701705922172094,50.0,28.0,30.833333333333332,9.453394452082188,50.0,25.0,30.666666666666668,8.094143037724528,50.0,22.0,25.541666666666668,8.139966705768224,50.0,13.0,27.9,28.2,28.5,88.0,89.0,84.0,0.8,1.2,1.2,1000.0,1001.0,1002.0,2409.9,69.60000000000001,22.16,0.0,0.7999872002047967,4.959405728435038,0.4999880955215352,24.099,27.3,0.0276999723000277,767.29,7569,0.6400000000000001,1000000,449.8,74.96666666666667,22.0,25.0,-0.1999999999999993
139,238.9,45.7,25.7,62.5,68.3,95,0.0,1001,87,28.0,0.0,1.2,2023,6,10,5,5,161,23,0.9659258262890683,0.25881904510252074,1.2246467991473532e-16,-1.0,-0.9749279121818236,-0.2225209339563146,2,3,1,50.0,28.0,28.0,27.0,24.0,13.0,42.666666666666664,12.70170592217198,50.0,28.0,34.666666666666664,11.927559124425205,50.0,25.0,32.833333333333336,9.504384952921797,50.0,22.0,27.083333333333332,9.107649277520514,50.0,15.0,27.7,28.0,28.4,87.0,89.0,86.0,0.8,0.4,1.2,1000.0,1001.0,1002.0,2436.0,104.39999999999999,33.6,0.0,0.7999872002047967,5.227456729612044,0.5623509332399729,24.36,27.4,0.027972000027972,784.0,7569,1.44,1002001,491.1,81.85000000000001,0.0,22.0,0.3000000000000007
131,269.4,49.3,30.3,58.8,70.7,91,0.0,1001,86,28.4,0.9,1.2,2023,6,10,6,5,161,23,1.0,6.123233995736766e-17,1.2246467991473532e-16,-1.0,-0.9749279121818236,-0.2225209339563146,2,0,1,50.0,50.0,28.0,27.0,27.0,19.0,49.0,1.7320508075697152,50.0,47.0,38.0,12.14907403878966,50.0,25.0,34.5,10.121983276736747,50.0,22.0,28.25,9.79463029464089,50.0,15.0,28.0,27.9,28.3,87.0,88.0,88.0,1.2,0.8,1.2,1001.0,1000.0,1001.0,2442.4,103.2,34.08,0.0,0.7993061342494175,5.464392202997911,0.6145919961055557,24.424,27.799999999999997,0.0283716000283716,806.56,7396,1.44,1002001,525.5,87.58333333333333,-3.0,19.0,0.3999999999999986
145,300.0,53.0,35.0,65.0,73.0,87,0.0,1001,86,28.7,1.2,0.8,2023,6,10,7,5,161,23,0.9659258262890683,-0.25881904510252063,1.2246467991473532e-16,-1.0,-0.9749279121818236,-0.2225209339563146,2,0,1,47.0,50.0,50.0,25.0,22.0,19.0,49.666666666666664,2.5166114784241076,52.0,47.0,42.5,11.344602240713144,52.0,28.0,37.0,10.453359616540522,52.0,25.0,29.625,10.712903637568473,52.0,15.0,28.4,27.7,28.2,86.0,87.0,89.0,1.2,0.8,1.2,1001.0,1000.0,1001.0,2468.2,68.8,22.96,0.0,0.7999876924970385,5.660270560932813,0.6603648987754949,24.682,28.3,0.0286713000286713,823.6899999999999,7396,0.6400000000000001,1002001,578.0,96.33333333333333,5.0,2.0,0.3000000000000007
131,252.9,39.7,77.7,58.8,77.7,87,0.0,1002,77,30.0,1.8,0.66,2023,6,10,8,5,161,23,0.8660254037844387,-0.4999999999999998,1.2246467991473532e-16,-1.0,-0.9749279121818236,-0.2225209339563146,2,0,1,52.0,47.0,50.0,28.0,39.0,16.0,48.666666666666664,2.886751345948655,52.0,47.0,45.666666666666664,8.869423130433054,52.0,28.0,37.666666666666664,10.84044055908912,52.0,25.0,30.916666666666668,10.866448828615981,52.0,15.0,28.7,28.0,28.0,86.0,87.0,89.0,0.8,1.2,0.4,1001.0,1001.0,1001.0,2310.0,50.82,19.8,0.0,0.7993061342494175,6.370116621747563,1.95712954333644,23.1,29.67,0.02994008988014982,900.0,5929,0.43560000000000004,1004004,553.8000000000001,92.30000000000001,-5.0,-3.0,1.3000000000000007
157,205.8,26.3,120.3,76.3,82.3,87,0.0,1002,69,31.3,2.7,1.33,2023,6,10,9,5,161,23,0.7071067811865476,-0.7071067811865475,1.2246467991473532e-16,-1.0,-0.9749279121818236,-0.2225209339563146,2,0,1,47.0,52.0,47.0,28.0,39.0,15.0,53.333333333333336,7.094598884597672,61.0,47.0,51.166666666666664,5.19294393062951,61.0,47.0,39.5,12.774263899803037,61.0,25.0,32.833333333333336,11.940674610126939,61.0,22.0,30.0,28.4,27.9,77.0,86.0,88.0,0.66,1.2,0.8,1002.0,1001.0,1000.0,2159.7000000000003,91.77000000000001,41.629000000000005,0.0,0.7994652756844602,7.824797536215353,4.573970571461161,21.597,30.635,0.031237493774956313,979.69,4761,1.7689000000000001,1004004,572.0,95.33333333333333,14.0,14.0,1.3000000000000007
160,158.7,13.0,163.0,78.8,87.0,87,0.0,1002,61,32.6,3.3,2.0,2023,6,10,10,5,161,23,0.49999999999999994,-0.8660254037844387,1.2246467991473532e-16,-1.0,-0.9749279121818236,-0.2225209339563146,2,0,1,61.0,47.0,52.0,50.0,32.0,23.0,57.0,8.717797887081332,63.0,47.0,53.333333333333336,7.00476028616699,63.0,47.0,42.083333333333336,14.177179699870392,63.0,25.0,34.5,13.230399777061635,63.0,22.0,31.3,28.7,27.7,69.0,86.0,87.0,1.33,0.8,0.8,1002.0,1001.0,1000.0,1988.6000000000001,122.0,65.2,0.0,0.7994822400730955,12.20675332666718,12.537497115606492,19.886000000000003,31.6,0.03253489766976281,1062.76,3721,4.0,1004004,563.5,93.91666666666667,2.0,11.0,1.3000000000000007
145,142.6,10.3,166.3,65.0,73.7,79,0.0,1001,61,33.6,3.8,2.0,2023,6,10,11,5,161,23,0.258819045102521,-0.9659258262890682,1.2246467991473532e-16,-1.0,-0.9749279121818236,-0.2225209339563146,2,0,1,63.0,61.0,47.0,50.0,27.0,22.0,58.666666666666664,5.859465277082235,63.0,52.0,53.666666666666664,6.8605150438332485,63.0,47.0,44.166666666666664,13.583635430735926,63.0,25.0,35.75,13.413977136133001,63.0,22.0,32.6,30.0,28.0,61.0,77.0,87.0,2.0,0.66,1.2,1002.0,1002.0,1001.0,2049.6,122.0,67.2,0.0,0.7999876924970385,13.843316182894863,16.14406368313756,20.496,32.6,0.0335664000335664,1128.96,3721,4.0,1002001,509.90000000000003,84.98333333333333,-11.0,5.0,1.0
103,126.4,7.7,169.7,42.5,60.3,70,0.0,1000,60,34.5,3.9,2.0,2023,6,10,12,5,161,23,1.2246467991473532e-16,-1.0,1.2246467991473532e-16,-1.0,-0.9749279121818236,-0.2225209339563146,2,1,1,52.0,63.0,61.0,47.0,27.0,24.0,49.666666666666664,14.640127503998588,63.0,34.0,51.5,10.483320084782072,63.0,34.0,44.75,12.91317157014468,63.0,25.0,36.166666666666664,13.186510454666083,63.0,22.0,33.6,31.3,28.4,61.0,69.0,86.0,2.0,1.33,1.2,1001.0,1002.0,1001.0,2070.0,120.0,69.0,0.0,0.7999811769134845,16.41345279833788,22.036099207895077,20.7,33.5,0.0344999655000345,1190.25,3600,4.0,1000000,440.59999999999997,73.43333333333332,-18.0,-27.0,0.8999999999999986
104,110.3,5.0,173.0,42.5,47.0,62,0.0,1000,59,35.5,3.9,2.0,2023,6,10,13,5,161,23,-0.2588190451025208,-0.9659258262890683,1.2246467991473532e-16,-1.0,-0.9749279121818236,-0.2225209339563146,2,1,1,34.0,52.0,63.0,52.0,25.0,25.0,40.0,10.392304845413577,52.0,34.0,48.5,12.66096362841291,63.0,34.0,45.5,11.881995547121326,63.0,28.0,36.541666666666664,12.98152254307003,63.0,22.0,34.5,32.6,28.7,60.0,61.0,86.0,2.0,2.0,0.8,1000.0,1002.0,1001.0,2094.5,118.0,71.0,0.0,0.7999811769134845,22.055588882223553,34.59308138372325,20.945,34.5,0.0354999645000355,1260.25,3481,4.0,1000000,411.8,68.63333333333334,0.0,-29.0,1.0
106,113.4,6.0,178.7,41.3,48.0,54,0.0,999,51,35.8,3.0,2.33,2023,6,10,14,5,161,23,-0.4999999999999997,-0.8660254037844388,1.2246467991473532e-16,-1.0,-0.9749279121818236,-0.2225209339563146,2,1,1,34.0,34.0,52.0,47.0,28.0,22.0,33.666666666666664,0.5773502691974448,34.0,33.0,46.166666666666664,14.190372323045677,63.0,33.0,45.916666666666664,11.285214247237553,63.0,28.0,37.0,12.635354126934752,63.0,22.0,35.5,33.6,30.0,59.0,61.0,77.0,2.0,2.0,0.66,1000.0,1001.0,1002.0,1825.8,118.83,83.414,0.0,0.7990121304568898,18.896850524912516,29.778370271621394,18.258,34.635,0.0358357999641642,1281.6399999999999,2601,5.4289000000000005,998001,420.40000000000003,70.06666666666668,-1.0,-19.0,0.29999999999999716
107,116.5,7.0,184.3,33.8,49.0,45,0.0,998,45,36.2,2.7,2.66,2023,6,10,15,5,161,23,-0.7071067811865471,-0.7071067811865479,1.2246467991473532e-16,-1.0,-0.9749279121818236,-0.2225209339563146,2,1,1,33.0,34.0,34.0,61.0,28.0,23.0,31.333333333333332,3.785938897201498,34.0,27.0,40.5,13.867227552758804,63.0,27.0,45.833333333333336,11.43227753761089,63.0,27.0,37.166666666666664,12.467929874775622,63.0,22.0,35.8,34.5,31.3,51.0,60.0,69.0,2.33,2.0,1.33,999.0,1000.0,1002.0,1629.0000000000002,119.7,96.29200000000002,0.0,0.7987929351202628,16.640479931438364,26.32481074132267,16.290000000000003,34.870000000000005,0.036272508744981224,1310.4400000000003,2025,7.0756000000000006,996004,417.6,69.60000000000001,-6.0,-7.0,0.4000000000000057
109,119.6,8.0,190.0,33.8,50.0,37,0.0,997,38,36.5,3.5,3.0,2023,6,10,16,5,161,23,-0.8660254037844385,-0.5000000000000004,1.2246467991473532e-16,-1.0,-0.9749279121818236,-0.2225209339563146,2,1,1,27.0,33.0,34.0,63.0,50.0,24.0,29.0,3.4641016151393265,33.0,27.0,34.5,9.181503144909973,52.0,27.0,43.916666666666664,12.544164404457298,63.0,27.0,37.291666666666664,12.344613916750369,63.0,22.0,36.2,35.5,32.6,45.0,59.0,61.0,2.66,2.0,2.0,998.0,1000.0,1002.0,1387.0,114.0,109.5,0.0,0.7987929351202628,14.948131483564556,23.74703162104737,13.87,35.0,0.03660979276851277,1332.25,1444,9.0,994009,428.40000000000003,71.4,0.0,-7.0,0.29999999999999716
104,154.1,18.7,175.0,40.0,74.0,29,0.0,998,44,35.3,1.3,2.33,2023,6,10,17,5,161,23,-0.9659258262890683,-0.25881904510252063,1.2246467991473532e-16,-1.0,-0.9749279121818236,-0.2225209339563146,2,1,1,27.0,27.0,33.0,52.0,50.0,24.0,28.666666666666668,2.8867513459500374,32.0,27.0,31.166666666666668,3.3115957885372587,34.0,27.0,42.416666666666664,12.82368783528992,63.0,27.0,37.625,12.075172156482882,63.0,22.0,36.5,35.8,33.6,38.0,51.0,61.0,3.0,2.33,2.0,997.0,999.0,1001.0,1553.1999999999998,102.52000000000001,82.249,0.0,0.7999800004999875,8.24020105876691,9.357788353563981,15.531999999999998,34.135,0.03537070604137671,1246.0899999999997,1936,5.4289000000000005,996004,493.79999999999995,82.3,5.0,-1.0,-1.2000000000000028
100,188.5,29.3,160.0,41.3,98.0,20,0.0,998,51,34.2,1.5,1.66,2023,6,10,18,5,161,23,-1.0,-1.8369701987210297e-16,1.2246467991473532e-16,-1.0,-0.9749279121818236,-0.2225209339563146,2,2,1,32.0,27.0,27.0,34.0,47.0,27.0,30.666666666666668,3.2145502536659087,33.0,27.0,31.0,3.1622776601669575,34.0,27.0,41.25,13.004369894909534,63.0,27.0,37.875,11.906565598350765,63.0,22.0,35.3,36.2,34.5,44.0,45.0,60.0,2.33,2.66,2.0,998.0,998.0,1000.0,1744.2,84.66,56.772,0.0,0.7990121304568898,6.433227534896419,5.460564485853725,17.442,33.370000000000005,0.03426850273697121,1169.64,2601,2.7556,996004,550.1,91.68333333333334,1.0,6.0,-1.0999999999999943
139,222.9,40.0,145.0,62.5,122.0,12,0.0,998,59,33.0,0.0,1.0,2023,6,10,19,5,161,23,-0.9659258262890684,0.2588190451025203,1.2246467991473532e-16,-1.0,-0.9749279121818236,-0.2225209339563146,2,2,1,33.0,32.0,27.0,34.0,52.0,22.0,38.333333333333336,10.115993936996034,50.0,32.0,33.666666666666664,8.47742099147248,50.0,27.0,41.083333333333336,12.8661524469389,63.0,27.0,39.041666666666664,11.65250175290497,63.0,25.0,34.2,36.5,35.5,51.0,38.0,59.0,1.66,3.0,2.0,998.0,997.0,1000.0,1947.0,59.0,33.0,0.0,0.7999872002047967,5.572360690982726,3.6249093772655687,19.47,32.5,0.0330660991321652,1089.0,3481,1.0,996004,642.4,107.06666666666666,17.0,23.0,-1.2000000000000028
153,214.8,35.0,143.0,68.8,108.3,15,0.0,999,64,32.3,0.0,1.33,2023,6,10,20,5,161,23,-0.8660254037844386,0.5000000000000001,1.2246467991473532e-16,-1.0,-0.9749279121818236,-0.2225209339563146,2,2,1,50.0,33.0,32.0,33.0,47.0,39.0,46.0,11.532562594670976,55.0,33.0,37.333333333333336,12.110601416389649,55.0,27.0,41.75,13.396912805839476,63.0,27.0,39.708333333333336,12.099152563449536,63.0,25.0,33.0,35.3,35.8,59.0,44.0,51.0,1.0,2.33,2.33,998.0,998.0,999.0,2067.2,85.12,42.958999999999996,0.0,0.7994069853635848,6.136967515213851,4.08559755435559,20.671999999999997,31.634999999999998,0.0323322999676677,1043.2899999999997,4096,1.7689000000000001,998001,624.9,104.14999999999999,5.0,23.0,-0.7000000000000028
153,206.6,30.0,141.0,68.8,94.7,18,0.0,1000,70,31.7,0.0,1.66,2023,6,10,21,5,161,23,-0.7071067811865477,0.7071067811865474,1.2246467991473532e-16,-1.0,-0.9749279121818236,-0.2225209339563146,2,2,1,55.0,50.0,33.0,27.0,61.0,39.0,53.333333333333336,2.886751345948338,55.0,50.0,42.0,12.712198865656298,55.0,27.0,41.25,12.707370803091635,63.0,27.0,40.375,12.49282402717326,63.0,25.0,32.3,34.2,36.2,64.0,51.0,45.0,1.33,1.66,2.66,999.0,998.0,998.0,2219.0,116.19999999999999,52.62199999999999,0.0,0.7994069853635848,6.886437118762707,4.6998433385553815,22.19,30.87,0.0316999683000317,1004.89,4900,2.7556,1000000,596.1,99.35000000000001,0.0,22.0,-0.5999999999999979
179,198.4,25.0,139.0,96.3,81.0,21,0.0,1001,77,31.0,0.0,2.0,2023,6,10,22,5,161,23,-0.5000000000000004,0.8660254037844384,1.2246467991473532e-16,-1.0,-0.9749279121818236,-0.2225209339563146,2,3,1,55.0,55.0,50.0,27.0,63.0,32.0,62.333333333333336,12.701705922171675,77.0,55.0,50.333333333333336,16.681326885672544,77.0,32.0,42.416666666666664,15.270043956198535,77.0,27.0,42.25,14.41089563640939,77.0,25.0,31.7,33.0,36.5,70.0,59.0,38.0,1.66,1.0,3.0,1000.0,998.0,997.0,2387.0,154.0,62.0,0.0,0.7995763283870365,7.935682572697092,5.559777608895644,23.87,30.0,0.030969000030969,961.0,5929,4.0,1002001,616.7,102.78333333333335,22.0,27.0,-0.6999999999999993
183,194.9,23.7,137.0,100.0,77.3,25,0.0,1001,80,30.7,0.0,2.0,2023,6,10,23,5,161,23,-0.25881904510252157,0.9659258262890681,1.2246467991473532e-16,-1.0,-0.9749279121818236,-0.2225209339563146,2,3,1,77.0,55.0,55.0,32.0,52.0,27.0,70.66666666666667,13.65039681962864,80.0,55.0,58.333333333333336,17.614388058251222,80.0,33.0,44.75,18.63586473833311,80.0,27.0,44.458333333333336,15.950955175615604,80.0,25.0,31.0,32.3,35.3,77.0,64.0,44.0,2.0,1.33,2.33,1001.0,999.0,998.0,2456.0,160.0,61.4,0.0,0.7999920000799992,8.223281718070968,5.780346820809249,24.56,29.7,0.0306693000306693,942.49,6400,4.0,1002001,612.9,102.14999999999999,3.0,25.0,-0.3000000000000007
137,191.4,22.3,135.0,61.3,73.7,28,0.0,1000,83,30.3,0.0,2.0,2023,6,11,0,6,162,23,0.0,1.0,1.2246467991473532e-16,-1.0,-0.7818314824680299,0.6234898018587334,2,3,1,80.0,77.0,55.0,33.0,34.0,27.0,68.66666666666667,17.09775813764274,80.0,49.0,61.0,13.8130373198655,80.0,49.0,46.0,18.350130046603635,80.0,27.0,45.375,15.530649920609486,80.0,25.0,30.7,31.7,34.2,80.0,70.0,51.0,2.0,1.66,1.66,1001.0,1000.0,998.0,2514.9,166.0,60.6,0.0,0.7993344317384709,8.582574772431729,6.053540199991032,25.149,29.3,0.0302999697000303,918.09,6889,4.0,1000000,532.7,88.78333333333335,-31.0,-6.0,-0.3999999999999986
153,187.9,21.0,133.0,68.8,70.0,31,0.0,1000,87,30.0,0.0,2.0,2023,6,11,1,6,162,23,0.25881904510252074,0.9659258262890683,1.2246467991473532e-16,-1.0,-0.7818314824680299,0.6234898018587334,2,3,1,49.0,80.0,77.0,50.0,34.0,25.0,61.333333333333336,16.441816606851305,80.0,49.0,61.833333333333336,13.151679233720078,80.0,49.0,47.75,18.101356051663192,80.0,27.0,46.625,15.018285955577095,80.0,27.0,30.3,31.0,33.0,83.0,77.0,59.0,2.0,2.0,1.0,1000.0,1001.0,998.0,2610.0,174.0,60.0,0.0,0.7994069853635848,8.947192990809961,6.333031760392362,26.1,29.0,0.02999997000003,900.0,7569,4.0,1000000,535.7,89.28333333333335,6.0,-22.0,-0.3000000000000007
126,184.4,18.7,131.7,56.3,69.0,34,0.0,1000,89,29.7,0.0,1.66,2023,6,11,2,6,162,23,0.49999999999999994,0.8660254037844387,1.2246467991473532e-16,-1.0,-0.7818314824680299,0.6234898018587334,2,3,1,55.0,49.0,80.0,55.0,33.0,28.0,49.666666666666664,5.033222956847428,55.0,45.0,60.166666666666664,14.729788412148478,80.0,45.0,48.75,17.535029875288647,80.0,27.0,47.333333333333336,14.493376798196438,80.0,27.0,30.0,30.7,32.3,87.0,80.0,64.0,2.0,2.0,1.33,1000.0,1001.0,999.0,2643.2999999999997,147.73999999999998,49.302,0.0,0.7992753237065062,9.860435270841132,7.042404149510721,26.432999999999996,28.87,0.0296999703000297,882.0899999999999,7921,2.7556,1000000,505.09999999999997,84.18333333333332,-10.0,-35.0,-0.3000000000000007
118,180.9,16.3,130.3,52.5,68.0,37,0.0,999,91,29.5,0.0,1.33,2023,6,11,3,6,162,23,0.7071067811865476,0.7071067811865476,1.2246467991473532e-16,-1.0,-0.7818314824680299,0.6234898018587334,2,3,1,45.0,55.0,49.0,55.0,27.0,28.0,47.333333333333336,6.806859285554307,55.0,42.0,58.0,16.492422502470532,80.0,42.0,50.0,16.33735262853451,80.0,27.0,47.916666666666664,13.953078721096205,80.0,27.0,29.7,30.3,31.7,89.0,83.0,70.0,1.66,2.0,1.66,1000.0,1000.0,1000.0,2684.5,121.03,39.235,0.0,0.7999847621950058,11.09747868228943,7.993374639592663,26.845,28.835,0.0295294999704705,870.25,8281,1.7689000000000001,998001,490.0,81.66666666666667,-3.0,-7.0,-0.1999999999999993
100,177.4,14.0,129.0,43.8,67.0,40,0.0,999,93,29.2,0.0,1.0,2023,6,11,4,6,162,23,0.8660254037844386,0.5000000000000001,1.2246467991473532e-16,-1.0,-0.7818314824680299,0.6234898018587334,2,3,1,42.0,45.0,55.0,77.0,27.0,50.0,40.666666666666664,5.131601439447487,45.0,35.0,51.0,15.709869509324221,80.0,35.0,50.666666666666664,15.45276282054026,80.0,32.0,47.291666666666664,14.18964462179232,80.0,27.0,29.5,30.0,31.0,91.0,87.0,77.0,1.33,2.0,2.0,999.0,1000.0,1001.0,2715.6,93.0,29.2,0.0,0.7990685144174792,12.670523534033284,9.213627598028713,27.156,28.7,0.0292291999707708,852.64,8649,1.0,998001,466.2,77.7,-7.0,-20.0,-0.3000000000000007
137,175.1,14.7,134.0,61.3,66.7,43,0.0,1000,92,29.4,0.0,1.0,2023,6,11,5,6,162,23,0.9659258262890683,0.25881904510252074,1.2246467991473532e-16,-1.0,-0.7818314824680299,0.6234898018587334,2,3,1,35.0,42.0,45.0,80.0,32.0,50.0,42.0,7.000000000000403,49.0,35.0,45.833333333333336,6.882344561750768,55.0,35.0,52.083333333333336,14.323904580254466,80.0,33.0,47.25,14.182812623490786,80.0,27.0,29.2,29.7,30.7,93.0,89.0,80.0,1.0,1.66,2.0,999.0,1000.0,1001.0,2704.7999999999997,92.0,29.4,0.0,0.7993344317384709,11.91075437045099,9.115026188694648,27.048,28.9,0.0293999706000294,864.3599999999999,8464,1.0,1000000,500.79999999999995,83.46666666666665,14.0,4.0,0.1999999999999993
131,172.7,15.3,139.0,58.8,66.3,46,0.0,1000,91,29.5,0.8,1.0,2023,6,11,6,6,162,23,1.0,6.123233995736766e-17,1.2246467991473532e-16,-1.0,-0.7818314824680299,0.6234898018587334,2,0,1,49.0,35.0,42.0,49.0,33.0,47.0,43.666666666666664,7.571877794400693,49.0,35.0,45.5,6.74536878161555,55.0,35.0,53.25,13.150354298717986,80.0,35.0,47.25,14.182812623490786,80.0,27.0,29.4,29.5,30.3,92.0,91.0,83.0,1.0,1.33,2.0,1000.0,999.0,1000.0,2684.5,91.0,29.5,0.0,0.7993061342494175,11.28684399712437,9.08437357035488,26.845,29.0,0.0294999705000295,870.25,8281,1.0,1000000,499.1,83.18333333333334,-2.0,5.0,0.10000000000000142
131,170.4,16.0,144.0,58.8,66.0,50,0.0,1001,90,29.7,1.1,1.0,2023,6,11,7,6,162,23,0.9659258262890683,-0.25881904510252063,1.2246467991473532e-16,-1.0,-0.7818314824680299,0.6234898018587334,2,0,1,47.0,49.0,35.0,55.0,50.0,52.0,47.666666666666664,1.154700538380718,49.0,47.0,44.166666666666664,5.076087732364367,49.0,35.0,53.0,13.24592561712989,80.0,35.0,47.041666666666664,14.146682409258075,80.0,27.0,29.5,29.2,30.0,91.0,93.0,87.0,1.0,1.0,2.0,1000.0,999.0,1000.0,2673.0,90.0,29.7,0.0,0.7993061342494175,10.649334416598963,8.999437535154053,26.73,29.2,0.0296703000296703,882.0899999999999,8100,1.0,1002001,502.2,83.7,0.0,12.0,0.1999999999999993
150,162.0,13.7,151.3,67.5,70.3,62,0.0,1001,83,30.7,1.6,1.33,2023,6,11,8,6,162,23,0.8660254037844387,-0.4999999999999998,1.2246467991473532e-16,-1.0,-0.7818314824680299,0.6234898018587334,2,0,1,47.0,47.0,49.0,45.0,55.0,47.0,49.333333333333336,4.041451884327718,54.0,47.0,45.666666666666664,6.50128192487146,54.0,35.0,52.916666666666664,13.235340661435007,80.0,35.0,47.333333333333336,14.217768022310604,80.0,27.0,29.7,29.4,29.7,90.0,92.0,89.0,1.0,1.0,1.66,1001.0,1000.0,1000.0,2548.1,110.39,40.831,0.0,0.7999881483237284,11.823954455879134,11.042989562805637,25.480999999999998,30.035,0.0306693000306693,942.49,6889,1.7689000000000001,1002001,518.8,86.46666666666665,7.0,5.0,1.0
157,153.7,11.3,158.7,76.3,74.7,75,0.0,1001,77,31.6,2.5,1.66,2023,6,11,9,6,162,23,0.7071067811865476,-0.7071067811865475,1.2246467991473532e-16,-1.0,-0.7818314824680299,0.6234898018587334,2,0,1,54.0,47.0,47.0,42.0,55.0,61.0,54.0,7.000000000000062,61.0,47.0,48.833333333333336,8.635199283552238,61.0,35.0,53.416666666666664,13.433055114044686,80.0,35.0,47.333333333333336,14.217768022310604,80.0,27.0,30.7,29.5,29.5,83.0,91.0,91.0,1.33,1.0,1.33,1001.0,1000.0,999.0,2433.2000000000003,127.82,52.456,0.0,0.7994652756844602,13.600566321564463,14.043005043801433,24.332000000000004,30.770000000000003,0.031568400031568404,998.5600000000001,5929,2.7556,1002001,535.7,89.28333333333335,7.0,14.0,0.9000000000000021
175,145.3,9.0,166.0,92.5,79.0,87,0.0,1001,72,32.6,3.3,2.0,2023,6,11,10,6,162,23,0.49999999999999994,-0.8660254037844387,1.2246467991473532e-16,-1.0,-0.7818314824680299,0.6234898018587334,2,0,1,61.0,54.0,47.0,35.0,77.0,63.0,63.0,10.148891565092084,74.0,54.0,55.333333333333336,10.595596569644515,74.0,47.0,53.166666666666664,12.974333637352084,80.0,35.0,47.791666666666664,14.905438653366817,80.0,27.0,31.6,29.7,29.2,77.0,90.0,93.0,1.66,1.0,1.0,1001.0,1001.0,999.0,2347.2000000000003,144.0,65.2,0.0,0.7999913514448492,16.142650816575937,18.44239528941229,23.472,31.6,0.0325674000325674,1062.76,5184,4.0,1002001,565.8,94.3,13.0,27.0,1.0
164,148.4,9.3,173.3,82.5,84.7,83,0.0,1000,67,33.3,3.8,1.33,2023,6,11,11,6,162,23,0.258819045102521,-0.9659258262890682,1.2246467991473532e-16,-1.0,-0.7818314824680299,0.6234898018587334,2,0,1,74.0,61.0,54.0,49.0,80.0,52.0,67.0,6.557438524301669,74.0,61.0,58.166666666666664,10.833589740555219,74.0,47.0,52.0,10.787197799411523,74.0,35.0,48.375,15.344769679657803,80.0,27.0,32.6,30.7,29.4,72.0,83.0,92.0,2.0,1.33,1.0,1001.0,1001.0,1000.0,2231.1,89.11,44.289,0.0,0.7999903031478406,15.955273626491776,18.632405117729277,22.311,32.635,0.033299966700033296,1108.8899999999999,4489,1.7689000000000001,1000000,564.2,94.03333333333335,-8.0,12.0,0.6999999999999957
171,151.5,9.7,180.7,88.8,90.3,79,0.0,1000,63,34.0,4.4,0.66,2023,6,11,12,6,162,23,1.2246467991473532e-16,-1.0,1.2246467991473532e-16,-1.0,-0.7818314824680299,0.6234898018587334,2,1,1,66.0,74.0,61.0,47.0,49.0,34.0,70.33333333333333,4.041451884326681,74.0,66.0,62.166666666666664,10.303721010715705,74.0,47.0,53.833333333333336,12.029005349444404,74.0,35.0,49.916666666666664,15.692470270432649,80.0,27.0,33.3,31.6,29.5,67.0,77.0,91.0,1.33,1.66,1.0,1000.0,1001.0,1000.0,2142.0,41.580000000000005,22.44,0.0,0.7995405457145752,15.616946706525102,18.62694567570354,21.42,33.67,0.033999966000034,1156.0,3969,0.43560000000000004,1000000,592.0,98.66666666666667,5.0,10.0,0.7000000000000028
145,154.7,10.0,188.0,65.0,96.0,75,0.0,999,59,34.7,6.7,1.2,2023,6,11,13,6,162,23,-0.2588190451025208,-0.9659258262890683,1.2246467991473532e-16,-1.0,-0.7818314824680299,0.6234898018587334,2,1,1,71.0,66.0,74.0,47.0,55.0,34.0,63.0,9.848857801795967,71.0,52.0,63.0,8.944271909999037,74.0,52.0,53.583333333333336,12.033727853853039,74.0,35.0,50.666666666666664,15.324509118081133,80.0,27.0,34.0,32.6,29.7,63.0,72.0,90.0,0.66,2.0,1.0,1000.0,1001.0,1001.0,2047.3000000000002,70.8,41.64,0.0,0.7999876924970385,15.468453154684532,18.7981201879812,20.473000000000003,34.1,0.034734699965265306,1204.0900000000001,3481,1.44,998001,565.7,94.28333333333335,-19.0,-22.0,0.7000000000000028
131,163.8,14.3,178.7,58.8,95.0,75,0.0,998,52,35.4,7.5,1.6,2023,6,11,14,6,162,23,-0.4999999999999997,-0.8660254037844388,1.2246467991473532e-16,-1.0,-0.7818314824680299,0.6234898018587334,2,1,1,52.0,71.0,66.0,54.0,45.0,33.0,56.666666666666664,12.662279942148379,71.0,47.0,61.833333333333336,10.647378394077304,74.0,47.0,53.75,11.917328864838783,74.0,35.0,51.25,14.882876066137452,80.0,27.0,34.7,33.3,30.7,59.0,67.0,83.0,1.2,1.33,1.33,999.0,1000.0,1001.0,1840.8,83.2,56.64,0.0,0.7993061342494175,11.45374449339207,12.495629676246415,18.408,34.6,0.035470906341777214,1253.1599999999999,2704,2.5600000000000005,996004,557.6,92.93333333333334,-5.0,-19.0,0.6999999999999957
134,172.9,18.7,169.3,60.0,94.0,75,0.0,998,46,36.0,4.1,1.6,2023,6,11,15,6,162,23,-0.7071067811865471,-0.7071067811865479,1.2246467991473532e-16,-1.0,-0.7818314824680299,0.6234898018587334,2,1,1,47.0,52.0,71.0,61.0,42.0,27.0,49.0,2.6457513110651334,52.0,47.0,59.666666666666664,12.077527340754132,74.0,47.0,54.25,11.498023545572421,74.0,35.0,52.125,13.985434970152165,80.0,27.0,35.4,34.0,31.6,52.0,63.0,77.0,1.6,0.66,1.66,998.0,1000.0,1001.0,1656.0,73.60000000000001,57.6,0.0,0.7999866668888852,9.245494893321213,9.052991818619326,16.56,35.2,0.036072108144180215,1296.0,2116,2.5600000000000005,996004,562.9,93.81666666666666,1.0,-23.0,0.6000000000000014
112,182.1,23.0,160.0,50.0,93.0,75,0.0,997,40,36.7,2.2,1.2,2023,6,11,16,6,162,23,-0.8660254037844385,-0.5000000000000004,1.2246467991473532e-16,-1.0,-0.7818314824680299,0.6234898018587334,2,1,1,48.0,47.0,52.0,74.0,35.0,27.0,45.0,4.358898943541187,48.0,40.0,54.0,11.983321743156004,71.0,40.0,54.666666666666664,10.806844071599771,74.0,40.0,52.666666666666664,13.199692574373783,80.0,32.0,36.0,34.7,32.6,46.0,59.0,72.0,1.6,1.2,2.0,998.0,999.0,1001.0,1468.0,48.0,44.04,0.0,0.7999840003199936,7.917047084909351,6.956219294813269,14.68,36.1,0.0368103943727238,1346.89,1600,1.44,994009,548.1,91.35000000000001,-8.0,-12.0,0.7000000000000028
110,198.4,33.3,140.3,48.8,87.3,75,0.5,998,48,35.3,1.0,0.33,2023,6,11,17,6,162,23,-0.9659258262890683,-0.25881904510252063,1.2246467991473532e-16,-1.0,-0.7818314824680299,0.6234898018587334,2,1,1,40.0,48.0,47.0,66.0,49.0,32.0,42.333333333333336,4.932882862316808,48.0,39.0,49.5,11.640446726822573,71.0,39.0,53.833333333333336,11.637192205348969,74.0,39.0,52.958333333333336,12.794289373768189,80.0,33.0,36.7,35.4,33.3,40.0,52.0,67.0,1.2,1.6,1.33,997.0,998.0,1000.0,1694.3999999999999,15.84,11.649,37.5,0.7991639515583698,5.957779045674306,4.213086694093271,16.944,35.135,0.03537070604137671,1246.0899999999997,2304,0.10890000000000001,996004,547.1,91.18333333333334,-1.0,-8.0,-1.4000000000000057
153,214.8,43.7,120.7,72.5,81.7,75,0.0,998,57,34.0,0.7,0.66,2023,6,11,18,6,162,23,-1.0,-1.8369701987210297e-16,1.2246467991473532e-16,-1.0,-0.7818314824680299,0.6234898018587334,2,2,1,39.0,40.0,48.0,71.0,47.0,33.0,45.666666666666664,10.692676621563823,58.0,39.0,47.333333333333336,7.201851613762981,58.0,39.0,54.75,11.482199662560369,74.0,39.0,54.0,12.097430557228432,80.0,35.0,35.3,36.0,34.0,48.0,46.0,63.0,0.33,1.6,0.66,998.0,998.0,1000.0,1938.0,37.620000000000005,22.44,0.0,0.799988965669439,4.915219331365416,2.7619505274478846,19.38,33.67,0.0340681021361702,1156.0,3249,0.43560000000000004,996004,591.4,98.56666666666666,19.0,10.0,-1.2999999999999972
151,231.1,54.0,101.0,70.0,76.0,75,0.0,999,67,32.6,0.0,1.0,2023,6,11,19,6,162,23,-0.9659258262890684,0.2588190451025203,1.2246467991473532e-16,-1.0,-0.7818314824680299,0.6234898018587334,2,2,1,58.0,39.0,40.0,52.0,47.0,50.0,51.0,10.44030650891065,58.0,39.0,48.0,7.874007874011427,58.0,39.0,55.5,11.220922016888062,74.0,39.0,54.25,12.073146630652058,80.0,35.0,34.0,36.7,34.7,57.0,40.0,59.0,0.66,1.2,1.2,998.0,997.0,999.0,2184.2000000000003,67.0,32.6,0.0,0.7999885715918343,4.279550378696691,1.8703357345234348,21.842000000000002,32.1,0.0326325999673674,1062.76,4489,1.0,998001,588.1,98.01666666666667,-2.0,16.0,-1.3999999999999986
217,249.6,56.3,84.0,132.5,74.7,68,0.0,1000,73,31.9,0.0,1.33,2023,6,11,20,6,162,23,-0.8660254037844386,0.5000000000000001,1.2246467991473532e-16,-1.0,-0.7818314824680299,0.6234898018587334,2,2,1,56.0,58.0,39.0,47.0,54.0,55.0,73.33333333333333,28.307831660749404,106.0,56.0,57.833333333333336,24.871000515995792,106.0,39.0,59.833333333333336,18.35921038772088,106.0,39.0,56.375,16.045621101152406,106.0,35.0,32.6,35.3,35.4,67.0,48.0,52.0,1.0,0.33,1.6,999.0,998.0,998.0,2328.7,97.09,42.427,0.0,0.7999939623097184,4.433313795492087,1.4919806042521448,23.287,31.235,0.0318999681000319,1017.6099999999999,5329,1.7689000000000001,1000000,703.1,117.18333333333334,50.0,67.0,-0.7000000000000028
131,268.1,58.7,67.0,58.8,73.3,62,0.0,1001,78,31.3,0.0,1.66,2023,6,11,21,6,162,23,-0.7071067811865477,0.7071067811865474,1.2246467991473532e-16,-1.0,-0.7818314824680299,0.6234898018587334,2,2,1,106.0,56.0,58.0,48.0,61.0,55.0,69.66666666666667,31.785741037976884,106.0,47.0,57.666666666666664,24.953289696283793,106.0,39.0,58.666666666666664,18.719621855802394,106.0,39.0,56.041666666666664,16.15812937587592,106.0,35.0,31.9,34.0,36.0,73.0,57.0,46.0,1.33,0.66,1.6,1000.0,998.0,998.0,2441.4,129.48,51.958,0.0,0.7993061342494175,4.5672135057324414,1.1413774893102333,24.414,30.470000000000002,0.0312687000312687,979.69,6084,2.7556,1002001,572.9,95.48333333333333,-59.0,-11.0,-0.5999999999999979
131,286.5,61.0,50.0,58.8,72.0,56,0.0,1002,84,30.6,0.0,2.0,2023,6,11,22,6,162,23,-0.5000000000000004,0.8660254037844384,1.2246467991473532e-16,-1.0,-0.7818314824680299,0.6234898018587334,2,3,1,47.0,106.0,56.0,40.0,74.0,77.0,66.66666666666667,34.063665882187856,106.0,47.0,58.833333333333336,24.111546335037563,106.0,39.0,56.416666666666664,18.327616188460176,106.0,39.0,54.791666666666664,15.617657695188027,106.0,35.0,31.3,32.6,36.7,78.0,67.0,40.0,1.66,1.0,1.2,1001.0,999.0,997.0,2570.4,168.0,61.2,0.0,0.7993061342494175,4.696644317306274,0.8196586941197685,25.704,29.6,0.030538891677752818,936.3600000000001,7056,4.0,1004004,575.3,95.88333333333333,0.0,-9.0,-0.6999999999999993
76,305.6,61.0,42.7,30.0,77.3,50,0.0,1002,87,30.3,0.0,1.33,2023,6,11,23,6,162,23,-0.25881904510252157,0.9659258262890681,1.2246467991473532e-16,-1.0,-0.7818314824680299,0.6234898018587334,2,3,1,47.0,47.0,106.0,39.0,66.0,80.0,39.333333333333336,13.279056191361635,47.0,24.0,56.333333333333336,27.163701269647746,106.0,24.0,52.916666666666664,20.241533957921508,106.0,24.0,52.458333333333336,15.868972095328864,106.0,24.0,30.6,31.9,35.3,84.0,73.0,48.0,2.0,1.33,0.33,1002.0,1000.0,998.0,2636.1,115.71000000000001,40.29900000000001,0.0,0.7999733342221925,5.009753938460026,0.6999885247782824,26.361,29.635,0.03023949077895132,918.09,7569,1.7689000000000001,1004004,540.6,90.10000000000001,-23.0,-82.0,-0.3000000000000007
85,324.7,61.0,35.3,35.0,82.7,43,0.0,1001,89,30.0,0.0,0.66,2023,6,12,0,0,163,24,0.0,1.0,1.2246467991473532e-16,-1.0,0.0,1.0,2,3,0,24.0,47.0,47.0,58.0,71.0,49.0,33.0,12.288205727444872,47.0,24.0,51.333333333333336,29.459576824297077,106.0,24.0,49.333333333333336,20.5529618893296,106.0,24.0,51.583333333333336,16.628724928677794,106.0,24.0,30.3,31.3,34.0,87.0,78.0,57.0,1.33,1.66,0.66,1002.0,1001.0,998.0,2670.0,58.74,19.8,0.0,0.7999771435101855,5.3228635596137766,0.5786790380485566,26.7,29.67,0.029970000029970002,900.0,7921,0.43560000000000004,1002001,566.7,94.45,4.0,-19.0,-0.3000000000000007
85,343.7,61.0,28.0,35.0,88.0,37,0.0,1001,92,29.7,0.0,1.2,2023,6,12,1,0,163,24,0.25881904510252074,0.9659258262890683,1.2246467991473532e-16,-1.0,0.0,1.0,2,3,0,28.0,24.0,47.0,56.0,52.0,55.0,26.666666666666668,2.309401076760998,28.0,24.0,46.666666666666664,30.76144773359441,106.0,24.0,47.333333333333336,21.41933422839915,106.0,24.0,50.458333333333336,17.287792040141948,106.0,24.0,30.0,30.6,32.6,89.0,84.0,67.0,0.66,2.0,1.0,1001.0,1002.0,999.0,2732.4,110.39999999999999,35.64,0.0,0.7999771435101855,5.634333863379289,0.4590088687070704,27.324,29.099999999999998,0.0296703000296703,882.0899999999999,8464,1.44,1002001,583.7,97.28333333333335,0.0,-19.0,-0.3000000000000007
98,353.1,59.7,25.7,42.5,89.3,50,0.0,1001,93,29.5,0.0,1.6,2023,6,12,2,0,163,24,0.49999999999999994,0.8660254037844387,1.2246467991473532e-16,-1.0,0.0,1.0,2,3,0,28.0,28.0,24.0,106.0,47.0,45.0,30.0,3.4641016151392194,34.0,28.0,34.666666666666664,10.07306639840412,47.0,24.0,46.25,21.763710412268487,106.0,24.0,50.0,17.582105527570224,106.0,24.0,29.7,30.3,31.9,92.0,87.0,73.0,1.2,1.33,1.33,1001.0,1002.0,1000.0,2743.5,148.8,47.2,0.0,0.7999811769134845,5.914473794408805,0.4304785514480494,27.435,28.7,0.0294705000294705,870.25,8649,2.5600000000000005,1002001,604.3,100.71666666666665,6.0,10.0,-0.1999999999999993
95,362.4,58.3,23.3,41.3,90.7,62,0.0,1000,93,29.4,0.0,1.6,2023,6,12,3,0,163,24,0.7071067811865476,0.7071067811865476,1.2246467991473532e-16,-1.0,0.0,1.0,2,3,0,34.0,28.0,28.0,47.0,48.0,42.0,31.666666666666668,3.21455025366579,34.0,28.0,32.333333333333336,8.066391179868333,47.0,24.0,45.0,22.08248997817856,106.0,24.0,49.625,17.854027678589297,106.0,24.0,29.5,30.0,31.3,93.0,89.0,78.0,1.6,0.66,1.66,1001.0,1001.0,1001.0,2734.2,148.8,47.04,0.0,0.7990121304568898,6.216016877926623,0.3996500917651499,27.342,28.599999999999998,0.0293999706000294,864.3599999999999,8649,2.5600000000000005,1000000,609.0,101.5,-1.0,5.0,-0.10000000000000142
76,371.8,57.0,21.0,30.0,92.0,75,0.0,1000,94,29.2,0.0,1.2,2023,6,12,4,0,163,24,0.8660254037844386,0.5000000000000001,1.2246467991473532e-16,-1.0,0.0,1.0,2,3,0,33.0,34.0,28.0,47.0,40.0,35.0,30.333333333333332,5.507570547287012,34.0,24.0,28.5,4.277849927240335,34.0,24.0,43.666666666666664,22.880453481413877,106.0,24.0,49.166666666666664,18.37925736936294,106.0,24.0,29.4,29.7,30.6,93.0,92.0,84.0,1.6,1.2,2.0,1000.0,1001.0,1002.0,2744.7999999999997,112.8,35.04,0.0,0.7999733342221925,6.522692584340626,0.368414589217733,27.447999999999997,28.599999999999998,0.0291999708000292,852.64,8836,1.44,1000000,595.8,99.3,-9.0,-4.0,-0.1999999999999993
85,350.0,51.3,33.7,35.0,90.3,79,0.0,1000,93,29.3,0.0,1.2,2023,6,12,5,0,163,24,0.9659258262890683,0.25881904510252074,1.2246467991473532e-16,-1.0,0.0,1.0,2,3,0,24.0,33.0,34.0,24.0,39.0,49.0,28.333333333333332,4.509249752824097,33.0,24.0,29.166666666666668,3.7103458958238584,34.0,24.0,42.75,23.300897368595297,106.0,24.0,48.291666666666664,18.880583923050914,106.0,24.0,29.2,29.5,30.3,94.0,93.0,87.0,1.2,1.6,1.33,1000.0,1001.0,1002.0,2724.9,111.6,35.16,0.0,0.7999771435101855,6.822479093974777,0.6569072727627143,27.249000000000002,28.7,0.0292999707000293,858.49,8649,1.44,1000000,588.3,98.05,4.0,-6.0,0.10000000000000142
104,328.2,45.7,46.3,46.3,88.7,83,0.0,1001,92,29.5,0.7,0.8,2023,6,12,6,0,163,24,1.0,6.123233995736766e-17,1.2246467991473532e-16,-1.0,0.0,1.0,2,0,0,28.0,24.0,33.0,28.0,58.0,47.0,29.666666666666668,6.658328118480166,37.0,24.0,30.666666666666668,4.802776974486456,37.0,24.0,41.0,22.835379249194407,106.0,24.0,47.875,19.02015521355786,106.0,24.0,29.3,29.4,30.0,93.0,93.0,89.0,1.2,1.6,0.66,1000.0,1000.0,1001.0,2714.0,73.60000000000001,23.6,0.0,0.799118809528952,7.1814621124264235,1.0131069342027526,27.14,29.1,0.0294705000294705,870.25,8464,0.6400000000000001,1002001,592.2,98.7,9.0,4.0,0.1999999999999993
102,306.4,40.0,59.0,45.0,87.0,87,0.0,1001,91,29.6,0.9,0.8,2023,6,12,7,0,163,24,0.9659258262890683,-0.25881904510252063,1.2246467991473532e-16,-1.0,0.0,1.0,2,0,0,37.0,28.0,24.0,28.0,56.0,47.0,33.666666666666664,4.932882862317124,37.0,28.0,32.0,5.019960159203547,37.0,24.0,39.333333333333336,22.366099888948394,106.0,24.0,47.416666666666664,19.17406914393077,106.0,24.0,29.5,29.2,29.7,92.0,94.0,92.0,0.8,1.2,1.2,1001.0,1000.0,1001.0,2693.6,72.8,23.680000000000003,0.0,0.7999822226172753,7.65980850478738,1.474963125921852,26.936,29.200000000000003,0.029570400029570402,876.1600000000001,8281,0.6400000000000001,1002001,573.4,95.56666666666666,-1.0,12.0,0.10000000000000142
121,258.3,30.0,96.7,53.8,85.7,79,0.0,1001,83,30.9,1.5,0.66,2023,6,12,8,0,163,24,0.8660254037844387,-0.4999999999999998,1.2246467991473532e-16,-1.0,0.0,1.0,2,0,0,36.0,37.0,28.0,34.0,106.0,54.0,38.666666666666664,3.7859388972010453,43.0,36.0,33.5,6.774953874381082,43.0,24.0,34.083333333333336,8.20707381507282,47.0,24.0,46.958333333333336,19.141303319095833,106.0,24.0,29.6,29.3,29.5,91.0,93.0,93.0,0.8,1.2,1.6,1001.0,1000.0,1001.0,2564.7,54.78,20.394,0.0,0.7992416497834613,8.609713009566347,3.223225892470251,25.647,30.57,0.0308691000308691,954.81,6889,0.43560000000000004,1002001,567.5,94.58333333333333,7.0,15.0,1.2999999999999972
115,210.3,20.0,134.3,51.3,84.3,70,0.0,1001,75,32.3,4.7,1.33,2023,6,12,9,0,163,24,0.7071067811865476,-0.7071067811865475,1.2246467991473532e-16,-1.0,0.0,1.0,2,0,0,43.0,36.0,37.0,33.0,47.0,61.0,40.0,3.605551275464817,43.0,36.0,34.833333333333336,7.4139508136120105,43.0,24.0,33.583333333333336,7.501010032998548,47.0,24.0,46.125,18.93768384901446,106.0,24.0,30.9,29.5,29.4,83.0,92.0,93.0,0.66,0.8,1.6,1001.0,1001.0,1000.0,2422.5,99.75,42.958999999999996,0.0,0.7992046938656168,10.514474276286185,6.714664266786661,24.225,31.634999999999998,0.0322677000322677,1043.2899999999997,5625,1.7689000000000001,1002001,541.2,90.2,-2.0,4.0,1.3999999999999986
152,162.2,10.0,172.0,71.3,83.0,62,0.5,1001,68,33.6,6.7,2.0,2023,6,12,10,0,163,24,0.49999999999999994,-0.8660254037844387,1.2246467991473532e-16,-1.0,0.0,1.0,2,0,0,41.0,43.0,36.0,24.0,47.0,74.0,47.0,8.717797887081518,57.0,41.0,40.333333333333336,9.667816023624953,57.0,28.0,34.416666666666664,9.433579609163086,57.0,24.0,45.416666666666664,18.151336438200882,106.0,24.0,32.3,29.6,29.2,75.0,91.0,94.0,1.33,0.8,1.2,1001.0,1001.0,1000.0,2284.8,136.0,67.2,31.0,0.7994277780115285,16.218378162183782,17.198280171982802,22.848000000000003,32.6,0.0335664000335664,1128.96,4624,4.0,1002001,555.5,92.58333333333333,16.0,21.0,1.3000000000000043
169,154.8,9.3,178.3,87.5,77.0,66,0.5,1000,74,31.8,5.6,2.33,2023,6,12,11,0,163,24,0.258819045102521,-0.9659258262890682,1.2246467991473532e-16,-1.0,0.0,1.0,2,0,0,57.0,41.0,43.0,28.0,24.0,66.0,56.0,14.525839046333921,70.0,41.0,47.333333333333336,13.426342266852163,70.0,36.0,38.25,13.34932752817679,70.0,24.0,45.583333333333336,18.36565004156621,106.0,24.0,33.6,30.9,29.3,68.0,83.0,93.0,2.0,0.66,1.2,1001.0,1001.0,1000.0,2353.2000000000003,172.42000000000002,74.09400000000001,33.0,0.7999908572473458,16.643371680464465,19.16998172239544,23.532000000000004,30.635,0.0317999682000318,1011.24,5476,5.4289000000000005,1000000,576.9000000000001,96.15000000000002,13.0,27.0,-1.8000000000000007
180,147.5,8.7,184.7,97.5,71.0,70,4.5,1000,80,30.0,4.9,2.66,2023,6,12,12,0,163,24,1.2246467991473532e-16,-1.0,1.2246467991473532e-16,-1.0,0.0,1.0,2,1,0,70.0,57.0,41.0,37.0,28.0,71.0,68.33333333333333,10.59874206372281,78.0,57.0,54.166666666666664,17.057745063948587,78.0,36.0,42.416666666666664,17.12764025212036,78.0,24.0,45.875,18.836395159602628,106.0,24.0,31.8,32.3,29.5,74.0,75.0,92.0,2.33,1.33,0.8,1000.0,1001.0,1001.0,2400.0,212.8,79.80000000000001,315.0,0.7999917949559491,16.95207447419837,21.227445121250433,24.0,28.67,0.02999997000003,900.0,6400,7.0756000000000006,1000000,587.4,97.89999999999999,8.0,37.0,-1.8000000000000007
137,140.1,8.0,191.0,61.3,65.0,75,6.0,1000,87,28.2,4.5,3.0,2023,6,12,13,0,163,24,-0.2588190451025208,-0.9659258262890683,1.2246467991473532e-16,-1.0,0.0,1.0,2,1,0,78.0,70.0,57.0,36.0,28.0,52.0,65.66666666666667,14.977761292440478,78.0,49.0,56.333333333333336,14.988884770611284,78.0,41.0,44.166666666666664,16.5849511925902,78.0,24.0,45.75,18.803908011946476,106.0,24.0,30.0,33.6,29.6,80.0,68.0,91.0,2.66,2.0,0.8,1000.0,1001.0,1001.0,2453.4,261.0,84.6,450.0,0.7993344317384709,17.510311211098614,23.87201599800025,24.534000000000002,26.7,0.0281999718000282,795.24,7569,9.0,1000000,514.4000000000001,85.73333333333335,-29.0,-8.0,-1.8000000000000007
110,138.9,9.7,178.3,48.8,68.0,70,8.0,999,80,29.8,5.2,3.0,2023,6,12,14,0,163,24,-0.4999999999999997,-0.8660254037844388,1.2246467991473532e-16,-1.0,0.0,1.0,2,1,0,49.0,78.0,70.0,43.0,34.0,47.0,55.333333333333336,20.256686138984637,78.0,39.0,55.666666666666664,15.769168230019705,78.0,39.0,44.583333333333336,16.36769730754782,78.0,24.0,45.416666666666664,18.85163276671334,106.0,24.0,28.2,31.8,30.9,87.0,74.0,83.0,3.0,2.33,0.66,1000.0,1000.0,1001.0,2384.0,240.0,89.4,560.0,0.7991639515583698,14.318111534893312,18.379548500154627,23.84,28.3,0.0298297999701702,888.0400000000001,6400,9.0,998001,482.7,80.45,-10.0,-31.0,1.6000000000000014
134,137.7,11.3,165.7,60.0,71.0,66,6.0,998,73,31.4,2.9,3.0,2023,6,12,15,0,163,24,-0.7071067811865471,-0.7071067811865479,1.2246467991473532e-16,-1.0,0.0,1.0,2,1,0,39.0,49.0,78.0,41.0,33.0,48.0,45.333333333333336,5.507570547286369,49.0,39.0,56.833333333333336,14.68899815054325,78.0,39.0,45.833333333333336,15.970616959297441,78.0,24.0,45.416666666666664,18.85163276671334,106.0,24.0,29.8,30.0,32.3,80.0,80.0,75.0,3.0,2.66,1.33,999.0,1000.0,1001.0,2292.2,219.0,94.19999999999999,396.0,0.7999866668888852,12.184762410406158,14.66241925493319,22.921999999999997,29.9,0.03146289432575719,985.9599999999999,5329,9.0,996004,493.7,82.28333333333333,9.0,-30.0,1.5999999999999979
129,136.6,13.0,153.0,57.5,74.0,62,1.0,997,66,33.0,1.3,3.0,2023,6,12,16,0,163,24,-0.8660254037844385,-0.5000000000000004,1.2246467991473532e-16,-1.0,0.0,1.0,2,1,0,48.0,39.0,49.0,57.0,24.0,40.0,44.333333333333336,4.725815626252961,48.0,39.0,55.0,15.336231610144521,78.0,39.0,47.666666666666664,14.424306085930061,78.0,28.0,45.666666666666664,18.816428221490348,106.0,24.0,31.4,28.2,33.6,73.0,87.0,68.0,3.0,3.0,2.0,998.0,1000.0,1001.0,2178.0,198.0,99.0,62.0,0.7999860871984835,10.50688408583955,11.768325513422045,21.78,31.5,0.03309926469481977,1089.0,4356,9.0,994009,480.1,80.01666666666667,-2.0,-3.0,1.6000000000000014
163,135.6,16.3,124.7,81.3,69.3,75,1.0,998,70,32.4,0.8,2.66,2023,6,12,17,0,163,24,-0.9659258262890683,-0.25881904510252063,1.2246467991473532e-16,-1.0,0.0,1.0,2,1,0,46.0,48.0,39.0,70.0,28.0,39.0,53.0,10.440306508910545,65.0,46.0,54.166666666666664,14.469508169480486,78.0,39.0,50.75,13.778276709766793,78.0,36.0,46.75,19.16121535584446,106.0,24.0,33.0,29.8,31.8,66.0,80.0,74.0,3.0,3.0,2.33,997.0,999.0,1000.0,2268.0,186.20000000000002,86.184,75.0,0.7994981611542293,8.318508066989754,7.649837433286301,22.68,31.07,0.032464897329762196,1049.76,4900,7.0756000000000006,996004,492.20000000000005,82.03333333333335,19.0,26.0,-0.6000000000000014
163,134.6,19.7,96.3,81.3,64.7,87,0.5,999,73,31.8,0.7,2.33,2023,6,12,18,0,163,24,-1.0,-1.8369701987210297e-16,1.2246467991473532e-16,-1.0,0.0,1.0,2,2,0,65.0,46.0,48.0,78.0,37.0,58.0,58.666666666666664,10.969655114602782,65.0,46.0,52.0,10.658330075579167,65.0,39.0,53.083333333333336,13.60787428014513,78.0,36.0,47.041666666666664,19.391793797033646,106.0,24.0,32.4,31.4,30.0,70.0,73.0,80.0,2.66,3.0,2.66,998.0,998.0,1000.0,2321.4,170.09,74.09400000000001,43.5,0.7994981611542293,6.8321405004822084,4.88807674737323,23.214000000000002,30.635,0.0318317999681682,1011.24,5329,5.4289000000000005,998001,461.59999999999997,76.93333333333332,0.0,17.0,-0.5999999999999979
153,133.6,23.0,68.0,68.8,60.0,100,1.5,1000,77,31.2,0.0,2.0,2023,6,12,19,0,163,24,-0.9659258262890684,0.2588190451025203,1.2246467991473532e-16,-1.0,0.0,1.0,2,2,0,65.0,65.0,46.0,49.0,36.0,56.0,61.666666666666664,5.773502691895947,65.0,55.0,53.0,10.60188662455865,65.0,39.0,54.666666666666664,12.4996969660235,78.0,39.0,47.0,19.372773364340297,106.0,24.0,31.8,33.0,28.2,73.0,66.0,87.0,2.33,3.0,3.0,999.0,997.0,1000.0,2402.4,154.0,62.4,150.0,0.7994069853635848,5.808443111169079,2.956393200295639,24.024,30.2,0.0311999688000312,973.4399999999999,5929,4.0,1000000,408.4,68.06666666666666,-10.0,9.0,-0.6000000000000014
115,136.6,23.7,60.7,51.3,59.0,91,0.5,1001,78,30.8,0.0,1.33,2023,6,12,20,0,163,24,-0.8660254037844386,0.5000000000000001,1.2246467991473532e-16,-1.0,0.0,1.0,2,2,0,55.0,65.0,65.0,39.0,43.0,106.0,53.666666666666664,12.0554275466834,65.0,41.0,53.333333333333336,10.092901796146753,65.0,41.0,54.5,12.681410876482738,78.0,39.0,44.291666666666664,14.760343953417674,78.0,24.0,31.2,32.4,29.8,77.0,70.0,80.0,2.0,2.66,3.0,1000.0,998.0,999.0,2402.4,103.74000000000001,40.964000000000006,45.5,0.7992046938656168,5.763469895784987,2.561073372431543,24.024,30.135,0.030769200030769203,948.6400000000001,6084,1.7689000000000001,1002001,372.3,62.050000000000004,-14.0,-24.0,-0.3999999999999986
153,139.5,24.3,53.3,72.5,58.0,83,0.5,1001,80,30.4,0.0,0.66,2023,6,12,21,0,163,24,-0.7071067811865477,0.7071067811865474,1.2246467991473532e-16,-1.0,0.0,1.0,2,2,0,41.0,55.0,65.0,48.0,41.0,47.0,51.333333333333336,9.073771725877496,58.0,41.0,55.0,9.859006035092786,65.0,41.0,55.916666666666664,11.965543966917478,78.0,39.0,44.75,15.016657417681385,78.0,24.0,30.8,31.8,31.4,78.0,73.0,73.0,1.33,2.33,3.0,1001.0,999.0,998.0,2432.0,52.800000000000004,20.064,41.5,0.799988965669439,5.740504505987407,2.1933253775564787,24.32,30.07,0.0303696000303696,924.16,6400,0.43560000000000004,1002001,405.6,67.60000000000001,17.0,-7.0,-0.40000000000000213
153,142.4,25.0,46.0,72.5,57.0,75,0.5,1002,81,30.0,0.0,1.2,2023,6,12,22,0,163,24,-0.5000000000000004,0.8660254037844384,1.2246467991473532e-16,-1.0,0.0,1.0,2,3,0,58.0,41.0,55.0,46.0,57.0,47.0,52.333333333333336,9.814954576223647,58.0,41.0,57.0,8.831760866327642,65.0,41.0,56.0,11.977251164375668,78.0,39.0,45.208333333333336,15.254305640694225,78.0,24.0,30.4,31.2,33.0,80.0,77.0,66.0,0.66,2.0,3.0,1001.0,1000.0,997.0,2430.0,97.2,36.0,37.5,0.799988965669439,5.695772169113235,1.8399264029438822,24.3,29.4,0.02994008988014982,900.0,6561,1.44,1004004,400.9,66.81666666666666,0.0,3.0,-0.3999999999999986
115,134.2,22.3,47.7,51.3,52.0,75,2.0,1002,83,29.1,0.0,1.2,2023,6,12,23,0,163,24,-0.25881904510252157,0.9659258262890681,1.2246467991473532e-16,-1.0,0.0,1.0,2,3,0,58.0,58.0,41.0,65.0,70.0,24.0,52.333333333333336,9.814954576223647,58.0,41.0,53.0,9.859006035092769,65.0,41.0,53.583333333333336,11.82030866643041,78.0,39.0,45.916666666666664,14.6076712028653,78.0,24.0,30.0,30.8,32.4,81.0,78.0,70.0,1.2,1.33,2.66,1002.0,1001.0,998.0,2415.3,99.6,34.92,150.0,0.7992046938656168,6.017667369176269,2.1389175373301645,24.153000000000002,28.5,0.029041887183745327,846.8100000000001,6889,1.44,1004004,348.5,58.083333333333336,-17.0,0.0,-0.8999999999999986
69,126.1,19.7,49.3,26.3,47.0,75,1.75,1001,85,28.1,0.0,0.8,2023,6,13,0,1,164,24,0.0,1.0,1.2246467991473532e-16,-1.0,0.7818314824680298,0.6234898018587336,2,3,0,41.0,58.0,58.0,65.0,78.0,28.0,40.0,18.52025917745227,58.0,21.0,45.666666666666664,14.445299120013436,58.0,21.0,48.833333333333336,12.54688178091415,65.0,21.0,45.625,15.044318586733532,78.0,21.0,29.1,30.4,31.8,83.0,80.0,73.0,1.2,0.66,2.33,1002.0,1001.0,999.0,2388.5,68.0,22.480000000000004,131.25,0.79844872818524,6.40069032028831,2.502411045124613,23.885,27.700000000000003,0.028071900028071903,789.6100000000001,7225,0.6400000000000001,1002001,289.4,48.23333333333333,-20.0,-37.0,-1.0
61,117.9,17.0,51.0,21.3,42.0,75,0.0,1001,87,27.2,0.0,0.4,2023,6,13,1,1,164,24,0.25881904510252074,0.9659258262890683,1.2246467991473532e-16,-1.0,0.7818314824680298,0.6234898018587336,2,3,0,21.0,41.0,58.0,55.0,49.0,28.0,26.333333333333332,12.858201014657688,41.0,17.0,39.333333333333336,17.5347274477438,58.0,17.0,46.166666666666664,15.549529857454592,65.0,17.0,45.166666666666664,15.755376354056938,78.0,17.0,28.1,30.0,31.2,85.0,81.0,77.0,0.8,1.2,2.0,1001.0,1002.0,1000.0,2366.4,34.800000000000004,10.88,0.0,0.7980845969672785,6.934886183165696,2.9998235397917767,23.664,27.0,0.0271728000271728,739.8399999999999,7569,0.16000000000000003,1002001,266.20000000000005,44.366666666666674,-4.0,-41.0,-0.9000000000000021
59,117.9,16.0,54.0,20.0,43.3,79,0.5,1000,89,27.2,0.0,0.4,2023,6,13,2,1,164,24,0.49999999999999994,0.8660254037844387,1.2246467991473532e-16,-1.0,0.7818314824680298,0.6234898018587336,2,3,0,17.0,21.0,41.0,41.0,39.0,34.0,18.0,2.6457513110672277,21.0,16.0,35.166666666666664,19.873768305650014,58.0,16.0,44.25,17.771913489855336,65.0,16.0,44.416666666666664,16.70958242828173,78.0,16.0,27.2,29.1,30.8,87.0,83.0,78.0,0.4,1.2,1.33,1001.0,1002.0,1001.0,2420.7999999999997,35.6,10.88,39.5,0.7999600019998999,7.3682894819073805,3.3747890756827696,24.208,27.0,0.0271999728000272,739.8399999999999,7921,0.16000000000000003,1000000,267.2,44.53333333333333,-1.0,-25.0,0.0
82,117.9,15.0,57.0,33.8,44.7,83,0.5,1000,90,27.2,0.0,1.2,2023,6,13,3,1,164,24,0.7071067811865476,0.7071067811865476,1.2246467991473532e-16,-1.0,0.7818314824680298,0.6234898018587336,2,3,0,16.0,17.0,21.0,58.0,48.0,33.0,20.0,6.082762530299301,27.0,16.0,30.0,16.492422502470383,58.0,16.0,42.5,18.392192019243392,65.0,16.0,44.166666666666664,16.931233465600545,78.0,16.0,27.2,28.1,30.4,89.0,85.0,80.0,0.4,0.8,0.66,1000.0,1001.0,1001.0,2448.0,108.0,32.64,41.5,0.7987929351202628,7.8594760349310056,3.79974668355443,24.48,26.599999999999998,0.0271999728000272,739.8399999999999,8100,1.44,1000000,295.4,49.23333333333333,11.0,6.0,0.0
69,117.9,14.0,60.0,26.3,46.0,87,0.5,1000,91,27.2,0.0,1.6,2023,6,13,4,1,164,24,0.8660254037844386,0.5000000000000001,1.2246467991473532e-16,-1.0,0.7818314824680298,0.6234898018587336,2,3,0,27.0,16.0,17.0,58.0,46.0,24.0,21.333333333333332,5.507570547287249,27.0,16.0,23.833333333333332,9.261029460414045,41.0,16.0,40.416666666666664,19.35063228158095,65.0,16.0,44.041666666666664,17.09685749580575,78.0,16.0,27.2,27.2,30.0,90.0,87.0,81.0,1.2,0.4,1.2,1000.0,1001.0,1002.0,2475.2,145.6,43.52,43.5,0.79844872818524,8.42082708377973,4.285408185129634,24.752,26.4,0.0271999728000272,739.8399999999999,8281,2.5600000000000005,1000000,285.20000000000005,47.53333333333334,-6.0,4.0,0.0
69,128.4,16.0,57.7,26.3,56.7,79,0.5,1000,91,27.5,0.0,0.8,2023,6,13,5,1,164,24,0.9659258262890683,0.25881904510252074,1.2246467991473532e-16,-1.0,0.7818314824680298,0.6234898018587336,2,3,0,21.0,27.0,16.0,41.0,65.0,28.0,23.0,3.4641016151394814,27.0,21.0,20.5,3.885871845543743,27.0,16.0,36.75,18.415038320992693,65.0,16.0,43.75,17.43871255718664,78.0,16.0,27.2,27.2,29.1,91.0,89.0,83.0,1.6,0.4,1.2,1000.0,1000.0,1002.0,2502.5,72.8,22.0,39.5,0.79844872818524,8.024498468845698,3.6060246234610336,25.025,27.1,0.0274999725000275,756.25,8281,0.6400000000000001,1000000,306.1,51.01666666666667,0.0,5.0,0.3000000000000007
139,138.9,18.0,55.3,62.5,67.3,70,0.5,1001,90,27.7,0.6,1.6,2023,6,13,6,1,164,24,1.0,6.123233995736766e-17,1.2246467991473532e-16,-1.0,0.7818314824680298,0.6234898018587336,2,0,0,21.0,21.0,27.0,21.0,65.0,37.0,30.666666666666668,16.743157806499415,50.0,21.0,25.333333333333332,12.69120430324314,50.0,16.0,35.5,16.757630555009108,58.0,16.0,44.291666666666664,17.421823312622507,78.0,16.0,27.5,27.2,28.1,91.0,90.0,85.0,0.8,1.2,0.8,1000.0,1000.0,1001.0,2493.0,144.0,44.32,35.0,0.7999872002047967,7.716237986778512,3.0720515526915166,24.93,26.9,0.0276723000276723,767.29,8100,2.5600000000000005,1002001,392.0,65.33333333333333,29.0,23.0,0.1999999999999993
139,149.4,20.0,53.0,62.5,78.0,62,0.5,1001,89,28.0,0.8,1.2,2023,6,13,7,1,164,24,0.9659258262890683,-0.25881904510252063,1.2246467991473532e-16,-1.0,0.7818314824680298,0.6234898018587336,2,0,0,50.0,21.0,21.0,17.0,55.0,36.0,40.333333333333336,16.743157806499298,50.0,21.0,30.833333333333332,15.250136611409692,50.0,16.0,35.083333333333336,16.284171530177254,58.0,16.0,44.875,17.366415614753468,78.0,16.0,27.7,27.2,27.2,90.0,91.0,87.0,1.6,1.6,0.4,1001.0,1000.0,1001.0,2492.0,106.8,33.6,31.0,0.7999872002047967,7.469626518674066,2.6498675066246684,24.92,27.4,0.027972000027972,784.0,7921,1.44,1002001,412.9,68.81666666666666,0.0,29.0,0.3000000000000007
155,142.4,16.3,73.0,73.8,71.0,66,1.0,1001,83,29.2,1.3,1.0,2023,6,13,8,1,164,24,0.8660254037844387,-0.4999999999999998,1.2246467991473532e-16,-1.0,0.7818314824680298,0.6234898018587336,2,0,0,50.0,50.0,21.0,16.0,41.0,43.0,53.0,5.196152422706642,59.0,50.0,38.0,16.899704139421882,59.0,21.0,36.583333333333336,17.650435654336462,59.0,16.0,45.541666666666664,17.59688501749233,78.0,16.0,28.0,27.5,27.2,89.0,91.0,89.0,1.2,0.8,0.4,1001.0,1000.0,1000.0,2423.6,83.0,29.2,66.0,0.799447161962575,8.735660388933194,4.478252867922213,24.236,28.7,0.0291708000291708,852.64,6889,1.0,1002001,435.5,72.58333333333333,9.0,38.0,1.1999999999999993
123,135.4,12.7,93.0,55.0,64.0,70,0.5,1001,76,30.4,2.1,2.0,2023,6,13,9,1,164,24,0.7071067811865476,-0.7071067811865475,1.2246467991473532e-16,-1.0,0.7818314824680298,0.6234898018587336,2,0,0,59.0,50.0,50.0,27.0,58.0,41.0,51.0,7.54983443527081,59.0,44.0,40.833333333333336,16.092441289831083,59.0,21.0,35.416666666666664,16.533483014962506,59.0,16.0,45.666666666666664,17.57386069451304,78.0,16.0,29.2,27.7,27.2,83.0,90.0,90.0,1.0,1.6,1.2,1001.0,1001.0,1000.0,2310.4,152.0,60.8,35.0,0.7999854548099126,10.6605779072514,7.322258089914181,23.104,29.4,0.0303696000303696,924.16,5776,4.0,1002001,404.1,67.35000000000001,-15.0,-6.0,1.1999999999999993
93,128.4,9.0,113.0,40.0,57.0,75,0.5,1002,71,31.6,2.9,3.0,2023,6,13,10,1,164,24,0.49999999999999994,-0.8660254037844387,1.2246467991473532e-16,-1.0,0.7818314824680298,0.6234898018587336,2,0,0,44.0,59.0,50.0,21.0,58.0,57.0,45.0,13.527749258468805,59.0,32.0,42.666666666666664,13.851594372730553,59.0,21.0,33.25,14.930901452417775,59.0,16.0,44.625,17.613760677873323,78.0,16.0,30.4,28.0,27.2,76.0,89.0,91.0,2.0,1.2,1.6,1001.0,1001.0,1000.0,2243.6,213.0,94.80000000000001,37.5,0.7999800004999875,14.265081657593603,12.554160648816799,22.436,30.1,0.031536894673757816,998.5600000000001,5041,9.0,1004004,379.4,63.23333333333333,-12.0,-18.0,1.2000000000000028
93,137.9,11.7,128.3,40.0,73.0,75,0.5,1001,67,32.3,3.6,2.0,2023,6,13,11,1,164,24,0.258819045102521,-0.9659258262890682,1.2246467991473532e-16,-1.0,0.7818314824680298,0.6234898018587336,2,0,0,32.0,44.0,59.0,21.0,41.0,70.0,36.0,6.928203230276011,44.0,32.0,44.5,10.802777420644862,59.0,32.0,32.5,14.730919862655998,59.0,16.0,43.041666666666664,16.928183771365028,78.0,16.0,31.6,29.2,27.5,71.0,83.0,91.0,3.0,1.0,0.8,1002.0,1001.0,1000.0,2164.1,134.0,64.6,37.5,0.7999800004999875,11.785317494231265,10.964874797025898,21.641,31.299999999999997,0.0322677000322677,1043.2899999999997,4489,4.0,1002001,422.9,70.48333333333333,0.0,-27.0,0.6999999999999957
93,147.5,14.3,143.7,40.0,89.0,75,0.5,1000,63,33.0,3.7,1.0,2023,6,13,12,1,164,24,1.2246467991473532e-16,-1.0,1.2246467991473532e-16,-1.0,0.7818314824680298,0.6234898018587336,2,1,0,32.0,32.0,44.0,50.0,21.0,78.0,32.0,0.0,32.0,32.0,41.5,11.449890829173604,59.0,32.0,33.416666666666664,14.285773809399556,59.0,16.0,41.125,15.326341348490159,65.0,16.0,32.3,30.4,27.7,67.0,76.0,90.0,2.0,2.0,1.6,1001.0,1001.0,1001.0,2079.0,63.0,33.0,37.5,0.7999800004999875,10.31396405845745,10.048248374239563,20.79,32.5,0.032999967000033,1089.0,3969,1.0,1000000,466.5,77.75,0.0,-12.0,0.7000000000000028
99,157.0,17.0,159.0,31.3,105.0,75,0.0,1000,60,33.7,3.5,1.2,2023,6,13,13,1,164,24,-0.2588190451025208,-0.9659258262890683,1.2246467991473532e-16,-1.0,0.7818314824680298,0.6234898018587336,2,1,0,32.0,32.0,32.0,50.0,17.0,49.0,29.666666666666668,4.041451884328553,32.0,25.0,37.333333333333336,12.258330500792495,59.0,25.0,34.083333333333336,13.621228974944653,59.0,16.0,40.125,15.571189952015333,65.0,16.0,33.0,31.6,28.0,63.0,71.0,89.0,1.0,3.0,1.2,1000.0,1002.0,1001.0,2022.0000000000002,72.0,40.440000000000005,0.0,0.7986965272674994,9.234750897006057,9.352391035821421,20.220000000000002,33.1,0.033699966300033704,1135.6900000000003,3600,1.44,1000000,494.3,82.38333333333334,-7.0,-7.0,0.7000000000000028
89,182.1,27.3,141.3,37.5,128.0,75,0.0,999,57,33.9,2.9,0.8,2023,6,13,14,1,164,24,-0.4999999999999997,-0.8660254037844388,1.2246467991473532e-16,-1.0,0.7818314824680298,0.6234898018587336,2,1,0,25.0,32.0,32.0,59.0,16.0,39.0,29.0,3.60555127546534,32.0,25.0,32.5,6.252999280344743,44.0,25.0,35.25,12.483625638847958,59.0,21.0,39.75,15.707240091892398,65.0,16.0,33.7,32.3,29.2,60.0,67.0,83.0,1.2,2.0,1.0,1000.0,1001.0,1001.0,1932.3,45.6,27.12,0.0,0.7999786672355405,6.670085344859162,5.175634592139482,19.323,33.5,0.0339338999660661,1149.2099999999998,3249,0.6400000000000001,998001,546.2,91.03333333333335,5.0,-2.0,0.19999999999999574
100,207.2,37.7,123.7,43.8,151.0,75,0.0,999,54,34.0,2.8,1.2,2023,6,13,15,1,164,24,-0.7071067811865471,-0.7071067811865479,1.2246467991473532e-16,-1.0,0.7818314824680298,0.6234898018587336,2,1,0,30.0,25.0,32.0,44.0,27.0,48.0,30.0,5.000000000000934,35.0,25.0,31.0,3.3466401061350415,35.0,25.0,35.916666666666664,12.213690778148733,59.0,21.0,39.208333333333336,15.634352273583216,65.0,16.0,33.9,33.0,30.4,57.0,63.0,76.0,0.8,1.0,2.0,999.0,1000.0,1001.0,1836.0,64.8,40.8,0.0,0.7990685144174792,5.495875440969735,3.2810800774515263,18.36,33.4,0.034033999965966004,1156.0,2916,1.44,998001,598.4,99.73333333333333,5.0,3.0,0.10000000000000142
82,232.3,48.0,106.0,33.8,174.0,75,2.5,998,51,34.2,1.4,0.4,2023,6,13,16,1,164,24,-0.8660254037844385,-0.5000000000000004,1.2246467991473532e-16,-1.0,0.7818314824680298,0.6234898018587336,2,1,0,35.0,30.0,25.0,32.0,21.0,46.0,30.666666666666668,4.041451884328504,35.0,27.0,30.166666666666668,3.6560452221844932,35.0,25.0,36.416666666666664,11.657680521935234,59.0,21.0,38.416666666666664,15.75606623457802,65.0,16.0,34.0,33.7,31.6,54.0,60.0,71.0,1.2,1.2,3.0,999.0,1000.0,1002.0,1744.2,20.400000000000002,13.680000000000001,187.5,0.7987929351202628,4.839482510781026,2.208287327347347,17.442,34.0,0.03426850273697121,1169.64,2601,0.16000000000000003,996004,621.1,103.51666666666667,-8.0,2.0,0.20000000000000284
115,249.8,58.3,86.3,51.3,161.7,75,6.0,999,61,32.0,0.8,0.66,2023,6,13,17,1,164,24,-0.9659258262890683,-0.25881904510252063,1.2246467991473532e-16,-1.0,0.7818314824680298,0.6234898018587336,2,1,0,27.0,35.0,30.0,32.0,21.0,65.0,34.333333333333336,7.023769168569037,41.0,27.0,31.666666666666668,5.785038173310386,41.0,25.0,38.083333333333336,10.638338330032347,59.0,25.0,37.416666666666664,14.72329318864649,65.0,16.0,34.2,33.9,32.3,51.0,57.0,67.0,0.4,0.8,2.0,998.0,999.0,1001.0,1952.0,40.260000000000005,21.12,450.0,0.7992046938656168,4.284660640469289,1.480249052331864,19.52,31.67,0.032031999967968,1024.0,3721,0.43560000000000004,998001,648.4000000000001,108.06666666666668,14.0,11.0,-2.200000000000003
107,267.3,68.7,66.7,47.5,149.3,75,0.5,1000,73,29.9,0.6,1.33,2023,6,13,18,1,164,24,-1.0,-1.8369701987210297e-16,1.2246467991473532e-16,-1.0,0.7818314824680298,0.6234898018587336,2,2,0,41.0,27.0,35.0,32.0,50.0,65.0,35.333333333333336,7.371114795832486,41.0,27.0,32.666666666666664,6.345602151621118,41.0,25.0,37.083333333333336,9.958626533023288,59.0,25.0,36.291666666666664,13.505165410080192,59.0,16.0,32.0,34.0,33.0,61.0,54.0,63.0,0.66,1.2,1.0,999.0,999.0,1000.0,2182.7,97.09,39.767,37.5,0.7999831582493001,3.8907730600719055,0.9708737864077669,21.826999999999998,29.235,0.0298999701000299,894.0099999999999,5329,1.7689000000000001,1000000,637.5,106.25,-3.0,3.0,-2.1000000000000014
54,284.8,79.0,47.0,17.5,137.0,75,3.75,1001,87,27.7,0.0,2.0,2023,6,13,19,1,164,24,-0.9659258262890684,0.2588190451025203,1.2246467991473532e-16,-1.0,0.7818314824680298,0.6234898018587336,2,2,0,38.0,41.0,27.0,25.0,50.0,55.0,31.0,14.798648586949046,41.0,14.0,30.833333333333332,9.703951085339321,41.0,14.0,34.083333333333336,11.073788325536155,59.0,14.0,34.583333333333336,13.628348544778781,59.0,14.0,29.9,34.2,33.7,73.0,51.0,60.0,1.33,0.4,1.2,1000.0,998.0,1000.0,2409.9,174.0,55.4,281.25,0.7999542883263813,3.605017658004329,0.5949291781116695,24.099,26.7,0.0276723000276723,767.29,7569,4.0,1002001,579.3,96.55,-24.0,-13.0,-2.1999999999999993
54,289.1,75.7,46.0,17.5,139.0,83,7.75,1002,89,27.3,0.0,1.33,2023,6,13,20,1,164,24,-0.8660254037844386,0.5000000000000001,1.2246467991473532e-16,-1.0,0.7818314824680298,0.6234898018587336,2,2,0,14.0,38.0,41.0,30.0,59.0,41.0,22.0,13.856406460551474,38.0,14.0,28.166666666666668,11.923366415012904,41.0,14.0,30.333333333333332,9.35495331442891,44.0,14.0,33.458333333333336,14.178916272644722,59.0,14.0,27.7,32.0,33.9,87.0,61.0,57.0,2.0,0.66,0.8,1001.0,999.0,999.0,2429.7000000000003,118.37,36.309000000000005,643.25,0.7999542883263813,3.818972008295795,0.6076537958547442,24.297000000000004,26.635,0.02724548179093634,745.2900000000001,7921,1.7689000000000001,1004004,581.3,96.88333333333333,0.0,-27.0,-0.3999999999999986
61,293.4,72.3,45.0,21.3,141.0,91,6.5,1002,92,26.9,0.0,0.66,2023,6,13,21,1,164,24,-0.7071067811865477,0.7071067811865474,1.2246467991473532e-16,-1.0,0.7818314824680298,0.6234898018587336,2,2,0,14.0,14.0,38.0,35.0,44.0,58.0,15.0,1.7320508075733467,17.0,14.0,25.166666666666668,12.1229809315472,41.0,14.0,28.083333333333332,9.00967493443772,41.0,14.0,31.75,13.549426427776984,59.0,14.0,27.3,29.9,34.0,89.0,73.0,54.0,1.33,1.33,1.2,1002.0,1000.0,999.0,2474.7999999999997,60.720000000000006,17.754,591.5,0.7980845969672785,4.058035158573187,0.6223980304560103,24.747999999999998,26.57,0.026846280592534338,723.6099999999999,8464,0.43560000000000004,1004004,590.0,98.33333333333333,3.0,-21.0,-0.40000000000000213
54,297.6,69.0,44.0,17.5,143.0,100,6.5,1003,94,26.5,0.0,0.8,2023,6,13,22,1,164,24,-0.5000000000000004,0.8660254037844384,1.2246467991473532e-16,-1.0,0.7818314824680298,0.6234898018587336,2,3,0,17.0,14.0,14.0,27.0,32.0,58.0,15.0,1.7320508075733467,17.0,14.0,23.0,12.868566353715936,41.0,14.0,26.583333333333332,9.765042785674495,41.0,14.0,29.916666666666668,12.799173433457018,59.0,14.0,26.9,27.7,34.2,92.0,87.0,51.0,0.66,2.0,0.4,1002.0,1001.0,998.0,2491.0,75.2,21.200000000000003,650.0,0.7999542883263813,4.312980971290271,0.6376719177982927,24.91,26.1,0.026420711444953695,702.25,8836,0.6400000000000001,1006009,585.1,97.51666666666667,-3.0,0.0,-0.3999999999999986
54,262.8,56.0,49.0,17.5,110.3,100,4.0,1003,94,26.5,0.0,0.8,2023,6,13,23,1,164,24,-0.25881904510252157,0.9659258262890681,1.2246467991473532e-16,-1.0,0.7818314824680298,0.6234898018587336,2,3,0,14.0,17.0,14.0,41.0,32.0,41.0,15.0,1.7320508075733467,17.0,14.0,18.5,9.628083921528152,38.0,14.0,25.083333333333332,10.228821431561935,41.0,14.0,28.791666666666668,12.968118654965988,59.0,14.0,26.5,27.3,32.0,94.0,89.0,61.0,0.8,1.33,0.66,1003.0,1002.0,999.0,2491.0,75.2,21.200000000000003,400.0,0.7999542883263813,4.6927733433331555,0.874984375279013,24.91,26.1,0.026420711444953695,702.25,8836,0.6400000000000001,1006009,509.6,84.93333333333334,0.0,0.0,0.0
65,228.0,43.0,54.0,23.8,77.7,100,1.75,1003,94,26.6,0.0,1.2,2023,6,14,0,2,165,24,0.0,1.0,1.2246467991473532e-16,-1.0,0.9749279121818236,-0.22252093395631434,2,3,0,14.0,14.0,17.0,38.0,32.0,21.0,15.666666666666666,2.8867513459507643,19.0,14.0,15.333333333333334,2.160246899466568,19.0,14.0,24.0,10.117491604327094,41.0,14.0,28.708333333333332,13.026658841764133,59.0,14.0,26.5,26.9,29.9,94.0,92.0,73.0,0.8,0.66,1.33,1003.0,1002.0,1000.0,2500.4,112.8,31.92,175.0,0.7982857863114995,5.302202274365713,1.2557847491918794,25.004,26.0,0.02652041224285918,707.5600000000001,8836,1.44,1006009,445.5,74.25,5.0,2.0,0.10000000000000142
61,193.2,30.0,59.0,21.3,45.0,100,1.75,1002,94,26.6,0.0,1.2,2023,6,14,1,2,165,24,0.25881904510252074,0.9659258262890683,1.2246467991473532e-16,-1.0,0.9749279121818236,-0.22252093395631434,2,3,0,19.0,14.0,14.0,14.0,25.0,17.0,16.666666666666668,2.5166114784265257,19.0,14.0,15.833333333333334,2.1369760566405573,19.0,14.0,23.333333333333332,10.307396579273407,41.0,14.0,28.708333333333332,13.026658841764133,59.0,14.0,26.6,26.5,27.7,94.0,94.0,87.0,1.2,0.8,2.0,1003.0,1003.0,1001.0,2500.4,112.8,31.92,175.0,0.7980845969672785,6.439785340488649,1.9666011132962233,25.004,26.0,0.02654687969373284,707.5600000000001,8836,1.44,1004004,365.5,60.916666666666664,-2.0,3.0,0.0
52,179.2,25.0,59.7,16.3,41.3,100,0.75,1002,94,26.6,0.0,1.6,2023,6,14,2,2,165,24,0.49999999999999994,0.8660254037844387,1.2246467991473532e-16,-1.0,0.9749279121818236,-0.22252093395631434,2,3,0,17.0,19.0,14.0,14.0,30.0,16.0,16.333333333333332,3.05505046330634,19.0,13.0,15.666666666666666,2.3380903888975277,19.0,13.0,21.916666666666668,10.474717035304097,41.0,13.0,28.583333333333332,13.167538037576195,59.0,13.0,26.6,26.5,27.3,94.0,94.0,89.0,1.2,0.8,1.33,1002.0,1003.0,1002.0,2500.4,150.4,42.56,75.0,0.7974970860683392,7.16771329146834,2.3879044838206474,25.004,25.8,0.02654687969373284,707.5600000000001,8836,2.5600000000000005,1004004,334.5,55.75,-4.0,-1.0,0.0
152,165.2,20.0,60.3,71.3,37.7,100,1.5,1002,93,26.7,0.0,1.6,2023,6,14,3,2,165,24,0.7071067811865476,0.7071067811865476,1.2246467991473532e-16,-1.0,0.9749279121818236,-0.22252093395631434,2,3,0,13.0,17.0,19.0,17.0,35.0,27.0,29.0,24.33105012119308,57.0,13.0,22.333333333333332,17.130868824045567,57.0,13.0,23.75,14.226256135623192,57.0,13.0,29.833333333333332,14.378929834602003,59.0,13.0,26.6,26.6,26.9,94.0,94.0,92.0,1.6,1.2,0.66,1002.0,1003.0,1002.0,2483.1,148.8,42.72,150.0,0.7994277780115285,8.259587020648967,3.0148492575371226,24.831,25.9,0.02664667999333334,712.89,8649,2.5600000000000005,1004004,411.5,68.58333333333333,44.0,38.0,0.09999999999999787
152,151.2,15.0,61.0,71.3,34.0,100,1.5,1002,93,26.7,0.0,1.2,2023,6,14,4,2,165,24,0.8660254037844386,0.5000000000000001,1.2246467991473532e-16,-1.0,0.9749279121818236,-0.22252093395631434,2,3,0,57.0,13.0,17.0,14.0,27.0,21.0,42.333333333333336,25.403411844343623,57.0,13.0,29.5,21.407942451342475,57.0,13.0,26.25,17.178871801245542,57.0,13.0,31.333333333333332,15.267660242334594,59.0,13.0,26.7,26.6,26.5,93.0,94.0,94.0,1.6,1.2,0.8,1002.0,1002.0,1003.0,2483.1,111.6,32.04,150.0,0.7994277780115285,10.079328044797013,4.066395573628425,24.831,26.099999999999998,0.02664667999333334,712.89,8649,1.44,1004004,389.5,64.91666666666667,0.0,40.0,0.0
67,182.9,22.3,55.7,25.0,52.0,91,1.5,1003,92,26.8,0.0,0.8,2023,6,14,5,2,165,24,0.9659258262890683,0.25881904510252074,1.2246467991473532e-16,-1.0,0.9749279121818236,-0.22252093395631434,2,3,0,57.0,57.0,13.0,14.0,41.0,21.0,44.666666666666664,21.361959960016236,57.0,20.0,30.5,20.666397847713846,57.0,13.0,24.5,16.59956187811737,57.0,13.0,31.291666666666668,15.298420397762273,59.0,13.0,26.7,26.6,26.5,93.0,94.0,94.0,1.2,1.6,0.8,1002.0,1002.0,1003.0,2465.6,73.60000000000001,21.44,136.5,0.7999680012799487,8.201425945024887,2.497645845477781,24.656,26.400000000000002,0.026719813838670153,718.24,8464,0.6400000000000001,1006009,357.90000000000003,59.650000000000006,-37.0,7.0,0.10000000000000142
67,214.6,29.7,50.3,25.0,70.0,83,0.75,1004,92,26.9,0.6,0.8,2023,6,14,6,2,165,24,1.0,6.123233995736766e-17,1.2246467991473532e-16,-1.0,0.9749279121818236,-0.22252093395631434,2,0,0,20.0,57.0,57.0,19.0,38.0,50.0,32.333333333333336,21.36195996001635,57.0,20.0,30.666666666666668,20.558858593478824,57.0,13.0,23.0,16.073693924037165,57.0,13.0,30.041666666666668,14.924386715727437,59.0,13.0,26.8,26.7,26.6,92.0,93.0,94.0,0.8,1.6,1.2,1003.0,1002.0,1003.0,2474.7999999999997,73.60000000000001,21.52,62.25,0.7999680012799487,7.22534594794788,1.6935456718629,24.747999999999998,26.5,0.026792801999201196,723.6099999999999,8464,0.6400000000000001,1008016,409.59999999999997,68.26666666666667,0.0,-37.0,0.09999999999999787
69,246.3,37.0,45.0,26.3,88.0,75,1.75,1004,91,27.0,0.8,0.8,2023,6,14,7,2,165,24,0.9659258262890683,-0.25881904510252063,1.2246467991473532e-16,-1.0,0.9749279121818236,-0.22252093395631434,2,0,0,20.0,20.0,57.0,17.0,14.0,50.0,20.333333333333332,0.5773502692010323,21.0,20.0,31.333333333333332,20.086479698211388,57.0,13.0,23.583333333333332,15.842740427161493,57.0,13.0,28.833333333333332,14.403099505395373,59.0,13.0,26.9,26.7,26.6,92.0,93.0,94.0,0.8,1.2,1.2,1004.0,1002.0,1002.0,2457.0,72.8,21.6,131.25,0.79844872818524,6.6565768492743445,1.2161833463960434,24.57,26.6,0.02689240349362202,729.0,8281,0.6400000000000001,1008016,463.6,77.26666666666667,1.0,-36.0,0.10000000000000142
80,225.5,30.3,73.0,32.5,89.7,83,1.75,1004,88,27.5,1.3,0.66,2023,6,14,8,2,165,24,0.8660254037844387,-0.4999999999999998,1.2246467991473532e-16,-1.0,0.9749279121818236,-0.22252093395631434,2,0,0,21.0,20.0,20.0,13.0,14.0,59.0,22.333333333333332,3.2145502536662454,26.0,20.0,33.5,18.338484124921344,57.0,20.0,24.583333333333332,15.559027390339224,57.0,13.0,27.458333333333332,12.894148206493353,57.0,13.0,27.0,26.8,26.6,91.0,92.0,94.0,0.8,0.8,1.6,1004.0,1003.0,1002.0,2420.0,58.080000000000005,18.150000000000002,145.25,0.7999753853727578,7.441998613907131,2.4091614138147253,24.2,27.17,0.02739041096572613,756.25,7744,0.43560000000000004,1008016,477.0,79.5,5.0,6.0,0.5
80,204.6,23.7,101.0,32.5,91.3,91,1.5,1005,86,28.0,2.1,1.33,2023,6,14,9,2,165,24,0.7071067811865476,-0.7071067811865475,1.2246467991473532e-16,-1.0,0.9749279121818236,-0.22252093395631434,2,0,0,26.0,21.0,20.0,57.0,17.0,44.0,24.333333333333332,2.886751345950139,26.0,21.0,28.333333333333332,14.320148975016206,57.0,20.0,25.333333333333332,15.376093210703274,57.0,13.0,26.708333333333332,12.40434414321005,57.0,13.0,27.5,26.9,26.7,88.0,92.0,93.0,0.66,0.8,1.6,1004.0,1004.0,1002.0,2408.0,114.38000000000001,37.24,136.5,0.7999753853727578,8.632547149909286,4.261423568625796,24.08,27.335,0.027860668795354433,784.0,7396,1.7689000000000001,1010025,479.09999999999997,79.85,0.0,6.0,0.5
76,183.8,17.0,129.0,30.0,93.0,100,1.0,1005,83,28.5,2.9,2.0,2023,6,14,10,2,165,24,0.49999999999999994,-0.8660254037844387,1.2246467991473532e-16,-1.0,0.9749279121818236,-0.22252093395631434,2,0,0,26.0,26.0,21.0,57.0,14.0,32.0,25.333333333333332,1.1547005383841087,26.0,24.0,22.833333333333332,2.8577380332452686,26.0,20.0,26.166666666666668,14.971690457376816,57.0,13.0,26.375,12.363383876171048,57.0,13.0,28.0,27.0,26.7,86.0,91.0,93.0,1.33,0.8,1.2,1005.0,1004.0,1002.0,2365.5,166.0,57.0,100.0,0.7999733342221925,10.811128757131934,7.587788953590965,23.655,27.5,0.02835818073812862,812.25,6889,4.0,1010025,476.8,79.46666666666667,-2.0,3.0,0.5
86,178.2,15.7,149.0,26.3,102.7,100,0.75,1004,83,28.5,3.5,2.0,2023,6,14,11,2,165,24,0.258819045102521,-0.9659258262890682,1.2246467991473532e-16,-1.0,0.9749279121818236,-0.22252093395631434,2,0,0,24.0,26.0,26.0,20.0,14.0,32.0,23.666666666666668,2.516611478425941,26.0,21.0,23.0,2.6832815729978665,26.0,20.0,26.75,14.585952145814579,57.0,13.0,25.916666666666668,12.349675815729904,57.0,13.0,28.5,27.5,26.8,83.0,88.0,92.0,2.0,0.66,0.8,1005.0,1004.0,1003.0,2365.5,166.0,57.0,75.0,0.79844872818524,11.349595567161327,9.489841411375073,23.655,27.5,0.028386425909934353,812.25,6889,4.0,1008016,492.9,82.14999999999999,-3.0,-5.0,0.0
103,172.6,14.3,169.0,27.5,112.3,100,1.5,1004,82,28.6,3.8,2.0,2023,6,14,12,2,165,24,1.2246467991473532e-16,-1.0,1.2246467991473532e-16,-1.0,0.9749279121818236,-0.22252093395631434,2,1,0,21.0,24.0,26.0,20.0,19.0,32.0,22.333333333333332,1.5275252316559986,24.0,21.0,23.333333333333332,2.3380903888978803,26.0,21.0,27.0,14.466261689625284,57.0,13.0,25.5,12.30411737378293,57.0,13.0,28.5,28.0,26.9,83.0,86.0,92.0,2.0,1.33,0.8,1004.0,1005.0,1004.0,2345.2000000000003,164.0,57.2,150.0,0.7999709101487218,12.06908607789665,11.817355429690231,23.452,27.6,0.02848602740435518,817.96,6724,4.0,1008016,517.6999999999999,86.28333333333332,1.0,-4.0,0.10000000000000142
109,166.9,13.0,189.0,26.3,122.0,100,0.75,1003,81,28.6,3.6,2.0,2023,6,14,13,2,165,24,-0.2588190451025208,-0.9659258262890683,1.2246467991473532e-16,-1.0,0.9749279121818236,-0.22252093395631434,2,1,0,22.0,21.0,24.0,21.0,17.0,25.0,21.333333333333332,0.5773502692006771,22.0,21.0,23.333333333333332,2.3380903888978803,26.0,21.0,27.333333333333332,14.259499757471374,57.0,13.0,25.333333333333332,12.338228562397918,57.0,13.0,28.6,28.5,27.0,82.0,83.0,91.0,2.0,2.0,0.8,1004.0,1005.0,1004.0,2316.6,162.0,57.2,75.0,0.79844872818524,12.837474040458428,14.537343281286056,23.166,27.6,0.028514428200968896,817.96,6561,4.0,1006009,538.2,89.7,-1.0,-3.0,0.0
111,173.5,14.7,197.0,17.5,132.0,100,0.75,1003,80,28.9,3.4,2.0,2023,6,14,14,2,165,24,-0.4999999999999997,-0.8660254037844388,1.2246467991473532e-16,-1.0,0.9749279121818236,-0.22252093395631434,2,1,0,21.0,22.0,21.0,26.0,13.0,30.0,19.0,4.35889894354224,22.0,14.0,21.333333333333332,4.082482904637354,26.0,14.0,27.416666666666668,14.170765895342388,57.0,14.0,24.666666666666668,12.506230331376834,57.0,13.0,28.6,28.5,27.5,81.0,83.0,88.0,2.0,2.0,0.66,1003.0,1004.0,1004.0,2312.0,160.0,57.8,75.0,0.7999542883263813,11.801918236854636,13.400448949051086,23.12,27.9,0.02881353059468535,835.2099999999999,6400,4.0,1006009,548.7,91.45,-7.0,-7.0,0.29999999999999716
113,180.1,16.3,205.0,22.5,142.0,100,0.75,1002,78,29.3,2.1,2.0,2023,6,14,15,2,165,24,-0.7071067811865471,-0.7071067811865479,1.2246467991473532e-16,-1.0,0.9749279121818236,-0.22252093395631434,2,1,0,14.0,21.0,22.0,26.0,57.0,35.0,17.666666666666668,3.511884584286263,21.0,14.0,20.0,3.5213633723302844,24.0,14.0,24.166666666666668,10.853012429177056,57.0,14.0,23.958333333333332,12.37627171038499,57.0,13.0,28.9,28.6,28.0,80.0,82.0,86.0,2.0,2.0,1.33,1003.0,1004.0,1005.0,2285.4,156.0,58.6,75.0,0.7999644460246211,11.048401938531377,12.575915588000735,22.854,28.3,0.029241487782946326,858.49,6084,4.0,1004004,583.9,97.31666666666666,4.0,-4.0,0.40000000000000213
116,186.8,18.0,213.0,25.0,152.0,100,0.0,1002,77,29.6,1.4,2.0,2023,6,14,16,2,165,24,-0.8660254037844385,-0.5000000000000004,1.2246467991473532e-16,-1.0,0.9749279121818236,-0.22252093395631434,2,1,0,18.0,14.0,21.0,24.0,57.0,27.0,17.333333333333332,3.055050463306234,20.0,14.0,19.333333333333332,2.9439202887741107,22.0,14.0,21.083333333333332,3.3154825052195798,26.0,14.0,23.666666666666668,12.383954087470613,57.0,13.0,29.3,28.6,28.5,78.0,81.0,83.0,2.0,2.0,2.0,1002.0,1003.0,1005.0,2279.2000000000003,154.0,59.2,0.0,0.7999680012799487,10.3772012665963,11.83267596244653,22.792,28.6,0.029540888681747826,876.1600000000001,5929,4.0,1004004,614.8,102.46666666666665,2.0,-1.0,0.3000000000000007
107,201.5,28.3,184.7,25.0,134.7,91,0.0,1002,77,29.4,1.0,1.33,2023,6,14,17,2,165,24,-0.9659258262890683,-0.25881904510252063,1.2246467991473532e-16,-1.0,0.9749279121818236,-0.22252093395631434,2,1,0,20.0,18.0,14.0,21.0,20.0,41.0,19.333333333333332,1.154700538385113,20.0,18.0,19.166666666666668,2.857738033245141,22.0,14.0,21.083333333333332,3.3154825052195798,26.0,14.0,22.791666666666668,11.835757049193619,57.0,13.0,29.6,28.9,28.5,77.0,80.0,83.0,2.0,2.0,2.0,1002.0,1003.0,1004.0,2263.7999999999997,102.41000000000001,39.102,0.0,0.7999680012799487,7.119889756545705,6.526271156496236,22.637999999999998,28.735,0.029341288082546824,864.3599999999999,5929,1.7689000000000001,1004004,594.2,99.03333333333335,0.0,6.0,-0.20000000000000284
95,216.3,38.7,156.3,27.5,117.3,83,0.0,1002,78,29.2,0.8,0.66,2023,6,14,18,2,165,24,-1.0,-1.8369701987210297e-16,1.2246467991473532e-16,-1.0,0.9749279121818236,-0.22252093395631434,2,2,0,20.0,20.0,18.0,22.0,20.0,38.0,20.666666666666668,1.1547005383848914,22.0,20.0,19.166666666666668,2.857738033245141,22.0,14.0,21.25,3.30633001707498,26.0,14.0,22.125,11.383865393808374,57.0,13.0,29.4,29.3,28.6,77.0,78.0,82.0,1.33,2.0,2.0,1002.0,1002.0,1004.0,2277.6,51.480000000000004,19.272000000000002,0.0,0.7999709101487218,5.589002868142942,4.038655331903569,22.776,28.87,0.029141687483345825,852.64,6084,0.43560000000000004,1004004,578.1,96.35000000000001,2.0,4.0,-0.1999999999999993
85,231.1,49.0,128.0,35.0,100.0,75,0.0,1003,79,29.0,0.0,0.8,2023,6,14,19,2,165,24,-0.9659258262890684,0.2588190451025203,1.2246467991473532e-16,-1.0,0.9749279121818236,-0.22252093395631434,2,2,0,22.0,20.0,20.0,21.0,21.0,14.0,23.333333333333332,4.163331998933708,28.0,20.0,20.333333333333332,4.633213427703937,28.0,14.0,21.833333333333332,3.833662699946691,28.0,14.0,22.708333333333332,11.307862469237437,57.0,13.0,29.2,29.6,28.6,78.0,77.0,81.0,0.66,2.0,2.0,1002.0,1002.0,1003.0,2291.0,63.2,23.200000000000003,0.0,0.7999771435101855,4.716230281014673,2.612191587926777,22.91,28.6,0.028913231392590836,841.0,6241,0.6400000000000001,1006009,571.1,95.18333333333334,6.0,8.0,-0.1999999999999993
104,229.9,45.0,120.7,46.3,85.7,66,0.0,1003,82,28.2,0.0,0.33,2023,6,14,20,2,165,24,-0.8660254037844386,0.5000000000000001,1.2246467991473532e-16,-1.0,0.9749279121818236,-0.22252093395631434,2,2,0,28.0,22.0,20.0,14.0,26.0,14.0,29.0,7.549834435271401,37.0,22.0,24.166666666666668,7.167054253084519,37.0,18.0,22.75,5.754444922286528,37.0,14.0,23.666666666666668,11.51054966642292,57.0,13.0,29.0,29.4,28.9,79.0,77.0,80.0,0.8,1.33,2.0,1003.0,1002.0,1003.0,2312.4,27.060000000000002,9.306000000000001,0.0,0.799118809528952,5.108775360547543,2.6821626186084755,23.124000000000002,28.035,0.02811562500934695,795.24,6724,0.10890000000000001,1006009,564.6,94.10000000000001,9.0,17.0,-0.8000000000000007
129,228.8,41.0,113.3,57.5,71.3,58,0.25,1004,87,27.5,0.0,0.66,2023,6,14,21,2,165,24,-0.7071067811865477,0.7071067811865474,1.2246467991473532e-16,-1.0,0.9749279121818236,-0.22252093395631434,2,2,0,37.0,28.0,22.0,18.0,26.0,17.0,37.0,9.000000000000377,46.0,28.0,28.833333333333332,10.628577828978715,46.0,20.0,24.416666666666668,8.846759379295017,46.0,14.0,24.875,12.276922500649633,57.0,13.0,28.2,29.2,29.3,82.0,78.0,78.0,0.33,0.66,2.0,1003.0,1002.0,1002.0,2392.5,57.42,18.150000000000002,14.5,0.7999860871984835,5.580351698739055,2.763347235433282,23.925,27.17,0.02739041096572613,756.25,7569,0.43560000000000004,1008016,557.9,92.98333333333333,9.0,24.0,-0.6999999999999993
78,227.6,37.0,106.0,31.3,57.0,50,5.5,1005,91,26.7,0.0,1.0,2023,6,14,22,2,165,24,-0.5000000000000004,0.8660254037844384,1.2246467991473532e-16,-1.0,0.9749279121818236,-0.22252093395631434,2,3,0,46.0,37.0,28.0,20.0,24.0,14.0,36.0,10.53565375285308,46.0,25.0,29.666666666666668,9.973297682645299,46.0,20.0,24.5,8.84718753461913,46.0,14.0,25.333333333333332,12.056629663408449,57.0,13.0,27.5,29.0,29.6,87.0,79.0,77.0,0.66,0.8,2.0,1004.0,1003.0,1002.0,2429.7,91.0,26.7,275.0,0.7986965272674994,6.1511851031053215,2.8647874381773466,24.296999999999997,26.2,0.026567137744141548,712.89,8281,1.0,1010025,483.90000000000003,80.65,-21.0,-3.0,-0.8000000000000007
46,227.0,35.3,97.7,13.8,57.7,50,6.25,1005,92,26.5,0.0,0.66,2023,6,14,23,2,165,24,-0.25881904510252157,0.9659258262890681,1.2246467991473532e-16,-1.0,0.9749279121818236,-0.22252093395631434,2,3,0,25.0,46.0,37.0,20.0,21.0,14.0,27.333333333333332,17.61628034896538,46.0,11.0,28.166666666666668,12.15593133686834,46.0,11.0,23.666666666666668,9.64207949405572,46.0,11.0,25.208333333333332,12.194008388537009,57.0,11.0,26.7,28.2,29.4,91.0,82.0,77.0,1.0,0.33,1.33,1005.0,1003.0,1002.0,2438.0,60.720000000000006,17.490000000000002,312.5,0.7970436924860518,6.430412736183112,2.767626979405683,24.38,26.17,0.026368132967031874,702.25,8464,0.43560000000000004,1010025,442.5,73.75,-14.0,-26.0,-0.1999999999999993
41,226.4,33.7,89.3,7.5,58.3,50,0.25,1004,93,26.4,0.0,0.33,2023,6,15,0,3,166,24,0.0,1.0,1.2246467991473532e-16,-1.0,0.43388373911755823,-0.900968867902419,2,3,0,11.0,25.0,46.0,22.0,22.0,19.0,14.0,9.848857801796903,25.0,6.0,25.5,15.16245362729893,46.0,6.0,22.333333333333332,10.915654591068188,46.0,6.0,24.666666666666668,12.757492825332353,57.0,6.0,26.5,27.5,29.2,92.0,87.0,78.0,0.66,0.66,0.66,1005.0,1004.0,1002.0,2455.2,30.69,8.712,12.5,0.7998933475536595,6.717901545948192,2.649773003768434,24.552,26.235,0.026294794527097085,696.9599999999999,8649,0.10890000000000001,1008016,421.20000000000005,70.2,-5.0,-40.0,-0.10000000000000142
50,225.9,32.0,81.0,15.0,59.0,50,0.5,1004,94,26.2,0.0,1.6,2023,6,15,1,3,166,24,0.25881904510252074,0.9659258262890683,1.2246467991473532e-16,-1.0,0.43388373911755823,-0.900968867902419,2,3,0,6.0,11.0,25.0,28.0,21.0,17.0,9.666666666666666,3.2145502536670296,12.0,6.0,22.833333333333332,16.017698544630456,46.0,6.0,21.583333333333332,11.317390747576326,46.0,6.0,24.458333333333332,12.927823606021487,57.0,6.0,26.4,26.7,29.0,93.0,91.0,79.0,0.33,1.0,0.8,1004.0,1005.0,1003.0,2462.7999999999997,150.4,41.92,25.0,0.7999466702219852,7.059154401424956,2.5311709009093466,24.627999999999997,25.4,0.02609559153825544,686.4399999999999,8836,2.5600000000000005,1008016,424.9,70.81666666666666,6.0,-13.0,-0.1999999999999993
46,216.5,27.0,82.3,13.8,54.7,58,0.5,1003,94,26.2,0.0,1.2,2023,6,15,2,3,166,24,0.49999999999999994,0.8660254037844387,1.2246467991473532e-16,-1.0,0.43388373911755823,-0.900968867902419,2,3,0,12.0,6.0,11.0,37.0,14.0,13.0,9.666666666666666,3.2145502536670296,12.0,6.0,18.5,14.89630826748658,46.0,6.0,21.333333333333332,11.53124871684285,46.0,6.0,24.375,13.011073878748881,57.0,6.0,26.2,26.5,28.2,94.0,92.0,82.0,1.6,0.66,0.33,1004.0,1005.0,1003.0,2462.7999999999997,112.8,31.439999999999998,29.0,0.7970436924860518,8.018221547350098,3.048035257953409,24.627999999999997,25.599999999999998,0.026121609051237237,686.4399999999999,8836,1.44,1006009,405.3,67.55,-1.0,0.0,0.0
69,207.2,22.0,83.7,26.3,50.3,66,0.25,1003,94,26.2,0.0,1.2,2023,6,15,3,3,166,24,0.7071067811865476,0.7071067811865476,1.2246467991473532e-16,-1.0,0.43388373911755823,-0.900968867902419,2,3,0,11.0,12.0,6.0,46.0,18.0,57.0,14.666666666666666,5.507570547287506,21.0,11.0,14.333333333333334,7.146094504458695,25.0,6.0,21.583333333333332,11.484838490440692,46.0,6.0,22.875,11.007161700259173,57.0,6.0,26.2,26.4,27.5,94.0,93.0,87.0,1.2,0.33,0.66,1003.0,1004.0,1004.0,2462.7999999999997,112.8,31.439999999999998,16.5,0.79844872818524,9.417753738466432,3.804372528521431,24.627999999999997,25.599999999999998,0.026121609051237237,686.4399999999999,8836,1.44,1006009,410.5,68.41666666666667,10.0,15.0,0.0
69,197.8,17.0,85.0,26.3,46.0,75,0.5,1003,94,26.2,0.0,0.8,2023,6,15,4,3,166,24,0.8660254037844386,0.5000000000000001,1.2246467991473532e-16,-1.0,0.43388373911755823,-0.900968867902419,2,3,0,21.0,11.0,12.0,25.0,20.0,57.0,17.666666666666668,5.773502691897496,21.0,11.0,13.666666666666666,6.055300708193989,21.0,6.0,21.666666666666668,11.475930014467785,46.0,6.0,21.375,8.266288268571955,46.0,6.0,26.2,26.2,26.7,94.0,94.0,91.0,1.2,1.6,1.0,1003.0,1004.0,1005.0,2462.7999999999997,75.2,20.96,37.5,0.79844872818524,11.63460972883948,4.9997058996529615,24.627999999999997,25.8,0.026121609051237237,686.4399999999999,8836,0.6400000000000001,1006009,393.1,65.51666666666667,0.0,9.0,0.0
69,183.3,17.0,86.3,26.3,41.7,75,0.5,1003,93,26.5,0.0,0.8,2023,6,15,5,3,166,24,0.9659258262890683,0.25881904510252074,1.2246467991473532e-16,-1.0,0.43388373911755823,-0.900968867902419,2,3,0,21.0,21.0,11.0,11.0,20.0,20.0,21.0,0.0,21.0,21.0,15.333333333333334,6.531972647420913,21.0,6.0,21.75,11.46635394217646,46.0,6.0,21.416666666666668,8.261575103356847,46.0,6.0,26.2,26.2,26.5,94.0,94.0,92.0,0.8,1.2,0.66,1003.0,1003.0,1005.0,2464.5,74.4,21.200000000000003,37.5,0.79844872818524,10.781718722428092,5.076171989882948,24.645,26.1,0.026420711444953695,702.25,8649,0.6400000000000001,1006009,375.6,62.6,0.0,10.0,0.3000000000000007
69,168.7,17.0,87.7,26.3,37.3,75,0.0,1003,92,26.7,0.8,0.8,2023,6,15,6,3,166,24,1.0,6.123233995736766e-17,1.2246467991473532e-16,-1.0,0.43388373911755823,-0.900968867902419,2,0,0,21.0,21.0,21.0,6.0,22.0,20.0,21.0,0.0,21.0,21.0,17.833333333333332,4.91596040124974,21.0,11.0,21.666666666666668,11.468005559605578,46.0,6.0,21.458333333333332,8.256639840109006,46.0,6.0,26.5,26.2,26.4,93.0,94.0,93.0,0.8,1.2,0.33,1003.0,1003.0,1004.0,2456.4,73.60000000000001,21.36,0.0,0.79844872818524,9.922945709075936,5.158520087053702,24.564,26.3,0.026620113040764667,712.89,8464,0.6400000000000001,1006009,358.0,59.666666666666664,0.0,0.0,0.1999999999999993
67,154.1,17.0,89.0,25.0,33.0,75,0.0,1004,91,27.0,1.0,1.2,2023,6,15,7,3,166,24,0.9659258262890683,-0.25881904510252063,1.2246467991473532e-16,-1.0,0.43388373911755823,-0.900968867902419,2,0,0,21.0,21.0,21.0,12.0,28.0,21.0,20.666666666666668,0.5773502692010102,21.0,20.0,19.166666666666668,4.020779360603587,21.0,11.0,21.0,11.297626460294946,46.0,6.0,21.416666666666668,8.261575103356847,46.0,6.0,26.7,26.2,26.2,92.0,94.0,94.0,0.8,0.8,1.6,1003.0,1003.0,1004.0,2457.0,109.2,32.4,0.0,0.7999680012799487,9.06417269572378,5.234986177283689,24.57,26.4,0.02689240349362202,729.0,8281,1.44,1008016,338.1,56.35,-1.0,-1.0,0.3000000000000007
85,154.1,17.3,94.0,35.0,41.0,62,0.0,1004,84,28.2,1.5,0.33,2023,6,15,8,3,166,24,0.8660254037844387,-0.4999999999999998,1.2246467991473532e-16,-1.0,0.43388373911755823,-0.900968867902419,2,0,0,20.0,21.0,21.0,11.0,37.0,26.0,23.0,4.358898943542079,28.0,20.0,22.0,2.9664793948365333,28.0,20.0,20.25,10.402141387932504,46.0,6.0,21.5,8.319698991210423,46.0,6.0,27.0,26.5,26.2,91.0,93.0,94.0,1.2,0.8,1.2,1004.0,1003.0,1003.0,2368.7999999999997,27.720000000000002,9.306000000000001,0.0,0.7999771435101855,8.906999595399109,5.433211953066296,23.688,28.035,0.028087621426671885,795.24,7056,0.10890000000000001,1008016,369.4,61.56666666666666,8.0,7.0,1.1999999999999993
87,154.1,17.7,99.0,36.3,49.0,50,0.0,1004,77,29.4,2.3,0.66,2023,6,15,9,3,166,24,0.7071067811865476,-0.7071067811865475,1.2246467991473532e-16,-1.0,0.43388373911755823,-0.900968867902419,2,0,0,28.0,20.0,21.0,21.0,46.0,26.0,25.666666666666668,4.932882862317385,29.0,20.0,23.333333333333332,4.033195589933209,29.0,20.0,18.833333333333332,7.259267848547993,29.0,6.0,21.625,8.412271057676758,46.0,6.0,28.2,26.7,26.2,84.0,92.0,94.0,0.33,0.8,1.2,1004.0,1003.0,1003.0,2263.7999999999997,50.82,19.404,0.0,0.798876064020275,8.705722840517485,5.5929043556861195,22.637999999999998,29.07,0.029282839359721754,864.3599999999999,5929,0.43560000000000004,1008016,385.09999999999997,64.18333333333332,1.0,8.0,1.1999999999999993
85,154.1,18.0,104.0,35.0,57.0,37,0.0,1004,71,30.6,3.2,1.0,2023,6,15,10,3,166,24,0.49999999999999994,-0.8660254037844387,1.2246467991473532e-16,-1.0,0.43388373911755823,-0.900968867902419,2,0,0,29.0,28.0,20.0,21.0,25.0,24.0,28.333333333333332,0.5773502691984527,29.0,28.0,24.5,4.2308391602600866,29.0,20.0,19.083333333333332,7.537281078784243,29.0,6.0,21.791666666666668,8.50053280512548,46.0,6.0,29.4,27.0,26.2,77.0,91.0,94.0,0.66,1.2,0.8,1004.0,1004.0,1003.0,2172.6,71.0,30.6,0.0,0.7999771435101855,8.560635520248875,5.777456807955113,21.726,30.1,0.030478057292771622,936.3600000000001,5041,1.0,1008016,396.1,66.01666666666667,-1.0,8.0,1.2000000000000028
72,151.5,16.0,124.0,27.5,63.0,33,0.0,1003,68,31.6,4.1,1.66,2023,6,15,11,3,166,24,0.258819045102521,-0.9659258262890682,1.2246467991473532e-16,-1.0,0.43388373911755823,-0.900968867902419,2,0,0,28.0,29.0,28.0,21.0,11.0,21.0,26.333333333333332,3.7859388972016297,29.0,22.0,24.666666666666668,4.082482904637443,29.0,20.0,20.0,7.122308103927099,29.0,6.0,21.833333333333332,8.498934289543072,46.0,6.0,30.6,28.2,26.5,71.0,84.0,93.0,1.0,0.33,0.8,1004.0,1004.0,1003.0,2148.8,112.88,52.456,0.0,0.7999709101487218,9.468158240109993,7.749515655271545,21.488000000000003,30.770000000000003,0.031505452138133466,998.5600000000001,4624,2.7556,1006009,404.0,67.33333333333333,-6.0,-6.0,1.0
82,149.0,14.0,144.0,33.8,69.0,29,0.5,1003,65,32.5,4.2,2.33,2023,6,15,12,3,166,24,1.2246467991473532e-16,-1.0,1.2246467991473532e-16,-1.0,0.43388373911755823,-0.900968867902419,2,1,0,22.0,28.0,29.0,21.0,6.0,22.0,25.666666666666668,3.214550253666062,28.0,22.0,25.666666666666668,3.723797345003779,29.0,20.0,21.75,5.832900416835536,29.0,11.0,22.041666666666668,8.564228773961707,46.0,6.0,31.6,29.4,26.7,68.0,77.0,92.0,1.66,0.66,0.8,1003.0,1004.0,1003.0,2112.5,151.45000000000002,75.72500000000001,14.5,0.7987929351202628,10.642096993071924,10.284979644311122,21.125,31.335,0.03240275931928283,1056.25,4225,5.4289000000000005,1006009,436.8,72.8,5.0,-2.0,0.8999999999999986
101,146.5,12.0,164.0,37.5,75.0,25,0.0,1002,63,33.5,4.3,3.0,2023,6,15,13,3,166,24,-0.2588190451025208,-0.9659258262890683,1.2246467991473532e-16,-1.0,0.43388373911755823,-0.900968867902419,2,1,0,27.0,22.0,28.0,20.0,12.0,21.0,26.333333333333332,4.041451884328736,30.0,22.0,27.333333333333332,2.804757862393394,30.0,22.0,23.25,5.395705362937201,30.0,11.0,22.416666666666668,8.712393305025284,46.0,6.0,32.5,30.6,27.0,65.0,71.0,91.0,2.33,1.0,1.2,1003.0,1004.0,1004.0,2110.5,189.0,100.5,0.0,0.7999786672355405,12.207316056995252,13.665527872677277,21.105,32.0,0.0334331003661673,1122.25,3969,9.0,1004004,465.0,77.5,3.0,2.0,1.0
102,145.1,12.3,168.0,41.3,76.7,37,0.0,1001,68,32.6,3.0,2.0,2023,6,15,14,3,166,24,-0.4999999999999997,-0.8660254037844388,1.2246467991473532e-16,-1.0,0.43388373911755823,-0.900968867902419,2,1,0,30.0,27.0,22.0,28.0,11.0,14.0,30.0,3.0000000000015925,33.0,27.0,28.166666666666668,3.6560452221844493,33.0,22.0,25.083333333333332,4.521832559589375,33.0,20.0,23.208333333333332,8.777338244973071,46.0,6.0,33.5,31.6,28.2,63.0,68.0,84.0,3.0,1.66,0.33,1002.0,1003.0,1004.0,2216.8,136.0,65.2,0.0,0.7990121304568898,11.795788960247133,13.657426225510122,22.168000000000003,31.6,0.0325674000325674,1062.76,4624,4.0,1002001,476.4,79.39999999999999,3.0,11.0,-0.8999999999999986
104,143.8,12.7,172.0,30.0,78.3,50,1.0,1000,74,31.6,2.1,1.0,2023,6,15,15,3,166,24,-0.7071067811865471,-0.7071067811865479,1.2246467991473532e-16,-1.0,0.43388373911755823,-0.900968867902419,2,1,0,33.0,30.0,27.0,29.0,21.0,18.0,29.0,4.582575694956924,33.0,24.0,27.333333333333332,3.9832984656760986,33.0,22.0,25.333333333333332,4.3554215605024815,33.0,20.0,23.458333333333332,8.707713555366828,46.0,6.0,32.6,32.5,29.4,68.0,65.0,77.0,2.0,2.33,0.66,1001.0,1003.0,1004.0,2338.4,74.0,31.6,50.0,0.7999733342221925,11.321943154082359,13.542240768443431,23.384,31.1,0.031599968400031604,998.5600000000001,5476,1.0,1000000,460.8,76.8,-9.0,-3.0,-1.0
105,142.4,13.0,176.0,33.8,80.0,62,0.25,1000,80,30.7,1.3,2.4,2023,6,15,16,3,166,24,-0.8660254037844385,-0.5000000000000004,1.2246467991473532e-16,-1.0,0.43388373911755823,-0.900968867902419,2,1,0,24.0,33.0,30.0,28.0,21.0,20.0,28.0,4.582575694956966,33.0,24.0,27.166666666666668,3.970726214013946,33.0,22.0,25.833333333333332,4.152399817264367,33.0,20.0,23.75,8.704072010571709,46.0,6.0,31.6,33.5,30.6,74.0,63.0,71.0,1.0,3.0,1.0,1000.0,1002.0,1004.0,2456.0,192.0,73.67999999999999,15.5,0.7987929351202628,10.953003615106532,13.537420198446274,24.56,29.5,0.0306999693000307,942.49,6400,5.76,1000000,472.2,78.7,3.0,-3.0,-0.9000000000000021
87,165.4,30.3,131.0,36.3,77.0,62,3.5,1000,82,30.3,0.8,0.33,2023,6,15,17,3,166,24,-0.9659258262890683,-0.25881904510252063,1.2246467991473532e-16,-1.0,0.43388373911755823,-0.900968867902419,2,1,0,27.0,24.0,33.0,22.0,21.0,20.0,26.666666666666668,2.5166114784257356,29.0,24.0,28.333333333333332,3.0767948691223745,33.0,24.0,26.5,3.942772444035726,33.0,20.0,24.125,8.72932339626172,46.0,6.0,30.7,32.6,31.6,80.0,68.0,68.0,2.4,2.0,1.66,1000.0,1001.0,1003.0,2484.6,27.060000000000002,9.999,217.0,0.798876064020275,5.458565723903502,4.323289660407247,24.846,30.135,0.0302999697000303,918.09,6724,0.10890000000000001,1000000,469.00000000000006,78.16666666666667,2.0,-4.0,-0.3999999999999986
82,188.3,47.7,86.0,33.8,74.0,62,2.5,1001,84,29.8,0.6,0.66,2023,6,15,18,3,166,24,-1.0,-1.8369701987210297e-16,1.2246467991473532e-16,-1.0,0.43388373911755823,-0.900968867902419,2,2,0,29.0,27.0,24.0,27.0,21.0,22.0,27.666666666666668,1.1547005383837758,29.0,27.0,28.333333333333332,3.0767948691223745,33.0,24.0,27.0,3.541956316140482,33.0,20.0,24.333333333333332,8.736065509124272,46.0,6.0,30.3,31.6,32.5,82.0,74.0,65.0,0.33,1.0,2.33,1000.0,1000.0,1003.0,2503.2000000000003,55.440000000000005,19.668000000000003,155.0,0.7987929351202628,3.9475063415861307,1.8028972138948869,25.032000000000004,29.470000000000002,0.0297702000297702,888.0400000000001,7056,0.43560000000000004,1002001,456.8,76.13333333333334,-2.0,3.0,-0.5
74,211.3,65.0,41.0,28.8,71.0,62,0.0,1001,86,29.4,0.0,1.0,2023,6,15,19,3,166,24,-0.9659258262890684,0.2588190451025203,1.2246467991473532e-16,-1.0,0.43388373911755823,-0.900968867902419,2,2,0,27.0,29.0,27.0,30.0,20.0,28.0,26.333333333333332,3.0550504633056863,29.0,23.0,27.166666666666668,3.6009258068804373,33.0,23.0,27.25,3.0785179433074026,33.0,22.0,24.125,8.704384202677787,46.0,6.0,29.8,30.7,33.5,84.0,80.0,63.0,0.66,2.4,3.0,1001.0,1000.0,1002.0,2528.4,86.0,29.4,0.0,0.7985833825214401,3.250719219704312,0.630759526776511,25.284000000000002,28.9,0.0293706000293706,864.3599999999999,7396,1.0,1002001,440.1,73.35000000000001,-4.0,-4.0,-0.40000000000000213
89,223.5,65.0,33.0,37.5,70.7,50,0.5,1001,85,29.0,0.0,0.66,2023,6,15,20,3,166,24,-0.8660254037844386,0.5000000000000001,1.2246467991473532e-16,-1.0,0.43388373911755823,-0.900968867902419,2,2,0,23.0,27.0,29.0,33.0,28.0,37.0,26.666666666666668,3.511884584285787,30.0,23.0,26.666666666666668,2.732520204254201,30.0,23.0,27.416666666666668,3.1754264805418257,33.0,22.0,23.833333333333332,8.364867870609437,46.0,6.0,29.4,30.3,32.6,86.0,82.0,68.0,1.0,0.33,2.0,1001.0,1000.0,1001.0,2465.0,56.1,19.14,25.0,0.7999786672355405,3.438408639867079,0.507684497161582,24.65,28.67,0.028971000028971,841.0,7225,0.43560000000000004,1002001,459.7,76.61666666666666,7.0,1.0,-0.3999999999999986
61,235.8,65.0,25.0,21.3,70.3,37,0.5,1002,85,28.6,0.0,0.33,2023,6,15,21,3,166,24,-0.7071067811865477,0.7071067811865474,1.2246467991473532e-16,-1.0,0.43388373911755823,-0.900968867902419,2,2,0,30.0,23.0,27.0,24.0,29.0,46.0,23.333333333333332,6.5064070986486415,30.0,17.0,25.5,4.80624593627818,30.0,17.0,26.416666666666668,4.316107954949781,33.0,17.0,22.625,7.008147432437676,33.0,6.0,29.0,29.8,31.6,85.0,84.0,74.0,0.66,0.66,1.0,1001.0,1001.0,1000.0,2431.0,28.05,9.438,18.5,0.7980845969672785,3.627636497900032,0.3846094675466531,24.31,28.435000000000002,0.02854288568574283,817.96,7225,0.10890000000000001,1004004,434.40000000000003,72.4,-13.0,-10.0,-0.3999999999999986
50,248.0,65.0,17.0,15.0,70.0,25,0.0,1002,84,28.2,0.0,1.6,2023,6,15,22,3,166,24,-0.5000000000000004,0.8660254037844384,1.2246467991473532e-16,-1.0,0.43388373911755823,-0.900968867902419,2,3,0,17.0,30.0,23.0,27.0,28.0,25.0,19.666666666666668,9.291573243178297,30.0,12.0,23.0,7.183313998426493,30.0,12.0,25.083333333333332,5.946096249309583,33.0,12.0,22.083333333333332,7.312387742232607,33.0,6.0,28.6,29.4,30.7,85.0,86.0,80.0,0.33,1.0,2.4,1002.0,1001.0,1000.0,2368.7999999999997,134.4,45.120000000000005,0.0,0.7999466702219852,3.8153259180627987,0.2615344379317241,23.688,27.4,0.02814368448734083,795.24,7056,2.5600000000000005,1004004,427.0,71.16666666666667,-5.0,-11.0,-0.40000000000000213
56,232.1,59.7,18.7,18.8,67.7,45,0.25,1002,84,28.3,0.0,0.33,2023,6,15,23,3,166,24,-0.25881904510252157,0.9659258262890681,1.2246467991473532e-16,-1.0,0.43388373911755823,-0.900968867902419,2,3,0,12.0,17.0,30.0,29.0,22.0,11.0,14.666666666666666,2.516611478426651,17.0,12.0,20.666666666666668,7.118052168020138,30.0,12.0,24.5,6.585107164171989,33.0,12.0,22.25,7.0910231064108284,33.0,6.0,28.2,29.0,30.3,84.0,85.0,82.0,1.6,0.66,0.33,1002.0,1001.0,1000.0,2377.2000000000003,27.720000000000002,9.339,11.25,0.7978299026647518,3.887707073583357,0.313227584127569,23.772000000000002,28.135,0.02824348478694133,800.89,7056,0.10890000000000001,1004004,412.0,68.66666666666667,3.0,-15.0,0.10000000000000142
74,216.1,54.3,20.3,28.8,65.3,66,0.5,1002,83,28.4,0.0,0.66,2023,6,16,0,4,167,24,0.0,1.0,1.2246467991473532e-16,-1.0,-0.433883739117558,-0.9009688679024191,2,3,0,15.0,12.0,17.0,27.0,27.0,6.0,16.666666666666668,5.686240703078616,23.0,12.0,20.0,6.572670690061186,30.0,12.0,24.166666666666668,6.548189664233983,33.0,12.0,22.958333333333332,6.188904283626005,33.0,11.0,28.3,28.6,29.8,84.0,85.0,84.0,0.33,0.33,0.66,1002.0,1002.0,1001.0,2357.2,54.78,18.744,33.0,0.7985833825214401,3.9796688827093427,0.37384210235538945,23.572,28.07,0.02834328508654183,806.56,6889,0.43560000000000004,1004004,407.8,67.96666666666667,8.0,6.0,0.09999999999999787
72,200.2,49.0,22.0,27.5,63.0,87,0.0,1002,83,28.5,0.0,1.0,2023,6,16,1,4,167,24,0.25881904510252074,0.9659258262890683,1.2246467991473532e-16,-1.0,-0.433883739117558,-0.9009688679024191,2,3,0,23.0,15.0,12.0,23.0,30.0,12.0,20.0,4.358898943542208,23.0,15.0,19.833333333333332,6.493586579591899,30.0,12.0,23.5,6.302957458785964,33.0,12.0,23.375,5.739356879590666,33.0,11.0,28.4,28.2,29.4,83.0,84.0,86.0,0.66,1.6,1.0,1002.0,1002.0,1001.0,2365.5,83.0,28.5,0.0,0.7999709101487218,4.085630905491724,0.4489704291749148,23.655,28.0,0.02844308538614233,812.25,6889,1.0,1004004,383.7,63.949999999999996,-1.0,10.0,0.10000000000000142
63,206.6,49.7,20.0,22.5,65.7,79,0.0,1001,83,28.4,0.0,0.66,2023,6,16,2,4,167,24,0.49999999999999994,0.8660254037844387,1.2246467991473532e-16,-1.0,-0.433883739117558,-0.9009688679024191,2,3,0,22.0,23.0,15.0,30.0,33.0,11.0,21.0,2.645751311067046,23.0,18.0,17.833333333333332,4.167333280007207,23.0,12.0,22.25,5.706853933488634,30.0,12.0,23.666666666666668,5.239205604127334,33.0,12.0,28.5,28.3,29.0,83.0,84.0,85.0,1.0,0.33,0.66,1002.0,1002.0,1001.0,2357.2,54.78,18.744,0.0,0.7999644460246211,4.156858010905213,0.4024063902134766,23.572,28.07,0.0283716000283716,806.56,6889,0.43560000000000004,1002001,382.5,63.75,-4.0,3.0,-0.10000000000000142
72,213.0,50.3,18.0,27.5,68.3,70,0.0,1001,84,28.3,0.0,0.33,2023,6,16,3,4,167,24,0.7071067811865476,0.7071067811865476,1.2246467991473532e-16,-1.0,-0.433883739117558,-0.9009688679024191,2,3,0,18.0,22.0,23.0,17.0,24.0,21.0,20.666666666666668,2.3094010767613433,22.0,18.0,18.666666666666668,4.4572039067845886,23.0,12.0,22.083333333333332,5.680242205676127,30.0,12.0,23.708333333333332,5.221020778642327,33.0,12.0,28.4,28.4,28.6,83.0,83.0,85.0,0.66,0.66,0.33,1001.0,1002.0,1002.0,2377.2000000000003,27.720000000000002,9.339,0.0,0.7999709101487218,4.234508260273156,0.35784576847378785,23.772000000000002,28.135,0.0282717000282717,800.89,7056,0.10890000000000001,1002001,399.1,66.51666666666667,4.0,-1.0,-0.09999999999999787
76,219.4,51.0,16.0,30.0,71.0,62,0.0,1000,84,28.2,0.0,0.8,2023,6,16,4,4,167,24,0.8660254037844386,0.5000000000000001,1.2246467991473532e-16,-1.0,-0.433883739117558,-0.9009688679024191,2,3,0,22.0,18.0,22.0,12.0,27.0,21.0,21.333333333333332,3.055050463305999,24.0,18.0,20.666666666666668,3.444802848735497,24.0,15.0,21.833333333333332,5.507570547285455,30.0,12.0,23.833333333333332,5.1891749085846515,33.0,12.0,28.3,28.5,28.2,84.0,83.0,84.0,0.33,1.0,1.6,1001.0,1002.0,1002.0,2368.7999999999997,67.2,22.560000000000002,0.0,0.7999733342221925,4.3018764337954165,0.3137193388364934,23.688,27.8,0.0281999718000282,795.24,7056,0.6400000000000001,1000000,411.4,68.56666666666666,2.0,2.0,-0.10000000000000142
87,223.3,47.7,21.3,36.3,61.7,62,0.0,1001,87,28.5,0.0,0.8,2023,6,16,5,4,167,24,0.9659258262890683,0.25881904510252074,1.2246467991473532e-16,-1.0,-0.433883739117558,-0.9009688679024191,2,3,0,24.0,22.0,18.0,15.0,29.0,21.0,25.0,3.605551275465579,29.0,22.0,23.0,3.5777087639982663,29.0,18.0,21.833333333333332,5.507570547285455,30.0,12.0,24.166666666666668,5.255776670083847,33.0,12.0,28.2,28.4,28.3,84.0,83.0,84.0,0.8,0.66,0.33,1000.0,1001.0,1002.0,2479.5,69.60000000000001,22.8,0.0,0.798876064020275,4.681243579799165,0.44653151925536155,24.795,28.1,0.0284715000284715,812.25,7569,0.6400000000000001,1002001,419.3,69.88333333333334,5.0,11.0,0.3000000000000007
183,227.2,44.3,26.7,100.0,52.3,62,0.0,1001,90,28.9,0.6,0.8,2023,6,16,6,4,167,24,1.0,6.123233995736766e-17,1.2246467991473532e-16,-1.0,-0.433883739117558,-0.9009688679024191,2,0,0,29.0,24.0,22.0,23.0,27.0,21.0,44.333333333333336,30.989245446337307,80.0,24.0,32.5,23.54357661868714,80.0,18.0,26.25,17.725815790945653,80.0,12.0,26.625,12.50673731477841,80.0,12.0,28.5,28.3,28.4,87.0,84.0,83.0,0.8,0.33,0.66,1001.0,1001.0,1002.0,2601.0,72.0,23.12,0.0,0.7999920000799992,5.128552402880296,0.6026951987539785,26.01,28.5,0.0288711000288711,835.2099999999999,8100,0.6400000000000001,1002001,530.5,88.41666666666667,51.0,58.0,0.3999999999999986
183,231.1,41.0,32.0,100.0,43.0,62,0.0,1001,93,29.2,0.8,0.8,2023,6,16,7,4,167,24,0.9659258262890683,-0.25881904510252063,1.2246467991473532e-16,-1.0,-0.433883739117558,-0.9009688679024191,2,0,0,80.0,29.0,24.0,22.0,23.0,20.0,63.0,29.44486372867087,80.0,29.0,42.166666666666664,29.518920486133307,80.0,18.0,31.0,23.479197756156832,80.0,12.0,29.125,16.487973218972883,80.0,12.0,28.9,28.2,28.5,90.0,84.0,83.0,0.8,0.8,1.0,1001.0,1000.0,1002.0,2715.6,74.4,23.36,0.0,0.7999920000799992,5.636447891514841,0.7804687690544133,27.156,28.8,0.0291708000291708,852.64,8649,0.6400000000000001,1002001,527.1,87.85000000000001,0.0,56.0,0.3000000000000007
134,199.8,32.7,59.7,60.0,48.3,66,0.0,1001,81,31.0,1.3,0.33,2023,6,16,8,4,167,24,0.8660254037844387,-0.4999999999999998,1.2246467991473532e-16,-1.0,-0.433883739117558,-0.9009688679024191,2,0,0,80.0,80.0,29.0,18.0,30.0,28.0,69.33333333333333,18.475208614067892,80.0,48.0,47.166666666666664,27.04379164737559,80.0,22.0,32.5,23.979157616563448,80.0,12.0,29.958333333333332,16.928183771364942,80.0,12.0,29.2,28.5,28.4,93.0,87.0,83.0,0.8,0.8,0.66,1001.0,1001.0,1001.0,2511.0,26.73,10.23,0.0,0.7999866668888852,6.109904895874744,1.8256322436622734,25.11,30.835,0.030969000030969,961.0,6561,0.10890000000000001,1002001,448.5,74.75,-32.0,19.0,1.8000000000000007
78,168.5,24.3,87.3,31.3,53.7,70,0.0,1002,71,32.7,2.1,0.66,2023,6,16,9,4,167,24,0.7071067811865476,-0.7071067811865475,1.2246467991473532e-16,-1.0,-0.433883739117558,-0.9009688679024191,2,0,0,48.0,80.0,80.0,22.0,17.0,29.0,51.0,27.6224546338663,80.0,25.0,47.666666666666664,26.507860469427964,80.0,24.0,33.166666666666664,23.617533291770155,80.0,12.0,29.791666666666668,16.957694589687105,80.0,12.0,31.0,28.9,28.3,81.0,90.0,84.0,0.33,0.8,0.33,1001.0,1001.0,1001.0,2321.7000000000003,46.86,21.582000000000004,0.0,0.7986965272674994,6.933871034113822,3.5924447553598613,23.217000000000002,32.370000000000005,0.03263469796936331,1069.2900000000002,5041,0.43560000000000004,1004004,390.1,65.01666666666667,-23.0,-55.0,1.7000000000000028
82,137.1,16.0,115.0,33.8,59.0,75,0.0,1002,62,34.5,3.3,1.0,2023,6,16,10,4,167,24,0.49999999999999994,-0.8660254037844387,1.2246467991473532e-16,-1.0,-0.433883739117558,-0.9009688679024191,2,0,0,25.0,48.0,80.0,24.0,12.0,28.0,33.333333333333336,12.741009902411255,48.0,25.0,48.166666666666664,25.995512433238584,80.0,25.0,34.416666666666664,22.77741438488133,80.0,15.0,29.75,16.963515837385224,80.0,12.0,32.7,29.2,28.2,71.0,93.0,84.0,0.66,0.8,0.8,1002.0,1001.0,1000.0,2139.0,62.0,34.5,0.0,0.7987929351202628,8.568214486594586,7.1870508093244165,21.39,34.0,0.0344311033621723,1190.25,3844,1.0,1004004,387.90000000000003,64.65,2.0,-53.0,1.7999999999999972
80,128.0,14.0,126.0,32.5,63.3,75,0.0,1001,59,34.5,4.3,1.0,2023,6,16,11,4,167,24,0.258819045102521,-0.9659258262890682,1.2246467991473532e-16,-1.0,-0.433883739117558,-0.9009688679024191,2,0,0,27.0,25.0,48.0,29.0,15.0,22.0,26.0,1.000000000005528,27.0,25.0,47.666666666666664,26.462552157089114,80.0,25.0,35.333333333333336,22.137312530219177,80.0,18.0,29.916666666666668,16.903605652581135,80.0,12.0,34.5,31.0,28.5,62.0,81.0,87.0,1.0,0.33,0.8,1002.0,1001.0,1001.0,2035.5,59.0,34.5,0.0,0.7999753853727578,9.142204128276552,8.999357188772231,20.355,34.0,0.0344655000344655,1190.25,3481,1.0,1002001,389.8,64.96666666666667,-1.0,-22.0,0.0
80,118.9,12.0,137.0,32.5,67.7,75,0.0,1001,57,34.5,4.3,1.0,2023,6,16,12,4,167,24,1.2246467991473532e-16,-1.0,1.2246467991473532e-16,-1.0,-0.433883739117558,-0.9009688679024191,2,1,0,26.0,27.0,25.0,80.0,23.0,27.0,26.333333333333332,0.5773502691990932,27.0,26.0,38.666666666666664,22.087703970006928,80.0,25.0,35.583333333333336,22.001893857877924,80.0,18.0,29.875,16.912337919786413,80.0,12.0,34.5,32.7,28.9,59.0,71.0,90.0,1.0,0.66,0.8,1001.0,1002.0,1001.0,1966.5,57.0,34.5,0.0,0.7999753853727578,9.907507707691027,11.41571535705358,19.665,34.0,0.0344655000344655,1190.25,3249,1.0,1002001,394.09999999999997,65.68333333333332,0.0,1.0,0.0
85,109.7,10.0,148.0,31.3,72.0,75,0.0,1000,55,34.5,3.9,1.0,2023,6,16,13,4,167,24,-0.2588190451025208,-0.9659258262890683,1.2246467991473532e-16,-1.0,-0.433883739117558,-0.9009688679024191,2,1,0,26.0,26.0,27.0,80.0,22.0,30.0,25.666666666666668,0.577350269199306,26.0,25.0,29.5,9.093954035511238,48.0,25.0,35.833333333333336,21.850039872371752,80.0,18.0,29.666666666666668,16.94150208079629,80.0,12.0,34.5,34.5,29.2,57.0,62.0,93.0,1.0,1.0,0.8,1001.0,1002.0,1001.0,1897.5,55.0,34.5,0.0,0.7986965272674994,10.968903109689032,14.798520147985203,18.975,34.0,0.0344999655000345,1190.25,3025,1.0,1000000,396.0,66.0,-1.0,-2.0,0.0
78,106.0,10.7,142.7,21.3,69.7,75,1.5,1000,57,34.2,3.2,1.0,2023,6,16,14,4,167,24,-0.4999999999999997,-0.8660254037844388,1.2246467991473532e-16,-1.0,-0.433883739117558,-0.9009688679024191,2,1,0,25.0,26.0,26.0,48.0,18.0,33.0,22.666666666666668,4.932882862317492,26.0,17.0,24.333333333333332,3.669695718538083,27.0,17.0,35.75,21.926011949280536,80.0,17.0,29.0,17.11851273507343,80.0,12.0,34.5,34.5,31.0,55.0,59.0,81.0,1.0,1.0,0.33,1000.0,1001.0,1001.0,1949.4,57.0,34.2,112.5,0.7980845969672785,9.905616297542286,13.335202317540418,19.494,33.7,0.034199965800034204,1169.64,3249,1.0,1000000,367.4,61.23333333333333,-8.0,-9.0,-0.29999999999999716
74,102.3,11.3,137.3,28.8,67.3,75,2.5,999,58,34.0,2.0,1.0,2023,6,16,15,4,167,24,-0.7071067811865471,-0.7071067811865479,1.2246467991473532e-16,-1.0,-0.433883739117558,-0.9009688679024191,2,1,0,17.0,25.0,26.0,25.0,22.0,24.0,21.666666666666668,4.163331998933784,25.0,17.0,24.0,3.687817782915799,27.0,17.0,35.833333333333336,21.87083293643217,80.0,17.0,28.958333333333332,17.132423282660092,80.0,12.0,34.2,34.5,32.7,57.0,57.0,71.0,1.0,1.0,0.66,1000.0,1001.0,1002.0,1972.0,58.0,34.0,187.5,0.7985833825214401,9.05229625696841,12.149367312627202,19.72,33.5,0.034033999965966004,1156.0,3364,1.0,998001,370.0,61.666666666666664,6.0,-3.0,-0.20000000000000284
65,98.6,12.0,132.0,22.5,65.0,75,0.0,998,59,33.7,1.3,1.0,2023,6,16,16,4,167,24,-0.8660254037844385,-0.5000000000000004,1.2246467991473532e-16,-1.0,-0.433883739117558,-0.9009688679024191,2,1,0,23.0,17.0,25.0,27.0,24.0,27.0,19.333333333333332,3.214550253666419,23.0,17.0,22.5,4.037325847635994,26.0,17.0,35.333333333333336,22.231563693146217,80.0,17.0,28.583333333333332,17.2750553177663,80.0,12.0,34.0,34.5,34.5,58.0,55.0,62.0,1.0,1.0,1.0,999.0,1000.0,1002.0,1988.3000000000002,59.0,33.7,0.0,0.7999644460246211,8.215982001499874,10.999083409715858,19.883000000000003,33.2,0.03376750123496871,1135.6900000000003,3481,1.0,996004,348.1,58.01666666666667,-5.0,-7.0,-0.29999999999999716
67,109.9,23.0,105.0,25.0,57.7,83,0.0,999,62,33.0,0.8,1.0,2023,6,16,17,4,167,24,-0.9659258262890683,-0.25881904510252063,1.2246467991473532e-16,-1.0,-0.433883739117558,-0.9009688679024191,2,1,0,18.0,23.0,17.0,26.0,29.0,29.0,20.333333333333332,2.516611478426193,23.0,18.0,21.5,3.7282703764600407,26.0,17.0,34.583333333333336,22.613183336409172,80.0,17.0,28.208333333333332,17.36307718336136,80.0,12.0,33.7,34.2,34.5,59.0,57.0,59.0,1.0,1.0,1.0,998.0,1000.0,1001.0,2046.0,62.0,33.0,0.0,0.7999680012799487,4.778053128124864,4.565018912221207,20.46,32.5,0.033032999966967,1089.0,3844,1.0,998001,340.59999999999997,56.76666666666666,2.0,3.0,-0.7000000000000028
63,121.2,34.0,78.0,22.5,50.3,91,0.0,999,65,32.3,0.6,1.0,2023,6,16,18,4,167,24,-1.0,-1.8369701987210297e-16,1.2246467991473532e-16,-1.0,-0.433883739117558,-0.9009688679024191,2,2,0,20.0,18.0,23.0,26.0,80.0,27.0,18.666666666666668,1.1547005383852054,20.0,18.0,20.166666666666668,3.1885210782831415,25.0,17.0,29.416666666666668,17.88070739567341,80.0,17.0,27.833333333333332,17.487055253794928,80.0,12.0,33.0,34.0,34.5,62.0,58.0,57.0,1.0,1.0,1.0,999.0,999.0,1001.0,2099.5,65.0,32.3,0.0,0.7999644460246211,3.564601041145849,2.294050174994853,20.995,31.799999999999997,0.0323322999676677,1043.2899999999997,4225,1.0,998001,324.0,54.0,-2.0,-5.0,-0.7000000000000028
82,132.5,45.0,51.0,33.8,43.0,100,0.0,999,68,31.6,0.0,1.0,2023,6,16,19,4,167,24,-0.9659258262890684,0.2588190451025203,1.2246467991473532e-16,-1.0,-0.433883739117558,-0.9009688679024191,2,2,0,18.0,20.0,18.0,25.0,80.0,23.0,21.666666666666668,4.725815626253946,27.0,18.0,20.5,3.834057902534766,27.0,17.0,25.0,8.146387933534045,48.0,17.0,28.0,17.458024192206107,80.0,12.0,32.3,33.7,34.5,65.0,59.0,55.0,1.0,1.0,1.0,999.0,998.0,1000.0,2148.8,68.0,31.6,0.0,0.7987929351202628,2.9443790137996935,1.1333081487078065,21.488000000000003,31.1,0.0316315999683684,998.5600000000001,4624,1.0,998001,332.3,55.38333333333333,9.0,9.0,-0.6999999999999957
91,126.4,39.3,51.7,38.8,36.7,87,0.0,1000,73,31.4,0.0,1.33,2023,6,16,20,4,167,24,-0.8660254037844386,0.5000000000000001,1.2246467991473532e-16,-1.0,-0.433883739117558,-0.9009688679024191,2,2,0,27.0,18.0,20.0,17.0,48.0,30.0,25.333333333333332,6.658328118480241,31.0,18.0,22.833333333333332,5.2694085689625965,31.0,18.0,23.583333333333332,4.399552318822145,31.0,17.0,28.041666666666668,17.464197330704852,80.0,12.0,31.6,33.0,34.2,68.0,62.0,57.0,1.0,1.0,1.0,999.0,999.0,1000.0,2292.2,97.09,41.762,0.0,0.7989484807092602,3.216203150047073,1.3154881555176716,22.921999999999997,30.735,0.0313999686000314,985.9599999999999,5329,1.7689000000000001,1000000,323.9,53.98333333333333,4.0,11.0,-0.20000000000000284
110,120.4,33.7,52.3,48.8,30.3,75,0.0,1001,78,31.3,0.0,1.66,2023,6,16,21,4,167,24,-0.7071067811865477,0.7071067811865474,1.2246467991473532e-16,-1.0,-0.433883739117558,-0.9009688679024191,2,2,0,31.0,27.0,18.0,23.0,25.0,17.0,32.333333333333336,6.110100926608499,39.0,27.0,25.5,8.45576726264331,39.0,18.0,24.75,6.268608661054481,39.0,17.0,28.958333333333332,17.436790606836695,80.0,12.0,31.4,32.3,34.0,73.0,65.0,58.0,1.33,1.0,1.0,1000.0,999.0,999.0,2441.4,129.48,51.958,0.0,0.7991639515583698,3.5725942850360526,1.5518827334500458,24.414,30.470000000000002,0.0312687000312687,979.69,6084,2.7556,1002001,324.50000000000006,54.08333333333334,8.0,21.0,-0.09999999999999787
85,114.4,28.0,53.0,35.0,24.0,62,0.0,1002,84,31.1,0.0,2.0,2023,6,16,22,4,167,24,-0.5000000000000004,0.8660254037844384,1.2246467991473532e-16,-1.0,-0.433883739117558,-0.9009688679024191,2,3,0,39.0,31.0,27.0,18.0,27.0,12.0,32.666666666666664,5.686240703078083,39.0,28.0,27.166666666666668,7.626707459097754,39.0,18.0,24.833333333333332,6.307763374435624,39.0,17.0,29.625,17.062067003583838,80.0,15.0,31.3,31.6,33.7,78.0,68.0,59.0,1.66,1.0,1.0,1001.0,999.0,998.0,2612.4,168.0,62.2,0.0,0.7999771435101855,4.085568372558123,1.8927895432305988,26.124000000000002,30.1,0.031037893175755317,967.21,7056,4.0,1004004,282.4,47.06666666666666,-11.0,1.0,-0.1999999999999993
104,102.9,22.3,54.3,46.3,23.3,66,0.0,1002,86,30.8,0.0,1.66,2023,6,16,23,4,167,24,-0.25881904510252157,0.9659258262890681,1.2246467991473532e-16,-1.0,-0.433883739117558,-0.9009688679024191,2,3,0,28.0,39.0,31.0,20.0,26.0,15.0,34.666666666666664,5.859465277082985,39.0,28.0,30.0,7.589466384403535,39.0,18.0,25.75,7.225271306638813,39.0,17.0,30.541666666666668,16.831593395513273,80.0,17.0,31.1,31.4,33.0,84.0,73.0,62.0,2.0,1.33,1.0,1002.0,1000.0,999.0,2648.8,142.76,51.128,0.0,0.799118809528952,4.61414286354872,2.434868391551948,26.488000000000003,29.970000000000002,0.030738492276953817,948.6400000000001,7396,2.7556,1004004,286.1,47.68333333333334,9.0,6.0,-0.3000000000000007
74,91.4,16.7,55.7,28.8,22.7,70,0.0,1002,88,30.5,0.0,1.33,2023,6,17,0,5,168,24,0.0,1.0,1.2246467991473532e-16,-1.0,-0.9749279121818236,-0.2225209339563146,2,3,1,37.0,28.0,39.0,18.0,26.0,23.0,29.333333333333332,7.09459888459828,37.0,23.0,30.833333333333332,6.145459028149004,39.0,23.0,25.5,7.267611837335186,39.0,17.0,30.541666666666668,16.831593395513273,80.0,17.0,30.8,31.3,32.3,86.0,78.0,65.0,1.66,1.66,1.0,1002.0,1001.0,999.0,2684.0,117.04,40.565000000000005,0.0,0.7985833825214401,5.472726184060835,3.3351296329561104,26.84,29.835,0.030439091378152316,930.25,7744,1.7689000000000001,1004004,238.3,39.71666666666667,-14.0,-16.0,-0.3000000000000007
65,80.0,11.0,57.0,23.8,22.0,75,0.0,1001,90,30.2,0.0,1.0,2023,6,17,1,5,168,24,0.25881904510252074,0.9659258262890683,1.2246467991473532e-16,-1.0,-0.9749279121818236,-0.2225209339563146,2,3,1,23.0,37.0,28.0,27.0,25.0,22.0,26.333333333333332,9.451631252505795,37.0,19.0,29.5,7.791020472312413,39.0,19.0,25.0,7.5075719352949974,39.0,17.0,30.416666666666668,16.90874912882237,80.0,17.0,30.5,31.1,31.6,88.0,84.0,68.0,1.33,2.0,1.0,1002.0,1002.0,999.0,2718.0,90.0,30.2,0.0,0.7982857863114995,7.2720661758022,5.181347150259068,27.18,29.7,0.0301698000301698,912.04,8100,1.0,1002001,212.8,35.46666666666667,-4.0,-9.0,-0.3000000000000007
52,81.3,9.7,55.7,16.3,23.0,70,0.0,1001,90,30.1,0.0,1.33,2023,6,17,2,5,168,24,0.49999999999999994,0.8660254037844387,1.2246467991473532e-16,-1.0,-0.9749279121818236,-0.2225209339563146,2,3,1,19.0,23.0,37.0,31.0,17.0,18.0,18.333333333333332,5.0332229568485465,23.0,13.0,26.5,10.193134944657137,39.0,13.0,24.666666666666668,7.969639359164518,39.0,13.0,30.208333333333332,17.098128976375033,80.0,13.0,30.2,30.8,31.4,90.0,86.0,73.0,1.0,1.66,1.33,1001.0,1002.0,1000.0,2709.0,119.7,40.033,0.0,0.7974970860683392,8.380579321719411,5.741676115864345,27.09,29.435000000000002,0.0300699000300699,906.0100000000001,8100,1.7689000000000001,1002001,199.0,33.166666666666664,-6.0,-24.0,-0.09999999999999787
54,82.7,8.3,54.3,17.5,24.0,66,0.0,1001,91,30.1,0.0,1.66,2023,6,17,3,5,168,24,0.7071067811865476,0.7071067811865476,1.2246467991473532e-16,-1.0,-0.9749279121818236,-0.2225209339563146,2,3,1,13.0,19.0,23.0,39.0,23.0,22.0,15.333333333333334,3.214550253666651,19.0,13.0,22.333333333333332,9.114091653404426,37.0,13.0,23.916666666666668,8.543560396135616,39.0,13.0,29.875,17.341361713745503,80.0,13.0,30.1,30.5,31.3,90.0,88.0,78.0,1.33,1.33,1.66,1001.0,1002.0,1001.0,2739.1,151.06,49.966,0.0,0.7999542883263813,9.962655101794965,6.54138055655945,27.391,29.270000000000003,0.0300699000300699,906.0100000000001,8281,2.7556,1002001,200.8,33.46666666666667,1.0,-9.0,0.0
59,84.0,7.0,53.0,20.0,25.0,62,0.0,1000,92,30.0,0.0,2.0,2023,6,17,4,5,168,24,0.8660254037844386,0.5000000000000001,1.2246467991473532e-16,-1.0,-0.9749279121818236,-0.2225209339563146,2,3,1,14.0,13.0,19.0,28.0,18.0,24.0,14.333333333333334,1.5275252316569765,16.0,13.0,20.333333333333332,8.936815241832841,37.0,13.0,23.75,8.687765692470386,39.0,13.0,29.541666666666668,17.535006395076223,80.0,13.0,30.1,30.2,31.1,91.0,90.0,84.0,1.66,1.0,2.0,1001.0,1001.0,1002.0,2760.0,184.0,60.0,0.0,0.7999600019998999,11.998285959148692,7.570347093272389,27.6,29.0,0.02999997000003,900.0,8464,4.0,1000000,205.0,34.166666666666664,2.0,-3.0,-0.10000000000000142
50,90.7,9.7,51.7,15.0,26.0,70,0.0,1001,90,30.1,0.0,2.0,2023,6,17,5,5,168,24,0.9659258262890683,0.25881904510252074,1.2246467991473532e-16,-1.0,-0.9749279121818236,-0.2225209339563146,2,3,1,16.0,14.0,13.0,37.0,20.0,29.0,14.0,2.000000000003872,16.0,12.0,16.166666666666668,4.167333280007121,23.0,12.0,23.083333333333332,9.287903504835967,39.0,12.0,28.833333333333332,17.897453466337375,80.0,12.0,30.0,30.1,30.8,92.0,90.0,86.0,2.0,1.33,1.66,1000.0,1001.0,1002.0,2709.0,180.0,60.2,0.0,0.7999466702219852,9.349551592619319,5.329347489949491,27.09,29.1,0.0300699000300699,906.0100000000001,8100,4.0,1002001,205.10000000000002,34.18333333333334,-4.0,-1.0,0.10000000000000142
63,97.3,12.3,50.3,22.5,27.0,79,0.0,1001,89,30.1,0.6,2.0,2023,6,17,6,5,168,24,1.0,6.123233995736766e-17,1.2246467991473532e-16,-1.0,-0.9749279121818236,-0.2225209339563146,2,0,1,12.0,16.0,14.0,23.0,18.0,80.0,15.333333333333334,3.0550504633063476,18.0,12.0,15.333333333333334,2.8047578623928895,19.0,12.0,23.083333333333332,9.287903504835967,39.0,12.0,26.25,14.304909464327611,80.0,12.0,30.1,30.1,30.5,90.0,91.0,88.0,2.0,1.66,1.33,1001.0,1001.0,1002.0,2678.9,178.0,60.2,0.0,0.7999644460246211,7.909926022274611,4.089098447280708,26.789,29.1,0.0300699000300699,906.0100000000001,7921,4.0,1002001,227.39999999999998,37.9,6.0,4.0,0.0
56,103.9,15.0,49.0,18.8,28.0,87,0.0,1002,88,30.2,0.8,2.0,2023,6,17,7,5,168,24,0.9659258262890683,-0.25881904510252063,1.2246467991473532e-16,-1.0,-0.9749279121818236,-0.2225209339563146,2,0,1,18.0,12.0,16.0,19.0,27.0,80.0,15.0,3.00000000000252,18.0,12.0,14.666666666666666,2.1602468994664914,18.0,12.0,22.083333333333332,9.472048192956457,39.0,12.0,23.541666666666668,8.767425712441977,48.0,12.0,30.1,30.0,30.2,89.0,92.0,90.0,2.0,2.0,1.0,1001.0,1000.0,1001.0,2657.6,176.0,60.4,0.0,0.7978299026647518,6.926204919672022,3.26644890340644,26.576,29.2,0.03013969047935082,912.04,7744,4.0,1004004,229.70000000000002,38.28333333333334,-3.0,-1.0,0.09999999999999787
65,106.2,15.0,60.7,23.8,33.7,87,0.0,1002,82,31.0,1.3,1.33,2023,6,17,8,5,168,24,0.8660254037844387,-0.4999999999999998,1.2246467991473532e-16,-1.0,-0.9749279121818236,-0.2225209339563146,2,0,1,15.0,18.0,12.0,13.0,31.0,48.0,17.333333333333332,2.081665999469558,19.0,15.0,15.666666666666666,2.5819888974693135,19.0,12.0,21.083333333333332,9.070013865212347,39.0,12.0,22.333333333333332,7.087445524162497,39.0,12.0,30.2,30.1,30.1,88.0,90.0,90.0,2.0,2.0,1.33,1002.0,1001.0,1001.0,2542.0,109.06,41.230000000000004,0.0,0.7982857863114995,7.079528031464569,4.046396906872875,25.42,30.335,0.030938092876154816,961.0,6724,1.7689000000000001,1004004,258.40000000000003,43.06666666666667,4.0,7.0,0.8000000000000007
82,108.5,15.0,72.3,33.8,39.3,87,0.0,1003,76,31.7,2.1,0.66,2023,6,17,9,5,168,24,0.7071067811865476,-0.7071067811865475,1.2246467991473532e-16,-1.0,-0.9749279121818236,-0.2225209339563146,2,0,1,19.0,15.0,18.0,14.0,39.0,25.0,20.333333333333332,6.110100926608863,27.0,15.0,17.833333333333332,5.11533641773982,27.0,12.0,20.083333333333332,7.427936619562336,37.0,12.0,22.416666666666668,7.131782304626223,39.0,12.0,31.0,30.1,30.1,82.0,89.0,91.0,1.33,2.0,1.66,1002.0,1001.0,1001.0,2409.2,50.160000000000004,20.922,0.0,0.7987929351202628,7.2328511432571165,4.8196786880874605,24.092,31.37,0.031605152936038945,1004.89,5776,0.43560000000000004,1006009,295.90000000000003,49.31666666666667,8.0,9.0,0.6999999999999993
82,110.9,15.0,84.0,33.8,45.0,87,0.0,1003,70,32.5,2.9,1.6,2023,6,17,10,5,168,24,0.49999999999999994,-0.8660254037844387,1.2246467991473532e-16,-1.0,-0.9749279121818236,-0.2225209339563146,2,0,1,27.0,19.0,15.0,16.0,28.0,27.0,24.333333333333332,4.61880215351827,27.0,19.0,19.666666666666668,6.186005711818866,27.0,12.0,20.0,7.336087637029327,37.0,12.0,22.416666666666668,7.131782304626223,39.0,12.0,31.7,30.2,30.0,76.0,88.0,92.0,0.66,2.0,2.0,1003.0,1002.0,1000.0,2275.0,112.0,52.0,0.0,0.7987929351202628,7.3928404773015135,5.599626691553897,22.75,31.7,0.03240275931928283,1056.25,4900,2.5600000000000005,1006009,315.7,52.61666666666667,0.0,12.0,0.8000000000000007
82,106.8,13.3,94.0,33.8,44.3,87,0.0,1002,63,33.3,3.5,2.0,2023,6,17,11,5,168,24,0.258819045102521,-0.9659258262890682,1.2246467991473532e-16,-1.0,-0.9749279121818236,-0.2225209339563146,2,0,1,27.0,27.0,19.0,12.0,37.0,26.0,27.0,0.0,27.0,27.0,22.166666666666668,5.4558836742232835,27.0,15.0,19.166666666666668,5.58949230632058,27.0,12.0,22.458333333333332,7.156506110536409,39.0,12.0,32.5,31.0,30.1,70.0,82.0,90.0,1.6,1.33,2.0,1003.0,1002.0,1001.0,2097.8999999999996,126.0,66.6,0.0,0.7987929351202628,8.029471468310653,7.067137809187279,20.978999999999996,32.3,0.033233499766966296,1108.8899999999999,3969,4.0,1004004,319.2,53.199999999999996,0.0,8.0,0.7999999999999972
89,102.7,11.7,104.0,37.5,43.7,87,1.0,1002,57,34.2,3.7,2.0,2023,6,17,12,5,168,24,1.2246467991473532e-16,-1.0,1.2246467991473532e-16,-1.0,-0.9749279121818236,-0.2225209339563146,2,1,1,27.0,27.0,27.0,18.0,23.0,26.0,28.0,1.7320508075718541,30.0,27.0,24.166666666666668,5.810909280539199,30.0,15.0,19.75,6.340705438240936,30.0,12.0,22.625,7.287944184389907,39.0,12.0,33.3,31.7,30.1,63.0,76.0,89.0,2.0,0.66,2.0,1002.0,1003.0,1001.0,1949.4,114.0,68.4,87.0,0.7999786672355405,8.777027604478251,8.88812921972481,19.494,33.2,0.0341317024633708,1169.64,3249,4.0,1004004,329.59999999999997,54.93333333333333,3.0,3.0,0.9000000000000057
95,98.6,10.0,114.0,41.3,43.0,87,0.0,1001,51,35.0,3.5,2.0,2023,6,17,13,5,168,24,-0.2588190451025208,-0.9659258262890683,1.2246467991473532e-16,-1.0,-0.9749279121818236,-0.2225209339563146,2,1,1,30.0,27.0,27.0,15.0,19.0,25.0,30.0,3.0000000000015947,33.0,27.0,27.166666666666668,4.6654760385899765,33.0,19.0,20.916666666666668,7.391128998927066,33.0,12.0,22.958333333333332,7.578454394828333,39.0,12.0,34.2,32.5,30.2,57.0,70.0,88.0,2.0,1.6,2.0,1002.0,1003.0,1002.0,1785.0,102.0,70.0,0.0,0.7990121304568898,9.85901409859014,11.398860113988603,17.85,34.0,0.034965000034965,1225.0,2601,4.0,1002001,339.9,56.65,3.0,6.0,0.7999999999999972
78,95.7,10.7,110.7,31.3,42.3,87,0.0,1000,50,35.4,2.8,2.0,2023,6,17,14,5,168,24,-0.4999999999999997,-0.8660254037844388,1.2246467991473532e-16,-1.0,-0.9749279121818236,-0.2225209339563146,2,1,1,33.0,30.0,27.0,19.0,13.0,17.0,29.333333333333332,4.041451884328594,33.0,25.0,28.166666666666668,2.857738033245425,33.0,25.0,21.916666666666668,7.025386865223391,33.0,12.0,23.291666666666668,7.4802881057435044,39.0,12.0,35.0,33.3,31.0,51.0,63.0,82.0,2.0,2.0,1.33,1001.0,1002.0,1002.0,1770.0,100.0,70.8,0.0,0.7986965272674994,8.943089430894311,10.344827586206899,17.7,34.4,0.0353999646000354,1253.1599999999999,2500,4.0,1000000,315.70000000000005,52.616666666666674,-8.0,-2.0,0.3999999999999986
80,92.8,11.3,107.3,32.5,41.7,87,0.0,1000,49,35.8,2.0,2.8,2023,6,17,15,5,168,24,-0.7071067811865471,-0.7071067811865479,1.2246467991473532e-16,-1.0,-0.9749279121818236,-0.2225209339563146,2,1,1,25.0,33.0,30.0,27.0,14.0,23.0,28.0,4.358898943541855,33.0,25.0,28.0,2.9664793948367025,33.0,25.0,22.916666666666668,6.6395280956801495,33.0,12.0,23.416666666666668,7.500241542004233,39.0,12.0,35.4,34.2,31.7,50.0,57.0,76.0,2.0,2.0,0.66,1000.0,1002.0,1003.0,1754.1999999999998,137.2,100.23999999999998,0.0,0.7999753853727578,8.211662684718165,9.49473497920538,17.541999999999998,34.4,0.0357999642000358,1281.6399999999999,2401,7.839999999999999,1000000,311.59999999999997,51.93333333333333,1.0,-4.0,0.3999999999999986
74,89.9,12.0,104.0,28.8,41.0,87,0.0,999,49,36.2,1.3,3.2,2023,6,17,16,5,168,24,-0.8660254037844385,-0.5000000000000004,1.2246467991473532e-16,-1.0,-0.9749279121818236,-0.2225209339563146,2,1,1,26.0,25.0,33.0,27.0,16.0,18.0,24.666666666666668,1.5275252316557228,26.0,23.0,27.333333333333332,3.6147844564589544,33.0,23.0,23.5,6.274044657446192,33.0,12.0,23.625,7.412166848587844,39.0,12.0,35.8,35.0,32.5,49.0,51.0,70.0,2.8,2.0,1.6,1000.0,1001.0,1003.0,1773.8000000000002,156.8,115.84000000000002,0.0,0.7985833825214401,7.49104241313224,8.665944504624616,17.738000000000003,34.6,0.0362361999637638,1310.4400000000003,2401,10.240000000000002,998001,298.70000000000005,49.78333333333334,-3.0,-10.0,0.4000000000000057
100,102.9,23.3,81.0,43.8,40.0,83,0.0,1000,53,34.6,0.8,1.0,2023,6,17,17,5,168,24,-0.9659258262890683,-0.25881904510252063,1.2246467991473532e-16,-1.0,-0.9749279121818236,-0.2225209339563146,2,1,1,23.0,26.0,25.0,27.0,12.0,20.0,28.0,6.2449979983992225,35.0,23.0,28.666666666666668,4.760952285694275,35.0,23.0,25.416666666666668,5.946096249309572,35.0,15.0,24.25,7.719258806500762,39.0,12.0,36.2,35.4,33.3,49.0,50.0,63.0,3.2,2.0,2.0,999.0,1000.0,1002.0,1833.8000000000002,53.0,34.6,0.0,0.7990685144174792,4.41611947985065,3.4762456546929315,18.338,34.1,0.0345999654000346,1197.16,2809,1.0,1000000,326.0,54.333333333333336,12.0,10.0,-1.6000000000000014
78,115.9,34.7,58.0,31.3,39.0,79,0.5,1002,57,33.1,0.6,2.0,2023,6,17,18,5,168,24,-1.0,-1.8369701987210297e-16,1.2246467991473532e-16,-1.0,-0.9749279121818236,-0.2225209339563146,2,2,1,35.0,23.0,26.0,30.0,18.0,18.0,27.666666666666668,6.429100507329447,35.0,23.0,27.833333333333332,4.915960401249929,35.0,23.0,26.0,5.477225575050999,35.0,15.0,24.541666666666668,7.604227466503047,39.0,12.0,34.6,35.8,34.2,53.0,49.0,57.0,1.0,2.8,2.0,1000.0,1000.0,1002.0,1886.7,114.0,66.2,39.5,0.7986965272674994,3.339961384398144,1.6714215728653352,18.867,32.1,0.03303389916776531,1095.6100000000001,3249,4.0,1004004,303.90000000000003,50.650000000000006,-10.0,-1.0,-1.5
78,129.0,46.0,35.0,31.3,38.0,75,1.25,1003,62,31.5,0.0,3.0,2023,6,17,19,5,168,24,-0.9659258262890684,0.2588190451025203,1.2246467991473532e-16,-1.0,-0.9749279121818236,-0.2225209339563146,2,2,1,25.0,35.0,23.0,33.0,15.0,27.0,28.333333333333332,5.773502691897139,35.0,25.0,26.5,4.277849927240368,35.0,23.0,26.833333333333332,4.281744192887529,35.0,19.0,24.458333333333332,7.587055146570502,39.0,12.0,33.1,36.2,35.0,57.0,49.0,51.0,2.0,3.2,2.0,1002.0,999.0,1001.0,1953.0,186.0,94.5,93.75,0.7986965272674994,2.8042868633290583,0.7608530249342406,19.53,30.0,0.03140575134022797,992.25,3844,9.0,1006009,304.3,50.71666666666667,0.0,2.0,-1.6000000000000014
63,115.6,38.0,37.0,22.5,33.0,75,3.25,1003,70,30.0,0.0,2.33,2023,6,17,20,5,168,24,-0.8660254037844386,0.5000000000000001,1.2246467991473532e-16,-1.0,-0.9749279121818236,-0.2225209339563146,2,2,1,25.0,25.0,35.0,25.0,19.0,31.0,22.666666666666668,4.0414518843288985,25.0,18.0,25.333333333333332,5.537749241944497,35.0,18.0,26.75,4.454313537561297,35.0,18.0,23.916666666666668,7.563738819362855,39.0,12.0,31.5,34.6,35.4,62.0,53.0,50.0,3.0,1.0,2.0,1003.0,1000.0,1000.0,2100.0,163.1,69.9,243.75,0.7999644460246211,3.0420252098628984,0.9736585879318966,21.0,28.835,0.02991023937164569,900.0,4900,5.4289000000000005,1006009,264.1,44.01666666666667,-7.0,-17.0,-1.5
63,102.1,30.0,39.0,22.5,28.0,75,2.25,1004,79,28.5,0.0,1.66,2023,6,17,21,5,168,24,-0.7071067811865477,0.7071067811865474,1.2246467991473532e-16,-1.0,-0.9749279121818236,-0.2225209339563146,2,2,1,18.0,25.0,25.0,26.0,27.0,39.0,20.333333333333332,4.041451884329005,25.0,18.0,24.0,6.2609903369986055,35.0,18.0,26.0,5.11681719253394,35.0,18.0,23.041666666666668,6.93120961064278,37.0,12.0,30.0,33.1,35.8,70.0,57.0,49.0,2.33,2.0,2.8,1003.0,1002.0,1000.0,2251.5,131.14,47.309999999999995,168.75,0.7999644460246211,3.403219892670244,1.2999566681110628,22.515,27.67,0.028386425909934353,812.25,6241,2.7556,1008016,239.6,39.93333333333333,0.0,-7.0,-1.5
74,88.7,22.0,41.0,28.8,23.0,75,1.5,1004,90,27.0,0.0,1.0,2023,6,17,22,5,168,24,-0.5000000000000004,0.8660254037844384,1.2246467991473532e-16,-1.0,-0.9749279121818236,-0.2225209339563146,2,3,1,18.0,18.0,25.0,23.0,27.0,28.0,19.666666666666668,2.886751345950446,23.0,18.0,24.0,6.2609903369986055,35.0,18.0,25.666666666666668,5.175700801618223,35.0,18.0,22.833333333333332,6.850367598303333,37.0,12.0,28.5,31.5,36.2,79.0,62.0,49.0,1.66,3.0,3.2,1004.0,1003.0,999.0,2430.0,90.0,27.0,112.5,0.7985833825214401,4.031634925685196,1.8635516567428752,24.3,26.5,0.02689240349362202,729.0,8100,1.0,1008016,226.5,37.75,5.0,-2.0,-1.5
89,80.0,17.3,42.7,37.5,22.0,83,0.75,1004,91,27.2,0.0,0.66,2023,6,17,23,5,168,24,-0.25881904510252157,0.9659258262890681,1.2246467991473532e-16,-1.0,-0.9749279121818236,-0.2225209339563146,2,3,1,23.0,18.0,18.0,35.0,27.0,37.0,23.666666666666668,6.027713773342696,30.0,18.0,23.166666666666668,4.622409184251909,30.0,18.0,25.916666666666668,5.316498049952078,35.0,18.0,22.541666666666668,6.351851265005634,35.0,12.0,27.0,30.0,34.6,90.0,70.0,53.0,1.0,2.33,1.0,1004.0,1003.0,1000.0,2475.2,60.06,17.952,62.25,0.7999786672355405,4.62401017282238,2.4680654297439455,24.752,26.87,0.027091606482463663,739.8399999999999,8281,0.43560000000000004,1008016,229.5,38.25,7.0,12.0,0.1999999999999993
65,71.2,12.7,44.3,23.8,21.0,91,0.0,1004,92,27.3,0.0,0.33,2023,6,18,0,6,169,24,0.0,1.0,1.2246467991473532e-16,-1.0,-0.7818314824680299,0.6234898018587334,2,3,1,30.0,23.0,18.0,25.0,30.0,23.0,24.0,5.567764362831081,30.0,19.0,22.166666666666668,4.79235502301908,30.0,18.0,25.0,5.493798156267748,35.0,18.0,22.375,6.39165556562345,35.0,12.0,27.2,28.5,33.1,91.0,79.0,57.0,0.66,1.66,2.0,1004.0,1004.0,1002.0,2511.6,30.360000000000003,9.009,0.0,0.7982857863114995,5.605857806471932,3.487914337453744,25.116,27.135,0.027191207976884485,745.2900000000001,8464,0.10890000000000001,1008016,192.0,32.0,-11.0,1.0,0.10000000000000142
65,62.4,8.0,46.0,23.8,20.0,100,0.0,1004,93,27.5,0.0,3.2,2023,6,18,1,6,169,24,0.25881904510252074,0.9659258262890683,1.2246467991473532e-16,-1.0,-0.7818314824680299,0.6234898018587334,2,3,1,19.0,30.0,23.0,25.0,33.0,19.0,22.666666666666668,6.350852961086851,30.0,19.0,21.166666666666668,4.708148963940712,30.0,18.0,23.833333333333332,5.113855214171386,35.0,18.0,22.375,6.39165556562345,35.0,12.0,27.3,27.0,31.5,92.0,90.0,62.0,0.33,1.0,3.0,1004.0,1004.0,1003.0,2557.5,297.6,88.0,0.0,0.7982857863114995,7.799025121859768,5.749281339832521,25.575,25.9,0.02739041096572613,756.25,8649,10.240000000000002,1008016,179.20000000000002,29.86666666666667,0.0,-4.0,0.1999999999999993
61,60.5,6.3,47.3,21.3,19.0,91,0.25,1003,93,27.0,0.0,2.8,2023,6,18,2,6,169,24,0.49999999999999994,0.8660254037844387,1.2246467991473532e-16,-1.0,-0.7818314824680299,0.6234898018587334,2,3,1,19.0,19.0,30.0,18.0,25.0,13.0,18.333333333333332,1.1547005383852624,19.0,17.0,21.0,4.857983120595346,30.0,17.0,23.166666666666668,5.4578272955335905,35.0,17.0,22.541666666666668,6.1853906886319265,35.0,12.0,27.5,27.2,30.0,93.0,91.0,70.0,3.2,0.66,2.33,1004.0,1004.0,1003.0,2511.0,260.4,75.6,22.75,0.7980845969672785,9.60165053166164,7.506744961117282,25.11,25.6,0.026919215434481124,729.0,8649,7.839999999999999,1006009,171.4,28.566666666666666,-2.0,-13.0,-0.5
61,58.6,4.7,48.7,21.3,18.0,83,2.75,1003,93,26.5,0.0,3.2,2023,6,18,3,6,169,24,0.7071067811865476,0.7071067811865476,1.2246467991473532e-16,-1.0,-0.7818314824680299,0.6234898018587334,2,3,1,17.0,19.0,19.0,18.0,26.0,14.0,17.666666666666668,1.1547005383853688,19.0,17.0,20.833333333333332,4.996665554813123,30.0,17.0,22.416666666666668,5.648142628467156,35.0,17.0,22.666666666666668,6.033721662576867,35.0,12.0,27.0,27.3,28.5,93.0,92.0,79.0,2.8,0.33,1.66,1003.0,1004.0,1004.0,2464.5,297.6,84.80000000000001,228.25,0.7980845969672785,12.465432886619867,10.359497979153371,24.645,24.9,0.026420711444953695,702.25,8649,10.240000000000002,1006009,168.3,28.05,0.0,-2.0,-0.5
50,56.6,3.0,50.0,15.0,17.0,75,3.25,1003,93,26.0,0.0,2.8,2023,6,18,4,6,169,24,0.8660254037844386,0.5000000000000001,1.2246467991473532e-16,-1.0,-0.7818314824680299,0.6234898018587334,2,3,1,17.0,17.0,19.0,23.0,23.0,16.0,15.333333333333334,2.886751345950725,17.0,12.0,19.0,5.966573556069589,30.0,12.0,21.5,6.3889108475681935,35.0,12.0,22.5,6.27624922607652,35.0,12.0,26.5,27.5,27.0,93.0,93.0,90.0,3.2,3.2,1.0,1003.0,1004.0,1004.0,2418.0,260.4,72.8,243.75,0.7999466702219852,18.860379873375543,16.661112962345886,24.18,24.6,0.025922207455426265,676.0,8649,7.839999999999999,1006009,153.6,25.599999999999998,-5.0,-7.0,-0.5
50,65.2,6.7,46.0,15.0,18.0,75,1.5,1003,94,26.2,0.0,2.4,2023,6,18,5,6,169,24,0.9659258262890683,0.25881904510252074,1.2246467991473532e-16,-1.0,-0.7818314824680299,0.6234898018587334,2,3,1,12.0,17.0,17.0,30.0,35.0,12.0,13.666666666666666,2.886751345950832,17.0,12.0,16.0,3.224903099317602,19.0,12.0,19.583333333333332,5.333570070502721,30.0,12.0,22.5,6.27624922607652,35.0,12.0,26.0,27.0,27.2,93.0,93.0,91.0,2.8,2.8,0.66,1003.0,1003.0,1004.0,2462.7999999999997,225.6,62.879999999999995,112.5,0.7999466702219852,9.729891061035666,6.86464706760185,24.627999999999997,25.0,0.026121609051237237,686.4399999999999,8836,5.76,1006009,162.9,27.150000000000002,0.0,-5.0,0.1999999999999993
50,73.7,10.3,42.0,15.0,19.0,75,0.5,1003,94,26.3,0.6,2.4,2023,6,18,6,6,169,24,1.0,6.123233995736766e-17,1.2246467991473532e-16,-1.0,-0.7818314824680299,0.6234898018587334,2,0,1,12.0,12.0,17.0,19.0,25.0,18.0,12.0,0.0,12.0,12.0,14.833333333333334,3.188521078282956,19.0,12.0,18.5,5.452272253589821,30.0,12.0,22.25,6.575646769313463,35.0,12.0,26.2,26.5,27.3,94.0,93.0,92.0,2.4,3.2,0.33,1003.0,1003.0,1004.0,2472.2000000000003,225.6,63.12,37.5,0.7999466702219852,7.154645180079604,4.077274051063004,24.722,25.1,0.026221309849142723,691.69,8836,5.76,1006009,172.0,28.666666666666668,0.0,-5.0,0.10000000000000142
61,82.3,14.0,38.0,21.3,20.0,75,0.0,1004,95,26.5,0.8,2.0,2023,6,18,7,6,169,24,0.9659258262890683,-0.25881904510252063,1.2246467991473532e-16,-1.0,-0.7818314824680299,0.6234898018587334,2,0,1,12.0,12.0,12.0,19.0,25.0,15.0,13.666666666666666,2.886751345950832,17.0,12.0,14.5,2.7386127875236337,17.0,12.0,17.833333333333332,5.060243137049178,30.0,12.0,22.333333333333332,6.4919124713933005,35.0,12.0,26.3,26.0,27.5,94.0,93.0,93.0,2.4,2.8,3.2,1003.0,1003.0,1004.0,2517.5,190.0,53.0,0.0,0.7980845969672785,5.878151560602814,2.7140918505821015,25.175,25.5,0.026394396021517906,702.25,9025,4.0,1008016,192.60000000000002,32.1,5.0,5.0,0.1999999999999993
61,84.6,12.7,54.3,21.3,23.7,83,0.0,1004,90,27.5,1.3,0.66,2023,6,18,8,6,169,24,0.8660254037844387,-0.4999999999999998,1.2246467991473532e-16,-1.0,-0.7818314824680299,0.6234898018587334,2,0,1,17.0,12.0,12.0,17.0,18.0,19.0,15.333333333333334,2.8867513459507252,17.0,12.0,14.5,2.7386127875236337,17.0,12.0,17.75,5.065480323630091,30.0,12.0,22.25,6.549145314300643,35.0,12.0,26.5,26.2,27.0,95.0,94.0,93.0,2.0,2.4,2.8,1004.0,1003.0,1003.0,2475.0,59.400000000000006,18.150000000000002,0.0,0.7980845969672785,6.660892843083222,4.275253917014409,24.75,27.17,0.02739041096572613,756.25,8100,0.43560000000000004,1008016,213.6,35.6,0.0,5.0,1.0
69,87.0,11.3,70.7,26.3,27.3,91,0.25,1004,85,28.5,2.0,1.33,2023,6,18,9,6,169,24,0.7071067811865476,-0.7071067811865475,1.2246467991473532e-16,-1.0,-0.7818314824680299,0.6234898018587334,2,0,1,17.0,17.0,12.0,17.0,18.0,27.0,18.333333333333332,2.3094010767615085,21.0,17.0,15.166666666666666,3.7638632635438247,21.0,12.0,18.0,5.152228114655566,30.0,12.0,22.0,6.474028381020645,35.0,12.0,27.5,26.3,26.5,90.0,94.0,93.0,0.66,2.4,3.2,1004.0,1003.0,1003.0,2422.5,113.05000000000001,37.905,22.75,0.79844872818524,7.698433766923281,6.256083532430758,24.225,27.835,0.028386425909934353,812.25,7225,1.7689000000000001,1008016,243.60000000000002,40.6,4.0,9.0,1.0
76,89.3,10.0,87.0,30.0,31.0,100,0.25,1005,81,29.5,2.9,2.0,2023,6,18,10,6,169,24,0.49999999999999994,-0.8660254037844387,1.2246467991473532e-16,-1.0,-0.7818314824680299,0.6234898018587334,2,0,1,21.0,17.0,17.0,12.0,23.0,27.0,20.666666666666668,3.5118845842861006,24.0,17.0,17.166666666666668,4.792355023018973,24.0,12.0,18.083333333333332,5.247654598758524,30.0,12.0,21.875,6.401850955167092,35.0,12.0,28.5,26.5,26.0,85.0,95.0,93.0,1.33,2.0,2.8,1004.0,1004.0,1003.0,2389.5,162.0,59.0,25.0,0.7999733342221925,8.92910708929107,8.699130086991302,23.895,28.5,0.029353204623676993,870.25,6561,4.0,1010025,271.3,45.21666666666667,3.0,7.0,1.0
69,85.8,8.7,94.3,26.3,31.3,91,0.0,1004,76,30.5,3.7,2.0,2023,6,18,11,6,169,24,0.258819045102521,-0.9659258262890682,1.2246467991473532e-16,-1.0,-0.7818314824680299,0.6234898018587334,2,0,1,24.0,21.0,17.0,12.0,30.0,27.0,22.0,1.7320508075724959,24.0,21.0,18.666666666666668,4.2268979957713055,24.0,12.0,17.333333333333332,3.8455011101118535,24.0,12.0,21.625,6.309499394460348,35.0,12.0,29.5,27.5,26.2,81.0,90.0,94.0,2.0,0.66,2.4,1005.0,1004.0,1003.0,2318.0,152.0,61.0,0.0,0.79844872818524,9.86093552465234,10.837834731640042,23.18,29.5,0.0303784557983508,930.25,5776,4.0,1008016,267.40000000000003,44.56666666666667,-3.0,4.0,1.0
93,82.3,7.3,101.7,40.0,31.7,83,0.0,1003,73,31.5,4.0,2.0,2023,6,18,12,6,169,24,1.2246467991473532e-16,-1.0,1.2246467991473532e-16,-1.0,-0.7818314824680299,0.6234898018587334,2,1,1,21.0,24.0,21.0,12.0,19.0,30.0,25.666666666666668,5.686240703078311,32.0,21.0,22.0,5.585696017506635,32.0,17.0,18.416666666666668,5.728054299725062,32.0,12.0,21.708333333333332,6.436844802734692,35.0,12.0,30.5,28.5,26.3,76.0,85.0,94.0,2.0,1.33,2.4,1004.0,1004.0,1003.0,2299.5,146.0,63.0,0.0,0.7999800004999875,11.272428434461032,13.929598685111628,22.995,30.5,0.03140575134022797,992.25,5329,4.0,1006009,295.0,49.166666666666664,11.0,11.0,1.0
72,78.8,6.0,109.0,27.5,32.0,75,0.0,1003,69,32.5,3.5,2.0,2023,6,18,13,6,169,24,-0.2588190451025208,-0.9659258262890683,1.2246467991473532e-16,-1.0,-0.7818314824680299,0.6234898018587334,2,1,1,32.0,21.0,24.0,17.0,19.0,33.0,25.0,6.082762530299159,32.0,21.0,22.833333333333332,5.036533199201243,32.0,17.0,18.666666666666668,5.820548760965807,32.0,12.0,21.25,5.972764271547808,35.0,12.0,31.5,29.5,26.5,73.0,81.0,95.0,2.0,2.0,2.0,1003.0,1005.0,1004.0,2242.5,138.0,65.0,0.0,0.7999709101487218,13.131144809198465,18.163639393434426,22.425,31.5,0.03240275931928283,1056.25,4761,4.0,1006009,275.3,45.88333333333333,-10.0,-2.0,1.0
72,78.6,8.3,100.0,27.5,31.7,70,0.0,1002,68,32.7,2.9,2.0,2023,6,18,14,6,169,24,-0.4999999999999997,-0.8660254037844388,1.2246467991473532e-16,-1.0,-0.7818314824680299,0.6234898018587334,2,1,1,22.0,32.0,21.0,17.0,17.0,25.0,25.333333333333332,5.773502691897237,32.0,22.0,23.666666666666668,4.226897995771424,32.0,21.0,19.083333333333332,5.869154087001159,32.0,12.0,21.125,5.9220479712606835,35.0,12.0,32.5,30.5,27.5,69.0,76.0,90.0,2.0,2.0,0.66,1003.0,1004.0,1004.0,2223.6000000000004,136.0,65.4,0.0,0.7999709101487218,9.468738706179977,12.046741356463077,22.236000000000004,31.700000000000003,0.03263469796936331,1069.2900000000002,4624,4.0,1004004,268.09999999999997,44.68333333333333,0.0,1.0,0.20000000000000284
74,78.4,10.7,91.0,28.8,31.3,66,0.0,1001,67,33.0,2.1,2.0,2023,6,18,15,6,169,24,-0.7071067811865471,-0.7071067811865479,1.2246467991473532e-16,-1.0,-0.7818314824680299,0.6234898018587334,2,1,1,22.0,22.0,32.0,21.0,17.0,26.0,22.333333333333332,0.57735026920038,23.0,22.0,24.0,4.049691346262068,32.0,21.0,19.583333333333332,5.930787673170835,32.0,12.0,21.0,5.8458457936793,35.0,12.0,32.7,31.5,28.5,68.0,73.0,85.0,2.0,2.0,1.33,1002.0,1003.0,1004.0,2211.0,134.0,66.0,0.0,0.7985833825214401,7.326418091767126,8.503878142229699,22.11,32.0,0.032967000032967,1089.0,4489,4.0,1002001,263.20000000000005,43.866666666666674,1.0,-9.0,0.29999999999999716
61,78.2,13.0,82.0,21.3,31.0,62,0.0,1000,66,33.2,1.3,2.0,2023,6,18,16,6,169,24,-0.8660254037844385,-0.5000000000000004,1.2246467991473532e-16,-1.0,-0.7818314824680299,0.6234898018587334,2,1,1,23.0,22.0,22.0,24.0,12.0,23.0,20.666666666666668,3.2145502536663453,23.0,17.0,22.833333333333332,4.956477243633456,32.0,17.0,20.0,5.510320894796333,32.0,12.0,20.75,5.8847629334246205,35.0,12.0,33.0,32.5,29.5,67.0,69.0,81.0,2.0,2.0,2.0,1001.0,1003.0,1005.0,2191.2000000000003,132.0,66.4,0.0,0.7980845969672785,6.014921929082378,6.307207137912468,21.912000000000003,32.2,0.033199966800033204,1102.2400000000002,4356,4.0,1000000,242.5,40.416666666666664,-6.0,-5.0,0.20000000000000284
54,93.4,23.3,67.7,17.5,34.0,62,0.0,1000,73,31.0,0.9,1.66,2023,6,18,17,6,169,24,-0.9659258262890683,-0.25881904510252063,1.2246467991473532e-16,-1.0,-0.7818314824680299,0.6234898018587334,2,1,1,17.0,23.0,22.0,21.0,12.0,35.0,18.0,4.582575694957369,23.0,14.0,21.666666666666668,6.153589738246779,32.0,14.0,20.166666666666668,5.271420945804981,32.0,12.0,19.875,5.194583299185158,32.0,12.0,33.2,32.7,30.5,66.0,68.0,76.0,2.0,2.0,2.0,1000.0,1002.0,1004.0,2263.0,121.17999999999999,51.46,0.0,0.7999542883263813,4.008411656152097,2.905454701514956,22.63,30.17,0.030999969000031,961.0,5329,2.7556,1000000,249.9,41.65,-3.0,-8.0,-2.200000000000003
65,108.5,33.7,53.3,23.8,37.0,62,0.0,1001,80,28.7,0.7,1.33,2023,6,18,18,6,169,24,-1.0,-1.8369701987210297e-16,1.2246467991473532e-16,-1.0,-0.7818314824680299,0.6234898018587334,2,2,1,14.0,17.0,23.0,32.0,12.0,25.0,16.666666666666668,2.5166114784264666,19.0,14.0,19.5,3.507135583348459,23.0,14.0,20.75,4.634357854899147,32.0,14.0,19.625,5.080332923017452,32.0,12.0,31.0,33.0,31.5,73.0,67.0,73.0,1.66,2.0,2.0,1000.0,1001.0,1003.0,2296.0,106.4,38.171,0.0,0.7982857863114995,3.219489035933652,1.581555443458651,22.96,28.035,0.0286713000286713,823.6899999999999,6400,1.7689000000000001,1002001,275.3,45.88333333333333,5.0,-4.0,-2.3000000000000007
56,123.7,44.0,39.0,18.8,40.0,62,0.0,1001,89,26.5,0.0,1.0,2023,6,18,19,6,169,24,-0.9659258262890684,0.2588190451025203,1.2246467991473532e-16,-1.0,-0.7818314824680299,0.6234898018587334,2,2,1,19.0,14.0,17.0,22.0,17.0,25.0,16.0,2.6457513110673805,19.0,14.0,18.333333333333332,3.669695718537895,23.0,14.0,20.583333333333332,4.81396327616187,32.0,14.0,19.208333333333332,5.030162644674958,32.0,12.0,28.7,33.2,32.5,80.0,66.0,69.0,1.33,2.0,2.0,1001.0,1000.0,1003.0,2358.5,89.0,26.5,0.0,0.7978299026647518,2.811299743187655,0.8863434921933593,23.585,26.0,0.0264735000264735,702.25,7921,1.0,1002001,280.5,46.75,-4.0,-2.0,-2.1999999999999993
56,115.9,37.3,43.3,18.8,35.3,75,0.0,1002,90,26.5,0.0,1.33,2023,6,18,20,6,169,24,-0.8660254037844386,0.5000000000000001,1.2246467991473532e-16,-1.0,-0.7818314824680299,0.6234898018587334,2,2,1,15.0,19.0,14.0,22.0,17.0,18.0,16.333333333333332,2.3094010767616724,19.0,15.0,17.166666666666668,3.3714487489290272,23.0,14.0,20.416666666666668,4.981024599477376,32.0,14.0,19.083333333333332,5.098308898368917,32.0,12.0,26.5,31.0,32.7,89.0,73.0,68.0,1.0,1.66,2.0,1001.0,1000.0,1002.0,2385.0,119.7,35.245000000000005,0.0,0.7978299026647518,3.1071553041473425,1.1608267874855902,23.85,25.835,0.026447079394132343,702.25,8100,1.7689000000000001,1004004,265.6,44.26666666666667,0.0,1.0,0.0
65,108.2,30.7,47.7,23.8,30.7,87,0.0,1002,91,26.6,0.0,1.66,2023,6,18,21,6,169,24,-0.7071067811865477,0.7071067811865474,1.2246467991473532e-16,-1.0,-0.7818314824680299,0.6234898018587334,2,2,1,15.0,15.0,19.0,23.0,21.0,18.0,16.333333333333332,2.3094010767616724,19.0,15.0,16.5,2.1679483388651795,19.0,14.0,20.25,4.993177163070711,32.0,14.0,19.125,5.0931539728643225,32.0,12.0,26.5,28.7,33.0,90.0,80.0,67.0,1.33,1.33,2.0,1002.0,1001.0,1001.0,2420.6,151.06,44.156,0.0,0.7982857863114995,3.524315168887007,1.5536953193707046,24.206,25.770000000000003,0.02654687969373284,707.5600000000001,8281,2.7556,1004004,260.1,43.35,4.0,0.0,0.10000000000000142
63,100.4,24.0,52.0,22.5,26.0,100,0.0,1003,92,26.6,0.0,2.0,2023,6,18,22,6,169,24,-0.5000000000000004,0.8660254037844384,1.2246467991473532e-16,-1.0,-0.7818314824680299,0.6234898018587334,2,3,1,19.0,15.0,15.0,17.0,24.0,23.0,17.333333333333332,2.0816659994695597,19.0,15.0,16.666666666666668,2.2509257354819585,19.0,14.0,19.75,4.882715339941678,32.0,14.0,18.916666666666668,5.0296223962912565,32.0,12.0,26.6,26.5,33.2,91.0,89.0,66.0,1.66,1.0,2.0,1002.0,1001.0,1000.0,2447.2000000000003,184.0,53.2,0.0,0.7999644460246211,4.183159035040207,2.166576392650306,24.472,25.6,0.02652041224285918,707.5600000000001,8464,4.0,1006009,242.9,40.483333333333334,-1.0,3.0,0.0
72,95.5,20.3,52.3,27.5,26.0,79,0.5,1003,91,26.9,0.0,1.66,2023,6,18,23,6,169,24,-0.25881904510252157,0.9659258262890681,1.2246467991473532e-16,-1.0,-0.7818314824680299,0.6234898018587334,2,3,1,18.0,19.0,15.0,14.0,21.0,30.0,19.666666666666668,2.081665999469353,22.0,18.0,18.0,2.6832815729976303,22.0,15.0,19.833333333333332,4.914419106212639,32.0,14.0,18.583333333333332,4.500402558483514,32.0,12.0,26.6,26.5,31.0,92.0,90.0,73.0,2.0,1.33,1.66,1003.0,1002.0,1000.0,2447.9,151.06,44.653999999999996,39.5,0.7999709101487218,4.704201763459928,2.576227772030934,24.479,26.07,0.026819514636575635,723.6099999999999,8281,2.7556,1006009,243.6,40.6,4.0,7.0,0.29999999999999716
63,90.7,16.7,52.7,22.5,26.0,58,0.5,1003,90,27.2,0.0,1.33,2023,6,19,0,0,170,25,0.0,1.0,1.2246467991473532e-16,-1.0,0.0,1.0,2,3,0,22.0,18.0,19.0,19.0,32.0,19.0,19.333333333333332,2.309401076761433,22.0,18.0,17.833333333333332,2.6394443859750605,22.0,15.0,18.666666666666668,3.0846639225601526,23.0,14.0,18.541666666666668,4.5010063287017985,32.0,12.0,26.9,26.6,28.7,91.0,91.0,80.0,1.66,1.66,1.33,1003.0,1002.0,1001.0,2448.0,119.7,36.176,29.0,0.7999644460246211,5.4308125261960365,3.1554996706784024,24.48,26.535,0.027118617030292093,739.8399999999999,8100,1.7689000000000001,1006009,226.60000000000002,37.76666666666667,-4.0,-1.0,0.3000000000000007
67,85.8,13.0,53.0,25.0,26.0,37,0.5,1003,89,27.5,0.0,1.0,2023,6,19,1,0,170,25,0.25881904510252074,0.9659258262890683,1.2246467991473532e-16,-1.0,0.0,1.0,2,3,0,18.0,22.0,18.0,15.0,22.0,19.0,20.0,2.0000000000033213,22.0,18.0,18.666666666666668,2.3380903888976268,22.0,15.0,18.5,2.9387690682250467,23.0,14.0,18.583333333333332,4.5100531826292345,32.0,12.0,27.2,26.6,26.5,90.0,92.0,89.0,1.33,2.0,1.0,1003.0,1003.0,1001.0,2447.5,89.0,27.5,18.5,0.7999680012799487,6.599492346742558,4.076609491577571,24.475,27.0,0.02741771942400855,756.25,7921,1.0,1006009,222.8,37.13333333333333,2.0,2.0,0.3000000000000007
67,86.6,11.7,49.7,25.0,27.3,58,0.25,1002,91,27.7,0.0,0.66,2023,6,19,2,0,170,25,0.49999999999999994,0.8660254037844387,1.2246467991473532e-16,-1.0,0.0,1.0,2,3,0,20.0,18.0,22.0,15.0,22.0,17.0,19.333333333333332,1.1547005383851117,20.0,18.0,19.5,1.516575088806677,22.0,18.0,18.333333333333332,2.774341308664521,23.0,14.0,18.708333333333332,4.505833577916881,32.0,12.0,27.5,26.9,26.5,89.0,91.0,90.0,1.0,1.66,1.33,1003.0,1003.0,1002.0,2520.7,60.06,18.282,14.5,0.7999680012799487,7.401076831040083,4.247500213656953,25.206999999999997,27.37,0.027644682989338334,767.29,8281,0.43560000000000004,1004004,220.3,36.71666666666667,0.0,-2.0,0.1999999999999993
74,87.3,10.3,46.3,28.8,28.7,79,0.0,1002,93,27.9,0.0,0.33,2023,6,19,3,0,170,25,0.7071067811865476,0.7071067811865476,1.2246467991473532e-16,-1.0,0.0,1.0,2,3,0,20.0,20.0,18.0,19.0,23.0,17.0,21.0,1.7320508075726058,23.0,20.0,20.166666666666668,2.0412414523166533,23.0,18.0,18.333333333333332,2.774341308664521,23.0,14.0,18.958333333333332,4.572880042605231,32.0,12.0,27.7,27.2,26.6,91.0,90.0,91.0,0.66,1.33,1.66,1002.0,1003.0,1002.0,2594.7,30.69,9.207,0.0,0.7985833825214401,8.474905348995243,4.4947092515289775,25.947,27.735,0.027844283588539333,778.41,8649,0.10890000000000001,1004004,224.39999999999998,37.4,3.0,5.0,0.1999999999999993
78,88.1,9.0,43.0,31.3,30.0,100,0.0,1002,94,28.1,0.0,2.0,2023,6,19,4,0,170,25,0.8660254037844386,0.5000000000000001,1.2246467991473532e-16,-1.0,0.0,1.0,2,3,0,23.0,20.0,20.0,18.0,17.0,12.0,22.666666666666668,2.5166114784260274,25.0,20.0,21.333333333333332,2.503331114067027,25.0,18.0,19.0,3.3303016516378463,25.0,14.0,19.5,4.481847445165721,32.0,12.0,27.9,27.5,26.6,93.0,89.0,92.0,0.33,1.0,2.0,1002.0,1003.0,1003.0,2641.4,188.0,56.2,0.0,0.7986965272674994,9.787801355404955,4.777246972558605,26.414,27.1,0.028043884187740335,789.6100000000001,8836,4.0,1004004,226.4,37.733333333333334,2.0,5.0,0.20000000000000284
59,87.3,10.3,42.3,20.0,27.7,91,0.0,1002,94,28.3,0.0,2.4,2023,6,19,5,0,170,25,0.9659258262890683,0.25881904510252074,1.2246467991473532e-16,-1.0,0.0,1.0,2,3,0,25.0,23.0,20.0,22.0,14.0,12.0,21.333333333333332,4.725815626253962,25.0,16.0,20.333333333333332,3.2659863237092464,25.0,16.0,19.166666666666668,3.0993645487508052,25.0,15.0,19.666666666666668,4.25968631899478,32.0,12.0,28.1,27.7,26.9,94.0,91.0,91.0,2.0,0.66,1.66,1002.0,1002.0,1003.0,2660.2000000000003,225.6,67.92,0.0,0.7999600019998999,8.474905348995243,4.106397437142025,26.602000000000004,27.1,0.02824348478694133,800.89,8836,5.76,1004004,203.59999999999997,33.93333333333333,-9.0,-4.0,0.1999999999999993
59,86.6,11.7,41.7,20.0,25.3,83,0.0,1003,94,28.5,0.7,2.4,2023,6,19,6,0,170,25,1.0,6.123233995736766e-17,1.2246467991473532e-16,-1.0,0.0,1.0,2,0,0,16.0,25.0,23.0,18.0,19.0,12.0,19.0,5.1961524227079465,25.0,16.0,20.0,3.6331804249154898,25.0,16.0,18.916666666666668,3.2321772378634144,25.0,15.0,19.833333333333332,4.018075103358739,32.0,14.0,28.3,27.9,27.2,94.0,93.0,90.0,2.4,0.33,1.33,1002.0,1002.0,1003.0,2679.0,225.6,68.39999999999999,0.0,0.7999600019998999,7.401076831040083,3.5637979659858137,26.79,27.3,0.028414727403063406,812.25,8836,5.76,1006009,201.3,33.550000000000004,0.0,-7.0,0.1999999999999993
54,85.8,13.0,41.0,17.5,23.0,75,0.0,1003,94,28.7,0.8,2.4,2023,6,19,7,0,170,25,0.9659258262890683,-0.25881904510252063,1.2246467991473532e-16,-1.0,0.0,1.0,2,0,0,16.0,16.0,25.0,20.0,15.0,17.0,15.333333333333334,1.1547005383857563,16.0,14.0,19.0,4.38178046004006,25.0,14.0,18.833333333333332,3.3529724488007524,25.0,14.0,19.708333333333332,4.154402239915379,32.0,14.0,28.5,28.1,27.5,94.0,94.0,89.0,2.4,2.0,1.0,1003.0,1002.0,1003.0,2697.7999999999997,225.6,68.88,0.0,0.7999542883263813,6.599492346742558,3.153603568956234,26.977999999999998,27.5,0.028614128998874378,823.6899999999999,8836,5.76,1006009,194.3,32.38333333333333,-2.0,-11.0,0.1999999999999993
54,85.8,12.0,57.0,17.5,26.7,70,0.0,1003,89,29.4,1.3,2.4,2023,6,19,8,0,170,25,0.8660254037844387,-0.4999999999999998,1.2246467991473532e-16,-1.0,0.0,1.0,2,0,0,14.0,16.0,16.0,20.0,15.0,17.0,14.666666666666666,1.154700538385863,16.0,14.0,18.0,4.774934554524141,25.0,14.0,18.75,3.467380462643225,25.0,14.0,19.583333333333332,4.282590303793292,32.0,14.0,28.7,28.3,27.7,94.0,94.0,91.0,2.4,2.4,0.66,1003.0,1002.0,1002.0,2616.6,213.6,70.55999999999999,0.0,0.7999542883263813,7.1494042163153075,4.74960419965003,26.166,28.2,0.029312034584212776,864.3599999999999,7921,5.76,1006009,213.0,35.5,0.0,-2.0,0.6999999999999993
67,85.8,11.0,73.0,25.0,30.3,66,0.0,1003,84,30.0,2.1,2.0,2023,6,19,9,0,170,25,0.7071067811865476,-0.7071067811865475,1.2246467991473532e-16,-1.0,0.0,1.0,2,0,0,14.0,14.0,16.0,23.0,19.0,21.0,16.0,3.464101615139887,20.0,14.0,17.5,4.277849927240149,25.0,14.0,18.833333333333332,3.485902343943075,25.0,14.0,19.541666666666668,4.273061896464159,32.0,14.0,29.4,28.5,27.9,89.0,94.0,93.0,2.4,2.4,0.33,1003.0,1003.0,1002.0,2520.0,168.0,60.0,0.0,0.7999680012799487,7.799290973547859,6.635760385419507,25.2,29.0,0.02991023937164569,900.0,7056,4.0,1006009,245.10000000000002,40.85,6.0,4.0,0.6000000000000014
82,85.8,10.0,89.0,33.8,34.0,62,0.0,1004,79,30.7,3.1,2.0,2023,6,19,10,0,170,25,0.49999999999999994,-0.8660254037844387,1.2246467991473532e-16,-1.0,0.0,1.0,2,0,0,20.0,14.0,14.0,25.0,18.0,24.0,20.333333333333332,6.506407098648723,27.0,14.0,17.833333333333332,4.996665554813058,27.0,14.0,19.583333333333332,4.187825066531728,27.0,14.0,19.666666666666668,4.449393379919871,32.0,14.0,30.0,28.7,28.1,84.0,94.0,94.0,2.0,2.4,2.0,1003.0,1003.0,1002.0,2425.2999999999997,158.0,61.4,0.0,0.7987929351202628,8.579142085791421,8.899110088991101,24.252999999999997,29.7,0.030577658787192444,942.49,6241,4.0,1008016,279.6,46.6,7.0,13.0,0.6999999999999993
82,86.2,9.3,101.0,33.8,35.3,66,0.25,1003,79,30.7,3.7,1.2,2023,6,19,11,0,170,25,0.258819045102521,-0.9659258262890682,1.2246467991473532e-16,-1.0,0.0,1.0,2,0,0,27.0,20.0,14.0,16.0,22.0,21.0,24.666666666666668,4.041451884328811,27.0,20.0,19.666666666666668,6.088240030308897,27.0,14.0,20.0,4.670993664968354,27.0,14.0,19.916666666666668,4.689643229840398,32.0,14.0,30.7,29.4,28.3,79.0,89.0,94.0,2.0,2.4,2.4,1004.0,1003.0,1002.0,2425.2999999999997,94.8,36.839999999999996,16.5,0.7987929351202628,9.267820664444683,10.859047414256532,24.252999999999997,30.099999999999998,0.03060814495698409,942.49,6241,1.44,1006009,292.6,48.76666666666667,0.0,13.0,0.0
76,86.6,8.7,113.0,30.0,36.7,70,0.75,1003,79,30.7,3.8,1.2,2023,6,19,12,0,170,25,1.2246467991473532e-16,-1.0,1.2246467991473532e-16,-1.0,0.0,1.0,2,1,0,27.0,27.0,20.0,16.0,18.0,32.0,26.0,1.7320508075720766,27.0,24.0,21.0,5.999999999999107,27.0,14.0,20.5,4.757768766591786,27.0,14.0,19.583333333333332,4.031578250314037,27.0,14.0,30.7,30.0,28.5,79.0,84.0,94.0,1.2,2.0,2.4,1003.0,1003.0,1003.0,2425.2999999999997,94.8,36.839999999999996,52.5,0.7999733342221925,9.952878979427652,12.987012987012989,24.252999999999997,30.099999999999998,0.03060814495698409,942.49,6241,1.44,1006009,299.0,49.833333333333336,-3.0,4.0,0.0
78,87.0,8.0,125.0,31.3,38.0,75,0.5,1003,78,30.7,3.6,1.2,2023,6,19,13,0,170,25,-0.2588190451025208,-0.9659258262890683,1.2246467991473532e-16,-1.0,0.0,1.0,2,1,0,24.0,27.0,27.0,14.0,20.0,22.0,25.333333333333332,1.5275252316556551,27.0,24.0,22.833333333333332,5.036533199201244,27.0,14.0,20.916666666666668,4.925967063952438,27.0,14.0,19.708333333333332,4.154402239915378,27.0,14.0,30.7,30.7,28.7,79.0,79.0,94.0,1.2,2.0,2.4,1003.0,1004.0,1003.0,2394.6,93.6,36.839999999999996,37.5,0.7986965272674994,10.873640794900638,15.623047119110112,23.945999999999998,30.099999999999998,0.03060814495698409,942.49,6084,1.44,1006009,314.3,52.38333333333333,1.0,-2.0,0.0
78,89.9,10.3,118.7,31.3,40.7,79,0.0,1002,77,31.0,2.8,0.33,2023,6,19,14,0,170,25,-0.4999999999999997,-0.8660254037844388,1.2246467991473532e-16,-1.0,0.0,1.0,2,1,0,25.0,24.0,27.0,14.0,20.0,22.0,24.666666666666668,0.5773502691996513,25.0,24.0,24.666666666666668,2.581988897469678,27.0,20.0,21.333333333333332,5.0512524699468555,27.0,14.0,19.833333333333332,4.269881035575871,27.0,14.0,30.7,30.7,29.4,78.0,79.0,89.0,1.2,1.2,2.4,1003.0,1003.0,1003.0,2387.0,25.41,10.23,0.0,0.7986965272674994,8.727308028346762,11.523153091932823,23.87,30.835,0.030938092876154816,961.0,5929,0.10890000000000001,1004004,315.90000000000003,52.650000000000006,0.0,-2.0,0.3000000000000007
72,92.8,12.7,112.3,27.5,43.3,83,0.25,1001,76,31.3,2.0,0.66,2023,6,19,15,0,170,25,-0.7071067811865471,-0.7071067811865479,1.2246467991473532e-16,-1.0,0.0,1.0,2,1,0,25.0,25.0,24.0,20.0,23.0,23.0,24.0,1.732050807572291,25.0,22.0,25.0,1.8973665960984138,27.0,22.0,21.25,5.029458673202041,27.0,14.0,19.791666666666668,4.242427183322837,27.0,14.0,31.0,30.7,30.0,77.0,79.0,84.0,0.33,1.2,2.0,1002.0,1003.0,1003.0,2378.8,50.160000000000004,20.658,20.75,0.7999709101487218,7.306511298322968,8.841823478466264,23.788,30.970000000000002,0.0312687000312687,979.69,5776,0.43560000000000004,1002001,310.6,51.76666666666667,-3.0,-2.0,0.3000000000000007
74,95.7,15.0,106.0,28.8,46.0,87,0.0,1000,75,31.6,1.3,1.0,2023,6,19,16,0,170,25,-0.8660254037844385,-0.5000000000000004,1.2246467991473532e-16,-1.0,0.0,1.0,2,1,0,22.0,25.0,25.0,27.0,25.0,17.0,23.333333333333332,1.5275252316558983,25.0,22.0,24.333333333333332,1.751190071538957,27.0,22.0,21.083333333333332,4.925967063952438,27.0,14.0,20.041666666666668,4.247548312458161,27.0,14.0,31.3,30.7,30.7,76.0,78.0,79.0,0.66,1.2,2.0,1001.0,1003.0,1004.0,2370.0,75.0,31.6,0.0,0.7985833825214401,6.379574695020333,7.06619558696087,23.7,31.1,0.031599968400031604,998.5600000000001,5625,1.0,1000000,314.5,52.416666666666664,1.0,-2.0,0.3000000000000007
88,112.4,25.7,90.3,37.1,53.3,83,0.0,1000,78,31.2,0.8,1.0,2023,6,19,17,0,170,25,-0.9659258262890683,-0.25881904510252063,1.2246467991473532e-16,-1.0,0.0,1.0,2,1,0,23.0,22.0,25.0,27.0,16.0,14.0,24.89,4.169688237747698,29.67,22.0,24.778333333333336,2.665111004565609,29.67,22.0,22.2225,5.21566543300887,29.67,14.0,20.694583333333334,4.47665536948078,29.67,14.0,31.6,31.0,30.7,75.0,77.0,79.0,1.0,0.33,1.2,1000.0,1002.0,1003.0,2433.6,78.0,31.2,0.0,0.799708902724994,4.373370685965527,3.513481965682269,24.336,30.7,0.0311999688000312,973.4399999999999,6084,1.0,1000000,348.47,58.07833333333334,6.670000000000002,4.670000000000002,-0.40000000000000213
121,129.2,36.3,74.7,53.8,60.7,79,0.0,1001,82,30.9,0.6,1.0,2023,6,19,18,0,170,25,-1.0,-1.8369701987210297e-16,1.2246467991473532e-16,-1.0,0.0,1.0,2,2,0,29.67,23.0,22.0,24.0,16.0,19.0,31.89,10.183138023222945,43.0,23.0,27.945000000000004,7.83288899448924,43.0,22.0,24.4725,7.576697679547827,43.0,14.0,21.69458333333333,6.364269129913576,43.0,14.0,31.2,31.3,30.7,78.0,76.0,79.0,1.0,0.66,1.2,1000.0,1001.0,1003.0,2533.7999999999997,82.0,30.9,0.0,0.7992416497834613,3.5591306024627425,2.0577945511142945,25.337999999999997,30.4,0.0308691000308691,954.81,6724,1.0,1002001,397.7,66.28333333333333,13.329999999999998,21.0,-0.3000000000000007
121,145.9,47.0,59.0,53.8,68.0,75,0.0,1001,86,30.5,0.0,1.0,2023,6,19,19,0,170,25,-0.9659258262890684,0.2588190451025203,1.2246467991473532e-16,-1.0,0.0,1.0,2,2,0,43.0,29.67,23.0,25.0,14.0,15.0,38.556666666666665,7.696079088298128,43.0,29.67,30.945000000000004,9.703100020096219,43.0,22.0,26.889166666666668,8.50123783321949,43.0,14.0,22.86125,7.541268669937048,43.0,14.0,30.9,31.6,30.7,82.0,75.0,78.0,1.0,1.0,1.2,1001.0,1000.0,1003.0,2623.0,86.0,30.5,0.0,0.7992416497834613,3.104189272568669,1.2552924405863706,26.23,30.0,0.030469500030469502,930.25,7396,1.0,1002001,416.7,69.45,0.0,20.0,-0.3999999999999986
145,138.5,44.0,52.7,65.0,56.7,83,0.25,1001,85,30.1,0.0,0.66,2023,6,19,20,0,170,25,-0.8660254037844386,0.5000000000000001,1.2246467991473532e-16,-1.0,0.0,1.0,2,2,0,43.0,43.0,29.67,25.0,14.0,15.0,46.0,5.1961524227069855,52.0,43.0,35.445,12.306264664795414,52.0,22.0,30.055833333333336,10.176048043708889,52.0,20.0,24.402916666666666,9.413802761240369,52.0,14.0,30.5,31.2,31.0,86.0,78.0,77.0,1.0,1.0,0.33,1001.0,1000.0,1002.0,2558.5,56.1,19.866000000000003,20.75,0.7999876924970385,3.14765573509693,1.1977000522715393,25.585,29.770000000000003,0.0300699000300699,906.0100000000001,7225,0.43560000000000004,1002001,408.9,68.14999999999999,9.0,22.33,-0.3999999999999986
153,131.1,41.0,46.3,72.5,45.3,91,0.75,1002,85,29.6,0.0,0.33,2023,6,19,21,0,170,25,-0.7071067811865477,0.7071067811865474,1.2246467991473532e-16,-1.0,0.0,1.0,2,2,0,52.0,43.0,43.0,22.0,20.0,19.0,51.0,7.549834435270872,58.0,43.0,41.445,13.184693777255251,58.0,23.0,33.222500000000004,12.426126526578514,58.0,22.0,26.027916666666666,11.561649866906041,58.0,14.0,30.1,30.9,31.3,85.0,82.0,76.0,0.66,1.0,0.66,1001.0,1001.0,1001.0,2516.0,28.05,9.768,68.25,0.799988965669439,3.1974829882197997,1.1292407502256043,25.16,29.435000000000002,0.029540888681747826,876.1600000000001,7225,0.10890000000000001,1004004,394.2,65.7,6.0,15.0,-0.5
89,123.7,38.0,40.0,37.5,34.0,100,0.75,1003,85,29.2,0.0,2.4,2023,6,19,22,0,170,25,-0.5000000000000004,0.8660254037844384,1.2246467991473532e-16,-1.0,0.0,1.0,2,3,0,58.0,52.0,43.0,23.0,27.0,18.0,46.666666666666664,14.742229591664106,58.0,30.0,42.61166666666667,11.417390974590486,58.0,29.67,33.472500000000004,12.319274716696892,58.0,22.0,26.527916666666666,11.458393915518416,58.0,14.0,29.6,30.5,31.6,85.0,86.0,75.0,0.33,1.0,1.0,1002.0,1001.0,1000.0,2482.0,204.0,70.08,75.0,0.7999786672355405,3.2551774953290704,1.0526038788452936,24.82,28.0,0.029112632988401808,852.64,7225,5.76,1006009,303.2,50.53333333333333,-28.0,-13.0,-0.40000000000000213
78,115.2,34.7,37.7,31.3,32.7,83,0.0,1002,88,29.0,0.0,0.33,2023,6,19,23,0,170,25,-0.25881904510252157,0.9659258262890681,1.2246467991473532e-16,-1.0,0.0,1.0,2,3,0,30.0,58.0,52.0,29.67,27.0,22.0,37.666666666666664,17.785762095938992,58.0,25.0,41.833333333333336,12.576432986608728,58.0,25.0,33.30583333333333,12.427851754925989,58.0,22.0,26.652916666666666,11.423160485216671,58.0,14.0,29.2,30.1,31.2,85.0,85.0,78.0,2.4,0.66,1.0,1003.0,1001.0,1000.0,2552.0,29.040000000000003,9.57,0.0,0.7986965272674994,3.319789055070459,1.086424022362468,25.52,28.835,0.028942086884144826,841.0,7744,0.10890000000000001,1004004,276.6,46.1,-5.0,-27.0,-0.1999999999999993
85,106.6,31.3,35.3,35.0,31.3,66,0.0,1002,90,28.8,0.0,0.66,2023,6,20,0,1,171,25,0.0,1.0,1.2246467991473532e-16,-1.0,0.7818314824680298,0.6234898018587336,2,3,0,25.0,30.0,58.0,43.0,24.0,18.0,27.666666666666668,2.516611478425694,30.0,25.0,39.333333333333336,13.735598518690754,58.0,25.0,33.63916666666667,12.207250050190318,58.0,22.0,27.06958333333333,11.27523777023631,58.0,14.0,29.0,29.6,30.9,88.0,85.0,82.0,0.33,0.33,1.0,1002.0,1002.0,1001.0,2592.0,59.400000000000006,19.008000000000003,0.0,0.7999771435101855,3.405641992268617,1.127759496501709,25.92,28.470000000000002,0.02874248628494383,829.44,8100,0.43560000000000004,1004004,267.5,44.583333333333336,3.0,-30.0,-0.1999999999999993
76,98.0,28.0,33.0,30.0,30.0,50,0.0,1002,93,28.6,0.0,1.0,2023,6,20,1,1,171,25,0.25881904510252074,0.9659258262890683,1.2246467991473532e-16,-1.0,0.7818314824680298,0.6234898018587336,2,3,0,28.0,25.0,30.0,43.0,25.0,20.0,25.666666666666668,2.081665999468865,28.0,24.0,36.166666666666664,14.864947583717173,58.0,24.0,33.55583333333333,12.274813428193621,58.0,22.0,27.23625,11.195475333132748,58.0,14.0,28.8,29.2,30.5,90.0,85.0,86.0,0.66,2.4,1.0,1002.0,1003.0,1001.0,2659.8,93.0,28.6,0.0,0.7999733342221925,3.4998750044641262,1.17852933823792,26.598000000000003,28.1,0.02854288568574283,817.96,8649,1.0,1004004,243.0,40.5,-4.0,-6.0,-0.1999999999999993
63,106.6,26.7,32.7,22.5,33.3,58,0.0,1002,94,28.6,0.0,0.66,2023,6,20,2,1,171,25,0.49999999999999994,0.8660254037844387,1.2246467991473532e-16,-1.0,0.7818314824680298,0.6234898018587336,2,3,0,24.0,28.0,25.0,52.0,25.0,20.0,23.333333333333332,5.033222956848384,28.0,18.0,30.5,14.081903280451519,58.0,18.0,32.972500000000004,12.870261087271624,58.0,18.0,27.152916666666666,11.258943683237785,58.0,14.0,28.6,29.0,30.1,93.0,88.0,85.0,1.0,0.33,0.66,1002.0,1002.0,1001.0,2688.4,62.040000000000006,18.876,0.0,0.7999644460246211,3.9923598367102353,1.2246732332122394,26.884,28.270000000000003,0.02854288568574283,817.96,8836,0.43560000000000004,1004004,239.8,39.96666666666667,-6.0,-7.0,0.0
82,115.2,25.3,32.3,33.8,36.7,66,0.0,1002,95,28.5,0.0,0.33,2023,6,20,3,1,171,25,0.7071067811865476,0.7071067811865476,1.2246467991473532e-16,-1.0,0.7818314824680298,0.6234898018587336,2,3,0,18.0,24.0,28.0,58.0,22.0,23.0,23.0,4.582575694957191,27.0,18.0,25.333333333333332,4.179314138307494,30.0,18.0,33.38916666666667,12.55993446590672,58.0,18.0,27.31958333333333,11.224347944329038,58.0,14.0,28.6,28.8,29.6,94.0,90.0,85.0,0.66,0.66,0.33,1002.0,1002.0,1002.0,2707.5,31.35,9.405000000000001,0.0,0.7987929351202628,4.55317971621675,1.276629382237856,27.075,28.335,0.02844308538614233,812.25,9025,0.10890000000000001,1004004,270.3,45.050000000000004,9.0,-1.0,-0.10000000000000142
82,123.7,24.0,32.0,33.8,40.0,75,0.0,1002,96,28.5,0.0,0.8,2023,6,20,4,1,171,25,0.8660254037844386,0.5000000000000001,1.2246467991473532e-16,-1.0,0.7818314824680298,0.6234898018587336,2,3,0,27.0,18.0,24.0,30.0,23.0,25.0,24.0,5.196152422707787,27.0,18.0,24.833333333333332,3.6560452221843223,28.0,18.0,33.722500000000004,12.30973312242988,58.0,18.0,27.402916666666666,11.213797200098133,58.0,14.0,28.5,28.6,29.2,95.0,93.0,85.0,0.33,1.0,2.4,1002.0,1002.0,1003.0,2736.0,76.80000000000001,22.8,0.0,0.7987929351202628,5.153951918670055,1.333277780092496,27.36,28.1,0.02844308538614233,812.25,9216,0.6400000000000001,1004004,280.5,46.75,0.0,3.0,0.0
61,139.1,27.0,32.7,21.3,42.7,79,0.0,1002,94,28.9,0.0,0.33,2023,6,20,5,1,171,25,0.9659258262890683,0.25881904510252074,1.2246467991473532e-16,-1.0,0.7818314824680298,0.6234898018587336,2,3,0,27.0,27.0,18.0,25.0,29.67,16.0,23.666666666666668,5.773502691897308,27.0,17.0,23.5,4.847679857415286,28.0,17.0,32.666666666666664,13.200091827044876,58.0,17.0,27.44458333333333,11.17136322659777,58.0,14.0,28.5,28.6,29.0,96.0,94.0,88.0,0.8,0.66,0.33,1002.0,1002.0,1002.0,2716.6,31.020000000000003,9.537,0.0,0.7980845969672785,5.151661049590755,1.2110662568053037,27.166,28.735,0.028842286584544324,835.2099999999999,8836,0.10890000000000001,1004004,279.8,46.63333333333333,-10.0,-1.0,0.3999999999999986
69,154.5,30.0,33.3,26.3,45.3,83,0.0,1003,93,29.2,0.7,0.66,2023,6,20,6,1,171,25,1.0,6.123233995736766e-17,1.2246467991473532e-16,-1.0,0.7818314824680298,0.6234898018587336,2,0,0,17.0,27.0,27.0,28.0,43.0,16.0,21.666666666666668,5.033222956848449,27.0,17.0,22.333333333333332,4.3665394383489,27.0,17.0,30.833333333333332,13.162158798708397,58.0,17.0,27.652916666666666,10.993867254526325,58.0,14.0,28.9,28.5,28.8,94.0,95.0,90.0,0.33,0.33,0.66,1002.0,1002.0,1002.0,2715.6,61.38,19.272000000000002,0.0,0.79844872818524,5.1498283390553645,1.1099630012332922,27.156,28.87,0.029112632988401808,852.64,8649,0.43560000000000004,1006009,310.40000000000003,51.73333333333334,4.0,-6.0,0.3000000000000007
102,169.8,33.0,34.0,45.0,48.0,87,0.0,1003,92,29.6,0.9,1.0,2023,6,20,7,1,171,25,0.9659258262890683,-0.25881904510252063,1.2246467991473532e-16,-1.0,0.7818314824680298,0.6234898018587336,2,0,0,21.0,17.0,27.0,24.0,43.0,14.0,24.666666666666668,10.016652800878399,36.0,17.0,24.333333333333332,7.146094504458832,36.0,17.0,30.25,12.72167084509349,58.0,17.0,28.56958333333333,10.719755626338097,58.0,14.0,29.2,28.5,28.6,93.0,96.0,93.0,0.66,0.8,1.0,1003.0,1002.0,1002.0,2723.2000000000003,92.0,29.6,0.0,0.7999822226172753,5.145298627314324,1.0302718099451533,27.232000000000003,29.1,0.02951143618002375,876.1600000000001,8464,1.0,1006009,365.8,60.96666666666667,15.0,9.0,0.40000000000000213
91,163.8,28.7,61.0,38.8,52.0,87,0.0,1003,82,30.9,1.4,1.0,2023,6,20,8,1,171,25,0.8660254037844387,-0.4999999999999998,1.2246467991473532e-16,-1.0,0.7818314824680298,0.6234898018587336,2,0,0,36.0,21.0,17.0,18.0,52.0,14.0,29.333333333333332,7.637626158260384,36.0,21.0,26.5,6.804410334480901,36.0,17.0,28.5,10.74920715892326,58.0,17.0,29.277916666666666,10.267287004244983,58.0,17.0,29.6,28.9,28.6,92.0,94.0,94.0,1.0,0.33,0.66,1003.0,1002.0,1002.0,2533.7999999999997,82.0,30.9,0.0,0.7989484807092602,5.707118218877391,2.1253614856625203,25.337999999999997,30.4,0.03080754655279506,954.81,6724,1.0,1006009,375.3,62.550000000000004,-5.0,14.0,1.2999999999999972
93,157.8,24.3,88.0,40.0,56.0,87,0.0,1003,73,32.2,2.1,1.0,2023,6,20,9,1,171,25,0.7071067811865476,-0.7071067811865475,1.2246467991473532e-16,-1.0,0.7818314824680298,0.6234898018587336,2,0,0,31.0,36.0,21.0,27.0,58.0,20.0,33.0,2.645751311066206,36.0,31.0,27.333333333333332,7.17402722790047,36.0,17.0,26.333333333333332,5.694228870025763,36.0,17.0,29.777916666666666,10.086420479025843,58.0,17.0,30.9,29.2,28.5,82.0,93.0,95.0,1.0,0.66,0.33,1003.0,1003.0,1002.0,2350.6000000000004,73.0,32.2,0.0,0.7999800004999875,6.493559935805111,3.621250154314637,23.506000000000004,31.700000000000003,0.03210365692556638,1036.8400000000001,5329,1.0,1006009,398.1,66.35000000000001,1.0,11.0,1.3000000000000043
89,151.7,20.0,115.0,37.5,60.0,87,0.0,1003,64,33.5,2.9,1.0,2023,6,20,10,1,171,25,0.49999999999999994,-0.8660254037844387,1.2246467991473532e-16,-1.0,0.7818314824680298,0.6234898018587336,2,0,0,32.0,31.0,36.0,27.0,30.0,27.0,31.0,1.0000000000046576,32.0,30.0,27.833333333333332,7.250287350626691,36.0,17.0,26.333333333333332,5.694228870025763,36.0,17.0,29.902916666666666,10.069071663597816,58.0,17.0,32.2,29.6,28.5,73.0,92.0,96.0,1.0,1.0,0.8,1003.0,1003.0,1002.0,2144.0,64.0,33.5,0.0,0.7999786672355405,7.584620768961551,5.749712514374281,21.44,33.0,0.03339976729833769,1122.25,4096,1.0,1006009,414.2,69.03333333333333,-2.0,-6.0,1.2999999999999972
67,146.3,17.0,133.7,23.8,59.0,83,0.0,1003,60,34.1,3.7,1.0,2023,6,20,11,1,171,25,0.258819045102521,-0.9659258262890682,1.2246467991473532e-16,-1.0,0.7818314824680298,0.6234898018587336,2,0,0,30.0,32.0,31.0,17.0,25.0,27.0,27.0,7.000000000000775,32.0,19.0,28.166666666666668,6.6758270398998105,36.0,19.0,25.833333333333332,6.072790781739505,36.0,17.0,29.56958333333333,10.299140309908887,58.0,17.0,33.5,30.9,28.9,64.0,82.0,94.0,1.0,1.0,0.33,1003.0,1003.0,1002.0,2046.0,60.0,34.1,0.0,0.7982857863114995,8.605376154343862,7.864243279807069,20.46,33.6,0.03399797208577061,1162.8100000000002,3600,1.0,1006009,398.8,66.46666666666667,-11.0,-12.0,0.6000000000000014
90,140.8,14.0,152.3,26.3,58.0,79,0.0,1002,56,34.6,4.0,1.0,2023,6,20,12,1,171,25,1.2246467991473532e-16,-1.0,1.2246467991473532e-16,-1.0,0.7818314824680298,0.6234898018587336,2,1,0,19.0,30.0,32.0,21.0,28.0,24.0,23.333333333333332,5.859465277083361,30.0,19.0,28.166666666666668,6.6758270398998105,36.0,19.0,25.25,6.18098256384354,36.0,17.0,29.44458333333333,10.387503352865826,58.0,17.0,34.1,32.2,29.2,60.0,73.0,93.0,1.0,1.0,0.66,1003.0,1003.0,1003.0,1937.6000000000001,56.0,34.6,0.0,0.79844872818524,10.056424541104208,10.877794443254054,19.376,34.1,0.0345309036617728,1197.16,3136,1.0,1004004,412.40000000000003,68.73333333333333,2.0,-11.0,0.5
103,135.4,11.0,171.0,26.3,57.0,75,0.0,1001,52,35.2,3.6,1.0,2023,6,20,13,1,171,25,-0.2588190451025208,-0.9659258262890683,1.2246467991473532e-16,-1.0,0.7818314824680298,0.6234898018587336,2,1,0,21.0,19.0,30.0,36.0,24.0,25.0,20.333333333333332,1.1547005383850515,21.0,19.0,25.666666666666668,5.921711464319835,32.0,19.0,25.0,6.295741706610591,36.0,17.0,29.277916666666666,10.493466281522561,58.0,17.0,34.6,33.5,29.6,56.0,64.0,92.0,1.0,1.0,1.0,1002.0,1003.0,1003.0,1830.4,52.0,35.2,0.0,0.79844872818524,12.307972002545224,15.544041450777202,18.304000000000002,34.7,0.035164800035164805,1239.0400000000002,2704,1.0,1002001,421.7,70.28333333333333,0.0,-9.0,0.6000000000000014
104,132.9,11.3,172.7,25.0,60.7,70,0.25,1001,51,35.3,2.9,1.0,2023,6,20,14,1,171,25,-0.4999999999999997,-0.8660254037844388,1.2246467991473532e-16,-1.0,0.7818314824680298,0.6234898018587336,2,1,0,21.0,21.0,19.0,31.0,18.0,25.0,20.666666666666668,0.5773502692011163,21.0,20.0,23.833333333333332,5.636192568273071,32.0,19.0,25.166666666666668,6.117535649608821,36.0,17.0,29.06958333333333,10.630826169034723,58.0,17.0,35.2,34.1,30.9,52.0,60.0,82.0,1.0,1.0,1.0,1001.0,1003.0,1003.0,1800.3,51.0,35.3,17.5,0.7999680012799487,11.760021237058668,15.281833466064949,18.003,34.8,0.0352647000352647,1246.0899999999997,2601,1.0,1002001,422.59999999999997,70.43333333333332,-1.0,1.0,0.09999999999999432
104,130.3,11.7,174.3,22.5,64.3,66,0.0,1000,50,35.5,2.1,1.0,2023,6,20,15,1,171,25,-0.7071067811865471,-0.7071067811865479,1.2246467991473532e-16,-1.0,0.7818314824680298,0.6234898018587336,2,1,0,20.0,21.0,21.0,32.0,27.0,22.0,19.666666666666668,1.5275252316564158,21.0,18.0,21.5,4.324349662086712,30.0,18.0,24.416666666666668,6.416715859708516,36.0,17.0,28.902916666666666,10.776832429343349,58.0,17.0,35.3,34.6,32.2,51.0,56.0,73.0,1.0,1.0,1.0,1001.0,1002.0,1003.0,1775.0,50.0,35.5,0.0,0.7999644460246211,11.135800358943682,14.896162721134948,17.75,35.0,0.0354999645000355,1260.25,2500,1.0,1000000,421.1,70.18333333333334,-2.0,-3.0,0.20000000000000284
105,127.8,12.0,176.0,22.5,68.0,62,0.0,999,50,35.6,1.3,1.0,2023,6,20,16,1,171,25,-0.8660254037844385,-0.5000000000000004,1.2246467991473532e-16,-1.0,0.7818314824680298,0.6234898018587336,2,1,0,18.0,20.0,21.0,30.0,27.0,23.0,18.666666666666668,1.1547005383853306,20.0,18.0,19.5,1.378404875205051,21.0,18.0,23.666666666666668,6.610368348054595,36.0,17.0,28.69458333333333,10.942955239973317,58.0,17.0,35.5,35.2,33.5,50.0,52.0,64.0,1.0,1.0,1.0,1000.0,1001.0,1003.0,1780.0,50.0,35.6,0.0,0.7999644460246211,10.649112573952172,14.66544454628781,17.8,35.1,0.035635599964364405,1267.3600000000001,2500,1.0,998001,424.3,70.71666666666667,0.0,-3.0,0.10000000000000142
67,145.3,30.0,131.3,25.0,67.7,66,0.25,1000,61,33.1,0.8,1.66,2023,6,20,17,1,171,25,-0.9659258262890683,-0.25881904510252063,1.2246467991473532e-16,-1.0,0.7818314824680298,0.6234898018587336,2,1,0,18.0,18.0,20.0,19.0,17.0,29.67,18.666666666666668,1.1547005383853306,20.0,18.0,19.666666666666668,1.3662601021239524,21.0,18.0,23.916666666666668,6.38831793671843,36.0,18.0,28.291666666666668,11.082611396341578,58.0,17.0,35.6,35.3,34.1,50.0,51.0,60.0,1.0,1.0,1.0,999.0,1001.0,1003.0,2019.1000000000001,101.25999999999999,54.946,16.5,0.7999680012799487,4.843171894270191,4.376520782640579,20.191000000000003,32.27,0.033099966900033105,1095.6100000000001,3721,2.7556,1000000,419.3,69.88333333333334,2.0,0.0,-2.5
69,162.8,48.0,86.7,26.3,67.3,70,0.0,1001,75,30.5,0.6,2.33,2023,6,20,18,1,171,25,-1.0,-1.8369701987210297e-16,1.2246467991473532e-16,-1.0,0.7818314824680298,0.6234898018587336,2,2,0,20.0,18.0,18.0,21.0,21.0,43.0,19.666666666666668,1.5275252316564158,21.0,18.0,19.666666666666668,1.3662601021239524,21.0,18.0,23.916666666666668,6.38831793671843,36.0,18.0,27.375,10.716961363631315,58.0,17.0,33.1,35.5,34.6,61.0,50.0,56.0,1.66,1.0,1.0,1000.0,1000.0,1002.0,2287.5,174.75,71.065,0.0,0.79844872818524,3.391596008416492,1.8062123705756132,22.875,29.335,0.030469500030469502,930.25,5625,5.4289000000000005,1002001,412.1,68.68333333333334,1.0,3.0,-2.6000000000000014
69,180.3,66.0,42.0,26.3,67.0,75,5.0,1002,92,28.0,0.0,3.0,2023,6,20,19,1,171,25,-0.9659258262890684,0.2588190451025203,1.2246467991473532e-16,-1.0,0.7818314824680298,0.6234898018587336,2,2,0,21.0,20.0,18.0,21.0,36.0,43.0,20.666666666666668,0.5773502692011163,21.0,20.0,19.666666666666668,1.3662601021239524,21.0,18.0,22.666666666666668,5.158106300383203,32.0,18.0,26.458333333333332,10.253225014033719,58.0,17.0,30.5,35.6,35.2,75.0,50.0,52.0,2.33,1.0,1.0,1001.0,999.0,1001.0,2576.0,276.0,84.0,375.0,0.79844872818524,2.7317767912607382,0.6363539946364448,25.76,26.5,0.027944083888139834,784.0,8464,9.0,1004004,402.6,67.10000000000001,0.0,3.0,-2.5
42,203.5,66.0,35.0,12.5,63.3,79,0.0,1002,92,27.9,0.0,2.33,2023,6,20,20,1,171,25,-0.8660254037844386,0.5000000000000001,1.2246467991473532e-16,-1.0,0.7818314824680298,0.6234898018587336,2,2,0,21.0,21.0,20.0,20.0,31.0,52.0,17.333333333333332,6.350852961087028,21.0,10.0,18.0,4.147288270664188,21.0,10.0,20.916666666666668,5.615859576936643,32.0,10.0,24.708333333333332,9.238290669423328,58.0,10.0,28.0,33.1,35.3,92.0,61.0,51.0,3.0,1.66,1.0,1002.0,1000.0,1001.0,2566.7999999999997,214.36,65.007,0.0,0.7999360051195905,3.083286616869441,0.5302949955303707,25.667999999999996,26.735,0.027844283588539333,778.41,8464,5.4289000000000005,1004004,390.3,65.05,-11.0,-10.0,-0.10000000000000142
42,226.6,66.0,28.0,12.5,59.7,83,0.0,1003,93,27.8,0.0,1.66,2023,6,20,21,1,171,25,-0.7071067811865477,0.7071067811865474,1.2246467991473532e-16,-1.0,0.7818314824680298,0.6234898018587336,2,2,0,10.0,21.0,21.0,18.0,32.0,58.0,13.666666666666666,6.3508529610871385,21.0,10.0,16.666666666666668,5.278888771953349,21.0,10.0,19.083333333333332,5.247654598758471,30.0,10.0,22.708333333333332,6.510721369681181,36.0,10.0,27.9,30.5,35.5,92.0,75.0,50.0,2.33,2.33,1.0,1002.0,1001.0,1000.0,2585.4,154.38,46.147999999999996,0.0,0.7999360051195905,3.4332813139194855,0.42423599642429655,25.854,26.970000000000002,0.02771682181772501,772.84,8649,2.7556,1006009,402.8,67.13333333333334,0.0,-11.0,-0.09999999999999787
153,249.8,66.0,21.0,83.0,56.0,87,0.5,1003,94,27.7,0.0,1.0,2023,6,20,22,1,171,25,-0.5000000000000004,0.8660254037844384,1.2246467991473532e-16,-1.0,0.7818314824680298,0.6234898018587336,2,3,0,10.0,10.0,21.0,18.0,30.0,30.0,26.0,27.71281292110224,58.0,10.0,23.333333333333332,17.772638145943798,58.0,10.0,21.416666666666668,12.183881552976537,58.0,10.0,23.875,9.633783400549127,58.0,10.0,27.8,28.0,35.6,93.0,92.0,50.0,1.66,3.0,1.0,1003.0,1002.0,999.0,2603.7999999999997,94.0,27.7,43.5,0.6987867616052819,3.784791139528189,0.3181769973182224,26.037999999999997,27.2,0.027617121019819522,767.29,8836,1.0,1006009,533.8,88.96666666666665,48.0,37.0,-0.10000000000000142
153,243.8,63.3,20.7,82.7,52.3,83,1.0,1003,93,27.7,0.0,1.0,2023,6,20,23,1,171,25,-0.25881904510252157,0.9659258262890681,1.2246467991473532e-16,-1.0,0.7818314824680298,0.6234898018587336,2,3,0,58.0,10.0,10.0,20.0,19.0,25.0,41.89,27.61804301539132,58.0,10.0,29.611666666666668,22.408588011444582,58.0,10.0,24.639166666666664,16.002177384987284,58.0,10.0,25.236250000000002,11.852333034874013,58.0,10.0,27.7,27.9,33.1,94.0,92.0,61.0,1.0,2.33,1.66,1003.0,1002.0,1000.0,2576.1,93.0,27.7,83.0,0.6973313502859699,3.8514399456564674,0.32700905198970004,25.761,27.2,0.027617121019819522,767.29,8649,1.0,1006009,520.47,86.745,-0.3299999999999983,47.67,0.0
153,237.7,60.7,20.3,82.3,48.7,79,4.0,1003,92,27.6,0.0,1.0,2023,6,21,0,2,172,25,0.0,1.0,1.2246467991473532e-16,-1.0,0.9749279121818236,-0.22252093395631434,2,3,0,57.67,58.0,10.0,21.0,21.0,28.0,57.666666666666664,0.3350124375788647,58.0,57.33,35.666666666666664,24.43313788007302,58.0,10.0,27.666666666666668,18.49379371736904,58.0,10.0,26.458333333333332,13.54142779276497,58.0,10.0,27.7,27.8,30.5,93.0,93.0,75.0,1.0,1.66,2.33,1003.0,1003.0,1001.0,2539.2000000000003,92.0,27.6,316.0,0.6965893488535984,3.9159157180277093,0.3344261214807005,25.392000000000003,27.1,0.027517420221914037,761.7600000000001,8464,1.0,1006009,507.03,84.505,-0.3400000000000034,47.33,-0.09999999999999787
152,231.7,58.0,20.0,82.0,45.0,75,7.0,1003,92,27.6,0.0,1.0,2023,6,21,1,2,172,25,0.25881904510252074,0.9659258262890683,1.2246467991473532e-16,-1.0,0.9749279121818236,-0.22252093395631434,2,3,0,57.33,57.67,58.0,21.0,21.0,24.0,57.333333333333336,0.3350124375790494,57.67,57.0,41.666666666666664,24.531168473325117,58.0,10.0,30.666666666666668,20.158969279807813,58.0,10.0,27.833333333333332,14.889288728498114,58.0,10.0,27.6,27.7,28.0,92.0,94.0,92.0,1.0,1.0,3.0,1003.0,1003.0,1002.0,2539.2000000000003,92.0,27.6,525.0,0.6951134742259241,3.994758711056706,0.34482164100618956,25.392000000000003,27.1,0.027517420221914037,761.7600000000001,8464,1.0,1006009,493.7,82.28333333333333,-0.3299999999999983,-1.0,0.0
153,230.9,54.0,19.3,83.0,45.3,75,22.75,1003,92,27.2,0.0,1.33,2023,6,21,2,2,172,25,0.49999999999999994,0.8660254037844387,1.2246467991473532e-16,-1.0,0.9749279121818236,-0.22252093395631434,2,3,0,57.0,57.33,57.67,10.0,20.0,18.0,57.44333333333333,0.5095422782582575,58.0,57.0,49.666666666666664,19.436517863718848,58.0,10.0,33.833333333333336,21.284276028575622,58.0,10.0,29.5,15.942229673308669,58.0,10.0,27.6,27.7,27.9,92.0,93.0,92.0,1.0,1.0,2.33,1003.0,1003.0,1002.0,2502.4,122.36000000000001,36.176,1706.25,0.6987867616052819,4.275846743578823,0.3574007888742801,25.024,26.535,0.027118617030292093,739.8399999999999,8464,1.7689000000000001,1006009,490.5,81.75,1.0,0.3299999999999983,-0.40000000000000213
155,230.1,50.0,18.7,84.0,45.7,75,20.5,1003,92,26.9,0.0,1.66,2023,6,21,3,2,172,25,0.7071067811865476,0.7071067811865476,1.2246467991473532e-16,-1.0,0.9749279121818236,-0.22252093395631434,2,3,0,58.0,57.0,57.33,10.0,18.0,27.0,58.0,0.999999999999539,59.0,57.0,57.833333333333336,0.6915393457090072,59.0,57.0,37.25,21.79617939831725,59.0,10.0,30.833333333333332,17.02541723083637,59.0,10.0,27.2,27.6,27.8,92.0,92.0,93.0,1.33,1.0,1.66,1003.0,1003.0,1003.0,2474.7999999999997,152.72,44.653999999999996,1537.5,0.7023725908024904,4.601907961840763,0.373992520149597,24.747999999999998,26.07,0.026819514636575635,723.6099999999999,8464,2.7556,1006009,487.5,81.25,1.0,1.6700000000000017,-0.3000000000000007
156,229.4,46.0,18.0,85.0,46.0,75,13.75,1003,92,26.5,0.0,2.0,2023,6,21,4,2,172,25,0.8660254037844386,0.5000000000000001,1.2246467991473532e-16,-1.0,0.9749279121818236,-0.22252093395631434,2,3,0,59.0,58.0,57.0,58.0,18.0,27.0,59.0,0.9999999999993561,60.0,58.0,58.166666666666664,1.1305868682519342,60.0,57.0,40.75,21.796179398317253,60.0,10.0,32.208333333333336,18.006660764396614,60.0,10.0,26.9,27.6,27.7,92.0,92.0,94.0,1.66,1.0,1.0,1003.0,1003.0,1003.0,2438.0,184.0,53.0,1031.25,0.7058740485406053,4.986848111997566,0.3912958413947523,24.38,25.5,0.026420711444953695,702.25,8464,4.0,1006009,484.4,80.73333333333333,1.0,3.0,-0.3999999999999986
157,212.6,42.0,23.0,86.7,47.7,83,2.75,1004,93,26.7,0.0,1.66,2023,6,21,5,2,172,25,0.9659258262890683,0.25881904510252074,1.2246467991473532e-16,-1.0,0.9749279121818236,-0.22252093395631434,2,3,0,60.0,59.0,58.0,57.67,20.0,17.0,59.89000000000001,0.8404165633769886,60.67,59.0,58.666666666666664,1.477236158054572,60.67,57.0,44.13916666666666,21.43534526232654,60.67,10.0,34.02791666666667,18.599705462643872,60.67,10.0,26.5,27.2,27.7,92.0,92.0,93.0,2.0,1.33,1.0,1003.0,1003.0,1003.0,2483.1,154.38,44.321999999999996,228.25,0.6997612484285072,5.061784243232304,0.547606009380729,24.831,25.87,0.026593599010359553,712.89,8649,2.7556,1008016,472.67,78.77833333333334,0.6700000000000017,2.6700000000000017,0.1999999999999993
158,195.9,38.0,28.0,88.3,49.3,91,1.0,1004,95,27.0,0.8,1.33,2023,6,21,6,2,172,25,1.0,6.123233995736766e-17,1.2246467991473532e-16,-1.0,0.9749279121818236,-0.22252093395631434,2,0,0,60.67,60.0,59.0,57.33,21.0,21.0,60.666666666666664,0.6650062656332203,61.33,60.0,59.333333333333336,1.6462766069722259,61.33,57.0,47.5,20.623851152576467,61.33,10.0,35.708333333333336,19.184157790868248,61.33,10.0,26.7,26.9,27.6,93.0,92.0,92.0,1.66,1.66,1.0,1004.0,1003.0,1003.0,2565.0,126.35000000000001,35.910000000000004,91.0,0.6945561205422361,5.155127496644826,0.7368227151917055,25.65,26.335,0.02689240349362202,729.0,9025,1.7689000000000001,1008016,460.83,76.80499999999999,0.6599999999999966,2.3299999999999983,0.3000000000000007
159,179.2,34.0,33.0,90.0,51.0,100,0.5,1004,96,27.2,0.9,1.0,2023,6,21,7,2,172,25,0.9659258262890683,-0.25881904510252063,1.2246467991473532e-16,-1.0,0.9749279121818236,-0.22252093395631434,2,0,0,61.33,60.67,60.0,57.0,21.0,36.0,61.333333333333336,0.6650062656330431,62.0,60.67,60.166666666666664,1.4866831090263244,62.0,58.0,50.916666666666664,19.180227192385097,62.0,10.0,36.791666666666664,19.921295065869913,62.0,10.0,27.0,26.5,27.6,95.0,92.0,92.0,1.33,2.0,1.0,1004.0,1003.0,1003.0,2611.2,96.0,27.2,50.0,0.6888812346529483,5.270433222552278,0.9705596894208994,26.112,26.7,0.027091606482463663,739.8399999999999,9216,1.0,1008016,449.2,74.86666666666666,0.6700000000000017,2.0,0.1999999999999993
155,166.3,27.3,61.0,85.3,52.3,91,0.0,1004,91,28.1,1.4,0.66,2023,6,21,8,2,172,25,0.8660254037844387,-0.4999999999999998,1.2246467991473532e-16,-1.0,0.9749279121818236,-0.22252093395631434,2,0,0,62.0,61.33,60.67,58.0,10.0,31.0,60.776666666666664,1.5746851537153086,62.0,59.0,60.333333333333336,1.2289127986412285,62.0,59.0,55.0,14.26303423029403,62.0,10.0,37.958333333333336,20.381933531752022,62.0,10.0,27.2,26.7,27.2,96.0,93.0,92.0,1.0,1.66,1.33,1004.0,1004.0,1003.0,2557.1,60.06,18.546000000000003,0.0,0.6916683274521986,6.0913519651294825,2.2343503900956008,25.570999999999998,27.770000000000003,0.027988019932251064,789.6100000000001,8281,0.43560000000000004,1008016,451.20000000000005,75.2,-3.0,-1.6700000000000017,0.9000000000000021
151,153.5,20.7,89.0,80.7,53.7,83,0.25,1004,87,29.1,2.3,0.33,2023,6,21,9,2,172,25,0.7071067811865476,-0.7071067811865475,1.2246467991473532e-16,-1.0,0.9749279121818236,-0.22252093395631434,2,0,0,59.0,62.0,61.33,59.0,10.0,32.0,59.0,2.9999999999997846,62.0,56.0,59.833333333333336,2.1471438393046958,62.0,56.0,58.833333333333336,1.8449505208098065,62.0,56.0,38.958333333333336,20.663698407692223,62.0,10.0,28.1,27.0,26.9,91.0,95.0,92.0,0.66,1.33,1.66,1004.0,1004.0,1003.0,2531.7000000000003,28.71,9.603000000000002,20.75,0.6939195301173466,7.415100719771991,4.299309212115356,25.317000000000004,28.935000000000002,0.02898403487645929,846.8100000000001,7569,0.10890000000000001,1008016,453.59999999999997,75.6,-3.0,-5.329999999999998,1.0
148,140.6,14.0,117.0,76.0,55.0,75,0.0,1005,83,30.0,3.0,0.8,2023,6,21,10,2,172,25,0.49999999999999994,-0.8660254037844387,1.2246467991473532e-16,-1.0,0.9749279121818236,-0.22252093395631434,2,0,0,56.0,59.0,62.0,60.0,58.0,30.0,56.0,2.9999999999999676,59.0,53.0,58.666666666666664,3.5085932603628835,62.0,53.0,58.416666666666664,2.498950082563763,62.0,53.0,39.916666666666664,20.7632712231012,62.0,10.0,29.1,27.2,26.5,87.0,96.0,92.0,0.33,1.0,2.0,1004.0,1004.0,1003.0,2490.0,66.4,24.0,0.0,0.6973592452730885,10.042139847153775,8.356545961002785,24.9,29.6,0.029850716566451177,900.0,6889,0.6400000000000001,1010025,455.6,75.93333333333334,-3.0,-9.0,0.8999999999999986
138,134.8,12.0,138.7,70.7,54.7,79,0.0,1004,77,31.2,3.8,0.66,2023,6,21,11,2,172,25,0.258819045102521,-0.9659258262890682,1.2246467991473532e-16,-1.0,0.9749279121818236,-0.22252093395631434,2,0,0,53.0,56.0,59.0,60.67,57.67,19.0,52.776666666666664,3.340603737849543,56.0,49.33,56.776666666666664,4.96545130543674,62.0,49.33,57.72166666666667,3.629499923813689,62.0,49.33,41.180416666666666,20.353808847521737,62.0,10.0,30.0,28.1,26.7,83.0,91.0,93.0,0.8,0.66,1.66,1005.0,1004.0,1004.0,2402.4,50.82,20.592,0.0,0.6977270477079531,11.232397300224983,11.557370219148403,24.024,30.87,0.031075666259296555,973.4399999999999,5929,0.43560000000000004,1008016,460.22999999999996,76.705,-3.6700000000000017,-9.670000000000002,1.1999999999999993
128,129.0,10.0,160.3,65.3,54.3,83,0.0,1003,71,32.5,3.8,1.33,2023,6,21,12,2,172,25,1.2246467991473532e-16,-1.0,1.2246467991473532e-16,-1.0,0.9749279121818236,-0.22252093395631434,2,1,0,49.33,53.0,56.0,61.33,57.33,21.0,49.333333333333336,3.6650011368805395,53.0,45.67,54.166666666666664,6.08327433761316,62.0,45.67,56.75,5.033213323874737,62.0,45.67,42.208333333333336,19.908411739036833,62.0,10.0,31.2,29.1,27.0,77.0,87.0,95.0,0.66,0.33,1.33,1004.0,1004.0,1004.0,2307.5,94.43,43.225,0.0,0.6993767323624447,12.898710128987101,16.028397160283973,23.075,31.835,0.03240275931928283,1056.25,5041,1.7689000000000001,1006009,464.57000000000005,77.42833333333334,-3.6599999999999966,-10.329999999999998,1.3000000000000007
118,123.1,8.0,182.0,60.0,54.0,87,0.0,1003,66,33.7,3.6,2.0,2023,6,21,13,2,172,25,-0.2588190451025208,-0.9659258262890683,1.2246467991473532e-16,-1.0,0.9749279121818236,-0.22252093395631434,2,1,0,45.67,49.33,53.0,62.0,57.0,21.0,45.666666666666664,3.6650011368807376,49.33,42.0,50.833333333333336,6.403610439951987,59.0,42.0,55.5,6.58797527179724,62.0,42.0,43.083333333333336,19.390502755252495,62.0,10.0,32.5,30.0,27.2,71.0,83.0,96.0,1.33,0.8,1.0,1003.0,1005.0,1004.0,2224.2000000000003,132.0,67.4,0.0,0.6999883335277746,15.385576802899639,22.747156605424323,22.242000000000004,32.7,0.033599168894148664,1135.6900000000003,4356,4.0,1006009,469.1,78.18333333333334,-3.6700000000000017,-11.0,1.2000000000000028
109,122.2,9.3,179.7,55.7,57.3,79,0.0,1002,62,34.3,2.9,1.33,2023,6,21,14,2,172,25,-0.4999999999999997,-0.8660254037844388,1.2246467991473532e-16,-1.0,0.9749279121818236,-0.22252093395631434,2,1,0,42.0,45.67,49.33,59.0,58.0,20.0,42.11333333333334,3.5013759200260846,45.67,38.67,47.445,6.59391461879775,56.0,38.67,53.88916666666666,8.108789236302885,62.0,38.67,43.861250000000005,18.789358994203315,62.0,10.0,33.7,31.2,28.1,66.0,77.0,91.0,2.0,0.66,0.66,1003.0,1004.0,1004.0,2126.6,82.46000000000001,45.619,0.0,0.694242473205149,13.138372218041072,19.320503171701965,21.266,33.635,0.034231502762971294,1176.4899999999998,3844,1.7689000000000001,1004004,462.87,77.145,-3.3299999999999983,-10.659999999999997,0.5999999999999943
105,121.2,10.7,177.3,51.3,60.7,70,0.0,1001,59,35.0,2.0,0.66,2023,6,21,15,2,172,25,-0.7071067811865471,-0.7071067811865479,1.2246467991473532e-16,-1.0,0.9749279121818236,-0.22252093395631434,2,1,0,38.67,42.0,45.67,56.0,59.0,18.0,38.666666666666664,3.335001249376054,42.0,35.33,44.0,6.629865760329835,53.0,35.33,51.916666666666664,9.510329631351546,62.0,35.33,44.583333333333336,18.071578133408543,62.0,10.0,34.3,32.5,29.1,62.0,71.0,87.0,1.33,1.33,0.33,1002.0,1003.0,1004.0,2065.0,38.940000000000005,23.1,0.0,0.6886805325432254,11.32604429492571,16.568544995794788,20.65,34.67,0.034965000034965,1225.0,3481,0.43560000000000004,1002001,456.53000000000003,76.08833333333334,-3.3400000000000034,-10.340000000000003,0.7000000000000028
104,120.2,12.0,175.0,47.0,64.0,62,1.0,1001,55,35.6,1.3,1.2,2023,6,21,16,2,172,25,-0.8660254037844385,-0.5000000000000004,1.2246467991473532e-16,-1.0,0.9749279121818236,-0.22252093395631434,2,1,0,35.33,38.67,42.0,53.0,60.0,18.0,35.333333333333336,3.3350012493762393,38.67,32.0,40.5,6.469553307608891,49.33,32.0,49.583333333333336,10.706455430196366,62.0,32.0,45.166666666666664,17.389257720155193,62.0,10.0,35.0,33.7,30.0,59.0,66.0,83.0,0.66,2.0,0.8,1001.0,1003.0,1005.0,1958.0,66.0,42.72,62.0,0.6808365779451502,10.015832013998834,14.582118156820266,19.58,35.0,0.0355644000355644,1267.3600000000001,3025,1.44,1002001,450.2,75.03333333333333,-3.3299999999999983,-10.0,0.6000000000000014
95,142.4,30.3,127.7,48.3,62.7,66,0.0,1001,62,33.0,0.8,1.66,2023,6,21,17,2,172,25,-0.9659258262890683,-0.25881904510252063,1.2246467991473532e-16,-1.0,0.9749279121818236,-0.22252093395631434,2,1,0,32.0,35.33,38.67,49.33,60.67,20.0,33.443333333333335,1.7086934579794486,35.33,32.0,37.778333333333336,5.349988473507134,45.67,32.0,47.2775,11.074953006261577,62.0,32.0,45.708333333333336,16.762418541556734,62.0,10.0,35.6,34.3,31.2,55.0,62.0,77.0,1.2,1.33,0.66,1001.0,1002.0,1004.0,2046.0,102.92,54.779999999999994,0.0,0.6832156684126623,4.699514867496122,4.214382363618363,20.46,32.17,0.032967000032967,1089.0,3844,2.7556,1002001,444.40000000000003,74.06666666666668,1.0,-5.670000000000002,-2.6000000000000014
98,164.6,48.7,80.3,49.7,61.3,70,0.0,1002,70,30.3,0.6,3.33,2023,6,21,18,2,172,25,-1.0,-1.8369701987210297e-16,1.2246467991473532e-16,-1.0,0.9749279121818236,-0.22252093395631434,2,2,0,33.0,32.0,35.33,45.67,61.33,21.0,33.0,1.0000000000043008,34.0,32.0,35.833333333333336,3.8055520843444954,42.0,32.0,45.0,10.72709229432199,62.0,32.0,46.25,16.127280694794827,62.0,10.0,33.0,35.0,32.5,62.0,59.0,71.0,1.66,0.66,1.33,1001.0,1001.0,1003.0,2121.0,233.1,100.899,0.0,0.6840908633629103,3.3798073961520294,1.6488367795322478,21.21,28.635,0.03023949077895132,918.09,4900,11.0889,1004004,438.6,73.10000000000001,1.0,-1.3299999999999983,-2.6999999999999993
100,186.8,67.0,33.0,51.0,60.0,75,0.75,1002,79,27.7,0.0,5.0,2023,6,21,19,2,172,25,-0.9659258262890684,0.2588190451025203,1.2246467991473532e-16,-1.0,0.9749279121818236,-0.22252093395631434,2,2,0,34.0,33.0,32.0,42.0,62.0,21.0,34.0,1.0000000000041178,35.0,33.0,34.666666666666664,2.3199626433756335,38.67,32.0,42.75,9.610721285957501,59.0,32.0,46.833333333333336,15.411577428692567,62.0,10.0,30.3,35.6,33.7,70.0,55.0,66.0,3.33,1.2,2.0,1002.0,1001.0,1003.0,2188.2999999999997,395.0,138.5,56.25,0.6862610537048294,2.7880180892822497,0.4925299622393695,21.882999999999996,25.2,0.027644682989338334,767.29,6241,25.0,1004004,432.8,72.13333333333334,1.0,3.0,-2.6000000000000014
98,176.8,60.0,32.7,49.3,54.7,75,1.25,1003,83,27.2,0.0,3.33,2023,6,21,20,2,172,25,-0.8660254037844386,0.5000000000000001,1.2246467991473532e-16,-1.0,0.9749279121818236,-0.22252093395631434,2,2,0,35.0,34.0,33.0,38.67,59.0,10.0,34.333333333333336,0.5773502691966529,35.0,34.0,33.88833333333333,1.2404904943844854,35.33,32.0,40.666666666666664,8.401527278183025,56.0,32.0,47.833333333333336,13.588493427278655,62.0,10.0,27.7,33.0,34.3,79.0,62.0,62.0,5.0,1.66,1.33,1002.0,1001.0,1002.0,2257.6,276.39,90.576,93.75,0.6896411837488085,2.946617556374061,0.5449909168180531,22.576,25.535,0.027118617030292093,739.8399999999999,6889,11.0889,1006009,407.5,67.91666666666667,-1.0,1.0,-0.5
95,166.9,53.0,32.3,47.7,49.3,75,2.0,1003,88,26.7,0.0,1.66,2023,6,21,21,2,172,25,-0.7071067811865477,0.7071067811865474,1.2246467991473532e-16,-1.0,0.9749279121818236,-0.22252093395631434,2,2,0,34.0,35.0,34.0,35.33,56.0,10.0,34.0,1.0000000000041178,35.0,33.0,33.5,1.0488088481661029,35.0,32.0,38.75,7.109696323906849,53.0,32.0,48.791666666666664,11.44649088686989,62.0,32.0,27.2,30.3,35.0,83.0,70.0,59.0,3.33,3.33,0.66,1003.0,1002.0,1001.0,2349.6,146.07999999999998,44.321999999999996,150.0,0.6918093960294334,3.1489971887322885,0.6094224637270995,23.496,25.87,0.026620113040764667,712.89,7744,2.7556,1006009,382.2,63.699999999999996,-1.0,-1.0,-0.5
93,157.0,46.0,32.0,46.0,44.0,75,2.25,1004,92,26.2,0.0,2.8,2023,6,21,22,2,172,25,-0.5000000000000004,0.8660254037844384,1.2246467991473532e-16,-1.0,0.9749279121818236,-0.22252093395631434,2,3,0,33.0,34.0,35.0,32.0,53.0,58.0,33.0,1.0000000000043008,34.0,32.0,33.5,1.0488088481661029,35.0,32.0,37.0,5.734866250322107,49.33,32.0,47.708333333333336,11.763076966089768,62.0,32.0,26.7,27.7,35.6,88.0,79.0,55.0,1.66,5.0,1.2,1003.0,1002.0,1001.0,2410.4,257.59999999999997,73.36,168.75,0.6956370513684486,3.4129692832764507,0.6956370513684486,24.104,24.8,0.02609559153825544,686.4399999999999,8464,7.839999999999999,1008016,357.0,59.5,-1.0,-3.0,-0.5
90,134.0,37.0,36.0,43.7,38.0,70,1.0,1004,91,26.4,0.0,2.8,2023,6,21,23,2,172,25,-0.25881904510252157,0.9659258262890681,1.2246467991473532e-16,-1.0,0.9749279121818236,-0.22252093395631434,2,3,0,32.0,33.0,34.0,33.0,49.33,57.67,31.776666666666667,1.3489378537732515,33.0,30.33,33.055,1.6799255935878241,35.0,30.33,35.416666666666664,4.514142087691894,45.67,30.33,46.56916666666666,12.076092773189227,62.0,30.33,26.2,27.2,33.0,92.0,83.0,62.0,2.8,3.33,1.66,1004.0,1003.0,1001.0,2402.4,254.79999999999998,73.91999999999999,70.0,0.6940344614539713,3.6215237426015516,0.9729466771168347,24.024,25.0,0.026294794527097085,696.9599999999999,8281,7.839999999999999,1008016,319.03,53.17166666666666,-1.6700000000000017,-3.6700000000000017,0.1999999999999993
86,111.1,28.0,40.0,41.3,32.0,66,0.0,1003,90,26.5,0.0,2.8,2023,6,22,0,3,173,25,0.0,1.0,1.2246467991473532e-16,-1.0,0.43388373911755823,-0.900968867902419,2,3,0,30.33,32.0,33.0,34.0,45.67,57.33,30.333333333333332,1.6650025025034987,32.0,28.67,32.166666666666664,2.3541934216750016,35.0,28.67,34.0,3.573330506555943,42.0,28.67,45.375,12.37897270444512,62.0,28.67,26.4,26.7,30.3,91.0,88.0,70.0,2.8,1.66,3.33,1004.0,1003.0,1002.0,2385.0,251.99999999999997,74.19999999999999,0.0,0.6941720539454251,3.9677154387343307,1.4285204099853577,23.85,25.1,0.026420711444953695,702.25,8100,7.839999999999999,1006009,281.07,46.845,-1.6599999999999966,-4.329999999999998,0.10000000000000142
82,88.1,19.0,44.0,39.0,26.0,62,0.25,1003,88,26.7,0.0,2.4,2023,6,22,1,3,173,25,0.25881904510252074,0.9659258262890683,1.2246467991473532e-16,-1.0,0.43388373911755823,-0.900968867902419,2,3,0,28.67,30.33,32.0,35.0,42.0,57.0,28.666666666666668,1.6650025025036832,30.33,27.0,30.833333333333332,2.672494465224862,34.0,27.0,32.75,3.1145640290258014,38.67,27.0,44.125,12.665420571811866,62.0,27.0,26.5,26.2,27.7,90.0,92.0,79.0,2.8,2.8,5.0,1003.0,1004.0,1002.0,2349.6,211.2,64.08,15.5,0.6922899412835569,4.636598073785589,2.3156675964422924,23.496,25.5,0.026620113040764667,712.89,7744,5.76,1006009,243.1,40.516666666666666,-1.6700000000000017,-5.0,0.1999999999999993
88,86.8,17.0,42.0,43.0,28.3,50,0.25,1003,89,26.8,0.0,1.6,2023,6,22,2,3,173,25,0.49999999999999994,0.8660254037844387,1.2246467991473532e-16,-1.0,0.43388373911755823,-0.900968867902419,2,3,0,27.0,28.67,30.33,34.0,38.67,58.0,28.44666666666667,1.3489378537737067,29.67,27.0,30.111666666666668,2.1868645743752264,33.0,27.0,32.0,2.600622303147585,35.33,27.0,42.944583333333334,12.636190943396524,62.0,27.0,26.7,26.4,27.2,88.0,91.0,83.0,2.4,2.8,3.33,1003.0,1004.0,1003.0,2385.2000000000003,142.4,42.88,12.5,0.6899839538615382,5.105582024586789,2.4704429151226397,23.852000000000004,26.0,0.026719813838670153,718.24,7921,2.5600000000000005,1006009,246.77000000000004,41.12833333333334,2.6700000000000017,-0.6599999999999966,0.10000000000000142
94,85.4,15.0,40.0,47.0,30.7,37,0.0,1003,90,27.0,0.0,1.6,2023,6,22,3,3,173,25,0.7071067811865476,0.7071067811865476,1.2246467991473532e-16,-1.0,0.43388373911755823,-0.900968867902419,2,3,0,29.67,27.0,28.67,33.0,35.33,59.0,29.666666666666668,2.6650015634785578,32.33,27.0,30.0,2.0206731551615777,32.33,27.0,31.75,2.3868122522027146,35.0,27.0,41.833333333333336,12.33189983835392,62.0,27.0,26.8,26.5,26.7,89.0,90.0,88.0,1.6,2.8,1.66,1003.0,1003.0,1003.0,2430.0,144.0,43.2,0.0,0.6878577051552095,5.692953803079796,2.666488900739951,24.3,26.2,0.026919215434481124,729.0,8100,2.5600000000000005,1006009,250.43,41.73833333333334,2.6599999999999966,3.6599999999999966,0.1999999999999993
100,84.0,13.0,38.0,51.0,33.0,25,0.0,1002,91,27.1,0.0,1.2,2023,6,22,4,3,173,25,0.8660254037844386,0.5000000000000001,1.2246467991473532e-16,-1.0,0.43388373911755823,-0.900968867902419,2,3,0,32.33,29.67,27.0,32.0,32.0,60.0,32.333333333333336,2.6650015634783735,35.0,29.67,30.5,2.8254415584100783,35.0,27.0,32.0,2.565781823076282,35.0,27.0,40.791666666666664,11.773897683718479,62.0,27.0,27.0,26.7,26.2,90.0,88.0,92.0,1.6,2.4,2.8,1003.0,1003.0,1004.0,2466.1,109.2,32.52,0.0,0.6862610537048294,6.461041458349358,2.9228520883009,24.660999999999998,26.5,0.02704588119173534,734.4100000000001,8281,1.44,1004004,254.0,42.333333333333336,2.6700000000000017,8.0,0.10000000000000142
106,101.7,17.0,35.7,54.7,36.7,50,0.75,1002,92,27.3,0.0,0.8,2023,6,22,5,3,173,25,0.9659258262890683,0.25881904510252074,1.2246467991473532e-16,-1.0,0.43388373911755823,-0.900968867902419,2,3,0,35.0,32.33,29.67,30.33,33.0,60.67,35.0,2.6700000000014747,37.67,32.33,31.72333333333334,4.057495122197654,37.67,27.0,32.38916666666666,3.0413377987413566,37.67,27.0,39.833333333333336,10.995893172756412,62.0,27.0,27.1,26.8,26.4,91.0,89.0,91.0,1.2,1.6,2.8,1002.0,1003.0,1004.0,2511.6,73.60000000000001,21.840000000000003,37.5,0.6886528582658452,5.982001058761249,2.099876477854244,25.116,26.900000000000002,0.02724548179093634,745.2900000000001,8464,0.6400000000000001,1004004,283.47,47.245000000000005,2.6700000000000017,8.0,0.1999999999999993
113,119.4,21.0,33.3,58.3,40.3,75,0.0,1003,93,27.5,0.6,0.8,2023,6,22,6,3,173,25,1.0,6.123233995736766e-17,1.2246467991473532e-16,-1.0,0.43388373911755823,-0.900968867902419,2,0,0,37.67,35.0,32.33,28.67,34.0,61.33,37.666666666666664,2.6650015634780106,40.33,35.0,33.666666666666664,4.9881646591364905,40.33,27.0,32.916666666666664,3.8003596321040045,40.33,27.0,38.958333333333336,10.00149409128332,62.0,27.0,27.3,27.0,26.5,92.0,90.0,90.0,0.8,1.6,2.8,1002.0,1003.0,1003.0,2557.5,74.4,22.0,0.0,0.6917548584072315,5.685443550307128,1.5856387791057567,25.575,27.1,0.02741771942400855,756.25,8649,0.6400000000000001,1006009,312.63,52.105,2.6599999999999966,8.0,0.1999999999999993
121,137.1,25.0,31.0,62.0,44.0,100,0.0,1003,94,27.7,0.8,0.8,2023,6,22,7,3,173,25,0.9659258262890683,-0.25881904510252063,1.2246467991473532e-16,-1.0,0.43388373911755823,-0.900968867902419,2,0,0,40.33,37.67,35.0,27.0,35.0,62.0,40.333333333333336,2.665001563477834,43.0,37.67,36.333333333333336,4.988164659136559,43.0,29.67,33.583333333333336,4.775601501063725,43.0,27.0,38.166666666666664,8.775118810872675,59.0,27.0,27.5,27.1,26.7,93.0,91.0,88.0,0.8,1.2,2.4,1003.0,1002.0,1003.0,2603.7999999999997,75.2,22.16,0.0,0.693537201012887,5.483780648774048,1.2399504019839205,26.037999999999997,27.3,0.027617121019819522,767.29,8836,0.6400000000000001,1006009,342.1,57.01666666666667,2.6700000000000017,8.0,0.1999999999999993
116,135.6,22.3,56.7,59.7,53.7,95,0.0,1003,86,29.0,1.3,0.33,2023,6,22,8,3,173,25,0.8660254037844387,-0.4999999999999998,1.2246467991473532e-16,-1.0,0.43388373911755823,-0.900968867902419,2,0,0,43.0,40.33,37.67,29.67,34.0,59.0,41.553333333333335,1.3489378537719505,43.0,40.33,38.276666666666664,4.05749512219786,43.0,32.33,34.19416666666667,5.276275301820262,43.0,27.0,37.430416666666666,7.615863580692203,56.0,27.0,27.7,27.3,26.8,94.0,92.0,89.0,0.8,0.8,1.6,1003.0,1002.0,1003.0,2494.0,28.380000000000003,9.57,0.0,0.6922832113364935,6.080444823102102,2.5424868839962333,24.94,28.835,0.028913231392590836,841.0,7396,0.10890000000000001,1006009,369.33,61.555,-1.6700000000000017,3.6599999999999966,1.3000000000000007
112,134.0,19.7,82.3,57.3,63.3,91,0.25,1003,79,30.4,2.0,0.66,2023,6,22,9,3,173,25,0.7071067811865476,-0.7071067811865475,1.2246467991473532e-16,-1.0,0.43388373911755823,-0.900968867902419,2,0,0,41.33,43.0,40.33,32.33,33.0,56.0,41.333333333333336,1.665002502502308,43.0,39.67,39.5,2.8254415584104824,43.0,35.0,34.75,5.486190928967328,43.0,27.0,36.75,6.5378722772051,53.0,27.0,29.0,27.5,27.0,86.0,93.0,90.0,0.33,0.8,1.6,1003.0,1003.0,1003.0,2401.6,52.14,20.064,22.75,0.6923090347463396,6.8016851936449925,4.177452921171514,24.016,30.07,0.030309042563267632,924.16,6241,0.43560000000000004,1006009,396.27000000000004,66.045,-1.6599999999999966,-0.6599999999999966,1.3999999999999986
107,132.5,17.0,108.0,55.0,73.0,87,0.5,1003,73,31.7,2.9,1.0,2023,6,22,10,3,173,25,0.49999999999999994,-0.8660254037844387,1.2246467991473532e-16,-1.0,0.43388373911755823,-0.900968867902419,2,0,0,39.67,41.33,43.0,35.0,32.0,53.0,39.666666666666664,1.6650025025024788,41.33,38.0,40.0,2.020673155162204,43.0,37.67,35.25,5.486190928967332,43.0,27.0,36.125,5.5608562055796575,49.33,27.0,30.4,27.7,27.1,79.0,94.0,91.0,0.66,0.8,1.2,1003.0,1003.0,1002.0,2314.1,73.0,31.7,43.5,0.6908965291540154,7.793659196517852,6.3525674960296445,23.141,31.2,0.031605152936038945,1004.89,5329,1.0,1006009,423.5,70.58333333333333,-1.6700000000000017,-5.0,1.3000000000000007
104,130.9,16.3,121.0,53.7,71.3,91,0.5,1003,66,32.5,3.5,1.33,2023,6,22,11,3,173,25,0.258819045102521,-0.9659258262890682,1.2246467991473532e-16,-1.0,0.43388373911755823,-0.900968867902419,2,0,0,38.0,39.67,41.33,37.67,30.33,49.33,38.223333333333336,1.348937853772366,39.67,37.0,39.88833333333333,2.1868645743757935,43.0,37.0,35.80583333333333,5.276275301820275,43.0,27.0,35.61125,4.80620460627661,45.67,27.0,31.7,29.0,27.3,73.0,86.0,92.0,1.0,0.33,0.8,1003.0,1003.0,1002.0,2145.0,87.78,43.225,45.5,0.6890002048378987,8.030182197411202,7.422857493405312,21.45,31.835,0.03240275931928283,1056.25,4356,1.7689000000000001,1006009,430.20000000000005,71.7,-1.0,-4.329999999999998,0.8000000000000007
102,129.4,15.7,134.0,52.3,69.7,95,0.0,1003,60,33.4,3.7,1.66,2023,6,22,12,3,173,25,1.2246467991473532e-16,-1.0,1.2246467991473532e-16,-1.0,0.43388373911755823,-0.900968867902419,2,1,0,37.0,38.0,39.67,40.33,28.67,45.67,37.0,1.0000000000035294,38.0,36.0,39.166666666666664,2.6724944652252614,43.0,36.0,36.416666666666664,4.775601501063747,43.0,27.0,35.208333333333336,4.3055441171738815,43.0,27.0,32.5,30.4,27.5,66.0,79.0,93.0,1.33,0.66,0.8,1003.0,1003.0,1003.0,2004.0,99.6,55.443999999999996,0.0,0.6883233590179921,8.241513279408956,8.534488249156105,20.04,32.57,0.033300066500432206,1115.56,3600,2.7556,1006009,437.1,72.85000000000001,-1.0,-3.6700000000000017,0.8999999999999986
100,127.8,15.0,147.0,51.0,68.0,100,0.0,1002,55,34.2,3.5,2.0,2023,6,22,13,3,173,25,-0.2588190451025208,-0.9659258262890683,1.2246467991473532e-16,-1.0,0.43388373911755823,-0.900968867902419,2,1,0,36.0,37.0,38.0,43.0,27.0,42.0,36.0,1.0000000000036875,37.0,35.0,37.833333333333336,2.354193421675319,41.33,35.0,37.083333333333336,3.800359632104045,43.0,29.67,34.916666666666664,4.055282831145408,43.0,27.0,33.4,31.7,27.7,60.0,73.0,94.0,1.66,1.0,0.8,1003.0,1003.0,1003.0,1881.0000000000002,110.0,68.4,0.0,0.6862610537048294,8.519432037864142,9.79934671021932,18.810000000000002,33.2,0.0341317024633708,1169.64,3025,4.0,1004004,443.8,73.96666666666667,-1.0,-3.0,0.8000000000000043
99,129.4,16.0,151.0,50.0,73.7,95,0.0,1002,58,34.1,2.8,1.66,2023,6,22,14,3,173,25,-0.4999999999999997,-0.8660254037844388,1.2246467991473532e-16,-1.0,0.43388373911755823,-0.900968867902419,2,1,0,35.0,36.0,37.0,41.33,29.67,38.67,35.223333333333336,0.6925556536055072,36.0,34.67,36.723333333333336,1.9025526711918106,39.67,34.67,37.5,3.128365823759334,43.0,32.33,34.75,3.975736191056006,43.0,27.0,34.2,32.5,29.0,55.0,66.0,86.0,2.0,1.33,0.33,1002.0,1003.0,1003.0,1977.8000000000002,96.28,56.606,0.0,0.6933861322773546,8.086994562839822,9.43691019311293,19.778000000000002,33.27,0.0340319021637703,1162.8100000000002,3364,2.7556,1004004,454.77,75.795,-0.3299999999999983,-2.3299999999999983,-0.10000000000000142
98,130.9,17.0,155.0,49.0,79.3,91,0.25,1001,63,34.1,2.0,1.33,2023,6,22,15,3,173,25,-0.7071067811865471,-0.7071067811865479,1.2246467991473532e-16,-1.0,0.43388373911755823,-0.900968867902419,2,1,0,34.67,35.0,36.0,39.67,32.33,35.33,34.666666666666664,0.33501243759168053,35.0,34.33,35.833333333333336,1.4416055863719757,38.0,34.33,37.666666666666664,2.8705410745360815,43.0,34.33,34.708333333333336,3.9746333346524527,43.0,27.0,34.1,33.4,30.4,58.0,60.0,79.0,1.66,1.66,0.66,1002.0,1003.0,1003.0,2148.3,83.79,45.353,22.75,0.7005979469806739,7.699547085465561,9.117110758190694,21.483,33.435,0.0340659000340659,1162.8100000000002,3969,1.7689000000000001,1002001,465.53,77.58833333333332,-0.3400000000000034,-1.6700000000000017,0.0
99,132.5,18.0,159.0,48.0,85.0,87,0.0,1000,67,34.0,1.3,1.0,2023,6,22,16,3,173,25,-0.8660254037844385,-0.5000000000000004,1.2246467991473532e-16,-1.0,0.43388373911755823,-0.900968867902419,2,1,0,34.33,34.67,35.0,38.0,35.0,32.0,34.333333333333336,0.3350124375918228,34.67,34.0,35.166666666666664,1.1305868682497309,37.0,34.0,37.583333333333336,2.967859140656877,43.0,34.0,34.791666666666664,3.9361608603871288,43.0,27.0,34.1,34.2,31.7,63.0,55.0,73.0,1.33,2.0,1.0,1001.0,1002.0,1003.0,2278.0,67.0,34.0,0.0,0.7083185766963188,7.360702183212044,8.832842619854452,22.78,33.5,0.033999966000034,1156.0,4489,1.0,1000000,476.5,79.41666666666667,-0.3299999999999983,-1.0,-0.10000000000000142
85,171.8,42.7,121.3,35.0,92.3,87,0.25,1000,67,33.5,0.8,0.66,2023,6,22,17,3,173,25,-0.9659258262890683,-0.25881904510252063,1.2246467991473532e-16,-1.0,0.43388373911755823,-0.900968867902419,2,1,0,34.0,34.33,34.67,37.0,37.67,33.0,32.11,3.5631867759084006,34.33,28.0,33.666666666666664,2.8597598966798574,36.0,28.0,36.7775,4.05564057265164,43.0,28.0,34.583333333333336,4.161011234394414,43.0,27.0,34.0,34.1,32.5,67.0,58.0,66.0,1.0,1.66,1.33,1000.0,1002.0,1003.0,2244.5,44.22,22.11,21.75,0.7999771435101855,4.023324980679609,2.8406828879885717,22.445,33.17,0.0334999665000335,1122.25,4489,0.43560000000000004,1000000,491.1,81.85000000000001,-6.0,-6.670000000000002,-0.5
85,211.1,67.3,83.7,35.0,99.7,87,0.0,1000,68,33.0,0.6,0.33,2023,6,22,18,3,173,25,-1.0,-1.8369701987210297e-16,1.2246467991473532e-16,-1.0,0.43388373911755823,-0.900968867902419,2,2,0,28.0,34.0,34.33,36.0,40.33,34.0,30.0,3.4641016151390667,34.0,28.0,32.333333333333336,3.373162709781148,35.0,28.0,35.75,4.599264763375662,43.0,28.0,34.333333333333336,4.3724549533235235,43.0,27.0,33.5,34.1,33.4,67.0,63.0,60.0,0.66,1.33,1.66,1000.0,1001.0,1003.0,2244.0,22.44,10.89,0.0,0.7999771435101855,3.13665473024175,1.243666513127591,22.44,32.835,0.032999967000033,1089.0,4624,0.10890000000000001,1000000,524.8,87.46666666666665,0.0,-6.329999999999998,-0.5
112,250.4,92.0,46.0,50.0,107.0,87,0.0,1001,69,32.5,0.0,1.6,2023,6,22,19,3,173,25,-0.9659258262890684,0.2588190451025203,1.2246467991473532e-16,-1.0,0.43388373911755823,-0.900968867902419,2,2,0,28.0,28.0,34.0,35.0,43.0,35.0,32.0,6.928203230276125,40.0,28.0,33.166666666666664,4.569269817668714,40.0,28.0,35.5,4.2365895374798255,41.33,28.0,34.541666666666664,4.522154802522124,43.0,27.0,33.0,34.0,34.2,68.0,67.0,55.0,0.33,1.0,2.0,1000.0,1000.0,1002.0,2242.5,110.4,52.0,0.0,0.7999840003199936,2.7217095466353625,0.49999456527646435,22.425,31.7,0.032467500032467504,1056.25,4761,2.5600000000000005,1002001,585.4,97.56666666666666,12.0,6.0,-0.5
126,257.6,86.7,40.0,56.3,95.0,66,0.5,1001,71,32.2,0.0,0.66,2023,6,22,20,3,173,25,-0.8660254037844386,0.5000000000000001,1.2246467991473532e-16,-1.0,0.43388373911755823,-0.900968867902419,2,2,0,40.0,28.0,28.0,34.67,41.33,34.0,37.666666666666664,8.7368949480545,45.0,28.0,34.88833333333333,6.698866819594093,45.0,28.0,35.80583333333333,4.791794991693287,45.0,28.0,35.0,4.9973427721752,45.0,27.0,32.5,33.5,34.1,69.0,67.0,58.0,1.6,0.66,1.66,1001.0,1000.0,1002.0,2286.2000000000003,46.86,21.252000000000002,33.0,0.7992753237065062,2.97113066746635,0.4613556937059549,22.862000000000002,31.870000000000005,0.032167800032167806,1036.8400000000001,5041,0.43560000000000004,1002001,580.6,96.76666666666667,5.0,17.0,-0.29999999999999716
112,264.8,81.3,34.0,50.0,83.0,45,1.0,1002,74,32.0,0.0,1.33,2023,6,22,21,3,173,25,-0.7071067811865477,0.7071067811865474,1.2246467991473532e-16,-1.0,0.43388373911755823,-0.900968867902419,2,2,0,45.0,40.0,28.0,34.33,39.67,33.0,41.666666666666664,2.886751345949128,45.0,40.0,35.833333333333336,6.99761864255683,45.0,28.0,35.833333333333336,4.816868717581668,45.0,28.0,35.291666666666664,5.079144627290174,45.0,27.0,32.2,33.0,34.1,71.0,68.0,63.0,0.66,0.33,1.33,1001.0,1000.0,1001.0,2368.0,98.42,42.56,45.0,0.7999840003199936,3.2570325088252297,0.41819903814221226,23.68,31.335,0.03193609587215981,1024.0,5476,1.7689000000000001,1004004,553.1,92.18333333333334,-5.0,12.0,-0.20000000000000284
139,272.0,76.0,28.0,62.5,71.0,25,2.0,1003,77,31.7,0.0,2.0,2023,6,22,22,3,173,25,-0.5000000000000004,0.8660254037844384,1.2246467991473532e-16,-1.0,0.43388373911755823,-0.900968867902419,2,3,0,40.0,45.0,40.0,34.0,38.0,32.0,45.0,5.000000000000483,50.0,40.0,38.5,8.938679992034219,50.0,28.0,36.833333333333336,6.318979108185881,50.0,28.0,36.041666666666664,5.843418197586699,50.0,27.0,32.0,32.5,34.0,74.0,69.0,67.0,1.33,1.6,1.0,1002.0,1001.0,1000.0,2440.9,154.0,63.4,50.0,0.7999872002047967,3.5789002776279255,0.36841620504993355,24.409000000000002,30.7,0.031605152936038945,1004.89,5929,4.0,1006009,559.5,93.25,10.0,10.0,-0.3000000000000007
118,245.5,65.7,32.3,52.5,66.0,25,2.5,1002,76,30.5,0.0,2.0,2023,6,22,23,3,173,25,-0.25881904510252157,0.9659258262890681,1.2246467991473532e-16,-1.0,0.43388373911755823,-0.900968867902419,2,3,0,50.0,40.0,45.0,28.0,37.0,30.33,44.0,5.291502622129664,50.0,40.0,40.833333333333336,7.332575718440287,50.0,28.0,37.25,6.49340784600337,50.0,28.0,36.52791666666666,5.833007263143731,50.0,27.0,31.7,32.2,33.5,77.0,71.0,67.0,2.0,0.66,0.66,1003.0,1001.0,1000.0,2318.0,152.0,61.0,62.5,0.7999847621950058,3.7366250133179095,0.4916211320984459,23.18,29.5,0.030439091378152316,930.25,5776,4.0,1004004,504.0,84.0,-8.0,-3.0,-1.1999999999999993
54,219.0,55.3,36.7,17.5,61.0,25,3.5,1002,76,29.3,0.0,2.0,2023,6,23,0,4,174,25,0.0,1.0,1.2246467991473532e-16,-1.0,-0.433883739117558,-0.9009688679024191,2,3,0,42.0,50.0,40.0,28.0,36.0,28.67,35.333333333333336,18.903262505010634,50.0,14.0,38.5,12.581732790040999,50.0,14.0,35.416666666666664,9.354019392104732,50.0,14.0,35.916666666666664,7.281138627312917,50.0,14.0,30.5,32.0,33.0,76.0,74.0,68.0,2.0,1.33,0.33,1002.0,1002.0,1000.0,2226.8,152.0,58.6,87.5,0.7999542883263813,3.9601453861593825,0.6636408021554765,22.268,28.3,0.029241487782946326,858.49,5776,4.0,1004004,403.5,67.25,-28.0,-26.0,-1.1999999999999993
42,192.6,45.0,41.0,12.5,56.0,25,0.25,1002,76,28.1,0.0,2.0,2023,6,23,1,4,174,25,0.25881904510252074,0.9659258262890683,1.2246467991473532e-16,-1.0,-0.433883739117558,-0.9009688679024191,2,3,0,14.0,42.0,50.0,40.0,35.0,27.0,22.0,17.435595774163023,42.0,10.0,33.5,17.038192392386925,50.0,10.0,33.333333333333336,11.89432434042153,50.0,10.0,35.208333333333336,8.845213722522738,50.0,10.0,29.3,31.7,32.5,76.0,77.0,69.0,2.0,2.0,1.6,1002.0,1003.0,1001.0,2135.6,152.0,56.2,6.25,0.7999360051195905,4.279904891002422,0.9110908646474524,21.355999999999998,27.1,0.028043884187740335,789.6100000000001,5776,4.0,1004004,357.1,59.51666666666667,-4.0,-40.0,-1.1999999999999993
50,179.6,38.0,40.7,15.0,54.3,37,0.25,1002,78,27.8,0.0,1.83,2023,6,23,2,4,174,25,0.49999999999999994,0.8660254037844387,1.2246467991473532e-16,-1.0,-0.433883739117558,-0.9009688679024191,2,3,0,10.0,14.0,42.0,45.0,34.67,29.67,12.0,2.000000000003567,14.0,10.0,28.0,17.88854381999805,50.0,10.0,31.44416666666667,13.371344841816786,50.0,10.0,34.47208333333333,9.987848259876683,50.0,10.0,28.1,30.5,32.2,76.0,76.0,71.0,2.0,2.0,0.66,1002.0,1002.0,1001.0,2168.4,142.74,50.874,9.25,0.7999466702219852,4.726191416015368,1.0710244467250862,21.684,26.885,0.027744483288938835,772.84,6084,3.3489000000000004,1004004,339.6,56.6,2.0,-30.0,-0.3000000000000007
50,166.5,31.0,40.3,15.0,52.7,50,3.5,1003,81,27.6,0.0,1.66,2023,6,23,3,4,174,25,0.7071067811865476,0.7071067811865476,1.2246467991473532e-16,-1.0,-0.433883739117558,-0.9009688679024191,2,3,0,12.0,10.0,14.0,40.0,34.33,32.33,11.333333333333334,1.1547005383855127,12.0,10.0,23.333333333333332,17.783887838902267,50.0,10.0,29.583333333333332,14.443987949274268,50.0,10.0,33.625,10.98931971625585,50.0,10.0,27.8,29.3,32.0,78.0,76.0,74.0,1.83,2.0,1.33,1002.0,1002.0,1002.0,2235.6,134.45999999999998,45.816,175.0,0.7999466702219852,5.370794490500306,1.2999580658688428,22.355999999999998,26.770000000000003,0.027517420221914037,761.7600000000001,6561,2.7556,1006009,317.5,52.916666666666664,0.0,-2.0,-0.1999999999999993
50,153.5,24.0,40.0,15.0,51.0,62,3.75,1003,83,27.3,0.0,1.5,2023,6,23,4,4,174,25,0.8660254037844386,0.5000000000000001,1.2246467991473532e-16,-1.0,-0.433883739117558,-0.9009688679024191,2,3,0,12.0,12.0,10.0,50.0,34.0,35.0,12.0,0.0,12.0,12.0,17.0,12.31259517729661,42.0,10.0,27.75,15.208400788559162,50.0,10.0,32.666666666666664,11.834560173185817,50.0,10.0,27.6,28.1,31.7,81.0,76.0,77.0,1.66,2.0,2.0,1003.0,1002.0,1003.0,2265.9,124.5,40.95,232.5,0.7999466702219852,6.395566851381192,1.66659722511562,22.659000000000002,26.55,0.02721831782819758,745.2900000000001,6889,2.25,1006009,295.5,49.25,0.0,2.0,-0.3000000000000007
52,158.4,25.3,38.0,16.3,59.3,75,3.25,1003,86,27.0,0.0,1.33,2023,6,23,5,4,174,25,0.9659258262890683,0.25881904510252074,1.2246467991473532e-16,-1.0,-0.433883739117558,-0.9009688679024191,2,3,0,12.0,12.0,12.0,42.0,28.0,37.67,12.333333333333334,0.5773502692018964,13.0,12.0,12.166666666666666,1.3291601358200684,14.0,10.0,26.5,15.791251893489278,50.0,10.0,31.638749999999998,12.437133149494818,50.0,10.0,27.3,27.8,30.5,83.0,78.0,76.0,1.5,1.83,2.0,1003.0,1002.0,1002.0,2322.0,114.38000000000001,35.910000000000004,243.75,0.7974970860683392,6.260622109798032,1.5019169202798308,23.22,26.335,0.026919215434481124,729.0,7396,1.7689000000000001,1006009,310.3,51.71666666666667,1.0,1.0,-0.3000000000000007
42,163.2,26.7,36.0,12.5,67.7,87,2.25,1004,88,26.8,0.6,1.16,2023,6,23,6,4,174,25,1.0,6.123233995736766e-17,1.2246467991473532e-16,-1.0,-0.433883739117558,-0.9009688679024191,2,0,0,13.0,12.0,12.0,14.0,28.0,40.33,11.666666666666666,1.527525231656648,13.0,10.0,11.5,1.2247448713860363,13.0,10.0,25.0,16.47587768389101,50.0,10.0,30.375,13.041840027555523,50.0,10.0,27.0,27.6,29.3,86.0,81.0,76.0,1.33,1.66,2.0,1003.0,1003.0,1002.0,2358.4,102.08,31.087999999999997,195.75,0.7999360051195905,6.112130631811542,1.3482641099584285,23.584,26.220000000000002,0.026693200504780374,718.24,7744,1.3456,1008016,316.09999999999997,52.68333333333333,-3.0,-2.0,-0.1999999999999993
37,168.1,28.0,34.0,11.3,76.0,100,1.5,1004,91,26.5,0.8,1.0,2023,6,23,7,4,174,25,0.9659258262890683,-0.25881904510252063,1.2246467991473532e-16,-1.0,-0.433883739117558,-0.9009688679024191,2,0,0,10.0,13.0,12.0,10.0,40.0,43.0,10.666666666666666,2.0816659994696525,13.0,9.0,11.333333333333334,1.5055453054136314,13.0,9.0,22.416666666666668,16.339902822306396,50.0,9.0,28.958333333333332,13.451028622915572,50.0,9.0,26.8,27.3,28.1,88.0,83.0,76.0,1.16,1.5,2.0,1004.0,1003.0,1002.0,2411.5,91.0,26.5,150.0,0.7963897000265463,6.003357022963465,1.214242348487554,24.115,26.0,0.026394396021517906,702.25,8281,1.0,1008016,326.4,54.4,-1.0,-3.0,-0.3000000000000007
56,163.6,27.0,53.0,18.8,91.7,95,0.0,1004,87,27.2,1.3,0.66,2023,6,23,8,4,174,25,0.8660254037844387,-0.4999999999999998,1.2246467991473532e-16,-1.0,-0.433883739117558,-0.9009688679024191,2,0,0,9.0,10.0,13.0,12.0,45.0,41.33,11.333333333333334,3.2145502536665678,15.0,9.0,11.833333333333334,2.1369760566401172,15.0,9.0,19.916666666666668,14.792248174655477,50.0,9.0,27.86125,13.471846105860953,50.0,9.0,26.5,27.0,27.8,91.0,86.0,78.0,1.0,1.33,1.83,1004.0,1003.0,1002.0,2366.4,57.42,17.952,0.0,0.7978299026647518,6.05903485056109,1.9628902633235805,23.664,26.87,0.027091606482463663,739.8399999999999,7569,0.43560000000000004,1008016,369.09999999999997,61.51666666666666,6.0,2.0,0.6999999999999993
42,159.1,26.0,72.0,12.5,107.3,91,0.5,1004,83,28.0,2.0,0.33,2023,6,23,9,4,174,25,0.7071067811865476,-0.7071067811865475,1.2246467991473532e-16,-1.0,-0.433883739117558,-0.9009688679024191,2,0,0,15.0,9.0,10.0,12.0,40.0,39.67,11.333333333333334,3.2145502536665678,15.0,9.0,11.5,2.258317958124232,15.0,9.0,17.416666666666668,13.574430062258365,50.0,9.0,26.625,13.700496341373933,50.0,9.0,27.2,26.8,27.6,87.0,88.0,81.0,0.66,1.16,1.66,1004.0,1004.0,1003.0,2324.0,27.39,9.24,45.5,0.7999360051195905,6.118995423252951,2.769124264451367,23.24,27.835,0.027888418437830242,784.0,6889,0.10890000000000001,1008016,386.90000000000003,64.48333333333333,-5.0,0.0,0.8000000000000007
59,154.7,25.0,91.0,20.0,123.0,87,0.25,1004,79,28.7,2.9,2.0,2023,6,23,10,4,174,25,0.49999999999999994,-0.8660254037844387,1.2246467991473532e-16,-1.0,-0.433883739117558,-0.9009688679024191,2,0,0,10.0,15.0,9.0,12.0,50.0,38.0,13.666666666666666,3.214550253666462,16.0,10.0,12.166666666666666,2.926886855799729,16.0,9.0,14.583333333333334,8.897990920664874,42.0,9.0,25.708333333333332,13.642191799760386,50.0,9.0,28.0,26.5,27.3,83.0,91.0,83.0,0.33,1.0,1.5,1004.0,1004.0,1003.0,2267.2999999999997,158.0,57.4,21.75,0.7999600019998999,6.1877524899004035,3.6398544058237667,22.673,27.7,0.028585628898775996,823.6899999999999,6241,4.0,1008016,429.7,71.61666666666666,6.0,7.0,0.6999999999999993
67,152.5,23.3,104.3,25.0,128.3,83,0.5,1003,79,28.9,3.5,1.6,2023,6,23,11,4,174,25,0.258819045102521,-0.9659258262890682,1.2246467991473532e-16,-1.0,-0.433883739117558,-0.9009688679024191,2,0,0,16.0,10.0,15.0,13.0,42.0,37.0,15.333333333333334,5.033222956848488,20.0,10.0,13.333333333333334,4.366539438348576,20.0,9.0,12.75,3.1370223287221206,20.0,9.0,25.0,13.47067313769467,50.0,9.0,28.7,27.2,27.0,79.0,87.0,86.0,2.0,0.66,1.33,1004.0,1004.0,1003.0,2283.1,126.4,46.24,41.5,0.7999680012799487,6.544783485687309,4.47620273807991,22.831,28.099999999999998,0.02881353059468535,835.2099999999999,6241,2.5600000000000005,1006009,453.40000000000003,75.56666666666668,4.0,5.0,0.1999999999999993
67,150.4,21.7,117.7,25.0,133.7,79,0.75,1003,79,29.0,3.7,1.6,2023,6,23,12,4,174,25,1.2246467991473532e-16,-1.0,1.2246467991473532e-16,-1.0,-0.433883739117558,-0.9009688679024191,2,1,0,20.0,16.0,10.0,10.0,14.0,36.0,18.666666666666668,2.309401076761174,20.0,16.0,15.0,4.732863826478343,20.0,9.0,13.25,3.7688918072209945,20.0,9.0,24.333333333333332,13.297419058719187,50.0,9.0,28.9,28.0,26.8,79.0,83.0,88.0,1.6,0.33,1.16,1003.0,1004.0,1004.0,2291.0,126.4,46.400000000000006,59.25,0.7999680012799487,6.930556195567025,5.423713192940418,22.91,28.2,0.028913231392590836,841.0,6241,2.5600000000000005,1006009,468.5,78.08333333333333,0.0,10.0,0.10000000000000142
85,148.2,20.0,131.0,35.0,139.0,75,1.0,1003,79,29.2,3.5,1.2,2023,6,23,13,4,174,25,-0.2588190451025208,-0.9659258262890683,1.2246467991473532e-16,-1.0,-0.433883739117558,-0.9009688679024191,2,1,0,20.0,20.0,16.0,9.0,10.0,35.0,22.666666666666668,4.6188021535182155,28.0,20.0,18.166666666666668,6.080021929784023,28.0,10.0,14.75,5.528849954391413,28.0,9.0,24.041666666666668,13.128985744019468,50.0,9.0,29.0,28.7,26.5,79.0,79.0,91.0,1.6,2.0,1.0,1003.0,1004.0,1004.0,2306.7999999999997,94.8,35.04,75.0,0.7999771435101855,7.409629518524072,6.549672516374181,23.067999999999998,28.599999999999998,0.029112632988401808,852.64,6241,1.44,1006009,501.2,83.53333333333333,8.0,12.0,0.1999999999999993
80,153.9,24.0,126.0,32.5,139.3,79,0.5,1002,75,29.8,2.8,1.2,2023,6,23,14,4,174,25,-0.4999999999999997,-0.8660254037844388,1.2246467991473532e-16,-1.0,-0.433883739117558,-0.9009688679024191,2,1,0,28.0,20.0,20.0,15.0,12.0,34.67,24.666666666666668,4.163331998933537,28.0,20.0,20.0,6.572670690061109,28.0,10.0,15.916666666666666,6.316764611057412,28.0,9.0,23.680416666666662,12.941772097986872,50.0,9.0,29.2,28.9,27.2,79.0,79.0,87.0,1.2,1.6,0.66,1003.0,1003.0,1004.0,2235.0,90.0,35.76,39.5,0.7999753853727578,6.4122328236323485,5.2497812591142035,22.35,29.2,0.02974048928094882,888.0400000000001,5625,1.44,1004004,501.7,83.61666666666666,-2.0,6.0,0.6000000000000014
139,159.5,28.0,121.0,62.5,139.7,83,0.0,1002,71,30.4,2.0,1.2,2023,6,23,15,4,174,25,-0.7071067811865471,-0.7071067811865479,1.2246467991473532e-16,-1.0,-0.433883739117558,-0.9009688679024191,2,1,0,26.0,28.0,20.0,10.0,12.0,34.33,34.666666666666664,13.316656236959075,50.0,26.0,26.666666666666668,12.242004193213486,50.0,16.0,19.083333333333332,11.540114489216935,50.0,9.0,24.333333333333332,13.864771330893662,50.0,9.0,29.8,29.0,28.0,75.0,79.0,83.0,1.2,1.6,0.33,1002.0,1003.0,1004.0,2158.4,85.2,36.48,0.0,0.7999872002047967,5.696225134816613,4.321274240205707,21.584,29.799999999999997,0.03033929107855182,924.16,5041,1.44,1004004,560.7,93.45,24.0,30.0,0.5999999999999979
63,165.2,32.0,116.0,22.5,140.0,87,0.0,1001,67,31.0,1.4,1.6,2023,6,23,16,4,174,25,-0.8660254037844385,-0.5000000000000004,1.2246467991473532e-16,-1.0,-0.433883739117558,-0.9009688679024191,2,1,0,50.0,26.0,28.0,16.0,12.0,34.0,31.333333333333332,16.65332799572932,50.0,18.0,27.0,11.916375287812563,50.0,18.0,19.583333333333332,11.333444740985062,50.0,9.0,23.666666666666668,13.764057372821377,50.0,9.0,30.4,29.2,28.7,71.0,79.0,79.0,1.2,1.2,2.0,1002.0,1003.0,1004.0,2077.0,107.2,49.6,0.0,0.7999644460246211,5.162338676916346,3.624886722289929,20.77,30.2,0.030969000030969,961.0,4489,2.5600000000000005,1002001,493.7,82.28333333333333,-32.0,-10.0,0.6000000000000014
91,200.6,47.3,85.0,38.8,138.0,83,0.0,1001,71,30.6,1.1,2.0,2023,6,23,17,4,174,25,-0.9659258262890683,-0.25881904510252063,1.2246467991473532e-16,-1.0,-0.433883739117558,-0.9009688679024191,2,1,0,18.0,50.0,26.0,20.0,13.0,28.0,33.0,16.093476939431334,50.0,18.0,28.833333333333332,11.461529857163791,50.0,18.0,21.083333333333332,11.571582223339531,50.0,9.0,23.791666666666668,13.818636334491448,50.0,9.0,31.0,29.8,28.9,67.0,75.0,79.0,1.6,1.2,1.6,1001.0,1002.0,1003.0,2172.6,142.0,61.2,0.0,0.7989484807092602,4.240925139003404,1.7970021775438154,21.726,29.6,0.0305694000305694,936.3600000000001,5041,4.0,1002001,540.7,90.11666666666667,13.0,5.0,-0.3999999999999986
102,236.0,62.7,54.0,45.0,136.0,79,0.0,1001,74,30.1,0.8,1.2,2023,6,23,18,4,174,25,-1.0,-1.8369701987210297e-16,1.2246467991473532e-16,-1.0,-0.433883739117558,-0.9009688679024191,2,2,0,31.0,18.0,50.0,20.0,10.0,28.0,28.333333333333332,9.291573243178073,36.0,18.0,31.5,10.839741694338983,50.0,18.0,23.25,11.740566813016374,50.0,9.0,24.125,14.019590330800613,50.0,9.0,30.6,30.4,29.0,71.0,71.0,79.0,2.0,1.2,1.6,1001.0,1002.0,1003.0,2227.4,88.8,36.12,0.0,0.7999822226172753,3.763895312674439,0.8612302834085581,22.274,29.5,0.0300699000300699,906.0100000000001,5476,1.44,1002001,569.7,94.95,5.0,-14.0,-0.5
78,271.4,78.0,23.0,31.3,134.0,75,0.0,1002,77,29.7,0.0,1.2,2023,6,23,19,4,174,25,-0.9659258262890684,0.2588190451025203,1.2246467991473532e-16,-1.0,-0.433883739117558,-0.9009688679024191,2,2,0,36.0,31.0,18.0,28.0,9.0,40.0,30.666666666666668,5.507570547286895,36.0,25.0,31.0,11.099549540408873,50.0,18.0,24.583333333333332,10.849870827327363,50.0,10.0,23.5,13.60945962572899,50.0,9.0,30.1,31.0,29.2,74.0,67.0,79.0,1.2,1.6,1.2,1001.0,1001.0,1003.0,2286.9,92.39999999999999,35.64,0.0,0.7986965272674994,3.479442571249086,0.29486801451263445,22.869,29.099999999999998,0.02964068898134832,882.0899999999999,5929,1.44,1004004,562.7,93.78333333333335,-11.0,7.0,-0.40000000000000213
78,274.1,73.7,21.7,31.3,119.7,83,0.25,1002,83,28.0,0.0,0.66,2023,6,23,20,4,174,25,-0.8660254037844386,0.5000000000000001,1.2246467991473532e-16,-1.0,-0.433883739117558,-0.9009688679024191,2,2,0,25.0,36.0,31.0,26.0,15.0,45.0,28.666666666666668,6.350852961086614,36.0,25.0,30.833333333333332,11.196725711861369,50.0,18.0,25.416666666666668,10.422513510606752,50.0,10.0,22.666666666666668,12.825472842089985,50.0,9.0,29.7,30.6,29.8,77.0,71.0,75.0,1.2,2.0,1.2,1002.0,1001.0,1002.0,2324.0,54.78,18.48,20.75,0.7986965272674994,3.719081152223172,0.2944329113580548,23.24,27.67,0.027944083888139834,784.0,6889,0.43560000000000004,1004004,545.5,90.91666666666667,0.0,-6.0,-1.6999999999999993
93,276.8,69.3,20.3,40.0,105.3,91,0.75,1003,90,26.2,0.0,1.33,2023,6,23,21,4,174,25,-0.7071067811865477,0.7071067811865474,1.2246467991473532e-16,-1.0,-0.433883739117558,-0.9009688679024191,2,2,0,25.0,25.0,36.0,50.0,10.0,40.0,27.333333333333332,4.0414518843285725,32.0,25.0,27.833333333333332,6.431692364118236,36.0,18.0,27.25,9.343203655355426,50.0,16.0,22.333333333333332,12.453973232481335,50.0,9.0,28.0,30.1,30.4,83.0,74.0,71.0,0.66,1.2,1.2,1002.0,1001.0,1002.0,2358.0,119.7,34.846000000000004,68.25,0.7999800004999875,3.994170358292088,0.2929250660163634,23.58,25.535,0.026121609051237237,686.4399999999999,8100,1.7689000000000001,1006009,543.7,90.61666666666667,7.0,-4.0,-1.8000000000000007
21,279.5,65.0,19.0,6.3,91.0,100,1.25,1003,98,24.5,0.0,2.0,2023,6,23,22,4,174,25,-0.5000000000000004,0.8660254037844384,1.2246467991473532e-16,-1.0,-0.433883739117558,-0.9009688679024191,2,3,0,32.0,25.0,25.0,18.0,16.0,50.0,20.666666666666668,14.011899704656209,32.0,5.0,25.666666666666668,10.98483803552225,36.0,5.0,26.333333333333332,10.94891720120215,50.0,5.0,20.458333333333332,11.454936914280395,50.0,5.0,26.2,29.7,31.0,90.0,77.0,67.0,1.33,1.2,1.6,1003.0,1002.0,1001.0,2401.0,196.0,49.0,125.0,0.7935248373274083,4.299933847171582,0.29230319533545635,24.01,23.5,0.02442669548684398,600.25,9604,4.0,1006009,465.8,77.63333333333334,-27.0,-20.0,-1.6999999999999993
42,245.5,60.3,20.0,12.5,74.7,91,0.5,1003,96,24.7,0.0,1.33,2023,6,23,23,4,174,25,-0.25881904510252157,0.9659258262890681,1.2246467991473532e-16,-1.0,-0.433883739117558,-0.9009688679024191,2,3,0,5.0,32.0,25.0,31.0,20.0,42.0,15.666666666666666,14.364307617610608,32.0,5.0,22.166666666666668,12.221565638929228,36.0,5.0,25.5,11.820629117236745,50.0,5.0,19.125,10.674278307750022,50.0,5.0,24.5,28.0,30.6,98.0,83.0,71.0,2.0,0.66,2.0,1003.0,1002.0,1001.0,2371.2,127.68,32.851,45.5,0.7999360051195905,4.071242599625214,0.33166945821794,23.712,24.035,0.024626097082654952,610.0899999999999,9216,1.7689000000000001,1006009,423.0,70.5,5.0,-15.0,0.1999999999999993
33,211.5,55.7,21.0,10.0,58.3,83,1.0,1003,95,25.0,0.0,0.66,2023,6,24,0,5,175,25,0.0,1.0,1.2246467991473532e-16,-1.0,-0.9749279121818236,-0.2225209339563146,2,3,1,10.0,5.0,32.0,36.0,20.0,14.0,7.666666666666667,2.516611478426556,10.0,5.0,17.5,11.184811129383808,32.0,5.0,24.5,12.795595833225786,50.0,5.0,18.875,10.86803250063142,50.0,5.0,24.7,26.2,30.1,96.0,90.0,74.0,1.33,1.33,1.2,1003.0,1003.0,1001.0,2375.0,62.7,16.5,83.0,0.7999200079992002,3.7970592987558573,0.37701298001831207,23.75,24.67,0.02492519947637141,625.0,9025,0.43560000000000004,1006009,364.5,60.75,-2.0,-24.0,0.3000000000000007
33,177.4,51.0,22.0,10.0,42.0,75,0.5,1003,94,25.2,0.0,1.6,2023,6,24,1,5,175,25,0.25881904510252074,0.9659258262890683,1.2246467991473532e-16,-1.0,-0.9749279121818236,-0.2225209339563146,2,3,1,8.0,10.0,5.0,25.0,28.0,10.0,8.666666666666666,1.1547005383856133,10.0,8.0,14.666666666666666,11.057425860780345,32.0,5.0,22.833333333333332,13.576941236277252,50.0,5.0,18.791666666666668,10.94642751596689,50.0,5.0,25.0,24.5,29.7,95.0,98.0,77.0,0.66,2.0,1.2,1003.0,1003.0,1002.0,2368.7999999999997,150.4,40.32,37.5,0.7999200079992002,3.478363169349621,0.43136409090017847,23.688,24.4,0.02512460107218238,635.04,8836,2.5600000000000005,1006009,310.4,51.73333333333333,0.0,3.0,0.1999999999999993
37,155.8,42.0,30.0,11.3,36.7,83,0.5,1002,94,25.3,0.0,1.6,2023,6,24,2,5,175,25,0.49999999999999994,0.8660254037844387,1.2246467991473532e-16,-1.0,-0.9749279121818236,-0.2225209339563146,2,3,1,8.0,8.0,10.0,25.0,26.0,12.0,8.333333333333334,0.5773502692024273,9.0,8.0,12.0,9.939818911830674,32.0,5.0,21.416666666666668,14.093572573296672,50.0,5.0,18.666666666666668,11.044048826981516,50.0,5.0,25.2,24.7,28.0,94.0,96.0,83.0,1.6,1.33,0.66,1003.0,1003.0,1002.0,2378.2000000000003,150.4,40.480000000000004,41.5,0.7963897000265463,3.7094354896311996,0.7142687078879074,23.782000000000004,24.5,0.02524947579892635,640.09,8836,2.5600000000000005,1004004,284.8,47.46666666666667,1.0,-1.0,0.10000000000000142
46,134.2,33.0,38.0,13.8,31.3,91,0.5,1002,94,25.5,0.0,2.0,2023,6,24,3,5,175,25,0.7071067811865476,0.7071067811865476,1.2246467991473532e-16,-1.0,-0.9749279121818236,-0.2225209339563146,2,3,1,9.0,8.0,8.0,32.0,50.0,12.0,9.333333333333334,1.5275252316566972,11.0,8.0,8.5,2.0736441353293933,11.0,5.0,18.166666666666668,11.076866420471175,36.0,5.0,18.625,11.072144837579843,50.0,5.0,25.3,25.0,26.2,94.0,95.0,90.0,1.6,0.66,1.33,1002.0,1003.0,1003.0,2397.0,188.0,51.0,45.5,0.7970436924860518,4.066543438077634,1.151480258173995,23.97,24.5,0.025449076398127348,650.25,8836,4.0,1004004,261.3,43.550000000000004,2.0,3.0,0.1999999999999993
52,112.6,24.0,46.0,16.3,26.0,100,4.0,1002,94,25.6,0.0,1.2,2023,6,24,4,5,175,25,0.8660254037844386,0.5000000000000001,1.2246467991473532e-16,-1.0,-0.9749279121818236,-0.2225209339563146,2,3,1,11.0,9.0,8.0,5.0,18.0,12.0,11.0,2.0000000000035154,13.0,9.0,9.833333333333334,1.9407902170644151,13.0,8.0,17.75,11.177290287981716,36.0,5.0,18.666666666666668,11.047984930044525,50.0,5.0,25.5,25.2,24.5,94.0,94.0,98.0,2.0,1.6,2.0,1002.0,1003.0,1003.0,2406.4,112.8,30.72,400.0,0.7974970860683392,4.69147118870047,1.9165868088829632,24.064,25.0,0.02554887669772785,655.3600000000001,8836,1.44,1004004,237.9,39.65,2.0,5.0,0.10000000000000142
46,115.6,25.7,41.7,13.8,25.0,91,0.75,1002,95,25.6,0.0,0.66,2023,6,24,5,5,175,25,0.9659258262890683,0.25881904510252074,1.2246467991473532e-16,-1.0,-0.9749279121818236,-0.2225209339563146,2,3,1,13.0,11.0,9.0,10.0,31.0,13.0,11.666666666666666,1.1547005383852624,13.0,11.0,10.0,1.999999999996577,13.0,8.0,16.083333333333332,10.492060490357721,36.0,5.0,18.583333333333332,11.100006528265395,50.0,5.0,25.6,25.3,24.7,94.0,94.0,96.0,1.2,1.6,1.33,1002.0,1002.0,1003.0,2432.0,62.7,16.896,68.25,0.7970436924860518,4.497879459943192,1.6225049608964632,24.32,25.270000000000003,0.02554887669772785,655.3600000000001,9025,0.43560000000000004,1004004,232.8,38.800000000000004,-2.0,2.0,0.0
61,118.5,27.3,37.3,21.3,24.0,83,2.75,1002,95,25.7,0.6,1.33,2023,6,24,6,5,175,25,1.0,6.123233995736766e-17,1.2246467991473532e-16,-1.0,-0.9749279121818236,-0.2225209339563146,2,0,1,11.0,13.0,11.0,8.0,36.0,10.0,13.666666666666666,3.0550504633060767,17.0,11.0,11.5,3.2093613071741594,17.0,8.0,14.5,8.44770006354561,32.0,5.0,18.875,10.95569139365662,50.0,5.0,25.6,25.5,25.0,95.0,94.0,95.0,0.66,2.0,0.66,1002.0,1002.0,1003.0,2441.5,126.35000000000001,34.181,228.25,0.7980845969672785,4.340500347972601,1.3662503205010803,24.415,25.035,0.025648676997328347,660.49,9025,1.7689000000000001,1004004,245.40000000000003,40.900000000000006,6.0,6.0,0.09999999999999787
63,121.4,29.0,33.0,22.5,23.0,75,3.75,1003,95,25.7,0.8,2.0,2023,6,24,7,5,175,25,0.9659258262890683,-0.25881904510252063,1.2246467991473532e-16,-1.0,-0.9749279121818236,-0.2225209339563146,2,0,1,17.0,11.0,13.0,8.0,25.0,9.0,15.333333333333334,3.785938897201885,18.0,11.0,13.166666666666666,3.600925806879899,18.0,9.0,13.916666666666666,7.879297769048042,32.0,5.0,19.25,10.755180753640389,50.0,5.0,25.7,25.6,25.2,95.0,94.0,94.0,1.33,1.2,1.6,1002.0,1002.0,1003.0,2441.5,190.0,51.4,281.25,0.7999644460246211,4.186062549567256,1.1378917968345919,24.415,24.7,0.025623105061709808,660.49,9025,4.0,1006009,246.9,41.15,1.0,5.0,0.0
59,125.5,32.3,30.7,20.0,29.7,83,1.25,1003,93,26.4,1.3,1.66,2023,6,24,8,5,175,25,0.8660254037844387,-0.4999999999999998,1.2246467991473532e-16,-1.0,-0.9749279121818236,-0.2225209339563146,2,0,1,18.0,17.0,11.0,9.0,25.0,15.0,17.0,1.0000000000062212,18.0,16.0,14.333333333333334,3.0767948691217453,18.0,11.0,13.166666666666666,7.120180453960547,32.0,5.0,19.291666666666668,10.739926186559757,50.0,5.0,25.7,25.6,25.3,95.0,95.0,94.0,2.0,0.66,1.6,1003.0,1002.0,1002.0,2455.2,154.38,43.824,103.75,0.7999600019998999,3.8853286275966696,0.9504349710535279,24.552,25.57,0.02632101064704821,696.9599999999999,8649,2.7556,1006009,254.2,42.36666666666667,-2.0,5.0,0.6999999999999993
50,129.6,35.7,28.3,15.0,36.3,91,0.5,1003,90,27.0,2.0,1.33,2023,6,24,9,5,175,25,0.7071067811865476,-0.7071067811865475,1.2246467991473532e-16,-1.0,-0.9749279121818236,-0.2225209339563146,2,0,1,16.0,18.0,17.0,11.0,32.0,10.0,15.333333333333334,3.0550504633060034,18.0,12.0,14.5,2.880972058175377,18.0,11.0,11.5,3.9427724440356227,18.0,5.0,19.375,10.67224152324305,50.0,5.0,26.4,25.7,25.5,93.0,95.0,94.0,1.66,1.33,2.0,1003.0,1002.0,1002.0,2430.0,119.7,35.910000000000004,45.5,0.7999466702219852,3.630150415954735,0.7926948824962886,24.3,26.335,0.026919215434481124,729.0,8100,1.7689000000000001,1006009,256.90000000000003,42.81666666666667,-4.0,-5.0,0.6000000000000014
82,133.6,39.0,26.0,33.8,43.0,100,0.5,1003,87,27.7,2.8,1.0,2023,6,24,10,5,175,25,0.49999999999999994,-0.8660254037844387,1.2246467991473532e-16,-1.0,-0.9749279121818236,-0.2225209339563146,2,0,1,12.0,16.0,18.0,13.0,5.0,16.0,18.333333333333332,7.767453465154806,27.0,12.0,16.833333333333332,5.706721183539146,27.0,11.0,13.333333333333334,5.466149273371521,27.0,8.0,19.833333333333332,10.756865013912499,50.0,5.0,27.0,25.7,25.6,90.0,95.0,94.0,1.33,2.0,1.2,1003.0,1003.0,1002.0,2409.9,87.0,27.7,50.0,0.7987929351202628,3.425553190943822,0.6666495730878695,24.099,27.2,0.027617121019819522,767.29,7569,1.0,1006009,302.4,50.4,15.0,9.0,0.6999999999999993
82,131.7,37.3,29.7,33.8,46.0,100,0.5,1003,85,28.1,3.5,1.0,2023,6,24,11,5,175,25,0.258819045102521,-0.9659258262890682,1.2246467991473532e-16,-1.0,-0.9749279121818236,-0.2225209339563146,2,0,1,27.0,12.0,16.0,11.0,10.0,20.0,22.0,8.660254037845027,27.0,12.0,19.5,6.156297588647607,27.0,12.0,14.75,6.607502622707241,27.0,8.0,20.125,10.856024174142384,50.0,5.0,27.7,26.4,25.6,87.0,93.0,95.0,1.0,1.66,0.66,1003.0,1003.0,1002.0,2388.5,85.0,28.1,50.0,0.7987929351202628,3.5307364413822686,0.7962253022707166,23.885,27.6,0.028015924211441466,789.6100000000001,7225,1.0,1006009,305.5,50.916666666666664,0.0,11.0,0.40000000000000213
87,129.8,35.7,33.3,36.3,49.0,100,1.75,1003,83,28.6,3.7,1.0,2023,6,24,12,5,175,25,1.2246467991473532e-16,-1.0,1.2246467991473532e-16,-1.0,-0.9749279121818236,-0.2225209339563146,2,1,1,27.0,27.0,12.0,17.0,8.0,20.0,27.666666666666668,1.1547005383833948,29.0,27.0,21.5,7.063993204978949,29.0,12.0,16.5,7.39164147103712,29.0,8.0,20.5,11.005927256828814,50.0,5.0,28.1,27.0,25.7,85.0,90.0,95.0,1.0,1.33,1.33,1003.0,1003.0,1002.0,2373.8,83.0,28.6,175.0,0.798876064020275,3.6357524999299744,0.9327469818772582,23.738000000000003,28.1,0.028514428200968896,817.96,6889,1.0,1006009,313.1,52.18333333333334,2.0,17.0,0.5
112,127.8,34.0,37.0,50.0,52.0,100,2.75,1003,80,29.0,3.5,1.0,2023,6,24,13,5,175,25,-0.2588190451025208,-0.9659258262890683,1.2246467991473532e-16,-1.0,-0.9749279121818236,-0.2225209339563146,2,1,1,29.0,27.0,27.0,18.0,8.0,28.0,32.0,7.000000000000599,40.0,27.0,25.166666666666668,9.988326519825842,40.0,12.0,19.166666666666668,9.513945107847938,40.0,9.0,21.0,11.617078881505854,50.0,5.0,28.6,27.7,25.7,83.0,87.0,95.0,1.0,1.0,2.0,1003.0,1003.0,1003.0,2320.0,80.0,29.0,275.0,0.7999840003199936,3.7587129790300287,1.0882032881385841,23.2,28.5,0.028913231392590836,841.0,6400,1.0,1006009,340.8,56.800000000000004,11.0,13.0,0.3999999999999986
112,129.2,35.7,36.3,50.0,47.7,100,2.0,1002,83,28.9,2.8,1.0,2023,6,24,14,5,175,25,-0.4999999999999997,-0.8660254037844388,1.2246467991473532e-16,-1.0,-0.9749279121818236,-0.2225209339563146,2,1,1,40.0,29.0,27.0,16.0,9.0,26.0,36.333333333333336,6.350852961086447,40.0,29.0,29.166666666666668,10.38107252005577,40.0,12.0,21.75,10.64403375349058,40.0,11.0,21.583333333333332,12.215160454432649,50.0,5.0,29.0,28.1,26.4,80.0,85.0,93.0,1.0,1.0,1.66,1003.0,1003.0,1003.0,2398.7,83.0,28.9,200.0,0.7999840003199936,3.6189462480042573,1.0167782415058402,23.987,28.4,0.028842286584544324,835.2099999999999,6889,1.0,1004004,338.9,56.48333333333333,0.0,13.0,-0.10000000000000142
153,130.5,37.3,35.7,68.8,43.3,100,0.75,1002,85,28.8,2.0,1.0,2023,6,24,15,5,175,25,-0.7071067811865471,-0.7071067811865479,1.2246467991473532e-16,-1.0,-0.9749279121818236,-0.2225209339563146,2,1,1,40.0,40.0,29.0,12.0,11.0,50.0,45.0,8.660254037844659,55.0,40.0,36.333333333333336,10.984838035522351,55.0,27.0,25.416666666666668,13.734219594821548,55.0,11.0,21.791666666666668,12.751740432504501,55.0,5.0,28.9,28.6,27.0,83.0,83.0,90.0,1.0,1.0,1.33,1002.0,1003.0,1003.0,2448.0,85.0,28.8,75.0,0.7994069853635848,3.4985657220986037,0.9570788986890434,24.48,28.3,0.02874248628494383,829.44,7225,1.0,1004004,370.6,61.76666666666667,15.0,26.0,-0.09999999999999787
153,131.9,39.0,35.0,68.8,39.0,100,0.5,1001,88,28.7,1.3,1.0,2023,6,24,16,5,175,25,-0.8660254037844385,-0.5000000000000004,1.2246467991473532e-16,-1.0,-0.9749279121818236,-0.2225209339563146,2,1,1,55.0,40.0,40.0,27.0,13.0,18.0,50.0,8.660254037844577,55.0,40.0,41.0,12.116104984688477,55.0,27.0,28.916666666666668,15.51807352929475,55.0,11.0,23.333333333333332,14.403099505395302,55.0,5.0,28.8,29.0,27.7,85.0,80.0,87.0,1.0,1.0,1.0,1002.0,1003.0,1003.0,2525.6,88.0,28.7,50.0,0.7994069853635848,3.381964565011154,0.8974128868490552,25.256,28.2,0.0286713000286713,823.6899999999999,7744,1.0,1002001,368.7,61.449999999999996,0.0,15.0,-0.10000000000000142
72,158.7,49.3,27.7,27.5,44.7,100,0.5,1001,90,28.2,0.8,1.33,2023,6,24,17,5,175,25,-0.9659258262890683,-0.25881904510252063,1.2246467991473532e-16,-1.0,-0.9749279121818236,-0.2225209339563146,2,1,1,55.0,55.0,40.0,27.0,11.0,31.0,44.0,19.05255888325778,55.0,22.0,40.166666666666664,13.37784237710474,55.0,22.0,29.833333333333332,14.664944802507728,55.0,12.0,22.958333333333332,14.311683177122049,55.0,5.0,28.7,28.9,28.1,88.0,83.0,85.0,1.0,1.0,1.0,1001.0,1002.0,1003.0,2538.0,119.7,37.506,50.0,0.7999709101487218,3.2190016429687027,0.5618547291129998,25.38,27.535,0.0281718000281718,795.24,8100,1.7689000000000001,1002001,329.9,54.98333333333333,-33.0,-18.0,-0.5
72,185.6,59.7,20.3,27.5,50.3,100,0.75,1002,93,27.7,0.6,1.66,2023,6,24,18,5,175,25,-1.0,-1.8369701987210297e-16,1.2246467991473532e-16,-1.0,-0.9749279121818236,-0.2225209339563146,2,2,1,22.0,55.0,55.0,29.0,17.0,36.0,33.0,19.052558883257863,55.0,22.0,39.0,14.778362561528677,55.0,22.0,30.25,14.3344784602463,55.0,12.0,22.375,14.039733987322618,55.0,5.0,28.2,28.8,28.6,90.0,85.0,83.0,1.33,1.0,1.0,1001.0,1002.0,1003.0,2576.1,154.38,45.982,75.0,0.7999709101487218,3.1088256478115945,0.34002780522939313,25.761,26.87,0.027644682989338334,767.29,8649,2.7556,1004004,365.40000000000003,60.900000000000006,0.0,-33.0,-0.5
65,212.4,70.0,13.0,23.8,56.0,100,2.5,1002,95,27.2,0.0,2.0,2023,6,24,19,5,175,25,-0.9659258262890684,0.2588190451025203,1.2246467991473532e-16,-1.0,-0.9749279121818236,-0.2225209339563146,2,2,1,22.0,22.0,55.0,40.0,18.0,25.0,21.0,1.7320508075721734,22.0,19.0,35.5,16.837458240482487,55.0,19.0,30.333333333333332,14.259499757471358,55.0,12.0,22.125,14.044378420470965,55.0,5.0,27.7,28.7,29.0,93.0,88.0,80.0,1.66,1.0,1.0,1002.0,1001.0,1003.0,2584.0,190.0,54.4,250.0,0.7982857863114995,3.0342423679661716,0.18571163269096155,25.84,26.2,0.027145681491335838,739.8399999999999,9025,4.0,1004004,394.2,65.7,-3.0,-36.0,-0.5
82,218.3,65.0,14.7,33.8,57.3,87,5.0,1003,95,26.8,0.0,1.33,2023,6,24,20,5,175,25,-0.8660254037844386,0.5000000000000001,1.2246467991473532e-16,-1.0,-0.9749279121818236,-0.2225209339563146,2,2,1,19.0,22.0,22.0,40.0,16.0,25.0,22.666666666666668,4.041451884328735,27.0,19.0,33.333333333333336,16.97841767264128,55.0,19.0,31.25,13.592277219067906,55.0,12.0,22.208333333333332,14.068092688209628,55.0,5.0,27.2,28.2,28.9,95.0,90.0,83.0,2.0,1.33,1.0,1002.0,1001.0,1002.0,2546.0,126.35000000000001,35.644000000000005,435.0,0.7987929351202628,3.358409870617375,0.226150366917432,25.46,26.135,0.026719813838670153,718.24,9025,1.7689000000000001,1006009,416.1,69.35000000000001,8.0,5.0,-0.3999999999999986
82,224.1,60.0,16.3,33.8,58.7,75,6.0,1003,94,26.4,0.0,0.66,2023,6,24,21,5,175,25,-0.7071067811865477,0.7071067811865474,1.2246467991473532e-16,-1.0,-0.9749279121818236,-0.2225209339563146,2,2,1,27.0,19.0,22.0,55.0,12.0,32.0,24.333333333333332,4.618802153518141,27.0,19.0,28.666666666666668,13.276545735493729,55.0,19.0,32.5,12.288205727444199,55.0,19.0,22.0,13.953338388138954,55.0,5.0,26.8,27.7,28.8,95.0,93.0,85.0,1.33,1.66,1.0,1003.0,1002.0,1002.0,2481.6,62.040000000000006,17.424,450.0,0.7987929351202628,3.734937751037483,0.2716621389643506,24.816,26.07,0.02632101064704821,696.9599999999999,8836,0.43560000000000004,1006009,419.90000000000003,69.98333333333333,0.0,5.0,-0.40000000000000213
54,229.9,55.0,18.0,17.5,60.0,62,5.5,1004,94,26.0,0.0,0.4,2023,6,24,22,5,175,25,-0.5000000000000004,0.8660254037844384,1.2246467991473532e-16,-1.0,-0.9749279121818236,-0.2225209339563146,2,3,1,27.0,27.0,19.0,55.0,27.0,5.0,22.666666666666668,7.505553499465864,27.0,14.0,21.833333333333332,4.956477243633332,27.0,14.0,31.416666666666668,13.344786747390373,55.0,14.0,22.375,13.592876970966278,55.0,8.0,26.4,27.2,28.7,94.0,95.0,88.0,0.66,2.0,1.0,1003.0,1002.0,1001.0,2444.0,37.6,10.4,341.0,0.7999542883263813,4.179924001381793,0.3272667769676915,24.44,25.8,0.025896388549413795,676.0,8836,0.16000000000000003,1008016,394.4,65.73333333333333,-13.0,-5.0,-0.3999999999999986
42,207.0,51.3,17.7,12.5,53.0,66,3.0,1004,94,26.0,0.0,0.33,2023,6,24,23,5,175,25,-0.25881904510252157,0.9659258262890681,1.2246467991473532e-16,-1.0,-0.9749279121818236,-0.2225209339563146,2,3,1,14.0,27.0,27.0,22.0,27.0,10.0,17.0,8.888194417316296,27.0,10.0,19.833333333333332,6.911343333003694,27.0,10.0,30.0,14.690751574312808,55.0,10.0,22.375,13.592876970966278,55.0,8.0,26.0,26.8,28.2,94.0,95.0,90.0,0.4,1.33,1.33,1004.0,1003.0,1001.0,2444.0,31.020000000000003,8.58,198.0,0.7999360051195905,4.035009064150796,0.34502251418101015,24.44,25.835,0.025896388549413795,676.0,8836,0.10890000000000001,1008016,351.5,58.583333333333336,-4.0,-17.0,0.0
42,184.0,47.7,17.3,12.5,46.0,70,3.5,1004,95,26.0,0.0,0.66,2023,6,25,0,6,176,25,0.0,1.0,1.2246467991473532e-16,-1.0,-0.7818314824680299,0.6234898018587334,2,3,1,10.0,14.0,27.0,22.0,29.0,8.0,11.333333333333334,2.309401076761575,14.0,10.0,17.833333333333332,7.833687935235495,27.0,10.0,28.416666666666668,15.791012019691866,55.0,10.0,22.458333333333332,13.506775004215184,55.0,8.0,26.0,26.4,27.7,94.0,94.0,93.0,0.33,0.66,1.66,1004.0,1003.0,1002.0,2470.0,62.7,17.16,245.0,0.7999360051195905,3.857361480891386,0.36267583488815747,24.7,25.67,0.025896388549413795,676.0,9025,0.43560000000000004,1008016,317.5,52.916666666666664,0.0,-17.0,0.0
42,161.1,44.0,17.0,12.5,39.0,75,3.75,1004,95,26.0,0.0,1.0,2023,6,25,1,6,176,25,0.25881904510252074,0.9659258262890683,1.2246467991473532e-16,-1.0,-0.7818314824680299,0.6234898018587334,2,3,1,10.0,10.0,14.0,19.0,40.0,8.0,10.0,0.0,10.0,10.0,16.333333333333332,8.406346808611563,27.0,10.0,25.916666666666668,16.160886189322504,55.0,10.0,22.541666666666668,13.419580653937574,55.0,9.0,26.0,26.0,27.2,95.0,94.0,95.0,0.66,0.4,2.0,1004.0,1004.0,1002.0,2470.0,95.0,26.0,281.25,0.7999360051195905,3.6612804254448763,0.3863548555714643,24.7,25.5,0.025896388549413795,676.0,9025,1.0,1008016,283.6,47.26666666666667,0.0,-4.0,0.0
50,151.0,37.0,20.7,15.0,41.0,75,3.25,1003,95,25.9,0.0,0.66,2023,6,25,2,6,176,25,0.49999999999999994,0.8660254037844387,1.2246467991473532e-16,-1.0,-0.7818314824680299,0.6234898018587334,2,3,1,10.0,10.0,10.0,27.0,40.0,9.0,10.666666666666666,1.1547005383854798,12.0,10.0,13.833333333333334,6.6458006791246165,27.0,10.0,23.583333333333332,15.962788166877315,55.0,10.0,22.666666666666668,13.301411061683774,55.0,10.0,26.0,26.0,26.8,95.0,94.0,95.0,1.0,0.33,1.33,1004.0,1004.0,1003.0,2460.5,62.7,17.094,243.75,0.7999466702219852,4.08097078457339,0.55944433934218,24.605,25.57,0.02582250665752078,670.81,9025,0.43560000000000004,1006009,276.7,46.11666666666667,2.0,2.0,-0.10000000000000142
50,140.8,30.0,24.3,15.0,43.0,75,1.75,1003,95,25.7,0.0,0.33,2023,6,25,3,6,176,25,0.7071067811865476,0.7071067811865476,1.2246467991473532e-16,-1.0,-0.7818314824680299,0.6234898018587334,2,3,1,12.0,10.0,10.0,27.0,55.0,11.0,11.333333333333334,1.1547005383853957,12.0,10.0,11.333333333333334,1.6329931618511546,14.0,10.0,20.0,12.777821695137227,55.0,10.0,22.708333333333332,13.264792125959868,55.0,10.0,25.9,26.0,26.4,95.0,95.0,94.0,0.66,0.66,0.66,1003.0,1004.0,1003.0,2441.5,31.35,8.481,131.25,0.7999466702219852,4.69317689410353,0.80997300089997,24.415,25.535,0.025623105061709808,660.49,9025,0.10890000000000001,1006009,265.1,44.18333333333334,0.0,2.0,-0.1999999999999993
52,130.7,23.0,28.0,16.3,45.0,75,1.0,1003,95,25.6,0.0,1.6,2023,6,25,4,6,176,25,0.8660254037844386,0.5000000000000001,1.2246467991473532e-16,-1.0,-0.7818314824680299,0.6234898018587334,2,3,1,12.0,12.0,10.0,14.0,55.0,13.0,12.333333333333334,0.5773502692016628,13.0,12.0,11.166666666666666,1.3291601358198313,13.0,10.0,16.5,6.557438524301415,27.0,10.0,22.708333333333332,13.264792125959868,55.0,10.0,25.7,26.0,26.0,95.0,95.0,94.0,0.33,1.0,0.4,1003.0,1004.0,1004.0,2432.0,152.0,40.96000000000001,75.0,0.7974970860683392,5.6823616364505884,1.217338376592322,24.32,24.8,0.025523404263804325,655.3600000000001,9025,2.5600000000000005,1006009,256.0,42.666666666666664,1.0,3.0,-0.09999999999999787
52,148.0,27.7,23.7,16.3,47.0,75,1.0,1004,95,25.5,0.0,0.33,2023,6,25,5,6,176,25,0.9659258262890683,0.25881904510252074,1.2246467991473532e-16,-1.0,-0.7818314824680299,0.6234898018587334,2,3,1,13.0,12.0,12.0,10.0,22.0,11.0,12.666666666666666,0.5773502692015788,13.0,12.0,11.666666666666666,1.366260102122838,13.0,10.0,15.75,6.38357266740125,27.0,10.0,22.791666666666668,13.19413297369462,55.0,10.0,25.6,25.9,26.0,95.0,95.0,94.0,1.6,0.66,0.33,1003.0,1003.0,1004.0,2422.5,31.35,8.415000000000001,75.0,0.7974970860683392,5.342767409118804,0.8555647810548356,24.225,25.335,0.025398381077309684,650.25,9025,0.10890000000000001,1008016,275.7,45.949999999999996,0.0,1.0,-0.10000000000000142
52,165.4,32.3,19.3,16.3,49.0,75,1.0,1004,95,25.4,0.6,0.66,2023,6,25,6,6,176,25,1.0,6.123233995736766e-17,1.2246467991473532e-16,-1.0,-0.7818314824680299,0.6234898018587334,2,0,1,13.0,13.0,12.0,10.0,22.0,17.0,13.0,0.0,13.0,13.0,12.166666666666666,1.1690451944440912,13.0,10.0,15.0,6.105139414683302,27.0,10.0,22.625,13.295348974277639,55.0,10.0,25.5,25.7,26.0,95.0,95.0,95.0,0.33,0.33,0.66,1004.0,1003.0,1004.0,2413.0,62.7,16.764,75.0,0.7974970860683392,5.120584502027802,0.5975047212160616,24.13,25.07,0.02529877958288886,645.16,9025,0.43560000000000004,1008016,295.3,49.21666666666667,0.0,1.0,-0.10000000000000142
37,182.7,37.0,15.0,11.3,51.0,75,0.75,1005,95,25.3,0.8,1.0,2023,6,25,7,6,176,25,0.9659258262890683,-0.25881904510252063,1.2246467991473532e-16,-1.0,-0.7818314824680299,0.6234898018587334,2,0,1,13.0,13.0,13.0,10.0,19.0,18.0,11.666666666666666,2.3094010767615547,13.0,9.0,12.0,1.5491933384784864,13.0,9.0,14.166666666666666,6.191391873668281,27.0,9.0,22.25,13.555842635749967,55.0,9.0,25.4,25.6,26.0,95.0,95.0,95.0,0.66,1.6,1.0,1004.0,1003.0,1004.0,2403.5,95.0,25.3,56.25,0.7963897000265463,4.937704386367936,0.40539444879868114,24.035,24.8,0.025174104304373827,640.09,9025,1.0,1010025,306.0,51.0,-4.0,-4.0,-0.09999999999999787
37,181.3,37.0,20.0,11.3,60.0,75,0.5,1005,93,25.8,1.3,1.0,2023,6,25,8,6,176,25,0.8660254037844387,-0.4999999999999998,1.2246467991473532e-16,-1.0,-0.7818314824680299,0.6234898018587334,2,0,1,9.0,13.0,13.0,12.0,27.0,16.0,10.333333333333334,2.309401076761638,13.0,9.0,11.5,1.974841765809606,13.0,9.0,12.666666666666666,4.830458915395681,27.0,9.0,21.958333333333332,13.769781554475369,55.0,9.0,25.3,25.5,25.9,95.0,95.0,95.0,1.0,0.33,0.66,1005.0,1004.0,1003.0,2399.4,93.0,25.8,37.5,0.7963897000265463,4.899867571146727,0.5405259317315748,23.994,25.3,0.025671616247148015,665.64,8649,1.0,1010025,318.6,53.1,0.0,-4.0,0.5
52,179.9,37.0,25.0,16.3,69.0,75,0.5,1005,92,26.3,2.0,1.0,2023,6,25,9,6,176,25,0.7071067811865476,-0.7071067811865475,1.2246467991473532e-16,-1.0,-0.7818314824680299,0.6234898018587334,2,0,1,9.0,9.0,13.0,12.0,27.0,12.0,10.333333333333334,2.309401076761638,13.0,9.0,11.666666666666666,2.06559111797391,13.0,9.0,11.5,1.7837651700295258,14.0,9.0,22.0,13.739818364725616,55.0,9.0,25.8,25.4,25.7,93.0,95.0,95.0,1.0,0.66,0.33,1005.0,1004.0,1003.0,2419.6,92.0,26.3,37.5,0.7974970860683392,4.862030755925516,0.6756574146644686,24.195999999999998,25.8,0.0261691281899222,691.69,8464,1.0,1010025,340.2,56.699999999999996,4.0,0.0,0.5
46,178.6,37.0,30.0,13.8,78.0,75,0.5,1005,90,26.8,2.8,1.0,2023,6,25,10,6,176,25,0.49999999999999994,-0.8660254037844387,1.2246467991473532e-16,-1.0,-0.7818314824680299,0.6234898018587334,2,0,1,13.0,9.0,9.0,13.0,14.0,27.0,11.0,2.000000000003572,13.0,9.0,11.333333333333334,1.9663841604967813,13.0,9.0,11.25,1.6025547785252454,13.0,9.0,21.333333333333332,13.87417578176042,55.0,9.0,26.3,25.3,25.6,92.0,95.0,95.0,1.0,1.0,1.6,1005.0,1005.0,1003.0,2412.0,90.0,26.8,37.5,0.7970436924860518,4.826896570362964,0.8107888975973623,24.12,26.3,0.026666640132696387,718.24,8100,1.0,1010025,348.4,58.06666666666666,-2.0,2.0,0.5
59,174.1,33.3,59.0,20.0,88.7,75,0.5,1005,89,27.0,3.5,0.66,2023,6,25,11,6,176,25,0.258819045102521,-0.9659258262890682,1.2246467991473532e-16,-1.0,-0.7818314824680299,0.6234898018587334,2,0,1,11.0,13.0,9.0,13.0,10.0,27.0,13.333333333333334,2.5166114784262867,16.0,11.0,11.833333333333334,2.714160398107073,16.0,9.0,11.75,2.050498830659929,16.0,9.0,20.875,13.860524176046928,55.0,9.0,26.8,25.8,25.5,90.0,93.0,95.0,1.0,1.0,0.33,1005.0,1005.0,1004.0,2403.0,58.74,17.82,37.5,0.7999600019998999,5.22807122909222,1.77171856701,24.03,26.67,0.02686564490980606,729.0,7921,0.43560000000000004,1010025,391.09999999999997,65.18333333333332,5.0,7.0,0.1999999999999993
52,169.6,29.7,88.0,16.3,99.3,75,1.0,1005,88,27.2,3.7,0.33,2023,6,25,12,6,176,25,1.2246467991473532e-16,-1.0,1.2246467991473532e-16,-1.0,-0.7818314824680299,0.6234898018587334,2,1,1,16.0,11.0,13.0,13.0,10.0,29.0,13.333333333333334,2.5166114784262867,16.0,11.0,11.833333333333334,2.714160398107073,16.0,9.0,12.0,1.9999999999980709,16.0,9.0,20.208333333333332,13.837501554665167,55.0,9.0,27.0,26.3,25.4,89.0,92.0,95.0,0.66,1.0,0.66,1005.0,1005.0,1004.0,2393.6,29.040000000000003,8.976,75.0,0.7974970860683392,5.710245446281269,2.9628632032591495,23.936,27.035,0.027064649686915736,739.8399999999999,7744,0.10890000000000001,1010025,415.9,69.31666666666666,-3.0,0.0,0.1999999999999993
69,165.2,26.0,117.0,26.3,110.0,75,1.5,1005,87,27.4,3.5,1.6,2023,6,25,13,6,176,25,-0.2588190451025208,-0.9659258262890683,1.2246467991473532e-16,-1.0,-0.7818314824680299,0.6234898018587334,2,1,1,13.0,16.0,11.0,9.0,10.0,40.0,16.666666666666668,4.041451884328944,21.0,13.0,13.833333333333334,4.215052391922692,21.0,9.0,12.916666666666666,3.175426480541727,21.0,9.0,19.416666666666668,13.18403733989359,55.0,9.0,27.2,26.8,25.3,88.0,90.0,95.0,0.33,1.0,1.0,1005.0,1005.0,1005.0,2383.7999999999997,139.20000000000002,43.84,112.5,0.79844872818524,6.353601784546748,4.499826929733471,23.837999999999997,26.599999999999998,0.027263654464025407,750.7599999999999,7569,2.5600000000000005,1010025,465.5,77.58333333333333,8.0,10.0,0.1999999999999993
61,167.9,29.3,113.0,21.3,102.7,66,0.75,1004,86,27.5,2.8,0.8,2023,6,25,14,6,176,25,-0.4999999999999997,-0.8660254037844388,1.2246467991473532e-16,-1.0,-0.7818314824680299,0.6234898018587334,2,1,1,21.0,13.0,16.0,9.0,12.0,40.0,17.0,4.000000000001567,21.0,13.0,15.166666666666666,3.6009258068798795,21.0,11.0,13.333333333333334,3.3665016461195476,21.0,9.0,18.458333333333332,12.437597862115824,55.0,9.0,27.4,27.0,25.8,87.0,89.0,93.0,1.6,0.66,1.0,1005.0,1005.0,1005.0,2365.0,68.8,22.0,49.5,0.7980845969672785,5.730179857342753,3.856523668134193,23.65,27.1,0.02739041096572613,756.25,7396,0.6400000000000001,1008016,451.20000000000005,75.2,-4.0,1.0,0.10000000000000142
59,170.6,32.7,109.0,20.0,95.3,58,0.25,1003,86,27.7,2.0,0.4,2023,6,25,15,6,176,25,-0.7071067811865471,-0.7071067811865479,1.2246467991473532e-16,-1.0,-0.7818314824680299,0.6234898018587334,2,1,1,17.0,21.0,13.0,13.0,12.0,55.0,18.0,2.6457513110669058,21.0,16.0,15.666666666666666,3.444802848735124,21.0,11.0,13.666666666666666,3.4200832880153644,21.0,9.0,16.833333333333332,9.70283090320703,55.0,9.0,27.5,27.2,26.3,86.0,88.0,92.0,0.8,0.33,1.0,1004.0,1005.0,1005.0,2382.2,34.4,11.08,14.5,0.7999600019998999,5.216965842023179,3.3332313996513867,23.822,27.5,0.027617121019819522,767.29,7396,0.16000000000000003,1006009,443.6,73.93333333333334,-1.0,3.0,0.1999999999999993
61,173.3,36.0,105.0,21.3,88.0,50,0.75,1003,85,27.8,1.3,0.0,2023,6,25,16,6,176,25,-0.8660254037844385,-0.5000000000000004,1.2246467991473532e-16,-1.0,-0.7818314824680299,0.6234898018587334,2,1,1,16.0,17.0,21.0,11.0,13.0,55.0,16.666666666666668,0.5773502692005666,17.0,16.0,16.666666666666668,2.58198889746913,21.0,13.0,14.0,3.5419563161403946,21.0,9.0,15.25,5.309957831650831,27.0,9.0,27.7,27.4,26.8,86.0,87.0,90.0,0.4,1.6,1.0,1003.0,1005.0,1005.0,2363.0,0.0,0.0,37.5,0.7980845969672785,4.8137551734674044,2.9165856503986003,23.63,27.8,0.02771682181772501,772.84,7225,0.0,1006009,440.6,73.43333333333334,1.0,-4.0,0.10000000000000142
61,210.5,48.7,77.7,21.3,93.7,62,0.25,1003,85,27.7,0.8,0.33,2023,6,25,17,6,176,25,-0.9659258262890683,-0.25881904510252063,1.2246467991473532e-16,-1.0,-0.7818314824680299,0.6234898018587334,2,1,1,17.0,16.0,17.0,16.0,13.0,22.0,16.666666666666668,0.5773502692005666,17.0,16.0,16.833333333333332,2.56255081250185,21.0,13.0,14.333333333333334,3.6265017787817837,21.0,9.0,15.041666666666666,5.1285998315213615,27.0,9.0,27.8,27.5,27.0,85.0,86.0,89.0,0.0,0.8,0.66,1003.0,1004.0,1005.0,2354.5,28.05,9.141,15.5,0.7980845969672785,4.322293176731484,1.5954497854253507,23.545,27.535,0.027617121019819522,767.29,7225,0.10890000000000001,1006009,468.9,78.14999999999999,0.0,0.0,-0.10000000000000142
52,247.6,61.3,50.3,16.3,99.3,75,0.0,1004,85,27.7,0.6,0.66,2023,6,25,18,6,176,25,-1.0,-1.8369701987210297e-16,1.2246467991473532e-16,-1.0,-0.7818314824680299,0.6234898018587334,2,2,1,17.0,17.0,16.0,13.0,13.0,22.0,15.666666666666666,2.3094010767613002,17.0,13.0,16.833333333333332,2.56255081250185,21.0,13.0,14.333333333333334,3.6265017787817837,21.0,9.0,14.666666666666666,4.922589162012993,27.0,9.0,27.7,27.7,27.2,85.0,86.0,88.0,0.33,0.4,0.33,1003.0,1003.0,1005.0,2354.5,56.1,18.282,0.0,0.7974970860683392,4.039085822417253,0.8205412636009201,23.545,27.37,0.027589613954567774,767.29,7225,0.43560000000000004,1008016,487.8,81.3,-4.0,-3.0,0.0
82,284.8,74.0,23.0,33.8,105.0,87,0.0,1004,84,27.6,0.0,1.0,2023,6,25,19,6,176,25,-0.9659258262890684,0.2588190451025203,1.2246467991473532e-16,-1.0,-0.7818314824680299,0.6234898018587334,2,2,1,13.0,17.0,17.0,21.0,9.0,19.0,19.0,7.211102550928808,27.0,13.0,17.833333333333332,4.750438576242631,27.0,13.0,15.833333333333334,4.764133677486599,27.0,9.0,15.0,5.469281806440197,27.0,9.0,27.7,27.8,27.4,85.0,85.0,87.0,0.66,0.0,1.6,1004.0,1003.0,1005.0,2318.4,84.0,27.6,0.0,0.7987929351202628,3.8485966405859378,0.3108066107214767,23.184,27.1,0.027490012460146953,761.7600000000001,7056,1.0,1008016,547.6,91.26666666666667,14.0,10.0,-0.09999999999999787
98,322.0,72.0,22.0,42.5,103.7,87,0.0,1004,86,27.3,0.0,0.66,2023,6,25,20,6,176,25,-0.8660254037844386,0.5000000000000001,1.2246467991473532e-16,-1.0,-0.7818314824680299,0.6234898018587334,2,2,1,27.0,13.0,17.0,17.0,9.0,27.0,24.666666666666668,10.692676621564111,34.0,13.0,20.666666666666668,8.066391179868154,34.0,13.0,17.916666666666668,6.612087187090719,34.0,11.0,15.291666666666666,6.26570490615473,34.0,9.0,27.6,27.7,27.5,84.0,85.0,86.0,1.0,0.33,0.8,1004.0,1003.0,1004.0,2347.8,56.760000000000005,18.018,0.0,0.7999811769134845,4.472160108887376,0.30555131178733624,23.478,26.970000000000002,0.027191207976884485,745.2900000000001,7396,0.43560000000000004,1008016,596.2,99.36666666666667,7.0,17.0,-0.3000000000000007
100,359.1,70.0,21.0,43.8,102.3,87,0.0,1005,89,27.1,0.0,0.33,2023,6,25,21,6,176,25,-0.7071067811865477,0.7071067811865474,1.2246467991473532e-16,-1.0,-0.7818314824680299,0.6234898018587334,2,2,1,34.0,27.0,13.0,16.0,13.0,27.0,32.0,4.358898943541626,35.0,27.0,23.833333333333332,9.474527252937502,35.0,13.0,19.75,8.024111392319769,35.0,11.0,15.625,7.076061911396064,35.0,9.0,27.3,27.7,27.7,86.0,85.0,86.0,0.66,0.66,0.4,1004.0,1004.0,1003.0,2411.9,29.37,8.943000000000001,0.0,0.7990685144174792,5.129926715332638,0.2999957143469379,24.119,26.935000000000002,0.0269651472983609,734.4100000000001,7921,0.10890000000000001,1010025,631.2,105.2,1.0,22.0,-0.1999999999999993
91,396.3,68.0,20.0,38.8,101.0,87,0.25,1005,91,26.8,0.0,1.2,2023,6,25,22,6,176,25,-0.5000000000000004,0.8660254037844384,1.2246467991473532e-16,-1.0,-0.7818314824680299,0.6234898018587334,2,3,1,35.0,34.0,27.0,17.0,11.0,14.0,33.333333333333336,2.0816659994680387,35.0,31.0,26.166666666666668,9.174239296348007,35.0,13.0,21.416666666666668,8.117974818358789,35.0,13.0,16.333333333333332,7.727233976497253,35.0,9.0,27.1,27.6,27.8,89.0,84.0,85.0,0.33,1.0,0.0,1005.0,1004.0,1003.0,2438.8,109.2,32.16,21.75,0.7989484807092602,5.827855472713637,0.2941133218629138,24.388,26.2,0.026666640132696387,718.24,8281,1.44,1010025,655.1,109.18333333333334,-4.0,4.0,-0.3000000000000007
95,384.6,68.7,19.3,41.3,97.3,79,0.5,1005,92,26.7,0.0,1.2,2023,6,25,23,6,176,25,-0.25881904510252157,0.9659258262890681,1.2246467991473532e-16,-1.0,-0.7818314824680299,0.6234898018587334,2,3,1,31.0,35.0,34.0,17.0,16.0,10.0,33.0,2.0000000000020073,35.0,31.0,28.833333333333332,8.256310717666612,35.0,13.0,22.833333333333332,8.558178792384307,35.0,13.0,17.291666666666668,8.311747405181045,35.0,9.0,26.8,27.3,27.7,91.0,86.0,85.0,1.2,0.66,0.33,1005.0,1004.0,1003.0,2456.4,110.39999999999999,32.04,39.5,0.7990121304568898,5.598171787892461,0.2809274974163404,24.564,26.099999999999998,0.026567137744141548,712.89,8464,1.44,1010025,644.1999999999999,107.36666666666666,2.0,-1.0,-0.10000000000000142
91,372.9,69.3,18.7,38.8,93.7,70,0.5,1005,93,26.6,0.0,1.2,2023,6,26,0,0,177,26,0.0,1.0,1.2246467991473532e-16,-1.0,0.0,1.0,2,3,0,33.0,31.0,35.0,13.0,13.0,10.0,31.666666666666668,1.1547005383828906,33.0,31.0,31.833333333333332,2.857738033245384,35.0,27.0,24.333333333333332,8.249885214995317,35.0,13.0,18.166666666666668,8.610744888581346,35.0,9.0,26.7,27.1,27.7,92.0,89.0,85.0,1.2,0.33,0.66,1005.0,1005.0,1004.0,2473.8,111.6,31.92,35.0,0.7989484807092602,5.38087473485231,0.2698373760840392,24.738000000000003,26.0,0.026467635355586713,707.5600000000001,8649,1.44,1010025,624.4000000000001,104.06666666666668,-2.0,-4.0,-0.09999999999999787
72,361.2,70.0,18.0,27.5,90.0,62,0.5,1005,94,26.5,0.0,1.2,2023,6,26,1,0,177,26,0.25881904510252074,0.9659258262890683,1.2246467991473532e-16,-1.0,0.0,1.0,2,3,0,31.0,33.0,31.0,27.0,21.0,10.0,28.666666666666668,5.859465277083104,33.0,22.0,31.0,4.6904157598224,35.0,22.0,24.416666666666668,8.218143268882033,35.0,13.0,18.666666666666668,8.463048410932975,35.0,9.0,26.6,26.8,27.6,93.0,91.0,84.0,1.2,1.2,1.0,1005.0,1005.0,1004.0,2491.0,112.8,31.799999999999997,31.0,0.7999709101487218,5.159926286767331,0.25713918372594674,24.91,25.9,0.026368132967031874,702.25,8836,1.44,1010025,588.7,98.11666666666667,-9.0,-9.0,-0.10000000000000142
74,333.6,66.3,20.3,28.8,87.0,66,0.5,1005,95,26.4,0.0,1.6,2023,6,26,2,0,177,26,0.49999999999999994,0.8660254037844387,1.2246467991473532e-16,-1.0,0.0,1.0,2,3,0,22.0,31.0,33.0,34.0,17.0,12.0,25.333333333333332,4.93288286231728,31.0,22.0,29.166666666666668,5.382068994973643,35.0,22.0,24.916666666666668,7.9023395078269045,35.0,13.0,19.125,8.38379648359018,35.0,9.0,26.5,26.7,27.3,94.0,92.0,86.0,1.2,1.2,0.66,1005.0,1005.0,1004.0,2508.0,152.0,42.24,33.0,0.7985833825214401,5.03159831676747,0.3061793939759581,25.08,25.599999999999998,0.026268630578477035,696.9599999999999,9025,2.5600000000000005,1010025,559.0,93.16666666666667,1.0,-10.0,-0.10000000000000142
102,306.0,62.7,22.7,45.0,84.0,70,1.0,1004,95,26.4,0.0,1.6,2023,6,26,3,0,177,26,0.7071067811865476,0.7071067811865476,1.2246467991473532e-16,-1.0,0.0,1.0,2,3,0,23.0,22.0,31.0,35.0,16.0,12.0,27.0,7.810249675907276,36.0,22.0,29.333333333333332,5.609515724789141,36.0,22.0,26.583333333333332,7.9596520405136335,36.0,13.0,20.125,8.911704565394214,36.0,9.0,26.4,26.6,27.1,95.0,93.0,89.0,1.6,1.2,0.33,1005.0,1005.0,1005.0,2508.0,152.0,42.24,70.0,0.7999822226172753,4.880304939315162,0.36203569321063456,25.08,25.599999999999998,0.026294794527097085,696.9599999999999,9025,2.5600000000000005,1008016,556.4,92.73333333333333,13.0,5.0,0.0
107,278.4,59.0,25.0,47.5,81.0,75,2.0,1004,95,26.3,0.0,0.8,2023,6,26,4,0,177,26,0.8660254037844386,0.5000000000000001,1.2246467991473532e-16,-1.0,0.0,1.0,2,3,0,36.0,23.0,22.0,31.0,17.0,13.0,32.333333333333336,8.14452781524758,38.0,23.0,30.5,6.655824516916762,38.0,22.0,28.333333333333332,7.9696393591644865,38.0,13.0,21.166666666666668,9.4853051871172,38.0,9.0,26.4,26.5,26.8,95.0,94.0,91.0,1.6,1.2,1.2,1004.0,1005.0,1005.0,2498.5,76.0,21.040000000000003,150.0,0.7999831582493001,4.718564092134032,0.42372163183674855,24.985,25.900000000000002,0.026195193032676263,691.69,9025,0.6400000000000001,1008016,528.9,88.14999999999999,2.0,16.0,-0.09999999999999787
107,234.6,51.7,24.7,47.5,60.7,79,2.0,1005,95,26.1,0.0,1.2,2023,6,26,5,0,177,26,0.9659258262890683,0.25881904510252074,1.2246467991473532e-16,-1.0,0.0,1.0,2,3,0,38.0,36.0,23.0,33.0,17.0,13.0,37.333333333333336,1.1547005383821827,38.0,36.0,31.333333333333332,7.3120904443706864,38.0,22.0,30.083333333333332,7.549332701796659,38.0,13.0,22.208333333333332,9.912570704464793,38.0,9.0,26.3,26.4,26.7,95.0,95.0,92.0,0.8,1.6,1.2,1004.0,1005.0,1005.0,2479.5,114.0,31.32,158.0,0.7999831582493001,4.537629833078664,0.4777470455116922,24.795,25.5,0.025970123412812525,681.21,9025,1.44,1010025,457.2,76.2,0.0,15.0,-0.1999999999999993
80,190.8,44.3,24.3,32.5,40.3,83,2.0,1005,94,25.8,0.6,1.2,2023,6,26,6,0,177,26,1.0,6.123233995736766e-17,1.2246467991473532e-16,-1.0,0.0,1.0,2,0,0,38.0,38.0,36.0,31.0,13.0,13.0,34.0,6.928203230276065,38.0,26.0,30.5,7.635443667527792,38.0,22.0,31.166666666666668,5.540484608494268,38.0,22.0,22.75,9.741216779634124,38.0,9.0,26.1,26.4,26.6,95.0,95.0,93.0,1.2,1.6,1.2,1005.0,1004.0,1005.0,2425.2000000000003,112.8,30.96,166.0,0.7999753853727578,4.306900521432926,0.5485203494277783,24.252000000000002,25.2,0.025671616247148015,665.64,8836,1.44,1010025,358.20000000000005,59.70000000000001,-12.0,-10.0,-0.3000000000000007
91,147.1,37.0,24.0,38.8,20.0,87,0.25,1005,94,25.6,0.8,1.2,2023,6,26,7,0,177,26,0.9659258262890683,-0.25881904510252063,1.2246467991473532e-16,-1.0,0.0,1.0,2,0,0,26.0,38.0,38.0,22.0,27.0,9.0,31.666666666666668,6.027713773342401,38.0,26.0,32.0,6.4187226143517515,38.0,23.0,31.5,5.385164807133778,38.0,22.0,23.666666666666668,9.420914137619842,38.0,9.0,25.8,26.3,26.5,94.0,95.0,94.0,1.2,0.8,1.2,1005.0,1004.0,1005.0,2406.4,112.8,30.72,21.75,0.7989484807092602,3.975568227885733,0.6486311180778899,24.064,25.0,0.02547261147003834,655.3600000000001,8836,1.44,1010025,297.9,49.65,5.0,-7.0,-0.1999999999999993
29,143.8,35.0,26.7,8.8,25.7,91,0.5,1006,93,26.0,1.3,1.2,2023,6,26,8,0,177,26,0.8660254037844387,-0.4999999999999998,1.2246467991473532e-16,-1.0,0.0,1.0,2,0,0,31.0,26.0,38.0,23.0,34.0,9.0,21.333333333333332,12.662279942148832,31.0,7.0,29.333333333333332,11.893976066339494,38.0,7.0,29.25,8.802117513829552,38.0,7.0,23.583333333333332,9.564048018112059,38.0,7.0,25.6,26.1,26.4,94.0,95.0,95.0,1.2,1.2,1.6,1005.0,1005.0,1005.0,2418.0,111.6,31.2,45.5,0.7953641631632768,4.108454044170167,0.7628353475614983,24.18,25.4,0.025844904726734865,676.0,8649,1.44,1012036,247.0,41.166666666666664,-24.0,-31.0,0.3999999999999986
72,140.5,33.0,29.3,27.5,31.3,95,1.0,1006,92,26.3,2.0,1.2,2023,6,26,9,0,177,26,0.7071067811865476,-0.7071067811865475,1.2246467991473532e-16,-1.0,0.0,1.0,2,0,0,7.0,31.0,26.0,36.0,35.0,13.0,20.0,12.124355652982622,31.0,7.0,27.0,11.69615321377031,38.0,7.0,28.166666666666668,8.830045128406152,38.0,7.0,23.958333333333332,9.303945711207753,38.0,7.0,26.0,25.8,26.4,93.0,94.0,95.0,1.2,1.2,1.6,1006.0,1005.0,1004.0,2419.6,110.39999999999999,31.56,95.0,0.7999709101487218,4.2574467440380594,0.8878518832762644,24.195999999999998,25.7,0.026143115165889498,691.69,8464,1.44,1012036,283.6,47.26666666666667,15.0,-4.0,0.3000000000000007
72,137.1,31.0,32.0,27.5,37.0,100,0.75,1006,92,26.7,2.8,1.2,2023,6,26,10,0,177,26,0.49999999999999994,-0.8660254037844387,1.2246467991473532e-16,-1.0,0.0,1.0,2,0,0,22.0,7.0,31.0,38.0,31.0,11.0,17.0,8.66025403784511,22.0,7.0,24.333333333333332,10.443498775154602,38.0,7.0,27.416666666666668,8.948929172438765,38.0,7.0,24.416666666666668,8.900008141992684,38.0,7.0,26.3,25.6,26.3,92.0,94.0,95.0,1.2,1.2,0.8,1006.0,1005.0,1004.0,2456.4,110.39999999999999,32.04,75.0,0.7999709101487218,4.422437985871423,1.0322247669430018,24.564,26.099999999999998,0.026540729084762342,712.89,8464,1.44,1012036,286.6,47.76666666666667,0.0,-9.0,0.3999999999999986
107,136.8,27.7,53.7,47.5,47.7,79,1.5,1006,88,27.5,3.5,0.66,2023,6,26,11,0,177,26,0.258819045102521,-0.9659258262890682,1.2246467991473532e-16,-1.0,0.0,1.0,2,0,0,22.0,22.0,7.0,38.0,33.0,16.0,27.333333333333332,9.23760430703453,38.0,22.0,24.333333333333332,10.443498775154602,38.0,7.0,27.833333333333332,9.340365316325505,38.0,7.0,25.333333333333332,9.125533536119448,38.0,7.0,26.7,26.0,26.1,92.0,93.0,95.0,1.2,1.2,1.2,1006.0,1006.0,1005.0,2420.0,58.080000000000005,18.150000000000002,118.5,0.7999831582493001,4.93844987545576,1.938558174795134,24.2,27.17,0.02733595692250803,756.25,7744,0.43560000000000004,1012036,351.4,58.56666666666666,16.0,31.0,0.8000000000000007
100,136.4,24.3,75.3,43.8,58.3,58,0.25,1005,85,28.2,3.7,1.33,2023,6,26,12,0,177,26,1.2246467991473532e-16,-1.0,1.2246467991473532e-16,-1.0,0.0,1.0,2,1,0,38.0,22.0,22.0,26.0,31.0,13.0,31.666666666666668,8.504900548115874,38.0,22.0,25.833333333333332,11.338724208069264,38.0,7.0,28.166666666666668,9.533036655692671,38.0,7.0,26.25,8.935761080454027,38.0,7.0,27.5,26.3,25.8,88.0,92.0,94.0,0.66,1.2,1.2,1006.0,1006.0,1005.0,2397.0,113.05000000000001,37.506,14.5,0.7990685144174792,5.612937739187688,3.098637916135138,23.97,27.535,0.028059673572464108,795.24,7225,1.7689000000000001,1010025,373.1,62.18333333333334,-3.0,13.0,0.6999999999999993
100,136.0,21.0,97.0,43.8,69.0,37,0.25,1005,82,29.0,3.5,2.0,2023,6,26,13,0,177,26,-0.2588190451025208,-0.9659258262890683,1.2246467991473532e-16,-1.0,0.0,1.0,2,1,0,35.0,38.0,22.0,31.0,22.0,21.0,36.0,1.7320508075709362,38.0,35.0,26.5,11.81101181101727,38.0,7.0,29.25,9.507174324495994,38.0,7.0,26.833333333333332,9.03455524117251,38.0,7.0,28.2,26.7,25.6,85.0,92.0,94.0,1.33,1.2,1.2,1005.0,1006.0,1005.0,2378.0,164.0,58.0,9.25,0.7990685144174792,6.47588210085234,4.618827674872625,23.78,28.0,0.028855692680902805,841.0,6724,4.0,1010025,401.8,66.96666666666667,0.0,13.0,0.8000000000000007
45,142.4,23.0,96.3,11.3,78.7,54,0.5,1004,80,29.2,2.8,2.0,2023,6,26,14,0,177,26,-0.4999999999999997,-0.8660254037844388,1.2246467991473532e-16,-1.0,0.0,1.0,2,1,0,35.0,35.0,38.0,7.0,23.0,17.0,26.333333333333332,15.011106998930599,35.0,9.0,26.833333333333332,11.160943807163273,38.0,9.0,28.083333333333332,11.073788325536123,38.0,7.0,26.5,9.54622620633982,38.0,7.0,29.0,27.5,26.0,82.0,88.0,93.0,2.0,0.66,1.2,1005.0,1006.0,1006.0,2336.0,160.0,58.4,27.0,0.7963897000265463,6.19103517238381,4.186774488065736,23.36,28.2,0.029083636370880107,852.64,6400,4.0,1008016,360.7,60.11666666666667,-26.0,-29.0,0.1999999999999993
44,148.8,25.0,95.7,11.3,88.3,70,0.0,1004,78,29.3,2.0,2.0,2023,6,26,15,0,177,26,-0.7071067811865471,-0.7071067811865479,1.2246467991473532e-16,-1.0,0.0,1.0,2,1,0,9.0,35.0,35.0,22.0,36.0,16.0,17.666666666666668,15.01110699893068,35.0,9.0,24.666666666666668,13.336666250103724,38.0,9.0,25.833333333333332,12.02144548359904,38.0,7.0,26.208333333333332,9.978146410887236,38.0,7.0,29.2,28.2,26.3,80.0,85.0,92.0,2.0,1.33,1.2,1004.0,1005.0,1006.0,2285.4,156.0,58.6,0.0,0.7963897000265463,5.951761929522819,3.827846886124555,22.854,28.3,0.029183237865300932,858.49,6084,4.0,1008016,378.1,63.01666666666667,0.0,-26.0,0.10000000000000142
52,155.2,27.0,95.0,16.3,98.0,87,0.0,1003,77,29.5,1.3,2.0,2023,6,26,16,0,177,26,-0.8660254037844385,-0.5000000000000004,1.2246467991473532e-16,-1.0,0.0,1.0,2,1,0,9.0,9.0,35.0,22.0,38.0,17.0,10.333333333333334,2.309401076761622,13.0,9.0,23.166666666666668,14.176271253988313,38.0,9.0,23.75,11.886776457284238,38.0,7.0,26.041666666666668,10.170200146235722,38.0,7.0,29.3,29.0,26.7,78.0,82.0,92.0,2.0,2.0,1.2,1004.0,1005.0,1006.0,2271.5,154.0,59.0,0.0,0.7974970860683392,5.747935261656975,3.5183882078441537,22.715,28.5,0.029411735382118265,870.25,5929,4.0,1006009,404.5,67.41666666666667,4.0,-22.0,0.1999999999999993
59,162.6,36.7,81.7,20.0,94.0,83,0.0,1004,79,29.0,0.8,1.33,2023,6,26,17,0,177,26,-0.9659258262890683,-0.25881904510252063,1.2246467991473532e-16,-1.0,0.0,1.0,2,1,0,13.0,9.0,9.0,38.0,38.0,17.0,12.666666666666666,3.5118845842862054,16.0,9.0,19.5,12.292273996294902,35.0,9.0,21.916666666666668,11.163726433354599,38.0,7.0,26.0,10.210821199355992,38.0,7.0,29.5,29.2,27.5,77.0,80.0,88.0,2.0,2.0,0.66,1003.0,1004.0,1006.0,2291.0,105.07000000000001,38.57,0.0,0.7999600019998999,4.430396991907577,2.226097381542737,22.91,28.335,0.028884433382038464,841.0,6241,1.7689000000000001,1008016,411.0,68.5,3.0,7.0,-0.5
59,170.0,46.3,68.3,20.0,90.0,79,0.0,1004,81,28.5,0.7,0.66,2023,6,26,18,0,177,26,-1.0,-1.8369701987210297e-16,1.2246467991473532e-16,-1.0,0.0,1.0,2,2,0,16.0,13.0,9.0,35.0,26.0,13.0,15.0,1.7320508075726637,16.0,13.0,16.333333333333332,9.667816023624663,35.0,9.0,21.083333333333332,11.20436873669691,38.0,7.0,26.125,10.062035838606006,38.0,7.0,29.0,29.3,28.2,79.0,78.0,85.0,1.33,2.0,1.33,1004.0,1004.0,1005.0,2308.5,53.46,18.810000000000002,0.0,0.7999600019998999,3.67162696270059,1.4751301267791193,23.085,28.17,0.028386425909934353,812.25,6561,0.43560000000000004,1008016,410.6,68.43333333333334,0.0,7.0,-0.5
56,177.4,56.0,55.0,18.8,86.0,75,0.0,1004,83,28.0,0.0,2.0,2023,6,26,19,0,177,26,-0.9659258262890684,0.2588190451025203,1.2246467991473532e-16,-1.0,0.0,1.0,2,2,0,16.0,16.0,13.0,35.0,31.0,27.0,15.666666666666666,0.5773502692008249,16.0,15.0,13.0,3.2863353450289208,16.0,9.0,19.75,10.863826548353929,38.0,7.0,25.625,10.31171769101204,38.0,7.0,28.5,29.5,29.0,81.0,77.0,82.0,0.66,2.0,2.0,1004.0,1003.0,1005.0,2324.0,166.0,56.0,0.0,0.7978299026647518,3.1678005749897324,0.9821253191907288,23.24,27.0,0.027888418437830242,784.0,6889,4.0,1008016,408.2,68.03333333333333,-1.0,2.0,-0.5
93,169.8,52.3,47.7,40.0,72.3,62,0.0,1005,86,27.5,0.0,0.66,2023,6,26,20,0,177,26,-0.8660254037844386,0.5000000000000001,1.2246467991473532e-16,-1.0,0.0,1.0,2,2,0,15.0,16.0,16.0,9.0,7.0,34.0,21.0,9.539392014170057,32.0,15.0,16.833333333333332,7.884584115009106,32.0,9.0,21.833333333333332,10.590161242941841,38.0,9.0,25.541666666666668,10.248983689452672,38.0,7.0,28.0,29.0,29.2,83.0,79.0,80.0,2.0,1.33,2.0,1004.0,1004.0,1004.0,2365.0,56.760000000000005,18.150000000000002,0.0,0.7999800004999875,3.246591843368196,0.9120284506988395,23.65,27.17,0.027363156852580246,756.25,7396,0.43560000000000004,1010025,414.1,69.01666666666667,17.0,16.0,-0.5
59,162.2,48.7,40.3,20.0,58.7,50,0.0,1006,89,27.1,0.0,1.33,2023,6,26,21,0,177,26,-0.7071067811865477,0.7071067811865474,1.2246467991473532e-16,-1.0,0.0,1.0,2,2,0,32.0,15.0,16.0,9.0,22.0,35.0,21.0,9.539392014170057,32.0,15.0,18.0,6.957010852369538,32.0,13.0,21.333333333333332,10.722392315602395,38.0,9.0,24.75,10.220397337634699,38.0,7.0,27.5,28.5,29.3,86.0,81.0,78.0,0.66,0.66,2.0,1005.0,1004.0,1004.0,2411.9,118.37,36.043000000000006,0.0,0.7999600019998999,3.330527093899509,0.8274984086569064,24.119,26.435000000000002,0.026938343003635186,734.4100000000001,7921,1.7689000000000001,1012036,345.9,57.65,-16.0,0.0,-0.3999999999999986
59,154.7,45.0,33.0,20.0,45.0,37,0.25,1006,92,26.6,0.0,2.0,2023,6,26,22,0,177,26,-0.5000000000000004,0.8660254037844384,1.2246467991473532e-16,-1.0,0.0,1.0,2,3,0,16.0,32.0,15.0,13.0,22.0,31.0,21.333333333333332,9.237604307034628,32.0,16.0,18.5,6.625707509390045,32.0,15.0,20.833333333333332,10.827854092220516,38.0,9.0,24.125,10.280046100387235,38.0,7.0,27.1,28.0,29.5,89.0,83.0,77.0,1.33,2.0,2.0,1006.0,1004.0,1003.0,2447.2000000000003,184.0,53.2,9.25,0.7999600019998999,3.4377013844136797,0.733317037399169,24.472,25.6,0.02644132560504413,707.5600000000001,8464,4.0,1012036,313.7,52.28333333333333,0.0,1.0,-0.5
61,137.9,37.7,35.7,21.3,37.7,45,1.0,1006,92,26.6,0.0,1.66,2023,6,26,23,0,177,26,-0.25881904510252157,0.9659258262890681,1.2246467991473532e-16,-1.0,0.0,1.0,2,3,0,16.0,16.0,32.0,16.0,38.0,33.0,16.333333333333332,0.5773502692006481,17.0,16.0,18.666666666666668,6.562519841238908,32.0,15.0,19.083333333333332,9.40462490995585,35.0,9.0,23.458333333333332,10.197950206085375,38.0,7.0,26.6,27.5,29.0,92.0,86.0,79.0,2.0,0.66,1.33,1006.0,1005.0,1004.0,2447.2000000000003,152.72,44.156,45.0,0.7980845969672785,3.6577279117264796,0.9469244847616775,24.472,25.770000000000003,0.02644132560504413,707.5600000000001,8464,2.7556,1012036,287.3,47.88333333333333,1.0,-15.0,0.0
42,121.2,30.3,38.3,12.5,30.3,54,4.0,1006,92,26.7,0.0,1.33,2023,6,27,0,1,178,26,0.0,1.0,1.2246467991473532e-16,-1.0,0.7818314824680298,0.6234898018587336,2,3,0,17.0,16.0,16.0,16.0,35.0,31.0,14.333333333333334,3.7859388972019343,17.0,10.0,17.666666666666668,7.447594690009259,32.0,10.0,17.0,8.257228238447244,35.0,9.0,22.583333333333332,10.421201911265403,38.0,7.0,26.6,27.1,28.5,92.0,89.0,81.0,1.66,1.33,0.66,1006.0,1006.0,1004.0,2456.4,122.36000000000001,35.511,216.0,0.7999360051195905,3.999867991155407,1.263984686974027,24.564,26.035,0.026540729084762342,712.89,8464,1.7689000000000001,1012036,242.60000000000002,40.43333333333334,-7.0,-6.0,0.09999999999999787
54,104.5,23.0,41.0,17.5,23.0,62,1.5,1006,92,26.7,0.0,1.0,2023,6,27,1,1,178,26,0.25881904510252074,0.9659258262890683,1.2246467991473532e-16,-1.0,0.7818314824680298,0.6234898018587336,2,3,0,10.0,17.0,16.0,15.0,35.0,22.0,13.666666666666666,3.5118845842861606,17.0,10.0,17.5,7.529940238805843,32.0,10.0,15.25,6.017021310793063,32.0,9.0,22.25,10.56758785359637,38.0,7.0,26.7,26.6,28.0,92.0,92.0,83.0,1.33,2.0,2.0,1006.0,1006.0,1004.0,2456.4,92.0,26.7,93.0,0.7999542883263813,4.543280726924916,1.7825311942959001,24.564,26.2,0.026540729084762342,712.89,8464,1.0,1012036,223.0,37.166666666666664,4.0,-2.0,0.0
59,95.1,18.7,42.3,20.0,21.0,75,0.25,1005,93,26.5,0.0,0.66,2023,6,27,2,1,178,26,0.49999999999999994,0.8660254037844387,1.2246467991473532e-16,-1.0,0.7818314824680298,0.6234898018587336,2,3,0,14.0,10.0,17.0,32.0,9.0,23.0,13.333333333333334,3.0550504633061086,16.0,10.0,14.833333333333334,2.5625508125017653,17.0,10.0,15.833333333333334,5.68624070307666,32.0,9.0,21.958333333333332,10.642323898989998,38.0,7.0,26.7,26.6,27.5,92.0,92.0,86.0,1.0,1.66,0.66,1006.0,1006.0,1005.0,2464.5,61.38,17.490000000000002,18.75,0.7999600019998999,5.085289556708197,2.261911127747179,24.645,26.17,0.026368132967031874,702.25,8649,0.43560000000000004,1010025,213.1,35.516666666666666,2.0,-1.0,-0.1999999999999993
50,85.8,14.3,43.7,15.0,19.0,87,1.0,1005,94,26.4,0.0,0.33,2023,6,27,3,1,178,26,0.7071067811865476,0.7071067811865476,1.2246467991473532e-16,-1.0,0.7818314824680298,0.6234898018587336,2,3,0,16.0,14.0,10.0,16.0,9.0,36.0,14.0,2.000000000003339,16.0,12.0,14.166666666666666,2.714160398107176,17.0,10.0,16.083333333333332,5.4181233472534585,32.0,10.0,20.958333333333332,10.39012560775501,38.0,7.0,26.5,26.7,27.1,93.0,92.0,89.0,0.66,1.33,1.33,1005.0,1006.0,1006.0,2481.6,31.020000000000003,8.712,87.0,0.7999466702219852,5.999580448919656,3.055730368505699,24.816,26.235,0.026268630578477035,696.9599999999999,8836,0.10890000000000001,1010025,189.8,31.633333333333336,-4.0,2.0,-0.10000000000000142
102,76.5,10.0,45.0,45.0,17.0,100,1.5,1005,95,26.2,0.0,1.6,2023,6,27,4,1,178,26,0.8660254037844386,0.5000000000000001,1.2246467991473532e-16,-1.0,0.7818314824680298,0.6234898018587336,2,3,0,12.0,16.0,14.0,16.0,13.0,38.0,21.333333333333332,12.858201014657716,36.0,12.0,17.5,9.418067742376214,36.0,10.0,18.0,7.781095973283386,36.0,10.0,20.875,10.254638399068542,38.0,7.0,26.4,26.7,26.6,94.0,92.0,92.0,0.33,1.0,2.0,1005.0,1006.0,1006.0,2489.0,152.0,41.92,150.0,0.7999822226172753,7.649235076492351,4.499550044995501,24.89,25.4,0.02606962580136736,686.4399999999999,9025,2.5600000000000005,1010025,229.5,38.25,24.0,22.0,-0.1999999999999993
102,77.0,11.3,45.0,45.0,17.0,87,2.0,1005,93,26.6,0.0,2.0,2023,6,27,5,1,178,26,0.9659258262890683,0.25881904510252074,1.2246467991473532e-16,-1.0,0.7818314824680298,0.6234898018587336,2,3,0,36.0,12.0,16.0,17.0,16.0,38.0,28.0,13.856406460551364,36.0,12.0,20.666666666666668,12.044362443344804,36.0,10.0,19.666666666666668,9.306237725636121,36.0,10.0,20.791666666666668,10.11662070519363,38.0,7.0,26.2,26.5,26.6,95.0,93.0,92.0,1.6,0.66,1.66,1005.0,1005.0,1006.0,2473.8,186.0,53.2,174.0,0.7999822226172753,6.81355632244934,3.9819485001327317,24.738000000000003,25.6,0.026467635355586713,707.5600000000001,8649,4.0,1010025,231.3,38.550000000000004,0.0,20.0,0.40000000000000213
67,77.6,12.7,45.0,25.0,17.0,75,2.5,1005,91,27.1,1.0,2.0,2023,6,27,6,1,178,26,1.0,6.123233995736766e-17,1.2246467991473532e-16,-1.0,0.7818314824680298,0.6234898018587336,2,0,0,36.0,36.0,12.0,10.0,16.0,26.0,30.666666666666668,9.237604307034491,36.0,20.0,22.333333333333332,10.911767348447968,36.0,12.0,20.0,9.234323325112653,36.0,10.0,20.541666666666668,10.056272827862447,38.0,7.0,26.6,26.4,26.7,93.0,94.0,92.0,2.0,0.33,1.33,1005.0,1005.0,1006.0,2466.1,182.0,54.2,187.5,0.7999680012799487,6.109755137390756,3.5430281080229906,24.660999999999998,26.1,0.0269651472983609,734.4100000000001,8281,4.0,1010025,197.3,32.88333333333333,-16.0,8.0,0.5
67,78.2,14.0,45.0,25.0,17.0,62,2.0,1006,89,27.5,1.2,2.4,2023,6,27,7,1,178,26,0.9659258262890683,-0.25881904510252063,1.2246467991473532e-16,-1.0,0.7818314824680298,0.6234898018587336,2,0,0,20.0,36.0,36.0,14.0,15.0,31.0,25.333333333333332,9.23760430703457,36.0,20.0,23.333333333333332,10.250203250016822,36.0,12.0,20.416666666666668,9.100033299971951,36.0,10.0,20.083333333333332,9.806460455570363,38.0,7.0,27.1,26.2,26.7,91.0,95.0,92.0,2.0,1.6,1.0,1005.0,1005.0,1006.0,2447.5,213.6,66.0,124.0,0.7999680012799487,5.585315334618956,3.2140561388472255,24.475,26.3,0.02733595692250803,756.25,7921,5.76,1012036,199.2,33.199999999999996,0.0,-16.0,0.3999999999999986
65,82.1,15.3,45.0,23.8,21.3,70,0.75,1006,88,27.6,1.7,1.0,2023,6,27,8,1,178,26,0.8660254037844387,-0.4999999999999998,1.2246467991473532e-16,-1.0,0.7818314824680298,0.6234898018587336,2,0,0,20.0,20.0,36.0,16.0,32.0,7.0,19.666666666666668,0.5773502691998815,20.0,19.0,23.833333333333332,9.887702800279524,36.0,12.0,19.333333333333332,8.337574678234907,36.0,10.0,20.583333333333332,9.408214110745034,38.0,9.0,27.5,26.6,26.5,89.0,93.0,93.0,2.4,2.0,0.66,1006.0,1005.0,1005.0,2428.8,88.0,27.6,52.5,0.7982857863114995,5.365662375008169,2.940984249395464,24.288,27.1,0.02743536040222624,761.7600000000001,7744,1.0,1012036,206.5,34.416666666666664,-1.0,-17.0,0.10000000000000142
93,86.0,16.7,45.0,40.0,25.7,79,0.75,1007,87,27.6,2.5,2.0,2023,6,27,9,1,178,26,0.7071067811865476,-0.7071067811865475,1.2246467991473532e-16,-1.0,0.7818314824680298,0.6234898018587336,2,0,0,19.0,20.0,20.0,12.0,16.0,22.0,23.666666666666668,7.234178138070979,32.0,19.0,27.166666666666668,8.352644291878846,36.0,19.0,20.666666666666668,9.008413575736157,36.0,10.0,21.0,9.690874237046922,38.0,9.0,27.6,27.1,26.4,88.0,91.0,94.0,1.0,2.0,0.33,1006.0,1005.0,1005.0,2401.2000000000003,174.0,55.2,59.25,0.7999800004999875,5.14939225196096,2.6944494341656187,24.012000000000004,26.6,0.02740811578141432,761.7600000000001,7569,4.0,1014049,245.39999999999998,40.9,13.0,12.0,0.0
61,89.9,18.0,45.0,21.3,30.0,87,0.5,1008,86,27.7,3.0,3.0,2023,6,27,10,1,178,26,0.49999999999999994,-0.8660254037844387,1.2246467991473532e-16,-1.0,0.7818314824680298,0.6234898018587336,2,0,0,32.0,19.0,20.0,36.0,16.0,22.0,22.666666666666668,8.144527815247756,32.0,17.0,24.0,7.92464510246288,36.0,17.0,20.75,8.96584427906017,36.0,10.0,20.791666666666668,9.722135955448818,38.0,9.0,27.6,27.5,26.2,87.0,89.0,95.0,2.0,2.4,1.6,1007.0,1006.0,1005.0,2382.2,258.0,83.1,43.5,0.7980845969672785,4.9941669907227375,2.4998611188267317,23.822,26.2,0.027480131468123545,767.29,7396,9.0,1016064,221.20000000000002,36.86666666666667,-15.0,-3.0,0.09999999999999787
52,92.8,19.3,43.0,16.3,31.0,87,0.5,1007,85,28.1,3.5,2.66,2023,6,27,11,1,178,26,0.258819045102521,-0.9659258262890682,1.2246467991473532e-16,-1.0,0.7818314824680298,0.6234898018587336,2,0,0,17.0,32.0,19.0,36.0,17.0,38.0,20.666666666666668,10.01665280087839,32.0,13.0,20.166666666666668,6.369196704974244,32.0,13.0,20.416666666666668,9.189503234504139,36.0,10.0,19.75,9.11878138311485,36.0,9.0,27.7,27.6,26.6,86.0,88.0,93.0,3.0,1.0,2.0,1008.0,1006.0,1005.0,2388.5,226.10000000000002,74.74600000000001,43.5,0.7974970860683392,4.808041034143308,2.2278638412517484,23.885,26.770000000000003,0.027904639618034147,789.6100000000001,7225,7.0756000000000006,1014049,215.4,35.9,-4.0,-6.0,0.40000000000000213
52,95.7,20.7,41.0,16.3,32.0,87,0.75,1007,83,28.6,3.7,2.33,2023,6,27,12,1,178,26,1.2246467991473532e-16,-1.0,1.2246467991473532e-16,-1.0,0.7818314824680298,0.6234898018587336,2,1,0,13.0,17.0,32.0,20.0,10.0,35.0,14.333333333333334,2.3094010767613784,17.0,13.0,19.0,7.014271166699207,32.0,13.0,20.666666666666668,8.917126864362976,36.0,12.0,18.833333333333332,8.610744888581367,36.0,9.0,28.1,27.6,27.1,85.0,87.0,91.0,2.66,2.0,2.0,1007.0,1007.0,1005.0,2373.8,193.39000000000001,66.638,65.25,0.7974970860683392,4.622965074151007,1.980580648277861,23.738000000000003,27.435000000000002,0.02840116345465397,817.96,6889,5.4289000000000005,1014049,218.70000000000002,36.45,0.0,-19.0,0.5
59,98.6,22.0,39.0,20.0,33.0,87,1.0,1006,81,29.0,3.5,2.0,2023,6,27,13,1,178,26,-0.2588190451025208,-0.9659258262890683,1.2246467991473532e-16,-1.0,0.7818314824680298,0.6234898018587336,2,1,0,13.0,13.0,17.0,20.0,14.0,35.0,14.0,1.7320508075727368,16.0,13.0,18.333333333333332,7.089898917943357,32.0,13.0,20.833333333333332,8.799104637645513,36.0,12.0,18.041666666666668,7.904204531473127,36.0,9.0,28.6,27.7,27.5,83.0,86.0,89.0,2.33,3.0,2.4,1007.0,1008.0,1006.0,2349.0,162.0,58.0,87.0,0.7999600019998999,4.481614472069451,1.7726466978773692,23.49,28.0,0.028827009118281195,841.0,6561,4.0,1012036,228.6,38.1,3.0,-1.0,0.3999999999999986
67,96.7,20.7,44.7,25.0,39.7,87,1.0,1006,81,29.2,2.8,2.0,2023,6,27,14,1,178,26,-0.4999999999999997,-0.8660254037844388,1.2246467991473532e-16,-1.0,0.7818314824680298,0.6234898018587336,2,1,0,16.0,13.0,13.0,19.0,16.0,9.0,16.333333333333332,3.5118845842860593,20.0,13.0,18.5,7.120393247566299,32.0,13.0,21.166666666666668,8.67423911605027,36.0,12.0,18.5,7.672650468865986,36.0,9.0,29.0,28.1,27.6,81.0,85.0,88.0,2.0,2.66,1.0,1006.0,1007.0,1006.0,2365.2,162.0,58.4,87.0,0.7999680012799487,4.671271919230955,2.159315975073668,23.651999999999997,28.2,0.029025816077717616,852.64,6561,4.0,1012036,246.8,41.13333333333333,4.0,7.0,0.1999999999999993
56,94.7,19.3,50.3,18.8,46.3,87,0.5,1005,81,29.4,2.0,2.0,2023,6,27,15,1,178,26,-0.7071067811865471,-0.7071067811865479,1.2246467991473532e-16,-1.0,0.7818314824680298,0.6234898018587336,2,1,0,20.0,16.0,13.0,32.0,12.0,9.0,17.0,2.645751311066962,20.0,15.0,15.666666666666666,2.658320271647837,20.0,13.0,21.416666666666668,8.425700222676841,36.0,13.0,18.75,7.443993785479611,36.0,10.0,29.2,28.6,27.6,81.0,83.0,87.0,2.0,2.33,2.0,1006.0,1007.0,1007.0,2381.4,162.0,58.8,43.5,0.7978299026647518,4.906481529454432,2.606082586394487,23.814,28.4,0.029253702235122154,864.3599999999999,6561,4.0,1010025,244.40000000000003,40.73333333333334,-5.0,2.0,0.1999999999999993
87,92.8,18.0,56.0,36.3,53.0,87,0.0,1004,82,29.6,1.3,2.0,2023,6,27,16,1,178,26,-0.8660254037844385,-0.5000000000000004,1.2246467991473532e-16,-1.0,0.7818314824680298,0.6234898018587336,2,1,0,15.0,20.0,16.0,17.0,36.0,13.0,21.333333333333332,7.094598884598389,29.0,15.0,17.666666666666668,6.121002096605934,29.0,13.0,20.833333333333332,7.51765598542151,36.0,13.0,19.416666666666668,7.6210045364719425,36.0,10.0,29.4,29.0,27.7,81.0,81.0,86.0,2.0,2.0,3.0,1005.0,1006.0,1008.0,2427.2000000000003,164.0,59.2,0.0,0.798876064020275,5.155269151713793,3.1109382812065993,24.272000000000002,28.6,0.0294820423485634,876.1600000000001,6724,4.0,1008016,285.1,47.51666666666667,14.0,13.0,0.20000000000000284
87,107.6,27.3,43.7,36.3,50.7,83,0.0,1005,82,29.3,1.0,1.66,2023,6,27,17,1,178,26,-0.9659258262890683,-0.25881904510252063,1.2246467991473532e-16,-1.0,0.7818314824680298,0.6234898018587336,2,1,0,29.0,15.0,20.0,13.0,36.0,16.0,24.333333333333332,8.082903768655413,29.0,15.0,20.333333333333332,7.089898917943384,29.0,13.0,20.25,6.426153946603434,32.0,13.0,19.958333333333332,7.826816592396493,36.0,10.0,29.6,29.2,28.1,82.0,81.0,85.0,2.0,2.0,2.66,1004.0,1006.0,1007.0,2402.6,136.12,48.638,0.0,0.798876064020275,3.941247573348961,1.6006739679865207,24.026,28.470000000000002,0.02915419984656732,858.49,6724,2.7556,1010025,294.6,49.1,0.0,9.0,-0.3000000000000007
85,122.4,36.7,31.3,35.0,48.3,79,0.0,1005,83,28.9,1.5,1.33,2023,6,27,18,1,178,26,-1.0,-1.8369701987210297e-16,1.2246467991473532e-16,-1.0,0.7818314824680298,0.6234898018587336,2,2,0,29.0,29.0,15.0,13.0,20.0,16.0,28.666666666666668,0.5773502691977401,29.0,28.0,22.833333333333332,6.61563803927144,29.0,15.0,20.916666666666668,6.801849124697185,32.0,13.0,20.458333333333332,7.945352301088007,36.0,10.0,29.3,29.4,28.6,82.0,81.0,83.0,1.66,2.0,2.33,1005.0,1005.0,1007.0,2398.7,110.39,38.437,0.0,0.7999771435101855,3.33505899021825,0.8528377973352225,23.987,28.235,0.028756190292347966,835.2099999999999,6889,1.7689000000000001,1010025,301.70000000000005,50.28333333333334,-1.0,13.0,-0.40000000000000213
85,137.1,46.0,19.0,35.0,46.0,75,0.0,1006,83,28.6,0.0,1.0,2023,6,27,19,1,178,26,-0.9659258262890684,0.2588190451025203,1.2246467991473532e-16,-1.0,0.7818314824680298,0.6234898018587336,2,2,0,28.0,29.0,29.0,16.0,20.0,15.0,28.333333333333332,0.5773502691978183,29.0,28.0,24.833333333333332,5.913261931172647,29.0,15.0,21.583333333333332,7.08979206430935,32.0,13.0,21.0,7.999999999999928,36.0,10.0,28.9,29.6,29.0,83.0,82.0,81.0,1.33,2.0,2.0,1005.0,1004.0,1006.0,2373.8,83.0,28.6,0.0,0.7999771435101855,2.980369991956697,0.41303449925001634,23.738000000000003,28.1,0.028429395199408354,817.96,6889,1.0,1012036,311.1,51.85,0.0,-1.0,-0.29999999999999716
98,141.0,44.3,18.3,42.5,41.3,79,0.0,1006,85,28.3,0.0,0.66,2023,6,27,20,1,178,26,-0.8660254037844386,0.5000000000000001,1.2246467991473532e-16,-1.0,0.7818314824680298,0.6234898018587336,2,2,0,28.0,28.0,29.0,20.0,19.0,32.0,30.0,3.4641016151390556,34.0,28.0,27.166666666666668,6.3691967049743505,34.0,15.0,22.833333333333332,7.872083394482635,34.0,13.0,21.083333333333332,8.128942744596397,36.0,10.0,28.6,29.3,29.2,83.0,82.0,81.0,1.0,1.66,2.0,1006.0,1005.0,1006.0,2405.5,56.1,18.678,0.0,0.7999811769134845,3.1827723979142686,0.41308322611227744,24.055,27.970000000000002,0.028131184760253718,800.89,7225,0.43560000000000004,1012036,321.40000000000003,53.56666666666667,6.0,5.0,-0.3000000000000007
74,144.9,42.7,17.7,28.8,36.7,83,0.0,1007,87,28.0,0.0,0.33,2023,6,27,21,1,178,26,-0.7071067811865477,0.7071067811865474,1.2246467991473532e-16,-1.0,0.7818314824680298,0.6234898018587336,2,2,0,34.0,28.0,28.0,15.0,32.0,16.0,28.333333333333332,5.507570547286962,34.0,23.0,28.5,3.5071355833485702,34.0,23.0,22.083333333333332,7.329372208428855,34.0,13.0,21.375,8.063942826746878,36.0,10.0,28.3,28.9,29.4,85.0,83.0,81.0,0.66,1.33,2.0,1006.0,1005.0,1005.0,2436.0,28.71,9.24,0.0,0.7985833825214401,3.39336315308775,0.4145101988243835,24.36,27.835,0.02780533485071018,784.0,7569,0.10890000000000001,1014049,293.8,48.96666666666667,-11.0,-5.0,-0.3000000000000007
50,148.8,41.0,17.0,15.0,32.0,87,0.5,1008,89,27.7,0.0,2.8,2023,6,27,22,1,178,26,-0.5000000000000004,0.8660254037844384,1.2246467991473532e-16,-1.0,0.7818314824680298,0.6234898018587336,2,3,0,23.0,34.0,28.0,29.0,17.0,16.0,23.0,11.000000000000496,34.0,12.0,25.666666666666668,7.554248252914106,34.0,12.0,21.666666666666668,7.773303186177337,34.0,12.0,21.208333333333332,8.219696210755016,36.0,10.0,28.0,28.6,29.6,87.0,83.0,82.0,0.33,1.0,2.0,1007.0,1006.0,1004.0,2465.2999999999997,249.2,77.55999999999999,43.5,0.7999466702219852,3.6291797761030224,0.4146240335601571,24.653,26.3,0.027480131468123545,767.29,7921,7.839999999999999,1016064,265.8,44.300000000000004,-11.0,-16.0,-0.3000000000000007
50,129.4,33.3,24.3,15.0,28.3,83,0.0,1008,91,27.7,0.0,0.33,2023,6,27,23,1,178,26,-0.25881904510252157,0.9659258262890681,1.2246467991473532e-16,-1.0,0.7818314824680298,0.6234898018587336,2,3,0,12.0,23.0,34.0,29.0,13.0,17.0,15.666666666666666,6.350852961086897,23.0,12.0,22.833333333333332,9.086620200418595,34.0,12.0,21.583333333333332,7.879297769048054,34.0,12.0,21.0,8.392543274162756,36.0,10.0,27.7,28.3,29.3,89.0,85.0,82.0,2.8,0.66,1.66,1008.0,1006.0,1005.0,2520.7,30.03,9.141,0.0,0.7999466702219852,3.885769196120237,0.7297078165820847,25.206999999999997,27.535,0.027480131468123545,767.29,8281,0.10890000000000001,1016064,242.3,40.38333333333333,0.0,-22.0,0.0
42,109.9,25.7,31.7,12.5,24.7,79,0.0,1007,93,27.6,0.0,0.66,2023,6,28,0,2,179,26,0.0,1.0,1.2246467991473532e-16,-1.0,0.9749279121818236,-0.22252093395631434,2,3,0,12.0,12.0,23.0,28.0,13.0,10.0,11.333333333333334,1.154700538385332,12.0,10.0,19.833333333333332,9.96828303503942,34.0,10.0,21.333333333333332,8.21676040268571,34.0,10.0,21.0,8.392543274162756,36.0,10.0,27.7,28.0,28.9,91.0,87.0,83.0,0.33,0.33,1.33,1008.0,1007.0,1005.0,2566.8,61.38,18.216,0.0,0.7999360051195905,4.276098206295475,1.2334150422162562,25.668000000000003,27.270000000000003,0.02740811578141432,761.7600000000001,8649,0.43560000000000004,1014049,214.49999999999997,35.74999999999999,-2.0,-13.0,-0.09999999999999787
65,90.5,18.0,39.0,23.8,21.0,75,0.75,1007,94,27.6,0.0,1.0,2023,6,28,1,2,179,26,0.25881904510252074,0.9659258262890683,1.2246467991473532e-16,-1.0,0.9749279121818236,-0.22252093395631434,2,3,0,10.0,12.0,12.0,28.0,16.0,14.0,13.666666666666666,4.725815626254027,19.0,10.0,18.333333333333332,9.136009340333143,34.0,10.0,21.583333333333332,8.08430953180622,34.0,10.0,21.208333333333332,8.272422318431987,36.0,10.0,27.6,27.7,28.6,93.0,89.0,83.0,0.66,2.8,1.0,1007.0,1008.0,1006.0,2594.4,94.0,27.6,56.25,0.7982857863114995,5.0274984723070935,2.1665463029831673,25.944000000000003,27.1,0.02740811578141432,761.7600000000001,8836,1.0,1014049,211.3,35.21666666666667,9.0,7.0,0.0
65,86.6,15.3,39.0,23.8,20.3,83,2.0,1007,95,27.1,0.0,0.66,2023,6,28,2,2,179,26,0.49999999999999994,0.8660254037844387,1.2246467991473532e-16,-1.0,0.9749279121818236,-0.22252093395631434,2,3,0,19.0,10.0,12.0,34.0,20.0,16.0,16.0,5.196152422707862,19.0,10.0,15.833333333333334,5.192943930628748,23.0,10.0,21.5,8.107235825314632,34.0,10.0,21.333333333333332,8.212750779264995,36.0,10.0,27.6,27.7,28.3,94.0,91.0,85.0,1.0,0.33,0.66,1007.0,1008.0,1006.0,2574.5,62.7,17.886000000000003,166.0,0.7982857863114995,5.6597607999477155,2.548853016142736,25.745,26.770000000000003,0.026911591944794495,734.4100000000001,9025,0.43560000000000004,1014049,204.0,34.0,0.0,7.0,-0.5
50,82.7,12.7,39.0,15.0,19.7,91,0.5,1007,95,26.7,0.0,0.33,2023,6,28,3,2,179,26,0.7071067811865476,0.7071067811865476,1.2246467991473532e-16,-1.0,0.9749279121818236,-0.22252093395631434,2,3,0,19.0,19.0,10.0,23.0,15.0,12.0,16.666666666666668,4.04145188432894,19.0,12.0,14.0,3.9496835316246464,19.0,10.0,21.25,8.367958369442308,34.0,10.0,21.333333333333332,8.212750779264995,36.0,10.0,27.1,27.6,28.0,95.0,93.0,87.0,0.66,0.66,0.33,1007.0,1007.0,1007.0,2536.5,31.35,8.811,45.5,0.7999466702219852,6.511298322966696,3.0706243602865917,25.365,26.535,0.026514372875498633,712.89,9025,0.10890000000000001,1014049,181.1,30.183333333333334,-7.0,2.0,-0.40000000000000213
50,78.8,10.0,39.0,15.0,19.0,100,1.75,1006,95,26.2,0.0,2.0,2023,6,28,4,2,179,26,0.8660254037844386,0.5000000000000001,1.2246467991473532e-16,-1.0,0.9749279121818236,-0.22252093395631434,2,3,0,12.0,19.0,19.0,12.0,29.0,36.0,14.333333333333334,4.041451884329018,19.0,12.0,14.0,3.9496835316246464,19.0,10.0,19.833333333333332,8.375650133064747,34.0,10.0,20.333333333333332,7.8000371608181185,36.0,10.0,26.7,27.6,27.7,95.0,94.0,89.0,0.33,1.0,2.8,1007.0,1007.0,1008.0,2489.0,190.0,52.4,175.0,0.7999466702219852,7.879212078792121,3.8996100389961006,24.89,25.2,0.026043711686171287,686.4399999999999,9025,4.0,1012036,173.8,28.96666666666667,0.0,-7.0,-0.5
42,86.8,12.7,37.3,12.5,22.3,95,8.0,1007,95,26.2,0.0,1.6,2023,6,28,5,2,179,26,0.9659258262890683,0.25881904510252074,1.2246467991473532e-16,-1.0,0.9749279121818236,-0.22252093395631434,2,3,0,12.0,12.0,19.0,12.0,29.0,36.0,11.333333333333334,1.1547005383853335,12.0,10.0,13.666666666666666,4.226897995771076,19.0,10.0,18.25,8.280590668435085,34.0,10.0,19.25,7.320311231207144,34.0,10.0,26.2,27.1,27.7,95.0,95.0,91.0,2.0,0.66,0.33,1006.0,1007.0,1008.0,2489.0,152.0,41.92,760.0,0.7999360051195905,6.834107550586569,2.936776631761279,24.89,25.4,0.02601784903887881,686.4399999999999,9025,2.5600000000000005,1014049,181.60000000000002,30.26666666666667,-2.0,-9.0,0.0
46,94.7,15.3,35.7,13.8,25.7,91,3.75,1007,95,26.2,1.1,2.0,2023,6,28,6,2,179,26,1.0,6.123233995736766e-17,1.2246467991473532e-16,-1.0,0.9749279121818236,-0.22252093395631434,2,0,0,10.0,12.0,12.0,10.0,28.0,20.0,11.0,1.0000000000070677,12.0,10.0,13.833333333333334,4.070217029428968,19.0,10.0,16.833333333333332,7.906652358308411,34.0,10.0,18.875,7.508328708840485,34.0,10.0,26.2,26.7,27.6,95.0,95.0,93.0,1.6,0.33,0.66,1007.0,1007.0,1007.0,2489.0,190.0,52.4,341.25,0.7970436924860518,6.189137964838899,2.3331808378537353,24.89,25.2,0.02601784903887881,686.4399999999999,9025,4.0,1014049,196.2,32.699999999999996,1.0,-1.0,0.0
50,102.7,18.0,34.0,15.0,29.0,87,1.5,1007,95,26.2,1.4,1.6,2023,6,28,7,2,179,26,0.9659258262890683,-0.25881904510252063,1.2246467991473532e-16,-1.0,0.9749279121818236,-0.22252093395631434,2,0,0,11.0,10.0,12.0,19.0,28.0,20.0,11.0,1.0000000000070677,12.0,10.0,12.666666666666666,3.2041639575173653,19.0,10.0,15.5,7.166842844909385,34.0,10.0,18.541666666666668,7.632762145580891,34.0,10.0,26.2,26.2,27.6,95.0,95.0,94.0,2.0,2.0,1.0,1007.0,1006.0,1007.0,2489.0,152.0,41.92,130.5,0.7999466702219852,5.705238597855675,1.888783956446864,24.89,25.4,0.02601784903887881,686.4399999999999,9025,2.5600000000000005,1014049,210.7,35.11666666666667,1.0,0.0,0.0
50,95.1,15.0,48.0,15.0,31.3,83,0.0,1008,89,27.8,2.2,0.66,2023,6,28,8,2,179,26,0.8660254037844387,-0.4999999999999998,1.2246467991473532e-16,-1.0,0.9749279121818236,-0.22252093395631434,2,0,0,12.0,11.0,10.0,19.0,34.0,19.0,11.666666666666666,0.5773502692017111,12.0,11.0,11.5,0.8366600265259788,12.0,10.0,13.666666666666666,4.206776639775664,23.0,10.0,18.25,7.7473698201668935,34.0,10.0,26.2,26.2,27.1,95.0,95.0,95.0,1.6,1.6,0.66,1007.0,1007.0,1007.0,2474.2000000000003,58.74,18.348000000000003,0.0,0.7999466702219852,6.339577361509233,3.1997866808879407,24.742000000000004,27.470000000000002,0.027579337718910996,772.84,7921,0.43560000000000004,1016064,216.4,36.06666666666667,0.0,2.0,1.6000000000000014
63,87.5,12.0,62.0,22.5,33.7,79,0.0,1008,83,29.4,5.0,1.33,2023,6,28,9,2,179,26,0.7071067811865476,-0.7071067811865475,1.2246467991473532e-16,-1.0,0.9749279121818236,-0.22252093395631434,2,0,0,12.0,12.0,11.0,12.0,23.0,32.0,14.0,3.4641016151396777,18.0,12.0,12.5,2.810693864508664,18.0,10.0,13.25,3.3608710992013795,19.0,10.0,17.666666666666668,7.172815023567573,34.0,10.0,27.8,26.2,26.7,89.0,95.0,95.0,0.66,2.0,0.33,1008.0,1007.0,1007.0,2440.2,110.39,39.102,0.0,0.7999644460246211,7.291059078410133,5.166236146987751,24.401999999999997,28.735,0.029166637731510188,864.3599999999999,6889,1.7689000000000001,1016064,235.7,39.28333333333333,6.0,7.0,1.5999999999999979
63,80.0,9.0,76.0,22.5,36.0,75,0.0,1008,78,31.0,6.5,2.0,2023,6,28,10,2,179,26,0.49999999999999994,-0.8660254037844387,1.2246467991473532e-16,-1.0,0.9749279121818236,-0.22252093395631434,2,0,0,18.0,12.0,12.0,12.0,12.0,17.0,16.0,3.4641016151396,18.0,12.0,13.5,3.5637059362392463,18.0,10.0,13.75,3.596083728420504,19.0,10.0,17.708333333333332,7.17167839591895,34.0,10.0,29.4,26.2,26.2,83.0,95.0,95.0,1.33,1.6,2.0,1008.0,1007.0,1006.0,2418.0,156.0,62.0,0.0,0.7999644460246211,8.887901344295079,8.443506277080324,24.18,30.0,0.03075393774410938,961.0,6084,4.0,1016064,241.5,40.25,0.0,6.0,1.6000000000000014
63,78.2,7.3,86.0,22.5,33.0,66,0.0,1008,72,31.8,5.4,2.33,2023,6,28,11,2,179,26,0.258819045102521,-0.9659258262890682,1.2246467991473532e-16,-1.0,0.9749279121818236,-0.22252093395631434,2,0,0,18.0,18.0,12.0,10.0,12.0,13.0,18.0,0.0,18.0,18.0,14.833333333333334,3.4880749227408767,18.0,11.0,14.25,3.744693214766704,19.0,10.0,17.916666666666668,7.101234838525055,34.0,10.0,31.0,27.8,26.2,78.0,89.0,95.0,2.0,0.66,1.6,1008.0,1008.0,1007.0,2289.6,167.76,74.09400000000001,0.0,0.7999644460246211,10.71086152581838,11.779208327626352,22.896,30.635,0.03154758775040898,1011.24,5184,5.4289000000000005,1016064,245.0,40.833333333333336,0.0,6.0,0.8000000000000007
63,76.5,5.7,96.0,22.5,30.0,58,0.0,1007,67,32.7,6.5,2.66,2023,6,28,12,2,179,26,1.2246467991473532e-16,-1.0,1.2246467991473532e-16,-1.0,0.9749279121818236,-0.22252093395631434,2,1,0,18.0,18.0,18.0,11.0,10.0,13.0,18.0,0.0,18.0,18.0,16.0,3.0983866769638904,18.0,12.0,14.916666666666666,3.629633924273208,19.0,10.0,18.125,7.023640205700204,34.0,10.0,31.8,29.4,26.2,72.0,83.0,95.0,2.33,1.33,2.0,1008.0,1008.0,1007.0,2190.9,178.22,86.98200000000001,0.0,0.7999644460246211,13.418698473951936,16.839151026135763,21.909000000000002,31.370000000000005,0.03247265891493653,1069.2900000000002,4489,7.0756000000000006,1014049,248.7,41.449999999999996,0.0,0.0,0.9000000000000021
59,74.7,4.0,106.0,20.0,27.0,50,0.0,1006,63,33.5,6.0,3.0,2023,6,28,13,2,179,26,-0.2588190451025208,-0.9659258262890683,1.2246467991473532e-16,-1.0,0.9749279121818236,-0.22252093395631434,2,1,0,18.0,18.0,18.0,12.0,19.0,16.0,17.333333333333332,1.1547005383846334,18.0,16.0,16.666666666666668,2.422120283275407,18.0,12.0,14.666666666666666,3.4200832880153964,19.0,10.0,18.125,7.023640205700204,34.0,10.0,32.7,31.0,26.2,67.0,78.0,95.0,2.66,2.0,1.6,1007.0,1008.0,1007.0,2110.5,189.0,100.5,0.0,0.7999600019998999,18.670332416895775,26.493376655836038,21.105,32.0,0.03330016570560069,1122.25,3969,9.0,1012036,247.7,41.28333333333333,-2.0,-2.0,0.7999999999999972
61,75.1,5.0,98.7,21.3,27.7,54,0.0,1005,64,33.5,6.2,2.66,2023,6,28,14,2,179,26,-0.4999999999999997,-0.8660254037844388,1.2246467991473532e-16,-1.0,0.9749279121818236,-0.22252093395631434,2,1,0,16.0,18.0,18.0,12.0,19.0,20.0,17.0,1.0000000000062599,18.0,16.0,17.5,0.8366600265266863,18.0,16.0,14.5,3.2333489534131585,18.0,10.0,18.0,7.015510765749402,34.0,10.0,33.5,31.8,27.8,63.0,72.0,89.0,3.0,2.33,0.66,1006.0,1008.0,1008.0,2144.0,170.24,89.11,0.0,0.7980845969672785,15.016996600679862,19.736052789442112,21.44,32.17,0.03333330016587048,1122.25,4096,7.0756000000000006,1010025,244.8,40.800000000000004,1.0,-1.0,0.0
54,75.5,6.0,91.3,17.5,28.3,58,0.5,1004,65,33.5,4.4,2.33,2023,6,28,15,2,179,26,-0.7071067811865471,-0.7071067811865479,1.2246467991473532e-16,-1.0,0.9749279121818236,-0.22252093395631434,2,1,0,17.0,16.0,18.0,18.0,12.0,15.0,15.666666666666666,1.5275252316561623,17.0,14.0,16.833333333333332,1.6020819787558223,18.0,14.0,14.666666666666666,3.143053909620449,18.0,10.0,17.958333333333332,7.037039685565928,34.0,10.0,33.5,32.7,29.4,64.0,67.0,83.0,2.66,2.66,1.33,1005.0,1007.0,1008.0,2177.5,151.45000000000002,78.055,29.0,0.7999542883263813,12.581236460589901,15.214130978170303,21.775,32.335,0.03336650063097547,1122.25,4225,5.4289000000000005,1008016,232.60000000000002,38.76666666666667,-3.0,-4.0,0.0
52,75.9,7.0,84.0,16.3,29.0,62,0.5,1004,67,33.5,3.0,2.0,2023,6,28,16,2,179,26,-0.8660254037844385,-0.5000000000000004,1.2246467991473532e-16,-1.0,0.9749279121818236,-0.22252093395631434,2,1,0,14.0,17.0,16.0,18.0,12.0,29.0,14.666666666666666,2.081665999469291,17.0,13.0,16.0,2.0976176963372852,18.0,13.0,14.75,3.078517943307337,18.0,10.0,17.291666666666668,6.695093379656221,34.0,10.0,33.5,33.5,31.0,65.0,63.0,78.0,2.33,3.0,2.0,1004.0,1006.0,1008.0,2244.5,134.0,67.0,31.0,0.7974970860683392,10.841308384516498,11.998285959148692,22.445,32.5,0.03336650063097547,1122.25,4489,4.0,1008016,225.20000000000002,37.53333333333334,-1.0,-3.0,0.0
46,85.2,15.3,67.3,13.8,30.3,50,0.0,1004,69,32.6,2.0,2.33,2023,6,28,17,2,179,26,-0.9659258262890683,-0.25881904510252063,1.2246467991473532e-16,-1.0,0.9749279121818236,-0.22252093395631434,2,1,0,13.0,14.0,17.0,18.0,10.0,29.0,12.666666666666666,1.5275252316564274,14.0,11.0,14.833333333333334,2.6394443859747794,18.0,11.0,14.833333333333334,2.9490625115385742,18.0,11.0,16.541666666666668,6.324412099618004,34.0,10.0,33.5,33.5,31.8,67.0,64.0,72.0,2.0,2.66,2.33,1004.0,1005.0,1008.0,2249.4,160.77,75.95800000000001,0.0,0.7970436924860518,5.568263512188746,4.398405332984772,22.494,31.435000000000002,0.032470087181188066,1062.76,4761,5.4289000000000005,1008016,222.90000000000003,37.150000000000006,-2.0,-6.0,-0.8999999999999986
76,94.5,23.7,50.7,30.0,31.7,37,0.0,1004,72,31.6,1.7,2.66,2023,6,28,18,2,179,26,-1.0,-1.8369701987210297e-16,1.2246467991473532e-16,-1.0,0.9749279121818236,-0.22252093395631434,2,2,0,11.0,13.0,14.0,18.0,11.0,28.0,16.0,7.000000000000914,24.0,11.0,15.833333333333334,4.535048695069765,24.0,11.0,15.916666666666666,3.7040109300175454,24.0,11.0,16.375,6.056347729951148,34.0,10.0,32.6,33.5,32.7,69.0,65.0,67.0,2.33,2.33,2.66,1004.0,1004.0,1007.0,2275.2000000000003,191.52,84.05600000000001,0.0,0.7999733342221925,3.9871735369815617,2.1391502468250287,22.752000000000002,30.270000000000003,0.031474072236979844,998.5600000000001,5184,7.0756000000000006,1008016,254.6,42.43333333333333,13.0,10.0,-1.0
76,103.9,32.0,34.0,30.0,33.0,25,0.0,1004,75,30.7,0.0,3.0,2023,6,28,19,2,179,26,-0.9659258262890684,0.2588190451025203,1.2246467991473532e-16,-1.0,0.9749279121818236,-0.22252093395631434,2,2,0,24.0,11.0,13.0,16.0,12.0,28.0,19.666666666666668,7.505553499465921,24.0,11.0,17.166666666666668,5.636192568272862,24.0,11.0,16.916666666666668,4.144181755694948,24.0,11.0,16.208333333333332,5.770834968345697,34.0,10.0,31.6,33.5,33.5,72.0,67.0,63.0,2.66,2.0,3.0,1004.0,1004.0,1006.0,2302.5,225.0,92.1,0.0,0.7999733342221925,3.2467735383269276,1.0624667979125653,23.025,29.2,0.030577658787192444,942.49,5625,9.0,1008016,256.9,42.81666666666666,0.0,11.0,-0.9000000000000021
67,102.9,30.0,31.7,25.0,31.0,29,0.0,1005,79,30.2,0.0,2.66,2023,6,28,20,2,179,26,-0.8660254037844386,0.5000000000000001,1.2246467991473532e-16,-1.0,0.9749279121818236,-0.22252093395631434,2,2,0,24.0,24.0,11.0,17.0,12.0,34.0,22.666666666666668,2.309401076760884,24.0,20.0,17.666666666666668,5.750362307425014,24.0,11.0,17.583333333333332,3.9186809778359137,24.0,11.0,15.625,4.450818195421253,24.0,10.0,30.7,32.6,33.5,75.0,69.0,64.0,3.0,2.33,2.66,1004.0,1004.0,1005.0,2385.7999999999997,210.14000000000001,80.33200000000001,0.0,0.7999680012799487,3.429885670477651,1.0566314456184793,23.857999999999997,28.869999999999997,0.03004972134356085,912.04,6241,7.0756000000000006,1010025,240.6,40.1,-4.0,9.0,-0.5
67,101.9,28.0,29.3,25.0,29.0,33,0.0,1006,83,29.7,0.0,2.33,2023,6,28,21,2,179,26,-0.7071067811865477,0.7071067811865474,1.2246467991473532e-16,-1.0,0.9749279121818236,-0.22252093395631434,2,2,0,20.0,24.0,24.0,14.0,18.0,23.0,21.333333333333332,2.3094010767609623,24.0,20.0,18.666666666666668,5.501514942872965,24.0,11.0,17.75,3.980063955629546,24.0,11.0,15.5,4.273273869671192,24.0,10.0,30.2,31.6,33.5,79.0,72.0,65.0,2.66,2.66,2.33,1005.0,1004.0,1004.0,2465.1,193.39000000000001,69.201,0.0,0.7999680012799487,3.6391557444376987,1.0463912003142746,24.651,28.535,0.02952283347630867,882.0899999999999,6889,5.4289000000000005,1012036,233.20000000000002,38.86666666666667,0.0,-4.0,-0.5
59,101.0,26.0,27.0,20.0,27.0,37,0.0,1006,87,29.2,0.0,2.0,2023,6,28,22,2,179,26,-0.5000000000000004,0.8660254037844384,1.2246467991473532e-16,-1.0,0.9749279121818236,-0.22252093395631434,2,3,0,20.0,20.0,24.0,13.0,18.0,12.0,18.666666666666668,2.3094010767611186,20.0,16.0,19.166666666666668,4.996665554812991,24.0,11.0,17.583333333333332,4.010403138504377,24.0,11.0,15.666666666666666,4.208342301611585,24.0,10.0,29.7,30.7,33.5,83.0,75.0,67.0,2.33,3.0,2.0,1006.0,1004.0,1004.0,2540.4,174.0,58.4,0.0,0.7999600019998999,3.884465982077612,1.0384215991692627,25.404,28.2,0.029025816077717616,852.64,7569,4.0,1012036,217.0,36.166666666666664,-4.0,-8.0,-0.5
63,90.1,21.3,29.7,22.5,25.7,33,0.0,1006,88,29.0,0.0,1.33,2023,6,28,23,2,179,26,-0.25881904510252157,0.9659258262890681,1.2246467991473532e-16,-1.0,0.9749279121818236,-0.22252093395631434,2,3,0,16.0,20.0,20.0,11.0,18.0,12.0,18.0,2.000000000003065,20.0,16.0,20.333333333333332,3.2041639575175997,24.0,16.0,17.583333333333332,4.010403138504377,24.0,11.0,15.916666666666666,4.158978414138825,24.0,10.0,29.2,30.2,32.6,87.0,79.0,69.0,2.0,2.66,2.33,1006.0,1005.0,1004.0,2552.0,117.04,38.57,0.0,0.7999644460246211,4.229848363926576,1.3943007370545981,25.52,28.335,0.028827009118281195,841.0,7744,1.7689000000000001,1012036,207.29999999999998,34.55,2.0,-2.0,-0.1999999999999993
59,79.2,16.7,32.3,20.0,24.3,29,0.0,1005,90,28.7,0.0,0.66,2023,6,29,0,3,180,26,0.0,1.0,1.2246467991473532e-16,-1.0,0.43388373911755823,-0.900968867902419,2,3,0,18.0,16.0,20.0,24.0,18.0,10.0,16.666666666666668,1.1547005383847155,18.0,16.0,19.0,3.03315017761863,24.0,16.0,17.416666666666668,4.033007750444319,24.0,11.0,16.166666666666668,3.9636025188625608,24.0,10.0,29.0,29.7,31.6,88.0,83.0,72.0,1.33,2.33,2.66,1006.0,1006.0,1004.0,2583.0,59.400000000000006,18.942,0.0,0.7999600019998999,4.742231004131489,1.9340159271899884,25.83,28.37,0.028557185515238292,823.6899999999999,8100,0.43560000000000004,1010025,188.5,31.416666666666668,-2.0,-4.0,-0.3000000000000007
46,68.3,12.0,35.0,13.8,23.0,25,0.0,1005,91,28.5,0.0,3.2,2023,6,29,1,3,180,26,0.25881904510252074,0.9659258262890683,1.2246467991473532e-16,-1.0,0.43388373911755823,-0.900968867902419,2,3,0,16.0,18.0,16.0,24.0,16.0,19.0,15.0,3.605551275465802,18.0,11.0,16.833333333333332,3.3714487489288922,20.0,11.0,17.0,4.431293675255126,24.0,11.0,15.833333333333334,4.0504070291078875,24.0,10.0,28.7,29.2,30.7,90.0,87.0,75.0,0.66,2.0,3.0,1005.0,1006.0,1004.0,2593.5,291.2,91.2,0.0,0.7970436924860518,5.69119240063328,2.916423631364053,25.935,26.9,0.02835818073812862,812.25,8281,10.240000000000002,1010025,163.1,27.183333333333334,-5.0,-5.0,-0.1999999999999993
42,68.7,10.7,37.0,12.5,24.0,20,0.0,1005,91,28.4,0.0,3.2,2023,6,29,2,3,180,26,0.49999999999999994,0.8660254037844387,1.2246467991473532e-16,-1.0,0.43388373911755823,-0.900968867902419,2,3,0,11.0,16.0,18.0,20.0,17.0,19.0,12.333333333333334,3.2145502536664634,16.0,10.0,15.166666666666666,3.920034013456247,20.0,10.0,16.416666666666668,4.87028715474657,24.0,10.0,15.458333333333334,4.15963174233985,24.0,10.0,28.5,29.0,30.2,91.0,88.0,79.0,3.2,1.33,2.66,1005.0,1006.0,1005.0,2584.4,291.2,90.88,0.0,0.7999360051195905,6.419960751331653,3.457620783104383,25.844,26.799999999999997,0.028258678349573782,806.56,8281,10.240000000000002,1010025,162.9,27.150000000000002,-1.0,-8.0,-0.10000000000000142
50,69.1,9.3,39.0,15.0,25.0,16,0.0,1005,91,28.2,0.0,2.8,2023,6,29,3,3,180,26,0.7071067811865476,0.7071067811865476,1.2246467991473532e-16,-1.0,0.43388373911755823,-0.900968867902419,2,3,0,10.0,11.0,16.0,20.0,14.0,12.0,11.0,1.0000000000070741,12.0,10.0,13.833333333333334,3.2506409624339714,18.0,10.0,16.25,4.99317716307069,24.0,10.0,15.458333333333334,4.15963174233985,24.0,10.0,28.4,28.7,29.7,91.0,90.0,83.0,3.2,0.66,2.33,1005.0,1005.0,1006.0,2566.2,254.79999999999998,78.96,0.0,0.7999466702219852,7.429308676486398,4.193097516396087,25.662,26.8,0.028059673572464108,795.24,8281,7.839999999999999,1010025,169.39999999999998,28.23333333333333,2.0,-4.0,-0.1999999999999993
37,69.4,8.0,41.0,11.3,26.0,12,0.0,1005,92,28.1,0.0,2.4,2023,6,29,4,3,180,26,0.8660254037844386,0.5000000000000001,1.2246467991473532e-16,-1.0,0.43388373911755823,-0.900968867902419,2,3,0,12.0,10.0,11.0,16.0,13.0,12.0,10.333333333333334,1.5275252316566366,12.0,9.0,12.666666666666666,3.55902608400858,18.0,9.0,15.916666666666666,5.350587619951697,24.0,9.0,15.333333333333334,4.310418789969798,24.0,9.0,28.2,28.5,29.2,91.0,91.0,87.0,2.8,3.2,2.0,1005.0,1005.0,1006.0,2585.2000000000003,220.79999999999998,67.44,0.0,0.7963897000265463,8.673915760529935,5.124359455068117,25.852000000000004,26.900000000000002,0.027960171183909272,789.6100000000001,8464,5.76,1010025,164.70000000000002,27.450000000000003,-3.0,-2.0,-0.09999999999999787
42,76.1,9.7,43.3,12.5,28.0,12,0.0,1005,91,28.4,0.0,0.33,2023,6,29,5,3,180,26,0.9659258262890683,0.25881904510252074,1.2246467991473532e-16,-1.0,0.43388373911755823,-0.900968867902419,2,3,0,9.0,12.0,10.0,18.0,11.0,10.0,10.333333333333334,1.5275252316566366,12.0,9.0,11.333333333333334,2.5033311140664583,16.0,9.0,15.833333333333334,5.441145155760237,24.0,9.0,15.333333333333334,4.310418789969798,24.0,9.0,28.1,28.4,29.0,92.0,91.0,88.0,2.4,3.2,1.33,1005.0,1005.0,1006.0,2584.4,30.03,9.372,0.0,0.7999360051195905,7.844552108030101,4.4634573755282965,25.844,28.235,0.028258678349573782,806.56,8281,0.10890000000000001,1010025,179.6,29.933333333333334,1.0,0.0,0.29999999999999716
59,82.7,11.3,45.7,20.0,30.0,12,0.0,1005,91,28.7,1.5,0.66,2023,6,29,6,3,180,26,1.0,6.123233995736766e-17,1.2246467991473532e-16,-1.0,0.43388373911755823,-0.900968867902419,2,0,0,10.0,9.0,12.0,16.0,24.0,11.0,11.666666666666666,3.7859388972020267,16.0,9.0,11.333333333333334,2.5033311140664583,16.0,9.0,15.166666666666666,4.802145984932005,24.0,9.0,15.541666666666666,4.21156964095062,24.0,9.0,28.4,28.2,28.7,91.0,91.0,90.0,0.33,2.8,0.66,1005.0,1005.0,1005.0,2611.7,60.06,18.942,0.0,0.7999600019998999,7.3179364657994865,4.043889921245908,26.116999999999997,28.37,0.028557185515238292,823.6899999999999,8281,0.43560000000000004,1010025,205.7,34.28333333333333,6.0,4.0,0.3000000000000007
50,89.3,13.0,48.0,15.0,32.0,12,0.0,1006,90,29.0,1.4,1.0,2023,6,29,7,3,180,26,0.9659258262890683,-0.25881904510252063,1.2246467991473532e-16,-1.0,0.43388373911755823,-0.900968867902419,2,0,0,16.0,10.0,9.0,11.0,24.0,12.0,12.666666666666666,3.055050463306135,16.0,10.0,11.5,2.509980079599553,16.0,9.0,14.166666666666666,3.9733963794053246,20.0,9.0,15.541666666666666,4.21156964095062,24.0,9.0,28.7,28.1,28.5,91.0,92.0,91.0,0.66,2.4,3.2,1005.0,1005.0,1005.0,2610.0,90.0,29.0,0.0,0.7999466702219852,6.868702407507115,3.6920236904853474,26.1,28.5,0.028827009118281195,841.0,8100,1.0,1012036,209.3,34.88333333333333,-4.0,3.0,0.3000000000000007
59,91.0,11.7,61.3,20.0,33.7,29,0.0,1005,85,30.0,1.5,2.0,2023,6,29,8,3,180,26,0.8660254037844387,-0.4999999999999998,1.2246467991473532e-16,-1.0,0.43388373911755823,-0.900968867902419,2,0,0,12.0,16.0,10.0,10.0,20.0,12.0,14.666666666666666,2.3094010767613513,16.0,12.0,12.5,2.9495762407482795,16.0,9.0,13.833333333333334,3.5887028128253315,20.0,9.0,15.708333333333334,4.143923436704958,24.0,9.0,29.0,28.4,28.4,90.0,91.0,91.0,1.0,0.33,3.2,1006.0,1005.0,1005.0,2550.0,170.0,60.0,0.0,0.7999600019998999,7.77711306725921,5.238868472780105,25.5,29.0,0.029850716566451177,900.0,7225,4.0,1010025,233.7,38.949999999999996,4.0,6.0,1.0
69,92.8,10.3,74.7,26.3,35.3,45,0.0,1005,80,31.0,2.2,3.0,2023,6,29,9,3,180,26,0.7071067811865476,-0.7071067811865475,1.2246467991473532e-16,-1.0,0.43388373911755823,-0.900968867902419,2,0,0,16.0,12.0,16.0,12.0,20.0,18.0,16.333333333333332,4.509249752824303,21.0,12.0,14.0,4.5166359162530485,21.0,9.0,13.916666666666666,3.7527767497315767,21.0,9.0,15.833333333333334,4.259686318994533,24.0,9.0,30.0,28.7,28.2,85.0,91.0,91.0,2.0,0.66,2.8,1005.0,1005.0,1005.0,2480.0,240.0,93.0,0.0,0.79844872818524,9.008834093777303,7.251723133676342,24.8,29.5,0.030845740451999552,961.0,6400,9.0,1010025,260.40000000000003,43.400000000000006,5.0,5.0,1.0
72,94.5,9.0,88.0,27.5,37.0,62,0.0,1005,75,32.0,4.2,4.0,2023,6,29,10,3,180,26,0.49999999999999994,-0.8660254037844387,1.2246467991473532e-16,-1.0,0.43388373911755823,-0.900968867902419,2,0,0,21.0,16.0,12.0,9.0,16.0,18.0,19.666666666666668,3.214550253666154,22.0,16.0,16.166666666666668,4.750438576242625,22.0,10.0,14.416666666666666,4.399552318822127,22.0,9.0,16.0,4.423258684646615,24.0,9.0,31.0,29.0,28.1,80.0,90.0,92.0,3.0,1.0,2.4,1005.0,1006.0,1005.0,2400.0,300.0,128.0,0.0,0.7999709101487218,10.498833462948562,9.776691478724587,24.0,30.0,0.03184076433754792,1024.0,5625,16.0,1010025,278.0,46.333333333333336,1.0,10.0,1.0
76,92.2,7.7,99.3,30.0,35.3,62,0.0,1004,69,32.9,7.1,2.66,2023,6,29,11,3,180,26,0.258819045102521,-0.9659258262890682,1.2246467991473532e-16,-1.0,0.43388373911755823,-0.900968867902419,2,0,0,22.0,21.0,16.0,10.0,18.0,18.0,22.333333333333332,1.5275252316555734,24.0,21.0,18.5,4.54972526642959,24.0,12.0,14.916666666666666,5.124953806147333,24.0,9.0,16.25,4.701988478523883,24.0,9.0,32.0,30.0,28.4,75.0,85.0,91.0,4.0,2.0,0.33,1005.0,1005.0,1005.0,2270.1,183.54000000000002,87.514,0.0,0.7999733342221925,11.972471107648357,12.894429294896765,22.701,31.57,0.03276889166445053,1082.4099999999999,4761,7.0756000000000006,1008016,288.5,48.083333333333336,2.0,8.0,0.8999999999999986
87,89.9,6.3,110.7,36.3,33.7,62,0.0,1003,64,33.7,8.3,1.33,2023,6,29,12,3,180,26,1.2246467991473532e-16,-1.0,1.2246467991473532e-16,-1.0,0.43388373911755823,-0.900968867902419,2,1,0,24.0,22.0,21.0,16.0,16.0,18.0,25.0,3.605551275465426,29.0,22.0,20.666666666666668,5.988878581725867,29.0,12.0,16.0,6.55050310350918,29.0,9.0,16.708333333333332,5.368824392948273,29.0,9.0,32.9,31.0,28.7,69.0,80.0,91.0,2.66,3.0,0.66,1004.0,1005.0,1005.0,2156.8,85.12,44.821000000000005,0.0,0.798876064020275,14.267576575146803,17.56863989842882,21.568,33.035000000000004,0.033599168894148664,1135.6900000000003,4096,1.7689000000000001,1006009,305.9,50.98333333333333,5.0,8.0,0.8000000000000043
76,87.5,5.0,122.0,30.0,32.0,62,0.0,1002,59,34.6,8.7,2.8,2023,6,29,13,3,180,26,-0.2588190451025208,-0.9659258262890683,1.2246467991473532e-16,-1.0,0.43388373911755823,-0.900968867902419,2,1,0,29.0,24.0,22.0,12.0,11.0,16.0,25.666666666666668,2.886751345949893,29.0,24.0,22.666666666666668,4.273952113285217,29.0,16.0,17.083333333333332,6.721178648439191,29.0,9.0,17.041666666666668,5.567601674490978,29.0,9.0,33.7,32.0,29.0,64.0,75.0,90.0,1.33,4.0,1.0,1003.0,1005.0,1006.0,2041.4,165.2,96.88,0.0,0.7999733342221925,17.496500699860025,24.395120975804836,20.414,33.2,0.0345309036617728,1197.16,3481,7.839999999999999,1004004,300.5,50.083333333333336,-5.0,2.0,0.8999999999999986
59,87.0,6.0,117.0,20.0,31.7,50,0.0,1001,57,34.9,7.3,0.66,2023,6,29,14,3,180,26,-0.4999999999999997,-0.8660254037844388,1.2246467991473532e-16,-1.0,0.43388373911755823,-0.900968867902419,2,1,0,24.0,29.0,24.0,16.0,10.0,17.0,23.0,6.557438524302832,29.0,16.0,22.666666666666668,4.273952113285217,29.0,16.0,17.583333333333332,6.3597932118082365,29.0,9.0,17.0,5.571667457850227,29.0,9.0,34.6,32.9,30.0,59.0,69.0,85.0,2.8,2.66,2.0,1002.0,1004.0,1005.0,1989.3,37.620000000000005,23.034,0.0,0.7999600019998999,14.497583736043993,19.496750541576404,19.893,34.57,0.0348651000348651,1218.01,3249,0.43560000000000004,1002001,277.7,46.28333333333333,-8.0,-8.0,0.29999999999999716
72,86.4,7.0,112.0,27.5,31.3,37,0.0,1001,56,35.3,5.6,1.33,2023,6,29,15,3,180,26,-0.7071067811865471,-0.7071067811865479,1.2246467991473532e-16,-1.0,0.43388373911755823,-0.900968867902419,2,1,0,16.0,24.0,29.0,21.0,12.0,14.0,20.666666666666668,4.163331998933649,24.0,16.0,22.833333333333332,4.215052391922929,29.0,16.0,18.416666666666668,6.215206181518058,29.0,9.0,17.333333333333332,5.623449866922869,29.0,9.0,34.9,33.7,31.0,57.0,64.0,80.0,0.66,1.33,3.0,1001.0,1003.0,1005.0,1976.7999999999997,74.48,46.949,0.0,0.7999709101487218,12.341094129410084,15.997714612198257,19.767999999999997,34.635,0.0352647000352647,1246.0899999999997,3136,1.7689000000000001,1002001,286.2,47.699999999999996,6.0,-7.0,0.3999999999999986
69,85.8,8.0,107.0,26.3,31.0,25,0.0,1000,54,35.6,3.2,2.0,2023,6,29,16,3,180,26,-0.8660254037844385,-0.5000000000000004,1.2246467991473532e-16,-1.0,0.43388373911755823,-0.900968867902419,2,1,0,22.0,16.0,24.0,22.0,9.0,13.0,19.666666666666668,3.214550253666153,22.0,16.0,22.666666666666668,4.273952113285217,29.0,16.0,19.416666666666668,5.484827557300749,29.0,10.0,17.666666666666668,5.592437958425503,29.0,9.0,35.3,34.6,32.0,56.0,59.0,75.0,1.33,2.8,4.0,1001.0,1002.0,1005.0,1922.4,108.0,71.2,0.0,0.79844872818524,10.723659542557181,13.373328333958256,19.224,34.6,0.0355999644000356,1267.3600000000001,2916,4.0,1000000,279.1,46.51666666666667,-1.0,-3.0,0.30000000000000426
67,94.7,15.3,87.3,25.0,31.0,41,0.0,1000,60,34.4,1.8,2.33,2023,6,29,17,3,180,26,-0.9659258262890683,-0.25881904510252063,1.2246467991473532e-16,-1.0,0.43388373911755823,-0.900968867902419,2,1,0,21.0,22.0,16.0,24.0,10.0,11.0,21.0,1.0000000000057168,22.0,20.0,22.0,4.335896677734422,29.0,16.0,20.25,4.6146998326485855,29.0,12.0,18.041666666666668,5.425216218224919,29.0,9.0,35.6,34.9,32.9,54.0,57.0,69.0,2.0,0.66,2.66,1000.0,1001.0,1004.0,2064.0,139.8,80.152,0.0,0.7999680012799487,6.189137964838899,5.705509443827201,20.64,33.235,0.0343999656000344,1183.36,3600,5.4289000000000005,1000000,273.3,45.550000000000004,-1.0,4.0,-1.2000000000000028
67,103.7,22.7,67.7,25.0,31.0,58,0.0,1000,67,33.2,1.2,2.66,2023,6,29,18,3,180,26,-1.0,-1.8369701987210297e-16,1.2246467991473532e-16,-1.0,0.43388373911755823,-0.900968867902419,2,2,0,20.0,21.0,22.0,29.0,16.0,24.0,20.333333333333332,0.5773502691996828,21.0,20.0,20.5,2.664582518892621,24.0,16.0,20.583333333333332,4.420167280530355,29.0,12.0,17.875,5.294069692877245,29.0,9.0,34.4,35.3,33.7,60.0,56.0,64.0,2.33,1.33,1.33,1000.0,1001.0,1003.0,2224.4,178.22,88.31200000000001,0.0,0.7999680012799487,4.568080701290692,2.9822474780846657,22.244,31.870000000000005,0.033199966800033204,1102.2400000000002,4489,7.0756000000000006,1000000,270.1,45.01666666666667,0.0,-2.0,-1.1999999999999957
76,112.6,30.0,48.0,30.0,31.0,75,0.0,1000,74,32.0,0.0,3.0,2023,6,29,19,3,180,26,-0.9659258262890684,0.2588190451025203,1.2246467991473532e-16,-1.0,0.43388373911755823,-0.900968867902419,2,2,0,20.0,20.0,21.0,24.0,12.0,24.0,21.333333333333332,2.3094010767609583,24.0,20.0,20.5,2.664582518892621,24.0,16.0,21.583333333333332,3.5791906991103937,29.0,16.0,17.875,5.294069692877245,29.0,9.0,33.2,35.6,34.6,67.0,54.0,59.0,2.66,2.0,2.8,1000.0,1000.0,1002.0,2368.0,222.0,96.0,0.0,0.7999733342221925,3.753208226392453,1.599946668444385,23.68,30.5,0.031999968000032,1024.0,5476,9.0,1000000,275.6,45.93333333333334,4.0,3.0,-1.2000000000000028
74,113.6,27.7,46.0,28.8,28.7,66,0.0,1000,76,31.6,0.0,2.83,2023,6,29,20,3,180,26,-0.8660254037844386,0.5000000000000001,1.2246467991473532e-16,-1.0,0.43388373911755823,-0.900968867902419,2,2,0,24.0,20.0,20.0,16.0,16.0,20.0,22.333333333333332,2.0816659994687914,24.0,20.0,21.666666666666668,1.632993161851884,24.0,20.0,22.166666666666668,3.1285585799008238,29.0,16.0,18.0,5.381126437757095,29.0,9.0,32.0,34.4,34.9,74.0,60.0,57.0,3.0,2.33,0.66,1000.0,1000.0,1001.0,2401.6,215.08,89.42800000000001,0.0,0.7985833825214401,4.100934984296596,1.6605898704017905,24.016,30.185000000000002,0.031599968400031604,998.5600000000001,5776,8.0089,1000000,267.8,44.63333333333333,-1.0,3.0,-0.3999999999999986
74,114.6,25.3,44.0,28.8,26.3,58,0.0,1001,79,31.2,0.0,2.66,2023,6,29,21,3,180,26,-0.7071067811865477,0.7071067811865474,1.2246467991473532e-16,-1.0,0.43388373911755823,-0.900968867902419,2,2,0,23.0,24.0,20.0,22.0,21.0,20.0,23.333333333333332,0.5773502691989767,24.0,23.0,21.833333333333332,1.722401424365134,24.0,20.0,22.333333333333332,3.1139957766448494,29.0,16.0,18.125,5.463813766002936,29.0,9.0,31.6,33.2,35.3,76.0,67.0,56.0,2.83,2.66,1.33,1000.0,1000.0,1001.0,2464.7999999999997,210.14000000000001,82.992,0.0,0.7985833825214401,4.529465238528121,1.7390616971661197,24.647999999999996,29.869999999999997,0.0311688000311688,973.4399999999999,6241,7.0756000000000006,1002001,262.0,43.666666666666664,0.0,3.0,-0.40000000000000213
61,115.6,23.0,42.0,21.3,24.0,50,0.0,1001,82,30.8,0.0,2.5,2023,6,29,22,3,180,26,-0.5000000000000004,0.8660254037844384,1.2246467991473532e-16,-1.0,0.43388373911755823,-0.900968867902419,2,3,0,23.0,23.0,24.0,21.0,22.0,16.0,21.0,3.4641016151394037,23.0,17.0,21.166666666666668,2.6394443859749974,24.0,17.0,21.916666666666668,3.476108935767924,29.0,16.0,18.166666666666668,5.450701324374158,29.0,9.0,31.2,32.0,35.6,79.0,74.0,54.0,2.66,3.0,2.0,1001.0,1000.0,1000.0,2525.6,205.0,77.0,0.0,0.7980845969672785,5.025868440502586,1.826007564888483,25.256,29.55,0.030769200030769203,948.6400000000001,6724,6.25,1002001,242.9,40.483333333333334,-6.0,-7.0,-0.3999999999999986
61,108.7,18.7,47.3,21.3,23.3,41,0.0,1001,84,30.4,0.0,2.33,2023,6,29,23,3,180,26,-0.25881904510252157,0.9659258262890681,1.2246467991473532e-16,-1.0,0.43388373911755823,-0.900968867902419,2,3,0,17.0,23.0,23.0,20.0,24.0,18.0,19.0,3.464101615139481,23.0,17.0,20.666666666666668,3.1411250638353843,24.0,17.0,21.333333333333332,3.6762958960268435,29.0,16.0,18.125,5.455850469709012,29.0,9.0,30.8,31.6,34.4,82.0,76.0,60.0,2.5,2.83,2.33,1001.0,1000.0,1000.0,2553.6,195.72,70.832,0.0,0.7980845969672785,5.812523394470884,2.5292765092775786,25.535999999999998,29.235,0.0303696000303696,924.16,7056,5.4289000000000005,1002001,236.3,39.38333333333333,0.0,-6.0,-0.40000000000000213
61,101.9,14.3,52.7,21.3,22.7,33,0.0,1002,87,30.0,0.0,2.16,2023,6,30,0,4,181,26,0.0,1.0,1.2246467991473532e-16,-1.0,-0.433883739117558,-0.9009688679024191,2,3,0,17.0,17.0,23.0,20.0,29.0,16.0,17.0,0.0,17.0,17.0,20.166666666666668,3.4880749227410184,24.0,17.0,20.333333333333332,2.9644356609430944,24.0,16.0,18.166666666666668,5.442718843169751,29.0,9.0,30.4,31.2,33.2,84.0,79.0,67.0,2.33,2.66,2.66,1001.0,1001.0,1000.0,2610.0,187.92000000000002,64.80000000000001,0.0,0.7980845969672785,7.125375847842808,3.685056989021747,26.1,28.92,0.02994008988014982,900.0,7569,4.6656,1004004,229.9,38.31666666666667,0.0,-6.0,-0.3999999999999986
78,95.1,10.0,58.0,31.3,22.0,25,0.0,1002,90,29.6,0.0,2.0,2023,6,30,1,4,181,26,0.25881904510252074,0.9659258262890683,1.2246467991473532e-16,-1.0,-0.433883739117558,-0.9009688679024191,2,3,0,17.0,17.0,17.0,24.0,24.0,11.0,19.666666666666668,4.618802153518281,25.0,17.0,20.333333333333332,3.7237973450034563,25.0,17.0,20.416666666666668,3.0883456393142135,25.0,16.0,18.75,5.391216689329274,29.0,9.0,30.0,30.8,32.0,87.0,82.0,74.0,2.16,2.5,3.0,1002.0,1001.0,1000.0,2664.0,180.0,59.2,0.0,0.7986965272674994,9.509049095090491,5.799420057994201,26.64,28.6,0.029540888681747826,876.1600000000001,8100,4.0,1004004,241.4,40.233333333333334,8.0,8.0,-0.3999999999999986
63,92.4,8.0,59.7,22.5,21.0,41,0.0,1002,91,29.5,0.0,1.33,2023,6,30,2,4,181,26,0.49999999999999994,0.8660254037844387,1.2246467991473532e-16,-1.0,-0.433883739117558,-0.9009688679024191,2,3,0,25.0,17.0,17.0,23.0,16.0,10.0,20.0,4.358898943542014,25.0,17.0,19.5,3.5637059362394066,25.0,17.0,20.583333333333332,2.874917653628333,25.0,17.0,19.083333333333332,5.06408210204279,29.0,9.0,29.6,30.4,31.6,90.0,84.0,76.0,2.0,2.33,2.83,1002.0,1001.0,1000.0,2684.5,121.03,39.235,0.0,0.7999644460246211,11.548556430446196,7.46156730408699,26.845,28.835,0.029441088382147325,870.25,8281,1.7689000000000001,1004004,221.60000000000002,36.93333333333334,-7.0,1.0,-0.10000000000000142
59,89.7,6.0,61.3,20.0,20.0,58,0.0,1001,92,29.3,0.0,0.66,2023,6,30,3,4,181,26,0.7071067811865476,0.7071067811865476,1.2246467991473532e-16,-1.0,-0.433883739117558,-0.9009688679024191,2,3,0,18.0,25.0,17.0,23.0,22.0,12.0,19.666666666666668,4.725815626253855,25.0,16.0,18.333333333333332,3.3266599866314053,25.0,16.0,20.083333333333332,3.117642854736461,25.0,16.0,19.25,4.883423603063205,29.0,9.0,29.5,30.0,31.2,91.0,87.0,79.0,1.33,2.16,2.66,1002.0,1002.0,1001.0,2695.6,60.720000000000006,19.338,0.0,0.7999600019998999,14.947508748541908,10.214964172637893,26.956,28.970000000000002,0.0292707000292707,858.49,8464,0.43560000000000004,1002001,213.0,35.5,-2.0,-1.0,-0.1999999999999993
67,87.0,4.0,63.0,25.0,19.0,75,0.0,1001,93,29.2,0.0,2.0,2023,6,30,4,4,181,26,0.8660254037844386,0.5000000000000001,1.2246467991473532e-16,-1.0,-0.433883739117558,-0.9009688679024191,2,3,0,16.0,18.0,25.0,17.0,21.0,9.0,18.0,2.0000000000030584,20.0,16.0,18.833333333333332,3.3115957885367813,25.0,16.0,20.0,3.1042492870831078,25.0,16.0,19.708333333333332,4.3686548189957355,29.0,10.0,29.3,29.6,30.8,92.0,90.0,82.0,0.66,2.0,2.5,1001.0,1002.0,1001.0,2715.6,186.0,58.4,0.0,0.7999680012799487,21.74456385903524,15.746063484128966,27.156,28.2,0.0291708000291708,852.64,8649,4.0,1002001,218.0,36.333333333333336,4.0,-5.0,-0.10000000000000142
59,90.5,6.0,59.0,20.0,22.7,77,0.0,1001,90,29.9,0.0,0.33,2023,6,30,5,4,181,26,0.9659258262890683,0.25881904510252074,1.2246467991473532e-16,-1.0,-0.433883739117558,-0.9009688679024191,2,3,0,20.0,16.0,18.0,17.0,20.0,10.0,17.333333333333332,2.309401076761191,20.0,16.0,18.666666666666668,3.4448028487352533,25.0,16.0,19.666666666666668,3.312053286058261,25.0,16.0,19.958333333333332,3.9395339237313833,29.0,12.0,29.2,29.5,30.4,93.0,91.0,84.0,2.0,1.33,2.33,1001.0,1002.0,1001.0,2691.0,29.700000000000003,9.867,0.0,0.7999600019998999,15.080819863356107,9.831694717547075,26.91,29.735,0.0298701000298701,894.0099999999999,8100,0.10890000000000001,1002001,214.2,35.699999999999996,-4.0,-2.0,0.6999999999999993
59,94.0,8.0,55.0,20.0,26.3,79,0.0,1001,86,30.6,0.6,0.66,2023,6,30,6,4,181,26,1.0,6.123233995736766e-17,1.2246467991473532e-16,-1.0,-0.433883739117558,-0.9009688679024191,2,0,0,16.0,20.0,16.0,17.0,20.0,16.0,17.333333333333332,2.309401076761191,20.0,16.0,18.5,3.5637059362393835,25.0,16.0,19.333333333333332,3.472838329176645,25.0,16.0,19.958333333333332,3.9395339237313833,29.0,12.0,29.9,29.3,30.0,90.0,92.0,87.0,0.33,0.66,2.16,1001.0,1001.0,1002.0,2631.6,56.760000000000005,20.196,0.0,0.7999600019998999,11.748531433570804,6.874140732408449,26.316,30.270000000000003,0.0305694000305694,936.3600000000001,7396,0.43560000000000004,1002001,219.3,36.550000000000004,0.0,0.0,0.7000000000000028
63,97.5,10.0,51.0,22.5,30.0,81,0.0,1002,83,31.4,1.1,1.0,2023,6,30,7,4,181,26,0.9659258262890683,-0.25881904510252063,1.2246467991473532e-16,-1.0,-0.433883739117558,-0.9009688679024191,2,0,0,16.0,16.0,20.0,25.0,24.0,12.0,16.666666666666668,1.1547005383847064,18.0,16.0,17.333333333333332,1.6329931618516622,20.0,16.0,18.833333333333332,3.157482695073618,25.0,16.0,20.208333333333332,3.5871651234905513,29.0,16.0,30.6,29.2,29.6,86.0,93.0,90.0,0.66,2.0,2.0,1001.0,1001.0,1002.0,2606.2,83.0,31.4,0.0,0.7999644460246211,9.749025097490252,5.099490050994901,26.061999999999998,30.9,0.031337294074556814,985.9599999999999,6889,1.0,1004004,229.0,38.166666666666664,2.0,-2.0,0.7999999999999972
74,100.4,9.7,72.3,28.8,35.3,83,0.0,1002,80,32.1,1.4,1.33,2023,6,30,8,4,181,26,0.8660254037844387,-0.4999999999999998,1.2246467991473532e-16,-1.0,-0.433883739117558,-0.9009688679024191,2,0,0,18.0,16.0,16.0,18.0,23.0,16.0,19.0,3.6055512754656496,23.0,16.0,18.166666666666668,2.8577380332449005,23.0,16.0,18.833333333333332,3.157482695073618,25.0,16.0,20.5,3.513947365421854,29.0,16.0,31.4,29.9,29.5,83.0,90.0,91.0,1.0,0.33,1.33,1002.0,1001.0,1002.0,2568.0,106.4,42.693000000000005,0.0,0.7985833825214401,10.34944851046284,7.4528399134109895,25.68,31.435000000000002,0.03203589617176031,1030.41,6400,1.7689000000000001,1004004,269.5,44.916666666666664,5.0,7.0,0.7000000000000028
76,103.3,9.3,93.7,30.0,40.7,85,0.0,1002,77,32.8,2.0,1.66,2023,6,30,9,4,181,26,0.7071067811865476,-0.7071067811865475,1.2246467991473532e-16,-1.0,-0.433883739117558,-0.9009688679024191,2,0,0,23.0,18.0,16.0,16.0,23.0,21.0,21.666666666666668,3.2145502536660686,24.0,18.0,19.5,3.4496376621303284,24.0,16.0,18.916666666666668,3.2879486097867234,25.0,16.0,20.625,3.585144469831574,29.0,16.0,32.1,30.6,29.3,80.0,86.0,92.0,1.33,0.66,0.66,1002.0,1001.0,1001.0,2525.6,127.82,54.44799999999999,0.0,0.7999733342221925,11.106332652402967,10.07418557144393,25.256,31.97,0.0327344982689638,1075.84,5929,2.7556,1004004,301.0,50.166666666666664,1.0,8.0,0.6999999999999957
69,106.2,9.0,115.0,26.3,46.0,87,0.0,1002,74,33.5,2.8,2.0,2023,6,30,10,4,181,26,0.49999999999999994,-0.8660254037844387,1.2246467991473532e-16,-1.0,-0.433883739117558,-0.9009688679024191,2,0,0,24.0,23.0,18.0,20.0,17.0,22.0,22.666666666666668,1.527525231655542,24.0,21.0,19.666666666666668,3.5023801430819437,24.0,16.0,19.25,3.2787192621498376,25.0,16.0,20.583333333333332,3.574263884891443,29.0,16.0,32.8,31.4,29.2,77.0,83.0,93.0,1.66,1.0,2.0,1002.0,1002.0,1001.0,2479.0,148.0,67.0,0.0,0.79844872818524,11.798689034551717,12.776358182424175,24.79,32.5,0.0334331003661673,1122.25,5476,4.0,1004004,323.5,53.916666666666664,-3.0,3.0,0.7000000000000028
69,104.1,8.0,124.0,26.3,43.7,83,0.0,1001,69,34.1,3.6,2.33,2023,6,30,11,4,181,26,0.258819045102521,-0.9659258262890682,1.2246467991473532e-16,-1.0,-0.433883739117558,-0.9009688679024191,2,0,0,21.0,24.0,23.0,16.0,17.0,24.0,22.0,1.7320508075721,24.0,21.0,20.5,3.016620625797711,24.0,16.0,19.583333333333332,3.232177237863367,25.0,16.0,20.458333333333332,3.501293756743805,29.0,16.0,33.5,32.1,29.9,74.0,80.0,90.0,2.0,1.33,0.33,1002.0,1002.0,1001.0,2352.9,160.77,79.453,0.0,0.79844872818524,13.0108736407949,15.49806274215723,23.529,32.935,0.0340659000340659,1162.8100000000002,4761,5.4289000000000005,1002001,327.09999999999997,54.51666666666666,0.0,-2.0,0.6000000000000014
80,101.9,7.0,133.0,32.5,41.3,79,0.0,1001,64,34.6,4.0,2.66,2023,6,30,12,4,181,26,1.2246467991473532e-16,-1.0,1.2246467991473532e-16,-1.0,-0.433883739117558,-0.9009688679024191,2,1,0,21.0,21.0,24.0,16.0,17.0,29.0,22.666666666666668,2.8867513459500307,26.0,21.0,22.166666666666668,2.786873995475061,26.0,18.0,20.333333333333332,3.6013465495130164,26.0,16.0,20.333333333333332,3.225801776527487,26.0,16.0,34.1,32.8,30.6,69.0,77.0,86.0,2.33,1.66,0.66,1001.0,1002.0,1001.0,2214.4,170.24,92.03600000000002,0.0,0.7999753853727578,14.555063562348236,18.99728610198543,22.144000000000002,33.27,0.0345654000345654,1197.16,4096,7.0756000000000006,1002001,341.7,56.949999999999996,5.0,2.0,0.5
78,99.8,6.0,142.0,30.0,39.0,75,0.0,1000,60,35.2,3.6,3.0,2023,6,30,13,4,181,26,-0.2588190451025208,-0.9659258262890683,1.2246467991473532e-16,-1.0,-0.433883739117558,-0.9009688679024191,2,1,0,26.0,21.0,21.0,18.0,25.0,24.0,23.666666666666668,2.516611478425711,26.0,21.0,23.166666666666668,1.9407902170650249,26.0,21.0,20.25,3.493500458642849,26.0,16.0,20.333333333333332,3.225801776527487,26.0,16.0,34.6,33.5,31.4,64.0,74.0,83.0,2.66,2.0,1.0,1001.0,1002.0,1002.0,2112.0,180.0,105.60000000000001,0.0,0.7999733342221925,16.630561573071155,23.66272287952008,21.12,33.7,0.035199964800035205,1239.0400000000002,3600,9.0,1000000,340.8,56.800000000000004,-2.0,3.0,0.6000000000000014
76,100.6,7.0,135.0,30.0,38.7,75,0.0,999,56,35.9,2.8,2.66,2023,6,30,14,4,181,26,-0.4999999999999997,-0.8660254037844388,1.2246467991473532e-16,-1.0,-0.433883739117558,-0.9009688679024191,2,1,0,24.0,26.0,21.0,23.0,18.0,16.0,24.666666666666668,1.1547005383837725,26.0,24.0,23.333333333333332,1.966384160497469,26.0,21.0,20.75,3.5707142142703496,26.0,16.0,20.666666666666668,3.1714304366470767,26.0,16.0,35.2,34.1,32.1,60.0,69.0,80.0,3.0,2.33,1.33,1000.0,1001.0,1002.0,2010.3999999999999,148.96,95.494,0.0,0.7999733342221925,14.369375803456647,19.282959577203254,20.104,34.57,0.0359358999640641,1288.81,3136,7.0756000000000006,998001,335.3,55.88333333333333,0.0,3.0,0.6999999999999957
72,101.4,8.0,128.0,27.5,38.3,75,0.0,999,53,36.5,2.1,2.33,2023,6,30,15,4,181,26,-0.7071067811865471,-0.7071067811865479,1.2246467991473532e-16,-1.0,-0.433883739117558,-0.9009688679024191,2,1,0,24.0,24.0,26.0,24.0,16.0,22.0,23.333333333333332,1.1547005383839288,24.0,22.0,23.0,1.9999999999971525,26.0,21.0,21.25,3.250874008351311,26.0,16.0,20.666666666666668,3.1714304366470767,26.0,16.0,35.9,34.6,32.8,56.0,64.0,77.0,2.66,2.66,1.66,999.0,1001.0,1002.0,1934.5,123.49000000000001,85.045,0.0,0.7999709101487218,12.673415823022124,15.998000249968754,19.345,35.335,0.036536499963463503,1332.25,2809,5.4289000000000005,998001,325.2,54.199999999999996,-2.0,-4.0,0.6000000000000014
74,102.1,9.0,121.0,28.8,38.0,75,0.0,998,50,37.2,1.3,2.0,2023,6,30,16,4,181,26,-0.8660254037844385,-0.5000000000000004,1.2246467991473532e-16,-1.0,-0.433883739117558,-0.9009688679024191,2,1,0,22.0,24.0,24.0,21.0,20.0,21.0,23.0,1.0000000000054463,24.0,22.0,23.333333333333332,1.7511900715385913,26.0,21.0,21.5,3.261343839026472,26.0,16.0,20.75,3.2066506974803026,26.0,16.0,36.5,35.2,33.5,53.0,60.0,74.0,2.33,3.0,2.0,999.0,1000.0,1002.0,1860.0000000000002,100.0,74.4,0.0,0.7985833825214401,11.343184090656594,13.442950783246307,18.6,36.2,0.03727451174898623,1383.8400000000001,2500,4.0,996004,321.9,53.65,1.0,-1.0,0.7000000000000028
78,379.0,16.1,117.7,31.3,35.1,70,0.0,998,55,36.2,0.8,2.0,2023,6,30,17,4,181,26,-0.9659258262890683,-0.25881904510252063,1.2246467991473532e-16,-1.0,-0.433883739117558,-0.9009688679024191,2,1,0,23.0,22.0,24.0,21.0,16.0,20.0,23.333333333333332,1.527525231655482,25.0,22.0,24.0,1.4142135623691325,26.0,22.0,22.25,2.8959218974889325,26.0,16.0,20.958333333333332,3.316351671007751,26.0,16.0,37.2,35.9,34.1,50.0,56.0,69.0,2.0,2.66,2.33,998.0,999.0,1001.0,1991.0000000000002,110.0,72.4,0.0,0.7986965272674994,23.538910626669146,7.310104962424693,19.910000000000004,35.2,0.036272508744981224,1310.4400000000003,3025,4.0,996004,604.2,100.7,2.0,1.0,-1.0
78,655.9,23.3,114.4,31.3,32.3,66,0.0,998,61,35.2,0.8,2.0,2023,6,30,18,4,181,26,-1.0,-1.8369701987210297e-16,1.2246467991473532e-16,-1.0,-0.433883739117558,-0.9009688679024191,2,2,0,25.0,23.0,22.0,26.0,16.0,20.0,24.333333333333332,1.1547005383838105,25.0,23.0,23.833333333333332,1.1690451944452054,25.0,22.0,23.0,2.2156468376262364,26.0,18.0,21.166666666666668,3.4092797488319975,26.0,16.0,36.2,36.5,34.6,55.0,53.0,64.0,2.0,2.33,2.66,998.0,999.0,1001.0,2147.2000000000003,122.0,70.4,0.0,0.7986965272674994,28.149006480408563,4.9096605295910045,21.472,34.2,0.03527050574097622,1239.0400000000002,3721,4.0,996004,882.1999999999998,147.0333333333333,0.0,3.0,-1.0
89,932.8,30.4,111.2,37.5,29.4,62,0.0,998,67,34.2,0.0,2.0,2023,6,30,19,4,181,26,-0.9659258262890684,0.2588190451025203,1.2246467991473532e-16,-1.0,-0.433883739117558,-0.9009688679024191,2,2,0,25.0,25.0,23.0,24.0,18.0,24.0,26.666666666666668,2.886751345949843,30.0,25.0,24.833333333333332,2.7868739954751485,30.0,22.0,24.0,2.449489742781585,30.0,21.0,21.416666666666668,3.821184276551088,30.0,16.0,35.2,37.2,35.2,61.0,50.0,60.0,2.0,2.0,3.0,998.0,998.0,1000.0,2291.4,134.0,68.4,0.0,0.7999786672355405,30.683201210486494,3.657774415315286,22.914,33.2,0.03426850273697121,1169.64,4489,4.0,996004,1171.3,195.21666666666667,5.0,7.0,-1.0
134,924.9,31.3,88.7,60.0,28.2,70,0.0,999,70,33.3,0.0,2.0,2023,6,30,20,4,181,26,-0.8660254037844386,0.5000000000000001,1.2246467991473532e-16,-1.0,-0.433883739117558,-0.9009688679024191,2,2,0,30.0,25.0,25.0,24.0,23.0,23.0,34.333333333333336,12.096831541083027,48.0,25.0,28.833333333333332,9.786044485217529,48.0,22.0,26.083333333333332,7.316958301635379,48.0,21.0,22.458333333333332,6.639664519200913,48.0,16.0,34.2,36.2,35.9,67.0,55.0,56.0,2.0,2.0,2.66,998.0,998.0,999.0,2331.0,140.0,66.6,0.0,0.7999866668888852,29.548576722788408,2.833775278745088,23.31,32.3,0.033333299966666695,1108.8899999999999,4900,4.0,998001,1181.1,196.85,18.0,23.0,-0.9000000000000057
98,917.0,32.2,66.3,42.5,27.0,79,0.0,1000,74,32.5,0.0,2.0,2023,6,30,21,4,181,26,-0.7071067811865477,0.7071067811865474,1.2246467991473532e-16,-1.0,-0.433883739117558,-0.9009688679024191,2,2,0,48.0,30.0,25.0,22.0,24.0,23.0,37.333333333333336,9.45163125250559,48.0,30.0,30.833333333333332,9.325592027676139,48.0,23.0,26.916666666666668,7.621242243448597,48.0,21.0,22.916666666666668,7.045915663434475,48.0,16.0,33.3,35.2,36.5,70.0,61.0,53.0,2.0,2.0,2.33,999.0,998.0,999.0,2405.0,148.0,65.0,0.0,0.7999811769134845,28.477376478991335,2.058942268873637,24.05,31.5,0.0324999675000325,1056.25,5476,4.0,1000000,1119.0,186.5,-14.0,9.0,-0.7999999999999972
85,909.1,33.0,43.9,35.0,25.8,87,0.0,1001,77,31.6,0.0,2.0,2023,6,30,22,4,181,26,-0.5000000000000004,0.8660254037844384,1.2246467991473532e-16,-1.0,-0.433883739117558,-0.9009688679024191,2,3,0,34.0,48.0,30.0,23.0,21.0,17.0,36.666666666666664,10.26320287889412,48.0,28.0,31.666666666666668,8.687155268939133,48.0,25.0,27.5,7.391641471037111,48.0,21.0,23.375,7.001940724759315,48.0,16.0,32.5,34.2,37.2,74.0,67.0,50.0,2.0,2.0,2.0,1000.0,998.0,998.0,2433.2000000000003,154.0,63.2,0.0,0.7999771435101855,27.547650071209965,1.3302627193115362,24.332000000000004,30.6,0.031568400031568404,998.5600000000001,5929,4.0,1002001,1074.8,179.13333333333333,-6.0,-2.0,-0.8999999999999986
69,844.8,30.9,36.0,26.3,23.1,83,0.0,1001,80,31.2,0.0,2.0,2023,6,30,23,4,181,26,-0.25881904510252157,0.9659258262890681,1.2246467991473532e-16,-1.0,-0.433883739117558,-0.9009688679024191,2,3,0,28.0,34.0,48.0,25.0,21.0,17.0,27.666666666666668,6.506407098648438,34.0,21.0,31.0,9.423375191511274,48.0,21.0,27.5,7.391641471037111,48.0,21.0,23.541666666666668,6.890315615076126,48.0,16.0,31.6,33.3,36.2,77.0,70.0,55.0,2.0,2.0,2.0,1001.0,999.0,998.0,2496.0,160.0,62.4,0.0,0.79844872818524,27.338921070515514,1.1650108410731044,24.96,30.2,0.0311688000311688,973.4399999999999,6400,4.0,1002001,982.0999999999999,163.6833333333333,-7.0,-27.0,-0.40000000000000213
67,780.6,28.8,28.1,25.0,20.3,79,0.0,1001,84,30.9,0.0,2.0,2023,7,1,0,5,182,26,0.0,1.0,-0.4999999999999997,-0.8660254037844388,-0.9749279121818236,-0.2225209339563146,2,3,1,21.0,28.0,34.0,25.0,26.0,17.0,23.0,4.358898943541891,28.0,20.0,30.166666666666668,10.245324136729723,48.0,20.0,27.0,7.698878312632258,48.0,20.0,23.666666666666668,6.793005780671138,48.0,16.0,31.2,32.5,35.2,80.0,74.0,61.0,2.0,2.0,2.0,1001.0,1000.0,998.0,2595.6,168.0,61.8,0.0,0.7999680012799487,27.103225582445052,0.9756605673414117,25.956,29.9,0.0308691000308691,954.81,7056,4.0,1002001,902.8,150.46666666666667,-1.0,-14.0,-0.3000000000000007
67,716.3,26.6,20.3,25.0,17.5,75,0.5,1001,87,30.5,0.0,2.0,2023,7,1,1,5,182,26,0.25881904510252074,0.9659258262890683,-0.4999999999999997,-0.8660254037844388,-0.9749279121818236,-0.2225209339563146,2,3,1,20.0,21.0,28.0,30.0,24.0,25.0,20.333333333333332,0.5773502691993739,21.0,20.0,28.5,11.058933040758934,48.0,20.0,26.666666666666668,7.923880286063821,48.0,20.0,23.458333333333332,6.826923469467823,48.0,16.0,30.9,31.6,34.2,84.0,77.0,67.0,2.0,2.0,2.0,1001.0,1001.0,998.0,2653.5,174.0,61.0,37.5,0.7999680012799487,26.927559114319006,0.7631292056689598,26.535,29.5,0.030469500030469502,930.25,7569,4.0,1002001,825.6999999999999,137.61666666666665,0.0,-8.0,-0.3999999999999986
67,742.0,25.4,15.6,25.0,15.2,75,0.5,1000,88,30.3,0.0,1.66,2023,7,1,2,5,182,26,0.49999999999999994,0.8660254037844387,-0.4999999999999997,-0.8660254037844388,-0.9749279121818236,-0.2225209339563146,2,3,1,20.0,20.0,21.0,48.0,24.0,18.0,20.0,0.0,20.0,20.0,23.833333333333332,5.879342366851535,34.0,20.0,26.333333333333332,8.127767593909052,48.0,20.0,23.541666666666668,6.769362995313402,48.0,16.0,30.5,31.2,33.3,87.0,80.0,70.0,2.0,2.0,2.0,1001.0,1001.0,999.0,2666.4,146.07999999999998,50.298,37.5,0.7999680012799487,29.21144836817448,0.6141490492500296,26.664,29.470000000000002,0.0302999697000303,918.09,7744,2.7556,1000000,843.2,140.53333333333333,0.0,-1.0,-0.1999999999999993
52,767.7,24.2,11.0,16.3,12.9,75,0.0,1000,89,30.2,0.0,1.33,2023,7,1,3,5,182,26,0.7071067811865476,0.7071067811865476,-0.4999999999999997,-0.8660254037844388,-0.9749279121818236,-0.2225209339563146,2,3,1,20.0,20.0,20.0,34.0,22.0,16.0,17.666666666666668,4.041451884328852,20.0,13.0,20.333333333333332,4.760952285693978,28.0,13.0,25.583333333333332,8.938764744163885,48.0,13.0,23.416666666666668,6.9402209378856385,48.0,13.0,30.3,30.9,32.5,88.0,84.0,74.0,1.66,2.0,2.0,1000.0,1001.0,1000.0,2687.7999999999997,118.37,40.166000000000004,0.0,0.7974970860683392,31.721829676459652,0.4545266724515516,26.877999999999997,29.535,0.0301999698000302,912.04,7921,1.7689000000000001,1000000,845.1,140.85,-7.0,-7.0,-0.10000000000000142
52,793.3,23.0,6.3,16.3,10.6,75,2.0,1000,91,30.0,0.0,1.0,2023,7,1,4,5,182,26,0.8660254037844386,0.5000000000000001,-0.4999999999999997,-0.8660254037844388,-0.9749279121818236,-0.2225209339563146,2,3,1,13.0,20.0,20.0,28.0,23.0,20.0,15.333333333333334,4.0414518843289216,20.0,13.0,17.833333333333332,3.7638632635437514,21.0,13.0,24.75,9.640115050237227,48.0,13.0,23.125,7.231047190985571,48.0,13.0,30.2,30.5,31.6,89.0,87.0,77.0,1.33,2.0,2.0,1000.0,1001.0,1001.0,2730.0,91.0,30.0,150.0,0.7974970860683392,34.489804791096034,0.27390113473327243,27.3,29.5,0.02999997000003,900.0,8281,1.0,1000000,862.4999999999999,143.74999999999997,0.0,-7.0,-0.1999999999999993
63,846.0,22.3,6.1,22.5,11.9,70,0.5,1000,90,30.2,0.0,1.0,2023,7,1,5,5,182,26,0.9659258262890683,0.25881904510252074,-0.4999999999999997,-0.8660254037844388,-0.9749279121818236,-0.2225209339563146,2,3,1,13.0,13.0,20.0,21.0,25.0,16.0,14.666666666666666,2.886751345950314,18.0,13.0,17.333333333333332,3.444802848735196,20.0,13.0,24.166666666666668,9.833461735165386,48.0,13.0,23.208333333333332,7.156506110536369,48.0,13.0,30.0,30.3,31.2,91.0,88.0,80.0,1.0,1.66,2.0,1000.0,1000.0,1001.0,2718.0,90.0,30.2,35.0,0.7999644460246211,37.93551858661046,0.2735303349625577,27.18,29.7,0.0301999698000302,912.04,8100,1.0,1000000,926.8,154.46666666666667,5.0,-2.0,0.1999999999999993
93,898.7,21.6,5.9,40.0,13.1,66,0.0,1001,89,30.3,0.7,1.0,2023,7,1,6,5,182,26,1.0,6.123233995736766e-17,-0.4999999999999997,-0.8660254037844388,-0.9749279121818236,-0.2225209339563146,2,0,1,18.0,13.0,13.0,20.0,25.0,16.0,21.0,9.848857801796667,32.0,13.0,19.333333333333332,6.976149845484579,32.0,13.0,24.75,10.091625691180843,48.0,13.0,23.875,7.2009208348352844,48.0,13.0,30.2,30.2,30.9,90.0,89.0,84.0,1.0,1.33,2.0,1000.0,1000.0,1001.0,2696.7000000000003,89.0,30.3,0.0,0.7999800004999875,41.604555344659964,0.27313550298597283,26.967000000000002,29.8,0.0302697000302697,918.09,7921,1.0,1002001,1011.3000000000001,168.55,14.0,19.0,0.10000000000000142
87,951.4,20.8,5.7,36.3,14.4,62,0.0,1001,89,30.5,0.8,1.0,2023,7,1,7,5,182,26,0.9659258262890683,-0.25881904510252063,-0.4999999999999997,-0.8660254037844388,-0.9749279121818236,-0.2225209339563146,2,0,1,32.0,18.0,13.0,20.0,30.0,18.0,26.333333333333332,7.371114795832657,32.0,18.0,20.833333333333332,8.035338615556585,32.0,13.0,24.666666666666668,10.048367875913437,48.0,13.0,24.333333333333332,7.160681693724446,48.0,13.0,30.3,30.0,30.5,89.0,91.0,87.0,1.0,1.0,2.0,1001.0,1000.0,1001.0,2714.5,89.0,30.5,0.0,0.798876064020275,45.738185664150755,0.2740252872458055,27.145,30.0,0.030469500030469502,930.25,7921,1.0,1002001,1057.6,176.26666666666665,-3.0,16.0,0.1999999999999993
76,930.6,23.0,27.8,30.0,17.6,66,0.0,1002,83,31.6,1.3,1.0,2023,7,1,8,5,182,26,0.8660254037844387,-0.4999999999999998,-0.4999999999999997,-0.8660254037844388,-0.9749279121818236,-0.2225209339563146,2,0,1,29.0,32.0,18.0,20.0,48.0,23.0,28.333333333333332,4.041451884328532,32.0,24.0,21.5,8.11788149704024,32.0,13.0,22.666666666666668,6.86669608702084,34.0,13.0,24.375,7.155493480992179,48.0,13.0,30.5,30.2,30.3,89.0,90.0,88.0,1.0,1.0,1.66,1001.0,1000.0,1000.0,2622.8,83.0,31.6,0.0,0.7999733342221925,40.45911047345768,1.2086431024738054,26.228,31.1,0.031536894673757816,998.5600000000001,6889,1.0,1004004,1053.0,175.5,-5.0,6.0,1.1000000000000014
85,909.8,25.1,50.0,35.0,20.7,70,0.0,1002,78,32.6,2.0,1.0,2023,7,1,9,5,182,26,0.7071067811865476,-0.7071067811865475,-0.4999999999999997,-0.8660254037844388,-0.9749279121818236,-0.2225209339563146,2,0,1,24.0,29.0,32.0,13.0,34.0,24.0,27.0,2.6457513110664097,29.0,24.0,24.0,7.238784428340768,32.0,13.0,22.166666666666668,6.147184622888022,32.0,13.0,24.541666666666668,7.1928658294576575,48.0,13.0,31.6,30.3,30.2,83.0,89.0,89.0,1.0,1.0,1.33,1002.0,1001.0,1000.0,2542.8,78.0,32.6,0.0,0.7999771435101855,36.245567905661126,1.9919525118521173,25.428,32.1,0.03253489766976281,1062.76,6084,1.0,1004004,1068.6000000000001,178.10000000000002,4.0,-4.0,1.0
85,888.9,27.3,72.1,35.0,23.9,75,0.0,1002,73,33.7,2.9,1.0,2023,7,1,10,5,182,26,0.49999999999999994,-0.8660254037844387,-0.4999999999999997,-0.8660254037844388,-0.9749279121818236,-0.2225209339563146,2,0,1,28.0,24.0,29.0,13.0,28.0,21.0,26.666666666666668,2.309401076760605,28.0,24.0,26.5,4.8887626246310285,32.0,18.0,22.166666666666668,6.147184622888022,32.0,13.0,24.833333333333332,7.184927863646028,48.0,13.0,32.6,30.5,30.0,78.0,89.0,91.0,1.0,1.0,1.0,1002.0,1001.0,1000.0,2460.1000000000004,73.0,33.7,0.0,0.7999771435101855,32.55924691403245,2.6409289037031605,24.601000000000003,33.2,0.0336327009653683,1135.6900000000003,5329,1.0,1004004,1075.2,179.20000000000002,0.0,-1.0,1.1000000000000014
82,865.1,22.5,98.8,33.8,22.3,75,0.0,1002,66,34.6,3.8,1.0,2023,7,1,11,5,182,26,0.258819045102521,-0.9659258262890682,-0.4999999999999997,-0.8660254037844388,-0.9749279121818236,-0.2225209339563146,2,0,1,28.0,28.0,24.0,18.0,21.0,21.0,27.666666666666668,0.5773502691978261,28.0,27.0,28.0,2.607680962079057,32.0,24.0,22.666666666666668,6.286107819242657,32.0,13.0,25.083333333333332,7.150048140103474,48.0,13.0,33.7,31.6,30.2,73.0,83.0,90.0,1.0,1.0,1.0,1002.0,1002.0,1000.0,2283.6,66.0,34.6,0.0,0.7987929351202628,38.44718012532776,4.390915959290698,22.836,34.1,0.0345309036617728,1197.16,4356,1.0,1004004,1069.4999999999998,178.24999999999997,-1.0,3.0,0.8999999999999986
85,841.3,17.8,125.5,35.0,20.8,75,0.0,1001,59,35.6,4.1,1.0,2023,7,1,12,5,182,26,1.2246467991473532e-16,-1.0,-0.4999999999999997,-0.8660254037844388,-0.9749279121818236,-0.2225209339563146,2,1,1,27.0,28.0,28.0,32.0,20.0,26.0,27.666666666666668,0.5773502691978261,28.0,27.0,27.333333333333332,1.7511900715388078,29.0,24.0,23.333333333333332,6.40075753092469,32.0,13.0,25.166666666666668,7.172815023567728,48.0,13.0,34.6,32.6,30.3,66.0,78.0,89.0,1.0,1.0,1.0,1002.0,1002.0,1001.0,2100.4,59.0,35.6,0.0,0.7999771435101855,47.26138980956125,7.050165721026908,21.004,35.1,0.0355644000355644,1267.3600000000001,3481,1.0,1002001,1068.3999999999999,178.06666666666663,1.0,0.0,1.0
90,817.5,13.0,152.2,37.5,19.2,75,0.0,1001,54,36.5,3.8,1.0,2023,7,1,13,5,182,26,-0.2588190451025208,-0.9659258262890683,-0.4999999999999997,-0.8660254037844388,-0.9749279121818236,-0.2225209339563146,2,1,1,28.0,27.0,28.0,29.0,20.0,24.0,28.333333333333332,1.5275252316549932,30.0,27.0,27.5,1.974841765810481,30.0,24.0,24.166666666666668,6.575897219575165,32.0,13.0,25.416666666666668,7.234678963861843,48.0,13.0,35.6,33.7,30.5,59.0,73.0,89.0,1.0,1.0,1.0,1001.0,1002.0,1001.0,1971.0,54.0,36.5,0.0,0.7999786672355405,62.87977847857857,11.706791785247288,19.71,36.0,0.0364635000364635,1332.25,2916,1.0,1002001,1069.4,178.23333333333335,2.0,2.0,0.8999999999999986
93,796.6,12.7,154.7,38.8,18.6,75,0.0,1000,53,36.6,2.9,1.0,2023,7,1,14,5,182,26,-0.4999999999999997,-0.8660254037844388,-0.4999999999999997,-0.8660254037844388,-0.9749279121818236,-0.2225209339563146,2,1,1,30.0,28.0,27.0,24.0,20.0,24.0,29.666666666666668,1.5275252316548882,31.0,28.0,28.666666666666668,1.5055453054147334,31.0,27.0,25.083333333333332,6.707639245100795,32.0,13.0,25.708333333333332,7.315731510671514,48.0,13.0,36.5,34.6,31.6,54.0,66.0,83.0,1.0,1.0,1.0,1001.0,1002.0,1002.0,1939.8000000000002,53.0,36.6,0.0,0.7989484807092602,62.719470907802545,12.18014329580348,19.398000000000003,36.1,0.0365999634000366,1339.5600000000002,2809,1.0,1000000,1052.3999999999999,175.39999999999998,1.0,4.0,0.10000000000000142
97,775.7,12.3,157.2,27.5,18.1,75,0.0,999,52,36.6,2.1,1.0,2023,7,1,15,5,182,26,-0.7071067811865471,-0.7071067811865479,-0.4999999999999997,-0.8660254037844388,-0.9749279121818236,-0.2225209339563146,2,1,1,31.0,30.0,28.0,28.0,13.0,22.0,27.666666666666668,4.932882862317207,31.0,22.0,27.666666666666668,3.1411250638355934,31.0,22.0,25.833333333333332,5.654175180314905,32.0,13.0,25.708333333333332,7.315731510671514,48.0,13.0,36.6,35.6,32.6,53.0,59.0,78.0,1.0,1.0,1.0,1000.0,1001.0,1002.0,1903.2,52.0,36.6,0.0,0.7999709101487218,63.059913828144055,12.779448825298756,19.032,36.1,0.0366365999633634,1339.5600000000002,2704,1.0,998001,1012.8000000000001,168.8,-9.0,-6.0,0.0
100,754.8,12.0,159.7,37.5,17.5,75,0.0,999,51,36.7,1.5,1.0,2023,7,1,16,5,182,26,-0.8660254037844385,-0.5000000000000004,-0.4999999999999997,-0.8660254037844388,-0.9749279121818236,-0.2225209339563146,2,1,1,22.0,31.0,30.0,28.0,13.0,23.0,27.666666666666668,4.932882862317207,31.0,22.0,28.0,3.286335345029407,31.0,22.0,27.25,4.048007366143954,32.0,18.0,26.0,7.342550202638127,48.0,13.0,36.6,36.5,33.7,52.0,54.0,73.0,1.0,1.0,1.0,999.0,1001.0,1002.0,1871.7,51.0,36.7,0.0,0.7999786672355405,62.89475877010249,13.307224397966836,18.717,36.2,0.03673669996326331,1346.89,2601,1.0,998001,1011.5,168.58333333333334,8.0,0.0,0.10000000000000142
121,539.4,11.7,136.8,53.8,25.7,70,1.0,999,58,35.5,0.9,1.33,2023,7,1,17,5,182,26,-0.9659258262890683,-0.25881904510252063,-0.4999999999999997,-0.8660254037844388,-0.9749279121818236,-0.2225209339563146,2,1,1,30.0,22.0,31.0,27.0,18.0,25.0,31.666666666666668,10.598742063723499,43.0,22.0,30.666666666666668,6.860515043832838,43.0,22.0,29.333333333333332,5.140451577851352,43.0,22.0,26.75,8.114667342963424,48.0,13.0,36.7,36.6,34.6,51.0,53.0,66.0,1.0,1.0,1.0,999.0,1000.0,1002.0,2059.0,77.14,47.215,70.0,0.7992416497834613,46.098624049226565,11.691308435176483,20.59,34.835,0.0355354999644645,1260.25,3364,1.7689000000000001,998001,810.4000000000001,135.0666666666667,13.0,12.0,-1.2000000000000028
121,324.0,11.3,113.9,53.8,33.8,66,0.0,999,65,34.4,0.8,1.66,2023,7,1,18,5,182,26,-1.0,-1.8369701987210297e-16,-0.4999999999999997,-0.8660254037844388,-0.9749279121818236,-0.2225209339563146,2,2,1,43.0,30.0,22.0,28.0,32.0,25.0,38.666666666666664,7.505553499465589,43.0,30.0,33.166666666666664,8.280499179799316,43.0,22.0,30.25,6.468454923001404,43.0,22.0,27.5,8.752639353485021,48.0,13.0,35.5,36.6,35.6,58.0,52.0,59.0,1.33,1.0,1.0,999.0,999.0,1001.0,2236.0,107.89999999999999,57.10399999999999,0.0,0.7992416497834613,28.670029200955668,10.078754092558182,22.36,33.57,0.0344343999655656,1183.36,4225,2.7556,998001,579.8,96.63333333333333,0.0,21.0,-1.1000000000000014
107,108.5,11.0,91.0,47.5,42.0,62,0.0,999,72,33.2,0.0,2.0,2023,7,1,19,5,182,26,-0.9659258262890684,0.2588190451025203,-0.4999999999999997,-0.8660254037844388,-0.9749279121818236,-0.2225209339563146,2,2,1,43.0,43.0,30.0,30.0,29.0,30.0,41.333333333333336,2.8867513459491945,43.0,38.0,34.5,8.312640976247604,43.0,22.0,31.0,6.822422923378947,43.0,22.0,27.833333333333332,9.000805116967264,48.0,13.0,34.4,36.7,36.5,65.0,51.0,54.0,1.66,1.0,1.0,999.0,999.0,1001.0,2390.4,144.0,66.4,0.0,0.7999831582493001,9.862739750931734,8.271975274975002,23.904,32.2,0.033233199966766803,1102.2400000000002,5184,4.0,998001,338.0,56.333333333333336,-5.0,8.0,-1.1999999999999957
107,105.4,10.3,83.7,47.5,37.3,58,0.0,1000,74,32.6,0.0,2.33,2023,7,1,20,5,182,26,-0.8660254037844386,0.5000000000000001,-0.4999999999999997,-0.8660254037844388,-0.9749279121818236,-0.2225209339563146,2,2,1,38.0,43.0,43.0,31.0,24.0,48.0,39.666666666666664,2.886751345949268,43.0,38.0,35.666666666666664,8.213809510005547,43.0,22.0,32.166666666666664,6.712719721588115,43.0,22.0,27.416666666666668,8.224653642326384,43.0,13.0,33.2,35.5,36.6,72.0,58.0,53.0,2.0,1.33,1.0,999.0,999.0,1000.0,2412.4,172.42000000000002,75.95800000000001,0.0,0.7999831582493001,10.232016309096204,8.125424716046986,24.124000000000002,31.435000000000002,0.032599967400032605,1062.76,5476,5.4289000000000005,1000000,322.2,53.699999999999996,0.0,-5.0,-0.6000000000000014
123,102.3,9.7,76.3,55.0,32.7,54,0.0,1001,75,32.1,0.0,2.66,2023,7,1,21,5,182,26,-0.7071067811865477,0.7071067811865474,-0.4999999999999997,-0.8660254037844388,-0.9749279121818236,-0.2225209339563146,2,2,1,38.0,38.0,43.0,22.0,28.0,34.0,40.0,3.464101615138691,44.0,38.0,39.333333333333336,5.278888771953634,44.0,30.0,33.5,7.367002597577878,44.0,22.0,27.833333333333332,8.80546602310513,44.0,13.0,32.6,34.4,36.6,74.0,65.0,52.0,2.33,1.66,1.0,1000.0,999.0,999.0,2407.5,199.5,85.38600000000001,0.0,0.7999854548099126,10.545304607772396,7.865168539325843,24.075,30.770000000000003,0.0320679000320679,1030.41,5625,7.0756000000000006,1002001,320.0,53.333333333333336,6.0,1.0,-0.5
76,99.2,9.0,69.0,30.0,28.0,50,0.0,1002,76,31.5,0.0,3.0,2023,7,1,22,5,182,26,-0.5000000000000004,0.8660254037844384,-0.4999999999999997,-0.8660254037844388,-0.9749279121818236,-0.2225209339563146,2,3,1,44.0,38.0,38.0,30.0,28.0,28.0,35.333333333333336,10.263202878894145,44.0,24.0,38.333333333333336,7.501111028818196,44.0,24.0,33.166666666666664,7.720496137299245,44.0,22.0,27.666666666666668,8.839961964637219,44.0,13.0,32.1,33.2,36.7,75.0,72.0,51.0,2.66,2.0,1.0,1001.0,999.0,999.0,2394.0,228.0,94.5,0.0,0.7999733342221925,11.020997666925899,7.665814909454506,23.94,30.0,0.031437094374157315,992.25,5776,9.0,1004004,259.2,43.199999999999996,-20.0,-14.0,-0.6000000000000014
76,88.7,8.0,67.0,30.0,24.7,45,0.0,1002,78,31.2,0.0,2.33,2023,7,1,23,5,182,26,-0.25881904510252157,0.9659258262890681,-0.4999999999999997,-0.8660254037844388,-0.9749279121818236,-0.2225209339563146,2,3,1,24.0,44.0,38.0,43.0,27.0,21.0,30.666666666666668,11.5470053837929,44.0,24.0,35.166666666666664,8.998147957588687,44.0,24.0,32.916666666666664,7.982461836406669,44.0,22.0,27.791666666666668,8.762465241097972,44.0,13.0,31.5,32.6,35.5,76.0,74.0,58.0,3.0,2.33,1.33,1002.0,1000.0,999.0,2433.6,181.74,72.696,0.0,0.7999733342221925,11.086114235720537,8.37395325584302,24.336,30.035,0.031137693475355815,973.4399999999999,6084,5.4289000000000005,1004004,242.39999999999998,40.4,0.0,-14.0,-0.3000000000000007
63,78.2,7.0,65.0,22.5,21.3,41,0.0,1002,80,30.8,0.0,1.66,2023,7,2,0,6,183,26,0.0,1.0,-0.4999999999999997,-0.8660254037844388,-0.7818314824680299,0.6234898018587334,2,3,1,24.0,24.0,44.0,43.0,28.0,20.0,22.0,3.464101615139363,24.0,18.0,31.0,10.334408546210573,44.0,18.0,32.083333333333336,8.999579114737323,44.0,18.0,27.708333333333332,8.848872031614249,44.0,13.0,31.2,32.1,34.4,78.0,75.0,65.0,2.33,2.66,1.66,1002.0,1001.0,999.0,2464.0,132.79999999999998,51.128,0.0,0.7999644460246211,11.169832881016998,9.284387944579345,24.64,29.970000000000002,0.030738492276953817,948.6400000000001,6400,2.7556,1004004,212.0,35.333333333333336,-6.0,-26.0,-0.3999999999999986
65,67.7,6.0,63.0,23.8,18.0,37,0.0,1002,83,30.5,0.0,1.0,2023,7,2,1,6,183,26,0.25881904510252074,0.9659258262890683,-0.4999999999999997,-0.8660254037844388,-0.7818314824680299,0.6234898018587334,2,3,1,18.0,24.0,24.0,38.0,30.0,20.0,20.333333333333332,3.2145502536661175,24.0,18.0,27.833333333333332,10.66614582061657,44.0,18.0,31.166666666666668,9.759222522435701,44.0,18.0,27.666666666666668,8.889009661015338,44.0,13.0,30.8,31.5,33.2,80.0,76.0,72.0,1.66,3.0,2.0,1002.0,1002.0,999.0,2531.5,83.0,30.5,0.0,0.7982857863114995,11.281453091151475,10.498250291618064,25.315,30.0,0.030439091378152316,930.25,6889,1.0,1004004,197.5,32.916666666666664,1.0,-5.0,-0.3000000000000007
61,71.2,6.7,58.3,21.3,22.3,33,0.0,1002,85,30.2,0.0,1.0,2023,7,2,2,6,183,26,0.49999999999999994,0.8660254037844387,-0.4999999999999997,-0.8660254037844388,-0.7818314824680299,0.6234898018587334,2,3,1,19.0,18.0,24.0,38.0,31.0,20.0,18.0,1.0000000000060796,19.0,17.0,24.333333333333332,10.092901796146428,44.0,17.0,30.0,10.583005244257985,44.0,17.0,27.541666666666668,9.021612536216791,44.0,13.0,30.5,31.2,32.6,83.0,78.0,74.0,1.0,2.33,2.33,1002.0,1002.0,1000.0,2567.0,85.0,30.2,0.0,0.7980845969672785,10.625279808983734,8.700194000895388,25.67,29.7,0.03013969047935082,912.04,7225,1.0,1004004,196.8,32.800000000000004,-2.0,-7.0,-0.3000000000000007
61,74.7,7.3,53.7,21.3,26.7,29,0.0,1001,88,30.0,0.0,1.0,2023,7,2,3,6,183,26,0.7071067811865476,0.7071067811865476,-0.4999999999999997,-0.8660254037844388,-0.7818314824680299,0.6234898018587334,2,3,1,17.0,19.0,18.0,44.0,22.0,13.0,17.666666666666668,1.1547005383845539,19.0,17.0,19.833333333333332,3.3115957885368603,24.0,17.0,29.583333333333332,11.016172684106428,44.0,17.0,27.708333333333332,8.774861161625177,44.0,13.0,30.2,30.8,32.1,85.0,80.0,75.0,1.0,1.66,2.66,1002.0,1002.0,1001.0,2640.0,88.0,30.0,0.0,0.7980845969672785,10.231475140391728,7.355156827831804,26.4,29.5,0.029970000029970002,900.0,7744,1.0,1002001,200.7,33.449999999999996,0.0,-1.0,-0.1999999999999993
95,78.2,8.0,49.0,41.3,31.0,25,0.0,1001,90,29.7,0.0,1.0,2023,7,2,4,6,183,26,0.8660254037844386,0.5000000000000001,-0.4999999999999997,-0.8660254037844388,-0.7818314824680299,0.6234898018587334,2,3,1,17.0,17.0,19.0,24.0,30.0,13.0,22.333333333333332,9.23760430703461,33.0,17.0,21.333333333333332,6.282250127673628,33.0,17.0,29.833333333333332,11.060440015357678,44.0,17.0,28.541666666666668,8.251372305716021,44.0,17.0,30.0,30.5,31.5,88.0,83.0,76.0,1.0,1.0,3.0,1001.0,1002.0,1002.0,2673.0,90.0,29.7,0.0,0.7990121304568898,9.773778277715287,6.124234470691164,26.73,29.2,0.0296703000296703,882.0899999999999,8100,1.0,1002001,240.5,40.083333333333336,16.0,14.0,-0.3000000000000007
78,88.1,8.3,53.7,31.3,35.0,41,0.0,1002,89,30.1,0.0,1.33,2023,7,2,5,6,183,26,0.9659258262890683,0.25881904510252074,-0.4999999999999997,-0.8660254037844388,-0.7818314824680299,0.6234898018587334,2,3,1,33.0,17.0,17.0,24.0,43.0,18.0,25.0,8.000000000000648,33.0,17.0,21.5,6.3796551630937435,33.0,17.0,28.333333333333332,10.307396579273366,44.0,17.0,28.833333333333332,7.981863499680849,44.0,17.0,29.7,30.2,31.2,90.0,85.0,78.0,1.0,1.0,2.33,1001.0,1002.0,1002.0,2678.9,118.37,40.033,0.0,0.7986965272674994,10.61317913504397,6.4691001084206725,26.789,29.435000000000002,0.030039890179750322,906.0100000000001,7921,1.7689000000000001,1004004,241.4,40.233333333333334,-8.0,8.0,0.40000000000000213
82,98.0,8.7,58.3,33.8,39.0,58,0.0,1002,88,30.6,0.6,1.66,2023,7,2,6,6,183,26,1.0,6.123233995736766e-17,-0.4999999999999997,-0.8660254037844388,-0.7818314824680299,0.6234898018587334,2,0,1,25.0,33.0,17.0,18.0,43.0,32.0,28.333333333333332,4.16333199893341,33.0,25.0,23.0,6.449806198637979,33.0,17.0,27.0,9.214612900663974,44.0,17.0,28.625,7.960841664045399,44.0,17.0,30.1,30.0,30.8,89.0,88.0,80.0,1.33,1.0,1.66,1002.0,1001.0,1002.0,2692.8,146.07999999999998,50.796,0.0,0.7987929351202628,11.263073209975866,6.700379266750949,26.928,29.770000000000003,0.030538891677752818,936.3600000000001,7744,2.7556,1004004,264.8,44.13333333333333,2.0,10.0,0.5
78,108.0,9.0,63.0,31.3,43.0,75,0.0,1002,87,31.0,0.8,2.0,2023,7,2,7,6,183,26,0.9659258262890683,-0.25881904510252063,-0.4999999999999997,-0.8660254037844388,-0.7818314824680299,0.6234898018587334,2,0,1,27.0,25.0,33.0,19.0,38.0,29.0,25.666666666666668,1.154700538383673,27.0,25.0,24.0,6.164414002968088,33.0,17.0,25.916666666666668,8.543560396135577,44.0,17.0,28.458333333333332,7.994450067644368,44.0,17.0,30.6,29.7,30.5,88.0,90.0,83.0,1.66,1.0,1.0,1002.0,1001.0,1002.0,2697.0,174.0,62.0,0.0,0.7986965272674994,11.998666814798357,6.999222308632374,26.97,30.0,0.030938092876154816,961.0,7569,4.0,1004004,279.3,46.550000000000004,-2.0,-8.0,0.3999999999999986
67,104.3,7.7,88.3,25.0,51.7,54,0.0,1002,80,32.2,1.3,1.33,2023,7,2,8,6,183,26,0.8660254037844387,-0.4999999999999998,-0.4999999999999997,-0.8660254037844388,-0.7818314824680299,0.6234898018587334,2,0,1,25.0,27.0,25.0,17.0,38.0,24.0,24.0,3.6055512754654644,27.0,20.0,24.5,5.576737397438499,33.0,17.0,24.416666666666668,7.774764928726899,44.0,17.0,28.291666666666668,8.131950761558189,44.0,17.0,31.0,30.1,30.2,87.0,89.0,85.0,2.0,1.33,1.0,1002.0,1002.0,1002.0,2576.0,106.4,42.82600000000001,0.0,0.7999680012799487,13.543695623944942,11.466043370990779,25.76,31.535000000000004,0.03213569647136081,1036.8400000000001,6400,1.7689000000000001,1004004,297.0,49.5,-5.0,-5.0,1.2000000000000028
72,100.6,6.3,113.7,27.5,60.3,33,0.0,1002,74,33.3,2.2,0.66,2023,7,2,9,6,183,26,0.7071067811865476,-0.7071067811865475,-0.4999999999999997,-0.8660254037844388,-0.7818314824680299,0.6234898018587334,2,0,1,20.0,25.0,27.0,17.0,44.0,28.0,22.333333333333332,2.5166114784257814,25.0,20.0,25.333333333333332,4.501851470967908,33.0,20.0,22.583333333333332,4.737823307908579,33.0,17.0,28.041666666666668,8.232909394706724,44.0,17.0,32.2,30.6,30.0,80.0,88.0,88.0,1.33,1.66,1.0,1002.0,1002.0,1001.0,2464.2,48.84,21.977999999999998,0.0,0.7999709101487218,15.965719727027455,18.044754800825267,24.642,32.97,0.033233499766966296,1108.8899999999999,5476,0.43560000000000004,1004004,330.40000000000003,55.06666666666667,2.0,-5.0,1.0999999999999943
74,96.9,5.0,139.0,27.5,69.0,12,0.0,1003,68,34.5,3.1,0.4,2023,7,2,10,6,183,26,0.49999999999999994,-0.8660254037844387,-0.4999999999999997,-0.8660254037844388,-0.7818314824680299,0.6234898018587334,2,0,1,22.0,20.0,25.0,33.0,24.0,28.0,21.333333333333332,1.154700538384152,22.0,20.0,23.5,2.5884358211068244,27.0,20.0,22.416666666666668,4.718596350096457,33.0,17.0,27.791666666666668,8.32481448633451,44.0,17.0,33.3,31.0,29.7,74.0,87.0,90.0,0.66,2.0,1.0,1002.0,1002.0,1001.0,2346.0,27.200000000000003,13.8,0.0,0.7999709101487218,19.376124775044993,27.794441111777644,23.46,34.3,0.034396775277392544,1190.25,4624,0.16000000000000003,1006009,359.4,59.9,0.0,-3.0,1.2000000000000028
86,94.2,4.3,148.7,27.5,69.0,20,0.5,1002,61,35.4,3.6,0.8,2023,7,2,11,6,183,26,0.258819045102521,-0.9659258262890682,-0.4999999999999997,-0.8660254037844388,-0.7818314824680299,0.6234898018587334,2,0,1,22.0,22.0,20.0,25.0,24.0,27.0,22.0,0.0,22.0,22.0,23.0,2.5298221281325066,27.0,20.0,22.25,4.692837869852246,33.0,17.0,27.583333333333332,8.407639728074834,44.0,17.0,34.5,32.2,30.1,68.0,80.0,89.0,0.4,1.33,1.33,1003.0,1002.0,1002.0,2159.4,48.800000000000004,28.32,10.0,0.7999709101487218,21.901883282957453,34.573355033713085,21.594,35.0,0.03532930605857679,1253.1599999999999,3721,0.6400000000000001,1004004,365.7,60.949999999999996,0.0,2.0,0.8999999999999986
98,91.4,3.7,158.3,30.0,69.0,29,1.0,1001,54,36.2,4.0,1.2,2023,7,2,12,6,183,26,1.2246467991473532e-16,-1.0,-0.4999999999999997,-0.8660254037844388,-0.7818314824680299,0.6234898018587334,2,1,1,22.0,22.0,22.0,27.0,18.0,28.0,22.666666666666668,1.154700538384004,24.0,22.0,22.5,1.7606816861627226,25.0,20.0,22.75,4.515126093073784,33.0,17.0,27.416666666666668,8.438610367088707,44.0,17.0,35.4,33.3,30.6,61.0,74.0,88.0,0.8,0.66,1.66,1002.0,1002.0,1002.0,1954.8000000000002,64.8,43.440000000000005,29.0,0.7999733342221925,24.696028100513377,42.77222372331802,19.548000000000002,35.6,0.036163800036163804,1310.4400000000003,2916,1.44,1002001,376.40000000000003,62.73333333333334,2.0,2.0,0.8000000000000043
110,88.7,3.0,168.0,48.8,69.0,37,1.25,1001,49,37.1,3.7,2.0,2023,7,2,13,6,183,26,-0.2588190451025208,-0.9659258262890683,-0.4999999999999997,-0.8660254037844388,-0.7818314824680299,0.6234898018587334,2,1,1,24.0,22.0,22.0,25.0,19.0,30.0,28.333333333333332,9.291573243178082,39.0,22.0,24.833333333333332,7.054549359573285,39.0,20.0,24.416666666666668,6.331139971073569,39.0,17.0,27.791666666666668,8.752535864420773,44.0,17.0,36.2,34.5,31.0,54.0,68.0,87.0,1.2,0.4,2.0,1001.0,1003.0,1002.0,1817.9,98.0,74.2,46.25,0.7991639515583698,29.556814395201602,55.98133955348217,18.179000000000002,36.1,0.037062900037062904,1376.41,2401,4.0,1002001,416.5,69.41666666666667,15.0,17.0,0.8999999999999986
100,88.5,3.7,161.7,37.5,67.3,54,1.75,1000,56,35.2,3.1,1.6,2023,7,2,14,6,183,26,-0.4999999999999997,-0.8660254037844388,-0.4999999999999997,-0.8660254037844388,-0.7818314824680299,0.6234898018587334,2,1,1,39.0,24.0,22.0,20.0,17.0,31.0,31.0,7.549834435271336,39.0,24.0,26.5,6.862943974708625,39.0,22.0,25.5,6.052798000623822,39.0,17.0,27.75,8.738968200960121,44.0,17.0,37.1,35.4,32.2,49.0,61.0,80.0,2.0,0.8,1.33,1001.0,1002.0,1002.0,1971.2000000000003,89.60000000000001,56.32000000000001,94.5,0.7999786672355405,23.912456092947853,43.6908943528776,19.712000000000003,34.400000000000006,0.035199964800035205,1239.0400000000002,3136,2.5600000000000005,1000000,388.7,64.78333333333333,-9.0,8.0,-1.8999999999999986
94,88.3,4.3,155.3,30.0,65.7,70,0.0,1000,65,33.4,2.2,2.0,2023,7,2,15,6,183,26,-0.7071067811865471,-0.7071067811865479,-0.4999999999999997,-0.8660254037844388,-0.7818314824680299,0.6234898018587334,2,1,1,30.0,39.0,24.0,22.0,17.0,22.0,31.0,7.549834435271336,39.0,24.0,26.833333333333332,6.645800679124838,39.0,22.0,26.083333333333332,5.468227788919117,39.0,20.0,27.833333333333332,8.691158259061842,44.0,17.0,35.2,36.2,33.3,56.0,54.0,74.0,1.6,1.2,0.66,1000.0,1001.0,1002.0,2171.0,130.0,66.8,0.0,0.7999733342221925,20.530109276912345,36.10788188793304,21.71,32.4,0.0333999666000334,1115.56,4225,4.0,1000000,367.59999999999997,61.26666666666666,-6.0,0.0,-1.8000000000000043
86,88.1,5.0,149.0,26.3,64.0,87,2.0,999,75,31.5,1.3,2.8,2023,7,2,16,6,183,26,-0.8660254037844385,-0.5000000000000004,-0.4999999999999997,-0.8660254037844388,-0.7818314824680299,0.6234898018587334,2,1,1,24.0,30.0,39.0,22.0,33.0,30.0,25.0,4.582575694956973,30.0,21.0,26.666666666666668,6.801960501697736,39.0,21.0,25.083333333333332,5.177895910560405,39.0,20.0,27.458333333333332,8.787239595580951,44.0,17.0,33.4,37.1,34.5,65.0,49.0,68.0,2.0,2.0,0.4,1000.0,1001.0,1003.0,2362.5,210.0,88.19999999999999,174.0,0.79844872818524,17.616476704659068,29.794041191761647,23.625,30.1,0.0315314999684685,992.25,5625,7.839999999999999,998001,353.4,58.9,-3.0,-18.0,-1.8999999999999986
74,101.2,8.0,125.7,28.8,62.7,91,1.5,1000,72,31.0,0.8,0.66,2023,7,2,17,6,183,26,-0.9659258262890683,-0.25881904510252063,-0.4999999999999997,-0.8660254037844388,-0.7818314824680299,0.6234898018587334,2,1,1,21.0,24.0,30.0,22.0,25.0,43.0,22.666666666666668,1.5275252316555423,24.0,21.0,26.833333333333332,6.675827039899711,39.0,21.0,24.916666666666668,5.212891944423415,39.0,20.0,26.625,8.176384339643393,44.0,17.0,31.5,35.2,35.4,75.0,56.0,61.0,2.8,1.6,0.8,999.0,1000.0,1002.0,2232.0,47.52,20.46,136.5,0.7985833825214401,12.648418947631548,15.71053618297713,22.32,30.67,0.030999969000031,961.0,5184,0.43560000000000004,1000000,349.4,58.23333333333333,2.0,-7.0,-0.5
91,114.2,11.0,102.3,38.8,61.3,95,0.75,1000,69,30.5,0.6,1.33,2023,7,2,18,6,183,26,-1.0,-1.8369701987210297e-16,-0.4999999999999997,-0.8660254037844388,-0.7818314824680299,0.6234898018587334,2,2,1,23.0,21.0,24.0,24.0,27.0,43.0,25.0,5.291502622130163,31.0,21.0,28.0,6.693280212271832,39.0,21.0,25.25,5.4792998889200595,39.0,20.0,26.125,7.467684001604944,44.0,17.0,31.0,33.4,36.2,72.0,65.0,54.0,0.66,2.0,1.2,1000.0,1000.0,1001.0,2104.5,91.77000000000001,40.565000000000005,71.25,0.7989484807092602,10.38087446595764,9.299154622307062,21.045,29.835,0.0304999695000305,930.25,4761,1.7689000000000001,1000000,358.6,59.76666666666667,8.0,7.0,-0.5
95,127.2,14.0,79.0,41.3,60.0,100,0.0,1001,67,30.0,0.0,2.0,2023,7,2,19,6,183,26,-0.9659258262890684,0.2588190451025203,-0.4999999999999997,-0.8660254037844388,-0.7818314824680299,0.6234898018587334,2,2,1,31.0,23.0,21.0,39.0,25.0,38.0,29.0,5.291502622130066,33.0,23.0,27.0,4.939635614090324,33.0,21.0,25.916666666666668,5.915439480073847,39.0,20.0,25.916666666666668,7.186440533131277,44.0,17.0,30.5,31.5,37.1,69.0,75.0,49.0,1.33,2.8,2.0,1000.0,999.0,1001.0,2010.0,134.0,60.0,0.0,0.7990121304568898,9.085065352474825,5.642454110420685,20.1,29.0,0.029970000029970002,900.0,4489,4.0,1002001,354.5,59.083333333333336,2.0,12.0,-0.5
93,116.1,12.3,71.0,40.0,48.7,87,0.5,1002,71,29.8,0.0,2.33,2023,7,2,20,6,183,26,-0.8660254037844386,0.5000000000000001,-0.4999999999999997,-0.8660254037844388,-0.7818314824680299,0.6234898018587334,2,2,1,33.0,31.0,23.0,30.0,20.0,38.0,32.0,1.0000000000042988,33.0,31.0,27.333333333333332,5.240865068541282,33.0,21.0,26.916666666666668,5.838093296044987,39.0,21.0,25.666666666666668,6.8440178046338485,44.0,17.0,30.0,31.0,35.2,67.0,72.0,56.0,2.0,0.66,1.6,1001.0,1000.0,1000.0,2115.8,165.43,69.434,43.5,0.7999800004999875,9.438257052272172,5.771888464352491,21.158,28.635,0.02974048928094882,888.0400000000001,5041,5.4289000000000005,1004004,320.09999999999997,53.349999999999994,-1.0,9.0,-0.1999999999999993
76,105.0,10.7,63.0,30.0,37.3,75,1.0,1003,76,29.7,0.0,2.66,2023,7,2,21,6,183,26,-0.7071067811865477,0.7071067811865474,-0.4999999999999997,-0.8660254037844388,-0.7818314824680299,0.6234898018587334,2,2,1,32.0,33.0,31.0,24.0,22.0,44.0,29.666666666666668,4.93288286231718,33.0,24.0,27.333333333333332,5.240865068541282,33.0,21.0,27.083333333333332,5.712161401674498,39.0,21.0,24.833333333333332,5.623449866923065,39.0,17.0,29.8,30.5,33.4,71.0,69.0,65.0,2.33,1.33,2.0,1002.0,1000.0,1000.0,2257.2,202.16000000000003,79.002,75.0,0.7999733342221925,9.812167087188115,5.887300252312869,22.572,28.369999999999997,0.029611136977929234,882.0899999999999,5776,7.0756000000000006,1006009,270.0,45.0,-8.0,-7.0,-0.10000000000000142
67,94.0,9.0,55.0,25.0,26.0,62,1.0,1004,81,29.5,0.0,3.0,2023,7,2,22,6,183,26,-0.5000000000000004,0.8660254037844384,-0.4999999999999997,-0.8660254037844388,-0.7818314824680299,0.6234898018587334,2,3,1,24.0,32.0,33.0,21.0,22.0,24.0,25.333333333333332,6.11010092660863,32.0,20.0,27.166666666666668,5.492419017760406,33.0,20.0,26.916666666666668,5.900051360844086,39.0,20.0,24.666666666666668,5.70786388633501,39.0,17.0,29.7,30.0,31.5,76.0,67.0,75.0,2.66,2.0,2.8,1003.0,1001.0,999.0,2389.5,243.0,88.5,62.0,0.7999680012799487,10.443284079546718,6.110432174202867,23.895,28.0,0.029382440854142575,870.25,6561,9.0,1008016,229.0,38.166666666666664,-4.0,-13.0,-0.1999999999999993
69,85.4,8.0,56.7,26.3,23.7,62,0.0,1003,85,29.5,0.0,2.33,2023,7,2,23,6,183,26,-0.25881904510252157,0.9659258262890681,-0.4999999999999997,-0.8660254037844388,-0.7818314824680299,0.6234898018587334,2,3,1,20.0,24.0,32.0,23.0,22.0,24.0,21.666666666666668,2.081665999468831,24.0,20.0,26.833333333333332,5.84522597224916,33.0,20.0,26.833333333333332,5.982297116315009,39.0,20.0,24.541666666666668,5.755746970498758,39.0,17.0,29.5,29.8,31.0,81.0,71.0,72.0,3.0,2.33,0.66,1004.0,1002.0,1000.0,2507.5,198.05,68.735,0.0,0.79844872818524,10.67366579177603,7.086614173228347,25.075,28.335,0.029411735382118265,870.25,7225,5.4289000000000005,1006009,221.10000000000002,36.85,1.0,-11.0,0.0
50,76.8,7.0,58.3,15.0,21.3,62,0.0,1003,88,29.5,0.0,1.66,2023,7,3,0,0,184,27,0.0,1.0,-0.4999999999999997,-0.8660254037844388,0.0,1.0,2,3,0,21.0,20.0,24.0,31.0,24.0,18.0,17.666666666666668,4.9328828623174905,21.0,12.0,23.666666666666668,7.916228058024584,33.0,12.0,25.833333333333332,7.346407078952885,39.0,12.0,24.291666666666668,6.167792689987758,39.0,12.0,29.5,29.7,30.5,85.0,76.0,69.0,2.33,2.66,1.33,1003.0,1003.0,1000.0,2596.0,146.07999999999998,48.97,0.0,0.7999466702219852,10.969861448364519,8.327381802599628,25.96,28.67,0.029411735382118265,870.25,7744,2.7556,1006009,190.4,31.733333333333334,-9.0,-12.0,0.0
54,68.3,6.0,60.0,17.5,19.0,62,0.5,1003,91,29.5,0.0,1.0,2023,7,3,1,0,184,27,0.25881904510252074,0.9659258262890683,-0.4999999999999997,-0.8660254037844388,0.0,1.0,2,3,0,12.0,21.0,20.0,33.0,39.0,19.0,15.666666666666666,4.725815626253961,21.0,12.0,20.5,7.204165461730355,32.0,12.0,23.75,6.797392548215645,33.0,12.0,24.083333333333332,6.433044222684481,39.0,12.0,29.5,29.5,30.0,88.0,81.0,67.0,1.66,3.0,2.0,1003.0,1004.0,1001.0,2684.5,91.0,29.5,31.0,0.7999542883263813,11.381436427262122,9.998333611064822,26.845,29.0,0.029411735382118265,870.25,8281,1.0,1006009,184.8,30.8,2.0,-6.0,0.0
65,75.5,7.3,54.0,23.8,28.7,75,0.25,1003,92,29.4,0.0,0.66,2023,7,3,2,0,184,27,0.49999999999999994,0.8660254037844387,-0.4999999999999997,-0.8660254037844388,0.0,1.0,2,3,0,14.0,12.0,21.0,32.0,30.0,17.0,15.0,3.6055512754657846,19.0,12.0,18.333333333333332,4.501851470967794,24.0,12.0,22.833333333333332,6.617241025372351,33.0,12.0,24.166666666666668,6.3497118501322465,39.0,12.0,29.5,29.5,29.8,91.0,85.0,71.0,1.0,2.33,2.33,1003.0,1003.0,1002.0,2704.7999999999997,60.720000000000006,19.404,18.75,0.7982857863114995,10.341049171346391,7.396247089439803,27.048,29.07,0.029312034584212776,864.3599999999999,8464,0.43560000000000004,1006009,208.3,34.71666666666667,5.0,-2.0,-0.10000000000000142
65,82.7,8.7,48.0,23.8,38.3,87,2.5,1002,93,29.3,0.0,0.33,2023,7,3,3,0,184,27,0.7071067811865476,0.7071067811865476,-0.4999999999999997,-0.8660254037844388,0.0,1.0,2,3,0,19.0,14.0,12.0,24.0,24.0,17.0,17.333333333333332,2.8867513459502683,19.0,14.0,17.5,3.619392214169128,21.0,12.0,22.416666666666668,6.694072457077097,33.0,12.0,24.25,6.264114497259956,39.0,12.0,29.4,29.5,29.7,92.0,88.0,76.0,0.66,1.66,2.66,1003.0,1003.0,1003.0,2724.9,30.69,9.669,217.5,0.7982857863114995,9.504654637398001,5.516607286518791,27.249000000000002,29.135,0.029241487782946326,858.49,8649,0.10890000000000001,1004004,220.5,36.75,0.0,7.0,-0.09999999999999787
54,89.9,10.0,42.0,17.5,48.0,100,1.0,1002,94,29.2,0.0,1.6,2023,7,3,4,0,184,27,0.8660254037844386,0.5000000000000001,-0.4999999999999997,-0.8660254037844388,0.0,1.0,2,3,0,19.0,19.0,14.0,20.0,21.0,33.0,17.333333333333332,2.8867513459502683,19.0,14.0,16.5,3.619392214169107,21.0,12.0,21.833333333333332,7.1201804539605495,33.0,12.0,23.458333333333332,6.3106477767593985,39.0,12.0,29.3,29.5,29.5,93.0,91.0,81.0,0.33,1.0,3.0,1002.0,1003.0,1004.0,2744.7999999999997,150.4,46.72,100.0,0.7999542883263813,8.989101089891012,4.199580041995801,27.447999999999997,28.4,0.029141687483345825,852.64,8836,2.5600000000000005,1004004,221.4,36.9,-5.0,0.0,-0.10000000000000142
63,99.2,10.7,43.0,22.5,49.0,95,0.0,1003,94,29.0,0.0,2.4,2023,7,3,5,0,184,27,0.9659258262890683,0.25881904510252074,-0.4999999999999997,-0.8660254037844388,0.0,1.0,2,3,0,14.0,19.0,19.0,21.0,23.0,25.0,17.0,2.645751311066941,19.0,14.0,16.0,3.033150177618621,19.0,12.0,21.416666666666668,7.19164077034505,33.0,12.0,23.166666666666668,6.39746326537976,39.0,12.0,29.2,29.4,29.5,94.0,92.0,85.0,1.6,0.66,2.33,1002.0,1003.0,1003.0,2726.0,225.6,69.6,0.0,0.7999644460246211,9.270161667133914,4.018316045229418,27.26,27.8,0.028913231392590836,841.0,8836,5.76,1006009,242.4,40.4,4.0,-1.0,-0.1999999999999993
63,108.5,11.3,44.0,22.5,50.0,91,0.0,1003,93,28.7,0.6,2.0,2023,7,3,6,0,184,27,1.0,6.123233995736766e-17,-0.4999999999999997,-0.8660254037844388,0.0,1.0,2,0,0,18.0,14.0,19.0,12.0,31.0,27.0,16.666666666666668,2.3094010767612136,18.0,14.0,17.0,2.366431913237317,19.0,14.0,20.333333333333332,6.568981287194182,33.0,12.0,22.791666666666668,6.42670492802364,39.0,12.0,29.0,29.3,29.5,94.0,93.0,88.0,2.4,0.33,1.66,1003.0,1002.0,1003.0,2669.1,186.0,57.4,0.0,0.7999644460246211,9.600920272542252,3.8934607556853376,26.691,27.7,0.028614128998874378,823.6899999999999,8649,4.0,1006009,254.3,42.38333333333333,0.0,-1.0,-0.3000000000000007
59,117.9,12.0,45.0,20.0,51.0,87,0.0,1003,93,28.5,0.8,1.6,2023,7,3,7,0,184,27,0.9659258262890683,-0.25881904510252063,-0.4999999999999997,-0.8660254037844388,0.0,1.0,2,0,0,18.0,18.0,14.0,14.0,33.0,25.0,17.333333333333332,1.1547005383845972,18.0,16.0,17.333333333333332,1.9663841604973185,19.0,14.0,18.916666666666668,5.299371031860813,32.0,12.0,22.416666666666668,6.55356966563399,39.0,12.0,28.7,29.2,29.5,93.0,94.0,91.0,2.0,1.6,1.0,1003.0,1002.0,1003.0,2650.5,148.8,45.6,0.0,0.7999600019998999,9.824181318223483,3.749687526039497,26.505,27.7,0.028414727403063406,812.25,8649,2.5600000000000005,1006009,261.9,43.65,-2.0,2.0,-0.1999999999999993
74,108.9,10.0,68.0,28.8,58.3,91,0.0,1003,89,29.7,1.3,0.33,2023,7,3,8,0,184,27,0.8660254037844387,-0.4999999999999998,-0.4999999999999997,-0.8660254037844388,0.0,1.0,2,0,0,16.0,18.0,18.0,19.0,32.0,20.0,19.0,3.605551275465642,23.0,16.0,18.0,3.033150177618672,23.0,14.0,18.166666666666668,3.6639108100818514,24.0,12.0,22.541666666666668,6.534052385748781,39.0,12.0,28.5,29.0,29.4,93.0,94.0,92.0,1.6,2.4,0.66,1003.0,1003.0,1003.0,2643.2999999999997,29.37,9.801,0.0,0.7985833825214401,10.888911108889113,6.799320067993201,26.432999999999996,29.535,0.029611136977929234,882.0899999999999,7921,0.10890000000000001,1006009,297.0,49.5,7.0,5.0,1.1999999999999993
74,100.0,8.0,91.0,28.8,65.7,95,0.0,1004,84,30.8,2.0,0.66,2023,7,3,9,0,184,27,0.7071067811865476,-0.7071067811865475,-0.4999999999999997,-0.8660254037844388,0.0,1.0,2,0,0,23.0,16.0,18.0,19.0,24.0,22.0,20.666666666666668,4.0414518843288025,23.0,16.0,18.666666666666668,3.66969571853784,23.0,14.0,18.083333333333332,3.5280263174984854,23.0,12.0,22.583333333333332,6.533636491043917,39.0,12.0,29.7,28.7,29.3,89.0,93.0,93.0,0.33,2.0,0.33,1003.0,1003.0,1002.0,2587.2000000000003,55.440000000000005,20.328000000000003,0.0,0.7985833825214401,12.49843769528809,11.373578302712161,25.872000000000003,30.470000000000002,0.030677260281613265,948.6400000000001,7056,0.43560000000000004,1008016,316.5,52.75,0.0,5.0,1.1000000000000014
69,91.0,6.0,114.0,26.3,73.0,100,0.0,1004,80,32.0,2.8,1.0,2023,7,3,10,0,184,27,0.49999999999999994,-0.8660254037844387,-0.4999999999999997,-0.8660254037844388,0.0,1.0,2,0,0,23.0,23.0,16.0,14.0,20.0,22.0,22.333333333333332,1.1547005383840399,23.0,21.0,19.833333333333332,2.9268868558000567,23.0,16.0,18.166666666666668,3.5887028128252836,23.0,12.0,22.541666666666668,6.540703104517776,39.0,12.0,30.8,28.5,29.2,84.0,93.0,94.0,0.66,1.6,1.6,1004.0,1003.0,1002.0,2560.0,80.0,32.0,0.0,0.79844872818524,15.16413931011498,18.996833861023163,25.6,31.5,0.03187247821466313,1024.0,6400,1.0,1008016,331.3,55.21666666666667,-2.0,5.0,1.1999999999999993
80,87.0,5.0,126.7,32.5,70.3,100,0.0,1003,74,32.8,3.5,1.0,2023,7,3,11,0,184,27,0.258819045102521,-0.9659258262890682,-0.4999999999999997,-0.8660254037844388,0.0,1.0,2,0,0,21.0,23.0,23.0,18.0,21.0,22.0,23.333333333333332,2.51661147842573,26.0,21.0,21.166666666666668,3.656045222184124,26.0,16.0,18.583333333333332,4.187825066531673,26.0,12.0,22.708333333333332,6.577161847713173,39.0,12.0,32.0,29.7,29.0,80.0,89.0,94.0,1.0,0.33,2.4,1004.0,1003.0,1003.0,2427.2,74.0,32.8,0.0,0.7999753853727578,17.396520695860826,25.33493301339732,24.272,32.3,0.03270186171299929,1075.84,5476,1.0,1006009,347.5,57.916666666666664,5.0,3.0,0.7999999999999972
80,82.9,4.0,139.3,32.5,67.7,100,0.0,1002,68,33.7,3.7,1.0,2023,7,3,12,0,184,27,1.2246467991473532e-16,-1.0,-0.4999999999999997,-0.8660254037844388,0.0,1.0,2,1,0,26.0,21.0,23.0,18.0,12.0,24.0,24.333333333333332,2.886751345949956,26.0,21.0,22.5,3.728270376459964,26.0,16.0,19.75,4.1368631067064054,26.0,14.0,22.791666666666668,6.606842083691714,39.0,12.0,32.8,30.8,28.7,74.0,84.0,93.0,1.0,0.66,2.0,1003.0,1004.0,1003.0,2291.6000000000004,68.0,33.7,0.0,0.7999753853727578,20.71982004498875,34.8162959260185,22.916000000000004,33.2,0.0336327009653683,1135.6900000000003,4624,1.0,1004004,352.40000000000003,58.73333333333334,0.0,3.0,0.9000000000000057
90,78.8,3.0,152.0,36.3,65.0,100,0.0,1002,63,34.5,3.5,1.0,2023,7,3,13,0,184,27,-0.2588190451025208,-0.9659258262890683,-0.4999999999999997,-0.8660254037844388,0.0,1.0,2,1,0,26.0,26.0,21.0,16.0,14.0,39.0,27.0,1.732050807571727,29.0,26.0,24.666666666666668,2.87518115371118,29.0,21.0,21.0,4.4924178547648905,29.0,14.0,22.375,5.807135790297629,33.0,12.0,33.7,32.0,28.5,68.0,80.0,93.0,1.0,1.0,1.6,1002.0,1004.0,1003.0,2173.5,63.0,34.5,0.0,0.798876064020275,26.257914028657115,50.649783405531494,21.735,34.0,0.0344311033621723,1190.25,3969,1.0,1004004,364.1,60.68333333333334,3.0,8.0,0.7999999999999972
87,80.1,3.7,148.0,36.3,64.7,91,0.0,1001,61,34.6,2.9,1.0,2023,7,3,14,0,184,27,-0.4999999999999997,-0.8660254037844388,-0.4999999999999997,-0.8660254037844388,0.0,1.0,2,1,0,29.0,26.0,26.0,23.0,19.0,30.0,28.0,1.732050807571653,29.0,26.0,25.666666666666668,3.204163957517799,29.0,21.0,21.833333333333332,4.9878640597734885,29.0,14.0,22.333333333333332,5.753385896614398,33.0,12.0,34.5,32.8,29.7,63.0,74.0,89.0,1.0,1.0,0.33,1002.0,1003.0,1003.0,2110.6,61.0,34.6,0.0,0.798876064020275,21.642799243447715,39.989192110240474,21.105999999999998,34.1,0.0345654000345654,1197.16,3721,1.0,1002001,361.8,60.300000000000004,0.0,3.0,0.10000000000000142
87,81.5,4.3,144.0,36.3,64.3,83,0.0,1001,60,34.6,2.1,1.0,2023,7,3,15,0,184,27,-0.7071067811865471,-0.7071067811865479,-0.4999999999999997,-0.8660254037844388,0.0,1.0,2,1,0,29.0,29.0,26.0,23.0,19.0,24.0,29.0,0.0,29.0,29.0,26.666666666666668,3.141125063835614,29.0,21.0,22.666666666666668,5.297226261034942,29.0,14.0,22.541666666666668,5.9048923464520175,33.0,12.0,34.6,33.7,30.8,61.0,68.0,84.0,1.0,1.0,0.66,1001.0,1002.0,1004.0,2076.0,60.0,34.6,0.0,0.798876064020275,18.949081608928157,33.48058591025343,20.76,34.1,0.0345654000345654,1197.16,3600,1.0,1002001,359.40000000000003,59.900000000000006,0.0,3.0,0.0
87,82.9,5.0,140.0,36.3,64.0,75,0.0,1000,59,34.7,1.4,1.0,2023,7,3,16,0,184,27,-0.8660254037844385,-0.5000000000000004,-0.4999999999999997,-0.8660254037844388,0.0,1.0,2,1,0,29.0,29.0,29.0,21.0,14.0,21.0,29.0,0.0,29.0,29.0,28.0,1.5491933384796903,29.0,26.0,23.916666666666668,4.8139632761618145,29.0,16.0,22.875,6.038373665295851,33.0,12.0,34.6,34.5,32.0,60.0,63.0,80.0,1.0,1.0,1.0,1001.0,1002.0,1004.0,2047.3000000000002,59.0,34.7,0.0,0.798876064020275,16.576684663067386,27.994401119776043,20.473000000000003,34.2,0.034699965300034705,1204.0900000000001,3481,1.0,1000000,357.2,59.53333333333333,0.0,0.0,0.10000000000000142
89,93.2,7.0,120.0,37.5,57.7,66,0.75,1000,64,33.7,0.9,1.66,2023,7,3,17,0,184,27,-0.9659258262890683,-0.25881904510252063,-0.4999999999999997,-0.8660254037844388,0.0,1.0,2,1,0,29.0,29.0,29.0,26.0,18.0,23.0,29.333333333333332,0.5773502691976581,30.0,29.0,28.666666666666668,1.3662601021242737,30.0,26.0,24.916666666666668,4.718596350096464,30.0,16.0,23.166666666666668,6.211256728306032,33.0,12.0,34.7,34.6,32.8,59.0,61.0,74.0,1.0,1.0,1.0,1000.0,1001.0,1003.0,2156.8,106.24,55.942,49.5,0.7999786672355405,13.312383945150692,17.14040851306956,21.568,32.870000000000005,0.033699966300033704,1135.6900000000003,4096,2.7556,1000000,345.4,57.56666666666666,1.0,1.0,-1.0
89,103.5,9.0,100.0,37.5,51.3,58,0.5,1001,69,32.6,0.9,2.33,2023,7,3,18,0,184,27,-1.0,-1.8369701987210297e-16,-0.4999999999999997,-0.8660254037844388,0.0,1.0,2,2,0,30.0,29.0,29.0,26.0,18.0,31.0,29.666666666666668,0.5773502691975843,30.0,29.0,29.333333333333332,0.5163977794847201,30.0,29.0,25.916666666666668,4.378840305861195,30.0,16.0,23.125,6.159563084448746,33.0,12.0,33.7,34.6,33.7,64.0,60.0,68.0,1.66,1.0,1.0,1000.0,1001.0,1002.0,2249.4,160.77,75.95800000000001,29.0,0.7999786672355405,11.498722364181758,11.10987668036885,22.494,31.435000000000002,0.0325674000325674,1062.76,4761,5.4289000000000005,1002001,331.3,55.21666666666667,0.0,1.0,-1.1000000000000014
76,113.8,11.0,80.0,30.0,45.0,50,0.0,1001,74,31.6,0.0,3.0,2023,7,3,19,0,184,27,-0.9659258262890684,0.2588190451025203,-0.4999999999999997,-0.8660254037844388,0.0,1.0,2,2,0,30.0,30.0,29.0,29.0,16.0,33.0,28.0,3.4641016151391426,30.0,24.0,28.5,2.258317958125014,30.0,24.0,26.583333333333332,3.1754264805417036,30.0,21.0,22.75,5.795425482373007,32.0,12.0,32.6,34.7,34.5,69.0,59.0,63.0,2.33,1.0,1.0,1001.0,1000.0,1002.0,2338.4,222.0,94.80000000000001,0.0,0.7999733342221925,10.34451413507863,7.2720661758022,23.384,30.1,0.031568400031568404,998.5600000000001,5476,9.0,1002001,303.8,50.63333333333333,-6.0,-5.0,-1.0
72,108.9,10.3,70.3,27.5,39.3,58,0.0,1002,75,30.7,0.0,2.66,2023,7,3,20,0,184,27,-0.8660254037844386,0.5000000000000001,-0.4999999999999997,-0.8660254037844388,0.0,1.0,2,2,0,24.0,30.0,30.0,29.0,23.0,32.0,25.333333333333332,4.163331998933502,30.0,22.0,27.333333333333332,3.444802848735525,30.0,22.0,26.5,3.2891004572943583,30.0,21.0,22.333333333333332,5.450701324374265,30.0,12.0,31.6,33.7,34.6,74.0,64.0,61.0,3.0,1.66,1.0,1001.0,1000.0,1001.0,2302.5,199.5,81.662,0.0,0.7999709101487218,10.571789146684788,6.824580137850694,23.025,29.369999999999997,0.030638691977353315,942.49,5625,7.0756000000000006,1004004,278.3,46.38333333333333,-2.0,-8.0,-0.9000000000000021
42,104.1,9.7,60.7,12.5,33.7,66,0.0,1003,75,29.9,0.0,2.33,2023,7,3,21,0,184,27,-0.7071067811865477,0.7071067811865474,-0.4999999999999997,-0.8660254037844388,0.0,1.0,2,2,0,22.0,24.0,30.0,29.0,23.0,24.0,18.666666666666668,7.571877794401157,24.0,10.0,24.166666666666668,7.704976746665483,30.0,10.0,25.416666666666668,5.7597085363961416,30.0,10.0,21.75,5.987305411197551,30.0,10.0,30.7,32.6,34.6,75.0,69.0,60.0,2.66,2.33,1.0,1002.0,1001.0,1001.0,2242.5,174.75,69.667,0.0,0.7999360051195905,10.73085248943408,6.257086898257913,22.425,28.735,0.029810538573740206,894.0099999999999,5625,5.4289000000000005,1006009,230.7,38.449999999999996,-12.0,-20.0,-0.8000000000000007
42,99.2,9.0,51.0,12.5,28.0,75,0.0,1004,76,29.0,0.0,2.0,2023,7,3,22,0,184,27,-0.5000000000000004,0.8660254037844384,-0.4999999999999997,-0.8660254037844388,0.0,1.0,2,3,0,10.0,22.0,24.0,29.0,21.0,20.0,14.0,6.928203230276462,22.0,10.0,21.0,9.099450532861232,30.0,10.0,24.5,7.21740320966629,30.0,10.0,21.333333333333332,6.444860889426303,30.0,10.0,29.9,31.6,34.7,75.0,74.0,59.0,2.33,3.0,1.0,1003.0,1001.0,1000.0,2204.0,152.0,58.0,0.0,0.7999360051195905,11.020997666925899,5.666037106988113,22.04,28.0,0.028884433382038464,841.0,5776,4.0,1008016,209.7,34.949999999999996,0.0,-14.0,-0.8999999999999986
42,88.9,8.3,48.0,12.5,27.0,79,0.0,1004,80,28.7,0.0,1.33,2023,7,3,23,0,184,27,-0.25881904510252157,0.9659258262890681,-0.4999999999999997,-0.8660254037844388,0.0,1.0,2,3,0,10.0,10.0,22.0,30.0,26.0,21.0,10.0,0.0,10.0,10.0,17.666666666666668,8.801515021100322,30.0,10.0,23.166666666666668,8.310271118356985,30.0,10.0,20.875,6.848119386403355,30.0,10.0,29.0,30.7,33.7,76.0,75.0,64.0,2.0,2.66,1.66,1004.0,1002.0,1000.0,2296.0,106.4,38.171,0.0,0.7999360051195905,10.709553065895676,5.782435851102277,22.96,28.035,0.028585628898775996,823.6899999999999,6400,1.7689000000000001,1008016,194.7,32.449999999999996,0.0,-12.0,-0.3000000000000007
29,78.6,7.7,45.0,8.8,26.0,83,0.0,1004,84,28.4,0.0,0.66,2023,7,4,0,1,185,27,0.0,1.0,-0.4999999999999997,-0.8660254037844388,0.7818314824680298,0.6234898018587336,2,3,0,10.0,10.0,10.0,30.0,26.0,12.0,9.0,1.7320508075730576,10.0,7.0,13.833333333333334,7.222649560005932,24.0,7.0,21.583333333333332,9.45283346970911,30.0,7.0,20.666666666666668,7.197020317414282,30.0,7.0,28.7,29.9,32.6,80.0,75.0,69.0,1.33,2.33,2.33,1004.0,1003.0,1001.0,2385.6,55.440000000000005,18.744,0.0,0.7953641631632768,10.206466692637319,5.843396961433579,23.855999999999998,28.07,0.02828682441551353,806.56,7056,0.43560000000000004,1008016,173.10000000000002,28.850000000000005,-3.0,-3.0,-0.3000000000000007
89,68.3,7.0,42.0,37.5,25.0,87,0.0,1003,89,28.1,0.0,2.0,2023,7,4,1,1,185,27,0.25881904510252074,0.9659258262890683,-0.4999999999999997,-0.8660254037844388,0.7818314824680298,0.6234898018587336,2,3,0,7.0,10.0,10.0,24.0,29.0,14.0,15.666666666666666,12.50333288900788,30.0,7.0,14.833333333333334,9.08662020041853,30.0,7.0,21.666666666666668,9.528267354974407,30.0,7.0,21.333333333333332,7.293038173292408,30.0,7.0,28.4,29.0,31.6,84.0,76.0,74.0,0.66,2.0,3.0,1004.0,1004.0,1001.0,2500.9,178.0,56.2,0.0,0.7999786672355405,9.755749178688758,5.999142979574346,25.009,27.1,0.028015924211441466,789.6100000000001,7921,4.0,1006009,209.8,34.96666666666667,23.0,20.0,-0.29999999999999716
89,70.6,7.7,41.0,37.5,31.0,87,0.0,1003,89,28.1,0.0,0.33,2023,7,4,2,1,185,27,0.49999999999999994,0.8660254037844387,-0.4999999999999997,-0.8660254037844388,0.7818314824680298,0.6234898018587336,2,3,0,30.0,7.0,10.0,22.0,29.0,19.0,22.333333333333332,13.279056191361809,30.0,7.0,16.166666666666668,10.778064142815923,30.0,7.0,21.75,9.602319795473262,30.0,7.0,21.791666666666668,7.483193730339745,30.0,7.0,28.1,28.7,30.7,89.0,80.0,75.0,2.0,1.33,2.66,1003.0,1004.0,1002.0,2500.9,29.37,9.273000000000001,0.0,0.7999786672355405,9.167640566160237,5.323983898195039,25.009,27.935000000000002,0.028015924211441466,789.6100000000001,7921,0.10890000000000001,1006009,217.8,36.300000000000004,0.0,20.0,0.0
266,72.9,8.3,40.0,178.8,37.0,87,0.0,1003,89,28.1,0.0,0.66,2023,7,4,3,1,185,27,0.7071067811865476,0.7071067811865476,-0.4999999999999997,-0.8660254037844388,0.7818314824680298,0.6234898018587336,2,3,0,30.0,30.0,7.0,10.0,29.0,19.0,67.66666666666667,65.24058041842771,143.0,30.0,38.333333333333336,52.30933632408901,143.0,7.0,31.25,36.40710470124293,143.0,7.0,26.958333333333332,25.817889259137782,143.0,7.0,28.1,28.4,29.9,89.0,84.0,75.0,0.33,0.66,2.33,1003.0,1004.0,1003.0,2500.9,58.74,18.546000000000003,0.0,0.7997718133567485,8.782074448861584,4.81869654258523,25.009,27.770000000000003,0.028015924211441466,789.6100000000001,7921,0.43560000000000004,1006009,480.0,80.0,113.0,136.0,0.0
123,75.3,9.0,39.0,55.0,43.0,87,0.0,1002,89,28.1,0.0,1.0,2023,7,4,4,1,185,27,0.8660254037844386,0.5000000000000001,-0.4999999999999997,-0.8660254037844388,0.7818314824680298,0.6234898018587336,2,3,0,143.0,30.0,30.0,10.0,29.0,14.0,72.33333333333333,61.598160145684,143.0,30.0,44.0,50.43411543786599,143.0,7.0,32.5,36.57992494649081,143.0,7.0,28.208333333333332,25.88936186874863,143.0,7.0,28.1,28.1,29.0,89.0,89.0,76.0,0.66,2.0,2.0,1003.0,1003.0,1004.0,2500.9,89.0,28.1,0.0,0.7999854548099126,8.365737140317743,4.332851905343851,25.009,27.6,0.028043884187740335,789.6100000000001,7921,1.0,1004004,265.3,44.21666666666667,-99.0,14.0,0.0
123,79.6,8.7,43.7,55.0,42.3,75,0.0,1003,88,28.3,0.0,0.66,2023,7,4,5,1,185,27,0.9659258262890683,0.25881904510252074,-0.4999999999999997,-0.8660254037844388,0.7818314824680298,0.6234898018587336,2,3,0,44.0,143.0,30.0,10.0,30.0,18.0,77.0,57.157676649772924,143.0,44.0,49.666666666666664,47.685078029365336,143.0,7.0,33.666666666666664,36.71594484771702,143.0,7.0,29.291666666666668,25.987420312388743,143.0,7.0,28.1,28.1,28.7,89.0,89.0,80.0,1.0,0.33,1.33,1002.0,1003.0,1004.0,2490.4,58.080000000000005,18.678,0.0,0.7999854548099126,9.148373750143662,5.022411217101483,24.904,27.970000000000002,0.028215325807252438,800.89,7744,0.43560000000000004,1006009,273.3,45.550000000000004,0.0,14.0,0.1999999999999993
100,83.8,8.3,48.3,43.8,41.7,62,0.0,1003,88,28.4,0.9,0.33,2023,7,4,6,1,185,27,1.0,6.123233995736766e-17,-0.4999999999999997,-0.8660254037844388,0.7818314824680298,0.6234898018587336,2,0,0,44.0,44.0,143.0,7.0,30.0,18.0,41.0,5.196152422707131,44.0,35.0,54.333333333333336,43.89381125701733,143.0,30.0,34.083333333333336,36.698918322759845,143.0,7.0,30.0,25.897792418928578,143.0,7.0,28.3,28.1,28.4,88.0,89.0,84.0,0.66,0.66,0.66,1003.0,1003.0,1004.0,2499.2,29.040000000000003,9.372,0.0,0.7990685144174792,10.095169256716058,5.8185760751716655,24.991999999999997,28.235,0.02831502660515792,806.56,7744,0.10890000000000001,1006009,260.9,43.48333333333333,-9.0,-108.0,0.09999999999999787
115,88.1,8.0,53.0,51.3,41.0,50,0.0,1003,87,28.6,1.3,2.4,2023,7,4,7,1,185,27,0.9659258262890683,-0.25881904510252063,-0.4999999999999997,-0.8660254037844388,0.7818314824680298,0.6234898018587336,2,0,0,35.0,44.0,44.0,30.0,24.0,16.0,40.0,4.58257569495643,44.0,35.0,56.166666666666664,42.89250128713248,143.0,30.0,35.5,36.602285075214425,143.0,7.0,31.041666666666668,25.812836656049367,143.0,7.0,28.4,28.1,28.1,88.0,89.0,89.0,0.33,1.0,2.0,1003.0,1002.0,1003.0,2488.2000000000003,208.79999999999998,68.64,0.0,0.7992046938656168,11.011123609548806,6.624171978502687,24.882,27.400000000000002,0.028514428200968896,817.96,7569,5.76,1006009,282.4,47.06666666666666,6.0,-3.0,0.20000000000000284
74,84.2,6.7,71.7,28.8,45.3,62,0.0,1004,79,30.1,2.9,0.33,2023,7,4,8,1,185,27,0.8660254037844387,-0.4999999999999998,-0.4999999999999997,-0.8660254037844388,0.7818314824680298,0.6234898018587336,2,0,0,41.0,35.0,44.0,30.0,22.0,23.0,33.0,9.165151389912056,41.0,23.0,55.0,43.83149552547796,143.0,23.0,35.583333333333336,36.56987914399024,143.0,7.0,31.041666666666668,25.812836656049367,143.0,7.0,28.6,28.3,28.1,87.0,88.0,89.0,2.4,0.66,0.33,1003.0,1003.0,1003.0,2377.9,26.07,9.933000000000002,0.0,0.7985833825214401,12.565288762871212,10.699895537979407,23.779,29.935000000000002,0.02998004982066751,906.0100000000001,6241,0.10890000000000001,1008016,259.70000000000005,43.28333333333334,-18.0,-21.0,1.5
80,80.3,5.3,90.3,32.5,49.7,75,0.0,1004,73,31.7,4.8,0.66,2023,7,4,9,1,185,27,0.7071067811865476,-0.7071067811865475,-0.4999999999999997,-0.8660254037844388,0.7818314824680298,0.6234898018587336,2,0,0,23.0,41.0,35.0,143.0,10.0,23.0,30.0,9.643650760993346,41.0,23.0,35.5,9.181503144909938,44.0,23.0,36.916666666666664,35.836645371953324,143.0,7.0,31.166666666666668,25.779443557705612,143.0,7.0,30.1,28.4,28.1,79.0,88.0,89.0,0.33,0.33,0.66,1004.0,1003.0,1003.0,2314.1,48.18,20.922,0.0,0.7999753853727578,15.148085266930767,17.03452178834182,23.141,31.37,0.031573673731400666,1004.89,5329,0.43560000000000004,1008016,284.09999999999997,47.349999999999994,3.0,-9.0,1.5999999999999979
78,76.5,4.0,109.0,31.3,54.0,87,0.0,1004,66,33.2,5.0,1.0,2023,7,4,10,1,185,27,0.49999999999999994,-0.8660254037844387,-0.4999999999999997,-0.8660254037844388,0.7818314824680298,0.6234898018587336,2,0,0,26.0,23.0,41.0,44.0,10.0,21.0,24.666666666666668,1.5275252316547818,26.0,23.0,32.333333333333336,8.936815241832916,44.0,23.0,38.166666666666664,35.06573912818683,143.0,7.0,31.333333333333332,25.723727275174145,143.0,7.0,31.7,28.6,28.1,73.0,87.0,89.0,0.66,2.4,1.0,1004.0,1003.0,1002.0,2191.2000000000003,66.0,33.2,0.0,0.7986965272674994,19.120219945013744,27.243189202699323,21.912000000000003,32.7,0.033067696147713,1102.2400000000002,4356,1.0,1008016,299.8,49.96666666666667,-1.0,-16.0,1.5000000000000036
56,74.5,3.3,116.7,18.8,53.3,83,0.5,1003,61,34.0,7.6,1.0,2023,7,4,11,1,185,27,0.258819045102521,-0.9659258262890682,-0.4999999999999997,-0.8660254037844388,0.7818314824680298,0.6234898018587336,2,0,0,25.0,26.0,23.0,44.0,10.0,26.0,22.0,6.082762530298979,26.0,15.0,27.5,9.203260291874264,41.0,15.0,38.583333333333336,34.7287105049025,143.0,7.0,30.875,25.92013234668309,143.0,7.0,33.2,30.1,28.3,66.0,79.0,88.0,1.0,0.33,0.66,1004.0,1004.0,1003.0,2074.0,61.0,34.0,41.5,0.7978299026647518,22.568918509542566,35.35292335655862,20.74,33.5,0.033898271287865114,1156.0,3721,1.0,1006009,281.6,46.93333333333334,-10.0,-8.0,0.7999999999999972
74,72.6,2.7,124.3,28.8,52.7,79,0.5,1003,56,34.9,4.9,1.0,2023,7,4,12,1,185,27,1.2246467991473532e-16,-1.0,-0.4999999999999997,-0.8660254037844388,0.7818314824680298,0.6234898018587336,2,1,0,15.0,25.0,26.0,35.0,7.0,26.0,21.0,5.291502622130073,25.0,15.0,25.5,8.526429498916249,41.0,15.0,39.916666666666664,33.69774293313828,143.0,15.0,30.75,25.951878544721996,143.0,7.0,34.0,31.7,28.4,61.0,73.0,88.0,1.0,0.66,0.33,1003.0,1004.0,1003.0,1954.3999999999999,56.0,34.9,39.5,0.7985833825214401,26.878933728248793,46.01999259533506,19.543999999999997,34.4,0.03479557846901449,1218.01,3136,1.0,1006009,304.1,50.68333333333334,8.0,-3.0,0.8999999999999986
65,70.6,2.0,132.0,20.0,52.0,75,0.0,1002,51,35.7,6.6,1.0,2023,7,4,13,1,185,27,-0.2588190451025208,-0.9659258262890683,-0.4999999999999997,-0.8660254037844388,0.7818314824680298,0.6234898018587336,2,1,0,23.0,15.0,25.0,41.0,30.0,29.0,18.0,4.35889894354183,23.0,15.0,21.333333333333332,4.67618077779881,26.0,15.0,38.75,34.3090897046778,143.0,15.0,30.208333333333332,26.125082345061298,143.0,7.0,34.9,33.2,28.6,56.0,66.0,87.0,1.0,1.0,2.4,1003.0,1004.0,1003.0,1820.7,51.0,35.7,0.0,0.7999600019998999,35.28235882058971,65.96701649175412,18.207,35.2,0.03562870695737829,1274.4900000000002,2601,1.0,1004004,292.6,48.76666666666667,-7.0,-9.0,0.8000000000000043
61,70.6,2.7,126.3,21.3,49.3,70,0.0,1001,51,35.7,5.5,1.33,2023,7,4,14,1,185,27,-0.4999999999999997,-0.8660254037844388,-0.4999999999999997,-0.8660254037844388,0.7818314824680298,0.6234898018587336,2,1,0,16.0,23.0,15.0,23.0,30.0,29.0,18.666666666666668,3.7859388972014956,23.0,16.0,20.333333333333332,4.885352256148464,26.0,15.0,37.666666666666664,34.81204946392527,143.0,15.0,29.708333333333332,26.263678285827574,143.0,7.0,35.7,34.0,30.1,51.0,61.0,79.0,1.0,1.0,0.33,1002.0,1003.0,1004.0,1820.7,67.83,47.48100000000001,0.0,0.7980845969672785,26.13846723435764,46.76045908922621,18.207,35.035000000000004,0.0356643000356643,1274.4900000000002,2601,1.7689000000000001,1002001,287.2,47.86666666666667,1.0,2.0,0.0
61,70.6,3.3,120.7,21.3,46.7,66,0.0,1001,52,35.7,3.4,1.66,2023,7,4,15,1,185,27,-0.7071067811865471,-0.7071067811865479,-0.4999999999999997,-0.8660254037844388,0.7818314824680298,0.6234898018587336,2,1,0,17.0,16.0,23.0,26.0,143.0,29.0,16.666666666666668,0.5773502691986081,17.0,16.0,18.833333333333332,4.1190613817536885,25.0,15.0,27.166666666666668,11.035754563593335,44.0,15.0,29.208333333333332,26.39166397816237,143.0,7.0,35.7,34.9,31.7,51.0,56.0,73.0,1.33,1.0,0.66,1001.0,1003.0,1004.0,1856.4,86.32,59.262,0.0,0.7980845969672785,21.38745834595577,36.5646773704938,18.564,34.870000000000005,0.0356643000356643,1274.4900000000002,2704,2.7556,1002001,279.6,46.6,0.0,-6.0,0.0
53,70.6,4.0,115.0,8.8,44.0,62,0.0,1000,52,35.7,1.8,2.0,2023,7,4,16,1,185,27,-0.8660254037844385,-0.5000000000000004,-0.4999999999999997,-0.8660254037844388,0.7818314824680298,0.6234898018587336,2,1,0,17.0,17.0,16.0,25.0,44.0,29.0,13.666666666666666,5.773502691897211,17.0,7.0,15.833333333333334,5.1542862422118185,23.0,7.0,24.083333333333332,11.073788325536132,44.0,7.0,28.291666666666668,26.778445528587675,143.0,7.0,35.7,35.7,33.2,52.0,51.0,66.0,1.66,1.0,1.0,1001.0,1002.0,1004.0,1856.4,104.0,71.4,0.0,0.7953641631632768,17.645588602849283,28.74281429642589,18.564,34.7,0.035699964300035705,1274.4900000000002,2704,4.0,1000000,249.4,41.56666666666667,-10.0,-9.0,0.0
47,90.1,7.3,102.0,8.8,47.7,58,0.5,1001,60,33.6,0.9,1.66,2023,7,4,17,1,185,27,-0.9659258262890683,-0.25881904510252063,-0.4999999999999997,-0.8660254037844388,0.7818314824680298,0.6234898018587336,2,1,0,7.0,17.0,17.0,15.0,44.0,30.0,10.333333333333334,5.7735026918972725,17.0,7.0,14.5,6.316644678940483,23.0,7.0,21.0,10.135446350667802,41.0,7.0,27.333333333333332,27.12397730657392,143.0,7.0,35.7,35.7,34.0,52.0,51.0,61.0,2.0,1.33,1.0,1000.0,1001.0,1003.0,2016.0,99.6,55.775999999999996,29.0,0.7953641631632768,12.340775236269003,13.970688946719628,20.16,32.77,0.0335664000335664,1128.96,3600,2.7556,1002001,262.9,43.81666666666666,0.0,-10.0,-2.1000000000000014
54,109.5,10.7,89.0,17.5,51.3,54,0.0,1002,69,31.6,0.7,1.33,2023,7,4,18,1,185,27,-1.0,-1.8369701987210297e-16,-0.4999999999999997,-0.8660254037844388,0.7818314824680298,0.6234898018587336,2,2,0,7.0,7.0,17.0,23.0,35.0,30.0,9.333333333333334,4.041451884328857,14.0,7.0,13.0,4.7749345545239485,17.0,7.0,19.25,9.274843786971287,41.0,7.0,26.666666666666668,27.251911247959605,143.0,7.0,33.6,35.7,34.9,60.0,52.0,56.0,1.66,1.66,1.0,1001.0,1001.0,1003.0,2180.4,91.77000000000001,42.028000000000006,0.0,0.7999542883263813,10.232688533781891,8.316979721521355,21.804000000000002,30.935000000000002,0.031536894673757816,998.5600000000001,4761,1.7689000000000001,1004004,292.0,48.666666666666664,7.0,-3.0,-2.0
211,129.0,14.0,76.0,126.3,55.0,50,0.0,1003,80,29.5,0.0,1.0,2023,7,4,19,1,185,27,-0.9659258262890684,0.2588190451025203,-0.4999999999999997,-0.8660254037844388,0.7818314824680298,0.6234898018587336,2,2,0,14.0,7.0,7.0,16.0,41.0,24.0,40.666666666666664,52.367292591209434,101.0,7.0,27.166666666666668,36.454995085264464,101.0,7.0,24.25,24.965885815357062,101.0,7.0,29.875,31.174561117513214,143.0,7.0,31.6,35.7,35.7,69.0,52.0,51.0,1.33,2.0,1.0,1002.0,1000.0,1002.0,2360.0,80.0,29.5,0.0,0.7996769621776549,9.213627598028713,5.428183701164203,23.6,29.0,0.029411735382118265,870.25,6400,1.0,1006009,501.3,83.55,87.0,94.0,-2.1000000000000014
211,161.1,16.7,65.3,126.3,66.0,41,0.0,1003,80,29.3,0.0,0.66,2023,7,4,20,1,185,27,-0.8660254037844386,0.5000000000000001,-0.4999999999999997,-0.8660254037844388,0.7818314824680298,0.6234898018587336,2,2,0,101.0,14.0,7.0,17.0,23.0,22.0,72.0,50.22947341949743,101.0,14.0,41.166666666666664,46.512005618621295,101.0,7.0,30.75,33.35518223332282,101.0,7.0,33.166666666666664,34.31904866760263,143.0,7.0,29.5,33.6,35.7,80.0,60.0,51.0,1.0,1.66,1.33,1003.0,1001.0,1001.0,2344.0,52.800000000000004,19.338,0.0,0.7996769621776549,9.646128974312914,3.9099455122447755,23.44,28.970000000000002,0.029212333786307294,858.49,6400,0.43560000000000004,1006009,536.4,89.39999999999999,0.0,94.0,-0.1999999999999993
74,193.2,19.3,54.7,28.8,77.0,33,0.0,1004,81,29.2,0.0,0.33,2023,7,4,21,1,185,27,-0.7071067811865477,0.7071067811865474,-0.4999999999999997,-0.8660254037844388,0.7818314824680298,0.6234898018587336,2,2,0,101.0,101.0,14.0,17.0,26.0,10.0,75.0,45.03332099679079,101.0,23.0,42.166666666666664,45.94961008176957,101.0,7.0,30.5,33.40522550304193,101.0,7.0,33.708333333333336,34.038953601996106,143.0,7.0,29.3,31.6,35.7,80.0,69.0,52.0,0.66,1.33,1.66,1003.0,1002.0,1001.0,2365.2,26.73,9.636000000000001,0.0,0.7985833825214401,10.009844049531111,2.8340500492202474,23.651999999999997,29.035,0.029083636370880107,852.64,6561,0.10890000000000001,1008016,396.0,66.0,-78.0,9.0,-0.10000000000000142
82,225.3,22.0,44.0,33.8,88.0,25,0.0,1005,81,29.0,0.0,1.6,2023,7,4,22,1,185,27,-0.5000000000000004,0.8660254037844384,-0.4999999999999997,-0.8660254037844388,0.7818314824680298,0.6234898018587336,2,3,0,23.0,101.0,101.0,7.0,25.0,10.0,50.333333333333336,43.92417709341106,101.0,23.0,45.5,43.551119388598885,101.0,7.0,30.666666666666668,33.380269984564485,101.0,7.0,34.416666666666664,33.699331262448446,143.0,7.0,29.2,29.5,35.7,81.0,80.0,52.0,0.33,1.0,2.0,1004.0,1003.0,1000.0,2349.0,129.6,46.400000000000006,0.0,0.7987929351202628,10.240443616199263,1.9999090950411345,23.49,28.2,0.028855692680902805,841.0,6561,2.5600000000000005,1010025,440.1,73.35000000000001,4.0,-74.0,-0.1999999999999993
82,218.7,22.3,39.0,33.8,83.7,35,0.0,1004,82,29.2,0.0,1.6,2023,7,4,23,1,185,27,-0.25881904510252157,0.9659258262890681,-0.4999999999999997,-0.8660254037844388,0.7818314824680298,0.6234898018587336,2,3,0,27.0,23.0,101.0,7.0,15.0,10.0,25.666666666666668,2.309401076760539,27.0,23.0,48.833333333333336,40.686197495792854,101.0,14.0,31.666666666666668,33.04634028240644,101.0,7.0,35.125,33.34055175464784,143.0,7.0,29.0,29.3,33.6,81.0,80.0,60.0,1.6,0.66,1.66,1005.0,1003.0,1001.0,2394.4,131.20000000000002,46.72,0.0,0.7987929351202628,9.80673512398547,1.7488005022196313,23.944000000000003,28.4,0.029083636370880107,852.64,6724,2.5600000000000005,1008016,424.5,70.75,0.0,-74.0,0.1999999999999993
82,212.0,22.7,34.0,33.8,79.3,45,0.0,1004,82,29.3,0.0,1.6,2023,7,5,0,2,186,27,0.0,1.0,-0.4999999999999997,-0.8660254037844388,0.9749279121818236,-0.22252093395631434,2,3,0,27.0,27.0,23.0,14.0,23.0,7.0,27.0,0.0,27.0,27.0,51.0,38.76080494520198,101.0,23.0,32.0,32.97106169189736,101.0,7.0,35.958333333333336,32.85340187092894,143.0,7.0,29.2,29.2,31.6,82.0,81.0,69.0,1.6,0.33,1.33,1004.0,1004.0,1002.0,2402.6,131.20000000000002,46.88,0.0,0.7987929351202628,9.338795647768821,1.497731377472358,24.026,28.5,0.029183237865300932,858.49,6724,2.5600000000000005,1008016,408.8,68.13333333333334,0.0,4.0,0.10000000000000142
63,205.4,23.0,29.0,22.5,75.0,56,0.0,1004,83,29.5,0.0,1.2,2023,7,5,1,2,186,27,0.25881904510252074,0.9659258262890683,-0.4999999999999997,-0.8660254037844388,0.9749279121818236,-0.22252093395631434,2,3,0,27.0,27.0,27.0,101.0,16.0,30.0,24.0,5.196152422707571,27.0,18.0,37.166666666666664,31.473269081343588,101.0,18.0,32.166666666666664,32.88777980657942,101.0,7.0,35.458333333333336,33.03881665249385,143.0,7.0,29.3,29.0,29.5,82.0,81.0,80.0,1.6,1.6,1.0,1004.0,1005.0,1003.0,2448.5,99.6,35.4,0.0,0.7999644460246211,8.930046519716534,1.260814747184905,24.485,28.9,0.029382440854142575,870.25,6889,1.44,1008016,372.9,62.15,-9.0,-9.0,0.1999999999999993
63,220.4,25.3,24.7,22.5,88.0,66,0.0,1004,85,29.2,0.0,0.33,2023,7,5,2,2,186,27,0.49999999999999994,0.8660254037844387,-0.4999999999999997,-0.8660254037844388,0.9749279121818236,-0.22252093395631434,2,3,0,18.0,27.0,27.0,101.0,17.0,30.0,21.0,5.196152422707632,27.0,18.0,23.333333333333332,4.412104562071901,27.0,18.0,32.25,32.847097560999366,101.0,7.0,34.958333333333336,33.215343712974246,143.0,7.0,29.5,29.2,29.3,83.0,82.0,80.0,1.2,1.6,0.66,1004.0,1004.0,1003.0,2482.0,28.05,9.636000000000001,0.0,0.7999644460246211,8.711118137623018,0.97624599818189,24.82,29.035,0.029083636370880107,852.64,7225,0.10890000000000001,1008016,398.90000000000003,66.48333333333333,0.0,-9.0,-0.3000000000000007
65,235.4,27.7,20.3,23.8,101.0,77,0.0,1003,87,29.0,0.0,0.66,2023,7,5,3,2,186,27,0.7071067811865476,0.7071067811865476,-0.4999999999999997,-0.8660254037844388,0.9749279121818236,-0.22252093395631434,2,3,0,18.0,18.0,27.0,23.0,17.0,143.0,18.333333333333332,0.5773502691991211,19.0,18.0,22.666666666666668,4.760952285694066,27.0,18.0,32.416666666666664,32.767662366572466,101.0,7.0,29.791666666666668,24.061477721555868,101.0,7.0,29.2,29.3,29.2,85.0,82.0,81.0,0.33,1.6,0.33,1004.0,1004.0,1004.0,2523.0,57.42,19.14,0.0,0.7982857863114995,8.497888162882207,0.7328255297642684,25.23,28.67,0.028913231392590836,841.0,7569,0.43560000000000004,1006009,427.20000000000005,71.2,1.0,-8.0,-0.1999999999999993
67,250.4,30.0,16.0,25.0,114.0,87,0.0,1003,89,28.7,0.0,1.0,2023,7,5,4,2,186,27,0.8660254037844386,0.5000000000000001,-0.4999999999999997,-0.8660254037844388,0.9749279121818236,-0.22252093395631434,2,3,0,19.0,18.0,18.0,27.0,7.0,44.0,19.0,1.0000000000054112,20.0,18.0,21.5,4.324349662086617,27.0,18.0,33.5,32.058185736676755,101.0,7.0,28.791666666666668,23.94373688946413,101.0,7.0,29.0,29.5,29.0,87.0,83.0,81.0,0.66,1.2,1.6,1003.0,1004.0,1005.0,2554.2999999999997,89.0,28.7,0.0,0.7999680012799487,8.346388453718209,0.5333155561481284,25.542999999999996,28.2,0.028614128998874378,823.6899999999999,7921,1.0,1006009,455.4,75.89999999999999,1.0,2.0,-0.3000000000000007
80,243.0,27.7,26.7,32.5,121.3,79,0.0,1003,89,29.1,0.0,1.0,2023,7,5,5,2,186,27,0.9659258262890683,0.25881904510252074,-0.4999999999999997,-0.8660254037844388,0.9749279121818236,-0.22252093395631434,2,3,0,20.0,19.0,18.0,27.0,7.0,44.0,21.666666666666668,3.7859388972015364,26.0,19.0,21.333333333333332,4.082482904637235,27.0,18.0,35.083333333333336,31.084805798253647,101.0,14.0,28.041666666666668,23.727582860582284,101.0,7.0,28.7,29.2,29.2,89.0,85.0,82.0,1.0,0.33,1.6,1003.0,1004.0,1004.0,2589.9,89.0,29.1,0.0,0.7999753853727578,8.772246489296416,0.9638641204288654,25.899,28.6,0.029012932190496322,846.8100000000001,7921,1.0,1006009,477.2,79.53333333333333,6.0,8.0,0.40000000000000213
80,235.6,25.3,37.3,32.5,128.7,70,0.5,1003,88,29.6,0.9,1.0,2023,7,5,6,2,186,27,1.0,6.123233995736766e-17,-0.4999999999999997,-0.8660254037844388,0.9749279121818236,-0.22252093395631434,2,0,0,26.0,20.0,19.0,27.0,14.0,35.0,24.0,3.464101615139162,26.0,20.0,21.166666666666668,3.816630276389795,26.0,18.0,36.083333333333336,30.533017399450447,101.0,18.0,27.666666666666668,23.683908803909144,101.0,7.0,29.1,29.0,29.3,89.0,87.0,82.0,1.0,0.66,1.6,1003.0,1003.0,1004.0,2604.8,88.0,29.6,35.0,0.7999753853727578,9.311884905734951,1.474250029643097,26.048000000000002,29.1,0.02951143618002375,876.1600000000001,7744,1.0,1006009,485.4,80.89999999999999,0.0,7.0,0.5
102,228.2,23.0,48.0,45.0,136.0,62,0.0,1004,88,30.0,1.8,1.0,2023,7,5,7,2,186,27,0.9659258262890683,-0.25881904510252063,-0.4999999999999997,-0.8660254037844388,0.9749279121818236,-0.22252093395631434,2,0,0,26.0,26.0,20.0,18.0,101.0,41.0,29.333333333333332,5.773502691897004,36.0,26.0,24.166666666666668,6.765106552498331,36.0,18.0,30.666666666666668,22.74096557210154,101.0,18.0,27.458333333333332,23.58330132634692,101.0,7.0,29.6,28.7,29.5,88.0,89.0,83.0,1.0,1.0,1.2,1003.0,1003.0,1004.0,2640.0,88.0,30.0,0.0,0.7999822226172753,9.921307769227424,2.0868657884439807,26.4,29.5,0.029880448326246686,900.0,7744,1.0,1008016,516.2,86.03333333333335,10.0,16.0,0.3999999999999986
65,186.9,17.3,79.3,23.8,128.0,70,0.0,1004,81,30.8,2.7,1.33,2023,7,5,8,2,186,27,0.8660254037844387,-0.4999999999999998,-0.4999999999999997,-0.8660254037844388,0.9749279121818236,-0.22252093395631434,2,0,0,36.0,26.0,26.0,18.0,101.0,23.0,27.0,8.544003745318065,36.0,19.0,24.333333333333332,6.592925501373111,36.0,19.0,23.833333333333332,5.373898759632575,36.0,18.0,27.291666666666668,23.630266455408922,101.0,7.0,30.0,29.1,29.2,88.0,89.0,85.0,1.0,1.0,0.33,1004.0,1003.0,1004.0,2494.8,107.73,40.964000000000006,0.0,0.7982857863114995,10.802843766256284,4.5835500838101835,24.948,30.135,0.030677260281613265,948.6400000000001,6561,1.7689000000000001,1008016,454.3,75.71666666666667,-17.0,-7.0,0.8000000000000007
80,145.7,11.7,110.7,32.5,120.0,79,0.0,1004,76,31.7,3.9,1.66,2023,7,5,9,2,186,27,0.7071067811865476,-0.7071067811865475,-0.4999999999999997,-0.8660254037844388,0.9749279121818236,-0.22252093395631434,2,0,0,19.0,36.0,26.0,19.0,23.0,26.0,27.0,8.544003745318065,36.0,19.0,25.5,6.0580524923435135,36.0,19.0,24.083333333333332,5.401318581997831,36.0,18.0,27.291666666666668,23.630266455408922,101.0,7.0,30.8,29.6,29.0,81.0,88.0,87.0,1.33,1.0,0.66,1004.0,1003.0,1003.0,2409.2,126.16,52.62199999999999,0.0,0.7999753853727578,12.451927185710623,9.46072985214939,24.092,30.87,0.031573673731400666,1004.89,5776,2.7556,1008016,446.59999999999997,74.43333333333332,7.0,0.0,0.8999999999999986
89,104.5,6.0,142.0,37.5,112.0,87,0.0,1004,70,32.5,3.4,2.0,2023,7,5,10,2,186,27,0.49999999999999994,-0.8660254037844387,-0.4999999999999997,-0.8660254037844388,0.9749279121818236,-0.22252093395631434,2,0,0,26.0,19.0,36.0,20.0,27.0,25.0,25.0,5.5677643628308795,30.0,19.0,27.166666666666668,5.600595206463011,36.0,19.0,24.333333333333332,5.61383572213724,36.0,18.0,27.5,23.63122473780605,101.0,7.0,31.7,30.0,28.7,76.0,88.0,89.0,1.66,1.0,1.0,1004.0,1004.0,1003.0,2275.0,140.0,65.0,0.0,0.7999786672355405,17.413764372604565,23.66272287952008,22.75,31.5,0.032370485686767245,1056.25,4900,4.0,1008016,432.0,72.0,4.0,-6.0,0.8000000000000007
82,96.1,5.0,144.3,33.8,96.3,75,0.0,1004,63,33.5,6.6,2.33,2023,7,5,11,2,186,27,0.258819045102521,-0.9659258262890682,-0.4999999999999997,-0.8660254037844388,0.9749279121818236,-0.22252093395631434,2,0,0,30.0,26.0,19.0,26.0,27.0,15.0,27.666666666666668,2.08166599946829,30.0,26.0,27.333333333333332,5.573747990953349,36.0,19.0,24.333333333333332,5.61383572213724,36.0,18.0,28.0,23.481722772144025,101.0,7.0,32.5,30.8,29.1,70.0,81.0,89.0,2.0,1.33,1.0,1004.0,1004.0,1003.0,2110.5,146.79,78.055,0.0,0.7987929351202628,19.216156768646268,28.85422915416917,21.105,32.335,0.03336650063097547,1122.25,3969,5.4289000000000005,1008016,402.5,67.08333333333333,-3.0,8.0,1.0
83,87.7,4.0,146.7,33.8,80.7,62,0.5,1003,57,34.5,9.1,2.66,2023,7,5,12,2,186,27,1.2246467991473532e-16,-1.0,-0.4999999999999997,-0.8660254037844388,0.9749279121818236,-0.22252093395631434,2,1,0,27.0,30.0,26.0,26.0,27.0,23.0,28.0,1.7320508075714491,30.0,27.0,27.5,5.5407580708771125,36.0,19.0,24.333333333333332,5.61383572213724,36.0,18.0,28.166666666666668,23.45887551822788,101.0,7.0,33.5,31.7,29.6,63.0,76.0,88.0,2.33,1.66,1.0,1004.0,1004.0,1003.0,1966.5,151.62,91.77000000000001,31.0,0.7987929351202628,21.919520119970006,36.66583354161459,19.665,33.17,0.034396775277392544,1190.25,3249,7.0756000000000006,1006009,379.9,63.31666666666666,0.0,1.0,1.0
86,79.4,3.0,149.0,32.5,65.0,50,0.0,1002,52,35.5,8.2,3.0,2023,7,5,13,2,186,27,-0.2588190451025208,-0.9659258262890683,-0.4999999999999997,-0.8660254037844388,0.9749279121818236,-0.22252093395631434,2,1,0,27.0,27.0,30.0,36.0,18.0,16.0,26.666666666666668,0.5773502691975881,27.0,26.0,25.833333333333332,3.6560452221842383,30.0,19.0,25.0,5.257029925381463,36.0,18.0,28.583333333333332,23.32178803397052,101.0,7.0,34.5,32.5,30.0,57.0,70.0,88.0,2.66,2.0,1.0,1003.0,1004.0,1004.0,1846.0,156.0,106.5,0.0,0.7999753853727578,26.45784738420527,49.65011662779074,18.46,34.0,0.03542910635817729,1260.25,2704,9.0,1004004,354.9,59.15,-1.0,-4.0,1.0
74,77.0,3.3,139.0,26.3,58.3,50,0.0,1002,51,35.5,5.7,2.66,2023,7,5,14,2,186,27,-0.4999999999999997,-0.8660254037844388,-0.4999999999999997,-0.8660254037844388,0.9749279121818236,-0.22252093395631434,2,1,0,26.0,27.0,27.0,19.0,18.0,17.0,24.666666666666668,3.2145502536658155,27.0,21.0,26.166666666666668,2.9268868558002477,30.0,21.0,25.25,4.956630086881046,36.0,19.0,28.75,23.24959092674258,101.0,7.0,35.5,33.5,30.8,52.0,63.0,81.0,3.0,2.33,1.33,1002.0,1004.0,1004.0,1810.5,135.66,94.43,0.0,0.79844872818524,23.326264768252045,42.1084519842472,18.105,34.17,0.03542910635817729,1260.25,2601,7.0756000000000006,1004004,324.90000000000003,54.150000000000006,-5.0,-6.0,0.0
72,74.7,3.7,129.0,27.5,51.7,50,0.0,1001,50,35.5,3.4,2.33,2023,7,5,15,2,186,27,-0.7071067811865471,-0.7071067811865479,-0.4999999999999997,-0.8660254037844388,0.9749279121818236,-0.22252093395631434,2,1,0,21.0,26.0,27.0,26.0,19.0,17.0,23.0,2.645751311066477,26.0,21.0,25.5,3.3911649915610798,30.0,21.0,25.5,4.680714786128662,36.0,19.0,28.958333333333332,23.16196125709919,101.0,7.0,35.5,34.5,31.7,51.0,57.0,76.0,2.66,2.66,1.66,1002.0,1003.0,1004.0,1775.0,116.5,82.715,0.0,0.7999709101487218,20.183734125911915,34.85544447446636,17.75,34.335,0.0354645000354645,1260.25,2500,5.4289000000000005,1002001,308.59999999999997,51.43333333333333,1.0,-5.0,0.0
82,72.4,4.0,119.0,33.8,45.0,50,0.5,1001,49,35.5,2.1,2.0,2023,7,5,16,2,186,27,-0.8660254037844385,-0.5000000000000004,-0.4999999999999997,-0.8660254037844388,0.9749279121818236,-0.22252093395631434,2,1,0,22.0,21.0,26.0,30.0,20.0,7.0,23.333333333333332,3.2145502536658603,27.0,21.0,25.0,2.7568097504161138,27.0,21.0,26.083333333333332,4.358029857907905,36.0,19.0,29.791666666666668,22.69261355915024,101.0,7.0,35.5,35.5,32.5,50.0,52.0,70.0,2.33,3.0,2.0,1001.0,1002.0,1004.0,1739.5,98.0,71.0,25.0,0.7987929351202628,18.09547613096726,29.74256435891027,17.395,34.5,0.0354645000354645,1260.25,2401,4.0,1002001,301.2,50.199999999999996,5.0,1.0,0.0
59,85.6,6.7,104.7,20.0,44.3,66,1.5,1002,60,33.1,1.0,2.0,2023,7,5,17,2,186,27,-0.9659258262890683,-0.25881904510252063,-0.4999999999999997,-0.8660254037844388,0.9749279121818236,-0.22252093395631434,2,1,0,27.0,22.0,21.0,27.0,26.0,7.0,21.666666666666668,5.507570547287035,27.0,16.0,23.166666666666668,4.35507366948662,27.0,16.0,25.25,5.241876832515747,36.0,16.0,30.166666666666668,22.371695367655764,101.0,14.0,35.5,35.5,33.5,49.0,51.0,63.0,2.0,2.66,2.33,1001.0,1002.0,1004.0,1986.0,120.0,66.2,99.0,0.7999600019998999,12.774212804059093,15.624533651693776,19.86,32.1,0.03303389916776531,1095.6100000000001,3600,4.0,1004004,277.3,46.21666666666667,-11.0,-5.0,-2.3999999999999986
50,98.8,9.3,90.3,15.0,43.7,83,8.5,1002,73,30.6,1.2,2.0,2023,7,5,18,2,186,27,-1.0,-1.8369701987210297e-16,-0.4999999999999997,-0.8660254037844388,0.9749279121818236,-0.22252093395631434,2,2,0,16.0,27.0,22.0,27.0,26.0,14.0,18.333333333333332,7.767453465154736,27.0,12.0,20.666666666666668,5.785038173310108,27.0,12.0,24.083333333333332,6.473137967903033,36.0,12.0,30.083333333333332,22.438159784009816,101.0,12.0,33.1,35.5,34.5,60.0,50.0,57.0,2.0,2.33,2.66,1002.0,1001.0,1003.0,2233.8,146.0,61.2,705.5,0.7999466702219852,10.62251370820342,9.708633480270938,22.338,29.6,0.030538891677752818,936.3600000000001,5329,4.0,1004004,269.09999999999997,44.849999999999994,-4.0,-10.0,-2.5
72,112.1,12.0,76.0,27.5,43.0,100,1.5,1003,89,28.2,0.0,2.0,2023,7,5,19,2,186,27,-0.9659258262890684,0.2588190451025203,-0.4999999999999997,-0.8660254037844388,0.9749279121818236,-0.22252093395631434,2,2,0,12.0,16.0,27.0,26.0,36.0,101.0,16.666666666666668,5.0332229568482925,22.0,12.0,20.0,5.25357021462437,27.0,12.0,22.916666666666668,5.28218848125546,30.0,12.0,26.791666666666668,16.623658276467136,101.0,12.0,30.6,35.5,35.5,73.0,49.0,52.0,2.0,2.0,3.0,1002.0,1001.0,1002.0,2509.7999999999997,178.0,56.4,150.0,0.7999709101487218,9.340888259311724,6.332805599533373,25.098,27.2,0.02811562500934695,795.24,7921,4.0,1006009,292.6,48.76666666666667,10.0,-5.0,-2.400000000000002
118,109.3,11.0,70.0,52.5,39.0,87,0.0,1003,90,28.0,0.0,1.66,2023,7,5,20,2,186,27,-0.8660254037844386,0.5000000000000001,-0.4999999999999997,-0.8660254037844388,0.9749279121818236,-0.22252093395631434,2,2,0,22.0,12.0,16.0,21.0,19.0,101.0,25.333333333333332,15.27525231651978,42.0,12.0,23.5,10.464224768227652,42.0,12.0,24.833333333333332,7.456947137136834,42.0,12.0,24.333333333333332,6.37704215656966,42.0,12.0,28.2,33.1,35.5,89.0,60.0,51.0,2.0,2.0,2.66,1003.0,1002.0,1002.0,2520.0,149.4,46.48,0.0,0.7999847621950058,9.935460412689755,6.363057903826925,25.2,27.17,0.02791622341353598,784.0,8100,2.7556,1006009,323.8,53.96666666666667,20.0,26.0,-0.1999999999999993
93,106.6,10.0,64.0,40.0,35.0,75,0.0,1004,91,27.9,0.0,1.33,2023,7,5,21,2,186,27,-0.7071067811865477,0.7071067811865474,-0.4999999999999997,-0.8660254037844388,0.9749279121818236,-0.22252093395631434,2,2,0,42.0,22.0,12.0,22.0,26.0,23.0,32.0,10.000000000000412,42.0,22.0,25.166666666666668,10.962055768269748,42.0,12.0,25.333333333333332,7.738138528016959,42.0,12.0,24.708333333333332,6.557300390084106,42.0,12.0,28.0,30.6,35.5,90.0,73.0,50.0,1.66,2.0,2.33,1003.0,1002.0,1001.0,2538.9,121.03,37.107,0.0,0.7999800004999875,10.65893410658934,6.399360063993601,25.389,27.235,0.027788816943409417,778.41,8281,1.7689000000000001,1008016,287.6,47.93333333333334,-10.0,20.0,-0.10000000000000142
85,103.9,9.0,58.0,35.0,31.0,62,0.0,1005,92,27.7,0.0,1.0,2023,7,5,22,2,186,27,-0.5000000000000004,0.8660254037844384,-0.4999999999999997,-0.8660254037844388,0.9749279121818236,-0.22252093395631434,2,3,0,32.0,42.0,22.0,27.0,30.0,27.0,34.0,7.211102550928523,42.0,28.0,25.333333333333332,11.003029885747656,42.0,12.0,25.166666666666668,7.649519691793996,42.0,12.0,24.75,6.5756467693134715,42.0,12.0,27.9,28.2,35.5,91.0,89.0,49.0,1.33,2.0,2.0,1004.0,1003.0,1001.0,2548.4,92.0,27.7,0.0,0.7999771435101855,11.543161870903234,6.443728474613932,25.484,27.2,0.02756216162968992,767.29,8464,1.0,1010025,264.9,44.15,-4.0,6.0,-0.1999999999999993
69,96.5,8.0,72.7,26.3,30.0,45,0.0,1004,90,27.9,0.0,1.33,2023,7,5,23,2,186,27,-0.25881904510252157,0.9659258262890681,-0.4999999999999997,-0.8660254037844388,0.9749279121818236,-0.22252093395631434,2,3,0,28.0,32.0,42.0,16.0,27.0,27.0,27.0,5.567764362830847,32.0,21.0,26.166666666666668,10.323113225507907,42.0,12.0,24.666666666666668,7.714606374608113,42.0,12.0,24.5,6.6003952450822485,42.0,12.0,27.7,28.0,33.1,92.0,90.0,60.0,1.0,1.66,2.0,1005.0,1003.0,1002.0,2511.0,119.7,37.107,0.0,0.79844872818524,12.060992375953006,9.086364204474442,25.11,27.235,0.027788816943409417,778.41,8100,1.7689000000000001,1008016,254.5,42.416666666666664,-7.0,-21.0,0.1999999999999993
56,89.1,7.0,87.3,18.8,29.0,29,0.0,1004,88,28.0,0.0,1.66,2023,7,6,0,3,187,27,0.0,1.0,-0.4999999999999997,-0.8660254037844388,0.43388373911755823,-0.900968867902419,2,3,0,21.0,28.0,32.0,12.0,27.0,27.0,21.333333333333332,6.506407098648501,28.0,15.0,26.666666666666668,9.542885657213775,42.0,15.0,23.666666666666668,8.150106896491302,42.0,12.0,24.0,6.852482888641918,42.0,12.0,27.9,27.9,30.6,90.0,91.0,73.0,1.33,1.33,2.0,1004.0,1004.0,1002.0,2464.0,146.07999999999998,46.48,0.0,0.7978299026647518,12.726753320954147,12.469647193258105,24.64,27.17,0.027888418437830242,784.0,7744,2.7556,1008016,246.2,41.03333333333333,-6.0,-17.0,0.10000000000000142
67,81.7,6.0,102.0,25.0,28.0,12,0.0,1004,87,28.2,0.0,2.0,2023,7,6,1,3,187,27,0.25881904510252074,0.9659258262890683,-0.4999999999999997,-0.8660254037844388,0.43388373911755823,-0.900968867902419,2,3,0,15.0,21.0,28.0,22.0,26.0,18.0,18.666666666666668,3.2145502536659936,21.0,15.0,26.333333333333332,9.77070451229881,42.0,15.0,23.166666666666668,8.17794521128508,42.0,12.0,24.083333333333332,6.788203749514845,42.0,12.0,28.0,27.7,28.2,88.0,92.0,89.0,1.66,1.0,2.0,1004.0,1005.0,1003.0,2453.4,174.0,56.4,0.0,0.7999680012799487,13.614397600399933,16.997167138810198,24.534000000000002,27.2,0.028087621426671885,795.24,7569,4.0,1008016,262.7,43.78333333333333,5.0,-8.0,0.1999999999999993
65,84.4,6.7,97.0,23.8,34.0,12,0.5,1004,88,28.1,0.0,1.66,2023,7,6,2,3,187,27,0.49999999999999994,0.8660254037844387,-0.4999999999999997,-0.8660254037844388,0.43388373911755823,-0.900968867902419,2,3,0,20.0,15.0,21.0,42.0,21.0,18.0,18.0,2.645751311066649,20.0,15.0,22.5,6.284902544987379,32.0,15.0,23.0,8.246211251234879,42.0,12.0,24.125,6.7522138076595075,42.0,12.0,28.2,27.9,28.0,87.0,90.0,90.0,2.0,1.33,1.66,1004.0,1004.0,1003.0,2472.8,146.07999999999998,46.646,6.0,0.7982857863114995,12.595135054469482,14.475451425160422,24.728,27.270000000000003,0.027988019932251064,789.6100000000001,7744,2.7556,1008016,264.90000000000003,44.150000000000006,-1.0,-2.0,-0.09999999999999787
65,87.2,7.3,92.0,23.8,40.0,12,0.5,1004,88,28.1,0.0,1.33,2023,7,6,3,3,187,27,0.7071067811865476,0.7071067811865476,-0.4999999999999997,-0.8660254037844388,0.43388373911755823,-0.900968867902419,2,3,0,19.0,20.0,15.0,32.0,22.0,19.0,19.333333333333332,0.5773502691988482,20.0,19.0,20.333333333333332,4.273952113285205,28.0,15.0,22.75,8.324389139477278,42.0,12.0,24.125,6.7522138076595075,42.0,12.0,28.1,28.0,27.9,88.0,88.0,91.0,1.66,1.66,1.33,1004.0,1004.0,1004.0,2472.8,117.04,37.373000000000005,6.0,0.7982857863114995,11.943569374058349,12.601013559786331,24.728,27.435000000000002,0.027988019932251064,789.6100000000001,7744,1.7689000000000001,1008016,269.3,44.88333333333333,0.0,4.0,0.0
67,89.9,8.0,87.0,25.0,46.0,12,0.25,1003,89,28.0,0.0,1.0,2023,7,6,4,3,187,27,0.8660254037844386,0.5000000000000001,-0.4999999999999997,-0.8660254037844388,0.43388373911755823,-0.900968867902419,2,3,0,19.0,19.0,20.0,28.0,27.0,20.0,19.333333333333332,0.5773502691988482,20.0,19.0,19.0,2.0976176963374753,21.0,15.0,22.166666666666668,8.244373655390064,42.0,12.0,24.125,6.7522138076595075,42.0,12.0,28.1,28.2,27.7,88.0,87.0,92.0,1.33,2.0,1.0,1004.0,1004.0,1005.0,2492.0,89.0,28.0,3.0,0.7999680012799487,11.236095488063993,10.873640794900638,24.92,27.5,0.02791622341353598,784.0,7921,1.0,1006009,275.9,45.98333333333333,1.0,0.0,-0.10000000000000142
61,92.2,8.3,80.3,21.3,47.7,13,0.0,1004,89,28.4,0.0,1.0,2023,7,6,5,3,187,27,0.9659258262890683,0.25881904510252074,-0.4999999999999997,-0.8660254037844388,0.43388373911755823,-0.900968867902419,2,3,0,20.0,19.0,19.0,21.0,16.0,26.0,18.666666666666668,1.5275252316554726,20.0,17.0,18.333333333333332,1.9663841604973002,20.0,15.0,22.25,8.181186844328328,42.0,12.0,23.75,6.892024376045094,42.0,12.0,28.0,28.1,27.9,89.0,88.0,90.0,1.0,1.66,1.33,1003.0,1004.0,1004.0,2527.6,89.0,28.4,0.0,0.7980845969672785,11.107095530658956,9.67353330923985,25.276,27.9,0.02828682441551353,806.56,7921,1.0,1008016,266.8,44.46666666666667,-3.0,-2.0,0.3999999999999986
67,94.5,8.7,73.7,25.0,49.3,15,0.0,1004,89,28.8,2.0,1.0,2023,7,6,6,3,187,27,1.0,6.123233995736766e-17,-0.4999999999999997,-0.8660254037844388,0.43388373911755823,-0.900968867902419,2,0,0,17.0,20.0,19.0,15.0,12.0,26.0,19.0,1.7320508075719694,20.0,17.0,19.166666666666668,1.169045194444953,20.0,17.0,22.916666666666668,7.573378414291294,42.0,15.0,23.5,6.915640748081223,42.0,12.0,28.4,28.1,28.0,89.0,88.0,88.0,1.0,1.33,1.66,1004.0,1004.0,1004.0,2563.2000000000003,89.0,28.8,0.0,0.7999680012799487,10.860820595333871,8.470290771175728,25.632,28.3,0.02868523039319682,829.44,7921,1.0,1008016,271.2,45.199999999999996,3.0,1.0,0.40000000000000213
67,96.9,9.0,67.0,25.0,51.0,16,0.0,1004,90,29.2,2.5,1.0,2023,7,6,7,3,187,27,0.9659258262890683,-0.25881904510252063,-0.4999999999999997,-0.8660254037844388,0.43388373911755823,-0.900968867902419,2,0,0,20.0,17.0,20.0,20.0,22.0,36.0,19.0,1.7320508075719694,20.0,17.0,19.166666666666668,1.169045194444953,20.0,17.0,22.75,7.617265078275796,42.0,15.0,22.833333333333332,6.41104120056655,42.0,12.0,28.8,28.0,28.2,89.0,89.0,87.0,1.0,1.0,2.0,1004.0,1003.0,1004.0,2628.0,90.0,29.2,0.0,0.7999680012799487,10.765470503277415,7.443617375847128,26.28,28.7,0.029083636370880107,852.64,8100,1.0,1008016,268.9,44.81666666666666,0.0,0.0,0.3999999999999986
80,93.2,7.7,89.3,32.5,58.7,18,0.0,1004,81,30.5,4.0,0.66,2023,7,6,8,3,187,27,0.8660254037844387,-0.4999999999999998,-0.4999999999999997,-0.8660254037844388,0.43388373911755823,-0.900968867902419,2,0,0,20.0,20.0,17.0,19.0,42.0,19.0,22.0,3.464101615139221,26.0,20.0,20.333333333333332,3.0110906108343984,26.0,17.0,21.416666666666668,4.8328108390514695,32.0,15.0,23.125,6.38825348657168,42.0,12.0,29.2,28.4,28.1,90.0,89.0,88.0,1.0,1.0,1.66,1004.0,1004.0,1004.0,2470.5,53.46,20.130000000000003,0.0,0.7999753853727578,12.102324373457993,11.595896636800415,24.705,30.17,0.0303784557983508,930.25,6561,0.43560000000000004,1008016,307.4,51.23333333333333,6.0,9.0,1.3000000000000007
76,89.5,6.3,111.7,33.0,66.3,19,0.0,1005,73,31.7,6.4,0.33,2023,7,6,9,3,187,27,0.7071067811865476,-0.7071067811865475,-0.4999999999999997,-0.8660254037844388,0.43388373911755823,-0.900968867902419,2,0,0,26.0,20.0,20.0,19.0,32.0,26.0,23.333333333333332,3.0550504633055167,26.0,20.0,21.166666666666668,3.2506409624342143,26.0,17.0,20.75,3.6462932610319956,28.0,15.0,23.041666666666668,6.3621104419337025,42.0,12.0,30.5,28.8,28.1,81.0,89.0,88.0,0.66,1.0,1.33,1004.0,1004.0,1004.0,2314.1,24.09,10.461,0.0,0.7272506893730494,14.20409458816061,17.727344865894302,23.141,31.535,0.031542257171883414,1004.89,5329,0.10890000000000001,1010025,330.8,55.13333333333333,-2.0,4.0,1.1999999999999993
80,85.8,5.0,134.0,37.0,74.0,20,0.0,1005,66,33.0,9.0,2.4,2023,7,6,10,3,187,27,0.49999999999999994,-0.8660254037844387,-0.4999999999999997,-0.8660254037844388,0.43388373911755823,-0.900968867902419,2,0,0,24.0,26.0,20.0,20.0,28.0,30.0,25.333333333333332,1.1547005383833844,26.0,24.0,22.166666666666668,3.7103458958236533,26.0,17.0,20.583333333333332,3.3154825052195718,26.0,15.0,22.875,6.22276675498576,42.0,12.0,31.7,29.2,28.0,73.0,90.0,89.0,0.33,1.0,1.0,1005.0,1004.0,1003.0,2178.0,158.4,79.2,0.0,0.7026837112510473,17.156568686262744,26.79464107178564,21.78,31.8,0.032835788223096296,1089.0,4356,5.76,1010025,361.8,60.300000000000004,2.0,6.0,1.3000000000000007
70,80.7,4.3,136.0,29.7,68.7,22,0.0,1004,61,34.1,11.1,1.0,2023,7,6,11,3,187,27,0.258819045102521,-0.9659258262890682,-0.4999999999999997,-0.8660254037844388,0.43388373911755823,-0.900968867902419,2,0,0,26.0,24.0,26.0,17.0,21.0,27.0,23.776666666666667,2.3429966567076383,26.0,21.33,22.888333333333332,2.818300315199849,26.0,20.0,20.610833333333332,3.32061729839755,26.0,15.0,22.63875,6.166730028072402,42.0,12.0,33.0,30.5,28.4,66.0,81.0,89.0,2.4,0.66,1.0,1005.0,1004.0,1004.0,2080.1,61.0,34.1,0.0,0.7181576377899733,18.763078353871194,31.620553359683793,20.801,33.6,0.0339641095975004,1162.8100000000002,3721,1.0,1008016,340.72999999999996,56.78833333333333,-4.670000000000002,-4.670000000000002,1.1000000000000014
72,75.7,3.7,138.0,22.3,63.3,23,0.0,1004,56,35.1,10.4,2.0,2023,7,6,12,3,187,27,1.2246467991473532e-16,-1.0,-0.4999999999999997,-0.8660254037844388,0.43388373911755823,-0.900968867902419,2,1,0,21.33,26.0,24.0,20.0,15.0,27.0,21.333333333333332,4.665000893177151,26.0,16.67,22.333333333333332,3.69299697625864,26.0,16.67,20.75,3.0911574766496996,26.0,16.67,22.208333333333332,6.20944628677993,42.0,12.0,34.1,31.7,28.8,61.0,73.0,89.0,1.0,0.33,1.0,1004.0,1005.0,1004.0,1965.6000000000001,112.0,70.2,0.0,0.7475001121025963,20.453931369900026,37.28721967035936,19.656000000000002,34.1,0.034960124541708625,1232.01,3136,4.0,1008016,319.67,53.278333333333336,-4.659999999999997,-7.329999999999998,1.0
75,70.6,3.0,140.0,15.0,58.0,25,0.0,1003,52,36.2,10.0,3.0,2023,7,6,13,3,187,27,-0.2588190451025208,-0.9659258262890683,-0.4999999999999997,-0.8660254037844388,0.43388373911755823,-0.900968867902419,2,1,0,16.67,21.33,26.0,20.0,20.0,26.0,16.666666666666668,4.665000893177243,21.33,12.0,21.0,5.636626650753848,26.0,12.0,20.083333333333332,3.997436299641283,26.0,12.0,21.625,6.489063709510488,42.0,12.0,35.1,33.0,29.2,56.0,66.0,90.0,2.0,2.4,1.0,1004.0,1005.0,1004.0,1882.4,156.0,108.60000000000001,0.0,0.7999466702219852,23.525491502832388,46.65111629456848,18.824,34.7,0.036091688841785804,1310.4400000000003,2704,9.0,1006009,298.6,49.76666666666667,-4.670000000000002,-14.0,1.1000000000000014
68,70.4,3.3,134.7,8.8,55.7,25,0.0,1003,50,36.3,8.4,3.0,2023,7,6,14,3,187,27,-0.4999999999999997,-0.8660254037844388,-0.4999999999999997,-0.8660254037844388,0.43388373911755823,-0.900968867902419,2,1,0,12.0,16.67,21.33,26.0,19.0,21.0,11.89,4.835938378434122,16.67,7.0,17.833333333333332,7.344264882658756,26.0,7.0,19.083333333333332,5.508460159910952,26.0,7.0,21.041666666666668,7.143912377540047,42.0,7.0,36.2,34.1,30.5,52.0,61.0,81.0,3.0,1.0,0.66,1003.0,1004.0,1004.0,1814.9999999999998,150.0,108.89999999999999,0.0,0.7953641631632768,21.326870645259017,40.80581641926689,18.15,34.8,0.036191389639691283,1317.6899999999998,2500,9.0,1006009,279.9,46.65,-5.0,-14.329999999999998,0.09999999999999432
62,70.2,3.7,129.3,8.8,53.3,25,0.0,1002,49,36.5,5.7,3.0,2023,7,6,15,3,187,27,-0.7071067811865471,-0.7071067811865479,-0.4999999999999997,-0.8660254037844388,0.43388373911755823,-0.900968867902419,2,1,0,7.0,12.0,16.67,24.0,19.0,22.0,8.666666666666666,2.886751345950317,12.0,7.0,15.0,7.7570329379207505,26.0,7.0,18.083333333333332,6.521115818258745,26.0,7.0,20.416666666666668,7.691585275999329,42.0,7.0,36.3,35.1,31.7,50.0,56.0,73.0,3.0,2.0,0.33,1003.0,1004.0,1005.0,1788.5,147.0,109.5,0.0,0.7953641631632768,18.967846527965417,34.936503647662796,17.885,35.0,0.03642710935418228,1332.25,2401,9.0,1004004,272.3,45.38333333333333,0.0,-9.670000000000002,0.20000000000000284
55,70.0,4.0,124.0,3.8,51.0,25,0.0,1001,47,36.6,3.8,3.0,2023,7,6,16,3,187,27,-0.8660254037844385,-0.5000000000000004,-0.4999999999999997,-0.8660254037844388,0.43388373911755823,-0.900968867902419,2,1,0,7.0,7.0,12.0,26.0,20.0,27.0,5.666666666666667,2.3094010767613584,7.0,3.0,11.166666666666666,6.865728414862724,21.33,3.0,16.666666666666668,7.789996304507172,26.0,3.0,19.416666666666668,8.331947768870537,42.0,3.0,36.5,36.2,33.0,49.0,52.0,66.0,3.0,3.0,2.4,1002.0,1003.0,1005.0,1720.2,141.0,109.80000000000001,0.0,0.7892659826361484,17.49562609347663,30.992251937015745,17.202,35.1,0.0365634000365634,1339.5600000000002,2209,9.0,1002001,255.8,42.63333333333333,-4.0,-9.0,0.10000000000000142
49,74.3,5.7,106.0,3.8,43.3,41,0.0,1002,53,35.4,1.7,3.33,2023,7,6,17,3,187,27,-0.9659258262890683,-0.25881904510252063,-0.4999999999999997,-0.8660254037844388,0.43388373911755823,-0.900968867902419,2,1,0,3.0,7.0,7.0,21.33,17.0,16.0,4.333333333333333,2.3094010767614117,7.0,3.0,8.111666666666666,5.349655752163203,16.67,3.0,15.5,8.727479069529982,26.0,3.0,18.875,8.962440467329918,42.0,3.0,36.6,36.3,34.1,47.0,50.0,61.0,3.0,3.0,1.0,1001.0,1003.0,1004.0,1876.1999999999998,176.49,117.88199999999999,0.0,0.7892659826361484,13.032801262936326,18.593229258024905,18.761999999999997,33.735,0.03532930605857679,1253.1599999999999,2809,11.0889,1004004,236.10000000000002,39.35,0.0,-4.0,-1.2000000000000028
41,78.6,7.3,88.0,3.8,35.7,58,0.0,1002,59,34.2,1.6,3.66,2023,7,6,18,3,187,27,-1.0,-1.8369701987210297e-16,-0.4999999999999997,-0.8660254037844388,0.43388373911755823,-0.900968867902419,2,2,0,3.0,3.0,7.0,16.67,20.0,12.0,3.0,0.0,3.0,3.0,5.833333333333333,3.6009258068797276,12.0,3.0,14.083333333333334,9.292100587774888,26.0,3.0,18.5,9.438261169995322,42.0,3.0,35.4,36.5,35.1,53.0,49.0,56.0,3.33,3.0,2.0,1002.0,1002.0,1004.0,2017.8000000000002,215.94,125.17200000000001,0.0,0.7892659826361484,10.765648541295711,12.053143405013012,20.178,32.370000000000005,0.0341317024633708,1169.64,3481,13.395600000000002,1004004,216.39999999999998,36.06666666666666,0.0,-4.0,-1.1999999999999957
32,82.9,9.0,70.0,3.8,28.0,75,0.0,1002,65,33.0,0.0,4.0,2023,7,6,19,3,187,27,-0.9659258262890684,0.2588190451025203,-0.4999999999999997,-0.8660254037844388,0.43388373911755823,-0.900968867902419,2,2,0,3.0,3.0,3.0,12.0,20.0,22.0,3.0,0.0,3.0,3.0,4.333333333333333,2.065591117973773,7.0,3.0,12.666666666666666,9.598884720569417,26.0,3.0,17.708333333333332,9.916644184604774,42.0,3.0,34.2,36.6,36.2,59.0,47.0,52.0,3.66,3.0,3.0,1002.0,1001.0,1003.0,2145.0,260.0,132.0,0.0,0.7892659826361484,9.210087768025776,7.776913676258194,21.45,31.0,0.032934098868164806,1089.0,4225,16.0,1004004,196.70000000000002,32.78333333333334,0.0,0.0,-1.2000000000000028
35,84.0,8.3,75.0,8.8,27.3,72,0.0,1003,69,32.2,0.0,3.66,2023,7,6,20,3,187,27,-0.8660254037844386,0.5000000000000001,-0.4999999999999997,-0.8660254037844388,0.43388373911755823,-0.900968867902419,2,2,0,3.0,3.0,3.0,7.0,26.0,42.0,4.333333333333333,2.3094010767614117,7.0,3.0,4.333333333333333,2.065591117973773,7.0,3.0,11.083333333333334,8.727045041221476,26.0,3.0,16.25,8.686215466498169,32.0,3.0,33.0,35.4,36.3,65.0,53.0,50.0,4.0,3.33,3.0,1002.0,1002.0,1003.0,2221.8,252.54000000000002,117.85200000000002,0.0,0.7953641631632768,10.119262739428985,9.035056017347307,22.218000000000004,30.370000000000005,0.03210365692556638,1036.8400000000001,4761,13.395600000000002,1006009,210.40000000000003,35.06666666666667,4.0,4.0,-0.7999999999999972
37,85.2,7.7,80.0,8.8,26.7,69,0.0,1004,74,31.3,0.0,3.33,2023,7,6,21,3,187,27,-0.7071067811865477,0.7071067811865474,-0.4999999999999997,-0.8660254037844388,0.43388373911755823,-0.900968867902419,2,2,0,7.0,3.0,3.0,7.0,24.0,32.0,5.666666666666667,2.3094010767613584,7.0,3.0,4.333333333333333,2.065591117973773,7.0,3.0,9.666666666666666,7.766621277016109,26.0,3.0,15.208333333333334,8.200785045488981,28.0,3.0,32.2,34.2,36.5,69.0,59.0,49.0,3.66,3.66,3.0,1003.0,1002.0,1002.0,2316.2000000000003,246.42000000000002,104.229,0.0,0.7953641631632768,11.063498246980911,10.388261264770808,23.162000000000003,29.635,0.03117526775371738,979.69,5476,11.0889,1008016,215.4,35.9,0.0,4.0,-0.9000000000000021
39,86.4,7.0,85.0,7.5,26.0,66,0.0,1005,78,30.5,0.0,3.0,2023,7,6,22,3,187,27,-0.5000000000000004,0.8660254037844384,-0.4999999999999997,-0.8660254037844388,0.43388373911755823,-0.900968867902419,2,3,0,7.0,7.0,3.0,3.0,26.0,28.0,6.666666666666667,0.5773502692008877,7.0,6.0,4.833333333333333,2.04124145231578,7.0,3.0,8.0,5.8531871659800325,21.33,3.0,14.291666666666666,7.934010810191051,26.0,3.0,31.3,33.0,36.6,74.0,65.0,47.0,3.33,4.0,3.0,1004.0,1002.0,1001.0,2379.0,234.0,91.5,0.0,0.7998933475536595,12.341094129410084,12.141122696757606,23.79,29.0,0.030348228509225365,930.25,6084,9.0,1010025,217.9,36.31666666666667,-1.0,3.0,-0.8000000000000007
41,78.2,6.3,88.7,5.0,27.0,63,0.0,1005,78,30.4,0.0,2.66,2023,7,6,23,3,187,27,-0.25881904510252157,0.9659258262890681,-0.4999999999999997,-0.8660254037844388,0.43388373911755823,-0.900968867902419,2,3,0,6.0,7.0,7.0,3.0,21.33,21.0,5.666666666666667,1.5275252316562637,7.0,4.0,5.0,1.897366596097232,7.0,3.0,6.555833333333333,4.157594274518449,16.67,3.0,13.583333333333334,8.066816443692533,26.0,3.0,30.5,32.2,35.4,78.0,69.0,53.0,3.0,3.66,3.33,1005.0,1003.0,1002.0,2371.2,207.48000000000002,80.864,0.0,0.7998400319936012,12.410728455800667,14.077130614188224,23.712,29.07,0.030248726120670526,924.16,6084,7.0756000000000006,1010025,209.2,34.86666666666667,-2.0,-3.0,-0.10000000000000142
43,70.0,5.7,92.3,3.8,28.0,61,0.0,1004,77,30.3,0.0,2.33,2023,7,7,0,4,188,27,0.0,1.0,-0.4999999999999997,-0.8660254037844388,-0.433883739117558,-0.9009688679024191,2,3,0,4.0,6.0,7.0,3.0,16.67,15.0,4.333333333333333,1.5275252316563444,6.0,3.0,5.0,1.897366596097232,7.0,3.0,5.416666666666667,2.7784342658573853,12.0,3.0,13.083333333333334,8.342377758568766,26.0,3.0,30.4,31.3,34.2,78.0,74.0,59.0,2.66,3.33,3.66,1005.0,1004.0,1002.0,2333.1,179.41,70.599,0.0,0.7892659826361484,12.278547623223995,16.19014208033678,23.331,29.135,0.030179252809509154,918.09,5929,5.4289000000000005,1008016,202.8,33.800000000000004,-1.0,-4.0,-0.09999999999999787
44,61.9,5.0,96.0,2.5,29.0,58,0.0,1004,76,30.2,0.0,2.0,2023,7,7,1,4,188,27,0.25881904510252074,0.9659258262890683,-0.4999999999999997,-0.8660254037844388,-0.433883739117558,-0.9009688679024191,2,3,0,3.0,4.0,6.0,3.0,12.0,20.0,3.0,1.0000000000068414,4.0,2.0,4.833333333333333,2.1369760566399036,7.0,2.0,4.583333333333333,2.0207259421620924,7.0,2.0,12.333333333333334,8.501128143378434,26.0,2.0,30.3,30.5,33.0,77.0,78.0,65.0,2.33,3.0,4.0,1004.0,1005.0,1002.0,2295.2,152.0,60.4,0.0,0.7996801279488205,12.377524495100978,19.19616076784643,22.951999999999998,29.2,0.030079651315088333,912.04,5776,4.0,1008016,196.4,32.733333333333334,-1.0,-4.0,-0.10000000000000142
44,64.8,5.3,95.7,5.0,31.0,21,0.0,1004,79,29.9,0.0,1.33,2023,7,7,2,4,188,27,0.49999999999999994,0.8660254037844387,-0.4999999999999997,-0.8660254037844388,-0.433883739117558,-0.9009688679024191,2,3,0,2.0,3.0,4.0,7.0,7.0,19.0,3.0,1.0000000000068414,4.0,2.0,4.333333333333333,1.8618986724986246,7.0,2.0,4.333333333333333,1.8748737331204657,7.0,2.0,11.708333333333334,8.540991016048876,26.0,2.0,30.2,30.4,32.2,76.0,78.0,69.0,2.0,2.66,3.66,1004.0,1005.0,1003.0,2362.1,105.07000000000001,39.767,0.0,0.7998400319936012,12.224108658743633,18.053197509903793,23.621,29.235,0.029780846831825865,894.0099999999999,6241,1.7689000000000001,1008016,205.8,34.300000000000004,2.0,0.0,-0.3000000000000007
44,67.7,5.7,95.3,3.8,33.0,0,0.0,1004,81,29.5,0.0,0.66,2023,7,7,3,4,188,27,0.7071067811865476,0.7071067811865476,-0.4999999999999997,-0.8660254037844388,-0.433883739117558,-0.9009688679024191,2,3,0,4.0,2.0,3.0,7.0,7.0,19.0,3.0,1.0000000000068414,4.0,2.0,3.6666666666666665,1.3662601021225858,6.0,2.0,4.0,1.7056057308429995,7.0,2.0,11.041666666666666,8.571479841116245,26.0,2.0,29.9,30.3,31.3,79.0,77.0,74.0,1.33,2.33,3.33,1004.0,1004.0,1004.0,2389.5,53.46,19.470000000000002,0.0,0.7892659826361484,11.875109629889492,16.716365549903525,23.895,29.17,0.029382440854142575,870.25,6561,0.43560000000000004,1008016,208.5,34.75,-1.0,0.0,-0.3999999999999986
44,70.6,6.0,95.0,3.8,35.0,0,0.0,1004,84,29.2,0.0,3.6,2023,7,7,4,4,188,27,0.8660254037844386,0.5000000000000001,-0.4999999999999997,-0.8660254037844388,-0.433883739117558,-0.9009688679024191,2,3,0,3.0,4.0,2.0,6.0,3.0,20.0,3.3333333333333335,0.577350269201422,4.0,3.0,3.1666666666666665,0.7527726526992901,4.0,2.0,4.0,1.7056057308429995,7.0,2.0,10.333333333333334,8.501128143378395,26.0,2.0,29.5,30.2,30.5,81.0,76.0,78.0,0.66,2.0,3.0,1004.0,1004.0,1005.0,2452.7999999999997,302.40000000000003,105.12,0.0,0.7892659826361484,11.76470588235294,15.830694884185968,24.528,27.4,0.029083636370880107,852.64,7056,12.96,1008016,213.4,35.56666666666667,0.0,1.0,-0.3000000000000007
42,76.6,6.3,90.7,5.0,35.7,0,0.0,1004,83,29.5,0.0,0.66,2023,7,7,5,4,188,27,0.9659258262890683,0.25881904510252074,-0.4999999999999997,-0.8660254037844388,-0.433883739117558,-0.9009688679024191,2,3,0,3.0,3.0,4.0,4.0,3.0,17.0,3.3333333333333335,0.577350269201422,4.0,3.0,3.1666666666666665,0.7527726526992901,4.0,2.0,4.083333333333333,1.6764862243990046,7.0,2.0,9.791666666666666,8.47198999602506,26.0,2.0,29.2,29.9,30.4,84.0,79.0,78.0,3.6,1.33,2.66,1004.0,1004.0,1005.0,2448.5,54.78,19.470000000000002,0.0,0.7998400319936012,12.156800507855895,14.394540549119187,24.485,29.17,0.029382440854142575,870.25,6889,0.43560000000000004,1008016,218.3,36.38333333333333,1.0,0.0,0.3000000000000007
40,82.7,6.7,86.3,2.5,36.3,0,0.0,1004,82,29.7,1.6,1.33,2023,7,7,6,4,188,27,1.0,6.123233995736766e-17,-0.4999999999999997,-0.8660254037844388,-0.433883739117558,-0.9009688679024191,2,0,0,4.0,3.0,3.0,3.0,3.0,20.0,3.0,1.0000000000068414,4.0,2.0,3.0,0.8944271909916583,4.0,2.0,4.0,1.7580981459812375,7.0,2.0,9.041666666666666,8.324443141927468,26.0,2.0,29.5,29.5,30.3,83.0,81.0,77.0,0.66,0.66,2.33,1004.0,1004.0,1004.0,2435.4,109.06,39.501,0.0,0.7996801279488205,12.341441575884195,12.878674824653036,24.354,29.035,0.029581643842984222,882.0899999999999,6724,1.7689000000000001,1008016,216.5,36.083333333333336,-2.0,-1.0,0.1999999999999993
38,88.7,7.0,82.0,5.0,37.0,41,0.0,1005,81,30.0,1.6,2.0,2023,7,7,7,4,188,27,0.9659258262890683,-0.25881904510252063,-0.4999999999999997,-0.8660254037844388,-0.433883739117558,-0.9009688679024191,2,0,0,2.0,4.0,3.0,2.0,3.0,20.0,3.3333333333333335,1.1547005383851496,4.0,2.0,3.3333333333333335,0.816496580918718,4.0,2.0,4.083333333333333,1.7298624923437735,7.0,2.0,8.375,8.044665529296758,26.0,2.0,29.7,29.2,30.2,82.0,84.0,76.0,1.33,3.6,2.0,1004.0,1004.0,1004.0,2430.0,162.0,60.0,0.0,0.7998400319936012,12.669618625910584,11.712612483930867,24.3,29.0,0.029850716566451177,900.0,6561,4.0,1010025,223.7,37.28333333333333,2.0,1.0,0.3000000000000007
44,84.6,6.0,95.0,5.0,42.7,38,0.0,1005,76,31.2,2.7,2.0,2023,7,7,8,4,188,27,0.8660254037844387,-0.4999999999999998,-0.4999999999999997,-0.8660254037844388,-0.433883739117558,-0.9009688679024191,2,0,0,4.0,2.0,4.0,4.0,7.0,26.0,3.3333333333333335,1.1547005383851496,4.0,2.0,3.3333333333333335,0.816496580918718,4.0,2.0,3.8333333333333335,1.466804401243988,7.0,2.0,7.458333333333333,7.15303563814511,26.0,2.0,30.0,29.5,29.9,81.0,83.0,79.0,2.0,0.66,1.33,1005.0,1004.0,1004.0,2371.2,152.0,62.4,0.0,0.7998400319936012,14.097650391601398,15.830694884185968,23.712,30.2,0.031044745229109223,973.4399999999999,5776,4.0,1010025,237.3,39.550000000000004,0.0,0.0,1.1999999999999993
50,80.5,5.0,108.0,5.0,48.3,36,0.0,1005,71,32.5,3.8,2.0,2023,7,7,9,4,188,27,0.7071067811865476,-0.7071067811865475,-0.4999999999999997,-0.8660254037844388,-0.433883739117558,-0.9009688679024191,2,0,0,4.0,4.0,2.0,3.0,7.0,24.0,4.0,0.0,4.0,4.0,3.5,0.836660026525303,4.0,2.0,3.5833333333333335,1.0836246694478768,6.0,2.0,6.625,6.25015756323082,26.0,2.0,31.2,29.7,29.5,76.0,82.0,81.0,2.0,1.33,0.66,1005.0,1004.0,1004.0,2307.5,142.0,65.0,0.0,0.7998400319936012,16.096780643871224,21.595680863827234,23.075,31.5,0.03233827628032211,1056.25,5041,4.0,1010025,250.8,41.800000000000004,0.0,2.0,1.3000000000000007
51,76.5,4.0,121.0,2.5,54.0,33,0.0,1005,66,33.7,7.1,2.0,2023,7,7,10,4,188,27,0.49999999999999994,-0.8660254037844387,-0.4999999999999997,-0.8660254037844388,-0.433883739117558,-0.9009688679024191,2,0,0,4.0,4.0,4.0,3.0,6.0,26.0,3.3333333333333335,1.1547005383851496,4.0,2.0,3.3333333333333335,1.0327955589815232,4.0,2.0,3.25,0.8660254037807517,4.0,2.0,5.625,4.757067054027664,21.33,2.0,32.5,30.0,29.2,71.0,81.0,84.0,2.0,2.0,3.6,1005.0,1005.0,1004.0,2224.2000000000003,132.0,67.4,0.0,0.7996801279488205,19.120219945013744,30.24243939015246,22.242000000000004,32.7,0.03353230494298016,1135.6900000000003,4356,4.0,1010025,260.0,43.333333333333336,-2.0,-2.0,1.2000000000000028
58,74.1,3.7,126.0,5.0,53.3,30,0.0,1005,60,34.6,9.7,2.0,2023,7,7,11,4,188,27,0.258819045102521,-0.9659258262890682,-0.4999999999999997,-0.8660254037844388,-0.433883739117558,-0.9009688679024191,2,0,0,2.0,4.0,4.0,4.0,4.0,21.33,3.3333333333333335,1.1547005383851496,4.0,2.0,3.3333333333333335,1.0327955589815232,4.0,2.0,3.25,0.8660254037807517,4.0,2.0,4.902916666666667,3.387718841531692,16.67,2.0,33.7,31.2,29.5,66.0,76.0,83.0,2.0,2.0,0.66,1005.0,1005.0,1004.0,2076.0,120.0,69.2,0.0,0.7998400319936012,20.021615779519045,34.04485274250202,20.76,33.6,0.03442782643997369,1197.16,3600,4.0,1010025,266.1,44.35,2.0,0.0,0.8999999999999986
64,71.8,3.3,131.0,2.5,52.7,27,0.0,1004,55,35.6,10.0,2.0,2023,7,7,12,4,188,27,1.2246467991473532e-16,-1.0,-0.4999999999999997,-0.8660254037844388,-0.433883739117558,-0.9009688679024191,2,1,0,4.0,2.0,4.0,2.0,3.0,16.67,2.6666666666666665,1.1547005383852031,4.0,2.0,3.3333333333333335,1.0327955589815232,4.0,2.0,3.1666666666666665,0.9374368665576883,4.0,2.0,4.291666666666667,2.330873444545202,12.0,2.0,34.6,32.5,29.7,60.0,71.0,82.0,2.0,2.0,1.33,1005.0,1005.0,1004.0,1958.0,110.0,71.2,0.0,0.7996801279488205,21.750984550136323,39.684943956376856,19.58,34.6,0.03545813201381274,1267.3600000000001,3025,4.0,1008016,263.3,43.88333333333333,-2.0,-2.0,1.0
70,69.4,3.0,136.0,3.8,52.0,25,0.0,1004,50,36.5,6.0,2.0,2023,7,7,13,4,188,27,-0.2588190451025208,-0.9659258262890683,-0.4999999999999997,-0.8660254037844388,-0.433883739117558,-0.9009688679024191,2,1,0,2.0,4.0,2.0,4.0,2.0,12.0,3.0,1.0000000000068414,4.0,2.0,3.1666666666666665,0.9831920802426789,4.0,2.0,3.25,0.8660254037807517,4.0,2.0,3.9166666666666665,1.6659418713849887,7.0,2.0,35.6,33.7,30.0,55.0,66.0,81.0,2.0,2.0,2.0,1004.0,1005.0,1005.0,1825.0,100.0,73.0,0.0,0.7892659826361484,23.12562479173609,45.31822725758081,18.25,35.5,0.03635454546360014,1332.25,2500,4.0,1008016,267.20000000000005,44.53333333333334,1.0,1.0,0.8999999999999986
70,71.6,3.3,135.7,3.8,51.3,25,0.0,1003,48,36.9,3.8,2.0,2023,7,7,14,4,188,27,-0.4999999999999997,-0.8660254037844388,-0.4999999999999997,-0.8660254037844388,-0.433883739117558,-0.9009688679024191,2,1,0,3.0,2.0,4.0,4.0,4.0,7.0,2.6666666666666665,0.5773502692015289,3.0,2.0,3.0,0.8944271909916585,4.0,2.0,3.1666666666666665,0.8348471099328998,4.0,2.0,3.75,1.5393392145282299,7.0,2.0,36.5,34.6,31.2,50.0,60.0,76.0,2.0,2.0,2.0,1004.0,1005.0,1005.0,1771.1999999999998,96.0,73.8,0.0,0.7892659826361484,21.690396849439566,41.108754922750684,17.712,35.9,0.0367895944271242,1361.61,2304,4.0,1006009,268.7,44.78333333333333,0.0,-1.0,0.3999999999999986
69,73.7,3.7,135.3,3.8,50.7,25,0.0,1002,46,37.2,4.3,2.0,2023,7,7,15,4,188,27,-0.7071067811865471,-0.7071067811865479,-0.4999999999999997,-0.8660254037844388,-0.433883739117558,-0.9009688679024191,2,1,0,3.0,3.0,2.0,4.0,3.0,7.0,3.0,0.0,3.0,3.0,2.8333333333333335,0.7527726526992494,4.0,2.0,3.1666666666666665,0.8348471099328998,4.0,2.0,3.5833333333333335,1.3805061033701747,7.0,2.0,36.9,35.6,32.5,48.0,55.0,71.0,2.0,2.0,2.0,1003.0,1004.0,1005.0,1711.2,92.0,74.4,0.0,0.7892659826361484,19.913536881923804,36.55768711159146,17.112000000000002,36.2,0.03712571145138578,1383.8400000000001,2116,4.0,1004004,270.20000000000005,45.03333333333334,0.0,1.0,0.30000000000000426
69,75.9,4.0,135.0,5.0,50.0,25,0.0,1001,45,37.6,3.2,2.0,2023,7,7,16,4,188,27,-0.8660254037844385,-0.5000000000000004,-0.4999999999999997,-0.8660254037844388,-0.433883739117558,-0.9009688679024191,2,1,0,3.0,3.0,3.0,2.0,3.0,3.0,3.3333333333333335,0.5773502692014223,4.0,3.0,3.1666666666666665,0.7527726526992901,4.0,2.0,3.25,0.8660254037807517,4.0,2.0,3.625,1.377221525546208,7.0,2.0,37.2,36.5,33.7,46.0,50.0,66.0,2.0,2.0,2.0,1002.0,1004.0,1005.0,1692.0,90.0,75.2,0.0,0.7998400319936012,18.970257435641088,33.74156460884779,16.92,36.6,0.0375624000375624,1413.7600000000002,2025,4.0,1002001,273.9,45.65,1.0,1.0,0.3999999999999986
51,80.0,5.7,120.7,2.5,44.0,26,0.0,1002,51,36.1,2.3,2.33,2023,7,7,17,4,188,27,-0.9659258262890683,-0.25881904510252063,-0.4999999999999997,-0.8660254037844388,-0.433883739117558,-0.9009688679024191,2,1,0,4.0,3.0,3.0,4.0,4.0,3.0,3.0,1.0000000000068416,4.0,2.0,2.8333333333333335,0.7527726526992494,4.0,2.0,3.0833333333333335,0.9003366373749784,4.0,2.0,3.5833333333333335,1.4116492564307301,7.0,2.0,37.6,36.9,34.6,45.0,48.0,60.0,2.0,2.0,2.0,1001.0,1003.0,1005.0,1841.1000000000001,118.83,84.113,0.0,0.7996801279488205,14.032625855113137,21.171724258901946,18.411,34.935,0.03602790815578029,1303.21,2601,5.4289000000000005,1004004,254.9,42.483333333333334,-2.0,-1.0,-1.5
49,84.0,7.3,106.3,1.3,38.0,27,0.0,1002,59,34.7,1.7,2.66,2023,7,7,18,4,188,27,-1.0,-1.8369701987210297e-16,-0.4999999999999997,-0.8660254037844388,-0.433883739117558,-0.9009688679024191,2,2,0,2.0,4.0,3.0,2.0,2.0,3.0,2.3333333333333335,1.5275252316564658,4.0,1.0,2.6666666666666665,1.0327955589814637,4.0,1.0,3.0,1.044465935731136,4.0,1.0,3.5,1.5036188231098968,7.0,1.0,36.1,37.2,35.6,51.0,46.0,55.0,2.33,2.0,2.0,1002.0,1002.0,1004.0,2047.3000000000002,156.94,92.302,0.0,0.7686395080707149,11.505273250239693,14.559649363100945,20.473000000000003,33.370000000000005,0.03463070396137329,1204.0900000000001,3481,7.0756000000000006,1004004,237.9,39.65,-1.0,-2.0,-1.3999999999999986
43,88.1,9.0,92.0,1.3,32.0,29,0.0,1002,67,33.2,0.0,3.0,2023,7,7,19,4,188,27,-0.9659258262890684,0.2588190451025203,-0.4999999999999997,-0.8660254037844388,-0.433883739117558,-0.9009688679024191,2,2,0,1.0,2.0,4.0,3.0,4.0,3.0,1.3333333333333333,0.5773502692017425,2.0,1.0,2.3333333333333335,1.2110601416328475,4.0,1.0,2.75,1.1381803659561984,4.0,1.0,3.4166666666666665,1.5857152183214238,7.0,1.0,34.7,37.6,36.5,59.0,45.0,50.0,2.66,2.0,2.0,1002.0,1001.0,1004.0,2224.4,201.0,99.60000000000001,0.0,0.7686395080707149,9.787801355404955,10.221086545939341,22.244,31.700000000000003,0.0331336994673658,1102.2400000000002,4489,9.0,1004004,223.4,37.233333333333334,0.0,-3.0,-1.5
40,84.2,8.3,87.0,1.3,30.7,30,0.0,1003,71,32.4,0.0,3.0,2023,7,7,20,4,188,27,-0.8660254037844386,0.5000000000000001,-0.4999999999999997,-0.8660254037844388,-0.433883739117558,-0.9009688679024191,2,2,0,1.0,1.0,2.0,3.0,4.0,7.0,1.0,0.0,1.0,1.0,2.0,1.26491106406144,4.0,1.0,2.5,1.1677484162395673,4.0,1.0,3.1666666666666665,1.464557112653779,7.0,1.0,33.2,36.1,36.9,67.0,51.0,48.0,3.0,2.33,2.0,1002.0,1002.0,1003.0,2300.4,213.0,97.19999999999999,0.0,0.7686395080707149,10.143356222141911,10.480664980122876,23.004,30.9,0.03230305852137735,1049.76,5041,9.0,1006009,212.5,35.416666666666664,0.0,-1.0,-0.8000000000000043
38,80.3,7.7,82.0,2.5,29.3,31,0.0,1004,74,31.5,0.0,3.0,2023,7,7,21,4,188,27,-0.7071067811865477,0.7071067811865474,-0.4999999999999997,-0.8660254037844388,-0.433883739117558,-0.9009688679024191,2,2,0,1.0,1.0,1.0,3.0,4.0,7.0,1.3333333333333333,0.5773502692017423,2.0,1.0,1.8333333333333333,1.1690451944436027,4.0,1.0,2.3333333333333335,1.0730867399743667,4.0,1.0,2.9583333333333335,1.232853412302008,6.0,1.0,32.4,34.7,37.2,71.0,59.0,46.0,3.0,2.66,2.0,1003.0,1002.0,1002.0,2331.0,222.0,94.5,0.0,0.7996801279488205,10.427217244513699,10.647967796390079,23.31,30.0,0.03137447074255902,992.25,5476,9.0,1008016,203.8,33.96666666666667,1.0,1.0,-0.8999999999999986
36,76.5,7.0,77.0,2.5,28.0,33,0.0,1005,78,30.7,0.0,3.0,2023,7,7,22,4,188,27,-0.5000000000000004,0.8660254037844384,-0.4999999999999997,-0.8660254037844388,-0.433883739117558,-0.9009688679024191,2,3,0,2.0,1.0,1.0,4.0,2.0,6.0,1.6666666666666667,0.577350269201689,2.0,1.0,1.5,0.54772255749143,2.0,1.0,2.3333333333333335,1.0730867399743667,4.0,1.0,2.7916666666666665,1.0623667861894792,4.0,1.0,31.5,33.2,37.6,74.0,67.0,45.0,3.0,3.0,2.0,1004.0,1002.0,1001.0,2394.6,234.0,92.1,0.0,0.7996801279488205,10.927010427081845,10.998428795886301,23.945999999999998,29.2,0.03054723328633504,942.49,6084,9.0,1010025,193.0,32.166666666666664,0.0,1.0,-0.8000000000000007
35,67.3,6.3,75.3,1.3,26.0,34,0.0,1005,78,30.5,0.0,3.0,2023,7,7,23,4,188,27,-0.25881904510252157,0.9659258262890681,-0.4999999999999997,-0.8660254037844388,-0.433883739117558,-0.9009688679024191,2,3,0,2.0,2.0,1.0,2.0,4.0,4.0,1.6666666666666667,0.577350269201689,2.0,1.0,1.3333333333333333,0.5163977794797231,2.0,1.0,2.0833333333333335,0.9962049198924479,4.0,1.0,2.6666666666666665,1.0901402648715317,4.0,1.0,30.7,32.4,36.1,78.0,71.0,51.0,3.0,3.0,2.33,1005.0,1003.0,1002.0,2379.0,234.0,91.5,0.0,0.7686395080707149,10.680844310426915,11.950484050150768,23.79,29.0,0.030348228509225365,930.25,6084,9.0,1010025,177.2,29.53333333333333,-1.0,0.0,-0.1999999999999993
34,58.2,5.7,73.7,1.3,24.0,36,0.0,1005,78,30.4,0.0,3.0,2023,7,8,0,5,189,27,0.0,1.0,-0.4999999999999997,-0.8660254037844388,-0.9749279121818236,-0.2225209339563146,2,3,1,1.0,2.0,2.0,1.0,2.0,3.0,1.3333333333333333,0.5773502692017423,2.0,1.0,1.3333333333333333,0.5163977794797231,2.0,1.0,2.0,1.0444659357311619,4.0,1.0,2.5833333333333335,1.1389036171986016,4.0,1.0,30.5,31.5,34.7,78.0,74.0,59.0,3.0,3.0,2.66,1005.0,1004.0,1002.0,2371.2,234.0,91.19999999999999,0.0,0.7686395080707149,10.208735309594807,12.927556569022977,23.712,28.9,0.030248726120670526,924.16,6084,9.0,1010025,163.90000000000003,27.316666666666674,0.0,-1.0,-0.10000000000000142
33,49.0,5.0,72.0,6.3,22.0,37,0.0,1005,77,30.2,0.0,3.0,2023,7,8,1,5,189,27,0.25881904510252074,0.9659258262890683,-0.4999999999999997,-0.8660254037844388,-0.9749279121818236,-0.2225209339563146,2,3,1,1.0,1.0,2.0,1.0,3.0,2.0,2.3333333333333335,2.309401076761492,5.0,1.0,2.0,1.5491933384781402,5.0,1.0,2.1666666666666665,1.3371158468406765,5.0,1.0,2.7083333333333335,1.2328534123019743,5.0,1.0,30.4,30.7,33.2,78.0,78.0,67.0,3.0,3.0,3.0,1005.0,1005.0,1002.0,2325.4,231.0,90.6,0.0,0.7935248373274083,9.798040391921615,14.397120575884822,23.254,28.7,0.03004972134356085,912.04,5929,9.0,1010025,159.3,26.55,4.0,3.0,-0.1999999999999993
35,50.0,5.0,75.3,2.5,22.0,50,0.0,1005,81,30.0,0.0,2.66,2023,7,8,2,5,189,27,0.49999999999999994,0.8660254037844387,-0.4999999999999997,-0.8660254037844388,-0.9749279121818236,-0.2225209339563146,2,3,1,5.0,1.0,1.0,1.0,3.0,4.0,2.6666666666666665,2.081665999469434,5.0,1.0,2.1666666666666665,1.471960144382905,5.0,1.0,2.0833333333333335,1.3113721705490955,5.0,1.0,2.625,1.209113940756553,5.0,1.0,30.2,30.5,32.4,77.0,78.0,71.0,3.0,3.0,3.0,1005.0,1005.0,1003.0,2430.0,215.46,79.80000000000001,0.0,0.7996801279488205,9.998000399920015,15.056988602279542,24.3,28.67,0.029850716566451177,900.0,6561,7.0756000000000006,1010025,156.8,26.133333333333336,-3.0,1.0,-0.1999999999999993
36,51.0,5.0,78.7,1.3,22.0,62,0.0,1005,84,29.7,0.0,2.33,2023,7,8,3,5,189,27,0.7071067811865476,0.7071067811865476,-0.4999999999999997,-0.8660254037844388,-0.9749279121818236,-0.2225209339563146,2,3,1,2.0,5.0,1.0,2.0,3.0,3.0,2.6666666666666665,2.081665999469434,5.0,1.0,2.0,1.5491933384781402,5.0,1.0,1.9166666666666667,1.3113721705490988,5.0,1.0,2.5416666666666665,1.2503622663428915,5.0,1.0,30.0,30.4,31.5,81.0,78.0,74.0,2.66,3.0,3.0,1005.0,1005.0,1004.0,2494.7999999999997,195.72,69.201,0.0,0.7686395080707149,10.197960407918416,15.736852629474106,24.947999999999997,28.535,0.029552209400786667,882.0899999999999,7056,5.4289000000000005,1010025,159.0,26.5,-1.0,0.0,-0.3000000000000007
38,51.9,5.0,82.0,1.3,22.0,75,0.0,1005,87,29.5,0.0,2.0,2023,7,8,4,5,189,27,0.8660254037844386,0.5000000000000001,-0.4999999999999997,-0.8660254037844388,-0.9749279121818236,-0.2225209339563146,2,3,1,1.0,2.0,5.0,2.0,4.0,3.0,1.3333333333333333,0.5773502692017427,2.0,1.0,1.8333333333333333,1.602081978755045,5.0,1.0,1.6666666666666667,1.1547005383765228,5.0,1.0,2.4583333333333335,1.2846642825396972,5.0,1.0,29.7,30.2,30.7,84.0,77.0,78.0,2.33,3.0,3.0,1005.0,1005.0,1005.0,2566.5,174.0,59.0,0.0,0.7686395080707149,10.377924415116976,16.396720655868826,25.665,28.5,0.029353204623676993,870.25,7569,4.0,1010025,163.20000000000002,27.200000000000003,0.0,-4.0,-0.1999999999999993
38,56.4,5.0,81.3,1.3,23.7,66,0.5,1006,90,29.2,0.0,2.0,2023,7,8,5,5,189,27,0.9659258262890683,0.25881904510252074,-0.4999999999999997,-0.8660254037844388,-0.9749279121818236,-0.2225209339563146,2,3,1,1.0,1.0,2.0,1.0,2.0,4.0,1.0,0.0,1.0,1.0,1.8333333333333333,1.602081978755045,5.0,1.0,1.5833333333333333,1.1645001528786112,5.0,1.0,2.3333333333333335,1.2740441145383135,5.0,1.0,29.5,30.0,30.5,87.0,81.0,78.0,2.0,2.66,3.0,1005.0,1005.0,1005.0,2628.0,180.0,58.4,33.0,0.7686395080707149,11.277744451109777,16.256748650269945,26.28,28.2,0.029025816077717616,852.64,8100,4.0,1012036,168.7,28.116666666666664,0.0,-1.0,-0.3000000000000007
37,60.9,5.0,80.7,1.3,25.3,58,0.0,1006,93,28.9,1.0,2.0,2023,7,8,6,5,189,27,1.0,6.123233995736766e-17,-0.4999999999999997,-0.8660254037844388,-0.9749279121818236,-0.2225209339563146,2,0,1,1.0,1.0,1.0,1.0,1.0,2.0,1.0,0.0,1.0,1.0,1.8333333333333333,1.602081978755045,5.0,1.0,1.5833333333333333,1.1645001528786112,5.0,1.0,2.2916666666666665,1.3014763077761902,5.0,1.0,29.2,29.7,30.4,90.0,84.0,78.0,2.0,2.33,3.0,1006.0,1005.0,1005.0,2687.7,186.0,57.8,0.0,0.7686395080707149,12.177564487102579,16.136772645470906,26.877,27.9,0.028727605638562984,835.2099999999999,8649,4.0,1012036,174.20000000000005,29.033333333333342,0.0,0.0,-0.3000000000000007
37,65.4,5.0,80.0,1.3,27.0,50,0.75,1007,96,28.6,1.3,2.0,2023,7,8,7,5,189,27,0.9659258262890683,-0.25881904510252063,-0.4999999999999997,-0.8660254037844388,-0.9749279121818236,-0.2225209339563146,2,0,1,1.0,1.0,1.0,5.0,1.0,4.0,1.0,0.0,1.0,1.0,1.1666666666666667,0.40824829044535926,2.0,1.0,1.5833333333333333,1.1645001528786112,5.0,1.0,2.1666666666666665,1.2740441145382917,5.0,1.0,28.9,29.5,30.2,93.0,87.0,77.0,2.0,2.0,3.0,1006.0,1005.0,1005.0,2745.6000000000004,192.0,57.2,37.5,0.7686395080707149,13.07738452309538,15.996800639872024,27.456000000000003,27.6,0.02840116345465397,817.96,9216,4.0,1014049,179.70000000000002,29.950000000000003,0.0,0.0,-0.29999999999999716
43,67.3,4.3,93.7,1.3,32.3,66,4.25,1007,94,28.6,2.0,1.66,2023,7,8,8,5,189,27,0.8660254037844387,-0.4999999999999998,-0.4999999999999997,-0.8660254037844388,-0.9749279121818236,-0.2225209339563146,2,0,1,1.0,1.0,1.0,2.0,1.0,4.0,1.0,0.0,1.0,1.0,1.0,0.0,1.0,1.0,1.5833333333333333,1.1645001528786112,5.0,1.0,2.0416666666666665,1.2328534123018846,5.0,1.0,28.6,29.2,30.0,96.0,90.0,81.0,2.0,2.0,2.66,1007.0,1006.0,1005.0,2688.4,156.04,47.476,280.5,0.7686395080707149,15.647523831667053,21.78563124854685,26.884,27.770000000000003,0.02840116345465397,817.96,8836,2.7556,1014049,199.90000000000003,33.31666666666667,0.0,0.0,0.0
50,69.3,3.7,107.3,3.8,37.7,83,8.75,1007,92,28.7,3.7,1.33,2023,7,8,9,5,189,27,0.7071067811865476,-0.7071067811865475,-0.4999999999999997,-0.8660254037844388,-0.9749279121818236,-0.2225209339563146,2,0,1,1.0,1.0,1.0,1.0,2.0,4.0,1.6666666666666667,1.154700538385283,3.0,1.0,1.3333333333333333,0.8164965809184929,3.0,1.0,1.6666666666666667,1.2309149097907675,5.0,1.0,2.0,1.179535649235999,5.0,1.0,28.6,28.9,29.7,94.0,93.0,84.0,1.66,2.0,2.33,1007.0,1006.0,1005.0,2640.4,122.36000000000001,38.171,726.25,0.7892659826361484,18.724669008376114,28.992164279924342,26.404,28.035,0.028500468221977934,823.6899999999999,8464,1.7689000000000001,1014049,224.8,37.46666666666667,2.0,2.0,0.09999999999999787
51,71.2,3.0,121.0,3.8,43.0,100,2.0,1008,91,28.7,7.2,1.0,2023,7,8,10,5,189,27,0.49999999999999994,-0.8660254037844387,-0.4999999999999997,-0.8660254037844388,-0.9749279121818236,-0.2225209339563146,2,0,1,3.0,1.0,1.0,1.0,2.0,2.0,2.3333333333333335,1.1547005383852293,3.0,1.0,1.6666666666666667,1.0327955589813747,3.0,1.0,1.75,1.2880570286616206,5.0,1.0,2.0416666666666665,1.197067673310607,5.0,1.0,28.7,28.6,29.5,92.0,96.0,87.0,1.33,2.0,2.0,1007.0,1007.0,1005.0,2611.7,91.0,28.7,200.0,0.7892659826361484,23.725424858380542,40.31989336887704,26.116999999999997,28.2,0.02847219397599804,823.6899999999999,8281,1.0,1016064,245.0,40.833333333333336,0.0,2.0,0.0
60,71.2,3.0,128.0,1.3,44.0,87,1.25,1006,85,30.3,5.6,1.33,2023,7,8,11,5,189,27,0.258819045102521,-0.9659258262890682,-0.4999999999999997,-0.8660254037844388,-0.9749279121818236,-0.2225209339563146,2,0,1,3.0,3.0,1.0,1.0,1.0,4.0,2.3333333333333335,1.1547005383852293,3.0,1.0,1.6666666666666667,1.0327955589813747,3.0,1.0,1.75,1.2880570286616206,5.0,1.0,1.9166666666666667,1.1389036171985043,5.0,1.0,28.7,28.6,29.2,91.0,94.0,90.0,1.0,1.66,2.0,1008.0,1007.0,1006.0,2575.5,113.05000000000001,40.29900000000001,108.75,0.7686395080707149,23.725424858380542,42.65244918360547,25.755,29.635,0.03011925435461794,918.09,7225,1.7689000000000001,1012036,248.5,41.416666666666664,-2.0,0.0,1.6000000000000014
69,71.2,3.0,135.0,2.5,45.0,75,0.0,1005,79,32.0,5.2,1.66,2023,7,8,12,5,189,27,1.2246467991473532e-16,-1.0,-0.4999999999999997,-0.8660254037844388,-0.9749279121818236,-0.2225209339563146,2,1,1,1.0,3.0,3.0,1.0,1.0,2.0,2.0,1.0000000000069336,3.0,1.0,1.8333333333333333,0.9831920802425541,3.0,1.0,1.8333333333333333,1.2673044646233578,5.0,1.0,1.9166666666666667,1.1389036171985043,5.0,1.0,30.3,28.7,28.9,85.0,92.0,93.0,1.33,1.33,2.0,1006.0,1007.0,1006.0,2528.0,131.14,53.12,0.0,0.7996801279488205,23.725424858380542,44.98500499833389,25.28,31.17,0.03184076433754792,1024.0,6241,2.7556,1010025,258.7,43.11666666666667,1.0,-1.0,1.6999999999999993
78,71.2,3.0,142.0,3.8,46.0,62,0.0,1004,74,33.6,4.9,2.0,2023,7,8,13,5,189,27,-0.2588190451025208,-0.9659258262890683,-0.4999999999999997,-0.8660254037844388,-0.9749279121818236,-0.2225209339563146,2,1,1,2.0,1.0,3.0,1.0,5.0,3.0,2.0,1.0000000000069336,3.0,1.0,2.1666666666666665,0.9831920802425852,3.0,1.0,1.6666666666666667,0.8876253645950448,3.0,1.0,1.9166666666666667,1.1389036171985043,5.0,1.0,32.0,28.7,28.6,79.0,91.0,96.0,1.66,1.0,2.0,1005.0,1008.0,1007.0,2486.4,148.0,67.2,0.0,0.7892659826361484,23.725424858380542,47.317560813062315,24.864,32.6,0.033466102125396295,1128.96,5476,4.0,1008016,269.0,44.833333333333336,1.0,0.0,1.6000000000000014
74,73.1,3.3,139.0,5.0,46.0,58,0.0,1004,71,34.1,4.4,2.0,2023,7,8,14,5,189,27,-0.4999999999999997,-0.8660254037844388,-0.4999999999999997,-0.8660254037844388,-0.9749279121818236,-0.2225209339563146,2,1,1,3.0,2.0,1.0,1.0,2.0,3.0,3.0,1.0000000000068403,4.0,2.0,2.6666666666666665,1.032795558981464,4.0,1.0,1.8333333333333333,1.1146408580425948,4.0,1.0,1.9583333333333333,1.1970676733105954,5.0,1.0,33.6,30.3,28.6,74.0,85.0,94.0,2.0,1.33,1.66,1004.0,1006.0,1007.0,2421.1,142.0,68.2,0.0,0.7998400319936012,22.144804604665254,42.1084519842472,24.211,33.1,0.0339641095975004,1162.8100000000002,5041,4.0,1008016,270.4,45.06666666666666,1.0,3.0,0.5
70,75.1,3.7,136.0,3.8,46.0,54,0.0,1003,68,34.7,3.9,2.0,2023,7,8,15,5,189,27,-0.7071067811865471,-0.7071067811865479,-0.4999999999999997,-0.8660254037844388,-0.9749279121818236,-0.2225209339563146,2,1,1,4.0,3.0,2.0,3.0,1.0,3.0,3.3333333333333335,0.5773502692014199,4.0,3.0,2.6666666666666665,1.032795558981464,4.0,1.0,2.0,1.1281521496327316,4.0,1.0,1.9583333333333333,1.1970676733105954,5.0,1.0,34.1,32.0,28.7,71.0,79.0,92.0,2.0,1.66,1.33,1004.0,1005.0,1007.0,2359.6000000000004,136.0,69.4,0.0,0.7892659826361484,20.29181302350716,36.74682518238314,23.596000000000004,33.7,0.03459617687320352,1204.0900000000001,4624,4.0,1006009,267.6,44.6,-1.0,1.0,0.6000000000000014
66,77.0,4.0,133.0,2.5,46.0,50,0.0,1002,65,35.2,3.2,2.0,2023,7,8,16,5,189,27,-0.8660254037844385,-0.5000000000000004,-0.4999999999999997,-0.8660254037844388,-0.9749279121818236,-0.2225209339563146,2,1,1,3.0,4.0,3.0,3.0,1.0,4.0,3.0,1.0000000000068403,4.0,2.0,2.5,1.048808848163066,4.0,1.0,2.0833333333333335,1.083624669447914,4.0,1.0,1.875,1.1156008324592472,5.0,1.0,34.7,33.6,28.7,68.0,74.0,91.0,2.0,2.0,1.0,1003.0,1004.0,1008.0,2288.0,130.0,70.4,0.0,0.7996801279488205,19.245188702824294,33.2416895776056,22.88,34.2,0.03512970545937579,1239.0400000000002,4225,4.0,1004004,264.5,44.083333333333336,-1.0,-1.0,0.5
54,81.3,6.0,117.0,2.5,43.7,54,0.0,1003,69,34.2,1.5,2.33,2023,7,8,17,5,189,27,-0.9659258262890683,-0.25881904510252063,-0.4999999999999997,-0.8660254037844388,-0.9749279121818236,-0.2225209339563146,2,1,1,2.0,3.0,4.0,1.0,1.0,2.0,2.3333333333333335,0.5773502692015814,3.0,2.0,2.6666666666666665,0.8164965809186431,4.0,2.0,2.1666666666666665,1.029857301085802,4.0,1.0,1.875,1.1156008324592472,5.0,1.0,35.2,34.1,30.3,65.0,71.0,85.0,2.0,2.0,1.33,1002.0,1004.0,1006.0,2359.8,160.77,79.686,0.0,0.7996801279488205,13.547742042992834,19.496750541576404,23.598000000000003,33.035000000000004,0.03409767288367609,1169.64,4761,5.4289000000000005,1006009,252.5,42.083333333333336,0.0,-2.0,-1.0
47,85.6,8.0,101.0,2.5,41.3,58,0.0,1004,74,33.2,0.8,2.66,2023,7,8,18,5,189,27,-1.0,-1.8369701987210297e-16,-0.4999999999999997,-0.8660254037844388,-0.9749279121818236,-0.2225209339563146,2,2,1,2.0,2.0,3.0,2.0,1.0,1.0,2.0,0.0,2.0,2.0,2.6666666666666665,0.8164965809186431,4.0,2.0,2.25,0.9653072991601426,4.0,1.0,1.9166666666666667,1.1000658741769542,5.0,1.0,34.2,34.7,32.0,69.0,68.0,79.0,2.33,2.0,1.66,1003.0,1003.0,1005.0,2456.8,196.84,88.31200000000001,0.0,0.7996801279488205,10.698662667166603,12.62342207224097,24.568,31.870000000000005,0.033067696147713,1102.2400000000002,5476,7.0756000000000006,1008016,240.39999999999998,40.06666666666666,0.0,-1.0,-1.0
39,89.9,10.0,85.0,1.3,39.0,62,0.0,1005,79,32.2,0.0,3.0,2023,7,8,19,5,189,27,-0.9659258262890684,0.2588190451025203,-0.4999999999999997,-0.8660254037844388,-0.9749279121818236,-0.2225209339563146,2,2,1,2.0,2.0,2.0,3.0,1.0,1.0,1.6666666666666667,0.5773502692016892,2.0,1.0,2.3333333333333335,1.0327955589814342,4.0,1.0,2.25,0.9653072991601426,4.0,1.0,1.9166666666666667,1.1000658741769542,5.0,1.0,33.2,35.2,33.6,74.0,65.0,74.0,2.66,2.0,2.0,1004.0,1002.0,1004.0,2543.8,237.0,96.60000000000001,0.0,0.7686395080707149,8.989101089891012,8.499150084991502,25.438000000000002,30.700000000000003,0.0320397691146576,1036.8400000000001,6241,9.0,1010025,226.20000000000002,37.7,-1.0,-1.0,-1.0
37,92.6,10.0,80.0,1.3,39.7,58,0.0,1005,82,30.3,0.0,2.33,2023,7,8,20,5,189,27,-0.8660254037844386,0.5000000000000001,-0.4999999999999997,-0.8660254037844388,-0.9749279121818236,-0.2225209339563146,2,2,1,1.0,2.0,2.0,4.0,1.0,1.0,1.3333333333333333,0.577350269201743,2.0,1.0,1.8333333333333333,0.7527726526991274,3.0,1.0,2.25,0.9653072991601426,4.0,1.0,1.9166666666666667,1.1000658741769542,5.0,1.0,32.2,34.2,34.1,79.0,69.0,71.0,3.0,2.33,2.0,1005.0,1003.0,1004.0,2484.6,191.06,70.599,0.0,0.7686395080707149,9.25907409259074,7.9992000799920016,24.846,29.135,0.03014922373211569,918.09,6724,5.4289000000000005,1010025,224.60000000000002,37.43333333333334,0.0,-1.0,-1.9000000000000021
35,95.3,10.0,75.0,6.3,40.3,54,0.5,1006,85,28.4,0.0,1.66,2023,7,8,21,5,189,27,-0.7071067811865477,0.7071067811865474,-0.4999999999999997,-0.8660254037844388,-0.9749279121818236,-0.2225209339563146,2,2,1,1.0,1.0,2.0,3.0,3.0,2.0,2.3333333333333335,2.309401076761492,5.0,1.0,2.1666666666666665,1.471960144382905,5.0,1.0,2.4166666666666665,1.2401124093695888,5.0,1.0,2.0416666666666665,1.2676293062104278,5.0,1.0,30.3,33.2,34.7,82.0,74.0,68.0,2.33,2.66,2.0,1005.0,1004.0,1003.0,2414.0,141.1,47.144,27.0,0.7935248373274083,9.529047095290471,7.499250074992501,24.14,27.57,0.02823058823997193,806.56,7225,2.7556,1012036,231.90000000000003,38.650000000000006,4.0,3.0,-1.9000000000000021
32,98.0,10.0,70.0,6.3,41.0,50,0.25,1006,89,26.5,0.0,1.0,2023,7,8,22,5,189,27,-0.5000000000000004,0.8660254037844384,-0.4999999999999997,-0.8660254037844388,-0.9749279121818236,-0.2225209339563146,2,3,1,5.0,1.0,1.0,2.0,3.0,2.0,3.6666666666666665,2.3094010767614384,5.0,1.0,2.6666666666666665,1.8618986724985425,5.0,1.0,2.5833333333333335,1.4433756729718645,5.0,1.0,2.1666666666666665,1.4039282363234171,5.0,1.0,28.4,32.2,35.2,85.0,79.0,65.0,1.66,3.0,2.0,1006.0,1005.0,1002.0,2358.5,89.0,26.5,12.5,0.7935248373274083,9.799020097990201,6.9993000699930015,23.585,26.0,0.02634192212532592,702.25,7921,1.0,1012036,230.3,38.38333333333333,0.0,4.0,-1.8999999999999986
32,87.7,9.3,69.0,6.3,35.7,41,0.5,1006,88,26.7,0.0,1.0,2023,7,8,23,5,189,27,-0.25881904510252157,0.9659258262890681,-0.4999999999999997,-0.8660254037844388,-0.9749279121818236,-0.2225209339563146,2,3,1,5.0,5.0,1.0,2.0,1.0,1.0,5.0,0.0,5.0,5.0,3.1666666666666665,2.0412414523157048,5.0,1.0,2.9166666666666665,1.505042031022771,5.0,1.0,2.3333333333333335,1.4939491483861247,5.0,1.0,26.5,30.3,34.2,89.0,82.0,69.0,1.0,2.33,2.33,1006.0,1005.0,1003.0,2349.6,88.0,26.7,20.5,0.7935248373274083,9.429093645844533,7.418557144393076,23.496,26.2,0.026540729084762342,712.89,7744,1.0,1012036,213.0,35.5,0.0,4.0,0.1999999999999993
31,77.4,8.7,68.0,3.8,30.3,33,0.0,1006,86,26.8,0.0,1.0,2023,7,9,0,6,190,27,0.0,1.0,-0.4999999999999997,-0.8660254037844388,-0.7818314824680299,0.6234898018587334,2,3,1,5.0,5.0,5.0,2.0,2.0,1.0,4.333333333333333,1.1547005383850684,5.0,3.0,3.3333333333333335,1.9663841604966101,5.0,1.0,3.0,1.4770978917498356,5.0,1.0,2.4166666666666665,1.4719601443854746,5.0,1.0,26.7,28.4,33.2,88.0,85.0,74.0,1.0,1.66,2.66,1006.0,1006.0,1004.0,2304.8,86.0,26.8,0.0,0.7892659826361484,8.895529249511553,7.815193655901622,23.048000000000002,26.3,0.026640132564480553,718.24,7396,1.0,1012036,191.20000000000005,31.866666666666674,-2.0,-2.0,0.10000000000000142
31,67.1,8.0,67.0,3.8,25.0,25,0.0,1007,85,27.0,0.0,1.0,2023,7,9,1,6,190,27,0.25881904510252074,0.9659258262890683,-0.4999999999999997,-0.8660254037844388,-0.7818314824680299,0.6234898018587334,2,3,1,3.0,5.0,5.0,1.0,3.0,5.0,3.6666666666666665,1.1547005383851219,5.0,3.0,3.6666666666666665,1.6329931618509674,5.0,1.0,3.0,1.4770978917498356,5.0,1.0,2.3333333333333335,1.3726099121772017,5.0,1.0,26.8,26.5,32.2,86.0,89.0,79.0,1.0,1.0,3.0,1006.0,1006.0,1005.0,2295.0,85.0,27.0,0.0,0.7892659826361484,8.386451693538307,8.37395325584302,22.95,26.5,0.02681228717747053,729.0,7225,1.0,1014049,173.9,28.983333333333334,0.0,-2.0,0.1999999999999993
33,61.3,7.0,71.0,3.8,23.0,33,0.0,1006,85,26.9,0.0,0.66,2023,7,9,2,6,190,27,0.49999999999999994,0.8660254037844387,-0.4999999999999997,-0.8660254037844388,-0.7818314824680299,0.6234898018587334,2,3,1,3.0,3.0,5.0,1.0,4.0,2.0,3.0,0.0,3.0,3.0,4.0,1.095445115003675,5.0,3.0,2.9166666666666665,1.4433756729718585,5.0,1.0,2.375,1.3772215255460574,5.0,1.0,27.0,26.7,30.3,85.0,88.0,82.0,1.0,1.0,2.33,1007.0,1006.0,1005.0,2286.5,56.1,17.754,0.0,0.7892659826361484,8.755892015426367,10.141408370232824,22.865,26.57,0.026739536044198764,723.6099999999999,7225,0.43560000000000004,1012036,169.10000000000002,28.183333333333337,0.0,-2.0,-0.10000000000000142
35,55.4,6.0,75.0,3.8,21.0,41,0.0,1006,84,26.7,0.0,0.33,2023,7,9,3,6,190,27,0.7071067811865476,0.7071067811865476,-0.4999999999999997,-0.8660254037844388,-0.7818314824680299,0.6234898018587334,2,3,1,3.0,3.0,3.0,5.0,3.0,1.0,3.0,0.0,3.0,3.0,3.6666666666666665,1.0327955589815538,5.0,3.0,2.9166666666666665,1.4433756729718585,5.0,1.0,2.4583333333333335,1.350657381541113,5.0,1.0,26.9,26.8,28.4,85.0,86.0,85.0,0.66,1.0,1.66,1006.0,1006.0,1006.0,2242.7999999999997,27.720000000000002,8.811,0.0,0.7892659826361484,9.231794700883185,12.497917013831028,22.427999999999997,26.535,0.026540729084762342,712.89,7056,0.10890000000000001,1012036,164.20000000000002,27.36666666666667,0.0,0.0,-0.1999999999999993
37,49.6,5.0,79.0,3.8,19.0,50,0.5,1005,84,26.6,0.0,1.2,2023,7,9,4,6,190,27,0.8660254037844386,0.5000000000000001,-0.4999999999999997,-0.8660254037844388,-0.7818314824680299,0.6234898018587334,2,3,1,3.0,3.0,3.0,5.0,2.0,1.0,3.0,0.0,3.0,3.0,3.3333333333333335,0.8164965809187191,5.0,3.0,3.0,1.4142135623708423,5.0,1.0,2.5416666666666665,1.3180739131673886,5.0,1.0,26.7,27.0,26.5,84.0,85.0,89.0,0.33,1.0,1.0,1006.0,1007.0,1006.0,2234.4,100.8,31.92,25.0,0.7892659826361484,9.918016396720656,15.796840631873625,22.344,26.0,0.026467635355586713,707.5600000000001,7056,1.44,1010025,159.4,26.566666666666666,0.0,0.0,-0.09999999999999787
38,58.2,5.3,82.3,3.8,23.0,62,0.5,1006,84,27.1,0.0,0.8,2023,7,9,5,6,190,27,0.9659258262890683,0.25881904510252074,-0.4999999999999997,-0.8660254037844388,-0.7818314824680299,0.6234898018587334,2,3,1,3.0,3.0,3.0,5.0,2.0,1.0,3.0,0.0,3.0,3.0,3.0,0.0,3.0,3.0,3.0833333333333335,1.3789543689001371,5.0,1.0,2.625,1.2790111669606725,5.0,1.0,26.6,26.9,26.7,84.0,85.0,88.0,1.2,0.66,1.0,1005.0,1006.0,1006.0,2276.4,67.2,21.680000000000003,31.0,0.7892659826361484,10.979060554612337,15.525372571212978,22.764,26.700000000000003,0.026938343003635186,734.4100000000001,7056,0.6400000000000001,1012036,175.60000000000002,29.26666666666667,0.0,0.0,0.5
40,66.7,5.7,85.7,2.5,27.0,75,0.5,1006,84,27.5,0.7,1.6,2023,7,9,6,6,190,27,1.0,6.123233995736766e-17,-0.4999999999999997,-0.8660254037844388,-0.7818314824680299,0.6234898018587334,2,0,1,3.0,3.0,3.0,3.0,2.0,1.0,2.6666666666666665,0.5773502692015263,3.0,2.0,2.8333333333333335,0.4082482904457361,3.0,2.0,3.0833333333333335,1.3789543689001371,5.0,1.0,2.6666666666666665,1.2394482175753432,5.0,1.0,27.1,26.7,26.8,84.0,84.0,86.0,0.8,0.33,1.0,1006.0,1006.0,1006.0,2310.0,134.4,44.0,37.5,0.7996801279488205,11.699701806700578,15.032450447289948,23.1,26.7,0.02733595692250803,756.25,7056,2.5600000000000005,1012036,189.60000000000002,31.600000000000005,-1.0,-1.0,0.3999999999999986
41,75.3,6.0,89.0,2.5,31.0,87,0.0,1006,83,28.0,0.9,1.6,2023,7,9,7,6,190,27,0.9659258262890683,-0.25881904510252063,-0.4999999999999997,-0.8660254037844388,-0.7818314824680299,0.6234898018587334,2,0,1,2.0,3.0,3.0,3.0,1.0,1.0,2.3333333333333335,0.5773502692015795,3.0,2.0,2.6666666666666665,0.5163977794799618,3.0,2.0,3.1666666666666665,1.26730446462333,5.0,1.0,2.7083333333333335,1.1970676733106995,5.0,1.0,27.5,26.6,27.0,84.0,84.0,85.0,1.6,1.2,1.0,1006.0,1005.0,1007.0,2324.0,132.8,44.800000000000004,0.0,0.7996801279488205,12.547908681886351,14.830861523079486,23.24,27.2,0.027832974321099085,784.0,6889,2.5600000000000005,1012036,205.8,34.300000000000004,0.0,-1.0,0.5
46,77.8,5.0,100.0,2.5,32.3,87,0.0,1007,75,29.3,1.4,0.33,2023,7,9,8,6,190,27,0.8660254037844387,-0.4999999999999998,-0.4999999999999997,-0.8660254037844388,-0.7818314824680299,0.6234898018587334,2,0,1,2.0,2.0,3.0,3.0,1.0,1.0,2.0,0.0,2.0,2.0,2.5,0.5477225574915988,3.0,2.0,3.25,1.138180365956187,5.0,2.0,2.75,1.1515584902706815,5.0,1.0,28.0,27.1,26.9,83.0,84.0,85.0,1.6,0.8,0.66,1006.0,1006.0,1006.0,2197.5,24.75,9.669,0.0,0.7996801279488205,15.556888622275544,19.99600079984003,21.975,29.135,0.029096296825921724,858.49,5625,0.10890000000000001,1014049,219.60000000000002,36.6,0.0,-1.0,1.3000000000000007
51,80.3,4.0,111.0,2.5,33.7,87,0.0,1007,68,30.7,2.2,0.66,2023,7,9,9,6,190,27,0.7071067811865476,-0.7071067811865475,-0.4999999999999997,-0.8660254037844388,-0.7818314824680299,0.6234898018587334,2,0,1,2.0,2.0,2.0,3.0,5.0,3.0,2.0,0.0,2.0,2.0,2.3333333333333335,0.5163977794799023,3.0,2.0,3.0,1.0444659357311366,5.0,2.0,2.7083333333333335,1.160178646910191,5.0,1.0,29.3,27.5,26.7,75.0,84.0,84.0,0.33,1.6,0.33,1007.0,1006.0,1006.0,2087.6,44.88,20.262,0.0,0.7996801279488205,20.069982504373904,27.743064233941514,20.875999999999998,30.37,0.03048656356845723,942.49,4624,0.43560000000000004,1014049,233.5,38.916666666666664,0.0,0.0,1.3999999999999986
52,82.9,3.0,122.0,2.5,35.0,87,0.25,1007,61,32.0,3.3,1.0,2023,7,9,10,6,190,27,0.49999999999999994,-0.8660254037844387,-0.4999999999999997,-0.8660254037844388,-0.7818314824680299,0.6234898018587334,2,0,1,2.0,2.0,2.0,3.0,5.0,3.0,2.0,0.0,2.0,2.0,2.1666666666666665,0.40824829044558547,3.0,2.0,2.75,0.8660254037807673,5.0,2.0,2.6666666666666665,1.1671841502404128,5.0,1.0,30.7,28.0,26.6,68.0,83.0,84.0,0.66,1.6,1.2,1007.0,1006.0,1005.0,1952.0,61.0,32.0,21.75,0.7996801279488205,27.62412529156948,40.65311562812396,19.52,31.5,0.03177752554366878,1024.0,3721,1.0,1014049,247.4,41.233333333333334,0.0,0.0,1.3000000000000007
54,80.5,2.7,123.0,3.8,32.7,87,0.0,1007,61,32.6,4.0,1.33,2023,7,9,11,6,190,27,0.258819045102521,-0.9659258262890682,-0.4999999999999997,-0.8660254037844388,-0.7818314824680299,0.6234898018587334,2,0,1,2.0,2.0,2.0,3.0,5.0,1.0,2.3333333333333335,0.5773502692015795,3.0,2.0,2.1666666666666665,0.40824829044558547,3.0,2.0,2.5833333333333335,0.5149286505382713,3.0,2.0,2.75,1.1131623577786667,5.0,1.0,32.0,29.3,27.1,61.0,75.0,84.0,1.0,0.33,0.8,1007.0,1007.0,1006.0,1988.6000000000001,81.13000000000001,43.358000000000004,0.0,0.7892659826361484,29.803776379118844,45.53868937430581,19.886000000000003,31.935000000000002,0.03237335414761257,1062.76,3721,1.7689000000000001,1014049,245.7,40.949999999999996,1.0,1.0,0.6000000000000014
55,78.2,2.3,124.0,1.3,30.3,87,2.5,1006,60,33.1,4.1,1.66,2023,7,9,12,6,190,27,1.2246467991473532e-16,-1.0,-0.4999999999999997,-0.8660254037844388,-0.7818314824680299,0.6234898018587334,2,1,1,3.0,2.0,2.0,2.0,3.0,2.0,2.0,1.0000000000069325,3.0,1.0,2.0,0.6324555320218535,3.0,1.0,2.4166666666666665,0.6685579234167791,3.0,1.0,2.7083333333333335,1.1601786469101907,5.0,1.0,32.6,30.7,27.5,61.0,68.0,84.0,1.33,0.66,1.6,1007.0,1007.0,1006.0,1986.0,99.6,54.946,217.5,0.7686395080707149,33.9852238157323,53.88961321164712,19.86,32.27,0.03290255178672785,1095.6100000000001,3600,2.7556,1012036,237.10000000000002,39.51666666666667,-2.0,-1.0,0.5
56,75.9,2.0,125.0,1.3,28.0,87,0.25,1006,60,33.7,3.6,2.0,2023,7,9,13,6,190,27,-0.2588190451025208,-0.9659258262890683,-0.4999999999999997,-0.8660254037844388,-0.7818314824680299,0.6234898018587334,2,1,1,1.0,3.0,2.0,2.0,3.0,3.0,1.6666666666666667,1.154700538385282,3.0,1.0,1.8333333333333333,0.7527726526991279,3.0,1.0,2.25,0.7537783614402086,3.0,1.0,2.625,1.2091139407565528,5.0,1.0,33.1,32.0,28.0,60.0,61.0,83.0,1.66,1.0,1.6,1006.0,1007.0,1006.0,2022.0000000000002,120.0,67.4,21.75,0.7686395080707149,37.931034482758626,62.46876561719141,20.220000000000002,32.7,0.03349897266503712,1135.6900000000003,3600,4.0,1012036,233.20000000000002,38.86666666666667,0.0,-1.0,0.6000000000000014
52,76.5,2.3,122.0,1.3,28.7,87,0.0,1005,58,34.0,3.1,2.0,2023,7,9,14,6,190,27,-0.4999999999999997,-0.8660254037844388,-0.4999999999999997,-0.8660254037844388,-0.7818314824680299,0.6234898018587334,2,1,1,1.0,1.0,3.0,2.0,3.0,4.0,1.0,0.0,1.0,1.0,1.6666666666666667,0.816496580918531,3.0,1.0,2.0833333333333335,0.7929614610947716,3.0,1.0,2.5,1.2158375177456426,5.0,1.0,33.7,32.6,29.3,60.0,61.0,75.0,2.0,1.33,0.33,1006.0,1007.0,1007.0,1972.0,116.0,68.0,0.0,0.7686395080707149,33.24641460234681,53.02042590178184,19.72,33.0,0.03383081210864467,1156.0,3364,4.0,1010025,231.8,38.63333333333333,0.0,-2.0,0.29999999999999716
55,77.0,2.7,119.0,2.5,29.3,87,0.0,1005,56,34.3,2.3,2.0,2023,7,9,15,6,190,27,-0.7071067811865471,-0.7071067811865479,-0.4999999999999997,-0.8660254037844388,-0.7818314824680299,0.6234898018587334,2,1,1,1.0,1.0,1.0,2.0,3.0,3.0,1.3333333333333333,0.5773502692017397,2.0,1.0,1.6666666666666667,0.816496580918531,3.0,1.0,2.0,0.7385489458717182,3.0,1.0,2.4583333333333335,1.2150922908795752,5.0,1.0,34.0,33.1,30.7,58.0,60.0,68.0,2.0,1.66,0.66,1005.0,1006.0,1007.0,1920.7999999999997,112.0,68.6,0.0,0.7996801279488205,28.507960014809328,44.05775638652351,19.208,33.3,0.03412931927430918,1176.4899999999998,3136,4.0,1010025,232.5,38.75,1.0,1.0,0.29999999999999716
54,77.6,3.0,116.0,5.0,30.0,87,0.0,1004,54,34.6,1.6,2.0,2023,7,9,16,6,190,27,-0.8660254037844385,-0.5000000000000004,-0.4999999999999997,-0.8660254037844388,-0.7818314824680299,0.6234898018587334,2,1,1,2.0,1.0,1.0,2.0,3.0,2.0,2.3333333333333335,1.527525231656465,4.0,1.0,2.0,1.2649110640614405,4.0,1.0,2.0833333333333335,0.9003366373750081,4.0,1.0,2.5416666666666665,1.2503622663428915,5.0,1.0,34.3,33.7,32.0,56.0,60.0,61.0,2.0,2.0,1.0,1005.0,1006.0,1007.0,1868.4,108.0,69.2,0.0,0.7998400319936012,25.85804731756081,38.65378207264246,18.684,33.6,0.03446211706960452,1197.16,2916,4.0,1008016,235.6,39.266666666666666,2.0,3.0,0.30000000000000426
49,108.2,8.0,106.3,6.3,41.0,83,0.0,1004,61,33.9,0.9,2.0,2023,7,9,17,6,190,27,-0.9659258262890683,-0.25881904510252063,-0.4999999999999997,-0.8660254037844388,-0.7818314824680299,0.6234898018587334,2,1,1,4.0,2.0,1.0,3.0,3.0,2.0,3.6666666666666665,1.5275252316563843,5.0,2.0,2.3333333333333335,1.7511900715375741,5.0,1.0,2.25,1.2154310870083893,5.0,1.0,2.6666666666666665,1.340560125196959,5.0,1.0,34.6,34.0,32.6,54.0,58.0,61.0,2.0,2.0,1.33,1004.0,1005.0,1007.0,2067.9,122.0,67.8,0.0,0.7935248373274083,13.523309586301714,13.28583927009124,20.679000000000002,32.9,0.03376490660865875,1149.2099999999998,3721,4.0,1008016,274.8,45.800000000000004,1.0,4.0,-0.7000000000000028
45,138.7,13.0,96.7,6.3,52.0,79,0.0,1004,68,33.2,0.8,2.0,2023,7,9,18,6,190,27,-1.0,-1.8369701987210297e-16,-0.4999999999999997,-0.8660254037844388,-0.7818314824680299,0.6234898018587334,2,2,1,5.0,4.0,2.0,1.0,2.0,2.0,4.666666666666667,0.5773502692012069,5.0,4.0,3.0,1.897366596097135,5.0,1.0,2.5,1.4459976109602484,5.0,1.0,2.7916666666666665,1.4135729219923063,5.0,1.0,33.9,34.3,33.1,61.0,56.0,60.0,2.0,2.0,1.66,1004.0,1005.0,1006.0,2257.6000000000004,136.0,66.4,0.0,0.7935248373274083,10.668410122298285,7.437889393123607,22.576000000000004,32.2,0.033067696147713,1102.2400000000002,4624,4.0,1008016,311.7,51.949999999999996,0.0,3.0,-0.6999999999999957
40,169.2,18.0,87.0,2.5,63.0,75,0.0,1005,77,32.5,0.0,2.0,2023,7,9,19,6,190,27,-0.9659258262890684,0.2588190451025203,-0.4999999999999997,-0.8660254037844388,-0.7818314824680299,0.6234898018587334,2,2,1,5.0,5.0,4.0,1.0,2.0,1.0,4.0,1.7320508075727732,5.0,2.0,3.1666666666666665,1.7224014243642294,5.0,1.0,2.5,1.4459976109602484,5.0,1.0,2.8333333333333335,1.3726099121772624,5.0,1.0,33.2,34.6,33.7,68.0,54.0,60.0,2.0,2.0,2.0,1004.0,1004.0,1006.0,2502.5,154.0,65.0,0.0,0.7996801279488205,9.39947780678851,4.833064829731681,25.025,31.5,0.03233827628032211,1056.25,5929,4.0,1010025,341.7,56.949999999999996,-3.0,-2.0,-0.7000000000000028
39,155.4,15.7,83.3,1.3,55.3,70,0.25,1005,82,30.2,0.0,2.0,2023,7,9,20,6,190,27,-0.8660254037844386,0.5000000000000001,-0.4999999999999997,-0.8660254037844388,-0.7818314824680299,0.6234898018587334,2,2,1,2.0,5.0,5.0,1.0,2.0,1.0,2.6666666666666665,2.081665999469433,5.0,1.0,3.1666666666666665,1.7224014243642294,5.0,1.0,2.4166666666666665,1.50504203102278,5.0,1.0,2.8333333333333335,1.3726099121772624,5.0,1.0,32.5,33.9,34.0,77.0,61.0,58.0,2.0,2.0,2.0,1005.0,1004.0,1005.0,2476.4,164.0,60.4,17.5,0.7686395080707149,9.8974587605885,5.305394560855997,24.764,29.2,0.03004972134356085,912.04,6724,4.0,1010025,312.0,52.0,-1.0,-4.0,-2.3000000000000007
37,141.6,13.3,79.7,1.3,47.7,66,0.25,1006,89,28.0,0.0,2.0,2023,7,9,21,6,190,27,-0.7071067811865477,0.7071067811865474,-0.4999999999999997,-0.8660254037844388,-0.7818314824680299,0.6234898018587334,2,2,1,1.0,2.0,5.0,2.0,2.0,5.0,1.3333333333333333,0.5773502692017369,2.0,1.0,3.0,1.897366596097135,5.0,1.0,2.3333333333333335,1.5569978883210112,5.0,1.0,2.6666666666666665,1.340560125196959,5.0,1.0,30.2,33.2,34.3,82.0,68.0,56.0,2.0,2.0,2.0,1005.0,1004.0,1005.0,2492.0,178.0,56.0,16.5,0.7686395080707149,10.645816104052326,5.992030674385385,24.92,27.0,0.027832974321099085,784.0,7921,4.0,1012036,284.6,47.43333333333334,0.0,-4.0,-2.1999999999999993
35,127.8,11.0,76.0,1.3,40.0,62,0.0,1007,95,25.7,0.0,2.0,2023,7,9,22,6,190,27,-0.5000000000000004,0.8660254037844384,-0.4999999999999997,-0.8660254037844388,-0.7818314824680299,0.6234898018587334,2,3,1,1.0,1.0,2.0,4.0,2.0,5.0,1.0,0.0,1.0,1.0,2.5,1.974841765809387,5.0,1.0,2.25,1.6025547785256784,5.0,1.0,2.5,1.2853691738314512,5.0,1.0,28.0,32.5,34.6,89.0,77.0,54.0,2.0,2.0,2.0,1006.0,1005.0,1004.0,2441.5,190.0,51.4,0.0,0.7686395080707149,11.617125715844015,6.90846286701209,24.415,24.7,0.025521325202258985,660.49,9025,4.0,1014049,257.1,42.85,0.0,-1.0,-2.3000000000000007
36,106.6,9.3,77.3,1.3,33.7,62,0.0,1006,92,26.1,0.0,2.0,2023,7,9,23,6,190,27,-0.25881904510252157,0.9659258262890681,-0.4999999999999997,-0.8660254037844388,-0.7818314824680299,0.6234898018587334,2,3,1,1.0,1.0,1.0,5.0,3.0,5.0,1.0,0.0,1.0,1.0,1.8333333333333333,1.602081978755046,5.0,1.0,2.0833333333333335,1.6213537179719777,5.0,1.0,2.3333333333333335,1.2038585308546244,5.0,1.0,25.7,30.2,33.9,95.0,82.0,61.0,2.0,2.0,2.0,1007.0,1005.0,1004.0,2401.2000000000003,184.0,52.2,0.0,0.7686395080707149,11.461133211482636,8.31093430813891,24.012000000000004,25.1,0.025944308206453076,681.21,8464,4.0,1012036,229.2,38.199999999999996,0.0,0.0,0.40000000000000213
36,85.4,7.7,78.7,1.3,27.3,62,0.0,1006,88,26.6,0.0,2.0,2023,7,10,0,0,191,28,0.0,1.0,-0.4999999999999997,-0.8660254037844388,0.0,1.0,2,3,0,1.0,1.0,1.0,5.0,1.0,3.0,1.0,0.0,1.0,1.0,1.1666666666666667,0.4082482904453642,2.0,1.0,2.0833333333333335,1.6213537179719777,5.0,1.0,2.25,1.2247448713885623,5.0,1.0,26.1,28.0,33.2,92.0,89.0,68.0,2.0,2.0,2.0,1006.0,1006.0,1004.0,2340.8,176.0,53.2,0.0,0.7686395080707149,11.089468900142839,10.219452019218283,23.408,25.6,0.02644132560504413,707.5600000000001,7744,4.0,1012036,201.40000000000003,33.56666666666667,0.0,0.0,0.5
37,64.2,6.0,80.0,1.3,21.0,62,0.25,1006,85,27.0,0.0,2.0,2023,7,10,1,0,191,28,0.25881904510252074,0.9659258262890683,-0.4999999999999997,-0.8660254037844388,0.0,1.0,2,3,0,1.0,1.0,1.0,2.0,1.0,3.0,1.0,0.0,1.0,1.0,1.0,0.0,1.0,1.0,2.0833333333333335,1.6213537179719777,5.0,1.0,2.1666666666666665,1.2394482175752763,5.0,1.0,26.6,25.7,32.5,88.0,95.0,77.0,2.0,2.0,2.0,1006.0,1007.0,1005.0,2295.0,170.0,54.0,15.5,0.7686395080707149,10.69821696383936,13.331111481419763,22.95,26.0,0.026838939523916975,729.0,7225,4.0,1012036,173.5,28.916666666666668,0.0,0.0,0.3999999999999986
37,64.4,6.0,79.0,1.3,22.3,62,0.0,1006,85,27.0,0.0,2.0,2023,7,10,2,0,191,28,0.49999999999999994,0.8660254037844387,-0.4999999999999997,-0.8660254037844388,0.0,1.0,2,3,0,1.0,1.0,1.0,1.0,1.0,3.0,1.0,0.0,1.0,1.0,1.0,0.0,1.0,1.0,2.0833333333333335,1.6213537179719777,5.0,1.0,2.0833333333333335,1.2481870911386979,5.0,1.0,27.0,26.1,30.2,85.0,92.0,82.0,2.0,2.0,2.0,1006.0,1006.0,1005.0,2295.0,170.0,54.0,0.0,0.7686395080707149,10.73154474254291,13.164472587902015,22.95,26.0,0.026838939523916975,729.0,7225,4.0,1012036,174.00000000000003,29.000000000000004,0.0,0.0,0.0
36,64.6,6.0,78.0,1.3,23.7,62,0.0,1006,84,27.0,0.0,2.0,2023,7,10,3,0,191,28,0.7071067811865476,0.7071067811865476,-0.4999999999999997,-0.8660254037844388,0.0,1.0,2,3,0,1.0,1.0,1.0,1.0,2.0,3.0,1.0,0.0,1.0,1.0,1.0,0.0,1.0,1.0,2.0,1.6514456476876276,5.0,1.0,2.0,1.2510864843394525,5.0,1.0,27.0,26.6,28.0,85.0,88.0,89.0,2.0,2.0,2.0,1006.0,1006.0,1006.0,2268.0,168.0,54.0,0.0,0.7686395080707149,10.764872521246458,12.99783369438427,22.68,26.0,0.026838939523916975,729.0,7056,4.0,1012036,174.6,29.099999999999998,0.0,0.0,0.0
36,64.8,6.0,77.0,1.3,25.0,62,0.0,1006,84,27.0,0.0,2.0,2023,7,10,4,0,191,28,0.8660254037844386,0.5000000000000001,-0.4999999999999997,-0.8660254037844388,0.0,1.0,2,3,0,1.0,1.0,1.0,1.0,4.0,3.0,1.0,0.0,1.0,1.0,1.0,0.0,1.0,1.0,1.75,1.5447859516312703,5.0,1.0,1.9166666666666667,1.2481870911386759,5.0,1.0,27.0,27.0,25.7,84.0,85.0,95.0,2.0,2.0,2.0,1006.0,1006.0,1007.0,2268.0,168.0,54.0,0.0,0.7686395080707149,10.798200299950008,12.831194800866522,22.68,26.0,0.026838939523916975,729.0,7056,4.0,1012036,175.10000000000002,29.183333333333337,0.0,0.0,0.0
34,73.3,6.3,72.7,1.3,28.3,66,0.0,1006,85,27.3,0.0,2.0,2023,7,10,5,0,191,28,0.9659258262890683,0.25881904510252074,-0.4999999999999997,-0.8660254037844388,0.0,1.0,2,3,0,1.0,1.0,1.0,1.0,5.0,3.0,1.0,0.0,1.0,1.0,1.0,0.0,1.0,1.0,1.4166666666666667,1.1645001528786143,5.0,1.0,1.8333333333333333,1.2394482175752317,5.0,1.0,27.0,27.0,26.1,84.0,85.0,92.0,2.0,2.0,2.0,1006.0,1006.0,1006.0,2320.5,170.0,54.6,0.0,0.7686395080707149,11.633074115219806,11.537851134740517,23.205,26.3,0.027137149963071608,745.2900000000001,7225,4.0,1012036,182.90000000000003,30.483333333333338,0.0,0.0,0.3000000000000007
32,81.9,6.7,68.3,2.5,31.7,70,0.0,1006,85,27.7,0.8,2.0,2023,7,10,6,0,191,28,1.0,6.123233995736766e-17,-0.4999999999999997,-0.8660254037844388,0.0,1.0,2,0,0,1.0,1.0,1.0,1.0,5.0,2.0,1.3333333333333333,0.5773502692017369,2.0,1.0,1.1666666666666667,0.4082482904453642,2.0,1.0,1.1666666666666667,0.3892494720726977,2.0,1.0,1.8333333333333333,1.2394482175752317,5.0,1.0,27.3,27.0,26.6,85.0,84.0,88.0,2.0,2.0,2.0,1006.0,1006.0,1006.0,2354.5,170.0,55.4,0.0,0.7996801279488205,12.22205640949112,10.192508580808834,23.545,26.7,0.027534763881944452,767.29,7225,4.0,1012036,193.1,32.18333333333333,1.0,1.0,0.3999999999999986
30,90.5,7.0,64.0,2.5,35.0,75,0.0,1007,86,28.0,1.0,2.0,2023,7,10,7,0,191,28,0.9659258262890683,-0.25881904510252063,-0.4999999999999997,-0.8660254037844388,0.0,1.0,2,0,0,2.0,1.0,1.0,1.0,2.0,2.0,1.6666666666666667,0.5773502692016839,2.0,1.0,1.3333333333333333,0.516397779479727,2.0,1.0,1.1666666666666667,0.3892494720726977,2.0,1.0,1.8333333333333333,1.2394482175752317,5.0,1.0,27.7,27.0,27.0,85.0,84.0,85.0,2.0,2.0,2.0,1006.0,1006.0,1006.0,2408.0,172.0,56.0,0.0,0.7996801279488205,12.926724753606628,9.141551206970432,24.08,27.0,0.02780533485071018,784.0,7396,4.0,1014049,201.0,33.5,0.0,1.0,0.3000000000000007
38,89.3,6.0,82.0,2.1,43.3,70,0.0,1006,79,29.3,1.3,1.33,2023,7,10,8,0,191,28,0.8660254037844387,-0.4999999999999998,-0.4999999999999997,-0.8660254037844388,0.0,1.0,2,0,0,2.0,2.0,1.0,1.0,1.0,2.0,1.89,0.19052558886900825,2.0,1.67,1.445,0.5021453972555622,2.0,1.0,1.2225,0.4106342101422799,2.0,1.0,1.8195833333333333,1.239349335480018,5.0,1.0,28.0,27.3,27.0,86.0,85.0,85.0,2.0,2.0,2.0,1007.0,1006.0,1006.0,2314.7000000000003,105.07000000000001,38.969,0.0,0.794859590671109,14.88085319113481,13.664389268455256,23.147000000000002,28.635,0.029125219557435827,858.49,6241,1.7689000000000001,1012036,224.37,37.395,-0.33000000000000007,0.6699999999999999,1.3000000000000007
46,88.1,5.0,100.0,1.3,51.7,66,0.0,1006,72,30.7,2.1,0.66,2023,7,10,9,0,191,28,0.7071067811865476,-0.7071067811865475,-0.4999999999999997,-0.8660254037844388,0.0,1.0,2,0,0,1.67,2.0,2.0,1.0,1.0,2.0,1.5566666666666666,0.5095422782726444,2.0,1.0,1.445,0.5021453972555622,2.0,1.0,1.2225,0.4106342101422799,2.0,1.0,1.7779166666666668,1.2497859961706699,5.0,1.0,29.3,27.7,27.0,79.0,85.0,84.0,1.33,2.0,2.0,1006.0,1006.0,1006.0,2210.4,47.52,20.262,0.0,0.7686395080707149,17.616476704659068,19.99600079984003,22.104,30.37,0.03051686827349078,942.49,5184,0.43560000000000004,1012036,247.10000000000002,41.18333333333334,-0.6699999999999999,-1.0,1.3999999999999986
55,87.0,4.0,118.0,1.3,60.0,62,0.0,1006,66,32.0,3.2,1.6,2023,7,10,10,0,191,28,0.49999999999999994,-0.8660254037844387,-0.4999999999999997,-0.8660254037844388,0.0,1.0,2,0,0,1.0,1.67,2.0,1.0,1.0,2.0,1.2233333333333334,0.3868246803751516,1.67,1.0,1.445,0.5021453972555622,2.0,1.0,1.2225,0.4106342101422799,2.0,1.0,1.73625,1.2586977829042474,5.0,1.0,30.7,28.0,27.0,72.0,86.0,84.0,0.66,2.0,2.0,1006.0,1007.0,1006.0,2112.0,105.60000000000001,51.2,0.0,0.7686395080707149,21.74456385903524,29.492626843289177,21.12,31.2,0.03180911350982753,1024.0,4356,2.5600000000000005,1012036,271.3,45.21666666666667,0.0,-1.0,1.3000000000000007
55,83.5,3.7,124.0,1.3,57.0,70,0.0,1005,63,32.7,3.9,1.6,2023,7,10,11,0,191,28,0.258819045102521,-0.9659258262890682,-0.4999999999999997,-0.8660254037844388,0.0,1.0,2,0,0,1.0,1.0,1.67,1.0,1.0,3.0,1.0,0.0,1.0,1.0,1.445,0.5021453972555622,2.0,1.0,1.2225,0.4106342101422799,2.0,1.0,1.6529166666666668,1.2374183474714826,5.0,1.0,32.0,29.3,27.3,66.0,79.0,85.0,1.6,1.33,2.0,1006.0,1006.0,1006.0,2060.1000000000004,100.80000000000001,52.32000000000001,0.0,0.7686395080707149,22.561469873007294,33.5044582545258,20.601000000000003,31.900000000000002,0.03253728105743179,1069.2900000000002,3969,2.5600000000000005,1010025,270.5,45.083333333333336,0.0,-0.6699999999999999,0.7000000000000028
80,80.0,3.3,130.0,32.5,54.0,79,0.0,1005,61,33.3,4.3,2.0,2023,7,10,12,0,191,28,1.2246467991473532e-16,-1.0,-0.4999999999999997,-0.8660254037844388,0.0,1.0,2,1,0,1.0,1.0,1.0,2.0,1.0,1.0,9.333333333333334,14.433756729741079,26.0,1.0,5.445,10.078697832556827,26.0,1.0,3.3058333333333336,7.158253289141755,26.0,1.0,2.6945833333333336,5.114047983286337,26.0,1.0,32.7,30.7,27.7,63.0,72.0,85.0,1.6,0.66,2.0,1005.0,1006.0,1006.0,2031.2999999999997,122.0,66.6,0.0,0.7999753853727578,24.235080278703425,39.38200545289307,20.313,32.3,0.0331342953887608,1108.8899999999999,3721,4.0,1010025,325.8,54.300000000000004,25.0,25.0,0.5999999999999943
80,76.5,3.0,136.0,32.5,51.0,87,0.0,1004,58,34.0,4.1,2.4,2023,7,10,13,0,191,28,-0.2588190451025208,-0.9659258262890683,-0.4999999999999997,-0.8660254037844388,0.0,1.0,2,1,0,26.0,1.0,1.0,2.0,1.0,1.0,17.666666666666668,14.433756729741026,26.0,1.0,9.445,12.826073054523992,26.0,1.0,5.389166666666667,9.63550013641126,26.0,1.0,3.73625,6.965003706418817,26.0,1.0,33.3,32.0,28.0,61.0,66.0,86.0,2.0,1.6,2.0,1005.0,1006.0,1007.0,1972.0,139.2,81.6,0.0,0.7999753853727578,25.491502832389205,45.31822725758081,19.72,32.8,0.03386450810307958,1156.0,3364,5.76,1008016,325.0,54.166666666666664,0.0,25.0,0.7000000000000028
85,74.7,3.0,129.7,35.0,49.0,83,0.0,1004,56,34.5,3.4,2.8,2023,7,10,14,0,191,28,-0.4999999999999997,-0.8660254037844388,-0.4999999999999997,-0.8660254037844388,0.0,1.0,2,1,0,26.0,26.0,1.0,1.67,1.0,1.0,26.666666666666668,1.1547005383832964,28.0,26.0,13.833333333333334,14.077168275851998,28.0,1.0,7.639166666666667,11.491128956589213,28.0,1.0,4.86125,8.512463656309697,28.0,1.0,34.0,32.7,29.3,58.0,63.0,79.0,2.4,1.6,1.33,1004.0,1005.0,1006.0,1932.0,156.79999999999998,96.6,0.0,0.7999771435101855,24.891702765744753,43.218927024325225,19.32,33.1,0.03436251557518369,1190.25,3136,7.839999999999999,1008016,319.4,53.23333333333333,2.0,27.0,0.5
80,72.9,3.0,123.3,32.5,47.0,79,0.0,1003,54,35.1,2.4,2.8,2023,7,10,15,0,191,28,-0.7071067811865471,-0.7071067811865479,-0.4999999999999997,-0.8660254037844388,0.0,1.0,2,1,0,28.0,26.0,26.0,1.0,1.0,2.0,26.666666666666668,1.1547005383832964,28.0,26.0,18.0,13.190905958272465,28.0,1.0,9.7225,12.407713235212443,28.0,1.0,5.861250000000001,9.512661728042666,28.0,1.0,34.5,33.3,30.7,56.0,61.0,72.0,2.8,2.0,0.66,1004.0,1005.0,1006.0,1895.4,151.2,98.28,0.0,0.7999753853727578,24.2919026991003,41.08630456514495,18.954,33.7,0.03499498006482546,1232.01,2916,7.839999999999999,1006009,304.7,50.78333333333333,-2.0,0.0,0.6000000000000014
85,71.2,3.0,117.0,35.0,45.0,75,0.0,1002,53,35.6,1.6,2.8,2023,7,10,16,0,191,28,-0.8660254037844385,-0.5000000000000004,-0.4999999999999997,-0.8660254037844388,0.0,1.0,2,1,0,26.0,28.0,26.0,1.0,1.0,4.0,27.333333333333332,1.1547005383832427,28.0,26.0,22.5,10.578279633285785,28.0,1.0,11.972500000000002,13.110370028062537,28.0,1.0,6.861250000000001,10.516957037379257,28.0,1.0,35.1,34.0,32.0,54.0,58.0,66.0,2.8,2.4,1.6,1003.0,1004.0,1006.0,1886.8000000000002,148.39999999999998,99.67999999999999,0.0,0.7999771435101855,23.725424858380542,38.98700433188937,18.868000000000002,34.2,0.03552890665777779,1267.3600000000001,2809,7.839999999999999,1004004,299.2,49.86666666666667,2.0,2.0,0.5
74,79.0,5.3,99.7,28.8,41.3,70,0.0,1003,57,34.6,1.0,1.0,2023,7,10,17,0,191,28,-0.9659258262890683,-0.25881904510252063,-0.4999999999999997,-0.8660254037844388,0.0,1.0,2,1,0,28.0,26.0,28.0,1.0,1.0,5.0,25.666666666666668,2.516611478425476,28.0,23.0,26.166666666666668,1.8348478592668536,28.0,23.0,13.805833333333334,12.974017712568983,28.0,1.0,7.611250000000001,11.008774884450862,28.0,1.0,35.6,34.5,32.7,53.0,56.0,63.0,2.8,2.8,1.6,1002.0,1004.0,1005.0,1972.2,57.0,34.6,0.0,0.7985833825214401,14.90284851914733,18.807772118468215,19.722,34.1,0.03449647607529803,1197.16,3249,1.0,1006009,277.1,46.18333333333334,-5.0,-5.0,-1.0
74,86.8,7.7,82.3,28.8,37.7,66,0.0,1003,61,33.5,0.9,2.0,2023,7,10,18,0,191,28,-1.0,-1.8369701987210297e-16,-0.4999999999999997,-0.8660254037844388,0.0,1.0,2,2,0,23.0,28.0,26.0,26.0,2.0,5.0,24.666666666666668,2.886751345949811,28.0,23.0,25.666666666666668,2.2509257354821965,28.0,23.0,15.555833333333334,12.649044130851765,28.0,1.0,8.36125,11.428296047244876,28.0,1.0,34.6,35.1,33.3,57.0,54.0,61.0,1.0,2.8,2.0,1003.0,1003.0,1005.0,2043.5,122.0,67.0,0.0,0.7985833825214401,11.271263472276326,10.686923776132968,20.435,32.5,0.03339976729833769,1122.25,3721,4.0,1006009,266.3,44.38333333333333,0.0,-3.0,-1.1000000000000014
76,94.5,10.0,65.0,30.0,34.0,62,0.0,1003,66,32.5,0.0,3.0,2023,7,10,19,0,191,28,-0.9659258262890684,0.2588190451025203,-0.4999999999999997,-0.8660254037844388,0.0,1.0,2,2,0,23.0,23.0,28.0,26.0,2.0,2.0,23.333333333333332,0.5773502691982483,24.0,23.0,25.333333333333332,2.338090388897745,28.0,23.0,17.389166666666668,12.087527349472074,28.0,1.0,9.277916666666668,11.772988974090348,28.0,1.0,33.5,35.6,34.0,61.0,53.0,58.0,2.0,2.8,2.4,1003.0,1002.0,1004.0,2145.0,198.0,97.5,0.0,0.7999733342221925,9.449055094490552,6.499350064993501,21.45,31.0,0.03240275931928283,1056.25,4356,9.0,1006009,257.5,42.916666666666664,1.0,-4.0,-1.0
76,94.2,9.3,61.7,30.0,32.0,54,0.0,1004,71,30.7,0.0,2.0,2023,7,10,20,0,191,28,-0.8660254037844386,0.5000000000000001,-0.4999999999999997,-0.8660254037844388,0.0,1.0,2,2,0,24.0,23.0,23.0,28.0,1.67,1.0,23.666666666666668,0.5773502691981948,24.0,23.0,24.666666666666668,1.9663841604976104,28.0,23.0,19.25,11.12838304026699,28.0,1.0,10.23625,12.003712039089681,28.0,1.0,32.5,34.6,34.5,66.0,57.0,56.0,3.0,1.0,2.8,1003.0,1003.0,1004.0,2179.7,142.0,61.4,0.0,0.7999733342221925,10.127943231910548,6.633695301580476,21.796999999999997,29.7,0.030577658787192444,942.49,5041,4.0,1008016,251.2,41.86666666666667,0.0,1.0,-1.8000000000000007
72,93.8,8.7,58.3,27.5,30.0,45,0.0,1004,77,29.0,0.0,1.0,2023,7,10,21,0,191,28,-0.7071067811865477,0.7071067811865474,-0.4999999999999997,-0.8660254037844388,0.0,1.0,2,2,0,24.0,24.0,23.0,26.0,1.0,1.0,23.333333333333332,1.1547005383835631,24.0,22.0,24.0,2.097617696337707,28.0,22.0,21.0,9.534625892455544,28.0,1.0,11.11125,12.066395777746266,28.0,1.0,30.7,33.5,35.1,71.0,61.0,54.0,2.0,2.0,2.8,1004.0,1003.0,1003.0,2233.0,77.0,29.0,0.0,0.7999709101487218,10.780370072405471,6.700379266750949,22.33,28.5,0.028884433382038464,841.0,5929,1.0,1008016,240.3,40.050000000000004,-2.0,-1.0,-1.6999999999999993
78,93.4,8.0,55.0,31.3,28.0,37,0.0,1005,84,27.2,0.0,4.0,2023,7,10,22,0,191,28,-0.5000000000000004,0.8660254037844384,-0.4999999999999997,-0.8660254037844388,0.0,1.0,2,3,0,22.0,24.0,24.0,28.0,1.0,1.0,23.666666666666668,1.5275252316551862,25.0,22.0,23.5,1.048808848164919,25.0,22.0,23.0,7.185844671042946,28.0,1.0,12.11125,12.185900374399033,28.0,1.0,29.0,32.5,35.6,77.0,66.0,53.0,1.0,3.0,2.8,1004.0,1003.0,1002.0,2284.7999999999997,336.0,108.8,0.0,0.7986965272674994,11.673540807399077,6.874140732408449,22.848,25.2,0.027064649686915736,739.8399999999999,7056,16.0,1010025,240.70000000000002,40.11666666666667,3.0,1.0,-1.8000000000000007
78,87.9,7.3,60.0,31.3,26.3,45,0.0,1005,85,27.9,0.0,0.66,2023,7,10,23,0,191,28,-0.25881904510252157,0.9659258262890681,-0.4999999999999997,-0.8660254037844388,0.0,1.0,2,3,0,25.0,22.0,24.0,23.0,1.0,1.0,24.0,1.7320508075717167,25.0,22.0,23.833333333333332,1.1690451944453415,25.0,22.0,25.0,1.906925178489239,28.0,22.0,13.11125,12.219143680414144,28.0,1.0,27.2,30.7,34.6,84.0,71.0,57.0,4.0,2.0,1.0,1005.0,1004.0,1003.0,2371.5,56.1,18.414,0.0,0.7986965272674994,12.03944665114368,8.21805232159978,23.715,27.57,0.027761166406799594,778.41,7225,0.43560000000000004,1010025,237.8,39.63333333333333,0.0,1.0,0.6999999999999993
74,82.5,6.7,65.0,28.8,24.7,54,0.0,1004,86,28.5,0.0,1.33,2023,7,11,0,1,192,28,0.0,1.0,-0.4999999999999997,-0.8660254037844388,0.7818314824680298,0.6234898018587336,2,3,0,25.0,25.0,22.0,23.0,26.0,1.0,24.333333333333332,1.1547005383834852,25.0,23.0,23.833333333333332,1.1690451944453415,25.0,22.0,24.75,1.9598237397535734,28.0,22.0,14.027916666666668,12.095651744456967,28.0,1.0,27.9,29.0,33.5,85.0,77.0,61.0,0.66,1.0,2.0,1005.0,1004.0,1003.0,2451.0,114.38000000000001,37.905,0.0,0.7985833825214401,12.311595284285927,9.700044769437397,24.51,27.835,0.028386425909934353,812.25,7396,1.7689000000000001,1008016,230.7,38.449999999999996,-2.0,1.0,0.6000000000000014
74,77.0,6.0,70.0,28.8,23.0,62,0.0,1004,87,29.2,0.0,2.0,2023,7,11,1,1,192,28,0.25881904510252074,0.9659258262890683,-0.4999999999999997,-0.8660254037844388,0.7818314824680298,0.6234898018587336,2,3,0,23.0,25.0,25.0,24.0,26.0,1.0,23.666666666666668,1.154700538383539,25.0,23.0,23.666666666666668,1.211060141634477,25.0,22.0,24.5,1.9771421064464516,28.0,22.0,14.944583333333334,11.897415129991854,28.0,1.0,28.5,27.2,32.5,86.0,84.0,66.0,1.33,4.0,3.0,1004.0,1005.0,1003.0,2540.4,174.0,58.4,0.0,0.7985833825214401,12.831194800866522,11.664722546242292,25.404,28.2,0.029083636370880107,852.64,7569,4.0,1008016,227.8,37.96666666666667,0.0,-2.0,0.6999999999999993
72,79.4,6.3,70.3,27.5,25.3,50,0.0,1004,85,28.5,0.0,1.33,2023,7,11,2,1,192,28,0.49999999999999994,0.8660254037844387,-0.4999999999999997,-0.8660254037844388,0.7818314824680298,0.6234898018587336,2,3,0,23.0,23.0,25.0,24.0,28.0,1.0,22.666666666666668,0.5773502691983605,23.0,22.0,23.333333333333332,1.3662601021239205,25.0,22.0,24.0,1.758098145980968,28.0,22.0,15.819583333333334,11.59566578667344,28.0,1.0,29.2,27.9,30.7,87.0,85.0,71.0,2.0,0.66,2.0,1004.0,1005.0,1004.0,2422.5,113.05000000000001,37.905,0.0,0.7999709101487218,12.601174416759244,11.156959212823361,24.225,27.835,0.028386425909934353,812.25,7225,1.7689000000000001,1008016,230.8,38.46666666666667,-1.0,-3.0,-0.6999999999999993
72,81.7,6.7,70.7,27.5,27.7,37,0.0,1004,83,27.9,0.0,0.66,2023,7,11,3,1,192,28,0.7071067811865476,0.7071067811865476,-0.4999999999999997,-0.8660254037844388,0.7818314824680298,0.6234898018587336,2,3,0,22.0,23.0,23.0,22.0,26.0,1.0,22.333333333333332,0.577350269198414,23.0,22.0,23.333333333333332,1.3662601021239205,25.0,22.0,23.666666666666668,1.7232808737085235,28.0,22.0,16.694583333333334,11.214839152218916,28.0,1.0,28.5,28.5,29.0,85.0,86.0,77.0,1.33,1.33,1.0,1004.0,1004.0,1004.0,2315.7,54.78,18.414,0.0,0.7999709101487218,12.192210117892852,10.550664079988062,23.156999999999996,27.57,0.027788816943409417,778.41,6889,0.43560000000000004,1008016,236.3,39.38333333333333,0.0,-1.0,-0.6000000000000014
63,84.0,7.0,71.0,22.5,30.0,25,0.0,1005,82,27.2,0.0,2.4,2023,7,11,4,1,192,28,0.8660254037844386,0.5000000000000001,-0.4999999999999997,-0.8660254037844388,0.7818314824680298,0.6234898018587336,2,3,0,22.0,22.0,23.0,25.0,28.0,1.0,20.666666666666668,2.309401076760767,22.0,18.0,22.166666666666668,2.3166067138501254,25.0,18.0,22.833333333333332,1.8504708655461477,25.0,18.0,17.402916666666666,10.705773931435882,28.0,1.0,27.9,29.2,27.2,83.0,87.0,84.0,0.66,2.0,4.0,1004.0,1004.0,1005.0,2230.4,196.79999999999998,65.28,0.0,0.7999644460246211,11.998285959148692,10.141408370232824,22.304000000000002,26.0,0.027064649686915736,739.8399999999999,6724,5.76,1010025,232.5,38.75,-4.0,-5.0,-0.6999999999999993
72,88.7,7.7,67.0,27.5,35.7,25,0.0,1005,83,27.8,0.0,1.6,2023,7,11,5,1,192,28,0.9659258262890683,0.25881904510252074,-0.4999999999999997,-0.8660254037844388,0.7818314824680298,0.6234898018587336,2,3,0,18.0,22.0,22.0,25.0,23.0,1.0,20.666666666666668,2.309401076760767,22.0,18.0,21.666666666666668,1.8618986724994988,23.0,18.0,22.75,1.8647446815222226,25.0,18.0,18.277916666666666,10.150637580817243,28.0,1.0,27.2,28.5,27.9,82.0,85.0,85.0,2.4,1.33,0.66,1005.0,1004.0,1005.0,2307.4,132.8,44.480000000000004,0.0,0.7999709101487218,11.517984677314635,8.700168809245552,23.074,27.0,0.02766166401824476,772.84,6889,2.5600000000000005,1010025,248.60000000000002,41.43333333333334,4.0,0.0,0.6000000000000014
72,93.4,8.3,63.0,27.5,41.3,25,0.0,1005,85,28.4,1.5,1.6,2023,7,11,6,1,192,28,1.0,6.123233995736766e-17,-0.4999999999999997,-0.8660254037844388,0.7818314824680298,0.6234898018587336,2,0,0,22.0,18.0,22.0,23.0,23.0,2.0,20.666666666666668,2.309401076760767,22.0,18.0,21.5,1.7606816861626928,23.0,18.0,22.666666666666668,1.8748737331202354,25.0,18.0,19.111250000000002,9.559952388684328,28.0,1.0,27.8,27.9,28.5,83.0,83.0,86.0,1.6,0.66,1.33,1005.0,1004.0,1004.0,2414.0,136.0,45.44,0.0,0.7999709101487218,11.251656426936513,7.589447054571738,24.14,27.599999999999998,0.028258678349573782,806.56,7225,2.5600000000000005,1010025,255.5,42.583333333333336,0.0,0.0,0.5999999999999979
65,98.0,9.0,59.0,23.8,47.0,25,0.0,1005,86,29.0,1.8,1.2,2023,7,11,7,1,192,28,0.9659258262890683,-0.25881904510252063,-0.4999999999999997,-0.8660254037844388,0.7818314824680298,0.6234898018587336,2,0,0,22.0,22.0,18.0,23.0,24.0,2.0,21.0,1.7320508075718775,22.0,19.0,20.833333333333332,1.8348478592666098,22.0,18.0,22.25,2.094364733363402,25.0,18.0,19.819583333333334,8.83965299297604,28.0,1.0,28.4,27.2,29.2,85.0,82.0,87.0,1.6,2.4,2.0,1005.0,1005.0,1004.0,2494.0,103.2,34.8,0.0,0.7982857863114995,10.88767914676147,6.5548272414176205,24.94,28.4,0.028855692680902805,841.0,7396,1.44,1010025,255.8,42.63333333333333,-3.0,1.0,0.6000000000000014
72,93.6,7.7,80.3,27.5,55.0,25,0.0,1005,81,30.2,3.4,0.66,2023,7,11,8,1,192,28,0.8660254037844387,-0.4999999999999998,-0.4999999999999997,-0.8660254037844388,0.7818314824680298,0.6234898018587336,2,0,0,19.0,22.0,22.0,22.0,24.0,1.67,21.0,1.7320508075718775,22.0,19.0,20.833333333333332,1.8348478592666098,22.0,18.0,22.083333333333332,2.0207259421618913,25.0,18.0,20.666666666666668,7.954581215805094,28.0,1.0,29.0,27.8,28.5,86.0,83.0,85.0,1.2,1.6,1.33,1005.0,1005.0,1004.0,2446.2,53.46,19.932000000000002,0.0,0.7999709101487218,12.154265679781846,10.427217244513699,24.462,29.87,0.03004972134356085,912.04,6561,0.43560000000000004,1010025,286.1,47.68333333333334,3.0,0.0,1.1999999999999993
87,89.1,6.3,101.7,36.3,63.0,25,0.0,1005,76,31.5,6.0,1.33,2023,7,11,9,1,192,28,0.7071067811865476,-0.7071067811865475,-0.4999999999999997,-0.8660254037844388,0.7818314824680298,0.6234898018587336,2,0,0,22.0,19.0,22.0,22.0,22.0,1.0,23.333333333333332,5.131601439447854,29.0,19.0,22.0,3.847076812332812,29.0,18.0,22.666666666666668,2.839120649179734,29.0,18.0,21.833333333333332,6.932385665446766,29.0,1.0,30.2,28.4,27.9,81.0,85.0,83.0,0.66,1.6,0.66,1005.0,1005.0,1004.0,2394.0,101.08000000000001,41.895,0.0,0.798876064020275,14.140612601174416,16.140295191239485,23.94,30.835,0.03134325239477374,992.25,5776,1.7689000000000001,1010025,325.4,54.23333333333333,7.0,7.0,1.3000000000000007
85,84.6,5.0,123.0,35.0,71.0,25,0.0,1005,71,32.7,9.0,2.0,2023,7,11,10,1,192,28,0.49999999999999994,-0.8660254037844387,-0.4999999999999997,-0.8660254037844388,0.7818314824680298,0.6234898018587336,2,0,0,29.0,22.0,19.0,18.0,25.0,1.0,26.333333333333332,3.7859388972014236,29.0,22.0,23.666666666666668,3.9327683209993105,29.0,19.0,22.916666666666668,3.1754264805417884,29.0,18.0,22.958333333333332,5.4332244143078885,29.0,1.0,31.5,29.0,27.2,76.0,86.0,82.0,1.33,1.2,2.4,1005.0,1005.0,1005.0,2321.7000000000003,142.0,65.4,0.0,0.7999771435101855,16.916616676664663,24.59508098380324,23.217000000000002,31.700000000000003,0.03253728105743179,1069.2900000000002,5041,4.0,1010025,346.6,57.76666666666667,-1.0,9.0,1.2000000000000028
76,80.5,4.3,128.0,30.0,66.0,0,0.0,1005,64,32.9,10.4,2.0,2023,7,11,11,1,192,28,0.258819045102521,-0.9659258262890682,-0.4999999999999997,-0.8660254037844388,0.7818314824680298,0.6234898018587336,2,0,0,28.0,29.0,22.0,22.0,25.0,1.0,27.0,2.645751311066342,29.0,24.0,24.0,3.8470768123328556,29.0,19.0,22.833333333333332,3.1285585799008895,29.0,18.0,23.916666666666668,2.7649462085602345,29.0,18.0,32.7,30.2,27.8,71.0,81.0,83.0,2.0,0.66,1.6,1005.0,1005.0,1005.0,2105.6,128.0,65.8,0.0,0.7999733342221925,18.71657754010695,29.76052080911416,21.055999999999997,31.9,0.03273628583454146,1082.4099999999999,4096,4.0,1010025,332.8,55.46666666666667,-4.0,2.0,0.19999999999999574
72,76.5,3.7,133.0,27.5,61.0,0,0.0,1004,58,33.0,10.8,2.0,2023,7,11,12,1,192,28,1.2246467991473532e-16,-1.0,-0.4999999999999997,-0.8660254037844388,0.7818314824680298,0.6234898018587336,2,1,0,24.0,28.0,29.0,22.0,23.0,26.0,24.666666666666668,3.0550504633054807,28.0,22.0,24.0,3.8470768123328556,29.0,19.0,22.75,3.1370223287222196,29.0,18.0,23.75,2.7544430510974096,29.0,18.0,32.9,31.5,28.4,64.0,76.0,85.0,2.0,1.33,1.6,1005.0,1005.0,1005.0,1914.0,116.0,66.0,0.0,0.7999709101487218,20.670089165090516,35.936233450418804,19.14,32.0,0.03286849315887136,1089.0,3364,4.0,1008016,323.7,53.949999999999996,-2.0,-7.0,0.10000000000000142
78,72.4,3.0,138.0,31.3,56.0,25,0.0,1003,52,33.2,9.6,2.0,2023,7,11,13,1,192,28,-0.2588190451025208,-0.9659258262890683,-0.4999999999999997,-0.8660254037844388,0.7818314824680298,0.6234898018587336,2,1,0,22.0,24.0,28.0,19.0,23.0,26.0,23.666666666666668,1.5275252316551817,25.0,22.0,25.0,2.966479394836461,29.0,22.0,22.916666666666668,3.2039275140277743,29.0,18.0,23.708333333333332,2.726347559371772,29.0,18.0,33.0,32.7,29.0,58.0,71.0,86.0,2.0,2.0,1.2,1004.0,1005.0,1005.0,1726.4,104.0,66.4,0.0,0.7986965272674994,24.125291569476843,45.98467177607464,17.264,32.2,0.033100664904621234,1102.2400000000002,2704,4.0,1006009,325.70000000000005,54.28333333333334,3.0,-3.0,0.20000000000000284
72,71.8,3.3,134.0,27.5,55.7,25,0.0,1003,51,34.3,8.1,1.66,2023,7,11,14,1,192,28,-0.4999999999999997,-0.8660254037844388,-0.4999999999999997,-0.8660254037844388,0.7818314824680298,0.6234898018587336,2,1,0,25.0,22.0,24.0,22.0,22.0,28.0,23.0,1.7320508075717658,25.0,22.0,25.0,2.966479394836461,29.0,22.0,22.916666666666668,3.2039275140277743,29.0,18.0,23.458333333333332,2.587245751703871,29.0,18.0,33.2,32.9,30.2,52.0,64.0,81.0,2.0,2.0,0.66,1003.0,1005.0,1005.0,1749.3,84.66,56.937999999999995,0.0,0.7999709101487218,21.750984550136323,40.59375946682824,17.493,33.47,0.03419737368158157,1176.4899999999998,2601,2.7556,1006009,314.3,52.38333333333333,-3.0,-2.0,1.0999999999999943
67,71.2,3.7,130.0,25.0,55.3,25,0.0,1002,50,35.5,5.2,1.33,2023,7,11,15,1,192,28,-0.7071067811865471,-0.7071067811865479,-0.4999999999999997,-0.8660254037844388,0.7818314824680298,0.6234898018587336,2,1,0,22.0,25.0,22.0,29.0,22.0,26.0,22.333333333333332,2.516611478425596,25.0,20.0,23.5,2.8106938645090893,28.0,20.0,22.75,3.3063300170749548,29.0,18.0,23.208333333333332,2.620639926275243,29.0,18.0,34.3,33.0,31.5,51.0,58.0,76.0,1.66,2.0,1.33,1003.0,1004.0,1005.0,1775.0,66.5,47.215,0.0,0.7999680012799487,19.238043771953528,35.125641718454474,17.75,34.835,0.03542910635817729,1260.25,2500,1.7689000000000001,1004004,305.2,50.86666666666667,-2.0,-2.0,1.2000000000000028
69,70.6,4.0,126.0,26.3,55.0,25,0.0,1002,48,36.6,2.0,1.0,2023,7,11,16,1,192,28,-0.8660254037844385,-0.5000000000000004,-0.4999999999999997,-0.8660254037844388,0.7818314824680298,0.6234898018587336,2,1,0,20.0,22.0,25.0,28.0,18.0,28.0,21.0,1.00000000000519,22.0,20.0,22.333333333333332,1.8618986724995292,25.0,20.0,23.0,3.015113445776421,29.0,19.0,22.916666666666668,2.4480101354340458,29.0,18.0,35.5,33.2,32.7,50.0,52.0,71.0,1.33,2.0,2.0,1002.0,1003.0,1005.0,1756.8000000000002,48.0,36.6,0.0,0.79844872818524,17.645588602849283,31.49212696825793,17.568,36.1,0.03652690965378278,1339.5600000000002,2304,1.0,1004004,302.9,50.48333333333333,1.0,-4.0,1.1000000000000014
59,81.7,6.3,108.3,20.0,51.3,25,0.0,1002,54,35.3,1.3,1.66,2023,7,11,17,1,192,28,-0.9659258262890683,-0.25881904510252063,-0.4999999999999997,-0.8660254037844388,0.7818314824680298,0.6234898018587336,2,1,0,21.0,20.0,22.0,24.0,22.0,23.0,19.0,2.6457513110666215,21.0,16.0,21.0,2.9664793948363477,25.0,16.0,22.5,3.630677372310969,29.0,16.0,22.625,2.8255434259931715,29.0,16.0,36.6,34.3,32.9,48.0,51.0,64.0,1.0,1.66,2.0,1002.0,1003.0,1005.0,1906.1999999999998,89.64,58.59799999999999,0.0,0.7999600019998999,12.966195841929853,17.187747976511663,19.061999999999998,34.47,0.035229505758976286,1246.0899999999997,2916,2.7556,1004004,283.6,47.26666666666667,-5.0,-6.0,-1.3000000000000043
82,92.8,8.7,90.7,33.8,47.7,25,0.0,1002,61,34.0,1.1,2.33,2023,7,11,18,1,192,28,-1.0,-1.8369701987210297e-16,-0.4999999999999997,-0.8660254037844388,0.7818314824680298,0.6234898018587336,2,2,0,16.0,21.0,20.0,22.0,22.0,23.0,21.333333333333332,5.507570547287038,27.0,16.0,21.833333333333332,3.8686776379863224,27.0,16.0,22.916666666666668,3.848455022551094,29.0,16.0,22.791666666666668,2.9632409793077317,29.0,16.0,35.3,35.5,33.0,54.0,50.0,58.0,1.66,1.33,2.0,1002.0,1002.0,1004.0,2074.0,142.13,79.22,0.0,0.7987929351202628,10.66544075393633,10.424089185151134,20.74,32.835,0.0339321018641698,1156.0,3721,5.4289000000000005,1004004,300.7,50.11666666666667,11.0,7.0,-1.2999999999999972
82,103.9,11.0,73.0,33.8,44.0,25,0.0,1002,69,32.7,0.0,3.0,2023,7,11,19,1,192,28,-0.9659258262890684,0.2588190451025203,-0.4999999999999997,-0.8660254037844388,0.7818314824680298,0.6234898018587336,2,2,0,27.0,16.0,21.0,25.0,19.0,24.0,23.333333333333332,6.350852961086666,27.0,16.0,22.166666666666668,4.262237284180163,27.0,16.0,23.583333333333332,3.8009169547574087,29.0,16.0,22.916666666666668,3.0775013391959773,29.0,16.0,34.0,36.6,33.2,61.0,48.0,52.0,2.33,1.0,2.0,1002.0,1002.0,1003.0,2256.3,207.0,98.10000000000001,0.0,0.7987929351202628,9.444595945823108,6.635760385419507,22.563000000000002,31.200000000000003,0.03263469796936331,1069.2900000000002,4761,9.0,1004004,292.7,48.78333333333333,0.0,6.0,-1.2999999999999972
80,104.3,10.3,71.7,32.5,41.3,37,0.0,1003,73,32.1,0.0,3.0,2023,7,11,20,1,192,28,-0.8660254037844386,0.5000000000000001,-0.4999999999999997,-0.8660254037844388,0.7818314824680298,0.6234898018587336,2,2,0,27.0,27.0,16.0,22.0,22.0,24.0,26.666666666666668,0.577350269197697,27.0,26.0,22.833333333333332,4.535048695069944,27.0,16.0,23.916666666666668,3.824759845896275,29.0,16.0,23.0,3.134658985682681,29.0,16.0,32.7,35.3,34.3,69.0,54.0,51.0,3.0,1.66,1.66,1002.0,1002.0,1003.0,2343.3,219.0,96.30000000000001,0.0,0.7999753853727578,10.125230560139793,6.960489272886128,23.433000000000003,30.6,0.03200395612766089,1030.41,5329,9.0,1006009,286.1,47.68333333333334,-1.0,10.0,-0.6000000000000014
93,104.7,9.7,70.3,40.0,38.7,50,0.0,1004,78,31.6,0.0,3.0,2023,7,11,21,1,192,28,-0.7071067811865477,0.7071067811865474,-0.4999999999999997,-0.8660254037844388,0.7818314824680298,0.6234898018587336,2,2,0,26.0,27.0,27.0,20.0,29.0,22.0,28.333333333333332,3.2145502536657196,32.0,26.0,24.833333333333332,5.564770136012442,32.0,16.0,24.166666666666668,4.26045950004313,32.0,16.0,23.416666666666668,3.622594154165861,32.0,16.0,32.1,34.0,35.5,73.0,61.0,50.0,3.0,2.33,1.33,1003.0,1002.0,1002.0,2464.8,234.0,94.80000000000001,0.0,0.7999800004999875,10.79270178332131,7.246675600453562,24.648000000000003,30.1,0.031474072236979844,998.5600000000001,6084,9.0,1008016,295.4,49.23333333333333,6.0,5.0,-0.5
80,105.0,9.0,69.0,32.5,36.0,62,0.0,1004,84,31.0,0.0,3.0,2023,7,11,22,1,192,28,-0.5000000000000004,0.8660254037844384,-0.4999999999999997,-0.8660254037844388,0.7818314824680298,0.6234898018587336,2,3,0,32.0,26.0,27.0,21.0,28.0,25.0,28.0,3.464101615139063,32.0,26.0,25.666666666666668,5.240865068541268,32.0,16.0,24.0,4.134115273054406,32.0,16.0,23.458333333333332,3.6472642119654064,32.0,16.0,31.6,32.7,36.6,78.0,69.0,48.0,3.0,3.0,1.0,1004.0,1002.0,1002.0,2604.0,252.0,93.0,0.0,0.7999753853727578,11.665370514387291,7.665814909454506,26.04,29.5,0.030876463270454912,961.0,7056,9.0,1008016,277.5,46.25,-6.0,-1.0,-0.6000000000000014
76,103.3,8.7,77.0,30.0,39.0,62,0.0,1004,85,30.7,0.0,2.0,2023,7,11,23,1,192,28,-0.25881904510252157,0.9659258262890681,-0.4999999999999997,-0.8660254037844388,0.7818314824680298,0.6234898018587336,2,3,0,26.0,32.0,26.0,16.0,24.0,25.0,27.333333333333332,4.16333199893337,32.0,24.0,27.0,2.683281572997814,32.0,24.0,24.0,4.134115273054406,32.0,16.0,23.416666666666668,3.634576306467619,32.0,16.0,31.0,32.1,35.3,84.0,73.0,54.0,3.0,3.0,1.66,1004.0,1003.0,1002.0,2609.5,170.0,61.4,0.0,0.7999733342221925,11.872198597862315,8.849557522123895,26.095,29.7,0.030577658787192444,942.49,7225,4.0,1008016,282.0,47.0,-2.0,-2.0,-0.3000000000000007
76,101.5,8.3,85.0,30.0,42.0,62,0.0,1004,86,30.3,0.0,1.0,2023,7,12,0,2,193,28,0.0,1.0,-0.4999999999999997,-0.8660254037844388,0.9749279121818236,-0.22252093395631434,2,3,0,24.0,26.0,32.0,27.0,22.0,23.0,24.666666666666668,1.1547005383834488,26.0,24.0,26.5,2.949576240748752,32.0,24.0,24.166666666666668,4.086192567288318,32.0,16.0,23.458333333333332,3.6353238796762675,32.0,16.0,30.7,31.6,34.0,85.0,78.0,61.0,2.0,3.0,2.33,1004.0,1004.0,1002.0,2605.8,86.0,30.3,0.0,0.7999733342221925,12.227442476810022,10.239730152993616,26.058000000000003,29.8,0.030179252809509154,918.09,7396,1.0,1008016,290.8,48.46666666666667,0.0,-8.0,-0.3999999999999986
67,99.8,8.0,93.0,25.0,45.0,62,0.0,1004,88,30.0,0.0,2.8,2023,7,12,1,2,193,28,0.25881904510252074,0.9659258262890683,-0.4999999999999997,-0.8660254037844388,0.9749279121818236,-0.22252093395631434,2,3,0,24.0,24.0,26.0,27.0,25.0,23.0,22.666666666666668,2.3094010767606816,24.0,20.0,25.333333333333332,3.9327683209993447,32.0,20.0,23.75,4.245318276963448,32.0,16.0,23.333333333333332,3.7027212867748736,32.0,16.0,30.3,31.0,32.7,86.0,84.0,69.0,1.0,3.0,3.0,1004.0,1004.0,1002.0,2640.0,246.39999999999998,84.0,0.0,0.7999680012799487,12.473440819897514,11.623547056617923,26.4,28.6,0.029880448326246686,900.0,7744,7.839999999999999,1008016,290.8,48.46666666666667,-4.0,-6.0,-0.3000000000000007
76,98.0,8.3,86.7,30.0,44.0,59,0.0,1004,85,29.7,0.0,0.66,2023,7,12,2,2,193,28,0.49999999999999994,0.8660254037844387,-0.4999999999999997,-0.8660254037844388,0.9749279121818236,-0.22252093395631434,2,3,0,20.0,24.0,24.0,26.0,22.0,22.0,22.666666666666668,2.3094010767606816,24.0,20.0,25.0,3.949683531624943,32.0,20.0,23.916666666666668,4.209477042304612,32.0,16.0,23.416666666666668,3.693904104904654,32.0,16.0,30.0,30.7,32.1,88.0,85.0,73.0,2.8,2.0,3.0,1004.0,1004.0,1003.0,2524.5,56.1,19.602,0.0,0.7999733342221925,11.805806529333815,10.444524756053488,25.245,29.37,0.029581643842984222,882.0899999999999,7225,0.43560000000000004,1008016,291.0,48.5,4.0,0.0,-0.3000000000000007
65,96.3,8.7,80.3,23.8,43.0,56,0.0,1004,83,29.3,0.0,1.33,2023,7,12,3,2,193,28,0.7071067811865476,0.7071067811865476,-0.4999999999999997,-0.8660254037844388,0.9749279121818236,-0.22252093395631434,2,3,0,24.0,20.0,24.0,32.0,20.0,22.0,21.0,2.64575131106655,24.0,19.0,22.833333333333332,2.714160398107596,26.0,19.0,23.833333333333332,4.302923600895574,32.0,16.0,23.291666666666668,3.7933484882914086,32.0,16.0,29.7,30.3,31.6,85.0,86.0,78.0,0.66,1.0,3.0,1004.0,1004.0,1004.0,2431.9,110.39,38.969,0.0,0.7982857863114995,11.067693368578325,9.228824273072062,24.319000000000003,28.635,0.029183237865300932,858.49,6889,1.7689000000000001,1008016,271.1,45.18333333333334,-5.0,-5.0,-0.3999999999999986
65,94.5,9.0,74.0,23.8,42.0,53,0.0,1004,81,29.0,0.0,2.0,2023,7,12,4,2,193,28,0.8660254037844386,0.5000000000000001,-0.4999999999999997,-0.8660254037844388,0.9749279121818236,-0.22252093395631434,2,3,0,19.0,24.0,20.0,26.0,21.0,18.0,20.666666666666668,2.8867513459499357,24.0,19.0,21.666666666666668,2.5819888974694276,24.0,19.0,23.666666666666668,4.458563432180876,32.0,16.0,23.333333333333332,3.737782028523488,32.0,16.0,29.3,30.0,31.0,83.0,88.0,84.0,1.33,2.8,3.0,1004.0,1004.0,1004.0,2349.0,162.0,58.0,0.0,0.7982857863114995,10.498833462948562,8.221308743472948,23.49,28.0,0.028884433382038464,841.0,6561,4.0,1008016,262.3,43.71666666666667,0.0,-1.0,-0.3000000000000007
56,92.8,8.3,70.3,18.8,40.0,50,0.0,1004,84,29.2,0.0,1.66,2023,7,12,5,2,193,28,0.9659258262890683,0.25881904510252074,-0.4999999999999997,-0.8660254037844388,0.9749279121818236,-0.22252093395631434,2,3,0,19.0,19.0,24.0,24.0,16.0,22.0,17.666666666666668,2.309401076760882,19.0,15.0,20.166666666666668,3.430257521915103,24.0,15.0,23.583333333333332,4.621261798043176,32.0,15.0,23.041666666666668,4.101740528399899,32.0,15.0,29.0,29.7,30.7,81.0,85.0,85.0,2.0,0.66,2.0,1004.0,1004.0,1004.0,2452.7999999999997,139.44,48.471999999999994,0.0,0.7978299026647518,11.179375978797735,8.468859173593543,24.528,28.37,0.029083636370880107,852.64,7056,2.7556,1008016,245.2,40.86666666666667,-4.0,-9.0,0.1999999999999993
65,91.0,7.7,66.7,23.8,38.0,46,0.0,1004,87,29.5,1.8,1.33,2023,7,12,6,2,193,28,1.0,6.123233995736766e-17,-0.4999999999999997,-0.8660254037844388,0.9749279121818236,-0.22252093395631434,2,0,0,15.0,19.0,19.0,24.0,27.0,22.0,17.666666666666668,2.309401076760882,19.0,15.0,19.333333333333332,2.875181153711015,24.0,15.0,22.916666666666668,4.660439568290705,32.0,15.0,22.916666666666668,4.179834266182456,32.0,15.0,29.2,29.3,30.3,84.0,83.0,86.0,1.66,1.33,1.0,1004.0,1004.0,1004.0,2566.5,115.71000000000001,39.235,0.0,0.7982857863114995,11.816647188676795,8.661212829502661,25.665,28.835,0.029382440854142575,870.25,7569,1.7689000000000001,1008016,246.20000000000002,41.03333333333334,4.0,0.0,0.3000000000000007
65,89.3,7.0,63.0,23.8,36.0,43,0.0,1005,90,29.7,1.9,1.0,2023,7,12,7,2,193,28,0.9659258262890683,-0.25881904510252063,-0.4999999999999997,-0.8660254037844388,0.9749279121818236,-0.22252093395631434,2,0,0,19.0,15.0,19.0,20.0,27.0,19.0,17.666666666666668,2.309401076760882,19.0,15.0,19.166666666666668,2.857738033244995,24.0,15.0,22.25,4.594957710755247,32.0,15.0,22.916666666666668,4.179834266182456,32.0,15.0,29.5,29.0,30.0,87.0,81.0,88.0,1.33,2.0,2.8,1004.0,1004.0,1004.0,2673.0,90.0,29.7,0.0,0.7982857863114995,12.755320668475932,8.99871446936152,26.73,29.2,0.029552209400786667,882.0899999999999,8100,1.0,1010025,238.10000000000002,39.68333333333334,0.0,0.0,0.1999999999999993
72,87.3,6.3,83.7,27.5,46.7,40,0.0,1005,79,31.0,2.8,1.33,2023,7,12,8,2,193,28,0.8660254037844387,-0.4999999999999998,-0.4999999999999997,-0.8660254037844388,0.9749279121818236,-0.22252093395631434,2,0,0,19.0,19.0,15.0,24.0,26.0,22.0,20.0,1.7320508075719248,22.0,19.0,18.833333333333332,2.2286019533902675,22.0,15.0,21.916666666666668,4.4406865426068665,32.0,15.0,22.916666666666668,4.179834266182456,32.0,15.0,29.7,29.2,29.7,90.0,84.0,85.0,1.0,1.66,0.66,1005.0,1004.0,1004.0,2449.0,105.07000000000001,41.230000000000004,0.0,0.7999709101487218,13.854943659736549,13.283605776860815,24.49,30.335,0.030845740451999552,961.0,6241,1.7689000000000001,1010025,273.5,45.583333333333336,3.0,7.0,1.3000000000000007
80,85.4,5.7,104.3,32.5,57.3,37,0.0,1005,71,32.4,5.0,1.66,2023,7,12,9,2,193,28,0.7071067811865476,-0.7071067811865475,-0.4999999999999997,-0.8660254037844388,0.9749279121818236,-0.22252093395631434,2,0,0,22.0,19.0,19.0,19.0,32.0,29.0,22.333333333333332,3.5118845842856876,26.0,19.0,20.0,3.6878177829155874,26.0,15.0,21.416666666666668,3.4234042953892776,26.0,15.0,22.791666666666668,4.032252220659547,32.0,15.0,31.0,29.5,29.3,79.0,87.0,83.0,1.33,1.33,1.33,1005.0,1004.0,1004.0,2300.4,117.86,53.78399999999999,0.0,0.7999753853727578,14.979828100333275,18.29503595860375,23.004,31.57,0.03223877389176727,1049.76,5041,2.7556,1010025,311.2,51.86666666666667,4.0,7.0,1.3999999999999986
74,83.5,5.0,125.0,28.8,68.0,34,0.0,1005,63,33.7,6.7,2.0,2023,7,12,10,2,193,28,0.49999999999999994,-0.8660254037844387,-0.4999999999999997,-0.8660254037844388,0.9749279121818236,-0.22252093395631434,2,0,0,26.0,22.0,19.0,19.0,26.0,28.0,23.666666666666668,2.0816659994685045,26.0,22.0,20.666666666666668,3.829708431023857,26.0,15.0,21.166666666666668,3.157482695073684,26.0,15.0,22.583333333333332,3.8776580411451014,32.0,15.0,32.4,29.7,29.0,71.0,90.0,81.0,1.66,1.0,2.0,1005.0,1005.0,1004.0,2123.1000000000004,126.0,67.4,0.0,0.7985833825214401,16.696660667866425,24.995000999800038,21.231000000000005,32.7,0.03353230494298016,1135.6900000000003,3969,4.0,1010025,333.3,55.550000000000004,-3.0,4.0,1.3000000000000043
68,81.3,4.3,134.7,22.5,67.3,31,0.0,1004,56,34.7,9.1,2.0,2023,7,12,11,2,193,28,0.258819045102521,-0.9659258262890682,-0.4999999999999997,-0.8660254037844388,0.9749279121818236,-0.22252093395631434,2,0,0,23.0,26.0,22.0,15.0,24.0,24.0,22.333333333333332,4.041451884328633,26.0,18.0,21.166666666666668,3.0605010483016173,26.0,18.0,20.666666666666668,3.1430539096205017,26.0,15.0,22.333333333333332,3.9745567613602617,32.0,15.0,33.7,31.0,29.2,63.0,79.0,84.0,2.0,1.33,1.66,1005.0,1005.0,1004.0,1943.2000000000003,112.0,69.4,0.0,0.7999644460246211,18.902580795163914,31.318298070216226,19.432000000000002,33.7,0.03456171856402534,1204.0900000000001,3136,4.0,1008016,328.09999999999997,54.68333333333333,-5.0,-4.0,1.0
80,79.2,3.7,144.3,22.5,66.7,28,0.0,1003,50,35.7,10.0,2.0,2023,7,12,12,2,193,28,1.2246467991473532e-16,-1.0,-0.4999999999999997,-0.8660254037844388,0.9749279121818236,-0.22252093395631434,2,1,0,18.0,23.0,26.0,19.0,24.0,22.0,19.666666666666668,2.886751345949968,23.0,18.0,21.0,3.224903099317653,26.0,18.0,20.166666666666668,3.0401355631644322,26.0,15.0,22.166666666666668,4.071819021632309,32.0,15.0,34.7,32.4,29.5,56.0,71.0,87.0,2.0,1.66,1.33,1004.0,1005.0,1004.0,1785.0000000000002,100.0,71.4,0.0,0.7999644460246211,21.399621723858417,38.989462307484466,17.85,34.7,0.035593184852258375,1274.4900000000002,2500,4.0,1006009,334.40000000000003,55.73333333333334,0.0,-8.0,1.0
92,77.0,3.0,154.0,18.8,66.0,25,0.0,1003,45,36.7,9.9,2.0,2023,7,12,13,2,193,28,-0.2588190451025208,-0.9659258262890683,-0.4999999999999997,-0.8660254037844388,0.9749279121818236,-0.22252093395631434,2,1,0,18.0,18.0,23.0,19.0,20.0,25.0,17.0,1.7320508075720848,18.0,15.0,20.333333333333332,4.033195589933019,26.0,15.0,19.75,3.3878123807651503,26.0,15.0,21.75,4.275816728491902,32.0,15.0,35.7,33.7,29.7,50.0,63.0,90.0,2.0,2.0,1.0,1003.0,1005.0,1005.0,1651.5000000000002,90.0,73.4,0.0,0.7978299026647518,25.658113962012663,51.31622792402533,16.515,35.7,0.036590192831313234,1346.89,2025,4.0,1006009,333.8,55.63333333333333,-3.0,-8.0,1.0
92,77.2,3.3,153.3,16.3,66.0,25,0.0,1002,45,36.8,8.0,2.0,2023,7,12,14,2,193,28,-0.4999999999999997,-0.8660254037844388,-0.4999999999999997,-0.8660254037844388,0.9749279121818236,-0.22252093395631434,2,1,0,15.0,18.0,18.0,22.0,24.0,22.0,15.333333333333334,2.5166114784258515,18.0,13.0,18.833333333333332,4.875106836434961,26.0,13.0,18.833333333333332,3.6139460511467294,26.0,13.0,21.375,4.632705097644142,32.0,13.0,36.7,34.7,31.0,45.0,56.0,79.0,2.0,2.0,1.33,1003.0,1004.0,1005.0,1655.9999999999998,90.0,73.6,0.0,0.7974970860683392,23.386852468948806,46.44047258406544,16.56,35.8,0.03672651025298378,1354.2399999999998,2025,4.0,1004004,329.1,54.85,-2.0,-5.0,0.09999999999999432
91,77.4,3.7,152.7,18.8,66.0,25,0.0,1001,44,36.9,5.4,2.0,2023,7,12,15,2,193,28,-0.7071067811865471,-0.7071067811865479,-0.4999999999999997,-0.8660254037844388,0.9749279121818236,-0.22252093395631434,2,1,0,13.0,15.0,18.0,26.0,19.0,20.0,14.333333333333334,1.154700538384275,15.0,13.0,17.0,3.521363372330085,23.0,13.0,18.5,3.7779263191227375,26.0,13.0,21.166666666666668,4.8063967039104405,32.0,13.0,36.8,35.7,32.4,45.0,50.0,71.0,2.0,2.0,1.66,1002.0,1003.0,1005.0,1623.6,88.0,73.8,0.0,0.7978299026647518,20.91326668467982,41.259119156984596,16.236,35.9,0.0368631000368631,1361.61,1936,4.0,1002001,333.6,55.6,2.0,-3.0,0.10000000000000142
90,77.6,4.0,152.0,17.5,66.0,25,0.0,1001,44,37.0,3.0,2.0,2023,7,12,16,2,193,28,-0.8660254037844385,-0.5000000000000004,-0.4999999999999997,-0.8660254037844388,0.9749279121818236,-0.22252093395631434,2,1,0,15.0,13.0,15.0,23.0,19.0,21.0,14.0,1.0000000000058313,15.0,13.0,15.5,2.0736441353297956,18.0,13.0,18.083333333333332,3.9876703915329044,26.0,13.0,20.875,5.024397000376267,32.0,13.0,36.9,36.7,33.7,44.0,45.0,63.0,2.0,2.0,2.0,1001.0,1003.0,1005.0,1628.0,88.0,74.0,0.0,0.7999542883263813,19.395151212196946,37.9905023744064,16.28,36.0,0.036963000036963,1369.0,1936,4.0,1002001,331.1,55.18333333333334,-1.0,-1.0,0.10000000000000142
66,91.4,7.0,133.0,16.3,66.7,37,0.0,1001,46,36.4,1.8,2.0,2023,7,12,17,2,193,28,-0.9659258262890683,-0.25881904510252063,-0.4999999999999997,-0.8660254037844388,0.9749279121818236,-0.22252093395631434,2,1,0,14.0,15.0,13.0,18.0,15.0,16.0,14.0,1.0000000000058313,15.0,13.0,14.666666666666666,1.8618986724991722,18.0,13.0,17.916666666666668,4.1660605619762245,26.0,13.0,20.75,5.185682630842806,32.0,13.0,37.0,36.8,34.7,44.0,45.0,56.0,2.0,2.0,2.0,1001.0,1002.0,1004.0,1674.3999999999999,92.0,72.8,0.0,0.7974970860683392,13.05527781745465,18.99728610198543,16.744,35.4,0.0363636000363636,1324.9599999999998,2116,4.0,1002001,327.40000000000003,54.56666666666667,-1.0,0.0,-0.6000000000000014
53,105.2,10.0,114.0,16.3,67.3,50,0.0,1001,48,35.8,1.6,2.0,2023,7,12,18,2,193,28,-1.0,-1.8369701987210297e-16,-0.4999999999999997,-0.8660254037844388,0.9749279121818236,-0.22252093395631434,2,2,0,13.0,14.0,15.0,18.0,19.0,27.0,13.333333333333334,0.5773502691998328,14.0,13.0,13.833333333333334,0.9831920802437523,15.0,13.0,17.416666666666668,4.378840305861304,26.0,13.0,20.166666666666668,5.239205604127149,32.0,13.0,36.4,36.9,35.7,46.0,44.0,50.0,2.0,2.0,2.0,1001.0,1001.0,1003.0,1718.3999999999999,96.0,71.6,0.0,0.7974970860683392,10.518948105189482,11.398860113988603,17.183999999999997,34.8,0.0357642000357642,1281.6399999999999,2304,4.0,1002001,325.8,54.300000000000004,0.0,-2.0,-0.6000000000000014
54,119.1,13.0,95.0,17.5,68.0,62,0.0,1001,51,35.2,0.0,2.0,2023,7,12,19,2,193,28,-0.9659258262890684,0.2588190451025203,-0.4999999999999997,-0.8660254037844388,0.9749279121818236,-0.22252093395631434,2,2,0,13.0,13.0,14.0,15.0,19.0,27.0,13.333333333333334,0.5773502691998328,14.0,13.0,13.666666666666666,0.8164965809199747,15.0,13.0,17.0,4.451761653342971,26.0,13.0,19.625,5.173616177087782,32.0,13.0,35.8,37.0,36.7,48.0,44.0,45.0,2.0,2.0,2.0,1001.0,1001.0,1003.0,1795.2,102.0,70.4,0.0,0.7999542883263813,9.160833782016768,7.30713022075225,17.952,34.2,0.035164800035164805,1239.0400000000002,2601,4.0,1002001,326.6,54.43333333333334,1.0,0.0,-0.5999999999999943
98,113.8,11.7,85.7,42.5,56.0,62,0.0,1002,58,34.0,0.0,2.33,2023,7,12,20,2,193,28,-0.8660254037844386,0.5000000000000001,-0.4999999999999997,-0.8660254037844388,0.9749279121818236,-0.22252093395631434,2,2,0,14.0,13.0,13.0,13.0,22.0,26.0,20.333333333333332,11.846237095945018,34.0,13.0,17.166666666666668,8.280499179799161,34.0,13.0,18.0,6.536610186271304,34.0,13.0,19.958333333333332,5.8196008130443815,34.0,13.0,35.2,36.4,36.8,51.0,46.0,45.0,2.0,2.0,2.0,1001.0,1001.0,1002.0,1972.0,135.14000000000001,79.22,0.0,0.7999811769134845,9.725664473121956,7.32416032817708,19.72,32.835,0.0339321018641698,1156.0,3364,5.4289000000000005,1004004,343.7,57.28333333333333,20.0,21.0,-1.2000000000000028
87,108.5,10.3,76.3,36.3,44.0,62,2.75,1003,66,32.9,0.0,2.66,2023,7,12,21,2,193,28,-0.7071067811865477,0.7071067811865474,-0.4999999999999997,-0.8660254037844388,0.9749279121818236,-0.22252093395631434,2,2,0,34.0,14.0,13.0,15.0,26.0,32.0,25.666666666666668,10.408329997331121,34.0,14.0,19.5,9.439279633530745,34.0,13.0,18.25,6.916712303609433,34.0,13.0,19.833333333333332,5.576867335284272,34.0,13.0,34.0,35.8,36.9,58.0,48.0,44.0,2.33,2.0,2.0,1002.0,1001.0,1001.0,2171.4,175.56,87.514,170.5,0.798876064020275,10.532957965246093,7.407047859431123,21.714000000000002,31.57,0.032801562510904776,1082.4099999999999,4356,7.0756000000000006,1006009,304.4,50.73333333333333,-5.0,16.0,-1.1000000000000014
80,103.3,9.0,67.0,32.5,32.0,62,9.0,1005,75,31.7,0.0,3.0,2023,7,12,22,2,193,28,-0.5000000000000004,0.8660254037844384,-0.4999999999999997,-0.8660254037844388,0.9749279121818236,-0.22252093395631434,2,3,0,29.0,34.0,14.0,14.0,23.0,26.0,29.666666666666668,4.041451884328464,34.0,26.0,21.5,9.311283477587214,34.0,13.0,18.5,7.154146922017411,34.0,13.0,19.833333333333332,5.576867335284272,34.0,13.0,32.9,35.2,37.0,66.0,51.0,44.0,2.66,2.0,2.0,1003.0,1001.0,1001.0,2377.5,225.0,95.1,558.0,0.7999753853727578,11.47650261082102,7.443617375847128,23.775,30.2,0.031542257171883414,1004.89,5625,9.0,1010025,269.8,44.96666666666667,-3.0,12.0,-1.1999999999999993
52,95.1,8.0,72.0,16.3,28.3,75,8.75,1004,80,30.0,0.0,2.66,2023,7,12,23,2,193,28,-0.25881904510252157,0.9659258262890681,-0.4999999999999997,-0.8660254037844388,0.9749279121818236,-0.22252093395631434,2,3,0,26.0,29.0,34.0,13.0,18.0,24.0,22.666666666666668,8.504900548115973,29.0,13.0,21.5,9.311283477587214,34.0,13.0,18.083333333333332,7.329372208428905,34.0,13.0,19.375,5.670767910578814,34.0,13.0,31.7,34.0,36.4,75.0,58.0,46.0,3.0,2.33,2.0,1005.0,1002.0,1001.0,2400.0,212.8,79.80000000000001,656.25,0.7974970860683392,11.886014248218972,8.998875140607424,24.0,28.67,0.029880448326246686,900.0,6400,7.0756000000000006,1008016,232.70000000000002,38.78333333333334,-13.0,-21.0,-1.6999999999999993
36,87.0,7.0,77.0,8.8,24.7,87,5.75,1004,85,28.4,0.0,2.33,2023,7,13,0,3,194,28,0.0,1.0,-0.4999999999999997,-0.8660254037844388,0.43388373911755823,-0.900968867902419,2,3,0,13.0,26.0,29.0,13.0,18.0,24.0,15.333333333333334,9.712534856222899,26.0,7.0,20.5,10.634848376915793,34.0,7.0,17.166666666666668,7.998105836364637,34.0,7.0,18.666666666666668,6.112472399984944,34.0,7.0,30.0,32.9,35.8,80.0,66.0,48.0,2.66,2.66,2.0,1004.0,1003.0,1001.0,2414.0,198.05,66.172,500.25,0.7953641631632768,12.42679617197543,10.998428795886301,24.14,27.235,0.02828682441551353,806.56,7225,5.4289000000000005,1008016,211.5,35.25,-6.0,-22.0,-1.6000000000000014
38,78.8,6.0,82.0,11.3,21.0,100,1.75,1004,91,26.7,0.0,2.0,2023,7,13,1,3,194,28,0.25881904510252074,0.9659258262890683,-0.4999999999999997,-0.8660254037844388,0.43388373911755823,-0.900968867902419,2,3,0,7.0,13.0,26.0,14.0,15.0,20.0,9.666666666666666,3.0550504633059363,13.0,7.0,19.666666666666668,11.413442367079925,34.0,7.0,16.666666666666668,8.32666399786412,34.0,7.0,18.208333333333332,6.4131601561479545,34.0,7.0,28.4,31.7,35.2,85.0,75.0,51.0,2.33,3.0,2.0,1004.0,1005.0,1001.0,2429.7,182.0,53.4,175.0,0.7963897000265463,13.131144809198465,13.664389268455256,24.296999999999997,25.7,0.026593599010359553,712.89,8281,4.0,1008016,208.10000000000002,34.68333333333334,2.0,-17.0,-1.6999999999999993
46,80.1,6.7,74.0,13.8,25.3,87,1.75,1004,89,26.9,0.0,2.0,2023,7,13,2,3,194,28,0.49999999999999994,0.8660254037844387,-0.4999999999999997,-0.8660254037844388,0.43388373911755823,-0.900968867902419,2,3,0,9.0,7.0,13.0,34.0,13.0,24.0,9.0,2.000000000003152,11.0,7.0,15.833333333333334,9.304120950775218,29.0,7.0,16.5,8.426149773175952,34.0,7.0,17.666666666666668,6.451603553055223,34.0,7.0,26.7,30.0,34.0,91.0,80.0,58.0,2.0,2.66,2.33,1004.0,1004.0,1002.0,2394.1,178.0,53.8,152.25,0.7970436924860518,11.9534397851067,11.043127891359498,23.941,25.9,0.026792801999201196,723.6099999999999,7921,4.0,1008016,210.90000000000003,35.150000000000006,2.0,-2.0,0.1999999999999993
85,81.5,7.3,66.0,35.0,29.7,75,1.5,1003,87,27.0,0.0,2.0,2023,7,13,3,3,194,28,0.7071067811865476,0.7071067811865476,-0.4999999999999997,-0.8660254037844388,0.43388373911755823,-0.900968867902419,2,3,0,11.0,9.0,7.0,29.0,15.0,19.0,16.0,10.44030650891109,28.0,9.0,15.666666666666666,9.025888691240011,28.0,7.0,17.583333333333332,9.029832710957155,34.0,7.0,18.041666666666668,6.785400995273932,34.0,7.0,26.9,28.4,32.9,89.0,85.0,66.0,2.0,2.33,2.66,1004.0,1004.0,1003.0,2349.0,174.0,54.0,112.5,0.7999771435101855,11.162854403506369,9.03985755375976,23.49,26.0,0.026919215434481124,729.0,7569,4.0,1006009,247.5,41.25,17.0,21.0,0.10000000000000142
112,82.9,8.0,58.0,50.0,34.0,62,0.0,1003,86,27.2,0.0,2.0,2023,7,13,4,3,194,28,0.8660254037844386,0.5000000000000001,-0.4999999999999997,-0.8660254037844388,0.43388373911755823,-0.900968867902419,2,3,0,28.0,11.0,9.0,26.0,14.0,19.0,26.333333333333332,14.571661996263249,40.0,11.0,18.0,13.114877048603546,40.0,7.0,19.75,10.996900389737604,40.0,7.0,18.916666666666668,8.134289561274834,40.0,7.0,27.0,26.7,31.7,87.0,91.0,75.0,2.0,2.0,3.0,1003.0,1004.0,1005.0,2339.2,172.0,54.4,0.0,0.7999840003199936,10.361204849393827,7.249093863267092,23.392,26.2,0.027118617030292093,739.8399999999999,7396,4.0,1006009,272.9,45.48333333333333,12.0,31.0,0.1999999999999993
131,91.6,8.7,58.7,58.8,41.3,50,0.0,1003,86,27.7,0.0,1.66,2023,7,13,5,3,194,28,0.9659258262890683,0.25881904510252074,-0.4999999999999997,-0.8660254037844388,0.43388373911755823,-0.900968867902419,2,3,0,40.0,28.0,11.0,13.0,13.0,15.0,38.333333333333336,9.60902353693342,47.0,28.0,23.666666666666668,17.224014243684767,47.0,7.0,22.583333333333332,13.249070865078481,47.0,7.0,20.25,9.89620041271872,47.0,7.0,27.2,26.9,30.0,86.0,89.0,80.0,2.0,2.0,2.66,1003.0,1004.0,1004.0,2382.2,142.76,45.982,0.0,0.7993061342494175,10.52752557177336,6.746350994138606,23.822,26.87,0.027617121019819522,767.29,7396,2.7556,1006009,306.1,51.01666666666667,7.0,36.0,0.5
115,100.4,9.3,59.3,51.3,48.7,37,0.0,1003,87,28.2,1.9,1.33,2023,7,13,6,3,194,28,1.0,6.123233995736766e-17,-0.4999999999999997,-0.8660254037844388,0.43388373911755823,-0.900968867902419,2,0,0,47.0,40.0,28.0,7.0,13.0,19.0,42.666666666666664,3.7859388972010173,47.0,40.0,29.333333333333332,16.206994374857313,47.0,9.0,24.916666666666668,13.859413166989642,47.0,7.0,21.166666666666668,10.756865013912511,47.0,7.0,27.7,27.0,28.4,86.0,87.0,85.0,1.66,2.0,2.33,1003.0,1003.0,1004.0,2453.4,115.71000000000001,37.506,0.0,0.7992046938656168,10.794538221696593,6.375658531340716,24.534000000000002,27.535,0.02811562500934695,795.24,7569,1.7689000000000001,1006009,310.0,51.666666666666664,-6.0,13.0,0.5
104,109.1,10.0,60.0,46.3,56.0,25,0.0,1003,87,28.7,2.5,1.0,2023,7,13,7,3,194,28,0.9659258262890683,-0.25881904510252063,-0.4999999999999997,-0.8660254037844388,0.43388373911755823,-0.900968867902419,2,0,0,41.0,47.0,40.0,9.0,14.0,19.0,41.666666666666664,5.033222956847811,47.0,37.0,34.0,12.868566353715972,47.0,11.0,26.833333333333332,13.802722612410346,47.0,7.0,21.916666666666668,11.216899775771788,47.0,7.0,28.2,27.2,26.7,87.0,86.0,91.0,1.33,2.0,2.0,1003.0,1003.0,1004.0,2496.9,87.0,28.7,0.0,0.799118809528952,10.908909109089091,5.9994000599940005,24.969,28.2,0.028614128998874378,823.6899999999999,7569,1.0,1006009,318.4,53.06666666666666,-4.0,-3.0,0.5
118,101.7,8.3,85.3,52.5,63.3,25,0.0,1003,74,30.1,3.8,1.33,2023,7,13,8,3,194,28,0.8660254037844387,-0.4999999999999998,-0.4999999999999997,-0.8660254037844388,0.43388373911755823,-0.900968867902419,2,0,0,37.0,41.0,47.0,11.0,34.0,22.0,40.0,2.645751311065869,42.0,37.0,39.166666666666664,6.369196704974524,47.0,28.0,27.5,14.362197856620677,47.0,7.0,22.75,11.94279844854664,47.0,7.0,28.7,27.7,26.9,87.0,86.0,89.0,1.0,1.66,2.0,1003.0,1003.0,1004.0,2227.4,98.42,40.033,0.0,0.7999847621950058,12.251535959522949,10.275870377063004,22.274,29.435000000000002,0.030009940169551177,906.0100000000001,5476,1.7689000000000001,1006009,353.1,58.85,5.0,-5.0,1.4000000000000021
110,94.3,6.7,110.7,48.8,70.7,25,0.0,1003,62,31.6,6.3,1.66,2023,7,13,9,3,194,28,0.7071067811865476,-0.7071067811865475,-0.4999999999999997,-0.8660254037844388,0.43388373911755823,-0.900968867902419,2,0,0,42.0,37.0,41.0,28.0,29.0,26.0,39.333333333333336,2.51661147842495,42.0,37.0,41.0,3.4058772731841,47.0,37.0,28.333333333333332,14.742229591663724,47.0,7.0,23.291666666666668,12.383295784755894,47.0,7.0,30.1,28.2,27.0,74.0,87.0,87.0,1.33,1.33,2.0,1003.0,1003.0,1003.0,1959.2,102.92,52.456,0.0,0.7991639515583698,14.072526488583792,16.519922399641843,19.592,30.770000000000003,0.031505452138133466,998.5600000000001,3844,2.7556,1006009,370.2,61.699999999999996,-3.0,-2.0,1.5
100,87.0,5.0,136.0,43.8,78.0,25,0.0,1004,53,33.0,8.7,2.0,2023,7,13,10,3,194,28,0.49999999999999994,-0.8660254037844387,-0.4999999999999997,-0.8660254037844388,0.43388373911755823,-0.900968867902419,2,0,0,39.0,42.0,37.0,40.0,26.0,23.0,38.666666666666664,3.5118845842852404,42.0,35.0,40.166666666666664,4.21505239192332,47.0,35.0,29.083333333333332,14.841332538392356,47.0,7.0,23.791666666666668,12.611172295495225,47.0,7.0,31.6,28.7,27.2,62.0,87.0,86.0,1.66,1.0,2.0,1003.0,1003.0,1003.0,1749.0,106.0,66.0,0.0,0.7990685144174792,17.396520695860826,27.194561087782443,17.49,32.0,0.03286849315887136,1089.0,2809,4.0,1008016,384.8,64.13333333333334,-4.0,-2.0,1.3999999999999986
104,82.7,4.3,140.0,46.3,71.0,25,0.0,1003,51,33.9,4.8,2.33,2023,7,13,11,3,194,28,0.258819045102521,-0.9659258262890682,-0.4999999999999997,-0.8660254037844388,0.43388373911755823,-0.900968867902419,2,0,0,35.0,39.0,42.0,47.0,13.0,18.0,37.0,2.000000000001815,39.0,35.0,38.5,2.6645825188932624,42.0,35.0,31.083333333333332,14.07420808903028,47.0,7.0,24.583333333333332,12.826320312296238,47.0,7.0,33.0,30.1,27.7,53.0,74.0,86.0,2.0,1.33,1.66,1004.0,1003.0,1003.0,1728.8999999999999,118.83,78.987,0.0,0.799118809528952,19.2280864915136,32.55056963496861,17.288999999999998,32.735,0.03379857048995963,1149.2099999999998,2601,5.4289000000000005,1006009,381.3,63.550000000000004,2.0,-5.0,0.8999999999999986
98,78.4,3.7,144.0,42.5,64.0,25,0.0,1002,50,34.7,5.2,2.66,2023,7,13,12,3,194,28,1.2246467991473532e-16,-1.0,-0.4999999999999997,-0.8660254037844388,0.43388373911755823,-0.900968867902419,2,1,0,37.0,35.0,39.0,41.0,7.0,18.0,35.333333333333336,1.5275252316544168,37.0,34.0,37.333333333333336,2.8751811537115417,42.0,34.0,33.333333333333336,11.857742643777208,47.0,9.0,25.25,12.884942340982162,47.0,7.0,33.9,31.6,28.2,51.0,62.0,87.0,2.33,1.66,1.33,1003.0,1003.0,1003.0,1735.0000000000002,133.0,92.302,0.0,0.7999811769134845,21.18346392866793,38.90840313428803,17.35,33.370000000000005,0.03463070396137329,1204.0900000000001,2500,7.0756000000000006,1004004,366.6,61.1,-3.0,-5.0,0.8000000000000043
85,74.1,3.0,148.0,26.3,57.0,25,0.0,1002,49,35.6,5.4,3.0,2023,7,13,13,3,194,28,-0.2588190451025208,-0.9659258262890683,-0.4999999999999997,-0.8660254037844388,0.43388373911755823,-0.900968867902419,2,1,0,34.0,37.0,35.0,37.0,9.0,15.0,30.666666666666668,8.504900548115874,37.0,21.0,34.666666666666664,7.284687135811504,42.0,21.0,34.333333333333336,9.975728119548132,47.0,11.0,25.5,12.734752178329913,47.0,7.0,34.7,33.0,28.7,50.0,53.0,87.0,2.66,2.0,1.0,1002.0,1004.0,1003.0,1744.4,147.0,106.80000000000001,0.0,0.79844872818524,24.6917694101966,49.31689436854382,17.444000000000003,34.1,0.03552890665777779,1267.3600000000001,2401,9.0,1004004,329.4,54.9,-13.0,-14.0,0.8999999999999986
83,75.7,3.3,146.3,26.3,56.3,37,0.0,1001,48,35.8,4.5,2.33,2023,7,13,14,3,194,28,-0.4999999999999997,-0.8660254037844388,-0.4999999999999997,-0.8660254037844388,0.43388373911755823,-0.900968867902419,2,1,0,21.0,34.0,37.0,42.0,11.0,13.0,25.333333333333332,7.505553499465752,34.0,21.0,31.166666666666668,8.060190237622002,39.0,21.0,35.166666666666664,8.08852535535583,47.0,21.0,25.833333333333332,12.495796394637365,47.0,7.0,35.6,33.9,30.1,49.0,51.0,74.0,3.0,2.33,1.33,1002.0,1003.0,1003.0,1718.3999999999999,111.84,83.414,0.0,0.79844872818524,22.932444713723118,44.31990305967889,17.183999999999997,34.635,0.0357642000357642,1281.6399999999999,2304,5.4289000000000005,1002001,328.90000000000003,54.81666666666667,0.0,-16.0,0.19999999999999574
81,77.2,3.7,144.7,26.3,55.7,50,0.0,1000,48,36.0,3.6,1.66,2023,7,13,15,3,194,28,-0.7071067811865471,-0.7071067811865479,-0.4999999999999997,-0.8660254037844388,0.43388373911755823,-0.900968867902419,2,1,0,21.0,21.0,34.0,39.0,28.0,15.0,21.0,0.0,21.0,21.0,28.166666666666668,7.909909396867738,37.0,21.0,34.583333333333336,8.867287515287844,47.0,21.0,26.083333333333332,12.328534123049211,47.0,7.0,35.8,34.7,31.6,48.0,50.0,62.0,2.33,2.66,1.66,1001.0,1002.0,1003.0,1728.0,79.67999999999999,59.76,0.0,0.79844872818524,20.859227235882194,39.09754120507971,17.28,35.17,0.035999964000036,1296.0,2304,2.7556,1000000,328.59999999999997,54.76666666666666,0.0,-13.0,0.20000000000000284
79,78.8,4.0,143.0,28.8,55.0,62,0.0,1000,47,36.2,2.3,1.0,2023,7,13,16,3,194,28,-0.8660254037844385,-0.5000000000000004,-0.4999999999999997,-0.8660254037844388,0.43388373911755823,-0.900968867902419,2,1,0,21.0,21.0,21.0,35.0,40.0,14.0,21.666666666666668,1.1547005383835276,23.0,21.0,26.166666666666668,7.3325757184400215,37.0,21.0,33.166666666666664,9.271984521648474,47.0,21.0,26.458333333333332,12.079372164316258,47.0,7.0,36.0,35.6,33.0,48.0,49.0,53.0,1.66,3.0,2.0,1000.0,1002.0,1004.0,1701.4,47.0,36.2,0.0,0.7985833825214401,19.695076230942263,35.74106473381654,17.014,35.7,0.036199963800036206,1310.4400000000003,2209,1.0,1000000,332.6,55.43333333333334,2.0,2.0,0.20000000000000284
95,92.4,7.0,125.7,41.3,56.3,70,0.0,1000,49,35.6,2.1,1.0,2023,7,13,17,3,194,28,-0.9659258262890683,-0.25881904510252063,-0.4999999999999997,-0.8660254037844388,0.43388373911755823,-0.900968867902419,2,1,0,23.0,21.0,21.0,37.0,47.0,13.0,25.666666666666668,6.429100507329351,33.0,21.0,25.5,6.252999280344547,34.0,21.0,32.0,8.190904046007443,42.0,21.0,27.291666666666668,11.797122591940635,47.0,7.0,36.2,35.8,33.9,47.0,48.0,51.0,1.0,2.33,2.33,1000.0,1001.0,1003.0,1744.4,49.0,35.6,0.0,0.7990121304568898,13.198114555063562,17.954577917440364,17.444000000000003,35.1,0.0355999644000356,1267.3600000000001,2401,1.0,1000000,355.70000000000005,59.28333333333334,10.0,12.0,-0.6000000000000014
95,106.0,10.0,108.3,41.3,57.7,79,0.0,1000,51,35.1,1.7,1.0,2023,7,13,18,3,194,28,-1.0,-1.8369701987210297e-16,-0.4999999999999997,-0.8660254037844388,0.43388373911755823,-0.900968867902419,2,2,0,33.0,23.0,21.0,34.0,41.0,13.0,29.666666666666668,5.773502691896994,33.0,23.0,25.333333333333332,5.988878581725968,33.0,21.0,31.333333333333332,7.70281333886038,42.0,21.0,28.125,11.44481086135437,47.0,7.0,35.6,36.0,34.7,49.0,48.0,50.0,1.0,1.66,2.66,1000.0,1000.0,1002.0,1790.1000000000001,51.0,35.1,0.0,0.7990121304568898,10.598940105989401,10.828917108289172,17.901,34.6,0.0350999649000351,1232.01,2601,1.0,1000000,356.3,59.38333333333333,0.0,12.0,-0.5
161,119.6,13.0,91.0,80.0,59.0,87,0.0,1000,53,34.5,0.0,1.0,2023,7,13,19,3,194,28,-0.9659258262890684,0.2588190451025203,-0.4999999999999997,-0.8660254037844388,0.43388373911755823,-0.900968867902419,2,2,0,33.0,33.0,23.0,21.0,37.0,14.0,43.333333333333336,17.89785834487857,64.0,33.0,32.5,16.416455159381716,64.0,21.0,33.583333333333336,12.161476684659105,64.0,21.0,30.208333333333332,13.180945293892295,64.0,7.0,35.1,36.2,35.6,51.0,47.0,49.0,1.0,1.0,3.0,1000.0,1000.0,1002.0,1828.5,53.0,34.5,0.0,0.7999900001249984,9.19929236212599,6.999461579878472,18.285,34.0,0.0344999655000345,1190.25,2809,1.0,1000000,426.6,71.10000000000001,31.0,41.0,-0.6000000000000014
89,116.3,12.3,81.0,37.5,51.3,79,0.0,1001,60,33.5,0.0,1.66,2023,7,13,20,3,194,28,-0.8660254037844386,0.5000000000000001,-0.4999999999999997,-0.8660254037844388,0.43388373911755823,-0.900968867902419,2,2,0,64.0,33.0,33.0,21.0,42.0,34.0,42.333333333333336,18.8237438713275,64.0,30.0,34.0,15.543487382180064,64.0,21.0,32.583333333333336,11.896969311041815,64.0,21.0,30.041666666666668,13.156182764295192,64.0,7.0,34.5,35.6,35.8,53.0,49.0,48.0,1.0,1.0,2.33,1000.0,1000.0,1001.0,2010.0,99.6,55.61,0.0,0.7999786672355405,9.454515893016827,6.584830501585237,20.1,32.67,0.033466500033466504,1122.25,3600,2.7556,1002001,328.40000000000003,54.73333333333334,-34.0,-3.0,-1.0
69,113.0,11.7,71.0,26.3,43.7,70,0.0,1002,67,32.5,0.0,2.33,2023,7,13,21,3,194,28,-0.7071067811865477,0.7071067811865474,-0.4999999999999997,-0.8660254037844388,0.43388373911755823,-0.900968867902419,2,2,0,30.0,64.0,33.0,21.0,39.0,29.0,38.333333333333336,22.678918257565556,64.0,21.0,34.0,15.543487382180064,64.0,21.0,31.083333333333332,12.146517146403362,64.0,21.0,29.708333333333332,13.284443882803822,64.0,7.0,33.5,35.1,36.0,60.0,51.0,48.0,1.66,1.0,1.66,1001.0,1000.0,1000.0,2177.5,156.11,75.72500000000001,0.0,0.79844872818524,9.657294248354843,6.067857448081361,21.775,31.335,0.03243509737016231,1056.25,4489,5.4289000000000005,1004004,286.7,47.78333333333333,-9.0,-12.0,-1.0
69,109.7,11.0,61.0,26.3,36.0,62,0.0,1003,75,31.5,0.0,3.0,2023,7,13,22,3,194,28,-0.5000000000000004,0.8660254037844384,-0.4999999999999997,-0.8660254037844388,0.43388373911755823,-0.900968867902419,2,3,0,21.0,30.0,64.0,23.0,35.0,26.0,24.0,5.196152422707544,30.0,21.0,33.666666666666664,15.845083359410182,64.0,21.0,29.916666666666668,12.405704943755003,64.0,21.0,29.5,13.383961849266091,64.0,7.0,32.5,34.5,36.2,67.0,53.0,47.0,2.33,1.0,1.0,1002.0,1000.0,1000.0,2362.5,225.0,94.5,0.0,0.79844872818524,9.971820743568767,5.544950459049177,23.625,30.0,0.03140575134022797,992.25,5625,9.0,1006009,265.0,44.166666666666664,0.0,-43.0,-1.0
74,98.2,10.0,63.3,28.8,32.3,63,0.0,1003,79,31.1,0.0,3.0,2023,7,13,23,3,194,28,-0.25881904510252157,0.9659258262890681,-0.4999999999999997,-0.8660254037844388,0.43388373911755823,-0.900968867902419,2,3,0,21.0,21.0,30.0,33.0,37.0,13.0,21.666666666666668,1.1547005383835396,23.0,21.0,32.0,16.443843832875285,64.0,21.0,28.75,12.33712063062276,64.0,21.0,29.916666666666668,12.998048905982793,64.0,7.0,31.5,33.5,35.6,75.0,60.0,49.0,3.0,1.66,1.0,1003.0,1001.0,1000.0,2456.9,237.0,93.30000000000001,0.0,0.7985833825214401,9.819018098190181,6.32936706329367,24.569000000000003,29.6,0.031006948148606037,967.21,6241,9.0,1006009,255.60000000000002,42.6,2.0,-7.0,-0.3999999999999986
91,86.8,9.0,65.7,38.8,28.7,65,0.0,1002,83,30.6,0.0,3.0,2023,7,14,0,4,195,28,0.0,1.0,-0.4999999999999997,-0.8660254037844388,-0.433883739117558,-0.9009688679024191,2,3,0,23.0,21.0,21.0,33.0,34.0,7.0,25.0,5.291502622130059,31.0,21.0,31.666666666666668,16.439789130845234,64.0,21.0,28.5,12.25115949985557,64.0,21.0,30.916666666666668,12.046708612969729,64.0,9.0,31.1,32.5,35.1,79.0,67.0,51.0,3.0,2.33,1.0,1003.0,1002.0,1000.0,2539.8,249.0,91.80000000000001,0.0,0.7989484807092602,9.64337295856016,7.299188979002333,25.398000000000003,29.1,0.030538891677752818,936.3600000000001,6889,9.0,1004004,260.0,43.333333333333336,8.0,10.0,-0.5
95,75.3,8.0,68.0,41.3,25.0,66,0.0,1002,88,30.2,0.0,3.0,2023,7,14,1,4,195,28,0.25881904510252074,0.9659258262890683,-0.4999999999999997,-0.8660254037844388,-0.433883739117558,-0.9009688679024191,2,3,0,31.0,23.0,21.0,64.0,21.0,9.0,29.0,5.291502622129991,33.0,23.0,26.5,5.43139024559915,33.0,21.0,29.5,12.071755163490725,64.0,21.0,31.916666666666668,11.107837682061113,64.0,11.0,30.6,31.5,34.5,83.0,75.0,53.0,3.0,3.0,1.0,1002.0,1003.0,1000.0,2657.6,264.0,90.6,0.0,0.7990121304568898,9.411323584551932,8.4989376327959,26.576,28.7,0.03013969047935082,912.04,7744,9.0,1004004,250.60000000000002,41.76666666666667,2.0,12.0,-0.40000000000000213
61,75.7,8.0,70.7,21.3,25.3,68,0.0,1002,87,30.3,0.0,2.83,2023,7,14,2,4,195,28,0.49999999999999994,0.8660254037844387,-0.4999999999999997,-0.8660254037844388,-0.433883739117558,-0.9009688679024191,2,3,0,33.0,31.0,23.0,30.0,21.0,11.0,27.0,8.71779788708186,33.0,17.0,24.333333333333332,6.282250127673677,33.0,17.0,29.166666666666668,12.379112417391504,64.0,17.0,32.166666666666664,10.675720794998153,64.0,17.0,30.2,31.1,33.5,88.0,79.0,60.0,3.0,3.0,1.66,1002.0,1003.0,1001.0,2636.1,246.21,85.74900000000001,0.0,0.7980845969672785,9.461317335333085,8.83639545056868,26.361,28.885,0.03023949077895132,918.09,7569,8.0089,1004004,218.00000000000003,36.333333333333336,-16.0,-6.0,0.10000000000000142
151,76.1,8.0,73.3,70.0,25.7,69,0.0,1002,87,30.3,0.0,2.66,2023,7,14,3,4,195,28,0.7071067811865476,0.7071067811865476,-0.4999999999999997,-0.8660254037844388,-0.433883739117558,-0.9009688679024191,2,3,0,17.0,33.0,31.0,21.0,21.0,28.0,35.333333333333336,19.604421270043673,56.0,17.0,30.166666666666668,14.034481346549892,56.0,17.0,32.083333333333336,14.260296652105545,64.0,17.0,33.333333333333336,11.683011325133222,64.0,17.0,30.3,30.6,32.5,87.0,83.0,67.0,2.83,3.0,2.33,1002.0,1002.0,1002.0,2636.1,231.42000000000002,80.59800000000001,0.0,0.7999885715918343,9.511311086114235,9.16135483064617,26.361,28.97,0.03023949077895132,918.09,7569,7.0756000000000006,1004004,309.09999999999997,51.51666666666666,39.0,25.0,0.0
76,76.5,8.0,76.0,30.0,26.0,70,0.0,1002,87,30.4,0.0,2.5,2023,7,14,4,4,195,28,0.8660254037844386,0.5000000000000001,-0.4999999999999997,-0.8660254037844388,-0.433883739117558,-0.9009688679024191,2,3,0,56.0,17.0,33.0,21.0,23.0,40.0,32.333333333333336,20.79262689833445,56.0,17.0,30.666666666666668,13.691846722289034,56.0,17.0,32.166666666666664,14.2052060452452,64.0,17.0,32.666666666666664,11.742404267057792,64.0,17.0,30.3,30.2,31.5,87.0,88.0,75.0,2.66,3.0,3.0,1002.0,1002.0,1003.0,2644.7999999999997,217.5,76.0,0.0,0.7999733342221925,9.561304836895388,9.498812648418948,26.447999999999997,29.15,0.03033929107855182,924.16,7569,6.25,1004004,240.5,40.083333333333336,-32.0,-9.0,0.09999999999999787
87,82.7,8.0,79.3,36.3,29.3,72,0.0,1003,87,30.4,0.0,2.33,2023,7,14,5,4,195,28,0.9659258262890683,0.25881904510252074,-0.4999999999999997,-0.8660254037844388,-0.433883739117558,-0.9009688679024191,2,3,0,24.0,56.0,17.0,23.0,33.0,47.0,36.333333333333336,17.214335111567355,56.0,24.0,31.666666666666668,13.231276078544242,56.0,17.0,31.833333333333332,14.230781830775973,64.0,17.0,31.916666666666668,11.355583444381939,64.0,17.0,30.4,30.3,31.1,87.0,87.0,79.0,2.5,2.83,3.0,1002.0,1002.0,1003.0,2644.7999999999997,202.71,70.832,0.0,0.798876064020275,10.336207974003251,9.911261092363455,26.447999999999997,29.235,0.030309042563267632,924.16,7569,5.4289000000000005,1006009,264.6,44.1,5.0,12.0,0.0
89,88.9,8.0,82.7,37.5,32.7,73,0.0,1003,86,30.4,1.2,2.16,2023,7,14,6,4,195,28,1.0,6.123233995736766e-17,-0.4999999999999997,-0.8660254037844388,-0.433883739117558,-0.9009688679024191,2,0,0,29.0,24.0,56.0,31.0,33.0,41.0,27.666666666666668,3.214550253665683,30.0,24.0,31.5,13.247641299491407,56.0,17.0,31.583333333333332,14.234773896299862,64.0,17.0,31.458333333333332,11.193861542465417,64.0,17.0,30.4,30.3,30.6,87.0,87.0,83.0,2.33,2.66,3.0,1003.0,1002.0,1002.0,2614.4,185.76000000000002,65.664,0.0,0.7999786672355405,11.111111111111112,10.336207974003251,26.144000000000002,29.32,0.030309042563267632,924.16,7396,4.6656,1006009,279.8,46.63333333333333,1.0,-26.0,0.0
82,95.1,8.0,86.0,33.8,36.0,75,0.0,1003,86,30.5,1.8,2.0,2023,7,14,7,4,195,28,0.9659258262890683,-0.25881904510252063,-0.4999999999999997,-0.8660254037844388,-0.433883739117558,-0.9009688679024191,2,0,0,30.0,29.0,24.0,33.0,64.0,37.0,28.666666666666668,1.5275252316547625,30.0,27.0,30.5,13.33791587917656,56.0,17.0,28.5,9.931584145359487,56.0,17.0,31.041666666666668,11.164692665668976,64.0,17.0,30.4,30.4,30.2,86.0,87.0,88.0,2.16,2.5,3.0,1003.0,1002.0,1002.0,2623.0,172.0,61.0,0.0,0.7987929351202628,11.886014248218972,10.748656417947757,26.23,29.5,0.03040874336117312,930.25,7396,4.0,1006009,285.9,47.65,-3.0,3.0,0.10000000000000142
93,93.0,7.3,97.7,40.0,48.7,79,0.0,1003,79,31.6,2.5,2.0,2023,7,14,8,4,195,28,0.8660254037844387,-0.4999999999999998,-0.4999999999999997,-0.8660254037844388,-0.433883739117558,-0.9009688679024191,2,0,0,27.0,30.0,29.0,17.0,30.0,42.0,29.666666666666668,2.5166114784252582,32.0,27.0,33.0,11.593101396951146,56.0,24.0,28.666666666666668,9.975728119548156,56.0,17.0,30.625,10.92190658622673,64.0,17.0,30.5,30.4,30.3,86.0,87.0,87.0,2.0,2.33,2.83,1003.0,1003.0,1002.0,2496.4,158.0,63.2,0.0,0.7999800004999875,12.73798109847966,13.38172853033831,24.964000000000002,30.6,0.031505452138133466,998.5600000000001,6241,4.0,1006009,318.7,53.11666666666667,5.0,3.0,1.1000000000000014
61,90.8,6.7,109.3,21.3,61.3,83,0.0,1003,72,32.6,4.3,2.0,2023,7,14,9,4,195,28,0.7071067811865476,-0.7071067811865475,-0.4999999999999997,-0.8660254037844388,-0.433883739117558,-0.9009688679024191,2,0,0,32.0,27.0,30.0,56.0,21.0,39.0,25.333333333333332,7.637626158260333,32.0,17.0,26.5,5.394441583703499,32.0,17.0,28.333333333333332,10.316212600767528,56.0,17.0,29.708333333333332,11.110039199503051,64.0,17.0,31.6,30.4,30.3,79.0,86.0,87.0,2.0,2.16,2.66,1003.0,1003.0,1002.0,2347.2000000000003,144.0,65.2,0.0,0.7980845969672785,13.550216385614085,16.31099835845396,23.472,31.6,0.03250246011718832,1062.76,5184,4.0,1006009,306.40000000000003,51.06666666666667,-15.0,-13.0,1.0
61,88.7,6.0,121.0,21.3,74.0,87,0.0,1003,66,33.7,6.6,2.0,2023,7,14,10,4,195,28,0.49999999999999994,-0.8660254037844387,-0.4999999999999997,-0.8660254037844388,-0.433883739117558,-0.9009688679024191,2,0,0,17.0,32.0,27.0,24.0,21.0,35.0,22.0,8.660254037844947,32.0,17.0,25.333333333333332,6.653319973265677,32.0,17.0,28.0,10.634420957010374,56.0,17.0,28.958333333333332,11.342414307317556,64.0,17.0,32.6,30.5,30.4,72.0,86.0,87.0,2.0,2.0,2.5,1003.0,1003.0,1002.0,2224.2000000000003,132.0,67.4,0.0,0.7980845969672785,14.780869855024163,20.16330611564739,22.242000000000004,32.7,0.033599168894148664,1135.6900000000003,4356,4.0,1006009,328.0,54.666666666666664,0.0,-10.0,1.1000000000000014
78,86.0,5.3,128.3,33.8,70.7,87,0.0,1003,65,33.8,7.9,2.0,2023,7,14,11,4,195,28,0.258819045102521,-0.9659258262890682,-0.4999999999999997,-0.8660254037844388,-0.433883739117558,-0.9009688679024191,2,0,0,17.0,17.0,32.0,29.0,23.0,37.0,19.666666666666668,4.618802153518101,25.0,17.0,24.666666666666668,6.408327915038046,32.0,17.0,28.166666666666668,10.564376962511936,56.0,17.0,28.458333333333332,11.236505594312485,64.0,17.0,33.7,31.6,30.4,66.0,79.0,87.0,2.0,2.0,2.33,1003.0,1003.0,1003.0,2197.0,130.0,67.6,0.0,0.7396230880743174,16.223354084135067,24.20298056970383,21.97,32.8,0.03369886969205414,1142.4399999999998,4225,4.0,1006009,349.1,58.18333333333334,8.0,-7.0,0.09999999999999432
95,83.3,4.7,135.7,46.4,67.3,87,0.5,1002,64,33.9,6.7,2.0,2023,7,14,12,4,195,28,1.2246467991473532e-16,-1.0,-0.4999999999999997,-0.8660254037844388,-0.433883739117558,-0.9009688679024191,2,1,0,25.0,17.0,17.0,30.0,31.0,34.0,25.0,8.000000000000576,33.0,17.0,25.166666666666668,6.9976186425566205,33.0,17.0,28.333333333333332,10.628720382514976,56.0,17.0,28.416666666666668,11.216899775771887,64.0,17.0,33.8,32.6,30.4,65.0,72.0,86.0,2.0,2.0,2.16,1003.0,1003.0,1003.0,2169.6,128.0,67.8,43.5,0.7111915691472167,17.719634120399913,28.866198681131667,21.695999999999998,32.9,0.033832301564569296,1149.2099999999998,4096,4.0,1004004,370.4,61.73333333333333,8.0,16.0,0.10000000000000142
115,80.5,4.0,143.0,59.0,64.0,87,1.0,1002,63,34.0,4.1,2.0,2023,7,14,13,4,195,28,-0.2588190451025208,-0.9659258262890683,-0.4999999999999997,-0.8660254037844388,-0.433883739117558,-0.9009688679024191,2,1,0,33.0,25.0,17.0,27.0,33.0,21.0,33.0,8.00000000000049,41.0,25.0,27.5,9.586448768964955,41.0,17.0,29.0,11.184404726712163,56.0,17.0,29.25,11.383626685803636,64.0,17.0,33.9,33.7,30.5,64.0,66.0,86.0,2.0,2.0,2.0,1002.0,1003.0,1003.0,2142.0,126.0,68.0,87.0,0.6949034762122677,20.119970007498125,35.74106473381654,21.42,33.0,0.0339321018641698,1156.0,3969,4.0,1004004,391.5,65.25,8.0,24.0,0.10000000000000142
84,85.2,4.7,147.3,22.5,67.0,87,0.0,1001,61,34.5,4.2,2.0,2023,7,14,14,4,195,28,-0.4999999999999997,-0.8660254037844388,-0.4999999999999997,-0.8660254037844388,-0.433883739117558,-0.9009688679024191,2,1,0,41.0,33.0,25.0,32.0,17.0,21.0,30.666666666666668,11.676186592091684,41.0,18.0,25.166666666666668,9.968283035039482,41.0,17.0,29.083333333333332,11.090194959621607,56.0,17.0,29.125,11.494091109556427,64.0,17.0,34.0,33.8,31.6,63.0,65.0,79.0,2.0,2.0,2.0,1002.0,1003.0,1003.0,2104.5,122.0,69.0,0.0,0.7999644460246211,18.123803446075303,31.33375877472878,21.045,33.5,0.0344655000344655,1190.25,3721,4.0,1002001,344.70000000000005,57.45000000000001,-23.0,-7.0,0.5
133,89.9,5.3,151.7,67.7,70.0,87,0.0,1000,58,35.1,2.9,2.0,2023,7,14,15,4,195,28,-0.7071067811865471,-0.7071067811865479,-0.4999999999999997,-0.8660254037844388,-0.433883739117558,-0.9009688679024191,2,1,0,18.0,41.0,33.0,17.0,56.0,21.0,35.556666666666665,15.565976786997364,47.67,18.0,30.278333333333336,12.488107008936819,47.67,17.0,28.389166666666668,9.38127482937339,47.67,17.0,30.23625,11.95442316266978,64.0,17.0,34.5,33.9,32.6,61.0,64.0,72.0,2.0,2.0,2.0,1001.0,1002.0,1003.0,2035.8000000000002,116.0,70.2,0.0,0.70412549297647,16.95906432748538,28.617242029805695,20.358,34.1,0.0350999649000351,1232.01,3364,4.0,1000000,432.27,72.045,29.67,14.670000000000002,0.6000000000000014
142,94.5,6.0,156.0,72.0,73.0,87,0.0,999,55,35.6,2.2,2.0,2023,7,14,16,4,195,28,-0.8660254037844385,-0.5000000000000004,-0.4999999999999997,-0.8660254037844388,-0.433883739117558,-0.9009688679024191,2,1,0,47.67,18.0,41.0,17.0,24.0,23.0,38.89,18.167726880377934,51.0,18.0,35.945,12.962798694726043,51.0,18.0,30.639166666666668,11.278807527501142,51.0,17.0,31.402916666666666,12.568062864525658,64.0,17.0,35.1,34.0,33.7,58.0,63.0,66.0,2.0,2.0,2.0,1000.0,1002.0,1003.0,1958.0,110.0,71.2,0.0,0.7083234955070068,15.747375437427095,25.99566738876854,19.58,34.6,0.035635599964364405,1267.3600000000001,3025,4.0,998001,452.5,75.41666666666667,3.3299999999999983,10.0,0.5
148,115.7,9.7,136.3,75.7,77.7,83,0.0,1000,60,33.4,1.5,1.66,2023,7,14,17,4,195,28,-0.9659258262890683,-0.25881904510252063,-0.4999999999999997,-0.8660254037844388,-0.433883739117558,-0.9009688679024191,2,1,0,51.0,47.67,18.0,25.0,29.0,33.0,50.666666666666664,2.8446851026675075,53.33,47.67,40.666666666666664,13.333050163659427,53.33,18.0,32.666666666666664,13.011129734565289,53.33,17.0,32.25,13.34169306771243,64.0,17.0,35.6,34.5,33.8,55.0,61.0,65.0,2.0,2.0,2.0,999.0,1001.0,1003.0,2004.0,99.6,55.443999999999996,0.0,0.704482107237685,11.926605504587158,14.050097928048658,20.04,32.57,0.0333999666000334,1115.56,3600,2.7556,1000000,468.43,78.07166666666667,2.3299999999999983,35.33,-2.200000000000003
150,137.0,13.3,116.7,79.3,82.3,79,0.0,1001,66,31.2,1.4,1.33,2023,7,14,18,4,195,28,-1.0,-1.8369701987210297e-16,-0.4999999999999997,-0.8660254037844388,-0.433883739117558,-0.9009688679024191,2,2,0,53.33,51.0,47.67,33.0,30.0,33.0,53.333333333333336,2.335001784440012,55.67,51.0,44.445,13.924931238609142,55.67,18.0,34.80583333333333,14.551833035633743,55.67,17.0,33.194583333333334,14.173671237212412,64.0,17.0,33.4,35.1,33.9,60.0,58.0,64.0,1.66,2.0,2.0,1000.0,1000.0,1002.0,2059.2,87.78,41.496,0.0,0.7020088019066595,10.299977445304863,8.773776407788889,20.592,30.535,0.0311688000311688,973.4399999999999,4356,1.7689000000000001,1002001,484.27000000000004,80.71166666666667,2.3400000000000034,8.0,-2.1999999999999993
153,158.2,17.0,97.0,83.0,87.0,75,0.0,1002,72,29.0,0.0,1.0,2023,7,14,19,4,195,28,-0.9659258262890684,0.2588190451025203,-0.4999999999999997,-0.8660254037844388,-0.433883739117558,-0.9009688679024191,2,2,0,55.67,53.33,51.0,41.0,27.0,64.0,55.666666666666664,2.335001784439933,58.0,53.33,47.278333333333336,14.786628306231949,58.0,18.0,37.38916666666667,15.743019496868433,58.0,17.0,32.944583333333334,13.649929122022376,58.0,17.0,31.2,35.6,34.0,66.0,55.0,63.0,1.33,2.0,2.0,1001.0,999.0,1002.0,2088.0,72.0,29.0,0.0,0.6987867616052819,9.305334980295276,5.705546732545144,20.88,28.5,0.028942086884144826,841.0,5184,1.0,1004004,500.2,83.36666666666666,2.3299999999999983,7.0,-2.1999999999999993
155,183.3,18.7,83.3,85.0,88.7,54,0.0,1002,78,28.2,0.0,0.66,2023,7,14,20,4,195,28,-0.8660254037844386,0.5000000000000001,-0.4999999999999997,-0.8660254037844388,-0.433883739117558,-0.9009688679024191,2,2,0,58.0,55.67,53.33,18.0,32.0,30.0,57.666666666666664,1.8526287629574743,59.33,55.67,54.166666666666664,4.394290234686504,59.33,47.67,39.666666666666664,16.831740218642587,59.33,17.0,34.166666666666664,14.651085333492476,59.33,17.0,29.0,33.4,34.5,72.0,60.0,61.0,1.0,1.66,2.0,1002.0,1000.0,1001.0,2199.6,51.480000000000004,18.612000000000002,0.0,0.6979917883319019,9.801614886904444,4.454307256296454,21.996,27.87,0.02814368448734083,795.24,6084,0.43560000000000004,1004004,518.33,86.38833333333334,1.3299999999999983,6.0,-0.8000000000000007
63,208.3,20.3,69.7,22.5,90.3,33,0.0,1002,84,27.5,0.0,0.33,2023,7,14,21,4,195,28,-0.7071067811865477,0.7071067811865474,-0.4999999999999997,-0.8660254037844388,-0.433883739117558,-0.9009688679024191,2,2,0,59.33,58.0,55.67,47.67,17.0,21.0,45.10999999999999,23.487364688274543,59.33,18.0,49.221666666666664,15.592638540883971,59.33,18.0,39.75,16.711361404744725,59.33,17.0,34.041666666666664,14.780530574305308,59.33,17.0,28.2,31.2,35.1,78.0,66.0,58.0,0.66,1.33,2.0,1002.0,1001.0,1000.0,2310.0,27.720000000000002,9.075000000000001,0.0,0.7999644460246211,10.260578296635634,3.433328407467612,23.1,27.335,0.027445082390137335,756.25,7056,0.10890000000000001,1004004,429.1,71.51666666666667,-41.33,-37.67,-0.6999999999999993
159,233.4,22.0,56.0,89.0,92.0,12,0.0,1002,91,26.7,0.0,1.6,2023,7,14,22,4,195,28,-0.5000000000000004,0.8660254037844384,-0.4999999999999997,-0.8660254037844388,-0.433883739117558,-0.9009688679024191,2,3,0,18.0,59.33,58.0,51.0,17.0,21.0,46.44333333333333,24.66879878172707,62.0,18.0,51.055,16.46577389617609,62.0,18.0,43.5,16.182806813517477,62.0,18.0,35.75,15.556650472162925,62.0,17.0,27.5,29.0,35.6,84.0,72.0,55.0,0.33,1.0,2.0,1002.0,1002.0,999.0,2429.7,145.6,42.72,0.0,0.6966213862765587,10.608608699604563,2.545338848234171,24.296999999999997,25.9,0.02664667999333334,712.89,8281,2.5600000000000005,1004004,554.4,92.39999999999999,44.0,4.0,-0.8000000000000007
153,225.5,21.7,52.3,82.7,93.0,16,0.5,1002,90,26.9,0.0,1.2,2023,7,14,23,4,195,28,-0.25881904510252157,0.9659258262890681,-0.4999999999999997,-0.8660254037844388,-0.433883739117558,-0.9009688679024191,2,3,0,62.0,18.0,59.33,53.33,25.0,23.0,45.89000000000001,24.25028453441332,62.0,18.0,51.778333333333336,16.679639584435293,62.0,18.0,46.222500000000004,15.522155499917773,62.0,18.0,37.194583333333334,15.92653759669202,62.0,17.0,26.7,28.2,33.4,91.0,78.0,60.0,1.6,0.66,1.66,1002.0,1002.0,1000.0,2421.0,108.0,32.279999999999994,8.0,0.6973313502859699,10.391226210773697,2.410027187687203,24.21,26.299999999999997,0.026846280592534338,723.6099999999999,8100,1.44,1004004,532.87,88.81166666666667,-4.329999999999998,-1.6599999999999966,0.1999999999999993
148,217.5,21.3,48.7,76.3,94.0,20,3.5,1002,90,27.0,0.0,1.2,2023,7,15,0,5,196,28,0.0,1.0,-0.4999999999999997,-0.8660254037844388,-0.9749279121818236,-0.2225209339563146,2,3,1,57.67,62.0,18.0,55.67,33.0,31.0,57.666666666666664,4.335000961169137,62.0,53.33,51.38833333333333,16.5976015335548,62.0,18.0,47.916666666666664,15.050068156494927,62.0,18.0,38.125,16.198843759060058,62.0,17.0,26.9,27.5,31.2,90.0,84.0,66.0,1.2,0.33,1.33,1002.0,1002.0,1001.0,2430.0,108.0,32.4,70.0,0.6989423467582337,10.210788225904887,2.286277639547439,24.3,26.4,0.02694608089213484,729.0,8100,1.44,1004004,511.13,85.18833333333333,-4.340000000000003,35.33,0.10000000000000142
137,209.5,21.0,45.0,70.0,95.0,25,3.5,1002,89,27.2,0.0,2.0,2023,7,15,1,5,196,28,0.25881904510252074,0.9659258262890683,-0.4999999999999997,-0.8660254037844388,-0.9749279121818236,-0.2225209339563146,2,3,1,53.33,57.67,62.0,58.0,41.0,33.0,53.333333333333336,4.335000961169222,57.67,49.0,49.88833333333333,16.28429847020314,62.0,18.0,48.583333333333336,14.89218851572427,62.0,18.0,38.791666666666664,16.307629227281847,62.0,17.0,27.0,26.7,29.0,90.0,91.0,72.0,1.2,1.6,1.0,1002.0,1002.0,1002.0,2420.7999999999997,178.0,54.4,87.5,0.6999900001428551,9.975715442121803,2.1427551068996715,24.208,26.2,0.027145681491335838,739.8399999999999,7921,4.0,1004004,489.5,81.58333333333333,-4.329999999999998,-13.0,0.1999999999999993
112,183.3,19.0,48.7,57.0,96.3,25,0.0,1001,89,27.2,0.0,2.0,2023,7,15,2,5,196,28,0.49999999999999994,0.8660254037844387,-0.4999999999999997,-0.8660254037844388,-0.9749279121818236,-0.2225209339563146,2,3,1,49.0,53.33,57.67,59.33,18.0,17.0,47.44333333333333,6.799973039162665,53.33,40.0,46.666666666666664,15.95149606358788,62.0,18.0,50.416666666666664,11.822744131032765,62.0,18.0,39.75,15.633205184728777,62.0,17.0,27.2,26.9,28.2,89.0,90.0,78.0,2.0,1.2,0.66,1002.0,1002.0,1002.0,2420.7999999999997,178.0,54.4,0.0,0.7017420747004439,9.64686069154255,2.5630229987895374,24.208,26.2,0.0271728000271728,739.8399999999999,7921,4.0,1002001,444.3,74.05,-9.0,-17.67,0.0
91,157.0,17.0,52.3,44.0,97.7,25,0.0,1001,90,27.2,0.0,1.2,2023,7,15,3,5,196,28,0.7071067811865476,0.7071067811865476,-0.4999999999999997,-0.8660254037844388,-0.9749279121818236,-0.2225209339563146,2,3,1,40.0,49.0,53.33,18.0,47.67,56.0,40.0,9.000000000000393,49.0,31.0,48.833333333333336,11.556393324331777,62.0,31.0,49.027499999999996,13.086618512469144,62.0,18.0,38.708333333333336,15.333384624993116,62.0,17.0,27.2,27.0,27.5,89.0,90.0,84.0,2.0,1.2,0.33,1001.0,1002.0,1002.0,2448.0,108.0,32.64,0.0,0.7045294425126702,9.234750897006057,3.0762896300217633,24.48,26.599999999999998,0.0271728000271728,739.8399999999999,8100,1.44,1002001,399.0,66.5,-9.0,-22.33,0.0
72,130.7,15.0,56.0,31.0,99.0,25,0.0,1001,90,27.2,0.0,2.0,2023,7,15,4,5,196,28,0.8660254037844386,0.5000000000000001,-0.4999999999999997,-0.8660254037844388,-0.9749279121818236,-0.2225209339563146,2,3,1,31.0,40.0,49.0,62.0,51.0,24.0,31.0,9.000000000000478,40.0,22.0,42.166666666666664,13.767724091753822,57.67,22.0,46.610833333333325,15.196791203368525,62.0,18.0,38.625,15.421975286555696,62.0,17.0,27.2,27.2,26.7,90.0,89.0,91.0,1.2,2.0,1.6,1001.0,1002.0,1002.0,2448.0,180.0,54.4,0.0,0.7096545272733137,8.712752483167788,3.733084461035931,24.48,26.2,0.0271728000271728,739.8399999999999,8100,4.0,1002001,353.7,58.949999999999996,-9.0,-27.0,0.0
72,125.7,16.7,53.7,31.0,118.3,37,0.0,1001,91,27.3,0.0,2.0,2023,7,15,5,5,196,28,0.9659258262890683,0.25881904510252074,-0.4999999999999997,-0.8660254037844388,-0.9749279121818236,-0.2225209339563146,2,3,1,22.0,31.0,40.0,57.67,53.33,29.0,25.0,5.196152422707559,31.0,22.0,36.221666666666664,13.431560470275123,53.33,22.0,44.0,16.566986887948143,62.0,18.0,38.333333333333336,15.676022584124302,62.0,17.0,27.2,27.2,26.9,90.0,89.0,90.0,2.0,2.0,1.2,1001.0,1001.0,1002.0,2484.3,182.0,54.6,0.0,0.7096545272733137,7.526495419435962,3.215376324770972,24.843000000000004,26.3,0.027272700027272702,745.2900000000001,8281,4.0,1002001,367.40000000000003,61.23333333333334,0.0,-18.0,0.10000000000000142
72,120.6,18.3,51.3,31.0,137.7,50,0.0,1002,91,27.5,1.2,2.4,2023,7,15,6,5,196,28,1.0,6.123233995736766e-17,-0.4999999999999997,-0.8660254037844388,-0.9749279121818236,-0.2225209339563146,2,0,1,22.0,22.0,31.0,53.33,55.67,30.0,22.0,0.0,22.0,22.0,31.0,11.3841995766057,49.0,22.0,41.19416666666667,17.248067854022405,62.0,18.0,38.0,15.943696314654174,62.0,17.0,27.3,27.2,27.0,91.0,90.0,90.0,2.0,1.2,1.2,1001.0,1001.0,1002.0,2502.5,218.4,66.0,0.0,0.7096545272733137,6.589803835855963,2.803125512267089,25.025,26.3,0.027445082390137335,756.25,8281,5.76,1004004,380.9,63.48333333333333,0.0,-9.0,0.1999999999999993
72,115.6,20.0,49.0,31.0,157.0,62,0.0,1002,92,27.6,1.3,2.4,2023,7,15,7,5,196,28,0.9659258262890683,-0.25881904510252063,-0.4999999999999997,-0.8660254037844388,-0.9749279121818236,-0.2225209339563146,2,0,1,22.0,22.0,22.0,49.0,58.0,27.0,22.0,0.0,22.0,22.0,26.5,7.529940238805909,40.0,22.0,38.19416666666667,17.189939689107202,62.0,18.0,37.791666666666664,16.125313253894817,62.0,17.0,27.5,27.2,27.2,91.0,90.0,89.0,2.4,2.0,2.0,1002.0,1001.0,1002.0,2539.2000000000003,220.79999999999998,66.24,0.0,0.7096545272733137,5.779711014449277,2.4498775061246936,25.392000000000003,26.400000000000002,0.027544882689737836,761.7600000000001,8464,5.76,1004004,394.6,65.76666666666667,0.0,0.0,0.10000000000000142
78,108.9,17.7,67.3,35.7,184.7,66,0.0,1002,82,29.3,1.8,0.66,2023,7,15,8,5,196,28,0.8660254037844387,-0.4999999999999998,-0.4999999999999997,-0.8660254037844388,-0.9749279121818236,-0.2225209339563146,2,0,1,22.0,22.0,22.0,40.0,59.33,32.0,23.0,1.7320508075717571,25.0,22.0,24.0,3.633180424915313,31.0,22.0,35.333333333333336,16.17962935485846,62.0,18.0,37.5,16.297016798228533,62.0,17.0,27.6,27.3,27.2,92.0,91.0,89.0,2.4,2.0,2.0,1002.0,1001.0,1001.0,2402.6,54.120000000000005,19.338,0.0,0.7002604969048486,6.152194791254732,3.8020450821987457,24.026,28.970000000000002,0.029241487782946326,858.49,6724,0.43560000000000004,1004004,439.3,73.21666666666667,3.0,3.0,1.6999999999999993
85,102.3,15.3,85.7,40.3,212.3,70,0.0,1002,73,30.9,3.4,1.33,2023,7,15,9,5,196,28,0.7071067811865476,-0.7071067811865475,-0.4999999999999997,-0.8660254037844388,-0.9749279121818236,-0.2225209339563146,2,0,1,25.0,22.0,22.0,31.0,18.0,17.0,25.0,3.000000000001606,28.0,22.0,23.5,2.509980079599776,28.0,22.0,36.166666666666664,15.446636782121194,62.0,22.0,37.958333333333336,15.843791450793459,62.0,17.0,29.3,27.5,27.2,82.0,91.0,90.0,0.66,2.4,1.2,1002.0,1002.0,1001.0,2255.7,97.09,41.097,0.0,0.6947718418897795,6.6858375269590224,5.600941114959807,22.557,30.235,0.030838292576554314,954.81,5329,1.7689000000000001,1004004,483.90000000000003,80.65,3.0,6.0,1.5999999999999979
91,95.7,13.0,104.0,45.0,240.0,75,0.0,1002,65,32.6,5.5,2.0,2023,7,15,10,5,196,28,0.49999999999999994,-0.8660254037844387,-0.4999999999999997,-0.8660254037844388,-0.9749279121818236,-0.2225209339563146,2,0,1,28.0,25.0,22.0,22.0,62.0,17.0,28.0,3.0000000000015206,31.0,25.0,25.0,3.79473319220048,31.0,22.0,33.583333333333336,13.155829909437575,57.67,22.0,38.541666666666664,15.286526794837327,62.0,18.0,30.9,27.6,27.2,73.0,92.0,90.0,1.33,2.4,2.0,1002.0,1002.0,1001.0,2119.0,130.0,65.2,0.0,0.6888735805870981,7.360972232905162,7.999384662718253,21.19,31.6,0.03253489766976281,1062.76,4225,4.0,1004004,528.7,88.11666666666667,3.0,9.0,1.7000000000000028
103,90.1,10.7,119.0,52.7,216.3,75,0.0,1002,65,32.7,6.9,2.0,2023,7,15,11,5,196,28,0.258819045102521,-0.9659258262890682,-0.4999999999999997,-0.8660254037844388,-0.9749279121818236,-0.2225209339563146,2,0,1,31.0,28.0,25.0,22.0,57.67,25.0,31.776666666666667,4.218961167555563,36.33,28.0,27.388333333333332,5.6061409781288285,36.33,22.0,31.804999999999996,10.842934440119013,53.33,22.0,39.013749999999995,15.022819978575926,62.0,18.0,32.6,29.3,27.3,65.0,82.0,91.0,2.0,0.66,2.0,1002.0,1002.0,1001.0,2125.5,130.0,65.4,0.0,0.6893607331929185,8.419773852910943,11.12045603214653,21.255,31.700000000000003,0.03263469796936331,1069.2900000000002,4225,4.0,1004004,525.13,87.52166666666666,5.329999999999998,11.329999999999998,0.10000000000000142
117,84.4,8.3,134.0,60.3,192.7,75,0.0,1001,65,32.9,8.4,2.0,2023,7,15,12,5,196,28,1.2246467991473532e-16,-1.0,-0.4999999999999997,-0.8660254037844388,-0.9749279121818236,-0.2225209339563146,2,1,1,36.33,31.0,28.0,22.0,53.33,33.0,36.333333333333336,5.3350007810066,41.67,31.0,30.666666666666668,7.315615262345063,41.67,22.0,30.833333333333332,9.125012909911547,49.0,22.0,39.375,14.976091380713553,62.0,18.0,32.7,30.9,27.5,65.0,73.0,91.0,2.0,1.33,2.4,1002.0,1002.0,1002.0,2138.5,130.0,65.8,0.0,0.6910333161970781,10.167449704854837,16.142633417660523,21.385,31.9,0.0328671000328671,1082.4099999999999,4225,4.0,1002001,521.37,86.895,5.340000000000003,13.670000000000002,0.19999999999999574
131,78.8,6.0,149.0,68.0,169.0,75,0.0,1001,65,33.0,5.9,2.0,2023,7,15,13,5,196,28,-0.2588190451025208,-0.9659258262890683,-0.4999999999999997,-0.8660254037844388,-0.9749279121818236,-0.2225209339563146,2,1,1,41.67,36.33,31.0,22.0,49.0,41.0,41.666666666666664,5.3350007810065145,47.0,36.33,34.833333333333336,8.427231257456803,47.0,25.0,30.666666666666668,8.774573114022422,47.0,22.0,39.625,15.054273118634436,62.0,18.0,32.9,32.6,27.6,65.0,65.0,92.0,2.0,2.0,2.4,1001.0,1002.0,1002.0,2145.0,130.0,66.0,0.0,0.6911663063778474,13.131144809198465,24.829195134144307,21.45,32.0,0.032967000032967,1089.0,4225,4.0,1002001,517.8,86.3,5.329999999999998,16.0,0.10000000000000142
132,82.9,7.0,146.7,68.3,159.7,72,0.0,1000,64,33.2,3.3,2.33,2023,7,15,14,5,196,28,-0.4999999999999997,-0.8660254037844388,-0.4999999999999997,-0.8660254037844388,-0.9749279121818236,-0.2225209339563146,2,1,1,47.0,41.67,36.33,25.0,40.0,18.0,45.333333333333336,3.176827558011218,47.33,41.67,38.555,8.141972119823992,47.33,28.0,31.277500000000003,9.690682615040403,47.33,22.0,40.84708333333333,14.39866976922498,62.0,18.0,33.0,32.7,29.3,65.0,65.0,82.0,2.0,2.0,0.66,1001.0,1002.0,1002.0,2124.8,149.12,77.35600000000001,0.0,0.6929620356949385,11.841165547778889,20.954149407227536,21.248,32.035000000000004,0.033199966800033204,1102.2400000000002,4096,5.4289000000000005,1000000,511.92999999999995,85.32166666666666,0.3299999999999983,11.0,0.20000000000000284
133,87.0,8.0,144.3,68.7,150.3,70,0.0,999,64,33.3,2.3,2.66,2023,7,15,15,5,196,28,-0.7071067811865471,-0.7071067811865479,-0.4999999999999997,-0.8660254037844388,-0.9749279121818236,-0.2225209339563146,2,1,1,47.33,47.0,41.67,28.0,31.0,47.67,47.333333333333336,0.33501243758883886,47.67,47.0,41.833333333333336,6.90867474025653,47.67,31.0,32.666666666666664,10.780800554970503,47.67,22.0,40.84708333333334,14.39866976922498,62.0,18.0,33.2,32.9,30.9,64.0,65.0,73.0,2.33,2.0,1.33,1000.0,1001.0,1002.0,2131.2,170.24,88.578,0.0,0.693876362789479,10.873640794900638,18.035245594300715,21.311999999999998,31.97,0.033333299966666695,1108.8899999999999,4096,7.0756000000000006,998001,505.97,84.32833333333333,0.3400000000000034,6.0,0.09999999999999432
134,91.0,9.0,142.0,69.0,141.0,68,0.0,998,64,33.5,1.5,3.0,2023,7,15,16,5,196,28,-0.8660254037844385,-0.5000000000000004,-0.4999999999999997,-0.8660254037844388,-0.9749279121818236,-0.2225209339563146,2,1,1,47.67,47.33,47.0,31.0,22.0,51.0,47.666666666666664,0.3350124375887602,48.0,47.33,44.666666666666664,4.714847470137214,48.0,36.33,34.833333333333336,11.051459248223425,48.0,22.0,40.72208333333334,14.31950083510845,62.0,18.0,33.3,33.0,32.6,64.0,65.0,65.0,2.66,2.0,2.0,999.0,1001.0,1002.0,2144.0,192.0,100.5,0.0,0.6956420921435921,10.109987779135652,15.776024886123764,21.44,32.0,0.0335671006341677,1122.25,4096,9.0,996004,500.0,83.33333333333333,0.3299999999999983,1.0,0.20000000000000284
117,131.7,13.7,127.7,58.1,134.3,66,2.0,999,64,32.9,0.9,2.66,2023,7,15,17,5,196,28,-0.9659258262890683,-0.25881904510252063,-0.4999999999999997,-0.8660254037844388,-0.9749279121818236,-0.2225209339563146,2,1,1,48.0,47.67,47.33,36.33,22.0,53.33,45.78,3.563186775908065,48.0,41.67,45.55666666666667,3.0290702643978853,48.0,41.67,36.472500000000004,10.415396928672937,48.0,22.0,40.23625,14.068745135011786,62.0,18.0,33.5,33.2,32.7,64.0,64.0,65.0,3.0,2.33,2.0,998.0,1000.0,1002.0,2105.6,170.24,87.514,132.0,0.7171993597356329,9.612437048390628,9.320487555652873,21.055999999999997,31.57,0.0329328999670671,1082.4099999999999,4096,7.0756000000000006,998001,507.17,84.52833333333334,-6.329999999999998,-5.659999999999997,-0.6000000000000014
100,172.4,18.3,113.3,47.2,127.7,64,1.5,999,65,32.3,0.8,2.33,2023,7,15,18,5,196,28,-1.0,-1.8369701987210297e-16,-0.4999999999999997,-0.8660254037844388,-0.9749279121818236,-0.2225209339563146,2,2,1,41.67,48.0,47.67,41.67,22.0,55.67,41.666666666666664,6.335000657722153,48.0,35.33,44.5,5.072585139748035,48.0,35.33,37.583333333333336,9.392115003683445,48.0,22.0,39.38875,13.706572626013347,62.0,18.0,32.9,33.3,32.9,64.0,64.0,65.0,2.66,2.66,2.0,999.0,999.0,1001.0,2099.5,151.45000000000002,75.259,96.0,0.7485010910785788,9.420250259548657,6.190918529042128,20.995,31.134999999999998,0.0323322999676677,1043.2899999999997,4225,5.4289000000000005,998001,514.23,85.705,-6.340000000000003,-12.340000000000003,-0.6000000000000014
87,213.0,23.0,99.0,36.3,121.0,62,0.0,1000,65,31.7,0.0,2.0,2023,7,15,19,5,196,28,-0.9659258262890684,0.2588190451025203,-0.4999999999999997,-0.8660254037844388,-0.9749279121818236,-0.2225209339563146,2,2,1,35.33,41.67,48.0,47.0,22.0,58.0,35.333333333333336,6.335000657722238,41.67,29.0,41.5,7.856915425279308,48.0,29.0,38.166666666666664,8.512451130104399,48.0,25.0,38.180416666666666,13.26571077732137,62.0,18.0,32.3,33.5,33.0,65.0,64.0,65.0,2.33,3.0,2.0,999.0,998.0,1001.0,2060.5,130.0,63.4,0.0,0.798876064020275,9.260466936220164,4.30416068866571,20.605,30.7,0.0316999683000317,1004.89,4225,4.0,1000000,521.3,86.88333333333333,-6.329999999999998,-19.0,-0.5999999999999979
80,261.3,25.7,85.0,32.5,127.3,50,0.0,1001,68,31.2,0.0,2.0,2023,7,15,20,5,196,28,-0.8660254037844386,0.5000000000000001,-0.4999999999999997,-0.8660254037844388,-0.9749279121818236,-0.2225209339563146,2,2,1,29.0,35.33,41.67,47.33,25.0,59.33,30.11,4.763013751818148,35.33,26.0,37.945,9.371110393117302,48.0,26.0,38.25,8.375632404887977,48.0,26.0,36.791666666666664,12.68736025124735,62.0,18.0,31.7,32.9,33.2,65.0,64.0,64.0,2.0,2.66,2.33,1000.0,999.0,1000.0,2121.6,136.0,62.4,0.0,0.7999753853727578,10.166919575113809,3.3072643087817593,21.215999999999998,30.2,0.0311688000311688,973.4399999999999,4624,4.0,1002001,557.8,92.96666666666665,-3.0,-15.670000000000002,-0.5
102,309.5,28.3,71.0,45.0,133.7,37,0.0,1001,72,30.7,0.0,2.0,2023,7,15,21,5,196,28,-0.7071067811865477,0.7071067811865474,-0.4999999999999997,-0.8660254037844388,-0.9749279121818236,-0.2225209339563146,2,2,1,26.0,29.0,35.33,47.67,28.0,18.0,30.333333333333332,5.131601439447737,36.0,26.0,36.0,8.069669138198337,48.0,26.0,38.916666666666664,7.783023872894901,48.0,26.0,37.541666666666664,12.043922395410501,62.0,22.0,31.2,32.3,33.3,68.0,65.0,64.0,2.0,2.33,2.66,1001.0,999.0,999.0,2210.4,144.0,61.4,0.0,0.7999822226172753,10.936009328292286,2.508745274018586,22.104,29.7,0.0306693000306693,942.49,5184,4.0,1002001,623.5,103.91666666666667,10.0,0.6700000000000017,-0.5
98,357.7,31.0,57.0,42.5,140.0,25,0.0,1002,75,30.2,0.0,2.0,2023,7,15,22,5,196,28,-0.5000000000000004,0.8660254037844384,-0.4999999999999997,-0.8660254037844388,-0.9749279121818236,-0.2225209339563146,2,3,1,36.0,26.0,29.0,48.0,31.0,62.0,32.0,5.291502622129978,36.0,26.0,33.666666666666664,5.530481594459638,41.67,26.0,39.166666666666664,7.550316469385248,48.0,26.0,36.375,10.87069494998621,57.67,22.0,30.7,31.7,33.5,72.0,65.0,64.0,2.0,2.0,3.0,1001.0,1000.0,998.0,2265.0,150.0,60.4,0.0,0.7999811769134845,11.538337472984741,1.838650366117222,22.65,29.2,0.03013969047935082,912.04,5625,4.0,1004004,662.2,110.36666666666667,-2.0,5.0,-0.5
107,345.3,30.7,53.0,47.5,136.3,20,0.0,1001,75,30.0,0.0,1.66,2023,7,15,23,5,196,28,-0.25881904510252157,0.9659258262890681,-0.4999999999999997,-0.8660254037844388,-0.9749279121818236,-0.2225209339563146,2,3,1,34.0,36.0,26.0,41.67,36.33,57.67,36.0,2.000000000001914,38.0,34.0,33.055,4.5915302460062275,38.0,26.0,39.30583333333333,7.5085532541021704,48.0,26.0,35.555416666666666,9.892901706105745,53.33,22.0,30.2,31.2,32.9,75.0,68.0,64.0,2.0,2.0,2.66,1002.0,1001.0,999.0,2250.0,124.5,49.8,0.0,0.7999831582493001,11.247190645255856,1.7263281326341162,22.5,29.17,0.029970000029970002,900.0,5625,2.7556,1002001,650.8,108.46666666666665,4.0,12.0,-0.1999999999999993
91,332.8,30.3,49.0,38.8,132.7,16,0.0,1001,76,29.9,0.0,1.33,2023,7,16,0,6,197,28,0.0,1.0,-0.4999999999999997,-0.8660254037844388,-0.7818314824680299,0.6234898018587334,2,3,1,38.0,34.0,36.0,35.33,41.67,53.33,34.333333333333336,3.5118845842853834,38.0,31.0,32.333333333333336,4.501851470967975,38.0,26.0,38.416666666666664,7.828109412220063,48.0,26.0,34.625,9.172355441642514,49.0,22.0,30.0,30.7,32.3,75.0,72.0,65.0,1.66,2.0,2.33,1001.0,1001.0,999.0,2272.4,101.08000000000001,39.767,0.0,0.7989484807092602,10.983135870103297,1.6171083462591993,22.724,29.235,0.0298701000298701,894.0099999999999,5776,1.7689000000000001,1002001,614.6,102.43333333333334,-7.0,-5.0,-0.10000000000000142
121,320.4,30.0,45.0,53.8,129.0,12,0.0,1000,76,29.7,0.0,1.0,2023,7,16,1,6,197,28,0.25881904510252074,0.9659258262890683,-0.4999999999999997,-0.8660254037844388,-0.7818314824680299,0.6234898018587334,2,3,1,31.0,38.0,34.0,29.0,47.0,49.0,37.333333333333336,6.027713773342321,43.0,31.0,34.666666666666664,5.8537737116032265,43.0,26.0,38.083333333333336,7.508009460609213,48.0,26.0,34.375,8.839236638297956,48.0,22.0,29.9,30.2,31.7,76.0,75.0,65.0,1.33,2.0,2.0,1001.0,1002.0,1000.0,2257.2,76.0,29.7,0.0,0.7992416497834613,10.67964401186627,1.499950001666611,22.572,29.2,0.0296999703000297,882.0899999999999,5776,1.0,1000000,621.2,103.53333333333335,12.0,9.0,-0.1999999999999993
98,314.9,30.7,41.0,42.5,131.7,33,0.0,1000,76,29.6,0.0,1.66,2023,7,16,2,6,197,28,0.49999999999999994,0.8660254037844387,-0.4999999999999997,-0.8660254037844388,-0.7818314824680299,0.6234898018587334,2,3,1,43.0,31.0,38.0,26.0,47.33,40.0,36.0,6.244997998399011,43.0,31.0,36.0,4.147288270664415,43.0,31.0,36.9725,6.983341379180405,48.0,26.0,34.125,8.75770071075355,48.0,22.0,29.7,30.0,31.2,76.0,75.0,68.0,1.0,1.66,2.0,1000.0,1001.0,1001.0,2249.6,126.16,49.136,0.0,0.7999811769134845,10.25699488616006,1.335461385622618,22.496,28.770000000000003,0.029599970400029603,876.1600000000001,5776,2.7556,1000000,594.8,99.13333333333333,-9.0,-4.0,-0.09999999999999787
95,309.5,31.3,37.0,41.3,134.3,54,0.0,999,76,29.6,0.0,2.33,2023,7,16,3,6,197,28,0.7071067811865476,0.7071067811865476,-0.4999999999999997,-0.8660254037844388,-0.7818314824680299,0.6234898018587334,2,3,1,34.0,43.0,31.0,36.0,47.67,31.0,36.666666666666664,5.507570547286787,43.0,33.0,35.5,4.324349662086834,43.0,31.0,35.75,6.178024103074812,48.0,26.0,34.208333333333336,8.736161064502552,48.0,22.0,29.6,29.9,30.7,76.0,76.0,72.0,1.66,1.33,2.0,1000.0,1001.0,1001.0,2249.6,177.08,68.968,0.0,0.7990121304568898,9.887863007571642,1.1820708603558991,22.496,28.435000000000002,0.0296295999703704,876.1600000000001,5776,5.4289000000000005,998001,586.4000000000001,97.73333333333335,-1.0,2.0,0.0
100,304.1,32.0,33.0,43.8,137.0,75,0.0,999,77,29.5,0.0,3.0,2023,7,16,4,6,197,28,0.8660254037844386,0.5000000000000001,-0.4999999999999997,-0.8660254037844388,-0.7818314824680299,0.6234898018587334,2,3,1,33.0,34.0,43.0,34.0,48.0,22.0,34.0,1.000000000004042,35.0,33.0,35.666666666666664,4.273952113285457,43.0,31.0,34.666666666666664,4.826672735639044,43.0,26.0,34.75,8.34035084237564,48.0,22.0,29.6,29.7,30.2,76.0,76.0,75.0,2.33,1.0,2.0,999.0,1000.0,1002.0,2271.5,231.0,88.5,0.0,0.7990685144174792,9.502828036623857,1.0312177744445488,22.715,28.0,0.0295294999704705,870.25,5929,9.0,998001,584.9000000000001,97.48333333333335,2.0,-8.0,-0.10000000000000142
107,291.2,29.3,38.7,47.5,128.3,79,0.0,999,77,29.5,0.0,2.33,2023,7,16,5,6,197,28,0.9659258262890683,0.25881904510252074,-0.4999999999999997,-0.8660254037844388,-0.7818314824680299,0.6234898018587334,2,3,1,35.0,33.0,34.0,38.0,41.67,22.0,35.333333333333336,2.5166114784251365,38.0,33.0,35.666666666666664,4.273952113285457,43.0,31.0,34.36083333333333,4.443652180016041,43.0,26.0,35.416666666666664,7.904997685376026,48.0,22.0,29.5,29.6,30.0,77.0,76.0,75.0,3.0,1.66,1.66,999.0,1000.0,1001.0,2271.5,179.41,68.735,0.0,0.7999831582493001,9.938227364253779,1.3207740350158699,22.715,28.335,0.0295294999704705,870.25,5929,5.4289000000000005,998001,573.0,95.5,3.0,4.0,0.0
93,278.4,26.7,44.3,40.0,119.7,83,0.0,1000,77,29.5,0.7,1.66,2023,7,16,6,6,197,28,1.0,6.123233995736766e-17,-0.4999999999999997,-0.8660254037844388,-0.7818314824680299,0.6234898018587334,2,0,1,38.0,35.0,33.0,31.0,35.33,22.0,35.0,3.000000000001313,38.0,32.0,35.833333333333336,4.070217029429421,43.0,32.0,34.083333333333336,4.481443219915318,43.0,26.0,35.833333333333336,7.415456048403259,48.0,22.0,29.5,29.6,29.9,77.0,76.0,76.0,2.33,2.33,1.33,999.0,999.0,1001.0,2271.5,127.82,48.97,0.0,0.7999800004999875,10.426575783678512,1.6591138908655105,22.715,28.67,0.0294999705000295,870.25,5929,2.7556,1000000,541.1,90.18333333333334,-6.0,-1.0,0.0
102,265.5,24.0,50.0,45.0,111.0,87,0.0,1000,77,29.5,0.8,1.0,2023,7,16,7,6,197,28,0.9659258262890683,-0.25881904510252063,-0.4999999999999997,-0.8660254037844388,-0.7818314824680299,0.6234898018587334,2,0,1,32.0,38.0,35.0,43.0,29.0,22.0,35.333333333333336,3.055050463305172,38.0,32.0,34.666666666666664,2.160246899467052,38.0,32.0,34.666666666666664,4.206776639775553,43.0,26.0,36.416666666666664,6.805518008375439,48.0,25.0,29.5,29.5,29.7,77.0,77.0,76.0,1.66,3.0,1.0,1000.0,999.0,1000.0,2271.5,77.0,29.5,0.0,0.7999822226172753,11.062039081704928,2.083246531394525,22.715,29.0,0.0294999705000295,870.25,5929,1.0,1000000,531.5,88.58333333333333,4.0,1.0,0.0
102,223.7,18.3,91.3,45.0,114.0,87,0.0,1000,72,30.6,1.3,1.0,2023,7,16,8,6,197,28,0.8660254037844387,-0.4999999999999998,-0.4999999999999997,-0.8660254037844388,-0.7818314824680299,0.6234898018587334,2,0,1,36.0,32.0,38.0,34.0,26.0,25.0,34.666666666666664,2.309401076760223,36.0,32.0,35.0,2.1908902300184763,38.0,32.0,35.5,3.2051095570539876,43.0,31.0,36.875,6.358966281866633,48.0,26.0,29.5,29.5,29.6,77.0,77.0,76.0,1.0,2.33,1.66,1000.0,999.0,1000.0,2203.2000000000003,72.0,30.6,0.0,0.7999822226172753,12.223375771815746,4.988798426315501,22.032000000000004,30.1,0.030599969400030604,936.3600000000001,5184,1.0,1000000,528.3,88.05,0.0,-2.0,1.1000000000000014
93,181.9,12.7,132.7,40.0,117.0,87,0.0,1000,68,31.6,2.0,1.0,2023,7,16,9,6,197,28,0.7071067811865476,-0.7071067811865475,-0.4999999999999997,-0.8660254037844388,-0.7818314824680299,0.6234898018587334,2,0,1,36.0,36.0,32.0,33.0,36.0,28.0,34.666666666666664,2.309401076760223,36.0,32.0,34.833333333333336,2.401388487241714,38.0,32.0,35.166666666666664,3.3529724488005863,43.0,31.0,37.041666666666664,6.165724800771142,48.0,26.0,30.6,29.5,29.6,72.0,77.0,76.0,1.0,1.66,2.33,1000.0,1000.0,999.0,2148.8,68.0,31.6,0.0,0.7999800004999875,14.321706952208489,10.447996220770019,21.488000000000003,31.1,0.031599968400031604,998.5600000000001,4624,1.0,1000000,516.3,86.05,-4.0,0.0,1.0
104,140.1,7.0,174.0,46.3,120.0,87,0.0,1000,64,32.7,3.0,1.0,2023,7,16,10,6,197,28,0.49999999999999994,-0.8660254037844387,-0.4999999999999997,-0.8660254037844388,-0.7818314824680299,0.6234898018587334,2,0,1,32.0,36.0,36.0,35.0,34.0,31.0,35.0,2.64575131106608,37.0,32.0,35.166666666666664,2.562550812502479,38.0,32.0,35.416666666666664,3.369875458537325,43.0,31.0,37.291666666666664,6.030256081278882,48.0,26.0,31.6,29.5,29.5,68.0,77.0,77.0,1.0,1.0,3.0,1000.0,1000.0,999.0,2092.8,64.0,32.7,0.0,0.799118809528952,20.01142693900871,24.85359234395086,20.928,32.2,0.0326999673000327,1069.2900000000002,4096,1.0,1000000,524.4000000000001,87.40000000000002,5.0,1.0,1.1000000000000014
104,125.9,6.0,173.0,43.8,105.7,87,0.0,1000,59,33.8,3.9,1.66,2023,7,16,11,6,197,28,0.258819045102521,-0.9659258262890682,-0.4999999999999997,-0.8660254037844388,-0.7818314824680299,0.6234898018587334,2,0,1,37.0,32.0,36.0,38.0,38.0,36.33,34.666666666666664,2.516611478425162,37.0,32.0,34.666666666666664,2.160246899467052,37.0,32.0,35.166666666666664,3.2706222186246543,43.0,31.0,37.236250000000005,6.04556956895273,48.0,26.0,32.7,30.6,29.5,64.0,72.0,77.0,1.0,1.0,2.33,1000.0,1000.0,999.0,1994.1999999999998,97.94,56.10799999999999,0.0,0.7990685144174792,20.97983669388435,28.828528578570236,19.941999999999997,32.97,0.033799966200033796,1142.4399999999998,3481,2.7556,1000000,489.4,81.56666666666666,-2.0,-1.0,1.0999999999999943
104,111.7,5.0,172.0,43.8,91.3,87,0.0,999,54,34.9,4.1,2.33,2023,7,16,12,6,197,28,1.2246467991473532e-16,-1.0,-0.4999999999999997,-0.8660254037844388,-0.7818314824680299,0.6234898018587334,2,1,1,35.0,37.0,32.0,32.0,31.0,41.67,35.666666666666664,1.1547005383826048,37.0,35.0,35.166666666666664,1.7224014243657357,37.0,32.0,35.5,2.999999999998589,43.0,32.0,36.958333333333336,5.985903489007644,48.0,26.0,33.8,31.6,29.5,59.0,68.0,77.0,1.66,1.0,1.66,1000.0,1000.0,1000.0,1884.6,125.82000000000001,81.317,0.0,0.7990685144174792,22.335532893421316,34.39312137572485,18.846,33.735,0.0349348999650651,1218.01,2916,5.4289000000000005,998001,458.8,76.46666666666667,0.0,3.0,1.1000000000000014
103,97.5,4.0,171.0,33.8,77.0,87,0.0,998,50,36.0,3.9,3.0,2023,7,16,13,6,197,28,-0.2588190451025208,-0.9659258262890683,-0.4999999999999997,-0.8660254037844388,-0.7818314824680299,0.6234898018587334,2,1,1,35.0,35.0,37.0,36.0,43.0,47.0,32.333333333333336,4.618802153517917,35.0,27.0,33.666666666666664,3.669695718538091,37.0,27.0,34.166666666666664,2.9180732539028473,38.0,27.0,36.125,5.91894746812626,48.0,26.0,34.9,32.7,29.5,54.0,64.0,77.0,2.33,1.0,1.0,999.0,1000.0,1000.0,1800.0,150.0,108.0,0.0,0.7987929351202628,24.368907773056733,42.739315171207195,18.0,34.5,0.036072108144180215,1296.0,2500,9.0,996004,410.3,68.38333333333334,-8.0,-10.0,1.1000000000000014
102,99.2,4.7,167.3,38.8,75.7,83,0.0,998,52,35.2,3.0,2.66,2023,7,16,14,6,197,28,-0.4999999999999997,-0.8660254037844388,-0.4999999999999997,-0.8660254037844388,-0.7818314824680299,0.6234898018587334,2,1,1,27.0,35.0,35.0,36.0,34.0,47.33,31.0,4.0000000000010845,35.0,27.0,32.833333333333336,3.600925806880311,37.0,27.0,33.916666666666664,3.0587678248033567,38.0,27.0,35.444583333333334,5.498549199298367,48.0,26.0,36.0,33.8,30.6,50.0,59.0,72.0,3.0,1.66,1.0,998.0,1000.0,1000.0,1830.4,138.32,93.63200000000002,0.0,0.7989484807092602,21.101893214209742,35.58817272920655,18.304000000000002,33.870000000000005,0.03527050574097622,1239.0400000000002,2704,7.0756000000000006,996004,416.70000000000005,69.45,4.0,-4.0,-0.7999999999999972
101,101.0,5.3,163.7,41.3,74.3,79,0.0,997,55,34.4,2.0,2.33,2023,7,16,15,6,197,28,-0.7071067811865471,-0.7071067811865479,-0.4999999999999997,-0.8660254037844388,-0.7818314824680299,0.6234898018587334,2,1,1,31.0,27.0,35.0,32.0,33.0,47.67,30.333333333333332,3.055050463305336,33.0,27.0,33.0,3.5777087639982645,37.0,27.0,33.916666666666664,3.0587678248033567,38.0,27.0,34.833333333333336,4.858569897539649,48.0,26.0,35.2,34.9,31.6,52.0,54.0,68.0,2.66,2.33,1.0,998.0,999.0,1000.0,1892.0,128.15,80.152,0.0,0.7990121304568898,19.05300886625165,30.88096585549896,18.92,33.235,0.034503475924296964,1183.36,3025,5.4289000000000005,994009,418.6,69.76666666666667,2.0,-2.0,-0.8000000000000043
100,102.7,6.0,160.0,42.5,73.0,75,0.0,997,57,33.6,1.3,2.0,2023,7,16,16,6,197,28,-0.8660254037844385,-0.5000000000000004,-0.4999999999999997,-0.8660254037844388,-0.7818314824680299,0.6234898018587334,2,1,1,33.0,31.0,27.0,37.0,35.0,48.0,32.666666666666664,1.5275252316546788,34.0,31.0,32.5,3.0822070014828475,35.0,27.0,33.833333333333336,3.040135563164232,38.0,27.0,34.25,3.9677931660683288,43.0,26.0,34.4,36.0,32.7,55.0,50.0,64.0,2.33,3.0,1.0,997.0,998.0,1000.0,1915.2,114.0,67.2,0.0,0.7999811769134845,17.11381436427262,26.662222962839525,19.152,32.6,0.03370106950745285,1128.96,3249,4.0,994009,418.2,69.7,1.0,7.0,-0.7999999999999972
104,159.7,12.3,146.7,46.3,88.7,79,2.5,997,57,33.8,0.8,2.0,2023,7,16,17,6,197,28,-0.9659258262890683,-0.25881904510252063,-0.4999999999999997,-0.8660254037844388,-0.7818314824680299,0.6234898018587334,2,1,1,34.0,33.0,31.0,35.0,38.0,41.67,34.666666666666664,2.08166599946804,37.0,33.0,32.833333333333336,3.488074922741285,37.0,27.0,33.75,2.9271456776480194,37.0,27.0,34.055416666666666,3.6930910573629014,43.0,26.0,33.6,35.2,33.8,57.0,52.0,59.0,2.0,2.66,1.66,997.0,998.0,1000.0,1926.6,114.0,67.6,197.5,0.799118809528952,12.982684334606942,11.925859686204372,19.266,32.8,0.03390167111166388,1142.4399999999998,3249,4.0,994009,490.7,81.78333333333333,3.0,6.0,0.19999999999999574
95,216.7,18.7,133.3,41.3,104.3,83,0.0,997,56,34.0,0.6,2.0,2023,7,16,18,6,197,28,-1.0,-1.8369701987210297e-16,-0.4999999999999997,-0.8660254037844388,-0.7818314824680299,0.6234898018587334,2,2,1,37.0,34.0,33.0,35.0,32.0,35.33,34.666666666666664,2.08166599946804,37.0,33.0,32.5,3.3316662497900187,37.0,27.0,33.833333333333336,2.886751345946684,37.0,27.0,33.958333333333336,3.688751015990887,43.0,26.0,33.8,34.4,34.9,57.0,55.0,54.0,2.0,2.33,2.33,997.0,997.0,999.0,1904.0,112.0,68.0,0.0,0.7990121304568898,11.587615635527511,7.12796107160045,19.04,33.0,0.03410227271587491,1156.0,3136,4.0,994009,547.3,91.21666666666665,-4.0,0.0,0.20000000000000284
139,273.7,25.0,120.0,62.5,120.0,87,0.0,998,56,34.2,0.0,2.0,2023,7,16,19,6,197,28,-0.9659258262890684,0.2588190451025203,-0.4999999999999997,-0.8660254037844388,-0.7818314824680299,0.6234898018587334,2,2,1,33.0,37.0,34.0,27.0,36.0,29.0,40.0,8.888194417315976,50.0,33.0,36.333333333333336,6.976149845484783,50.0,31.0,35.0,5.493798156267642,50.0,27.0,34.833333333333336,4.788270693255251,50.0,26.0,34.0,33.6,36.0,56.0,57.0,50.0,2.0,2.0,3.0,997.0,997.0,998.0,1915.2000000000003,112.0,68.4,0.0,0.7999872002047967,10.947562097516098,4.799808007679693,19.152,33.2,0.03426850273697121,1169.64,3136,4.0,996004,651.2,108.53333333333335,17.0,16.0,0.20000000000000284
161,359.5,30.0,100.3,80.0,133.7,87,0.0,998,63,33.2,0.0,1.66,2023,7,16,20,6,197,28,-0.8660254037844386,0.5000000000000001,-0.4999999999999997,-0.8660254037844388,-0.7818314824680299,0.6234898018587334,2,2,1,50.0,33.0,37.0,31.0,36.0,26.0,49.0,15.524174696260188,64.0,33.0,41.833333333333336,12.639883965711812,64.0,33.0,37.333333333333336,10.030257255227903,64.0,27.0,36.416666666666664,7.342056735101742,64.0,27.0,34.2,33.8,35.2,56.0,57.0,52.0,2.0,2.0,2.66,998.0,997.0,998.0,2091.6000000000004,104.58,55.112,0.0,0.7999900001249984,11.982933902203259,3.3432218926035797,20.916000000000004,32.370000000000005,0.0332664997329662,1102.2400000000002,3969,2.7556,996004,767.5,127.91666666666667,14.0,27.0,-1.0
177,445.3,35.0,80.7,95.0,147.3,87,0.0,999,70,32.2,0.0,1.33,2023,7,16,21,6,197,28,-0.7071067811865477,0.7071067811865474,-0.4999999999999997,-0.8660254037844388,-0.7818314824680299,0.6234898018587334,2,2,1,64.0,50.0,33.0,33.0,32.0,36.0,63.333333333333336,13.012814197295512,76.0,50.0,49.0,17.776388834630993,76.0,33.0,41.0,14.80786032054322,76.0,27.0,38.083333333333336,10.914356985448167,76.0,27.0,33.2,34.0,34.4,63.0,56.0,55.0,1.66,2.0,2.33,998.0,997.0,997.0,2254.0,93.10000000000001,42.82600000000001,0.0,0.7999915790360101,12.72249364303877,2.3056484100454275,22.54,31.535000000000004,0.032232199967767806,1036.8400000000001,4900,1.7689000000000001,998001,879.3,146.54999999999998,12.0,43.0,-1.0
157,531.1,40.0,61.0,76.3,161.0,87,0.0,999,79,31.2,0.0,1.0,2023,7,16,22,6,197,28,-0.5000000000000004,0.8660254037844384,-0.4999999999999997,-0.8660254037844388,-0.7818314824680299,0.6234898018587334,2,3,1,76.0,64.0,50.0,34.0,37.0,34.0,67.0,7.937253933193873,76.0,61.0,53.5,16.59819267269766,76.0,33.0,43.0,15.805637659334492,76.0,27.0,39.208333333333336,11.828407833857542,76.0,27.0,32.2,34.2,33.6,70.0,56.0,57.0,1.33,2.0,2.0,999.0,998.0,997.0,2464.7999999999997,79.0,31.2,0.0,0.7994652756844602,13.277168070798231,1.5249618759531012,24.647999999999996,30.7,0.0312311999687688,973.4399999999999,6241,1.0,998001,930.4,155.06666666666666,-15.0,11.0,-1.0000000000000036
172,479.9,37.0,58.0,90.0,152.7,87,0.0,999,79,31.3,0.0,1.33,2023,7,16,23,6,197,28,-0.25881904510252157,0.9659258262890681,-0.4999999999999997,-0.8660254037844388,-0.7818314824680299,0.6234898018587334,2,3,1,61.0,76.0,64.0,37.0,35.0,38.0,69.66666666666667,7.7674534651540945,76.0,61.0,59.333333333333336,15.769168230019684,76.0,33.0,46.083333333333336,17.609183210283316,76.0,27.0,40.625,13.58327776284552,76.0,27.0,31.2,33.2,33.8,79.0,63.0,57.0,1.0,1.66,2.0,999.0,998.0,997.0,2472.7000000000003,105.07000000000001,41.629000000000005,0.0,0.7999911112098754,12.969919731899138,1.567525202021567,24.727000000000004,30.635,0.0313312999686687,979.69,6241,1.7689000000000001,998001,889.5999999999999,148.26666666666665,11.0,8.0,0.10000000000000142
157,428.8,34.0,55.0,76.3,144.3,87,0.0,998,78,31.4,0.0,1.66,2023,7,17,0,0,198,29,0.0,1.0,-0.4999999999999997,-0.8660254037844388,0.0,1.0,2,3,0,72.0,61.0,76.0,33.0,35.0,31.0,64.66666666666667,6.350852961086052,72.0,61.0,64.0,9.186947262284487,76.0,50.0,48.25,17.72068642216541,76.0,27.0,41.875,14.031989849285102,76.0,27.0,31.3,32.2,34.0,79.0,70.0,56.0,1.33,1.33,2.0,999.0,999.0,997.0,2449.2,129.48,52.123999999999995,0.0,0.7994652756844602,12.611393782535808,1.6175994823681656,24.491999999999997,30.57,0.03146289432575719,985.9599999999999,6084,2.7556,996004,799.3999999999999,133.23333333333332,-11.0,-15.0,0.09999999999999787
156,377.6,31.0,52.0,75.0,136.0,87,0.0,998,77,31.5,0.0,2.0,2023,7,17,1,0,198,29,0.25881904510252074,0.9659258262890683,-0.4999999999999997,-0.8660254037844388,0.0,1.0,2,3,0,61.0,72.0,61.0,50.0,27.0,43.0,64.33333333333333,6.658328118479561,72.0,60.0,65.66666666666667,6.713171133425949,76.0,60.0,51.0,16.65150825819443,76.0,31.0,42.583333333333336,14.51211388031971,76.0,27.0,31.4,31.2,34.2,78.0,79.0,56.0,1.66,1.0,2.0,998.0,999.0,998.0,2425.5,154.0,63.0,0.0,0.7999893334755536,12.180252249927422,1.6773652462823778,24.255,30.5,0.03156309462615769,992.25,5929,4.0,996004,731.6,121.93333333333334,-1.0,-1.0,0.10000000000000142
131,339.5,28.7,49.3,58.8,126.7,79,0.25,998,75,31.2,0.0,1.33,2023,7,17,2,0,198,29,0.49999999999999994,0.8660254037844387,-0.4999999999999997,-0.8660254037844388,0.0,1.0,2,3,0,60.0,61.0,72.0,64.0,31.0,34.0,56.0,7.810249675906926,61.0,47.0,62.833333333333336,10.225784403490174,76.0,47.0,52.333333333333336,15.505619704617818,76.0,33.0,43.125,14.420132363862344,76.0,27.0,31.5,31.3,33.2,77.0,79.0,63.0,2.0,1.33,1.66,998.0,999.0,998.0,2340.0,99.75,41.496,19.75,0.7993061342494175,11.828856137416814,1.7177101843141354,23.4,30.535,0.03126249372495619,973.4399999999999,5625,1.7689000000000001,996004,650.0,108.33333333333333,-13.0,-25.0,-0.3000000000000007
121,301.3,26.3,46.7,53.8,117.3,70,0.0,997,73,30.8,0.0,0.66,2023,7,17,3,0,198,29,0.7071067811865476,0.7071067811865476,-0.4999999999999997,-0.8660254037844388,0.0,1.0,2,3,0,47.0,60.0,61.0,76.0,33.0,33.0,50.0,8.888194417315905,60.0,43.0,57.333333333333336,10.595596569644476,72.0,43.0,53.166666666666664,14.615268064802999,76.0,33.0,43.541666666666664,14.258419836429631,76.0,27.0,31.2,31.4,32.2,75.0,78.0,70.0,1.33,1.66,1.33,998.0,998.0,999.0,2248.4,48.18,20.328000000000003,0.0,0.7992416497834613,11.455838181057754,1.7755978860119388,22.484,30.470000000000002,0.030892647048498447,948.6400000000001,5329,0.43560000000000004,994009,588.4,98.06666666666666,-4.0,-18.0,-0.3999999999999986
131,263.2,24.0,44.0,58.8,108.0,62,0.0,997,71,30.5,0.0,2.4,2023,7,17,4,0,198,29,0.8660254037844386,0.5000000000000001,-0.4999999999999997,-0.8660254037844388,0.0,1.0,2,3,0,43.0,47.0,60.0,61.0,34.0,35.0,45.666666666666664,2.3094010767599378,47.0,43.0,55.0,11.15347479487871,72.0,43.0,54.25,13.505049560677419,76.0,33.0,44.041666666666664,14.155899574157388,76.0,27.0,30.8,31.5,31.2,73.0,77.0,79.0,0.66,2.0,1.0,997.0,998.0,999.0,2165.5,170.4,73.2,0.0,0.7993061342494175,10.96620974126078,1.833256947627182,21.655,29.3,0.030591744642181905,930.25,5041,5.76,994009,545.0,90.83333333333333,4.0,-13.0,-0.3000000000000007
148,238.3,21.3,49.7,66.3,98.7,70,0.0,997,73,30.2,0.0,2.8,2023,7,17,5,0,198,29,0.9659258262890683,0.25881904510252074,-0.4999999999999997,-0.8660254037844388,0.0,1.0,2,3,0,47.0,43.0,47.0,72.0,37.0,38.0,47.666666666666664,5.03322295684778,53.0,43.0,51.833333333333336,7.440878084383635,61.0,43.0,55.583333333333336,12.391040262539232,76.0,33.0,44.666666666666664,14.20859099175639,76.0,27.0,30.5,31.2,31.3,71.0,75.0,79.0,2.4,1.33,1.33,997.0,998.0,999.0,2204.6,204.39999999999998,84.55999999999999,0.0,0.7993846246662946,11.187268203370733,2.33322379231022,22.046,28.8,0.03029084223586536,912.04,5329,7.839999999999999,994009,527.3000000000001,87.88333333333334,6.0,6.0,-0.3000000000000007
145,213.4,18.7,55.3,65.0,89.3,79,0.0,998,75,30.0,0.6,2.8,2023,7,17,6,0,198,29,1.0,6.123233995736766e-17,-0.4999999999999997,-0.8660254037844388,0.0,1.0,2,0,0,53.0,47.0,43.0,61.0,33.0,32.0,50.666666666666664,3.214550253665172,53.0,47.0,50.333333333333336,5.988878581726328,60.0,43.0,57.166666666666664,10.276480944664375,76.0,43.0,45.5,14.018621156534666,76.0,27.0,30.2,30.8,31.4,73.0,73.0,78.0,2.8,0.66,1.66,997.0,997.0,998.0,2250.0,210.0,84.0,0.0,0.7999876924970385,11.411154483717448,2.9570611197262178,22.5,28.6,0.030060090120150183,900.0,5625,7.839999999999999,996004,493.7,82.28333333333333,-1.0,9.0,-0.1999999999999993
142,188.5,16.0,61.0,63.8,80.0,87,0.0,998,77,29.7,0.8,2.8,2023,7,17,7,0,198,29,0.9659258262890683,-0.25881904510252063,-0.4999999999999997,-0.8660254037844388,0.0,1.0,2,0,0,52.0,53.0,47.0,60.0,50.0,36.0,52.0,1.0000000000025944,53.0,51.0,48.833333333333336,3.816630276390421,53.0,43.0,57.25,10.216964502059946,76.0,43.0,46.125,13.910623091098955,76.0,27.0,30.0,30.5,31.5,75.0,71.0,77.0,2.8,2.4,2.0,998.0,997.0,998.0,2286.9,215.6,83.16,0.0,0.7993605115907275,11.780513717892632,3.812261733641647,22.869,28.3,0.02975948921894868,882.0899999999999,5929,7.839999999999999,996004,460.3,76.71666666666667,-1.0,4.0,-0.3000000000000007
142,166.5,13.0,89.3,63.8,86.3,87,0.0,998,70,31.0,1.2,0.66,2023,7,17,8,0,198,29,0.8660254037844387,-0.4999999999999998,-0.4999999999999997,-0.8660254037844388,0.0,1.0,2,0,0,51.0,52.0,53.0,47.0,64.0,36.0,51.333333333333336,0.5773502691942516,52.0,51.0,49.5,3.7815340802369484,53.0,43.0,56.166666666666664,10.124976618004657,76.0,43.0,46.75,13.772215255487595,76.0,27.0,29.7,30.2,31.2,77.0,73.0,75.0,2.8,2.8,1.33,998.0,997.0,998.0,2170.0,46.2,20.46,0.0,0.7993605115907275,12.806707176371049,6.868702407507115,21.7,30.67,0.03106209312415519,961.0,4900,0.43560000000000004,996004,469.90000000000003,78.31666666666668,0.0,-2.0,1.3000000000000007
148,144.5,10.0,117.7,66.3,92.7,87,0.0,998,63,32.3,2.0,1.33,2023,7,17,9,0,198,29,0.7071067811865476,-0.7071067811865475,-0.4999999999999997,-0.8660254037844388,0.0,1.0,2,0,0,51.0,51.0,52.0,43.0,76.0,32.0,51.666666666666664,1.1547005383815312,53.0,51.0,51.166666666666664,2.228601953391529,53.0,47.0,54.25,7.978664732214319,72.0,43.0,47.625,13.457865002844615,76.0,27.0,31.0,30.0,30.8,70.0,75.0,73.0,0.66,2.8,0.66,998.0,998.0,997.0,2034.8999999999999,83.79,42.958999999999996,0.0,0.7993846246662946,14.448555144485553,11.768823117688232,20.349,31.634999999999998,0.03236469702936169,1043.2899999999997,3969,1.7689000000000001,996004,484.2,80.7,2.0,1.0,1.2999999999999972
89,122.6,7.0,146.0,37.5,99.0,87,0.0,998,58,33.6,2.8,2.0,2023,7,17,10,0,198,29,0.49999999999999994,-0.8660254037844387,-0.4999999999999997,-0.8660254037844388,0.0,1.0,2,0,0,53.0,51.0,51.0,47.0,61.0,37.0,44.666666666666664,12.741009902411198,53.0,30.0,48.333333333333336,9.02588869124032,53.0,30.0,51.666666666666664,10.280903155703763,72.0,30.0,47.333333333333336,13.770373575390186,76.0,27.0,32.3,29.7,30.5,63.0,77.0,71.0,1.33,2.8,2.4,998.0,998.0,997.0,1948.8000000000002,116.0,67.2,0.0,0.7999786672355405,17.511784030852734,20.8541636909013,19.488000000000003,32.6,0.033667300934568205,1128.96,3364,4.0,996004,442.1,73.68333333333334,-23.0,-21.0,1.3000000000000043
92,114.4,5.7,153.3,35.0,90.7,87,0.0,998,46,34.8,3.5,2.33,2023,7,17,11,0,198,29,0.258819045102521,-0.9659258262890682,-0.4999999999999997,-0.8660254037844388,0.0,1.0,2,0,0,30.0,53.0,51.0,53.0,72.0,35.0,37.0,13.892443989450115,53.0,28.0,44.166666666666664,11.788412389573878,53.0,28.0,48.0,10.215852209366902,61.0,28.0,47.041666666666664,14.112834635511128,76.0,27.0,33.6,31.0,30.2,58.0,70.0,73.0,2.0,0.66,2.8,998.0,998.0,997.0,1600.8,107.18,81.08399999999999,0.0,0.7999771435101855,20.066654972811786,26.89001929486055,16.008,33.635,0.034869704539374206,1211.0399999999997,2116,5.4289000000000005,996004,427.1,71.18333333333334,-2.0,-23.0,1.1999999999999957
100,106.2,4.3,160.7,33.8,82.3,87,0.0,997,37,35.9,3.7,2.66,2023,7,17,12,0,198,29,1.2246467991473532e-16,-1.0,-0.4999999999999997,-0.8660254037844388,0.0,1.0,2,1,0,28.0,30.0,53.0,52.0,61.0,35.0,28.333333333333332,1.5275252316554395,30.0,27.0,40.0,12.837445228704631,53.0,27.0,45.166666666666664,10.969655114602457,60.0,27.0,46.708333333333336,14.498813044872051,76.0,27.0,34.8,32.3,30.0,46.0,63.0,75.0,2.33,1.33,2.8,998.0,998.0,998.0,1328.3,98.42,95.494,0.0,0.7987929351202628,24.691932108811905,37.36340385956754,13.283,34.57,0.03600798795587968,1288.81,1369,7.0756000000000006,994009,414.3,69.05,-1.0,-26.0,1.1000000000000014
102,98.0,3.0,168.0,33.8,74.0,87,0.0,997,30,37.1,3.5,3.0,2023,7,17,13,0,198,29,-0.2588190451025208,-0.9659258262890683,-0.4999999999999997,-0.8660254037844388,0.0,1.0,2,1,0,27.0,28.0,30.0,51.0,60.0,27.0,27.333333333333332,0.5773502691990656,28.0,27.0,36.0,12.457929201917565,53.0,27.0,42.416666666666664,11.049132695977729,53.0,27.0,46.708333333333336,14.498813044872051,76.0,27.0,35.9,33.6,29.7,37.0,58.0,77.0,2.66,2.0,2.8,997.0,998.0,998.0,1113.0,90.0,111.30000000000001,0.0,0.7987929351202628,32.65578140619794,55.98133955348217,11.13,35.6,0.03721159758114586,1376.41,900,9.0,994009,403.8,67.3,0.0,-3.0,1.2000000000000028
101,101.9,3.7,165.0,31.3,69.3,87,0.0,996,32,37.2,2.9,3.0,2023,7,17,14,0,198,29,-0.4999999999999997,-0.8660254037844388,-0.4999999999999997,-0.8660254037844388,0.0,1.0,2,1,0,27.0,27.0,28.0,51.0,47.0,31.0,26.333333333333332,1.1547005383840707,27.0,25.0,31.666666666666668,10.576703960433806,53.0,25.0,40.583333333333336,12.00347172002018,53.0,25.0,46.458333333333336,14.829404299703508,76.0,25.0,37.1,34.8,31.0,30.0,46.0,70.0,3.0,2.33,0.66,997.0,998.0,998.0,1190.4,96.0,111.60000000000001,0.0,0.7986965272674994,27.533099162388545,44.582545258038365,11.904000000000002,35.7,0.03734936009100393,1383.8400000000001,1024,9.0,992016,396.20000000000005,66.03333333333335,-2.0,-3.0,0.10000000000000142
101,105.8,4.3,162.0,36.3,64.7,87,0.0,995,33,37.4,2.1,3.0,2023,7,17,15,0,198,29,-0.7071067811865471,-0.7071067811865479,-0.4999999999999997,-0.8660254037844388,0.0,1.0,2,1,0,25.0,27.0,27.0,53.0,43.0,33.0,27.0,2.000000000002745,29.0,25.0,27.666666666666668,1.7511900715385549,30.0,25.0,39.416666666666664,12.42035231042753,53.0,25.0,46.291666666666664,15.00863278153681,76.0,25.0,37.2,35.9,32.3,32.0,37.0,63.0,3.0,2.66,1.33,996.0,997.0,998.0,1234.2,99.0,112.19999999999999,0.0,0.798876064020275,24.59893048128342,37.66565914903511,12.342,35.9,0.037587901921706614,1398.76,1089,9.0,990025,402.1,67.01666666666667,4.0,2.0,0.19999999999999574
99,109.7,5.0,159.0,38.8,60.0,87,0.0,995,35,37.5,1.3,3.0,2023,7,17,16,0,198,29,-0.8660254037844385,-0.5000000000000004,-0.4999999999999997,-0.8660254037844388,0.0,1.0,2,1,0,29.0,25.0,27.0,30.0,47.0,34.0,28.333333333333332,3.0550504633056406,31.0,25.0,27.833333333333332,2.0412414523165183,31.0,25.0,38.083333333333336,12.391040262539294,53.0,25.0,46.166666666666664,15.127477638725889,76.0,25.0,37.4,37.1,33.6,33.0,30.0,58.0,3.0,3.0,2.0,995.0,997.0,998.0,1312.5,105.0,112.5,0.0,0.7989484807092602,21.935612877424514,31.79364127174565,13.125,36.0,0.037688404333261975,1406.25,1225,9.0,990025,403.5,67.25,2.0,4.0,0.10000000000000142
87,153.7,11.3,140.0,36.3,73.3,87,0.0,995,37,36.8,0.8,2.66,2023,7,17,17,0,198,29,-0.9659258262890683,-0.25881904510252063,-0.4999999999999997,-0.8660254037844388,0.0,1.0,2,1,0,31.0,29.0,25.0,28.0,53.0,37.0,29.666666666666668,1.154700538383741,31.0,29.0,28.0,2.0976176963375908,31.0,25.0,36.083333333333336,11.681051737620242,53.0,25.0,45.833333333333336,15.423490460042474,76.0,25.0,37.5,37.2,34.8,35.0,32.0,46.0,3.0,3.0,2.33,995.0,996.0,998.0,1361.6,98.42,97.88799999999999,0.0,0.798876064020275,13.600566321564463,12.388284222635164,13.616,35.47,0.03698488745237442,1354.2399999999998,1369,7.0756000000000006,990025,443.6,73.93333333333334,-2.0,4.0,-0.7000000000000028
98,197.6,17.7,121.0,42.5,86.7,87,0.0,995,38,36.2,0.7,2.33,2023,7,17,18,0,198,29,-1.0,-1.8369701987210297e-16,-0.4999999999999997,-0.8660254037844388,0.0,1.0,2,2,0,29.0,31.0,29.0,27.0,52.0,33.0,31.333333333333332,2.5166114784255673,34.0,29.0,29.166666666666668,3.125166662220681,34.0,25.0,34.583333333333336,10.55253811203977,53.0,25.0,45.875,15.388625104560266,76.0,25.0,36.8,37.4,35.9,37.0,33.0,37.0,2.66,3.0,2.66,995.0,995.0,997.0,1375.6000000000001,88.54,84.346,0.0,0.7999811769134845,11.16321111801593,6.8357719902830345,13.756000000000002,35.035000000000004,0.036381872983042234,1310.4400000000003,1444,5.4289000000000005,990025,499.49999999999994,83.24999999999999,5.0,5.0,-0.5999999999999943
131,241.6,24.0,102.0,58.8,100.0,87,0.25,995,40,35.5,0.0,2.0,2023,7,17,19,0,198,29,-0.9659258262890684,0.2588190451025203,-0.4999999999999997,-0.8660254037844388,0.0,1.0,2,2,0,34.0,29.0,31.0,27.0,51.0,50.0,36.666666666666664,9.291573243178041,47.0,29.0,32.5,7.687652437512353,47.0,25.0,34.25,10.037429949941933,53.0,25.0,45.75,15.365828830628717,76.0,25.0,36.2,37.5,37.1,38.0,35.0,30.0,2.33,3.0,3.0,995.0,995.0,997.0,1420.0,80.0,71.0,21.75,0.7993061342494175,10.066247239698345,4.249822924044831,14.2,34.5,0.035678356102154675,1260.25,1600,4.0,990025,573.4000000000001,95.56666666666668,13.0,16.0,-0.7000000000000028
156,244.3,23.3,90.7,75.0,114.0,87,0.0,996,47,34.4,0.0,1.33,2023,7,17,20,0,198,29,-0.8660254037844386,0.5000000000000001,-0.4999999999999997,-0.8660254037844388,0.0,1.0,2,2,0,47.0,34.0,29.0,25.0,51.0,64.0,47.0,13.000000000000245,60.0,34.0,38.333333333333336,12.580408048495789,60.0,29.0,35.0,11.615037275406488,60.0,25.0,45.583333333333336,15.179839795988979,76.0,25.0,35.5,36.8,37.2,40.0,37.0,32.0,2.0,2.66,3.0,995.0,995.0,996.0,1616.8,62.510000000000005,45.752,0.0,0.7999893334755536,10.484528561005964,3.892536800995665,16.168,33.735,0.03453811793361653,1183.36,2209,1.7689000000000001,992016,607.3,101.21666666666665,13.0,31.0,-1.1000000000000014
187,247.1,22.7,79.3,103.8,128.0,87,0.25,996,56,33.3,0.0,0.66,2023,7,17,21,0,198,29,-0.7071067811865477,0.7071067811865474,-0.4999999999999997,-0.8660254037844388,0.0,1.0,2,2,0,60.0,47.0,34.0,29.0,53.0,76.0,63.333333333333336,18.230011885167162,83.0,47.0,47.333333333333336,21.039645117412505,83.0,29.0,37.5,17.55251859679688,83.0,25.0,45.875,15.84246494874395,83.0,25.0,34.4,36.2,37.4,47.0,38.0,33.0,1.33,2.33,3.0,996.0,995.0,995.0,1864.7999999999997,36.96,21.977999999999998,21.75,0.7996069402028883,10.884983040394696,3.493238183339941,18.647999999999996,32.97,0.03343370137178577,1108.8899999999999,3136,0.43560000000000004,992016,663.9000000000001,110.65000000000002,23.0,49.0,-1.1000000000000014
208,249.8,22.0,68.0,123.8,142.0,87,0.0,997,66,32.2,0.0,0.8,2023,7,17,22,0,198,29,-0.5000000000000004,0.8660254037844384,-0.4999999999999997,-0.8660254037844388,0.0,1.0,2,3,0,83.0,60.0,47.0,31.0,30.0,61.0,80.66666666666667,19.604421270043453,99.0,60.0,58.666666666666664,27.732051252416625,99.0,29.0,43.25,24.713356712514607,99.0,25.0,47.458333333333336,19.00338451930111,99.0,25.0,33.3,35.5,37.5,56.0,40.0,35.0,0.66,2.0,3.0,996.0,995.0,995.0,2125.2000000000003,52.800000000000004,25.760000000000005,0.0,0.7996704388494439,11.354029362301713,3.0907686014272078,21.252000000000002,31.800000000000004,0.032296858277975654,1036.8400000000001,4356,0.6400000000000001,994009,704.6,117.43333333333334,16.0,52.0,-1.0999999999999943
87,257.2,23.3,61.3,36.3,142.7,87,1.0,997,68,32.0,0.0,1.2,2023,7,17,23,0,198,29,-0.25881904510252157,0.9659258262890681,-0.4999999999999997,-0.8660254037844388,0.0,1.0,2,3,0,99.0,83.0,60.0,29.0,28.0,72.0,70.33333333333333,36.6787858759438,99.0,29.0,58.666666666666664,27.732051252416625,99.0,29.0,43.333333333333336,24.658884931411574,99.0,25.0,45.666666666666664,18.61197993501648,99.0,25.0,32.2,34.4,36.8,66.0,47.0,37.0,0.8,1.33,2.66,997.0,996.0,995.0,2176.0,81.6,38.4,87.0,0.798876064020275,11.03815286897558,2.630788378181194,21.76,31.4,0.032096256673764624,1024.0,4624,1.44,994009,549.8,91.63333333333333,-70.0,-31.0,-0.20000000000000284
91,264.6,24.7,54.7,38.8,143.3,87,0.25,996,70,31.9,0.0,1.6,2023,7,18,0,1,199,29,0.0,1.0,-0.4999999999999997,-0.8660254037844388,0.7818314824680298,0.6234898018587336,2,3,0,29.0,99.0,83.0,34.0,27.0,61.0,53.0,39.849717690342615,99.0,29.0,58.166666666666664,28.287217372280757,99.0,29.0,43.666666666666664,24.444123046555426,99.0,25.0,44.416666666666664,18.544697277158654,99.0,25.0,32.0,33.3,36.2,68.0,56.0,38.0,1.2,0.66,2.33,997.0,996.0,995.0,2233.0,112.0,51.04,21.75,0.7989484807092602,10.712116918343387,2.2144852435124083,22.33,31.099999999999998,0.03202808029309207,1017.6099999999999,4900,2.5600000000000005,992016,557.1,92.85000000000001,2.0,-52.0,-0.10000000000000142
87,272.0,26.0,48.0,36.3,144.0,87,0.0,996,72,31.7,0.0,2.0,2023,7,18,1,1,199,29,0.25881904510252074,0.9659258262890683,-0.4999999999999997,-0.8660254037844388,0.7818314824680298,0.6234898018587336,2,3,0,31.0,29.0,99.0,47.0,27.0,60.0,29.666666666666668,1.1547005383838147,31.0,29.0,55.166666666666664,30.570683123977812,99.0,29.0,43.833333333333336,24.3266906665882,99.0,25.0,43.125,18.491625601642223,99.0,25.0,31.9,32.2,35.5,70.0,66.0,40.0,1.6,0.8,2.0,996.0,997.0,995.0,2282.4,144.0,63.4,0.0,0.798876064020275,10.461136110149608,1.8460828429675782,22.824,30.7,0.03182727728185012,1004.89,5184,4.0,992016,555.3,92.55,-2.0,-70.0,-0.1999999999999993
98,248.4,23.3,50.0,42.5,130.7,91,0.0,996,69,31.5,0.0,0.33,2023,7,18,2,1,199,29,0.49999999999999994,0.8660254037844387,-0.4999999999999997,-0.8660254037844388,0.7818314824680298,0.6234898018587336,2,3,0,29.0,31.0,29.0,60.0,25.0,47.0,31.333333333333332,2.516611478425597,34.0,29.0,50.833333333333336,31.574778964652477,99.0,29.0,44.583333333333336,23.82686922299461,99.0,29.0,42.583333333333336,18.563443895876862,99.0,25.0,31.7,32.0,34.4,72.0,68.0,47.0,2.0,1.2,1.33,996.0,997.0,996.0,2173.5,22.77,10.395000000000001,0.0,0.7999811769134845,10.660486674391656,2.1458306510450194,21.735,31.335,0.03162647427060816,992.25,4761,0.10890000000000001,992016,528.9,88.14999999999999,5.0,5.0,-0.1999999999999993
131,224.9,20.7,52.0,58.8,117.3,95,0.5,996,66,31.2,0.0,0.66,2023,7,18,3,1,199,29,0.7071067811865476,0.7071067811865476,-0.4999999999999997,-0.8660254037844388,0.7818314824680298,0.6234898018587336,2,3,0,34.0,29.0,31.0,83.0,29.0,43.0,36.666666666666664,9.291573243178044,47.0,29.0,44.833333333333336,27.381867479532126,99.0,29.0,46.083333333333336,23.31779785849615,99.0,29.0,42.75,18.585291051750215,99.0,25.0,31.5,31.9,33.3,69.0,70.0,56.0,0.33,1.6,0.66,996.0,996.0,996.0,2059.2,43.56,20.592,47.5,0.7993061342494175,10.864209458480266,2.511955944157287,20.592,30.87,0.03132526975374523,973.4399999999999,4356,0.43560000000000004,992016,520.7,86.78333333333335,13.0,16.0,-0.3000000000000007
156,201.3,18.0,54.0,75.0,104.0,100,0.25,996,62,31.0,0.0,1.0,2023,7,18,4,1,199,29,0.8660254037844386,0.5000000000000001,-0.4999999999999997,-0.8660254037844388,0.7818314824680298,0.6234898018587336,2,3,0,47.0,34.0,29.0,99.0,31.0,47.0,47.0,13.000000000000238,60.0,34.0,38.333333333333336,12.58040804849578,60.0,29.0,48.5,23.114340294992584,99.0,29.0,43.291666666666664,18.901297785364378,99.0,25.0,31.2,31.7,32.2,66.0,72.0,66.0,0.66,2.0,0.8,996.0,996.0,997.0,1922.0,62.0,31.0,25.0,0.7999893334755536,11.182712071551581,2.999833342592078,19.22,30.5,0.03112446674250327,961.0,3844,1.0,992016,512.3,85.38333333333333,13.0,31.0,-0.1999999999999993
187,188.7,16.7,55.7,103.8,92.7,100,0.75,996,63,30.7,0.0,1.33,2023,7,18,5,1,199,29,0.9659258262890683,0.25881904510252074,-0.4999999999999997,-0.8660254037844388,0.7818314824680298,0.6234898018587336,2,3,0,60.0,47.0,34.0,29.0,29.0,53.0,63.333333333333336,18.230011885167144,83.0,47.0,47.333333333333336,21.039645117412498,83.0,29.0,53.0,24.203681162545752,99.0,29.0,44.541666666666664,20.495978750172984,99.0,25.0,31.0,31.5,32.0,62.0,69.0,68.0,1.0,0.33,1.2,996.0,996.0,997.0,1934.1,83.79,40.831,75.0,0.7996069402028883,11.298724627267827,3.3351296329561104,19.340999999999998,30.035,0.030823262225640337,942.49,3969,1.7689000000000001,992016,540.6,90.10000000000001,23.0,49.0,-0.3000000000000007
208,176.1,15.3,57.3,123.8,81.3,100,1.5,997,64,30.5,0.6,1.66,2023,7,18,6,1,199,29,1.0,6.123233995736766e-17,-0.4999999999999997,-0.8660254037844388,0.7818314824680298,0.6234898018587336,2,0,0,83.0,60.0,47.0,31.0,34.0,52.0,80.66666666666667,19.604421270043417,99.0,60.0,58.666666666666664,27.732051252416625,99.0,29.0,58.416666666666664,26.708726300706488,99.0,29.0,46.5,23.293962643830714,99.0,25.0,30.7,31.2,31.9,63.0,66.0,70.0,1.33,0.66,1.6,996.0,996.0,996.0,1952.0,106.24,50.629999999999995,150.0,0.7996704388494439,11.509051695967583,3.744853277563558,19.52,29.67,0.030591744642181905,930.25,4096,2.7556,994009,552.8,92.13333333333333,16.0,52.0,-0.1999999999999993
176,163.4,14.0,59.0,93.8,70.0,100,1.5,997,65,30.2,0.8,2.0,2023,7,18,7,1,199,29,0.9659258262890683,-0.25881904510252063,-0.4999999999999997,-0.8660254037844388,0.7818314824680298,0.6234898018587336,2,0,0,99.0,83.0,60.0,29.0,47.0,51.0,85.66666666666667,12.22020185321541,99.0,75.0,66.33333333333333,23.99722206145254,99.0,34.0,60.75,26.84340108514887,99.0,29.0,47.5,24.000000000000153,99.0,25.0,30.5,31.0,31.7,64.0,62.0,72.0,1.66,1.0,2.0,997.0,996.0,996.0,1963.0,130.0,60.4,150.0,0.7995650366200786,11.670594957503036,4.213984715377473,19.63,29.2,0.03029084223586536,912.04,4225,4.0,994009,475.2,79.2,-24.0,15.0,-0.3000000000000007
165,156.8,13.0,69.0,83.8,64.7,100,1.25,997,62,30.9,1.2,2.33,2023,7,18,8,1,199,29,0.8660254037844387,-0.4999999999999998,-0.4999999999999997,-0.8660254037844388,0.7818314824680298,0.6234898018587336,2,0,0,75.0,99.0,83.0,34.0,60.0,51.0,80.33333333333333,16.653327995728986,99.0,67.0,71.83333333333333,18.181492421324105,99.0,47.0,61.333333333333336,26.90161648854878,99.0,29.0,48.166666666666664,24.321517877880595,99.0,25.0,30.2,30.7,31.5,65.0,63.0,69.0,2.0,1.33,0.33,997.0,996.0,996.0,1915.8,144.46,71.997,125.0,0.7995131323015239,12.060610722252136,5.307284055072687,19.158,29.735,0.030992947850603962,954.81,3844,5.4289000000000005,994009,454.3,75.71666666666667,-8.0,-16.0,0.6999999999999993
175,150.2,12.0,79.0,92.5,59.3,100,0.5,997,60,31.5,2.0,2.66,2023,7,18,9,1,199,29,0.7071067811865476,-0.7071067811865475,-0.4999999999999997,-0.8660254037844388,0.7818314824680298,0.6234898018587336,2,0,0,67.0,75.0,99.0,47.0,83.0,53.0,72.0,4.35889894354066,75.0,67.0,76.33333333333333,13.559744343706008,99.0,60.0,60.583333333333336,26.36270897010423,99.0,29.0,49.041666666666664,24.874431025464432,99.0,25.0,30.9,30.5,31.2,62.0,64.0,66.0,2.33,1.66,0.66,997.0,997.0,996.0,1890.0,159.60000000000002,83.79,50.0,0.7999913514448492,12.515623698025165,6.582784767936006,18.9,30.17,0.031594752663237045,992.25,3600,7.0756000000000006,994009,467.0,77.83333333333333,7.0,-25.0,0.6000000000000014
161,143.6,11.0,89.0,80.0,54.0,100,0.5,997,58,32.2,2.8,3.0,2023,7,18,10,1,199,29,0.49999999999999994,-0.8660254037844387,-0.4999999999999997,-0.8660254037844388,0.7818314824680298,0.6234898018587336,2,0,0,74.0,67.0,75.0,60.0,99.0,30.0,68.33333333333333,5.131601439446975,74.0,64.0,77.0,12.664912159190076,99.0,64.0,57.666666666666664,23.507574536860464,99.0,29.0,50.458333333333336,24.710461024796345,99.0,25.0,31.5,30.2,31.0,60.0,65.0,62.0,2.66,2.0,1.0,997.0,997.0,996.0,1867.6000000000001,174.0,96.60000000000001,50.0,0.7999900001249984,13.05335878556495,8.090173620579948,18.676000000000002,30.700000000000003,0.032296858277975654,1036.8400000000001,3364,9.0,994009,441.6,73.60000000000001,-10.0,-11.0,0.7000000000000028
199,138.3,10.0,99.0,115.0,53.0,100,1.0,997,58,31.5,3.5,3.0,2023,7,18,11,1,199,29,0.258819045102521,-0.9659258262890682,-0.4999999999999997,-0.8660254037844388,0.7818314824680298,0.6234898018587336,2,0,0,64.0,74.0,67.0,83.0,29.0,28.0,76.66666666666667,14.189197769195127,92.0,64.0,78.5,13.982131454109597,99.0,64.0,62.916666666666664,23.558277191730593,99.0,29.0,53.125,25.618119436802342,99.0,25.0,32.2,30.9,30.7,58.0,62.0,63.0,3.0,2.33,1.33,997.0,997.0,996.0,1827.0,174.0,94.5,100.0,0.7999930435387518,13.828617138286173,9.899010098990102,18.27,30.0,0.031594752663237045,992.25,3364,9.0,994009,507.3,84.55,28.0,25.0,-0.7000000000000028
129,133.1,9.0,109.0,57.5,52.0,100,1.75,997,59,30.7,3.7,3.0,2023,7,18,12,1,199,29,1.2246467991473532e-16,-1.0,-0.4999999999999997,-0.8660254037844388,0.7818314824680298,0.6234898018587336,2,1,0,92.0,64.0,74.0,99.0,31.0,27.0,67.33333333333333,23.180451534284973,92.0,46.0,69.66666666666667,15.134948518797993,92.0,46.0,64.16666666666667,22.061209615453077,99.0,29.0,53.916666666666664,25.06325331369964,99.0,25.0,31.5,31.5,30.5,58.0,60.0,64.0,3.0,2.66,1.66,997.0,997.0,997.0,1811.3,177.0,92.1,175.0,0.7999860871984835,14.787245861570938,12.109765581602044,18.113,29.2,0.030792346246392932,942.49,3481,9.0,994009,406.6,67.76666666666667,-46.0,-28.0,-0.8000000000000007
61,127.8,8.0,119.0,21.3,51.0,100,2.0,997,60,30.0,3.5,3.0,2023,7,18,13,1,199,29,-0.2588190451025208,-0.9659258262890683,-0.4999999999999997,-0.8660254037844388,0.7818314824680298,0.6234898018587336,2,1,0,46.0,92.0,64.0,75.0,29.0,27.0,51.666666666666664,37.819747927945514,92.0,17.0,60.0,25.806975801127813,92.0,17.0,63.166666666666664,23.988002051530515,99.0,17.0,53.5,25.60740382066858,99.0,17.0,30.7,32.2,30.2,59.0,58.0,65.0,3.0,3.0,2.0,997.0,997.0,997.0,1800.0,180.0,90.0,200.0,0.7980845969672785,15.973003374578179,14.873140857392826,18.0,28.5,0.030090240631654334,900.0,3600,9.0,994009,344.1,57.35,-29.0,-47.0,-0.6999999999999993
78,125.1,9.0,113.0,31.3,51.0,100,1.0,997,66,29.2,2.9,2.66,2023,7,18,14,1,199,29,-0.4999999999999997,-0.8660254037844388,-0.4999999999999997,-0.8660254037844388,0.7818314824680298,0.6234898018587336,2,1,0,17.0,46.0,92.0,67.0,34.0,25.0,29.333333333333332,14.97776129244104,46.0,17.0,53.0,29.02412789387469,92.0,17.0,62.416666666666664,25.097838854202266,99.0,17.0,53.5,25.60740382066858,99.0,17.0,30.0,31.5,30.9,60.0,58.0,62.0,3.0,3.0,2.33,997.0,997.0,997.0,1927.2,175.56,77.672,100.0,0.7986965272674994,13.898455727141428,12.554160648816799,19.272000000000002,27.869999999999997,0.029287834214810217,852.64,4356,7.0756000000000006,994009,354.4,59.06666666666666,8.0,-67.0,-0.8000000000000007
95,122.4,10.0,107.0,41.3,51.0,100,1.5,997,71,28.3,2.0,2.33,2023,7,18,15,1,199,29,-0.7071067811865471,-0.7071067811865479,-0.4999999999999997,-0.8660254037844388,0.7818314824680298,0.6234898018587336,2,1,0,25.0,17.0,46.0,74.0,47.0,29.0,25.0,8.000000000000806,33.0,17.0,46.166666666666664,27.895638846720466,92.0,17.0,61.25,26.181620895721153,99.0,17.0,53.666666666666664,25.453566704315207,99.0,17.0,29.2,30.7,31.5,66.0,59.0,60.0,2.66,3.0,2.66,997.0,997.0,997.0,2009.3,165.43,65.93900000000001,150.0,0.7990121304568898,12.238776122387762,10.698930106989302,20.093,27.135,0.02838512699586059,800.89,5041,5.4289000000000005,994009,364.7,60.78333333333333,8.0,-13.0,-0.8999999999999986
74,119.6,11.0,101.0,28.8,51.0,100,1.75,997,78,27.5,1.3,2.0,2023,7,18,16,1,199,29,-0.8660254037844385,-0.5000000000000004,-0.4999999999999997,-0.8660254037844388,0.7818314824680298,0.6234898018587336,2,1,0,33.0,25.0,17.0,64.0,60.0,31.0,27.0,5.291502622130349,33.0,23.0,39.333333333333336,27.674296136788346,92.0,17.0,58.166666666666664,28.424807773662902,99.0,17.0,53.333333333333336,25.81315247271668,99.0,17.0,28.3,30.0,32.2,71.0,60.0,58.0,2.33,3.0,3.0,997.0,997.0,997.0,2145.0,156.0,55.0,175.0,0.7985833825214401,10.87173893282429,9.180983546950278,21.45,26.5,0.02758272057901647,756.25,6084,4.0,994009,334.4,55.73333333333333,-10.0,6.0,-0.8000000000000007
80,128.6,13.0,94.0,32.5,54.3,100,1.5,997,80,27.0,0.8,2.0,2023,7,18,17,1,199,29,-0.9659258262890683,-0.25881904510252063,-0.4999999999999997,-0.8660254037844388,0.7818314824680298,0.6234898018587336,2,1,0,23.0,33.0,25.0,92.0,83.0,29.0,27.333333333333332,5.1316014394480804,33.0,23.0,28.333333333333332,10.073066398404016,46.0,17.0,53.416666666666664,28.659310190687613,99.0,17.0,53.208333333333336,25.943046595700277,99.0,17.0,27.5,29.2,31.5,78.0,66.0,58.0,2.0,2.66,3.0,997.0,997.0,997.0,2160.0,160.0,54.0,150.0,0.7999753853727578,9.891546804091993,7.2302130605338055,21.6,26.0,0.0270812165684889,729.0,6400,4.0,994009,348.40000000000003,58.06666666666667,3.0,1.0,-0.5
74,137.5,15.0,87.0,28.8,57.7,100,1.25,997,81,26.5,0.6,2.0,2023,7,18,18,1,199,29,-1.0,-1.8369701987210297e-16,-0.4999999999999997,-0.8660254037844388,0.7818314824680298,0.6234898018587336,2,2,0,26.0,23.0,33.0,46.0,99.0,34.0,24.0,1.732050807572683,26.0,23.0,24.5,5.205766033927049,33.0,17.0,47.083333333333336,25.93859298536828,92.0,17.0,52.75,26.390462704150135,99.0,17.0,27.0,28.3,30.7,80.0,71.0,59.0,2.0,2.33,3.0,997.0,997.0,997.0,2146.5,162.0,53.0,125.0,0.7985833825214401,9.16605559629358,5.799613359109393,21.465,25.5,0.02657971255796133,702.25,6561,4.0,994009,349.0,58.166666666666664,-3.0,-10.0,-0.5
95,146.5,17.0,80.0,41.3,61.0,100,1.0,997,83,26.0,0.0,2.0,2023,7,18,19,1,199,29,-0.9659258262890684,0.2588190451025203,-0.4999999999999997,-0.8660254037844388,0.7818314824680298,0.6234898018587336,2,2,0,23.0,26.0,23.0,17.0,75.0,47.0,27.333333333333332,5.1316014394480804,33.0,23.0,27.166666666666668,4.6654760385898255,33.0,23.0,43.583333333333336,24.62983531976571,92.0,17.0,52.166666666666664,26.676266388042496,99.0,17.0,26.5,27.5,30.0,81.0,78.0,60.0,2.0,2.0,3.0,997.0,997.0,997.0,2158.0,166.0,52.0,100.0,0.7990121304568898,8.617140168225397,4.705605552614552,21.58,25.0,0.026078208547433753,676.0,6889,4.0,994009,378.8,63.13333333333333,10.0,10.0,-0.5
76,152.9,17.0,73.7,30.0,63.7,100,1.75,998,86,25.7,0.0,2.33,2023,7,18,20,1,199,29,-0.8660254037844386,0.5000000000000001,-0.4999999999999997,-0.8660254037844388,0.7818314824680298,0.6234898018587336,2,2,0,33.0,23.0,26.0,25.0,67.0,60.0,26.666666666666668,5.507570547287234,33.0,23.0,27.0,4.774934554524188,33.0,23.0,40.0,24.034066731128846,92.0,17.0,50.666666666666664,27.22317852998379,99.0,17.0,26.0,27.0,29.2,83.0,80.0,66.0,2.0,2.0,2.66,997.0,997.0,997.0,2210.2,200.38,59.881,175.0,0.7999733342221925,8.993588612434563,4.335039115346156,22.101999999999997,24.535,0.025751477202928655,660.49,7396,5.4289000000000005,996004,361.3,60.21666666666667,-9.0,-2.0,-0.3000000000000007
61,159.3,17.0,67.3,21.3,66.3,100,2.25,999,90,25.3,0.0,2.66,2023,7,18,21,1,199,29,-0.7071067811865477,0.7071067811865474,-0.4999999999999997,-0.8660254037844388,0.7818314824680298,0.6234898018587336,2,2,0,24.0,33.0,23.0,33.0,74.0,83.0,24.666666666666668,8.020806277011454,33.0,17.0,24.333333333333332,5.202563470699343,33.0,17.0,35.25,22.271567687810357,92.0,17.0,47.916666666666664,27.148411222096684,99.0,17.0,25.7,26.5,28.3,86.0,81.0,71.0,2.33,2.0,2.33,998.0,997.0,997.0,2277.0,239.4,67.298,225.0,0.7980845969672785,9.370037056643726,3.9585906711369914,22.77,23.97,0.0253252999746747,640.09,8100,7.0756000000000006,998001,348.20000000000005,58.03333333333334,-7.0,-6.0,-0.3999999999999986
65,165.7,17.0,61.0,23.8,69.0,100,1.5,1000,93,25.0,0.0,3.0,2023,7,18,22,1,199,29,-0.5000000000000004,0.8660254037844384,-0.4999999999999997,-0.8660254037844388,0.7818314824680298,0.6234898018587336,2,3,0,17.0,24.0,33.0,23.0,64.0,99.0,20.0,3.605551275465967,24.0,17.0,23.666666666666668,5.64505683467005,33.0,17.0,31.5,20.725478391232514,92.0,17.0,44.583333333333336,25.46253286124833,99.0,17.0,25.3,26.0,27.5,90.0,83.0,78.0,2.66,2.0,2.0,999.0,997.0,997.0,2325.0,279.0,75.0,150.0,0.7982857863114995,9.74648550085289,3.588024233868596,23.25,23.5,0.024999975000025,625.0,8649,9.0,1000000,355.5,59.25,2.0,-14.0,-0.3000000000000007
67,158.5,17.3,56.3,25.0,76.3,100,1.5,1000,94,25.0,0.0,2.33,2023,7,18,23,1,199,29,-0.25881904510252157,0.9659258262890681,-0.4999999999999997,-0.8660254037844388,0.7818314824680298,0.6234898018587336,2,3,0,19.0,17.0,24.0,26.0,92.0,29.0,18.666666666666668,1.5275252316567314,20.0,17.0,22.666666666666668,5.680375574436502,33.0,17.0,25.5,8.339391737138035,46.0,17.0,44.208333333333336,25.766474960383384,99.0,17.0,25.0,25.7,27.0,93.0,86.0,80.0,3.0,2.33,2.0,1000.0,998.0,997.0,2350.0,219.02,58.25,150.0,0.7999680012799487,9.16132015490434,3.2541471591237494,23.5,23.835,0.024999975000025,625.0,8836,5.4289000000000005,1000000,353.40000000000003,58.900000000000006,1.0,-4.0,0.0
74,151.3,17.7,51.7,28.8,83.7,100,2.0,1000,94,25.0,0.0,1.66,2023,7,19,0,2,200,29,0.0,1.0,-0.4999999999999997,-0.8660254037844388,0.9749279121818236,-0.22252093395631434,2,3,0,20.0,19.0,17.0,23.0,46.0,31.0,20.666666666666668,2.0816659994695144,23.0,19.0,22.666666666666668,5.680375574436502,33.0,17.0,23.583333333333332,5.282188481255367,33.0,17.0,43.875,25.995505464365024,99.0,17.0,25.0,25.3,26.5,94.0,90.0,81.0,2.33,2.66,2.0,1000.0,999.0,997.0,2350.0,156.04,41.5,200.0,0.7985833825214401,8.547539687023333,2.9207389413027514,23.5,24.17,0.024999975000025,625.0,8836,2.7556,1000000,356.2,59.36666666666667,3.0,6.0,0.0
74,144.1,18.0,47.0,28.8,91.0,100,3.0,1001,94,25.0,0.0,1.0,2023,7,19,1,2,200,29,0.25881904510252074,0.9659258262890683,-0.4999999999999997,-0.8660254037844388,0.9749279121818236,-0.22252093395631434,2,3,0,23.0,20.0,19.0,33.0,17.0,29.0,22.0,1.7320508075728378,23.0,20.0,21.0,2.75680975041583,24.0,17.0,24.083333333333332,4.8702871547464905,33.0,17.0,43.625,26.173023782380387,99.0,17.0,25.0,25.0,26.0,94.0,93.0,83.0,1.66,3.0,2.0,1000.0,1000.0,997.0,2350.0,94.0,25.0,300.0,0.7985833825214401,8.005110827176267,2.610966057441253,23.5,24.5,0.024975000024975002,625.0,8836,1.0,1002001,351.9,58.65,0.0,4.0,0.0
93,140.8,17.7,46.0,40.0,85.3,100,2.5,1001,94,24.9,0.0,1.0,2023,7,19,2,2,200,29,0.49999999999999994,0.8660254037844387,-0.4999999999999997,-0.8660254037844388,0.9749279121818236,-0.22252093395631434,2,3,0,23.0,23.0,20.0,24.0,25.0,34.0,26.0,5.196152422707849,32.0,23.0,22.333333333333332,5.278888771953313,32.0,17.0,24.666666666666668,5.382350506023239,33.0,17.0,43.541666666666664,26.20816196575399,99.0,17.0,25.0,25.0,25.7,94.0,94.0,86.0,1.0,2.33,2.33,1001.0,1000.0,998.0,2340.6,94.0,24.9,250.0,0.7999800004999875,7.954352861420259,2.5987232359753687,23.406,24.4,0.0248751000248751,620.0099999999999,8836,1.0,1002001,361.8,60.300000000000004,9.0,12.0,-0.10000000000000142
89,137.5,17.3,45.0,37.5,79.7,100,1.0,1000,94,24.8,0.0,1.0,2023,7,19,3,2,200,29,0.7071067811865476,0.7071067811865476,-0.4999999999999997,-0.8660254037844388,0.9749279121818236,-0.22252093395631434,2,3,0,32.0,23.0,23.0,17.0,33.0,47.0,28.333333333333332,4.725815626253881,32.0,23.0,24.5,5.319774431307081,32.0,19.0,24.416666666666668,5.017393987343837,33.0,17.0,42.833333333333336,26.340028501299706,99.0,17.0,24.9,25.0,25.3,94.0,94.0,90.0,1.0,1.66,2.66,1001.0,1000.0,999.0,2331.2000000000003,94.0,24.8,100.0,0.7999786672355405,7.947517484538465,2.6010057222125886,23.312,24.3,0.0247999752000248,615.0400000000001,8836,1.0,1000000,347.0,57.833333333333336,-2.0,7.0,-0.09999999999999787
91,134.2,17.0,44.0,38.8,74.0,100,1.0,1000,94,24.7,0.0,1.0,2023,7,19,4,2,200,29,0.8660254037844386,0.5000000000000001,-0.4999999999999997,-0.8660254037844388,0.9749279121818236,-0.22252093395631434,2,3,0,30.0,32.0,23.0,19.0,23.0,60.0,31.0,1.0000000000056488,32.0,30.0,26.5,5.089204259998711,32.0,20.0,25.083333333333332,5.33357007050262,33.0,17.0,41.625,26.182989001324568,99.0,17.0,24.8,25.0,25.0,94.0,94.0,93.0,1.0,1.0,3.0,1000.0,1001.0,1000.0,2321.7999999999997,94.0,24.7,100.0,0.7989484807092602,7.89365331451091,2.5880830539380035,23.217999999999996,24.2,0.0246999753000247,610.0899999999999,8836,1.0,1000000,339.0,56.5,1.0,8.0,-0.10000000000000142
82,150.6,17.3,44.0,33.8,71.3,100,1.0,1001,94,24.8,0.0,1.0,2023,7,19,5,2,200,29,0.9659258262890683,0.25881904510252074,-0.4999999999999997,-0.8660254037844388,0.9749279121818236,-0.22252093395631434,2,3,0,31.0,30.0,32.0,20.0,26.0,83.0,29.333333333333332,2.081665999468955,31.0,27.0,27.666666666666668,3.983298465675896,32.0,23.0,25.166666666666668,5.3569552636699616,33.0,17.0,39.291666666666664,24.79389680628247,99.0,17.0,24.7,24.9,25.0,94.0,94.0,94.0,1.0,1.0,2.33,1000.0,1001.0,1000.0,2331.2000000000003,94.0,24.8,100.0,0.7987929351202628,8.70469915033813,2.5432055950523087,23.312,24.3,0.0247752000247752,615.0400000000001,8836,1.0,1002001,344.0,57.333333333333336,-4.0,-5.0,0.10000000000000142
76,166.9,17.7,44.0,30.0,68.7,100,0.75,1001,94,24.9,0.6,1.0,2023,7,19,6,2,200,29,1.0,6.123233995736766e-17,-0.4999999999999997,-0.8660254037844388,0.9749279121818236,-0.22252093395631434,2,0,0,27.0,31.0,30.0,23.0,23.0,99.0,27.333333333333332,3.5118845842859963,31.0,24.0,27.833333333333332,3.763863263543986,32.0,23.0,25.25,5.327885475153839,33.0,17.0,36.166666666666664,21.44085224349861,92.0,17.0,24.8,24.8,25.0,94.0,94.0,94.0,1.0,1.0,1.66,1001.0,1000.0,1000.0,2340.6,94.0,24.9,75.0,0.7999733342221925,9.428845827919327,2.485735269193831,23.406,24.4,0.0248751000248751,620.0099999999999,8836,1.0,1002001,351.3,58.550000000000004,-3.0,-6.0,0.09999999999999787
65,183.3,18.0,44.0,23.8,66.0,100,1.0,1002,94,25.0,0.8,1.0,2023,7,19,7,2,200,29,0.9659258262890683,-0.25881904510252063,-0.4999999999999997,-0.8660254037844388,0.9749279121818236,-0.22252093395631434,2,0,0,24.0,27.0,31.0,23.0,33.0,75.0,23.333333333333332,4.041451884329036,27.0,19.0,27.166666666666668,4.956477243633409,32.0,19.0,24.083333333333332,4.999242366840792,32.0,17.0,33.833333333333336,20.031858683578093,92.0,17.0,24.9,24.7,25.0,94.0,94.0,94.0,1.0,1.0,1.0,1001.0,1000.0,1001.0,2350.0,94.0,25.0,100.0,0.7982857863114995,10.182767624020888,2.444308649519471,23.5,24.5,0.024950074900124852,625.0,8836,1.0,1004004,354.1,59.01666666666667,-5.0,-12.0,0.10000000000000142
67,162.6,16.3,62.7,25.0,78.3,100,1.0,1003,93,25.3,1.2,1.0,2023,7,19,8,2,200,29,0.8660254037844387,-0.4999999999999998,-0.4999999999999997,-0.8660254037844388,0.9749279121818236,-0.22252093395631434,2,0,0,19.0,24.0,27.0,32.0,24.0,67.0,21.0,2.6457513110672393,24.0,19.0,25.166666666666668,5.036533199201153,31.0,19.0,23.75,5.1367658732275645,32.0,17.0,31.875,18.91471132076374,92.0,17.0,25.0,24.8,24.9,94.0,94.0,94.0,1.0,1.0,1.0,1002.0,1001.0,1001.0,2352.9,93.0,25.3,100.0,0.7999680012799487,9.974848168823996,3.8463897920372982,23.529,24.8,0.025224301870087867,640.09,8649,1.0,1006009,364.90000000000003,60.81666666666667,1.0,-7.0,0.3000000000000007
65,142.0,14.7,81.3,23.8,90.7,100,0.5,1003,92,25.7,2.0,1.0,2023,7,19,9,2,200,29,0.7071067811865476,-0.7071067811865475,-0.4999999999999997,-0.8660254037844388,0.9749279121818236,-0.22252093395631434,2,0,0,20.0,19.0,24.0,30.0,17.0,74.0,19.333333333333332,0.5773502692021504,20.0,19.0,23.333333333333332,4.926120853841793,31.0,19.0,23.916666666666668,4.925967063952338,32.0,19.0,29.583333333333332,16.802993177114192,92.0,17.0,25.3,24.9,24.8,93.0,94.0,94.0,1.0,1.0,1.0,1003.0,1001.0,1000.0,2364.4,92.0,25.7,50.0,0.7982857863114995,9.659206856676418,5.5302360383647375,23.644000000000002,25.2,0.025623105061709808,660.49,8464,1.0,1006009,371.5,61.916666666666664,-1.0,-5.0,0.3999999999999986
61,121.4,13.0,100.0,21.3,103.0,100,0.25,1004,90,26.0,2.8,1.0,2023,7,19,10,2,200,29,0.49999999999999994,-0.8660254037844387,-0.4999999999999997,-0.8660254037844388,0.9749279121818236,-0.22252093395631434,2,0,0,19.0,20.0,19.0,31.0,19.0,64.0,18.666666666666668,1.5275252316567394,20.0,17.0,21.0,3.7416573867723106,27.0,17.0,23.75,5.1367658732275645,32.0,17.0,27.625,15.287996143607478,92.0,17.0,25.7,25.0,24.7,92.0,94.0,94.0,1.0,1.0,1.0,1003.0,1002.0,1000.0,2340.0,90.0,26.0,25.0,0.7980845969672785,9.33774325051919,7.691716021844474,23.4,25.5,0.025896388549413795,676.0,8100,1.0,1008016,375.70000000000005,62.616666666666674,-2.0,-2.0,0.3000000000000007
67,111.9,11.0,102.3,25.0,88.3,100,0.0,1003,88,26.5,3.5,0.66,2023,7,19,11,2,200,29,0.258819045102521,-0.9659258262890682,-0.4999999999999997,-0.8660254037844388,0.9749279121818236,-0.22252093395631434,2,0,0,17.0,19.0,20.0,27.0,20.0,92.0,18.666666666666668,1.5275252316567394,20.0,17.0,19.833333333333332,2.3166067138498514,24.0,17.0,23.75,5.1367658732275645,32.0,17.0,24.625,6.832228613423776,46.0,17.0,26.0,25.3,24.8,90.0,93.0,94.0,1.0,1.0,1.0,1004.0,1003.0,1001.0,2332.0,58.080000000000005,17.490000000000002,0.0,0.7999680012799487,10.171802563403327,9.299154622307062,23.32,26.17,0.026420711444953695,702.25,7744,0.43560000000000004,1006009,358.5,59.75,3.0,0.0,0.5
67,102.3,9.0,104.7,25.0,73.7,100,0.25,1003,85,27.0,3.7,0.33,2023,7,19,12,2,200,29,1.2246467991473532e-16,-1.0,-0.4999999999999997,-0.8660254037844388,0.9749279121818236,-0.22252093395631434,2,1,0,20.0,17.0,19.0,24.0,23.0,46.0,19.0,1.7320508075730783,20.0,17.0,19.166666666666668,1.169045194444622,20.0,17.0,23.5,5.248376372312324,32.0,17.0,23.541666666666668,5.149750240179727,33.0,17.0,26.5,25.7,24.9,88.0,92.0,94.0,0.66,1.0,1.0,1003.0,1003.0,1001.0,2295.0,28.05,8.91,25.0,0.7999680012799487,11.365403844017331,11.632040884346186,22.95,26.835,0.026919215434481124,729.0,7225,0.10890000000000001,1006009,334.7,55.78333333333333,0.0,1.0,0.5
65,92.8,7.0,107.0,23.8,59.0,100,0.0,1003,82,27.5,3.5,1.2,2023,7,19,13,2,200,29,-0.2588190451025208,-0.9659258262890683,-0.4999999999999997,-0.8660254037844388,0.9749279121818236,-0.22252093395631434,2,1,0,20.0,20.0,17.0,19.0,23.0,17.0,19.666666666666668,0.5773502692020746,20.0,19.0,19.166666666666668,1.169045194444622,20.0,17.0,23.166666666666668,5.40762648880412,32.0,17.0,23.625,5.054593261923017,33.0,17.0,27.0,26.0,25.0,85.0,90.0,94.0,0.33,1.0,1.0,1003.0,1004.0,1002.0,2255.0,98.39999999999999,33.0,0.0,0.7982857863114995,13.255249250107127,15.283530924153691,22.55,26.9,0.02741771942400855,756.25,6724,1.44,1006009,308.6,51.43333333333334,-1.0,2.0,0.5
67,98.0,7.7,109.0,25.0,61.0,100,0.5,1003,80,27.9,2.9,0.8,2023,7,19,14,2,200,29,-0.4999999999999997,-0.8660254037844388,-0.4999999999999997,-0.8660254037844388,0.9749279121818236,-0.22252093395631434,2,1,0,19.0,20.0,20.0,20.0,32.0,25.0,19.666666666666668,0.5773502692020746,20.0,19.0,19.166666666666668,1.169045194444622,20.0,17.0,22.166666666666668,4.687184332804585,31.0,17.0,23.416666666666668,5.098308898368913,33.0,17.0,27.5,26.5,25.3,82.0,88.0,93.0,1.2,0.66,1.0,1003.0,1003.0,1003.0,2232.0,64.0,22.32,50.0,0.7999680012799487,12.72562004934424,14.154005973250227,22.32,27.5,0.02781652261563049,778.41,6400,0.6400000000000001,1006009,320.7,53.449999999999996,1.0,0.0,0.3999999999999986
145,103.3,8.3,111.0,65.0,63.0,100,0.0,1002,78,28.3,2.0,1.2,2023,7,19,15,2,200,29,-0.7071067811865471,-0.7071067811865479,-0.4999999999999997,-0.8660254037844388,0.9749279121818236,-0.22252093395631434,2,1,0,20.0,19.0,20.0,19.0,30.0,33.0,30.333333333333332,18.770544300401756,52.0,19.0,24.666666666666668,13.441230102436874,52.0,17.0,24.0,9.67658842962515,52.0,17.0,24.208333333333332,7.541071119090968,52.0,17.0,27.9,27.0,25.7,80.0,85.0,92.0,0.8,0.33,1.0,1003.0,1003.0,1003.0,2207.4,93.6,33.96,0.0,0.7999876924970385,12.444283821226358,13.371882905674015,22.074,27.7,0.02824348478694133,800.89,6084,1.44,1004004,402.6,67.10000000000001,32.0,32.0,0.40000000000000213
112,108.5,9.0,113.0,50.0,65.0,100,0.0,1002,76,28.7,1.3,1.6,2023,7,19,16,2,200,29,-0.8660254037844385,-0.5000000000000004,-0.4999999999999997,-0.8660254037844388,0.9749279121818236,-0.22252093395631434,2,1,0,52.0,20.0,19.0,17.0,31.0,23.0,37.333333333333336,16.165807537309824,52.0,20.0,28.5,14.081903280451451,52.0,19.0,24.75,10.575486234254232,52.0,17.0,24.916666666666668,8.19287424569649,52.0,17.0,28.3,27.5,26.0,78.0,82.0,90.0,1.2,1.2,1.0,1002.0,1003.0,1004.0,2181.2,121.60000000000001,45.92,0.0,0.7999840003199936,12.054216198200201,12.554160648816799,21.811999999999998,27.9,0.02864268598534333,823.6899999999999,5776,2.5600000000000005,1004004,385.5,64.25,-12.0,21.0,0.3999999999999986
89,119.6,11.0,103.3,37.5,68.0,91,0.0,1002,79,28.6,0.8,1.2,2023,7,19,17,2,200,29,-0.9659258262890683,-0.25881904510252063,-0.4999999999999997,-0.8660254037844388,0.9749279121818236,-0.22252093395631434,2,1,0,40.0,52.0,20.0,20.0,27.0,26.0,40.666666666666664,11.015141094572606,52.0,30.0,30.166666666666668,13.452385166454919,52.0,19.0,25.0,10.668560437949136,52.0,17.0,25.083333333333332,8.25631071766721,52.0,17.0,28.7,27.9,26.5,76.0,80.0,88.0,1.6,0.8,0.66,1002.0,1003.0,1003.0,2259.4,94.8,34.32,0.0,0.7999786672355405,10.87173893282429,9.39005544950459,22.594,28.0,0.02854288568574283,817.96,6241,1.44,1004004,369.4,61.56666666666666,-10.0,10.0,-0.09999999999999787
91,130.7,13.0,93.7,38.8,71.0,83,0.0,1002,81,28.6,0.6,1.2,2023,7,19,18,2,200,29,-1.0,-1.8369701987210297e-16,-0.4999999999999997,-0.8660254037844388,0.9749279121818236,-0.22252093395631434,2,2,0,30.0,40.0,52.0,20.0,24.0,23.0,33.666666666666664,5.507570547287066,40.0,30.0,32.0,12.505998560690387,52.0,19.0,25.583333333333332,10.799480907839019,52.0,17.0,25.416666666666668,8.329709356935233,52.0,17.0,28.6,28.3,27.0,79.0,78.0,85.0,1.2,1.2,0.33,1002.0,1002.0,1003.0,2316.6,97.2,34.32,0.0,0.7989484807092602,10.053072840550726,7.207137912468272,23.166,28.0,0.02854288568574283,817.96,6561,1.44,1004004,378.2,63.03333333333333,1.0,-21.0,0.0
112,141.8,15.0,84.0,50.0,74.0,75,0.5,1002,83,28.5,0.0,1.2,2023,7,19,19,2,200,29,-0.9659258262890684,0.2588190451025203,-0.4999999999999997,-0.8660254037844388,0.9749279121818236,-0.22252093395631434,2,2,0,31.0,30.0,40.0,19.0,19.0,33.0,33.666666666666664,5.507570547287066,40.0,30.0,35.5,10.986355173577394,52.0,20.0,27.333333333333332,11.324417170098235,52.0,17.0,25.708333333333332,8.720187306856811,52.0,17.0,28.6,28.7,27.5,81.0,76.0,82.0,1.2,1.6,1.2,1002.0,1002.0,1003.0,2365.5,99.6,34.199999999999996,37.5,0.7999840003199936,9.452703153123126,5.599626691553897,23.655,27.9,0.02844308538614233,812.25,6889,1.44,1004004,404.8,67.46666666666667,9.0,0.0,-0.10000000000000142
91,140.1,15.3,78.7,38.8,74.3,75,0.0,1003,85,28.2,0.0,1.2,2023,7,19,20,2,200,29,-0.8660254037844386,0.5000000000000001,-0.4999999999999997,-0.8660254037844388,0.9749279121818236,-0.22252093395631434,2,2,0,40.0,31.0,30.0,20.0,20.0,24.0,34.0,5.196152422707645,40.0,31.0,37.333333333333336,8.524474568362429,52.0,30.0,28.25,11.12021092017064,52.0,17.0,26.0,8.77744144160869,52.0,17.0,28.5,28.6,27.9,83.0,79.0,80.0,1.2,1.2,0.8,1002.0,1002.0,1003.0,2397.0,102.0,33.839999999999996,0.0,0.7989484807092602,9.156264296451212,5.143454676164957,23.97,27.599999999999998,0.02811562500934695,795.24,7225,1.44,1006009,378.20000000000005,63.03333333333334,-9.0,1.0,-0.3000000000000007
93,138.3,15.7,73.3,40.0,74.7,75,0.0,1004,87,27.8,0.0,1.2,2023,7,19,21,2,200,29,-0.7071067811865477,0.7071067811865474,-0.4999999999999997,-0.8660254037844388,0.9749279121818236,-0.22252093395631434,2,2,0,31.0,40.0,31.0,52.0,19.0,17.0,34.333333333333336,4.932882862317307,40.0,31.0,34.0,4.690415759822407,40.0,30.0,29.333333333333332,10.76470101204763,52.0,17.0,26.625,8.641721346241571,52.0,17.0,28.2,28.6,28.3,85.0,81.0,78.0,1.2,1.2,1.2,1003.0,1002.0,1002.0,2418.6,104.39999999999999,33.36,0.0,0.7999800004999875,8.808356155658876,4.6684924527100184,24.186,27.2,0.0276892154489886,772.84,7569,1.44,1008016,374.0,62.333333333333336,1.0,1.0,-0.3999999999999986
115,136.6,16.0,68.0,51.3,75.0,75,0.5,1005,89,27.5,0.0,1.6,2023,7,19,22,2,200,29,-0.5000000000000004,0.8660254037844384,-0.4999999999999997,-0.8660254037844388,0.9749279121818236,-0.22252093395631434,2,3,0,32.0,31.0,40.0,40.0,17.0,19.0,34.666666666666664,5.507570547287042,41.0,31.0,34.166666666666664,4.956477243633539,41.0,30.0,31.333333333333332,10.490977364411636,52.0,19.0,27.541666666666668,8.958741985960701,52.0,17.0,27.8,28.5,28.7,87.0,83.0,76.0,1.2,1.2,1.6,1004.0,1002.0,1002.0,2447.5,142.4,44.0,37.5,0.7992046938656168,8.536966439597524,4.249734391600525,24.475,26.7,0.027363156852580246,756.25,7921,2.5600000000000005,1010025,387.9,64.64999999999999,9.0,1.0,-0.3000000000000007
107,123.9,15.3,67.0,47.5,70.3,79,0.0,1004,90,27.4,0.0,1.2,2023,7,19,23,2,200,29,-0.25881904510252157,0.9659258262890681,-0.4999999999999997,-0.8660254037844388,0.9749279121818236,-0.22252093395631434,2,3,0,41.0,32.0,31.0,30.0,20.0,20.0,37.0,4.5825756949569,41.0,32.0,35.5,4.679743582718048,41.0,31.0,32.833333333333336,9.998484733682806,52.0,19.0,28.291666666666668,9.052884078840751,52.0,17.0,27.5,28.2,28.6,89.0,85.0,79.0,1.6,1.2,1.2,1005.0,1003.0,1002.0,2466.0,108.0,32.879999999999995,0.0,0.7999831582493001,8.097509966668845,4.378798771322136,24.66,26.799999999999997,0.027290809471305306,750.7599999999999,8100,1.44,1008016,362.00000000000006,60.33333333333334,-3.0,7.0,-0.10000000000000142
112,111.3,14.7,66.0,50.0,65.7,83,0.5,1004,90,27.3,0.0,1.6,2023,7,20,0,3,201,29,0.0,1.0,-0.4999999999999997,-0.8660254037844388,0.43388373911755823,-0.900968867902419,2,3,0,38.0,41.0,32.0,31.0,20.0,23.0,39.666666666666664,1.5275252316548824,41.0,38.0,37.0,4.381780460040312,41.0,31.0,34.5,9.307865686415695,52.0,19.0,29.0,9.282990522642978,52.0,17.0,27.4,27.8,28.6,90.0,87.0,81.0,1.2,1.2,1.2,1004.0,1004.0,1002.0,2457.0,144.0,43.68000000000001,41.5,0.7999840003199936,7.570913543296375,4.489490510849603,24.57,26.5,0.027191207976884485,745.2900000000001,8100,2.5600000000000005,1008016,347.7,57.949999999999996,2.0,8.0,-0.09999999999999787
98,98.6,14.0,65.0,42.5,61.0,87,0.5,1003,90,27.2,0.0,2.0,2023,7,20,1,3,201,29,0.25881904510252074,0.9659258262890683,-0.4999999999999997,-0.8660254037844388,0.43388373911755823,-0.900968867902419,2,3,0,40.0,38.0,41.0,40.0,19.0,23.0,37.333333333333336,3.05505046330547,40.0,34.0,36.0,4.242640687118208,41.0,31.0,35.75,7.944409126148235,52.0,20.0,29.458333333333332,9.245347439407755,52.0,17.0,27.3,27.5,28.5,90.0,89.0,83.0,1.6,1.6,1.2,1004.0,1005.0,1002.0,2448.0,180.0,54.4,43.5,0.7999811769134845,7.042354117563031,4.642525533890437,24.48,26.2,0.027118617030292093,739.8399999999999,8100,4.0,1006009,315.1,52.51666666666667,-6.0,-7.0,-0.10000000000000142
85,100.4,14.0,61.7,35.0,58.7,79,0.5,1003,92,27.0,0.0,1.6,2023,7,20,2,3,201,29,0.49999999999999994,0.8660254037844387,-0.4999999999999997,-0.8660254037844388,0.43388373911755823,-0.900968867902419,2,3,0,34.0,40.0,38.0,31.0,20.0,32.0,34.0,6.000000000000881,40.0,28.0,35.5,5.049752469180124,41.0,28.0,36.416666666666664,6.74817596005541,52.0,28.0,29.291666666666668,9.23358315991228,52.0,17.0,27.2,27.4,28.2,90.0,90.0,85.0,2.0,1.2,1.2,1003.0,1004.0,1003.0,2484.0,147.20000000000002,43.2,39.5,0.7999771435101855,7.170916363116921,4.406828083708307,24.84,26.2,0.026919215434481124,729.0,8464,2.5600000000000005,1006009,297.8,49.63333333333333,-6.0,-10.0,-0.1999999999999993
100,102.1,14.0,58.3,43.8,56.3,70,1.0,1003,93,26.9,0.0,1.6,2023,7,20,3,3,201,29,0.7071067811865476,0.7071067811865476,-0.4999999999999997,-0.8660254037844388,0.43388373911755823,-0.900968867902419,2,3,0,28.0,34.0,40.0,32.0,52.0,30.0,32.333333333333336,3.785938897201639,35.0,28.0,36.0,4.774934554524372,41.0,28.0,35.0,4.631905164674308,41.0,28.0,29.5,9.306379298748528,52.0,17.0,27.0,27.3,27.8,92.0,90.0,87.0,1.6,1.6,1.2,1003.0,1004.0,1004.0,2501.7,148.8,43.04,70.0,0.7990685144174792,7.292336261695593,4.1639882865509605,25.017,26.099999999999998,0.026819514636575635,723.6099999999999,8649,2.5600000000000005,1006009,309.5,51.583333333333336,7.0,-5.0,-0.10000000000000142
150,103.9,14.0,55.0,67.5,54.0,62,1.0,1004,95,26.7,0.0,1.6,2023,7,20,4,3,201,29,0.8660254037844386,0.5000000000000001,-0.4999999999999997,-0.8660254037844388,0.43388373911755823,-0.900968867902419,2,3,0,35.0,28.0,34.0,41.0,40.0,31.0,39.0,13.453624047074051,54.0,28.0,38.166666666666664,8.773064838849535,54.0,28.0,36.166666666666664,7.107401178710999,54.0,28.0,30.458333333333332,10.56647350438367,54.0,17.0,26.9,27.2,27.5,93.0,90.0,89.0,1.6,2.0,1.6,1003.0,1003.0,1005.0,2536.5,152.0,42.72,62.0,0.7999881483237284,7.420898507249483,3.928290836368831,25.365,25.9,0.026593599010359553,712.89,9025,2.5600000000000005,1008016,348.4,58.06666666666666,19.0,20.0,-0.1999999999999993
131,101.7,13.7,57.0,58.8,55.0,75,0.5,1004,94,26.8,0.0,1.6,2023,7,20,5,3,201,29,0.9659258262890683,0.25881904510252074,-0.4999999999999997,-0.8660254037844388,0.43388373911755823,-0.900968867902419,2,3,0,54.0,35.0,28.0,38.0,30.0,27.0,45.333333333333336,9.609023536933433,54.0,35.0,39.666666666666664,9.479803092188064,54.0,28.0,37.583333333333336,7.452374037034753,54.0,28.0,31.291666666666668,11.05904770908806,54.0,17.0,26.7,27.0,27.4,95.0,92.0,90.0,1.6,1.6,1.2,1004.0,1003.0,1004.0,2519.2000000000003,150.4,42.88,37.5,0.7993061342494175,7.422815852857457,4.160280271513028,25.192000000000004,26.0,0.026693200504780374,718.24,8836,2.5600000000000005,1008016,333.2,55.53333333333333,-7.0,19.0,0.10000000000000142
110,99.6,13.3,59.0,48.8,56.0,87,0.5,1004,93,26.9,0.6,1.2,2023,7,20,6,3,201,29,1.0,6.123233995736766e-17,-0.4999999999999997,-0.8660254037844388,0.43388373911755823,-0.900968867902419,2,0,0,47.0,54.0,35.0,40.0,31.0,24.0,46.666666666666664,7.505553499465601,54.0,39.0,39.5,9.48156105290641,54.0,28.0,38.25,7.162084511191234,54.0,28.0,31.916666666666668,11.052903087726259,54.0,17.0,26.8,26.9,27.3,94.0,93.0,90.0,1.6,1.6,1.6,1004.0,1003.0,1004.0,2501.7,111.6,32.279999999999994,43.5,0.7991639515583698,7.488158785053755,4.435756710021803,25.017,26.299999999999997,0.026792801999201196,723.6099999999999,8649,1.44,1008016,315.7,52.61666666666667,-8.0,4.0,0.09999999999999787
118,97.5,13.0,61.0,52.5,57.0,100,0.5,1005,93,27.0,0.8,0.8,2023,7,20,7,3,201,29,0.9659258262890683,-0.25881904510252063,-0.4999999999999997,-0.8660254037844388,0.43388373911755823,-0.900968867902419,2,0,0,39.0,47.0,54.0,34.0,40.0,19.0,42.666666666666664,4.041451884328389,47.0,39.0,40.833333333333336,9.108603991098672,54.0,28.0,38.416666666666664,7.229464123649991,54.0,28.0,32.875,10.880027573494578,54.0,17.0,26.9,26.7,27.2,93.0,95.0,90.0,1.2,1.6,2.0,1004.0,1004.0,1003.0,2511.0,74.4,21.6,50.0,0.7999847621950058,7.499423121298362,4.691946773325129,25.11,26.6,0.02686564490980606,729.0,8649,0.6400000000000001,1010025,323.0,53.833333333333336,3.0,-12.0,0.10000000000000142
107,100.0,13.0,64.7,47.5,64.0,100,0.5,1005,92,27.2,1.2,0.8,2023,7,20,8,3,201,29,0.8660254037844387,-0.4999999999999998,-0.4999999999999997,-0.8660254037844388,0.43388373911755823,-0.900968867902419,2,0,0,42.0,39.0,47.0,28.0,31.0,20.0,39.666666666666664,2.081665999468298,42.0,38.0,42.5,6.94982014155707,54.0,35.0,39.0,6.849021164303823,54.0,28.0,33.625,10.5699018958058,54.0,17.0,27.0,26.8,27.0,93.0,94.0,92.0,0.8,1.6,1.6,1005.0,1004.0,1003.0,2502.4,73.60000000000001,21.76,50.0,0.7999831582493001,7.691716021844474,4.976540266133375,25.024,26.8,0.027064649686915736,739.8399999999999,8464,0.6400000000000001,1010025,327.2,54.53333333333333,-4.0,-9.0,0.1999999999999993
118,102.5,13.0,68.3,52.5,71.0,100,0.75,1006,91,27.5,1.9,1.2,2023,7,20,9,3,201,29,0.7071067811865476,-0.7071067811865475,-0.4999999999999997,-0.8660254037844388,0.43388373911755823,-0.900968867902419,2,0,0,38.0,42.0,39.0,35.0,32.0,19.0,40.666666666666664,2.3094010767603925,42.0,38.0,43.666666666666664,5.955389715766657,54.0,38.0,39.833333333333336,6.520364369814178,54.0,28.0,34.583333333333336,10.223232989305588,54.0,17.0,27.2,26.9,26.9,92.0,93.0,93.0,0.8,1.2,1.6,1005.0,1004.0,1003.0,2502.5,109.2,33.0,75.0,0.7999847621950058,7.884008922390586,5.253442042919775,25.025,26.9,0.02733595692250803,756.25,8281,1.44,1012036,349.3,58.21666666666667,4.0,3.0,0.3000000000000007
112,105.0,13.0,72.0,50.0,78.0,100,1.25,1007,91,27.7,2.8,1.2,2023,7,20,10,3,201,29,0.49999999999999994,-0.8660254037844387,-0.4999999999999997,-0.8660254037844388,0.43388373911755823,-0.900968867902419,2,0,0,42.0,38.0,42.0,54.0,41.0,17.0,40.0,2.0000000000022298,42.0,38.0,41.333333333333336,3.2041639575182073,47.0,38.0,39.75,6.510481060286895,54.0,28.0,35.541666666666664,9.55978518344562,54.0,19.0,27.5,27.0,26.7,91.0,93.0,95.0,1.2,0.8,1.6,1006.0,1005.0,1004.0,2520.7,109.2,33.239999999999995,125.0,0.7999840003199936,8.076301822936697,5.538035535728021,25.206999999999997,27.099999999999998,0.02750742054873828,767.29,8281,1.44,1014049,358.0,59.666666666666664,-2.0,-2.0,0.1999999999999993
98,101.5,11.0,89.0,42.5,88.7,100,2.0,1006,91,27.5,3.5,1.2,2023,7,20,11,3,201,29,0.258819045102521,-0.9659258262890682,-0.4999999999999997,-0.8660254037844388,0.43388373911755823,-0.900968867902419,2,0,0,40.0,42.0,38.0,47.0,38.0,20.0,38.666666666666664,4.1633319989333835,42.0,34.0,39.166666666666664,2.9944392908620237,42.0,34.0,39.416666666666664,6.707639245100694,54.0,28.0,36.125,8.979747745077296,54.0,19.0,27.7,27.2,26.8,91.0,92.0,94.0,1.2,0.8,1.6,1007.0,1005.0,1004.0,2502.5,109.2,33.0,200.0,0.7999811769134845,9.226433960549041,8.090173620579948,25.025,26.9,0.02733595692250803,756.25,8281,1.44,1012036,366.7,61.11666666666667,-6.0,-4.0,-0.1999999999999993
102,98.0,9.0,106.0,45.0,99.3,100,2.0,1006,92,27.4,3.7,0.8,2023,7,20,12,3,201,29,1.2246467991473532e-16,-1.0,-0.4999999999999997,-0.8660254037844388,0.43388373911755823,-0.900968867902419,2,1,0,34.0,40.0,42.0,39.0,40.0,20.0,36.666666666666664,3.0550504633055113,40.0,34.0,38.666666666666664,3.2659863237096,42.0,34.0,39.083333333333336,6.775065693519579,54.0,28.0,36.791666666666664,8.29865974860953,54.0,19.0,27.5,27.5,26.9,91.0,91.0,93.0,1.2,1.2,1.2,1006.0,1006.0,1004.0,2520.7999999999997,73.60000000000001,21.92,200.0,0.7999822226172753,10.88767914676147,11.77646928119098,25.208,27.0,0.02723655344278982,750.7599999999999,8464,0.6400000000000001,1012036,393.3,65.55,2.0,-6.0,-0.10000000000000142
110,94.5,7.0,123.0,48.8,110.0,100,1.0,1006,93,27.2,3.5,0.8,2023,7,20,13,3,201,29,-0.2588190451025208,-0.9659258262890683,-0.4999999999999997,-0.8660254037844388,0.43388373911755823,-0.900968867902419,2,1,0,36.0,34.0,40.0,42.0,34.0,19.0,36.333333333333336,2.5166114784255673,39.0,34.0,38.166666666666664,2.8577380332455307,42.0,34.0,39.5,6.585107164171826,54.0,28.0,37.625,7.3886664090586525,54.0,20.0,27.4,27.7,27.0,92.0,91.0,93.0,0.8,1.2,0.8,1006.0,1007.0,1005.0,2529.6,74.4,21.76,100.0,0.7991639515583698,13.498071704042278,17.5689187258963,25.296,26.8,0.027037746483353397,739.8399999999999,8649,0.6400000000000001,1012036,422.3,70.38333333333334,3.0,-1.0,-0.1999999999999993
93,96.1,7.3,124.3,40.0,106.7,100,1.5,1005,90,27.8,2.9,0.33,2023,7,20,14,3,201,29,-0.4999999999999997,-0.8660254037844388,-0.4999999999999997,-0.8660254037844388,0.43388373911755823,-0.900968867902419,2,1,0,39.0,36.0,34.0,38.0,28.0,20.0,35.666666666666664,3.511884584285696,39.0,32.0,37.166666666666664,3.8166302763901307,42.0,32.0,39.833333333333336,6.027713773340938,54.0,32.0,38.125,6.496236368584948,54.0,28.0,27.2,27.5,27.2,93.0,91.0,92.0,0.8,1.2,0.8,1006.0,1006.0,1005.0,2502.0,29.700000000000003,9.174000000000001,150.0,0.7999800004999875,13.162580468428981,17.02506505958088,25.02,27.635,0.02766166401824476,772.84,8100,0.10890000000000001,1010025,406.4,67.73333333333333,-7.0,-2.0,0.6000000000000014
153,97.7,7.7,125.7,68.8,103.3,100,1.75,1005,87,28.4,2.0,0.66,2023,7,20,15,3,201,29,-0.7071067811865471,-0.7071067811865479,-0.4999999999999997,-0.8660254037844388,0.43388373911755823,-0.900968867902419,2,1,0,32.0,39.0,36.0,42.0,35.0,52.0,42.0,11.789826122551952,55.0,32.0,39.333333333333336,8.238122763509796,55.0,32.0,41.5,7.2174032096661795,55.0,32.0,38.25,6.796738348201813,55.0,28.0,27.8,27.4,27.5,90.0,92.0,91.0,0.33,0.8,1.2,1005.0,1006.0,1006.0,2470.7999999999997,57.42,18.744,175.0,0.7994069853635848,12.68666406960135,16.322555512271133,24.708,28.07,0.028258678349573782,806.56,7569,0.43560000000000004,1010025,458.20000000000005,76.36666666666667,23.0,19.0,0.5999999999999979
153,99.2,8.0,127.0,68.8,100.0,100,0.5,1004,84,29.0,1.3,1.0,2023,7,20,16,3,201,29,-0.8660254037844385,-0.5000000000000004,-0.4999999999999997,-0.8660254037844388,0.43388373911755823,-0.900968867902419,2,1,0,55.0,32.0,39.0,40.0,54.0,40.0,47.333333333333336,13.279056191361652,55.0,32.0,41.833333333333336,10.457851914550083,55.0,32.0,41.583333333333336,7.378818990662412,55.0,32.0,38.875,7.606133108851664,55.0,28.0,28.4,27.2,27.7,87.0,93.0,91.0,0.66,0.8,1.2,1005.0,1006.0,1007.0,2436.0,84.0,29.0,50.0,0.7994069853635848,12.398450193725786,15.873015873015873,24.36,28.5,0.028884433382038464,841.0,7056,1.0,1008016,458.0,76.33333333333333,0.0,16.0,0.6000000000000014
112,132.9,12.0,118.7,50.0,112.0,87,0.5,1004,84,28.8,0.8,0.66,2023,7,20,17,3,201,29,-0.9659258262890683,-0.25881904510252063,-0.4999999999999997,-0.8660254037844388,0.43388373911755823,-0.900968867902419,2,1,0,55.0,55.0,32.0,34.0,47.0,30.0,50.0,8.66025403784474,55.0,40.0,42.833333333333336,9.826834010334103,55.0,32.0,41.0,7.185844671042804,55.0,32.0,39.291666666666664,7.369025460119436,55.0,28.0,29.0,27.8,27.5,84.0,90.0,91.0,1.0,0.33,1.2,1004.0,1005.0,1006.0,2419.2000000000003,55.440000000000005,19.008000000000003,43.5,0.7999840003199936,11.074077160236648,9.890842429797518,24.192000000000004,28.470000000000002,0.02868523039319682,829.44,7056,0.43560000000000004,1008016,465.6,77.60000000000001,-15.0,8.0,-0.1999999999999993
126,166.5,16.0,110.3,56.3,124.0,75,0.5,1004,84,28.6,0.6,0.33,2023,7,20,18,3,201,29,-1.0,-1.8369701987210297e-16,-0.4999999999999997,-0.8660254037844388,0.43388373911755823,-0.900968867902419,2,2,0,40.0,55.0,55.0,36.0,39.0,31.0,46.666666666666664,7.637626158260195,55.0,40.0,44.333333333333336,9.244818368505646,55.0,32.0,41.5,7.242551032235537,55.0,32.0,39.875,7.237057413065382,55.0,28.0,28.8,28.4,27.4,84.0,87.0,92.0,0.66,0.66,0.8,1004.0,1005.0,1006.0,2402.4,27.720000000000002,9.438,37.5,0.7992753237065062,10.405599650021873,6.893319167552027,24.024,28.435000000000002,0.02848602740435518,817.96,7056,0.10890000000000001,1008016,518.1,86.35000000000001,5.0,-10.0,-0.1999999999999993
126,200.2,20.0,102.0,56.3,136.0,62,0.0,1005,83,28.4,0.0,0.4,2023,7,20,19,3,201,29,-0.9659258262890684,0.2588190451025203,-0.4999999999999997,-0.8660254037844388,0.43388373911755823,-0.900968867902419,2,2,0,45.0,40.0,55.0,39.0,42.0,40.0,43.333333333333336,2.8867513459495178,45.0,40.0,45.333333333333336,8.869423130432981,55.0,32.0,41.75,7.312815649752376,55.0,32.0,40.083333333333336,7.3123877422329215,55.0,28.0,28.6,29.0,27.2,84.0,84.0,93.0,0.33,1.0,0.8,1004.0,1004.0,1006.0,2357.2,33.2,11.36,0.0,0.7992753237065062,10.009499525023747,5.099745012749362,23.572,28.2,0.028258678349573782,806.56,6889,0.16000000000000003,1010025,559.5,93.25,0.0,-10.0,-0.20000000000000284
123,236.9,22.7,86.0,55.0,139.7,58,0.0,1005,86,27.8,0.0,0.33,2023,7,20,20,3,201,29,-0.8660254037844386,0.5000000000000001,-0.4999999999999997,-0.8660254037844388,0.43388373911755823,-0.900968867902419,2,2,0,45.0,45.0,40.0,32.0,38.0,31.0,44.666666666666664,0.5773502691962438,45.0,44.0,47.333333333333336,6.218252702058676,55.0,40.0,42.25,7.237842471092758,55.0,32.0,40.625,7.088340089005051,55.0,28.0,28.4,28.8,27.8,83.0,84.0,90.0,0.4,0.66,0.33,1005.0,1004.0,1005.0,2390.8,28.380000000000003,9.174000000000001,0.0,0.7999854548099126,10.435663627152989,3.788379366547729,23.908,27.635,0.02766166401824476,772.84,7396,0.10890000000000001,1010025,584.3,97.38333333333333,-1.0,4.0,-0.5999999999999979
91,273.7,25.3,70.0,38.8,143.3,54,0.0,1006,88,27.2,0.0,0.66,2023,7,20,21,3,201,29,-0.7071067811865477,0.7071067811865474,-0.4999999999999997,-0.8660254037844388,0.43388373911755823,-0.900968867902419,2,2,0,44.0,45.0,45.0,55.0,42.0,32.0,40.0,7.810249675907228,45.0,31.0,43.333333333333336,7.8145164064489085,55.0,31.0,41.333333333333336,7.935344792111277,55.0,31.0,40.583333333333336,7.143964717442465,55.0,28.0,27.8,28.6,28.4,86.0,84.0,87.0,0.33,0.33,0.66,1005.0,1004.0,1005.0,2393.6,58.080000000000005,17.952,0.0,0.7989484807092602,10.817754238962886,2.7666890636733723,23.936,26.87,0.027037746483353397,739.8399999999999,7744,0.43560000000000004,1012036,582.1,97.01666666666667,-13.0,-14.0,-0.6000000000000014
76,310.5,28.0,54.0,30.0,147.0,50,0.0,1007,91,26.6,0.0,1.0,2023,7,20,22,3,201,29,-0.5000000000000004,0.8660254037844384,-0.4999999999999997,-0.8660254037844388,0.43388373911755823,-0.900968867902419,2,3,0,31.0,44.0,45.0,55.0,40.0,41.0,33.0,10.148891565092757,44.0,24.0,38.166666666666664,8.7502380919983,45.0,24.0,40.0,9.390517460811674,55.0,24.0,39.875,7.903287703338638,55.0,24.0,27.2,28.4,29.0,88.0,83.0,84.0,0.66,0.4,1.0,1006.0,1005.0,1004.0,2420.6,91.0,26.6,0.0,0.7999733342221925,11.088889682511338,1.9285025534802327,24.206,26.1,0.02641506810817467,707.5600000000001,8281,1.0,1014049,593.5,98.91666666666667,-7.0,-21.0,-0.5999999999999979
121,300.0,28.3,47.0,53.8,140.3,45,0.0,1007,92,26.5,0.0,1.0,2023,7,20,23,3,201,29,-0.25881904510252157,0.9659258262890681,-0.4999999999999997,-0.8660254037844388,0.43388373911755823,-0.900968867902419,2,3,0,24.0,31.0,44.0,40.0,34.0,38.0,32.666666666666664,9.609023536933623,43.0,24.0,38.666666666666664,8.959166627910108,45.0,24.0,40.75,9.225705196006809,55.0,24.0,40.083333333333336,7.917601012750397,55.0,24.0,26.6,27.8,28.8,91.0,86.0,84.0,1.0,0.33,0.66,1007.0,1005.0,1004.0,2438.0,92.0,26.5,0.0,0.7992416497834613,10.600332143740504,1.6607187025193455,24.38,26.0,0.026315763340850704,702.25,8464,1.0,1014049,612.4000000000001,102.06666666666668,19.0,-1.0,-0.10000000000000142
153,289.5,28.7,40.0,68.8,133.7,41,0.0,1007,93,26.3,0.0,1.0,2023,7,21,0,4,202,29,0.0,1.0,-0.4999999999999997,-0.8660254037844388,-0.433883739117558,-0.9009688679024191,2,3,0,43.0,24.0,31.0,45.0,36.0,40.0,40.666666666666664,15.63116545025809,55.0,24.0,40.333333333333336,11.057425860780551,55.0,24.0,42.333333333333336,9.939209163100918,55.0,24.0,40.708333333333336,8.48261222412839,55.0,24.0,26.5,27.2,28.6,92.0,88.0,84.0,1.0,0.66,0.33,1007.0,1006.0,1004.0,2445.9,93.0,26.3,0.0,0.7994069853635848,10.086756559004913,1.3936796627295216,24.459,25.8,0.026117153806202775,691.69,8649,1.0,1014049,615.7,102.61666666666667,12.0,24.0,-0.1999999999999993
104,279.0,29.0,33.0,46.3,127.0,37,0.0,1007,94,26.2,0.0,1.0,2023,7,21,1,4,202,29,0.25881904510252074,0.9659258262890683,-0.4999999999999997,-0.8660254037844388,-0.433883739117558,-0.9009688679024191,2,3,0,55.0,43.0,24.0,45.0,39.0,34.0,45.0,9.1651513899121,55.0,37.0,39.0,10.862780491199826,55.0,24.0,42.166666666666664,10.016652800877338,55.0,24.0,40.833333333333336,8.40117314099242,55.0,24.0,26.3,26.6,28.4,93.0,91.0,83.0,1.0,1.0,0.4,1007.0,1007.0,1005.0,2462.7999999999997,94.0,26.2,0.0,0.799118809528952,9.62035791869246,1.1378917968345919,24.627999999999997,25.7,0.02601784903887881,686.4399999999999,8836,1.0,1014049,551.3,91.88333333333333,-18.0,13.0,-0.10000000000000142
148,252.7,27.3,32.0,66.3,117.7,54,0.0,1007,94,26.3,0.0,0.66,2023,7,21,2,4,202,29,0.49999999999999994,0.8660254037844387,-0.4999999999999997,-0.8660254037844388,-0.433883739117558,-0.9009688679024191,2,3,0,37.0,55.0,43.0,44.0,32.0,28.0,48.333333333333336,9.865765724632839,55.0,37.0,40.5,12.227019260637153,55.0,24.0,43.916666666666664,9.91287806417197,55.0,24.0,41.875,8.289923165323172,55.0,24.0,26.2,26.5,27.8,94.0,92.0,86.0,1.0,1.0,0.33,1007.0,1007.0,1005.0,2472.2000000000003,62.040000000000006,17.358,0.0,0.7993846246662946,9.256071206182922,1.1721182374272003,24.722,25.970000000000002,0.026117153806202775,691.69,8836,0.43560000000000004,1014049,549.0,91.5,16.0,10.0,0.10000000000000142
129,226.4,25.7,31.0,57.5,108.3,70,0.25,1007,94,26.4,0.0,0.33,2023,7,21,3,4,202,29,0.7071067811865476,0.7071067811865476,-0.4999999999999997,-0.8660254037844388,-0.433883739117558,-0.9009688679024191,2,3,0,53.0,37.0,55.0,31.0,55.0,35.0,45.333333333333336,8.02080627701112,53.0,37.0,43.0,11.401754250991049,55.0,24.0,43.166666666666664,9.320879136582464,55.0,24.0,42.333333333333336,8.196853408296796,55.0,24.0,26.3,26.3,27.2,94.0,93.0,88.0,0.66,1.0,0.66,1007.0,1007.0,1006.0,2481.6,31.020000000000003,8.712,17.5,0.7999860871984835,8.808995758919886,1.2061787479086417,24.816,26.235,0.026216458573526738,696.9599999999999,8836,0.10890000000000001,1014049,494.90000000000003,82.48333333333333,-7.0,-9.0,0.09999999999999787
137,200.2,24.0,30.0,61.3,99.0,87,0.5,1007,94,26.5,0.0,0.4,2023,7,21,4,4,202,29,0.8660254037844386,0.5000000000000001,-0.4999999999999997,-0.8660254037844388,-0.433883739117558,-0.9009688679024191,2,3,0,46.0,53.0,37.0,24.0,55.0,54.0,49.333333333333336,3.5118845842851725,53.0,46.0,47.166666666666664,6.645800679125129,55.0,37.0,42.666666666666664,8.773237542075753,55.0,24.0,42.125,7.947176146006673,55.0,24.0,26.4,26.2,26.6,94.0,94.0,91.0,0.33,1.0,1.0,1007.0,1007.0,1007.0,2491.0,37.6,10.600000000000001,43.5,0.7993344317384709,8.341319111703678,1.249947918836715,24.91,26.3,0.026315763340850704,702.25,8836,0.16000000000000003,1014049,463.5,77.25,3.0,12.0,0.10000000000000142
139,161.1,20.0,37.3,62.5,82.3,87,1.5,1007,93,26.7,0.0,0.4,2023,7,21,5,4,202,29,0.9659258262890683,0.25881904510252074,-0.4999999999999997,-0.8660254037844388,-0.433883739117558,-0.9009688679024191,2,3,0,49.0,46.0,53.0,43.0,40.0,47.0,48.333333333333336,2.0816659994677638,50.0,46.0,48.333333333333336,6.377042156569164,55.0,37.0,43.5,8.969645781999187,55.0,24.0,42.25,8.050114770988815,55.0,24.0,26.5,26.3,26.5,94.0,94.0,92.0,0.4,0.66,1.0,1007.0,1007.0,1007.0,2483.1,37.2,10.68,130.5,0.7999872002047967,8.054597270136492,1.8649067546622666,24.831,26.5,0.026514372875498633,712.89,8649,0.16000000000000003,1014049,413.2,68.86666666666666,1.0,-3.0,0.1999999999999993
129,122.0,16.0,44.7,57.5,65.7,87,0.5,1007,92,26.8,0.6,0.8,2023,7,21,6,4,202,29,1.0,6.123233995736766e-17,-0.4999999999999997,-0.8660254037844388,-0.433883739117558,-0.9009688679024191,2,0,0,50.0,49.0,46.0,55.0,45.0,39.0,48.333333333333336,2.0816659994677638,50.0,46.0,46.833333333333336,5.492419017760749,53.0,37.0,43.583333333333336,8.989471956716724,55.0,24.0,42.541666666666664,8.054052000278732,55.0,24.0,26.7,26.4,26.3,93.0,94.0,93.0,0.4,0.33,1.0,1007.0,1007.0,1007.0,2465.6,73.60000000000001,21.44,43.5,0.7999860871984835,7.624523467283294,2.793575401537404,24.656,26.400000000000002,0.0266136776428226,718.24,8464,0.6400000000000001,1014049,351.9,58.65,-4.0,0.0,0.10000000000000142
112,82.9,12.0,52.0,50.0,49.0,87,0.5,1008,91,27.0,0.8,0.4,2023,7,21,7,4,202,29,0.9659258262890683,-0.25881904510252063,-0.4999999999999997,-0.8660254037844388,-0.433883739117558,-0.9009688679024191,2,0,0,46.0,50.0,49.0,37.0,45.0,42.0,45.333333333333336,5.033222956847926,50.0,40.0,47.333333333333336,4.457203906785067,53.0,40.0,43.166666666666664,9.033607286463752,55.0,24.0,42.458333333333336,8.070230677521629,55.0,24.0,26.8,26.5,26.2,92.0,94.0,94.0,0.8,0.4,1.0,1007.0,1007.0,1007.0,2457.0,36.4,10.8,43.5,0.7999840003199936,6.907757686859429,4.332972252312308,24.57,26.8,0.026785687712611396,729.0,8281,0.16000000000000003,1016064,285.9,47.65,-6.0,-9.0,0.1999999999999993
98,80.3,11.7,58.3,42.5,62.3,87,1.0,1008,88,28.0,1.2,0.33,2023,7,21,8,4,202,29,0.8660254037844387,-0.4999999999999998,-0.4999999999999997,-0.8660254037844388,-0.433883739117558,-0.9009688679024191,2,0,0,40.0,46.0,50.0,53.0,44.0,38.0,40.0,6.000000000000763,46.0,34.0,44.166666666666664,6.080021929784409,50.0,34.0,42.333333333333336,9.403416529338308,55.0,24.0,42.291666666666664,8.20646175234851,55.0,24.0,27.0,26.7,26.3,91.0,93.0,94.0,0.4,0.4,0.66,1008.0,1007.0,1007.0,2464.0,29.040000000000003,9.24,87.0,0.7999811769134845,6.86266131099906,4.982480129903427,24.64,27.835,0.027777750220485894,784.0,7744,0.10890000000000001,1016064,289.1,48.18333333333334,-6.0,-16.0,1.0
82,77.8,11.3,64.7,33.8,75.7,87,1.0,1009,84,29.0,2.0,0.66,2023,7,21,9,4,202,29,0.7071067811865476,-0.7071067811865475,-0.4999999999999997,-0.8660254037844388,-0.433883739117558,-0.9009688679024191,2,0,0,34.0,40.0,46.0,46.0,31.0,42.0,33.666666666666664,6.506407098648554,40.0,27.0,41.0,9.12140340079266,50.0,27.0,42.0,9.899494936611186,55.0,24.0,41.666666666666664,8.780743093575136,55.0,24.0,28.0,26.8,26.4,88.0,92.0,94.0,0.33,0.8,0.33,1008.0,1007.0,1007.0,2436.0,55.440000000000005,19.14,87.0,0.7987929351202628,6.884346518007256,5.725157065746394,24.36,28.67,0.028741299562636706,841.0,7056,0.43560000000000004,1018081,290.3,48.38333333333333,-7.0,-19.0,1.0
98,75.3,11.0,71.0,42.5,89.0,87,0.0,1009,81,30.0,2.9,1.0,2023,7,21,10,4,202,29,0.49999999999999994,-0.8660254037844387,-0.4999999999999997,-0.8660254037844388,-0.433883739117558,-0.9009688679024191,2,0,0,27.0,34.0,40.0,49.0,24.0,40.0,31.666666666666668,4.041451884328807,34.0,27.0,38.5,8.526429498916373,50.0,27.0,42.833333333333336,8.579397450057378,55.0,27.0,41.416666666666664,8.91465167534653,55.0,24.0,29.0,27.0,26.5,84.0,91.0,94.0,0.66,0.4,0.4,1009.0,1008.0,1007.0,2430.0,81.0,30.0,0.0,0.7999811769134845,6.844832287973821,6.453958731024453,24.3,29.5,0.029732378857900043,900.0,6561,1.0,1018081,322.8,53.800000000000004,7.0,-6.0,1.0
118,73.1,9.0,80.0,52.5,81.7,83,0.0,1009,78,30.4,3.5,1.0,2023,7,21,11,4,202,29,0.258819045102521,-0.9659258262890682,-0.4999999999999997,-0.8660254037844388,-0.433883739117558,-0.9009688679024191,2,0,0,34.0,27.0,34.0,50.0,43.0,34.0,34.333333333333336,7.505553499465853,42.0,27.0,37.166666666666664,6.823977334858144,46.0,27.0,42.75,8.582487454641653,55.0,27.0,41.75,8.77372559803248,55.0,24.0,30.0,28.0,26.7,81.0,88.0,93.0,1.0,0.33,0.4,1009.0,1008.0,1007.0,2371.2,78.0,30.4,0.0,0.7999847621950058,8.121319853349627,8.887901344295079,23.712,29.9,0.030128810576005374,924.16,6084,1.0,1018081,338.3,56.38333333333333,8.0,8.0,0.3999999999999986
118,71.0,7.0,89.0,52.5,74.3,79,0.0,1008,74,30.8,4.1,1.0,2023,7,21,12,4,202,29,1.2246467991473532e-16,-1.0,-0.4999999999999997,-0.8660254037844388,-0.433883739117558,-0.9009688679024191,2,1,0,42.0,34.0,27.0,46.0,55.0,36.0,39.333333333333336,4.618802153518018,42.0,34.0,36.5,5.924525297438677,42.0,27.0,41.666666666666664,7.667325399894631,53.0,27.0,42.0,8.687822562044557,55.0,24.0,30.4,29.0,26.8,78.0,84.0,92.0,1.0,0.66,0.8,1009.0,1009.0,1007.0,2279.2000000000003,74.0,30.8,0.0,0.7999847621950058,10.141408370232824,12.712469647193258,22.792,30.3,0.030555525242534482,948.6400000000001,5476,1.0,1016064,335.8,55.96666666666667,0.0,15.0,0.40000000000000213
131,68.9,5.0,98.0,58.8,67.0,75,0.0,1008,71,31.2,3.5,1.0,2023,7,21,13,4,202,29,-0.2588190451025208,-0.9659258262890683,-0.4999999999999997,-0.8660254037844388,-0.433883739117558,-0.9009688679024191,2,1,0,42.0,42.0,34.0,40.0,37.0,39.0,43.666666666666664,2.8867513459495338,47.0,42.0,37.666666666666664,7.284687135811515,47.0,27.0,42.5,7.657438451359183,53.0,27.0,42.333333333333336,8.721122118999258,55.0,24.0,30.8,30.0,27.0,74.0,81.0,91.0,1.0,1.0,0.4,1008.0,1009.0,1008.0,2215.2,71.0,31.2,0.0,0.7993061342494175,13.777244551089781,19.59608078384323,22.151999999999997,30.7,0.03095235024568428,973.4399999999999,5041,1.0,1016064,344.7,57.449999999999996,5.0,13.0,0.3999999999999986
159,69.6,5.0,99.0,77.5,65.0,62,0.5,1007,66,31.9,3.0,1.33,2023,7,21,14,4,202,29,-0.4999999999999997,-0.8660254037844388,-0.4999999999999997,-0.8660254037844388,-0.433883739117558,-0.9009688679024191,2,1,0,47.0,42.0,42.0,34.0,53.0,32.0,50.333333333333336,10.408329997330963,62.0,42.0,42.333333333333336,11.94431524477895,62.0,27.0,43.25,9.086703572702932,62.0,27.0,43.583333333333336,9.30598996750846,62.0,24.0,31.2,30.4,28.0,71.0,78.0,88.0,1.0,1.0,0.33,1008.0,1009.0,1008.0,2105.4,87.78,42.427,31.0,0.7999896775525477,13.91721655668866,19.79604079184163,21.054000000000002,31.235,0.03167822077634481,1017.6099999999999,4356,1.7689000000000001,1014049,378.1,63.01666666666667,15.0,20.0,0.6999999999999993
139,70.4,5.0,100.0,62.5,63.0,50,0.0,1007,62,32.5,2.5,1.66,2023,7,21,15,4,202,29,-0.7071067811865471,-0.7071067811865479,-0.4999999999999997,-0.8660254037844388,-0.433883739117558,-0.9009688679024191,2,1,0,62.0,47.0,42.0,27.0,46.0,55.0,53.0,7.937253933194116,62.0,47.0,46.166666666666664,9.47452725293773,62.0,34.0,43.583333333333336,9.268307027257219,62.0,27.0,43.375,9.092818475373445,62.0,24.0,31.9,30.8,29.0,66.0,74.0,84.0,1.33,1.0,0.66,1007.0,1008.0,1009.0,2015.0,102.92,53.949999999999996,0.0,0.7999872002047967,14.077184563087382,19.99600079984003,20.15,31.67,0.0322740493802886,1056.25,3844,2.7556,1014049,350.9,58.48333333333333,-12.0,8.0,0.6000000000000014
126,71.2,5.0,101.0,56.3,61.0,37,0.0,1006,58,33.2,1.5,2.0,2023,7,21,16,4,202,29,-0.8660254037844385,-0.5000000000000004,-0.4999999999999997,-0.8660254037844388,-0.433883739117558,-0.9009688679024191,2,1,0,50.0,62.0,47.0,34.0,49.0,55.0,52.333333333333336,8.73689494805443,62.0,45.0,48.0,7.509993342207001,62.0,42.0,43.25,9.12663434927931,62.0,27.0,42.958333333333336,8.759983952073501,62.0,24.0,32.5,31.2,30.0,62.0,71.0,81.0,1.66,1.0,1.0,1007.0,1008.0,1009.0,1925.6000000000001,116.0,66.4,0.0,0.7992753237065062,14.237152569486103,20.195960807838432,19.256,32.2,0.03300195526644606,1102.2400000000002,3364,4.0,1012036,339.5,56.583333333333336,-5.0,-2.0,0.7000000000000028
121,119.4,11.3,90.7,53.8,75.3,45,0.0,1006,61,32.6,1.1,2.0,2023,7,21,17,4,202,29,-0.9659258262890683,-0.25881904510252063,-0.4999999999999997,-0.8660254037844388,-0.433883739117558,-0.9009688679024191,2,1,0,45.0,50.0,62.0,42.0,50.0,40.0,46.0,3.605551275465023,50.0,43.0,48.166666666666664,7.359800721939432,62.0,42.0,42.666666666666664,8.876253645985411,62.0,27.0,43.083333333333336,8.737309637992151,62.0,24.0,33.2,31.9,30.4,58.0,66.0,78.0,2.0,1.33,1.0,1006.0,1007.0,1009.0,1988.6000000000001,122.0,65.2,0.0,0.7992416497834613,10.565436687018849,8.025838421378639,19.886000000000003,31.6,0.03240553438813679,1062.76,3721,4.0,1012036,393.50000000000006,65.58333333333334,-2.0,-19.0,-0.6000000000000014
98,167.7,17.7,80.3,42.5,89.7,54,0.0,1006,64,32.1,1.4,2.0,2023,7,21,18,4,202,29,-1.0,-1.8369701987210297e-16,-0.4999999999999997,-0.8660254037844388,-0.433883739117558,-0.9009688679024191,2,2,0,43.0,45.0,50.0,42.0,46.0,45.0,40.666666666666664,5.859465277083081,45.0,34.0,46.833333333333336,9.19601362910364,62.0,34.0,41.666666666666664,9.138662457665353,62.0,27.0,42.625,8.919019735569808,62.0,24.0,32.6,32.5,30.8,61.0,62.0,74.0,2.0,1.66,1.0,1006.0,1007.0,1008.0,2054.4,128.0,64.2,0.0,0.7999811769134845,9.474041014631942,4.536466866278741,20.544,31.1,0.031908516989545735,1030.41,4096,4.0,1012036,431.9,71.98333333333333,-9.0,-16.0,-0.5
85,215.9,24.0,70.0,35.0,104.0,62,0.0,1006,67,31.5,0.0,2.0,2023,7,21,19,4,202,29,-0.9659258262890684,0.2588190451025203,-0.4999999999999997,-0.8660254037844388,-0.433883739117558,-0.9009688679024191,2,2,0,34.0,43.0,45.0,47.0,40.0,45.0,35.0,7.549834435271451,43.0,28.0,43.666666666666664,11.977757163453395,62.0,28.0,40.666666666666664,9.957485382942115,62.0,27.0,41.916666666666664,9.385079122997992,62.0,24.0,32.1,33.2,31.2,64.0,58.0,71.0,2.0,2.0,1.0,1006.0,1006.0,1008.0,2110.5,134.0,63.0,0.0,0.7999771435101855,8.99545852256156,2.916545143952335,21.105,30.5,0.03131209611123647,992.25,4489,4.0,1012036,476.9,79.48333333333333,-6.0,-17.0,-0.6000000000000014
110,264.2,27.0,60.3,48.8,111.7,63,0.0,1007,72,30.7,0.0,1.33,2023,7,21,20,4,202,29,-0.8660254037844386,0.5000000000000001,-0.4999999999999997,-0.8660254037844388,-0.433883739117558,-0.9009688679024191,2,2,0,28.0,34.0,43.0,62.0,34.0,44.0,33.666666666666664,5.507570547287097,39.0,28.0,39.833333333333336,7.93515385274024,50.0,28.0,41.083333333333336,9.755728697756673,62.0,27.0,41.708333333333336,9.39231492818198,62.0,24.0,31.5,32.6,31.9,67.0,61.0,66.0,2.0,2.0,1.33,1006.0,1006.0,1007.0,2210.4,95.76,40.831,0.0,0.7991639515583698,9.78482278434132,2.2332506203473943,22.104,30.035,0.03048656356845723,942.49,5184,1.7689000000000001,1014049,551.0,91.83333333333333,11.0,-4.0,-0.8000000000000007
123,312.4,30.0,50.7,55.0,119.3,65,0.0,1008,78,29.8,0.0,0.66,2023,7,21,21,4,202,29,-0.7071067811865477,0.7071067811865474,-0.4999999999999997,-0.8660254037844388,-0.433883739117558,-0.9009688679024191,2,2,0,39.0,28.0,34.0,50.0,27.0,31.0,37.0,8.185352771873063,44.0,28.0,38.833333333333336,6.675827039899854,45.0,28.0,42.5,8.70214184711231,62.0,28.0,42.25,9.118781383115225,62.0,24.0,30.7,32.1,32.5,72.0,64.0,62.0,1.33,2.0,1.66,1007.0,1006.0,1007.0,2324.4,51.480000000000004,19.668000000000003,0.0,0.7999854548099126,10.412986233792205,1.6899436685443818,23.244,29.470000000000002,0.029563462734659988,888.0400000000001,6084,0.43560000000000004,1016064,611.4,101.89999999999999,5.0,10.0,-0.8999999999999986
82,360.7,33.0,41.0,33.8,127.0,66,0.0,1008,84,29.0,0.0,1.2,2023,7,21,22,4,202,29,-0.5000000000000004,0.8660254037844384,-0.4999999999999997,-0.8660254037844388,-0.433883739117558,-0.9009688679024191,2,3,0,44.0,39.0,28.0,45.0,34.0,24.0,36.666666666666664,8.736894948054687,44.0,27.0,35.833333333333336,7.359800721939238,44.0,27.0,41.916666666666664,9.51991532939125,62.0,27.0,42.375,8.87503827303474,62.0,27.0,29.8,31.5,33.2,78.0,67.0,58.0,0.66,2.0,2.0,1008.0,1006.0,1006.0,2436.0,100.8,34.8,0.0,0.7987929351202628,10.929971819035787,1.242386594345626,24.36,28.4,0.028769812728360388,841.0,7056,1.44,1016064,622.5,103.75,-17.0,-1.0,-0.8000000000000007
61,331.9,31.0,37.7,21.3,113.0,68,0.0,1008,86,28.7,0.0,0.66,2023,7,21,23,4,202,29,-0.25881904510252157,0.9659258262890681,-0.4999999999999997,-0.8660254037844388,-0.433883739117558,-0.9009688679024191,2,3,0,27.0,44.0,39.0,43.0,42.0,43.0,29.333333333333332,13.650396819629297,44.0,17.0,31.5,9.607288899579821,44.0,17.0,39.833333333333336,11.930353445448471,62.0,17.0,41.291666666666664,10.272289303569917,62.0,17.0,29.0,30.7,32.6,84.0,72.0,61.0,1.2,1.33,2.0,1008.0,1007.0,1006.0,2468.2,56.760000000000005,18.942,0.0,0.7980845969672785,10.706106254636946,1.216089803554724,24.682,28.37,0.02847219397599804,823.6899999999999,7396,0.43560000000000004,1016064,551.9,91.98333333333333,-10.0,-22.0,-0.3000000000000007
74,303.1,29.0,34.3,28.8,99.0,69,0.0,1009,88,28.3,0.0,1.33,2023,7,22,0,5,203,29,0.0,1.0,-0.4999999999999997,-0.8660254037844388,-0.9749279121818236,-0.2225209339563146,2,3,1,17.0,27.0,44.0,34.0,42.0,55.0,22.333333333333332,5.033222956848583,27.0,17.0,29.666666666666668,10.07306639840401,44.0,17.0,38.25,12.842578330764011,62.0,17.0,39.958333333333336,10.49007467402741,62.0,17.0,28.7,29.8,32.1,86.0,78.0,64.0,0.66,0.66,2.0,1008.0,1008.0,1006.0,2490.4,117.04,37.639,0.0,0.7985833825214401,10.451363746077721,1.1827178373159544,24.904,27.635,0.028047544055952375,800.89,7744,1.7689000000000001,1018081,517.2,86.2,6.0,-21.0,-0.3999999999999986
69,274.3,27.0,31.0,26.3,85.0,70,0.0,1009,91,28.0,0.0,2.0,2023,7,22,1,5,203,29,0.25881904510252074,0.9659258262890683,-0.4999999999999997,-0.8660254037844388,-0.9749279121818236,-0.2225209339563146,2,3,1,23.0,17.0,27.0,28.0,47.0,37.0,20.333333333333332,3.05505046330632,23.0,17.0,28.5,10.69111780872276,44.0,17.0,36.083333333333336,13.412737049219546,62.0,17.0,39.291666666666664,11.172478478937572,62.0,17.0,28.3,29.0,31.5,88.0,84.0,67.0,1.33,1.2,2.0,1009.0,1008.0,1006.0,2548.0,182.0,56.0,0.0,0.79844872818524,10.158883004333173,1.148105625717566,25.48,27.0,0.027750220267373372,784.0,8281,4.0,1018081,464.6,77.43333333333334,-2.0,-6.0,-0.3000000000000007
95,254.4,26.3,28.0,41.3,91.3,72,0.0,1009,92,27.9,0.0,1.66,2023,7,22,2,5,203,29,0.49999999999999994,0.8660254037844387,-0.4999999999999997,-0.8660254037844388,-0.9749279121818236,-0.2225209339563146,2,3,1,21.0,23.0,17.0,39.0,62.0,53.0,25.666666666666668,6.4291005073296725,33.0,21.0,27.5,9.751922887307341,44.0,17.0,33.666666666666664,10.645812948447158,50.0,17.0,38.458333333333336,10.846675173473422,62.0,17.0,28.0,28.7,30.7,91.0,86.0,72.0,2.0,0.66,1.33,1009.0,1008.0,1007.0,2566.7999999999997,152.72,46.31399999999999,0.0,0.7990121304568898,9.67263602144405,1.0645983042469866,25.667999999999996,27.07,0.027651112337847037,778.41,8464,2.7556,1018081,474.3,79.05,12.0,16.0,-0.10000000000000142
85,234.6,25.7,25.0,35.0,97.7,73,0.0,1009,93,27.8,0.0,1.33,2023,7,22,3,5,203,29,0.7071067811865476,0.7071067811865476,-0.4999999999999997,-0.8660254037844388,-0.9749279121818236,-0.2225209339563146,2,3,1,33.0,21.0,23.0,44.0,50.0,46.0,27.333333333333332,6.027713773342773,33.0,21.0,24.833333333333332,5.671566509056805,33.0,17.0,31.833333333333332,9.39858145324737,45.0,17.0,37.708333333333336,10.92456015099727,62.0,17.0,27.9,28.3,29.8,92.0,88.0,78.0,1.66,1.33,0.66,1009.0,1009.0,1008.0,2585.4,123.69000000000001,36.974000000000004,0.0,0.7999771435101855,9.128049492237656,0.9727247967005175,25.854,27.135,0.027552004408320705,772.84,8649,1.7689000000000001,1018081,446.0,74.33333333333333,-5.0,5.0,-0.09999999999999787
129,214.8,25.0,22.0,57.5,104.0,75,0.0,1009,95,27.7,0.0,1.0,2023,7,22,4,5,203,29,0.8660254037844386,0.5000000000000001,-0.4999999999999997,-0.8660254037844388,-0.9749279121818236,-0.2225209339563146,2,3,1,28.0,33.0,21.0,27.0,45.0,49.0,35.666666666666664,9.291573243178131,46.0,28.0,28.0,10.430723848323703,46.0,17.0,31.916666666666668,9.529459903929402,46.0,17.0,37.583333333333336,10.806264956905526,62.0,17.0,27.8,28.0,29.0,93.0,91.0,84.0,1.33,2.0,1.2,1009.0,1009.0,1008.0,2631.5,95.0,27.7,0.0,0.7999860871984835,8.59165633374665,0.8799648014079436,26.315,27.2,0.027452896478794373,767.29,9025,1.0,1018081,469.3,78.21666666666667,18.0,25.0,-0.10000000000000142
139,208.2,24.7,25.7,62.5,108.3,79,0.0,1009,92,27.9,0.0,1.0,2023,7,22,5,5,203,29,0.9659258262890683,0.25881904510252074,-0.4999999999999997,-0.8660254037844388,-0.9749279121818236,-0.2225209339563146,2,3,1,46.0,28.0,33.0,17.0,43.0,50.0,41.333333333333336,11.718930554165008,50.0,28.0,33.5,12.045746137122022,50.0,21.0,32.5,10.440306508910169,50.0,17.0,37.583333333333336,10.806264956905526,62.0,17.0,27.7,27.9,28.7,95.0,92.0,86.0,1.0,1.66,0.66,1009.0,1009.0,1008.0,2566.7999999999997,92.0,27.9,0.0,0.7999872002047967,8.428808550261122,1.040443706732521,25.667999999999996,27.4,0.027651112337847037,778.41,8464,1.0,1018081,479.4,79.89999999999999,4.0,17.0,0.1999999999999993
153,201.5,24.3,29.3,68.8,112.7,83,0.0,1009,88,28.0,0.8,1.0,2023,7,22,6,5,203,29,1.0,6.123233995736766e-17,-0.4999999999999997,-0.8660254037844388,-0.9749279121818236,-0.2225209339563146,2,0,1,50.0,46.0,28.0,23.0,34.0,46.0,50.333333333333336,4.509249752823593,55.0,46.0,38.833333333333336,13.467244212037516,55.0,21.0,34.25,12.307610358118447,55.0,17.0,37.958333333333336,11.257767045048661,62.0,17.0,27.9,27.8,28.3,92.0,93.0,88.0,1.0,1.33,1.33,1009.0,1009.0,1009.0,2464.0,88.0,28.0,0.0,0.7994069853635848,8.29183984198181,1.2057116991070325,24.64,27.5,0.027750220267373372,784.0,7744,1.0,1018081,491.6,81.93333333333334,5.0,27.0,0.10000000000000142
134,194.9,24.0,33.0,60.0,117.0,87,0.0,1009,85,28.2,1.0,1.0,2023,7,22,7,5,203,29,0.9659258262890683,-0.25881904510252063,-0.4999999999999997,-0.8660254037844388,-0.9749279121818236,-0.2225209339563146,2,0,1,55.0,50.0,46.0,21.0,28.0,40.0,51.0,3.605551275464836,55.0,48.0,43.333333333333336,10.50079362080119,55.0,28.0,35.916666666666664,12.731195282978138,55.0,17.0,38.291666666666664,11.43784399973714,62.0,17.0,28.0,27.7,28.0,88.0,95.0,91.0,1.0,1.0,2.0,1009.0,1009.0,1009.0,2397.0,85.0,28.2,0.0,0.7999866668888852,8.12049497937586,1.3749427107203867,23.97,27.7,0.02794843612642604,795.24,7225,1.0,1018081,476.9,79.48333333333333,-7.0,2.0,0.1999999999999993
118,161.1,19.7,51.3,52.5,119.3,79,0.0,1009,78,29.5,1.4,0.66,2023,7,22,8,5,203,29,0.8660254037844387,-0.4999999999999998,-0.4999999999999997,-0.8660254037844388,-0.9749279121818236,-0.2225209339563146,2,0,1,48.0,55.0,50.0,33.0,39.0,34.0,48.333333333333336,6.506407098648239,55.0,42.0,44.833333333333336,9.304120950775483,55.0,28.0,36.166666666666664,12.826345992337137,55.0,17.0,38.625,11.423897530292052,62.0,17.0,28.2,27.9,27.9,85.0,92.0,92.0,1.0,1.0,1.66,1009.0,1009.0,1009.0,2301.0,51.480000000000004,19.470000000000002,0.0,0.7999847621950058,8.177249885792598,2.603928734582001,23.01,29.17,0.029236839210268376,870.25,6084,0.43560000000000004,1018081,445.9,74.31666666666666,-6.0,-8.0,1.3000000000000007
112,127.2,15.3,69.7,50.0,121.7,70,0.0,1010,72,30.9,2.1,0.33,2023,7,22,9,5,203,29,0.7071067811865476,-0.7071067811865475,-0.4999999999999997,-0.8660254037844388,-0.9749279121818236,-0.2225209339563146,2,0,1,42.0,48.0,55.0,28.0,44.0,27.0,43.333333333333336,4.163331998933261,48.0,40.0,46.833333333333336,5.455883674223608,55.0,40.0,35.833333333333336,12.655098385690513,55.0,17.0,39.166666666666664,11.15373467056903,62.0,17.0,29.5,28.0,27.8,78.0,88.0,93.0,0.66,1.0,1.33,1009.0,1009.0,1009.0,2224.7999999999997,23.76,10.197,0.0,0.7999840003199936,8.313182144957846,4.555257826285864,22.247999999999998,30.735,0.030594029114822657,954.81,5184,0.10890000000000001,1020100,423.9,70.64999999999999,-2.0,-15.0,1.3999999999999986
95,93.4,11.0,88.0,41.3,124.0,62,0.0,1010,66,32.2,3.2,1.6,2023,7,22,10,5,203,29,0.49999999999999994,-0.8660254037844387,-0.4999999999999997,-0.8660254037844388,-0.9749279121818236,-0.2225209339563146,2,0,1,40.0,42.0,48.0,46.0,27.0,34.0,38.333333333333336,4.7258156262536355,42.0,33.0,44.666666666666664,7.890923055426358,55.0,33.0,36.333333333333336,12.39012314366338,55.0,17.0,39.125,11.175720966919275,62.0,17.0,30.9,28.2,27.7,72.0,85.0,95.0,0.33,1.0,1.0,1010.0,1009.0,1009.0,2125.2000000000003,105.60000000000001,51.52000000000001,0.0,0.7990121304568898,8.49013726024907,7.999272793382421,21.252000000000002,31.400000000000002,0.03188115655331035,1036.8400000000001,4356,2.5600000000000005,1020100,390.7,65.11666666666666,-7.0,-15.0,1.3000000000000043
85,86.2,8.7,99.7,35.0,105.7,66,0.0,1009,60,33.0,4.0,0.66,2023,7,22,11,5,203,29,0.258819045102521,-0.9659258262890682,-0.4999999999999997,-0.8660254037844388,-0.9749279121818236,-0.2225209339563146,2,0,1,33.0,40.0,42.0,50.0,17.0,42.0,33.666666666666664,6.027713773342624,40.0,28.0,41.0,9.797958971132294,55.0,28.0,37.25,11.177290287981673,55.0,21.0,38.541666666666664,11.382592226602233,62.0,17.0,32.2,29.5,27.9,66.0,78.0,92.0,1.6,0.66,1.0,1010.0,1009.0,1009.0,1980.0,39.6,21.78,0.0,0.7999771435101855,9.906907252039996,11.458453051373407,19.8,32.67,0.03270561674369005,1089.0,3600,0.43560000000000004,1018081,363.3,60.550000000000004,-5.0,-14.0,0.7999999999999972
87,79.0,6.3,111.3,36.3,87.3,70,0.0,1009,55,33.7,4.2,1.33,2023,7,22,12,5,203,29,1.2246467991473532e-16,-1.0,-0.4999999999999997,-0.8660254037844388,-0.9749279121818236,-0.2225209339563146,2,1,1,28.0,33.0,40.0,55.0,23.0,42.0,30.0,2.645751311066879,33.0,28.0,36.666666666666664,7.941452428029622,48.0,28.0,37.75,10.601243494814879,55.0,21.0,38.0,11.51935988559768,62.0,17.0,33.0,30.9,28.0,60.0,72.0,88.0,0.66,0.33,1.0,1009.0,1010.0,1009.0,1853.5000000000002,73.15,44.821000000000005,0.0,0.798876064020275,12.53769242977305,17.66386287890811,18.535000000000004,33.035000000000004,0.033399372250374385,1135.6900000000003,3025,1.7689000000000001,1018081,349.2,58.199999999999996,1.0,-11.0,0.7000000000000028
100,71.8,4.0,123.0,43.8,69.0,75,0.0,1008,51,34.5,3.9,2.0,2023,7,22,13,5,203,29,-0.2588190451025208,-0.9659258262890683,-0.4999999999999997,-0.8660254037844388,-0.9749279121818236,-0.2225209339563146,2,1,1,29.0,28.0,33.0,48.0,21.0,47.0,30.666666666666668,3.7859388972017576,35.0,28.0,34.5,5.683308895352289,42.0,28.0,38.916666666666664,9.2781104398107,55.0,28.0,37.5,11.371206964350387,62.0,17.0,33.7,32.2,28.2,55.0,66.0,85.0,1.33,1.6,1.0,1009.0,1010.0,1009.0,1759.5,102.0,69.0,0.0,0.7990685144174792,17.9455136215946,30.74231442139465,17.595,33.5,0.03422615652167012,1190.25,2601,4.0,1016064,346.6,57.76666666666667,6.0,2.0,0.7999999999999972
85,71.2,4.0,120.3,35.0,64.0,70,0.0,1007,53,34.2,5.0,1.33,2023,7,22,14,5,203,29,-0.4999999999999997,-0.8660254037844388,-0.4999999999999997,-0.8660254037844388,-0.9749279121818236,-0.2225209339563146,2,1,1,35.0,29.0,28.0,42.0,33.0,62.0,30.666666666666668,3.785938897201757,35.0,28.0,32.166666666666664,4.79235502301912,40.0,28.0,38.5,9.67188991590814,55.0,28.0,36.083333333333336,10.248718548387467,55.0,17.0,34.5,33.0,29.5,51.0,60.0,78.0,2.0,0.66,0.66,1008.0,1009.0,1009.0,1812.6000000000001,70.49000000000001,45.486000000000004,0.0,0.7999771435101855,17.795551112221943,30.067483129217692,18.126,33.535000000000004,0.03396223042479601,1169.64,2809,1.7689000000000001,1014049,322.5,53.75,-7.0,0.0,-0.29999999999999716
61,70.6,4.0,117.7,21.3,59.0,66,1.0,1006,55,33.9,4.0,0.66,2023,7,22,15,5,203,29,-0.7071067811865471,-0.7071067811865479,-0.4999999999999997,-0.8660254037844388,-0.9749279121818236,-0.2225209339563146,2,1,1,28.0,35.0,29.0,40.0,28.0,50.0,26.666666666666668,9.073771725878185,35.0,17.0,28.333333333333332,6.2503333244440435,35.0,17.0,37.583333333333336,11.16372643335455,55.0,17.0,34.708333333333336,10.510777767385497,55.0,17.0,34.2,33.7,30.9,53.0,55.0,72.0,1.33,1.33,0.33,1007.0,1009.0,1010.0,1864.5,36.300000000000004,22.374,66.0,0.7980845969672785,17.645588602849283,29.41764558860285,18.645,33.57,0.03369777962447353,1149.2099999999998,3025,0.43560000000000004,1012036,289.6,48.26666666666667,-11.0,-12.0,-0.30000000000000426
56,70.0,4.0,115.0,18.8,54.0,62,0.0,1005,58,33.6,2.9,2.8,2023,7,22,16,5,203,29,-0.8660254037844385,-0.5000000000000004,-0.4999999999999997,-0.8660254037844388,-0.9749279121818236,-0.2225209339563146,2,1,1,17.0,28.0,35.0,33.0,46.0,45.0,20.0,7.000000000001068,28.0,15.0,25.333333333333332,7.7114633284905825,35.0,15.0,35.0,12.540842366951228,55.0,15.0,33.458333333333336,11.005844955677338,55.0,15.0,33.9,34.5,32.2,55.0,51.0,66.0,0.66,2.0,1.6,1006.0,1008.0,1010.0,1948.8000000000002,162.39999999999998,94.08,0.0,0.7978299026647518,17.49562609347663,28.74281429642589,19.488000000000003,32.2,0.03343280255442532,1128.96,3364,7.839999999999999,1010025,276.8,46.13333333333333,-2.0,-20.0,-0.29999999999999716
52,94.9,8.0,96.3,16.3,57.7,66,0.0,1006,59,33.3,1.2,0.66,2023,7,22,17,5,203,29,-0.9659258262890683,-0.25881904510252063,-0.4999999999999997,-0.8660254037844388,-0.9749279121818236,-0.2225209339563146,2,1,1,15.0,17.0,28.0,28.0,50.0,43.0,15.0,2.000000000004094,17.0,13.0,22.833333333333332,8.998147957588522,35.0,13.0,31.916666666666668,13.05553406402671,55.0,13.0,32.208333333333336,11.564485238893333,55.0,13.0,33.6,34.2,33.0,58.0,53.0,60.0,2.8,1.33,0.66,1005.0,1007.0,1009.0,1964.6999999999998,38.940000000000005,21.977999999999998,0.0,0.7974970860683392,11.861017372828398,12.03599550056243,19.647,32.97,0.03310135874616427,1108.8899999999999,3481,0.43560000000000004,1012036,286.2,47.699999999999996,-2.0,-15.0,-0.30000000000000426
59,119.8,12.0,77.7,20.0,61.3,70,0.0,1006,61,32.9,0.8,1.33,2023,7,22,18,5,203,29,-1.0,-1.8369701987210297e-16,-0.4999999999999997,-0.8660254037844388,-0.9749279121818236,-0.2225209339563146,2,2,1,13.0,15.0,17.0,29.0,55.0,34.0,14.666666666666666,1.5275252316573378,16.0,13.0,20.666666666666668,8.778762251402759,35.0,13.0,28.666666666666668,11.55487565987381,48.0,13.0,31.458333333333332,12.018026918529289,55.0,13.0,33.3,33.9,33.7,59.0,55.0,55.0,0.66,0.66,1.33,1006.0,1006.0,1009.0,2006.8999999999999,81.13000000000001,43.757,0.0,0.7999600019998999,9.982501458211816,6.474460461628198,20.069,32.235,0.03270374482729142,1082.4099999999999,3721,1.7689000000000001,1012036,306.8,51.13333333333333,3.0,-1.0,-0.3999999999999986
50,144.7,16.0,59.0,15.0,65.0,75,0.0,1006,62,32.6,0.0,2.0,2023,7,22,19,5,203,29,-0.9659258262890684,0.2588190451025203,-0.4999999999999997,-0.8660254037844388,-0.9749279121818236,-0.2225209339563146,2,2,1,16.0,13.0,15.0,35.0,48.0,28.0,13.666666666666666,2.0816659994701574,16.0,12.0,16.833333333333332,5.7763887219138175,28.0,12.0,25.666666666666668,10.722392315602434,42.0,12.0,30.791666666666668,12.645601285983185,55.0,12.0,32.9,33.6,34.5,61.0,58.0,51.0,1.33,2.8,2.0,1006.0,1005.0,1008.0,2021.2,124.0,65.2,0.0,0.7999466702219852,9.04318480094994,3.6872695456533964,20.212,31.6,0.03240553438813679,1062.76,3844,4.0,1012036,311.7,51.949999999999996,-4.0,-3.0,-0.29999999999999716
42,145.3,16.0,50.0,12.5,59.0,70,0.0,1007,68,31.8,0.0,1.33,2023,7,22,20,5,203,29,-0.8660254037844386,0.5000000000000001,-0.4999999999999997,-0.8660254037844388,-0.9749279121818236,-0.2225209339563146,2,2,1,12.0,16.0,13.0,28.0,42.0,39.0,12.666666666666666,3.0550504633066824,16.0,10.0,13.833333333333334,2.639444385974532,17.0,10.0,23.0,10.260249864049165,40.0,10.0,29.583333333333332,13.200516019777673,55.0,10.0,32.6,33.3,34.2,62.0,59.0,53.0,2.0,0.66,1.33,1006.0,1006.0,1007.0,2162.4,90.44,42.294000000000004,0.0,0.7999360051195905,9.080682457346416,3.124804699706268,21.624000000000002,31.135,0.031578916009020845,1011.24,4624,1.7689000000000001,1014049,292.8,48.800000000000004,-2.0,-3.0,-0.8000000000000007
29,145.9,16.0,41.0,8.8,53.0,66,0.0,1008,74,30.9,0.0,0.66,2023,7,22,21,5,203,29,-0.7071067811865477,0.7071067811865474,-0.4999999999999997,-0.8660254037844388,-0.9749279121818236,-0.2225209339563146,2,2,1,10.0,12.0,16.0,17.0,40.0,44.0,9.666666666666666,2.516611478427139,12.0,7.0,12.166666666666666,3.311595788536412,16.0,7.0,20.25,9.696531713593338,35.0,7.0,28.041666666666668,13.598206936359613,55.0,7.0,31.8,32.9,33.9,68.0,61.0,55.0,1.33,1.33,0.66,1007.0,1006.0,1006.0,2286.6,48.84,20.394,0.0,0.7953641631632768,9.118180113742891,2.56233985375914,22.866,30.57,0.03065473149332193,954.81,5476,0.43560000000000004,1016064,271.70000000000005,45.28333333333334,-3.0,-9.0,-0.9000000000000021
46,146.5,16.0,32.0,13.8,47.0,62,0.0,1009,80,30.1,0.0,3.2,2023,7,22,22,5,203,29,-0.5000000000000004,0.8660254037844384,-0.4999999999999997,-0.8660254037844388,-0.9749279121818236,-0.2225209339563146,2,3,1,7.0,10.0,12.0,15.0,33.0,27.0,9.333333333333334,2.081665999470454,11.0,7.0,11.5,3.0166206257972314,16.0,7.0,18.416666666666668,9.129954030883999,35.0,7.0,27.375,14.0366368448088,55.0,7.0,30.9,32.6,33.6,74.0,62.0,58.0,0.66,2.0,2.8,1008.0,1006.0,1005.0,2408.0,256.0,96.32000000000001,0.0,0.7970436924860518,9.155677770139366,1.9998750078120116,24.08,28.5,0.02983148678742638,906.0100000000001,6400,10.240000000000002,1018081,266.3,44.38333333333333,4.0,-1.0,-0.7999999999999972
54,127.0,14.7,30.7,17.5,41.0,58,0.0,1008,83,29.7,0.0,2.8,2023,7,22,23,5,203,29,-0.25881904510252157,0.9659258262890681,-0.4999999999999997,-0.8660254037844388,-0.9749279121818236,-0.2225209339563146,2,3,1,11.0,7.0,10.0,13.0,28.0,17.0,10.666666666666666,3.5118845842867534,14.0,7.0,11.666666666666666,3.1411250638349286,16.0,7.0,17.25,8.6772953473677,35.0,7.0,27.25,14.145978073366802,55.0,7.0,30.1,31.8,33.3,80.0,68.0,59.0,3.2,1.33,0.66,1009.0,1007.0,1006.0,2465.1,232.39999999999998,83.16,0.0,0.7999542883263813,8.638868104210598,2.088293313380042,24.651,28.3,0.029464256483872537,882.0899999999999,6889,7.839999999999999,1016064,244.89999999999998,40.81666666666666,3.0,4.0,-0.40000000000000213
61,107.6,13.3,29.3,21.3,35.0,54,0.0,1008,85,29.4,0.0,2.4,2023,7,23,0,6,204,29,0.0,1.0,-0.4999999999999997,-0.8660254037844388,-0.7818314824680299,0.6234898018587334,2,3,1,14.0,11.0,7.0,16.0,29.0,23.0,14.0,3.000000000002777,17.0,11.0,11.833333333333334,3.4302575219146476,17.0,7.0,16.25,7.852330285277465,35.0,7.0,27.0,14.276767384689087,55.0,7.0,29.7,30.9,32.9,83.0,74.0,61.0,2.8,0.66,1.33,1008.0,1008.0,1006.0,2499.0,204.0,70.55999999999999,0.0,0.7980845969672785,8.089617322005864,2.2028418915870986,24.99,28.2,0.029166637731510188,864.3599999999999,7225,5.76,1016064,223.5,37.25,3.0,10.0,-0.3000000000000007
72,88.1,12.0,28.0,27.5,29.0,50,0.0,1008,88,29.0,0.0,2.8,2023,7,23,1,6,204,29,0.25881904510252074,0.9659258262890683,-0.4999999999999997,-0.8660254037844388,-0.7818314824680299,0.6234898018587334,2,3,1,17.0,14.0,11.0,12.0,35.0,21.0,17.666666666666668,4.041451884329313,22.0,14.0,13.5,5.3944415837031485,22.0,7.0,15.166666666666666,5.605732996160034,28.0,7.0,27.041666666666668,14.259944407070947,55.0,7.0,29.4,30.1,32.6,85.0,80.0,62.0,2.4,3.2,2.0,1008.0,1009.0,1006.0,2552.0,246.39999999999998,81.19999999999999,0.0,0.7999709101487218,7.341054912090659,2.3331389050912423,25.52,27.6,0.028769812728360388,841.0,7744,7.839999999999999,1016064,206.6,34.43333333333333,5.0,11.0,-0.3999999999999986
80,82.9,12.3,27.0,32.5,34.7,0,0.0,1008,89,28.7,0.0,2.8,2023,7,23,2,6,204,29,0.49999999999999994,0.8660254037844387,-0.4999999999999997,-0.8660254037844388,-0.7818314824680299,0.6234898018587334,2,3,1,22.0,17.0,14.0,10.0,28.0,33.0,21.666666666666668,4.509249752824501,26.0,17.0,16.166666666666668,7.026141662865402,26.0,7.0,15.0,5.204892803017565,26.0,7.0,26.75,14.204255333005587,55.0,7.0,29.0,29.7,31.8,88.0,83.0,68.0,2.8,2.8,1.33,1008.0,1008.0,1007.0,2554.2999999999997,249.2,80.36,0.0,0.7999753853727578,6.739289488659459,2.1949435005284124,25.542999999999996,27.3,0.02847219397599804,823.6899999999999,7921,7.839999999999999,1016064,215.39999999999998,35.9,4.0,12.0,-0.3000000000000007
126,77.6,12.7,26.0,56.3,40.3,0,0.0,1008,89,28.5,0.0,2.0,2023,7,23,3,6,204,29,0.7071067811865476,0.7071067811865476,-0.4999999999999997,-0.8660254037844388,-0.7818314824680299,0.6234898018587334,2,3,1,26.0,22.0,17.0,7.0,17.0,28.0,31.0,12.28820572744499,45.0,22.0,22.5,12.275992831538627,45.0,11.0,17.333333333333332,10.129464971362268,45.0,7.0,27.458333333333332,14.685038723777378,55.0,7.0,28.7,29.4,30.9,89.0,85.0,74.0,2.8,2.4,0.66,1008.0,1008.0,1008.0,2536.5,178.0,57.0,0.0,0.7992753237065062,6.109755137390756,2.047082906857728,25.365,27.5,0.02827378147442314,812.25,7921,4.0,1016064,257.9,42.98333333333333,19.0,28.0,-0.1999999999999993
82,72.4,13.0,25.0,33.8,46.0,37,0.0,1008,90,28.2,0.0,1.6,2023,7,23,4,6,204,29,0.8660254037844386,0.5000000000000001,-0.4999999999999997,-0.8660254037844388,-0.7818314824680299,0.6234898018587334,2,3,1,45.0,26.0,22.0,11.0,15.0,46.0,32.666666666666664,10.692676621564159,45.0,26.0,25.166666666666668,10.943795807061417,45.0,14.0,18.333333333333332,10.464948710583629,45.0,7.0,26.666666666666668,14.144185060104842,55.0,7.0,28.5,29.0,30.1,89.0,88.0,80.0,2.0,2.8,3.2,1008.0,1008.0,1009.0,2538.0,144.0,45.120000000000005,0.0,0.7987929351202628,5.568802399815399,1.9229290054611186,25.38,27.4,0.027976162722060792,795.24,8100,2.5600000000000005,1016064,217.2,36.199999999999996,-18.0,5.0,-0.3000000000000007
80,79.0,12.3,26.3,32.5,50.0,33,0.0,1008,89,28.6,0.0,1.2,2023,7,23,5,6,204,29,0.9659258262890683,0.25881904510252074,-0.4999999999999997,-0.8660254037844388,-0.7818314824680299,0.6234898018587334,2,3,1,27.0,45.0,26.0,14.0,13.0,50.0,32.666666666666664,10.692676621564159,45.0,26.0,27.166666666666668,9.495613022162155,45.0,17.0,19.416666666666668,10.535294217173933,45.0,7.0,25.666666666666668,13.242443839434609,55.0,7.0,28.2,28.7,29.7,90.0,89.0,83.0,1.6,2.8,2.8,1008.0,1008.0,1008.0,2545.4,106.8,34.32,0.0,0.7999753853727578,6.422242094138688,2.1380375579221202,25.454,28.0,0.028372987725210592,817.96,7921,1.44,1016064,226.1,37.68333333333333,-1.0,0.0,0.40000000000000213
72,85.6,11.7,27.7,27.5,54.0,29,0.0,1008,88,29.1,1.7,2.0,2023,7,23,6,6,204,29,1.0,6.123233995736766e-17,-0.4999999999999997,-0.8660254037844388,-0.7818314824680299,0.6234898018587334,2,0,1,26.0,27.0,45.0,17.0,16.0,55.0,25.0,2.645751311067165,27.0,22.0,28.0,8.60232526704199,45.0,22.0,19.916666666666668,10.5007214759342,45.0,7.0,24.291666666666668,11.6860346481217,48.0,7.0,28.6,28.5,29.4,89.0,89.0,85.0,1.2,2.0,2.4,1008.0,1008.0,1008.0,2560.8,176.0,58.2,0.0,0.7999709101487218,7.31561405008119,2.3673190325613196,25.608,28.1,0.02886901897914784,846.8100000000001,7744,4.0,1016064,228.5,38.083333333333336,-4.0,-23.0,0.5
50,92.2,11.0,29.0,15.0,58.0,25,0.0,1008,86,29.5,1.9,1.2,2023,7,23,7,6,204,29,0.9659258262890683,-0.25881904510252063,-0.4999999999999997,-0.8660254037844388,-0.7818314824680299,0.6234898018587334,2,0,1,22.0,26.0,27.0,22.0,12.0,48.0,20.0,7.211102550929022,26.0,12.0,26.333333333333332,10.708252269472144,45.0,12.0,19.916666666666668,10.5007214759342,45.0,7.0,22.791666666666668,10.786380972909893,45.0,7.0,29.1,28.2,29.0,88.0,90.0,88.0,2.0,1.6,2.8,1008.0,1008.0,1008.0,2537.0,103.2,35.4,0.0,0.7999466702219852,8.381056267612037,2.6361239887282975,25.37,28.9,0.02926584398229764,870.25,7396,1.44,1016064,217.2,36.199999999999996,-10.0,-15.0,0.3999999999999986
56,83.6,9.3,42.0,18.8,61.7,20,0.0,1008,78,30.6,2.6,1.0,2023,7,23,8,6,204,29,0.8660254037844387,-0.4999999999999998,-0.4999999999999997,-0.8660254037844388,-0.7818314824680299,0.6234898018587334,2,0,1,12.0,22.0,26.0,26.0,10.0,42.0,16.333333333333332,5.131601439448453,22.0,12.0,24.5,11.674759098156512,45.0,12.0,20.333333333333332,10.165300454650982,45.0,7.0,21.666666666666668,10.080832723827712,45.0,7.0,29.5,28.6,28.7,86.0,89.0,89.0,1.2,1.2,2.8,1008.0,1008.0,1008.0,2386.8,78.0,30.6,0.0,0.7978299026647518,8.988280830018278,4.515643479195785,23.868000000000002,30.1,0.030357112740959584,936.3600000000001,6084,1.0,1016064,230.39999999999998,38.4,3.0,-11.0,1.1000000000000014
61,75.1,7.7,55.0,21.3,65.3,16,0.0,1008,70,31.6,3.2,2.0,2023,7,23,9,6,204,29,0.7071067811865476,-0.7071067811865475,-0.4999999999999997,-0.8660254037844388,-0.7818314824680299,0.6234898018587334,2,0,1,15.0,12.0,22.0,45.0,7.0,40.0,14.666666666666666,2.5166114784268747,17.0,12.0,19.833333333333332,6.11282804163947,27.0,12.0,21.166666666666668,9.350093177302375,45.0,11.0,20.708333333333332,9.327281940940528,45.0,7.0,30.6,29.1,28.5,78.0,88.0,89.0,1.0,2.0,2.0,1008.0,1008.0,1008.0,2212.0,140.0,63.2,0.0,0.7980845969672785,9.751980262303595,7.141929619529931,22.12,30.6,0.03134917524883408,998.5600000000001,4900,4.0,1016064,241.40000000000003,40.23333333333334,2.0,-5.0,1.0
54,66.5,6.0,68.0,17.5,69.0,12,0.0,1008,62,32.7,6.1,3.0,2023,7,23,10,6,204,29,0.49999999999999994,-0.8660254037844387,-0.4999999999999997,-0.8660254037844388,-0.7818314824680299,0.6234898018587334,2,0,1,17.0,15.0,12.0,27.0,11.0,33.0,15.333333333333334,1.5275252316573076,17.0,14.0,17.666666666666668,5.316640543299249,26.0,12.0,21.416666666666668,9.090037837037965,45.0,12.0,19.916666666666668,9.040568790622023,45.0,7.0,31.6,29.5,28.2,70.0,86.0,90.0,2.0,1.2,1.6,1008.0,1008.0,1008.0,2027.4,186.0,98.10000000000001,0.0,0.7999542883263813,11.081486418930178,11.331444759206798,20.274,31.200000000000003,0.03244044400749603,1069.2900000000002,3844,9.0,1016064,241.0,40.166666666666664,-3.0,2.0,1.1000000000000014
59,64.8,5.0,81.0,20.0,65.3,16,0.0,1007,58,33.3,7.6,2.66,2023,7,23,11,6,204,29,0.258819045102521,-0.9659258262890682,-0.4999999999999997,-0.8660254037844388,-0.7818314824680299,0.6234898018587334,2,0,1,14.0,17.0,15.0,26.0,14.0,28.0,15.666666666666666,1.5275252316572765,17.0,14.0,16.0,3.405877273183267,22.0,12.0,21.583333333333332,8.959082068780566,45.0,12.0,19.416666666666668,8.904891995373841,45.0,7.0,32.7,30.6,28.6,62.0,78.0,89.0,3.0,1.0,1.2,1008.0,1008.0,1008.0,1931.3999999999999,154.28,88.578,0.0,0.7999600019998999,12.95740851829634,16.196760647870423,19.314,31.97,0.033068487518880314,1108.8899999999999,3364,7.0756000000000006,1014049,252.10000000000002,42.01666666666667,2.0,1.0,0.5999999999999943
56,63.0,4.0,94.0,18.8,61.7,20,0.0,1007,54,34.0,10.7,2.33,2023,7,23,12,6,204,29,1.2246467991473532e-16,-1.0,-0.4999999999999997,-0.8660254037844388,-0.7818314824680299,0.6234898018587334,2,1,1,16.0,14.0,17.0,22.0,17.0,29.0,15.0,1.0000000000082365,16.0,14.0,14.833333333333334,1.7224014243644512,17.0,12.0,21.416666666666668,9.070013865212417,45.0,12.0,18.833333333333332,8.706153079820783,45.0,7.0,33.3,31.6,29.1,58.0,70.0,88.0,2.66,2.0,2.0,1007.0,1008.0,1008.0,1836.0,125.82000000000001,79.22,0.0,0.7978299026647518,15.746063484128966,23.494126468382902,18.36,32.835,0.033763620890148074,1156.0,2916,5.4289000000000005,1014049,256.5,42.75,-1.0,-2.0,0.7000000000000028
56,61.3,3.0,107.0,18.8,58.0,25,0.0,1006,51,34.6,10.3,2.0,2023,7,23,13,6,204,29,-0.2588190451025208,-0.9659258262890683,-0.4999999999999997,-0.8660254037844388,-0.7818314824680299,0.6234898018587334,2,1,1,15.0,16.0,14.0,12.0,22.0,35.0,15.333333333333334,0.5773502692038104,16.0,15.0,15.333333333333334,1.0327955589819324,17.0,14.0,20.833333333333332,9.2523543277403,45.0,12.0,18.0,8.021709673564219,45.0,7.0,34.0,32.7,29.5,54.0,62.0,86.0,2.33,3.0,1.2,1007.0,1008.0,1008.0,1764.6000000000001,102.0,69.2,0.0,0.7978299026647518,20.426524491836055,35.654781739420194,17.646,33.6,0.03439360398250101,1197.16,2601,4.0,1012036,263.1,43.85,0.0,1.0,0.6000000000000014
59,60.9,3.3,104.0,20.0,55.3,25,0.0,1005,50,34.8,8.2,2.0,2023,7,23,14,6,204,29,-0.4999999999999997,-0.8660254037844388,-0.4999999999999997,-0.8660254037844388,-0.7818314824680299,0.6234898018587334,2,1,1,15.0,15.0,16.0,15.0,26.0,28.0,15.333333333333334,0.5773502692038104,16.0,15.0,15.5,1.0488088481635596,17.0,14.0,20.0,9.194860224356253,45.0,12.0,17.5,7.740351637894621,45.0,7.0,34.6,33.3,30.6,51.0,58.0,78.0,2.0,2.66,1.0,1006.0,1007.0,1008.0,1739.9999999999998,100.0,69.6,0.0,0.7999600019998999,18.44895486216298,31.505604362314454,17.4,33.8,0.03462683121708336,1211.0399999999997,2500,4.0,1010025,259.5,43.25,1.0,0.0,0.19999999999999574
69,60.5,3.7,101.0,26.3,52.7,25,0.0,1004,49,35.0,5.6,2.0,2023,7,23,15,6,204,29,-0.7071067811865471,-0.7071067811865479,-0.4999999999999997,-0.8660254037844388,-0.7818314824680299,0.6234898018587334,2,1,1,16.0,15.0,15.0,17.0,45.0,17.0,17.333333333333332,3.2145502536667774,21.0,15.0,16.166666666666668,2.4832774042891352,21.0,14.0,18.0,4.84298930976932,27.0,12.0,17.666666666666668,7.772116642295482,45.0,7.0,34.8,34.0,31.6,50.0,54.0,70.0,2.0,2.33,2.0,1005.0,1007.0,1008.0,1715.0,98.0,70.0,0.0,0.79844872818524,16.346933261280736,27.289921642799243,17.15,34.0,0.0348605230472878,1225.0,2401,4.0,1008016,265.2,44.199999999999996,5.0,6.0,0.20000000000000284
46,60.1,4.0,98.0,13.8,50.0,25,0.0,1003,48,35.2,3.9,2.0,2023,7,23,16,6,204,29,-0.8660254037844385,-0.5000000000000004,-0.4999999999999997,-0.8660254037844388,-0.7818314824680299,0.6234898018587334,2,1,1,21.0,16.0,15.0,14.0,27.0,15.0,16.0,5.000000000001619,21.0,11.0,15.666666666666666,3.2041639575172924,21.0,11.0,16.666666666666668,4.31347430803236,26.0,11.0,17.5,7.874007874011625,45.0,7.0,35.0,34.6,32.7,49.0,51.0,62.0,2.0,2.0,3.0,1004.0,1006.0,1008.0,1689.6000000000001,96.0,70.4,0.0,0.7970436924860518,15.021244688827792,24.493876530867283,16.896,34.2,0.035094680862730945,1239.0400000000002,2304,4.0,1006009,236.9,39.483333333333334,-10.0,-4.0,0.20000000000000284
46,74.7,7.0,81.7,13.8,51.0,28,0.0,1004,53,34.3,2.0,2.0,2023,7,23,17,6,204,29,-0.9659258262890683,-0.25881904510252063,-0.4999999999999997,-0.8660254037844388,-0.7818314824680299,0.6234898018587334,2,1,1,11.0,21.0,16.0,16.0,26.0,13.0,14.333333333333334,5.773502691897701,21.0,11.0,14.833333333333334,3.710345895823285,21.0,11.0,15.416666666666666,3.4498572653821435,22.0,11.0,17.416666666666668,7.934057937922805,45.0,7.0,35.2,34.8,33.3,48.0,50.0,58.0,2.0,2.0,2.66,1003.0,1005.0,1007.0,1817.8999999999999,106.0,68.6,0.0,0.7970436924860518,10.669904299385802,11.669761462648193,18.179,33.3,0.034163312586342046,1176.4899999999998,2809,4.0,1008016,239.20000000000002,39.86666666666667,0.0,-5.0,-0.9000000000000057
50,89.3,10.0,65.3,15.0,52.0,31,0.0,1004,59,33.4,1.8,2.0,2023,7,23,18,6,204,29,-1.0,-1.8369701987210297e-16,-0.4999999999999997,-0.8660254037844388,-0.7818314824680299,0.6234898018587334,2,2,1,11.0,11.0,21.0,15.0,22.0,16.0,11.333333333333334,0.5773502692047983,12.0,11.0,14.333333333333334,3.8815804341340896,21.0,11.0,14.583333333333334,2.874917653628785,21.0,11.0,17.25,8.006790596248342,45.0,7.0,34.3,35.0,34.0,53.0,49.0,54.0,2.0,2.0,2.33,1004.0,1004.0,1007.0,1970.6,118.0,66.8,0.0,0.7999466702219852,8.92910708929107,6.529347065293471,19.706,32.4,0.033266899136554645,1115.56,3481,4.0,1008016,243.6,40.6,1.0,-9.0,-0.8999999999999986
59,103.9,13.0,49.0,20.0,53.0,35,0.0,1004,65,32.5,0.0,2.0,2023,7,23,19,6,204,29,-0.9659258262890684,0.2588190451025203,-0.4999999999999997,-0.8660254037844388,-0.7818314824680299,0.6234898018587334,2,2,1,12.0,11.0,11.0,15.0,12.0,12.0,13.0,2.645751311067812,16.0,11.0,14.5,3.937003937004122,21.0,11.0,14.916666666666666,2.7784342658576335,21.0,11.0,17.416666666666668,7.934057937922805,45.0,7.0,33.4,35.2,34.6,59.0,48.0,51.0,2.0,2.0,2.0,1004.0,1003.0,1006.0,2112.5,130.0,65.0,0.0,0.7999600019998999,7.991692946696409,3.768940850703792,21.125,31.5,0.032370485686767245,1056.25,4225,4.0,1008016,254.9,42.483333333333334,4.0,5.0,-0.8999999999999986
50,107.2,13.0,43.0,15.0,50.3,38,0.0,1005,70,31.7,0.0,1.66,2023,7,23,20,6,204,29,-0.8660254037844386,0.5000000000000001,-0.4999999999999997,-0.8660254037844388,-0.7818314824680299,0.6234898018587334,2,2,1,16.0,12.0,11.0,16.0,15.0,10.0,13.333333333333334,2.3094010767621738,16.0,12.0,13.833333333333334,3.9707262140133106,21.0,11.0,14.666666666666666,2.902454551623046,21.0,11.0,17.5,7.862956629444092,45.0,7.0,32.5,34.3,34.8,65.0,53.0,50.0,2.0,2.0,2.0,1004.0,1004.0,1005.0,2219.0,116.19999999999999,52.62199999999999,0.0,0.7999466702219852,8.245519575417276,3.3074378893931238,22.19,30.87,0.031542257171883414,1004.89,4900,2.7556,1010025,240.5,40.083333333333336,-4.0,1.0,-0.8000000000000007
63,110.5,13.0,37.0,22.5,47.7,42,0.0,1006,75,30.8,0.0,1.33,2023,7,23,21,6,204,29,-0.7071067811865477,0.7071067811865474,-0.4999999999999997,-0.8660254037844388,-0.7818314824680299,0.6234898018587334,2,2,1,12.0,16.0,12.0,21.0,17.0,7.0,15.333333333333334,3.055050463306575,18.0,12.0,13.333333333333334,2.943920288773521,18.0,11.0,14.75,2.9886147596860124,21.0,11.0,17.958333333333332,7.538187803598161,45.0,11.0,31.7,33.4,35.0,70.0,59.0,49.0,1.66,2.0,2.0,1005.0,1004.0,1004.0,2310.0,99.75,40.964000000000006,0.0,0.7999644460246211,8.499346204138144,2.8459349280824555,23.1,30.135,0.030616271753208996,948.6400000000001,5625,1.7689000000000001,1012036,248.7,41.449999999999996,6.0,6.0,-0.8999999999999986
78,113.8,13.0,31.0,31.3,45.0,45,0.0,1007,80,30.0,0.0,1.0,2023,7,23,22,6,204,29,-0.5000000000000004,0.8660254037844384,-0.4999999999999997,-0.8660254037844388,-0.7818314824680299,0.6234898018587334,2,3,1,18.0,12.0,16.0,11.0,14.0,11.0,18.333333333333332,6.506407098648905,25.0,12.0,15.666666666666666,5.316640543299206,25.0,11.0,15.666666666666666,4.185110693296689,25.0,11.0,18.541666666666668,7.517973632318041,45.0,11.0,30.8,32.5,35.2,75.0,65.0,48.0,1.33,2.0,2.0,1006.0,1004.0,1003.0,2400.0,80.0,30.0,0.0,0.7986965272674994,8.753172832859011,2.384431966771787,24.0,29.5,0.029791430197189477,900.0,6400,1.0,1014049,259.1,43.18333333333334,7.0,9.0,-0.8000000000000007
61,103.1,12.3,30.7,21.3,40.0,0,0.0,1006,82,29.7,0.0,1.0,2023,7,23,23,6,204,29,-0.25881904510252157,0.9659258262890681,-0.4999999999999997,-0.8660254037844388,-0.7818314824680299,0.6234898018587334,2,3,1,25.0,18.0,12.0,11.0,16.0,14.0,20.0,4.358898943542401,25.0,17.0,16.666666666666668,4.80277697448602,25.0,12.0,15.75,4.202272112689238,25.0,11.0,18.666666666666668,7.463922891317521,45.0,11.0,30.0,31.7,34.3,80.0,70.0,53.0,1.0,1.66,2.0,1007.0,1005.0,1004.0,2435.4,82.0,29.7,0.0,0.7980845969672785,8.381432403869603,2.495732054304528,24.354,29.2,0.02952283347630867,882.0899999999999,6724,1.0,1012036,224.4,37.4,-8.0,5.0,-0.3000000000000007
59,92.4,11.7,30.3,20.0,35.0,24,0.0,1006,85,29.3,0.0,1.0,2023,7,24,0,0,205,30,0.0,1.0,-0.4999999999999997,-0.8660254037844388,0.0,1.0,2,3,0,17.0,25.0,18.0,12.0,15.0,17.0,19.333333333333332,4.9328828623177925,25.0,16.0,17.333333333333332,4.27395211328499,25.0,12.0,15.833333333333334,4.195957650650845,25.0,11.0,18.625,7.476412183021496,45.0,11.0,29.7,30.8,33.4,82.0,75.0,59.0,1.0,1.33,2.0,1006.0,1006.0,1004.0,2490.5,85.0,29.3,0.0,0.7999600019998999,7.896760960601659,2.58952226305444,24.905,28.8,0.029125219557435827,858.49,7225,1.0,1012036,205.4,34.233333333333334,-1.0,-2.0,-0.3999999999999986
74,81.7,11.0,30.0,28.8,30.0,25,0.0,1005,87,29.0,0.0,1.0,2023,7,24,1,0,205,30,0.25881904510252074,0.9659258262890683,-0.4999999999999997,-0.8660254037844388,0.0,1.0,2,3,0,16.0,17.0,25.0,16.0,15.0,22.0,18.666666666666668,3.7859388972022208,23.0,16.0,18.5,4.764451699827255,25.0,12.0,16.5,4.661252270288252,25.0,11.0,18.666666666666668,7.498792173274873,45.0,11.0,29.3,30.0,32.5,85.0,80.0,65.0,1.0,1.0,2.0,1006.0,1007.0,1004.0,2523.0,87.0,29.0,0.0,0.7985833825214401,7.4265975820379975,2.7270248159258252,25.23,28.5,0.028855692680902805,841.0,7569,1.0,1010025,204.5,34.083333333333336,7.0,-2.0,-0.3000000000000007
98,78.6,11.3,28.3,42.5,33.3,25,0.0,1006,87,28.7,0.0,0.66,2023,7,24,2,0,205,30,0.49999999999999994,0.8660254037844387,-0.4999999999999997,-0.8660254037844388,0.0,1.0,2,3,0,23.0,16.0,17.0,12.0,16.0,26.0,24.333333333333332,9.07377172587823,34.0,16.0,22.166666666666668,6.794605703545592,34.0,16.0,18.0,6.862281624278003,34.0,11.0,19.0,7.99999999999985,45.0,11.0,29.0,29.7,31.7,87.0,82.0,70.0,1.0,1.0,1.66,1005.0,1006.0,1005.0,2496.9,57.42,18.942,0.0,0.7999811769134845,6.955136713565171,2.504203167861251,24.969,28.37,0.02852879867912656,823.6899999999999,7569,0.43560000000000004,1012036,228.0,38.0,11.0,17.0,-0.3000000000000007
85,75.5,11.7,26.7,35.0,36.7,25,0.0,1006,88,28.5,0.0,0.33,2023,7,24,3,0,205,30,0.7071067811865476,0.7071067811865476,-0.4999999999999997,-0.8660254037844388,0.0,1.0,2,3,0,34.0,23.0,16.0,18.0,21.0,45.0,28.333333333333332,5.507570547287255,34.0,23.0,23.833333333333332,6.79460570354562,34.0,16.0,18.583333333333332,7.415687712034442,34.0,11.0,18.291666666666668,6.132445194045224,34.0,11.0,28.7,29.3,30.8,87.0,85.0,75.0,0.66,1.0,1.33,1006.0,1006.0,1006.0,2508.0,29.040000000000003,9.405000000000001,0.0,0.7999771435101855,6.452439962396377,2.281856251602427,25.08,28.335,0.02832999171969014,812.25,7744,0.10890000000000001,1012036,213.60000000000002,35.6,-6.0,12.0,-0.1999999999999993
85,72.4,12.0,25.0,35.0,40.0,66,0.0,1006,88,28.2,0.0,1.6,2023,7,24,4,0,205,30,0.8660254037844386,0.5000000000000001,-0.4999999999999997,-0.8660254037844388,0.0,1.0,2,3,0,28.0,34.0,23.0,25.0,11.0,27.0,30.0,3.46410161513952,34.0,28.0,24.333333333333332,7.004760286166456,34.0,16.0,20.0,7.458978726096343,34.0,11.0,18.333333333333332,6.197241087891179,34.0,11.0,28.5,29.0,30.0,88.0,87.0,80.0,0.33,1.0,1.0,1006.0,1005.0,1007.0,2481.6,140.8,45.120000000000005,0.0,0.7999771435101855,6.032830597450213,2.0831597366886094,24.816,27.4,0.028031781280535507,795.24,7744,2.5600000000000005,1012036,212.4,35.4,0.0,5.0,-0.3000000000000007
72,71.2,11.0,28.3,27.5,43.7,70,0.0,1006,86,28.8,0.0,1.2,2023,7,24,5,0,205,30,0.9659258262890683,0.25881904510252074,-0.4999999999999997,-0.8660254037844388,0.0,1.0,2,3,0,28.0,28.0,34.0,17.0,11.0,26.0,26.0,3.464101615139685,28.0,22.0,25.166666666666668,6.210206652491924,34.0,16.0,20.916666666666668,6.907944482238622,34.0,12.0,18.166666666666668,6.033721662576637,34.0,11.0,28.2,28.7,29.7,88.0,87.0,82.0,1.6,0.66,1.0,1006.0,1006.0,1006.0,2476.8,103.2,34.56,0.0,0.7999709101487218,6.472138896463958,2.5724934096900283,24.768,28.2,0.028628202158844773,829.44,7396,1.44,1012036,203.7,33.949999999999996,-6.0,-12.0,0.6000000000000014
65,70.0,10.0,31.7,23.8,47.3,73,0.0,1006,84,29.4,2.0,1.6,2023,7,24,6,0,205,30,1.0,6.123233995736766e-17,-0.4999999999999997,-0.8660254037844388,0.0,1.0,2,0,0,22.0,28.0,28.0,16.0,12.0,22.0,23.0,4.582575694957393,28.0,19.0,25.666666666666668,5.391351098440452,34.0,19.0,21.5,6.360388781712909,34.0,12.0,18.041666666666668,5.981705200145401,34.0,11.0,28.8,28.5,29.3,86.0,88.0,85.0,1.2,0.33,1.0,1006.0,1006.0,1006.0,2469.6,134.4,47.04,0.0,0.7982857863114995,6.9993000699930015,3.1696830316968305,24.695999999999998,28.599999999999998,0.02922462303715404,864.3599999999999,7056,2.5600000000000005,1012036,201.8,33.63333333333333,-3.0,-9.0,0.5999999999999979
59,68.9,9.0,35.0,20.0,51.0,77,0.0,1006,83,30.0,2.3,1.2,2023,7,24,7,0,205,30,0.9659258262890683,-0.25881904510252063,-0.4999999999999997,-0.8660254037844388,0.0,1.0,2,0,0,19.0,22.0,28.0,23.0,16.0,12.0,19.0,3.000000000002563,22.0,16.0,24.5,6.685805860177824,34.0,16.0,21.5,6.360388781712909,34.0,12.0,18.208333333333332,5.860547286111677,34.0,11.0,29.4,28.2,29.0,84.0,88.0,87.0,1.6,1.6,1.0,1006.0,1006.0,1005.0,2490.0,99.6,36.0,0.0,0.7999600019998999,7.654705032774137,3.888456838129097,24.9,29.4,0.029821043915463304,900.0,6889,1.44,1012036,199.9,33.31666666666667,-3.0,-12.0,0.6000000000000014
54,65.6,7.7,44.7,17.5,51.7,80,0.0,1006,76,30.9,3.3,0.66,2023,7,24,8,0,205,30,0.8660254037844387,-0.4999999999999998,-0.4999999999999997,-0.8660254037844388,0.0,1.0,2,0,0,16.0,19.0,22.0,34.0,12.0,15.0,16.333333333333332,2.5166114784267894,19.0,14.0,21.166666666666668,5.946988033168896,28.0,14.0,21.666666666666668,6.110100926607291,34.0,14.0,18.166666666666668,5.887840577551669,34.0,11.0,30.0,28.8,28.7,83.0,86.0,87.0,1.2,1.2,0.66,1006.0,1006.0,1006.0,2348.4,50.160000000000004,20.394,0.0,0.7999542883263813,8.518374237112061,5.804440981690689,23.484,30.57,0.030715675232927203,954.81,5776,0.43560000000000004,1012036,201.2,33.53333333333333,-2.0,-8.0,0.8999999999999986
56,62.3,6.3,54.3,18.8,52.3,84,0.0,1006,70,31.7,5.6,1.33,2023,7,24,9,0,205,30,0.7071067811865476,-0.7071067811865475,-0.4999999999999997,-0.8660254037844388,0.0,1.0,2,0,0,14.0,16.0,19.0,28.0,18.0,17.0,15.0,1.0000000000082578,16.0,14.0,19.0,5.291502622127943,28.0,14.0,21.416666666666668,6.331139971073718,34.0,14.0,18.083333333333332,5.919141144123466,34.0,11.0,30.9,29.4,28.5,76.0,84.0,88.0,0.66,1.6,0.33,1006.0,1006.0,1006.0,2219.0,93.10000000000001,42.161,0.0,0.7978299026647518,9.887319473099508,8.617679733375654,22.19,31.035,0.03151090307067289,1004.89,4900,1.7689000000000001,1012036,209.0,34.833333333333336,1.0,-4.0,0.8000000000000007
52,58.9,5.0,64.0,16.3,53.0,87,0.0,1007,64,32.6,8.4,2.0,2023,7,24,10,0,205,30,0.49999999999999994,-0.8660254037844387,-0.4999999999999997,-0.8660254037844388,0.0,1.0,2,0,0,15.0,14.0,16.0,28.0,25.0,14.0,14.0,1.0000000000083995,15.0,13.0,16.5,3.3911649915606206,22.0,13.0,20.416666666666668,6.653206107971227,34.0,13.0,18.041666666666668,5.952560038713597,34.0,11.0,31.7,30.0,28.2,70.0,83.0,88.0,1.33,1.2,1.6,1006.0,1006.0,1006.0,2086.4,128.0,65.2,0.0,0.7974970860683392,11.777644471105777,12.79744051189762,20.864,31.6,0.03237335414761257,1062.76,4096,4.0,1014049,210.20000000000002,35.03333333333334,-2.0,-3.0,0.9000000000000021
61,58.6,4.3,72.3,21.3,51.7,87,0.0,1006,59,33.1,8.0,2.0,2023,7,24,11,0,205,30,0.258819045102521,-0.9659258262890682,-0.4999999999999997,-0.8660254037844388,0.0,1.0,2,0,0,13.0,15.0,14.0,22.0,17.0,16.0,15.0,2.0000000000041287,17.0,13.0,15.666666666666666,2.160246899466083,19.0,13.0,20.416666666666668,6.653206107971227,34.0,13.0,18.083333333333332,5.941136376929302,34.0,11.0,32.6,30.9,28.8,64.0,76.0,86.0,2.0,0.66,1.2,1007.0,1006.0,1006.0,1952.9,118.0,66.2,0.0,0.7980845969672785,13.624738432922577,16.810044175773076,19.529,32.1,0.03290255178672785,1095.6100000000001,3481,4.0,1012036,225.2,37.53333333333333,4.0,3.0,0.5
46,58.2,3.7,80.7,13.8,50.3,87,0.0,1006,55,33.6,10.7,2.0,2023,7,24,12,0,205,30,1.2246467991473532e-16,-1.0,-0.4999999999999997,-0.8660254037844388,0.0,1.0,2,1,0,17.0,13.0,15.0,19.0,16.0,15.0,13.666666666666666,3.0550504633066584,17.0,11.0,14.333333333333334,2.160246899466014,17.0,11.0,20.0,7.096734204099133,34.0,11.0,17.916666666666668,6.08574004407477,34.0,11.0,33.1,31.7,29.4,59.0,70.0,84.0,2.0,1.33,1.6,1006.0,1006.0,1006.0,1848.0,110.0,67.2,0.0,0.7970436924860518,15.725479600108079,21.804917589840585,18.48,32.6,0.0333995691853189,1128.96,3025,4.0,1012036,217.70000000000005,36.28333333333334,-6.0,-4.0,0.5
56,57.8,3.0,89.0,18.8,49.0,87,0.0,1005,51,34.1,8.0,2.0,2023,7,24,13,0,205,30,-0.2588190451025208,-0.9659258262890683,-0.4999999999999997,-0.8660254037844388,0.0,1.0,2,1,0,11.0,17.0,13.0,16.0,23.0,15.0,14.333333333333334,3.0550504633066273,17.0,11.0,14.166666666666666,2.0412414523158424,17.0,11.0,19.333333333333332,7.164728420067826,34.0,11.0,17.916666666666668,6.08574004407477,34.0,11.0,33.6,32.6,30.0,55.0,64.0,83.0,2.0,2.0,1.2,1006.0,1007.0,1006.0,1739.1000000000001,102.0,68.2,0.0,0.7978299026647518,19.260246584471844,29.656781072975676,17.391000000000002,33.1,0.03393031449719951,1162.8100000000002,2601,4.0,1010025,232.60000000000002,38.76666666666667,4.0,2.0,0.5
67,59.5,3.3,88.7,25.0,50.3,83,0.0,1004,49,34.6,7.6,1.66,2023,7,24,14,0,205,30,-0.4999999999999997,-0.8660254037844388,-0.4999999999999997,-0.8660254037844388,0.0,1.0,2,1,0,15.0,11.0,17.0,14.0,34.0,16.0,15.333333333333334,4.509249752824715,20.0,11.0,15.166666666666666,3.1251666622202263,20.0,11.0,18.166666666666668,5.507570547285597,28.0,11.0,18.083333333333332,6.085740044074775,34.0,11.0,34.1,33.1,30.9,51.0,59.0,76.0,2.0,2.0,0.66,1005.0,1006.0,1006.0,1695.4,81.33999999999999,57.436,0.0,0.7999680012799487,18.024840957285672,26.870645259012424,16.954,33.77,0.03446211706960452,1197.16,2401,2.7556,1008016,246.8,41.13333333333333,5.0,3.0,0.5
69,61.3,3.7,88.3,26.3,51.7,79,0.0,1004,47,35.0,5.1,1.33,2023,7,24,15,0,205,30,-0.7071067811865471,-0.7071067811865479,-0.4999999999999997,-0.8660254037844388,0.0,1.0,2,1,0,20.0,15.0,11.0,15.0,28.0,21.0,18.666666666666668,3.214550253666726,21.0,15.0,16.166666666666668,3.920034013456124,21.0,11.0,17.583333333333332,4.679905463950065,28.0,11.0,18.083333333333332,6.085740044074775,34.0,11.0,34.6,33.6,31.7,49.0,55.0,70.0,1.66,2.0,1.33,1004.0,1006.0,1006.0,1645.0,62.510000000000005,46.550000000000004,0.0,0.79844872818524,16.563091056471222,23.85841664415023,16.45,34.335,0.0348605230472878,1225.0,2209,1.7689000000000001,1008016,252.3,42.050000000000004,1.0,10.0,0.3999999999999986
56,63.0,4.0,88.0,18.8,53.0,75,0.0,1003,46,35.5,2.7,1.0,2023,7,24,16,0,205,30,-0.8660254037844385,-0.5000000000000004,-0.4999999999999997,-0.8660254037844388,0.0,1.0,2,1,0,21.0,20.0,15.0,13.0,28.0,11.0,18.666666666666668,3.214550253666726,21.0,15.0,16.5,3.674234614172908,21.0,11.0,16.5,3.3709993123154205,22.0,11.0,18.25,5.9362555904189245,34.0,11.0,35.0,34.1,32.6,47.0,51.0,64.0,1.33,2.0,2.0,1004.0,1005.0,1007.0,1633.0,46.0,35.5,0.0,0.7978299026647518,15.746063484128966,21.994501374656334,16.33,35.0,0.0353937832564474,1260.25,2116,1.0,1006009,241.8,40.300000000000004,-6.0,0.0,0.5
67,80.1,7.7,77.3,25.0,59.3,75,0.0,1003,51,34.7,1.4,1.33,2023,7,24,17,0,205,30,-0.9659258262890683,-0.25881904510252063,-0.4999999999999997,-0.8660254037844388,0.0,1.0,2,1,0,15.0,21.0,20.0,17.0,22.0,11.0,18.666666666666668,3.214550253666726,21.0,15.0,17.0,3.949683531624584,21.0,11.0,16.333333333333332,3.1139957766452406,21.0,11.0,18.625,5.739356879590414,34.0,11.0,35.5,34.6,33.1,46.0,49.0,59.0,1.0,1.66,2.0,1003.0,1004.0,1006.0,1769.7,67.83,46.151,0.0,0.7999680012799487,10.401246591351772,10.037657447084793,17.697,34.035000000000004,0.03459617687320352,1204.0900000000001,2601,1.7689000000000001,1006009,269.4,44.9,5.0,0.0,-0.7999999999999972
67,97.3,11.3,66.7,25.0,65.7,76,0.0,1003,56,33.8,1.4,1.66,2023,7,24,18,0,205,30,-1.0,-1.8369701987210297e-16,-0.4999999999999997,-0.8660254037844388,0.0,1.0,2,2,0,20.0,15.0,21.0,11.0,19.0,12.0,18.333333333333332,2.8867513459508256,20.0,15.0,18.5,2.738612787523417,21.0,15.0,16.416666666666668,3.2039275140280874,21.0,11.0,18.958333333333332,5.567601674490972,34.0,11.0,34.7,35.0,33.6,51.0,47.0,55.0,1.33,1.33,2.0,1003.0,1004.0,1006.0,1892.7999999999997,92.96,56.10799999999999,0.0,0.7999680012799487,8.60985753473144,5.902132554641183,18.927999999999997,32.97,0.03369886969205414,1142.4399999999998,3136,2.7556,1006009,286.0,47.666666666666664,0.0,-1.0,-0.9000000000000057
63,114.4,15.0,56.0,22.5,72.0,77,0.0,1002,62,33.0,0.0,2.0,2023,7,24,19,0,205,30,-0.9659258262890684,0.2588190451025203,-0.4999999999999997,-0.8660254037844388,0.0,1.0,2,2,0,20.0,20.0,15.0,15.0,16.0,16.0,19.333333333333332,1.1547005383858708,20.0,18.0,19.0,2.190890230017673,21.0,15.0,16.583333333333332,3.2321772378637217,21.0,11.0,19.041666666666668,5.536276936609854,34.0,11.0,33.8,35.5,34.1,56.0,46.0,51.0,1.66,1.0,2.0,1003.0,1003.0,1005.0,2046.0,124.0,66.0,0.0,0.7999644460246211,7.62615825611626,3.733084461035931,20.46,32.0,0.032934098868164806,1089.0,3844,4.0,1004004,297.9,49.65,-2.0,3.0,-0.7999999999999972
59,111.7,14.0,49.7,20.0,61.0,78,0.0,1003,66,32.2,0.0,1.66,2023,7,24,20,0,205,30,-0.8660254037844386,0.5000000000000001,-0.4999999999999997,-0.8660254037844388,0.0,1.0,2,2,0,18.0,20.0,20.0,20.0,14.0,12.0,18.0,2.000000000003917,20.0,16.0,18.333333333333332,2.4221202832752575,21.0,15.0,16.75,3.1370223287225305,21.0,11.0,19.208333333333332,5.3728720088222905,34.0,11.0,33.0,34.7,34.6,62.0,51.0,49.0,2.0,1.33,1.66,1002.0,1003.0,1004.0,2125.2000000000003,109.55999999999999,53.452000000000005,0.0,0.7999600019998999,7.9780015713163355,3.5497464466823803,21.252000000000002,31.370000000000005,0.03210365692556638,1036.8400000000001,4356,2.7556,1006009,272.4,45.4,-2.0,-4.0,-0.7999999999999972
56,108.9,13.0,43.3,18.8,50.0,79,0.0,1004,71,31.3,0.0,1.33,2023,7,24,21,0,205,30,-0.7071067811865477,0.7071067811865474,-0.4999999999999997,-0.8660254037844388,0.0,1.0,2,2,0,16.0,18.0,20.0,21.0,15.0,18.0,16.333333333333332,1.5275252316572308,18.0,15.0,17.333333333333332,2.3380903888971436,20.0,15.0,16.75,3.1370223287225305,21.0,11.0,19.083333333333332,5.4367242908290265,34.0,11.0,32.2,33.8,35.0,66.0,56.0,47.0,1.66,1.66,1.33,1003.0,1003.0,1004.0,2222.3,94.43,41.629000000000005,0.0,0.7978299026647518,8.376278747788632,3.330513037458657,22.223000000000003,30.635,0.03117526775371738,979.69,5041,1.7689000000000001,1008016,249.0,41.5,-1.0,-5.0,-0.9000000000000021
59,106.2,12.0,37.0,20.0,39.0,80,0.0,1005,76,30.5,0.0,1.0,2023,7,24,22,0,205,30,-0.5000000000000004,0.8660254037844384,-0.4999999999999997,-0.8660254037844388,0.0,1.0,2,3,0,15.0,16.0,18.0,15.0,13.0,25.0,15.666666666666666,0.5773502692037703,16.0,15.0,17.5,2.167948338864781,20.0,15.0,17.0,2.9232609437833537,21.0,11.0,18.708333333333332,5.320012803732859,34.0,11.0,31.3,33.0,35.5,71.0,62.0,46.0,1.33,2.0,1.0,1004.0,1002.0,1003.0,2318.0,76.0,30.5,0.0,0.7999600019998999,8.849262561453212,3.083076410299142,23.18,30.0,0.030348228509225365,930.25,5776,1.0,1010025,230.2,38.36666666666667,1.0,-2.0,-0.8000000000000007
74,106.2,13.0,33.3,28.8,40.7,0,0.0,1005,78,29.7,0.0,0.66,2023,7,24,23,0,205,30,-0.25881904510252157,0.9659258262890681,-0.4999999999999997,-0.8660254037844388,0.0,1.0,2,3,0,16.0,15.0,16.0,20.0,17.0,17.0,18.0,4.358898943542471,23.0,15.0,18.0,3.033150177618424,23.0,15.0,17.5,3.397860289277514,23.0,11.0,18.958333333333332,5.376916577747469,34.0,11.0,30.5,32.2,34.7,76.0,66.0,51.0,1.0,1.66,1.33,1005.0,1003.0,1003.0,2316.6,51.480000000000004,19.602,0.0,0.7985833825214401,8.168602415198832,2.5613414352742097,23.166,29.37,0.029552209400786667,882.0899999999999,6084,0.43560000000000004,1010025,245.0,40.833333333333336,7.0,7.0,-0.8000000000000007
74,106.2,14.0,29.7,28.8,42.3,0,0.0,1005,80,29.0,0.0,0.33,2023,7,25,0,1,206,30,0.0,1.0,-0.4999999999999997,-0.8660254037844388,0.7818314824680298,0.6234898018587336,2,3,0,23.0,16.0,15.0,20.0,11.0,16.0,20.666666666666668,4.041451884329225,23.0,16.0,18.5,3.619392214168946,23.0,15.0,18.5,3.06000594176396,23.0,15.0,19.25,5.399275313691752,34.0,11.0,29.7,31.3,33.8,78.0,71.0,56.0,0.66,1.33,1.66,1005.0,1004.0,1003.0,2320.0,26.400000000000002,9.57,0.0,0.7985833825214401,7.585172487679452,2.1212770516391686,23.2,28.835,0.028855692680902805,841.0,6400,0.10890000000000001,1010025,244.0,40.666666666666664,0.0,8.0,-0.6999999999999993
52,106.2,15.0,26.0,16.3,44.0,82,0.0,1005,82,28.2,0.0,2.0,2023,7,25,1,1,206,30,0.25881904510252074,0.9659258262890683,-0.4999999999999997,-0.8660254037844388,0.7818314824680298,0.6234898018587336,2,3,0,23.0,23.0,16.0,18.0,15.0,23.0,19.666666666666668,5.773502691897573,23.0,13.0,17.666666666666668,4.273952113284994,23.0,13.0,18.333333333333332,3.31205328605857,23.0,13.0,18.833333333333332,5.482515026380712,34.0,11.0,29.0,30.5,33.0,80.0,76.0,62.0,0.33,1.0,2.0,1005.0,1005.0,1002.0,2312.4,164.0,56.4,0.0,0.7974970860683392,7.079528031464569,1.733217785480968,23.124000000000002,27.2,0.028059673572464108,795.24,6724,4.0,1010025,220.5,36.75,-10.0,-3.0,-0.8000000000000007
78,108.2,16.0,23.7,31.3,48.7,83,0.0,1005,84,28.2,0.0,1.6,2023,7,25,2,1,206,30,0.49999999999999994,0.8660254037844387,-0.4999999999999997,-0.8660254037844388,0.7818314824680298,0.6234898018587336,2,3,0,13.0,23.0,23.0,16.0,20.0,34.0,20.333333333333332,6.429100507329803,25.0,13.0,19.166666666666668,5.076087732363735,25.0,13.0,18.75,3.816828764586664,25.0,13.0,18.458333333333332,4.643641437180401,28.0,11.0,28.2,29.7,32.2,82.0,78.0,66.0,2.0,0.66,1.66,1005.0,1005.0,1003.0,2368.7999999999997,134.4,45.120000000000005,0.0,0.7986965272674994,6.762077370164365,1.481157427660771,23.688,27.4,0.028059673572464108,795.24,7056,2.5600000000000005,1010025,252.90000000000003,42.150000000000006,12.0,2.0,0.0
78,110.1,17.0,21.3,31.3,53.3,84,0.0,1005,86,28.2,0.0,2.0,2023,7,25,3,1,206,30,0.7071067811865476,0.7071067811865476,-0.4999999999999997,-0.8660254037844388,0.7818314824680298,0.6234898018587336,2,3,0,25.0,13.0,23.0,15.0,21.0,28.0,21.0,6.928203230276578,25.0,13.0,20.833333333333332,5.0760877323637725,25.0,13.0,19.083333333333332,4.1878250665319205,25.0,13.0,18.333333333333332,4.410133259020209,28.0,11.0,28.2,29.0,31.3,84.0,80.0,71.0,1.6,0.33,1.33,1005.0,1005.0,1004.0,2425.2,172.0,56.4,0.0,0.7986965272674994,6.4760896417857765,1.2528674783836244,24.252,27.2,0.028059673572464108,795.24,7396,4.0,1010025,258.0,43.0,0.0,2.0,0.0
98,112.1,18.0,19.0,42.5,58.0,85,0.0,1005,88,28.2,0.0,2.4,2023,7,25,4,1,206,30,0.8660254037844386,0.5000000000000001,-0.4999999999999997,-0.8660254037844388,0.7818314824680298,0.6234898018587336,2,3,0,25.0,25.0,13.0,16.0,15.0,28.0,28.0,5.196152422707864,34.0,25.0,23.833333333333332,6.705718952256698,34.0,13.0,20.666666666666668,5.789227194984282,34.0,13.0,18.583333333333332,5.098308898368739,34.0,11.0,28.2,28.2,30.5,86.0,82.0,76.0,2.0,2.0,1.0,1005.0,1005.0,1005.0,2481.6,211.2,67.67999999999999,0.0,0.7999811769134845,6.2274318093439245,1.0554969168379533,24.816,27.0,0.028059673572464108,795.24,7744,5.76,1010025,283.6,47.26666666666667,9.0,21.0,0.0
74,99.4,15.0,24.3,28.8,54.3,85,0.0,1006,87,28.5,0.0,0.33,2023,7,25,5,1,206,30,0.9659258262890683,0.25881904510252074,-0.4999999999999997,-0.8660254037844388,0.7818314824680298,0.6234898018587336,2,3,0,34.0,25.0,25.0,23.0,20.0,22.0,27.333333333333332,5.859465277083424,34.0,23.0,23.833333333333332,6.705718952256698,34.0,13.0,20.916666666666668,5.822500764406062,34.0,13.0,18.625,5.131424922877456,34.0,11.0,28.2,28.2,29.7,88.0,84.0,78.0,2.4,1.6,0.66,1005.0,1005.0,1005.0,2479.5,28.71,9.405000000000001,0.0,0.7985833825214401,6.626224918338778,1.6198920071995202,24.795,28.335,0.02832999171969014,812.25,7569,0.10890000000000001,1012036,244.8,40.800000000000004,-11.0,-2.0,0.3000000000000007
61,86.8,12.0,29.7,21.3,50.7,86,0.0,1006,86,28.9,0.7,0.66,2023,7,25,6,1,206,30,1.0,6.123233995736766e-17,-0.4999999999999997,-0.8660254037844388,0.7818314824680298,0.6234898018587336,2,0,0,23.0,34.0,25.0,23.0,20.0,19.0,24.666666666666668,8.621678104252505,34.0,17.0,22.833333333333332,7.277820186474411,34.0,13.0,20.666666666666668,5.928871321888274,34.0,13.0,18.541666666666668,5.141300517815527,34.0,11.0,28.5,28.2,29.0,87.0,86.0,80.0,0.33,2.0,0.33,1006.0,1005.0,1005.0,2485.4,56.760000000000005,19.074,0.0,0.7980845969672785,7.2327306057828515,2.474793767186068,24.854,28.57,0.028727605638562984,835.2099999999999,7396,0.43560000000000004,1012036,217.5,36.25,-6.0,-8.0,0.3999999999999986
52,74.1,9.0,35.0,16.3,47.0,87,0.0,1006,85,29.2,0.8,1.0,2023,7,25,7,1,206,30,0.9659258262890683,-0.25881904510252063,-0.4999999999999997,-0.8660254037844388,0.7818314824680298,0.6234898018587336,2,0,0,17.0,23.0,34.0,13.0,18.0,16.0,17.666666666666668,5.033222956848727,23.0,13.0,22.833333333333332,7.277820186474411,34.0,13.0,20.25,6.297546419764211,34.0,13.0,18.416666666666668,5.241279852550427,34.0,11.0,28.9,28.2,28.2,86.0,88.0,82.0,0.66,2.4,2.0,1006.0,1005.0,1005.0,2482.0,85.0,29.2,0.0,0.7974970860683392,8.232418620153316,3.888456838129097,24.82,28.7,0.029025816077717616,852.64,7225,1.0,1012036,194.4,32.4,-4.0,-21.0,0.3000000000000007
52,68.5,7.3,45.3,16.3,46.3,87,0.0,1006,76,30.3,1.4,1.33,2023,7,25,8,1,206,30,0.8660254037844387,-0.4999999999999998,-0.4999999999999997,-0.8660254037844388,0.7818314824680298,0.6234898018587336,2,0,0,13.0,17.0,23.0,25.0,16.0,14.0,14.333333333333334,2.3094010767621063,17.0,13.0,20.833333333333332,8.158839786798977,34.0,13.0,20.0,6.536610186271389,34.0,13.0,18.375,5.2817363745677595,34.0,11.0,29.2,28.5,28.2,85.0,87.0,84.0,1.0,0.33,1.6,1006.0,1006.0,1005.0,2302.8,101.08000000000001,40.29900000000001,0.0,0.7974970860683392,9.382276400493083,6.204629502807834,23.028000000000002,29.635,0.03011925435461794,918.09,5776,1.7689000000000001,1012036,196.7,32.78333333333333,0.0,-10.0,1.1000000000000014
52,62.8,5.7,55.7,16.3,45.7,87,0.0,1006,68,31.4,2.5,1.66,2023,7,25,9,1,206,30,0.7071067811865476,-0.7071067811865475,-0.4999999999999997,-0.8660254037844388,0.7818314824680298,0.6234898018587336,2,0,0,13.0,13.0,17.0,25.0,15.0,15.0,13.0,0.0,13.0,13.0,18.833333333333332,8.400396816023248,34.0,13.0,19.833333333333332,6.699163222282471,34.0,13.0,18.291666666666668,5.352603321640596,34.0,11.0,30.3,28.9,28.2,76.0,86.0,86.0,1.33,0.66,2.0,1006.0,1006.0,1005.0,2135.2,112.88,52.123999999999995,0.0,0.7974970860683392,11.015611296263812,9.770215751622523,21.351999999999997,30.57,0.031212692631518258,985.9599999999999,4624,2.7556,1012036,199.2,33.199999999999996,0.0,-4.0,1.0999999999999979
56,57.2,4.0,66.0,18.8,45.0,87,0.0,1006,61,32.5,3.9,2.0,2023,7,25,10,1,206,30,0.49999999999999994,-0.8660254037844387,-0.4999999999999997,-0.8660254037844388,0.7818314824680298,0.6234898018587336,2,0,0,13.0,13.0,13.0,34.0,16.0,13.0,13.666666666666666,1.1547005383865387,15.0,13.0,15.666666666666666,3.932768320998938,23.0,13.0,19.75,6.757151094143531,34.0,13.0,18.375,5.2817363745677595,34.0,11.0,31.4,29.2,28.2,68.0,85.0,88.0,1.66,1.0,2.4,1006.0,1006.0,1005.0,1982.5,122.0,65.0,0.0,0.7978299026647518,14.296425893526617,16.49587603099225,19.825,31.5,0.03230613090841858,1056.25,3721,4.0,1012036,206.0,34.333333333333336,2.0,2.0,1.1000000000000014
61,56.6,3.7,75.3,21.3,46.3,75,0.0,1006,56,33.4,5.5,2.0,2023,7,25,11,1,206,30,0.258819045102521,-0.9659258262890682,-0.4999999999999997,-0.8660254037844388,0.7818314824680298,0.6234898018587336,2,0,0,15.0,13.0,13.0,23.0,23.0,17.0,15.0,2.000000000004115,17.0,13.0,14.666666666666666,1.9663841604967671,17.0,13.0,19.25,6.7166685465065665,34.0,13.0,18.375,5.2817363745677595,34.0,11.0,32.5,30.3,28.5,61.0,76.0,87.0,2.0,1.33,0.33,1006.0,1006.0,1006.0,1870.3999999999999,112.0,66.8,0.0,0.7980845969672785,15.293164009727102,20.34585247230478,18.703999999999997,32.4,0.03320076222588248,1115.56,3136,4.0,1012036,220.2,36.699999999999996,2.0,4.0,0.8999999999999986
61,56.0,3.3,84.7,21.3,47.7,62,0.0,1005,51,34.3,9.4,2.0,2023,7,25,12,1,206,30,1.2246467991473532e-16,-1.0,-0.4999999999999997,-0.8660254037844388,0.7818314824680298,0.6234898018587336,2,1,0,17.0,15.0,13.0,17.0,23.0,11.0,16.333333333333332,1.154700538386219,17.0,15.0,14.666666666666666,1.9663841604967671,17.0,13.0,18.75,6.634962492186494,34.0,13.0,18.625,5.054593261922837,34.0,13.0,33.4,31.4,28.9,56.0,68.0,86.0,2.0,1.66,0.66,1006.0,1006.0,1006.0,1749.3,102.0,68.6,0.0,0.7980845969672785,16.9645561950924,25.658891245077253,17.493,33.3,0.03412931927430918,1176.4899999999998,2601,4.0,1010025,230.0,38.333333333333336,0.0,4.0,0.8999999999999986
59,55.4,3.0,94.0,20.0,49.0,50,0.0,1004,47,35.2,9.2,2.0,2023,7,25,13,1,206,30,-0.2588190451025208,-0.9659258262890683,-0.4999999999999997,-0.8660254037844388,0.7818314824680298,0.6234898018587336,2,1,0,17.0,17.0,15.0,13.0,13.0,15.0,16.666666666666668,0.577350269203482,17.0,16.0,15.166666666666666,1.8348478592659092,17.0,13.0,19.0,6.4526245541142355,34.0,13.0,18.666666666666668,5.027460822208172,34.0,13.0,34.3,32.5,29.2,51.0,61.0,85.0,2.0,2.0,1.0,1005.0,1006.0,1006.0,1654.4,94.0,70.4,0.0,0.7999600019998999,18.46051316227924,31.322892369210265,16.544,34.2,0.03505972603612945,1239.0400000000002,2209,4.0,1008016,237.4,39.56666666666667,-1.0,1.0,0.9000000000000057
61,56.8,3.3,93.3,21.3,50.3,37,0.0,1004,45,35.5,7.8,1.66,2023,7,25,14,1,206,30,-0.4999999999999997,-0.8660254037844388,-0.4999999999999997,-0.8660254037844388,0.7818314824680298,0.6234898018587336,2,1,0,16.0,17.0,17.0,13.0,25.0,20.0,16.666666666666668,0.577350269203482,17.0,16.0,15.833333333333334,1.6020819787554073,17.0,13.0,18.333333333333332,6.184045944397458,34.0,13.0,18.541666666666668,5.030162644674773,34.0,13.0,35.2,33.4,30.3,47.0,56.0,76.0,2.0,2.0,1.33,1004.0,1006.0,1006.0,1597.5,74.7,58.93,0.0,0.7980845969672785,17.206906997879432,28.26416237503787,15.975,34.67,0.03535853051939191,1260.25,2025,2.7556,1008016,242.0,40.333333333333336,1.0,0.0,0.29999999999999716
65,58.2,3.7,92.7,23.8,51.7,25,0.0,1003,44,35.9,5.7,1.33,2023,7,25,15,1,206,30,-0.7071067811865471,-0.7071067811865479,-0.4999999999999997,-0.8660254037844388,0.7818314824680298,0.6234898018587336,2,1,0,17.0,16.0,17.0,13.0,25.0,21.0,17.333333333333332,1.5275252316571244,19.0,16.0,16.833333333333332,1.3291601358200118,19.0,15.0,17.833333333333332,5.8283528521951595,34.0,13.0,18.458333333333332,5.004164932000552,34.0,13.0,35.5,34.3,31.4,45.0,51.0,68.0,1.66,2.0,1.66,1004.0,1005.0,1006.0,1579.6,58.52,47.747,0.0,0.7982857863114995,15.725479600108079,25.04728451769792,15.796,35.235,0.03579258644806935,1288.81,1936,1.7689000000000001,1006009,249.10000000000002,41.51666666666667,2.0,2.0,0.3999999999999986
63,59.5,4.0,92.0,22.5,53.0,12,0.0,1002,43,36.2,3.4,1.0,2023,7,25,16,1,206,30,-0.8660254037844385,-0.5000000000000004,-0.4999999999999997,-0.8660254037844388,0.7818314824680298,0.6234898018587336,2,1,0,19.0,17.0,16.0,15.0,34.0,15.0,18.0,1.0000000000078184,19.0,17.0,17.333333333333332,1.0327955589821198,19.0,16.0,16.5,2.876234912645691,23.0,13.0,18.583333333333332,4.951211241062197,34.0,13.0,35.9,35.2,32.5,44.0,47.0,61.0,1.33,2.0,2.0,1003.0,1004.0,1006.0,1556.6000000000001,43.0,36.2,0.0,0.7999644460246211,14.871282179455134,22.99425143714071,15.566,35.7,0.03612770845538079,1310.4400000000003,1849,1.0,1004004,249.0,41.5,-1.0,2.0,0.30000000000000426
56,76.8,7.3,79.7,18.8,55.3,14,0.0,1002,48,35.2,1.6,1.33,2023,7,25,17,1,206,30,-0.9659258262890683,-0.25881904510252063,-0.4999999999999997,-0.8660254037844388,0.7818314824680298,0.6234898018587336,2,1,0,18.0,19.0,17.0,17.0,23.0,20.0,17.333333333333332,2.0816659994699327,19.0,15.0,17.0,1.414213562368303,19.0,15.0,15.833333333333334,2.0375267241216615,19.0,13.0,18.375,4.994018160890261,34.0,13.0,36.2,35.5,33.4,43.0,45.0,56.0,1.0,1.66,2.0,1002.0,1004.0,1006.0,1689.6000000000001,63.84,46.81600000000001,0.0,0.7978299026647518,10.51910697164772,10.916312833858376,16.896,34.535000000000004,0.03512970545937579,1239.0400000000002,2304,1.7689000000000001,1004004,252.90000000000003,42.150000000000006,-3.0,-2.0,-1.0
52,94.2,10.7,67.3,16.3,57.7,16,0.0,1002,54,34.2,0.9,1.66,2023,7,25,18,1,206,30,-1.0,-1.8369701987210297e-16,-0.4999999999999997,-0.8660254037844388,0.7818314824680298,0.6234898018587336,2,2,0,15.0,18.0,19.0,17.0,17.0,20.0,15.333333333333334,2.516611478426834,18.0,13.0,16.333333333333332,2.160246899466115,19.0,13.0,15.5,2.153221687694624,19.0,13.0,18.083333333333332,5.098308898368723,34.0,13.0,35.2,35.9,34.3,48.0,44.0,51.0,1.33,1.33,2.0,1002.0,1003.0,1005.0,1846.8000000000002,89.64,56.772,0.0,0.7974970860683392,8.802915615363052,6.2891318568358106,18.468000000000004,33.370000000000005,0.0341317024633708,1169.64,2916,2.7556,1004004,259.2,43.199999999999996,-2.0,-6.0,-1.0
52,111.5,14.0,55.0,16.3,60.0,17,0.0,1002,60,33.2,0.0,2.0,2023,7,25,19,1,206,30,-0.9659258262890684,0.2588190451025203,-0.4999999999999997,-0.8660254037844388,0.7818314824680298,0.6234898018587336,2,2,0,13.0,15.0,18.0,16.0,13.0,18.0,13.666666666666666,1.1547005383865305,15.0,13.0,15.833333333333334,2.5625508125016467,19.0,13.0,15.5,2.153221687694624,19.0,13.0,17.875,5.202946489625879,34.0,13.0,34.2,36.2,35.2,54.0,43.0,47.0,1.66,1.0,2.0,1002.0,1002.0,1004.0,1992.0000000000002,120.0,66.4,0.0,0.7974970860683392,7.963716877365902,3.928290836368831,19.92,32.2,0.0331336994673658,1102.2400000000002,3600,4.0,1004004,269.8,44.96666666666667,0.0,-5.0,-1.0
61,110.3,13.3,48.0,21.3,52.7,19,0.0,1002,63,32.6,0.0,2.0,2023,7,25,20,1,206,30,-0.8660254037844386,0.5000000000000001,-0.4999999999999997,-0.8660254037844388,0.7818314824680298,0.6234898018587336,2,2,0,13.0,13.0,15.0,17.0,13.0,16.0,14.333333333333334,2.3094010767621036,17.0,13.0,15.833333333333334,2.5625508125016467,19.0,13.0,15.833333333333334,2.0375267241216615,19.0,13.0,17.916666666666668,5.191269147551114,34.0,13.0,33.2,35.2,35.5,60.0,48.0,45.0,2.0,1.33,1.66,1002.0,1002.0,1004.0,2053.8,126.0,65.2,0.0,0.7980845969672785,8.2926095782272,3.608751221712653,20.538,31.6,0.03253489766976281,1062.76,3969,4.0,1004004,262.6,43.76666666666667,4.0,2.0,-0.6000000000000014
59,109.1,12.7,41.0,20.0,45.3,21,0.0,1003,66,32.0,0.0,2.0,2023,7,25,21,1,206,30,-0.7071067811865477,0.7071067811865474,-0.4999999999999997,-0.8660254037844388,0.7818314824680298,0.6234898018587336,2,2,0,17.0,13.0,13.0,19.0,13.0,15.0,15.333333333333334,2.081665999470063,17.0,13.0,15.333333333333334,2.0655911179739173,18.0,13.0,16.083333333333332,1.8319554050400255,19.0,13.0,17.958333333333332,5.170814137113899,34.0,13.0,32.6,34.2,35.9,63.0,54.0,44.0,2.0,1.66,1.33,1002.0,1002.0,1003.0,2112.0,132.0,64.0,0.0,0.7999600019998999,8.58987481300685,3.228092276198725,21.12,31.0,0.0319042553297554,1024.0,4356,4.0,1006009,244.10000000000002,40.68333333333334,-1.0,3.0,-0.6000000000000014
50,108.0,12.0,34.0,15.0,38.0,23,0.0,1003,70,31.4,0.0,2.0,2023,7,25,22,1,206,30,-0.5000000000000004,0.8660254037844384,-0.4999999999999997,-0.8660254037844388,0.7818314824680298,0.6234898018587336,2,3,0,16.0,17.0,13.0,18.0,15.0,16.0,15.0,2.6457513110677002,17.0,12.0,14.333333333333334,1.966384160496751,17.0,12.0,15.833333333333334,2.167249338900463,19.0,12.0,17.791666666666668,5.299541954502617,34.0,12.0,32.0,33.2,36.2,66.0,60.0,43.0,2.0,2.0,1.0,1003.0,1002.0,1002.0,2198.0,140.0,62.8,0.0,0.7999466702219852,8.999250062494793,2.8330972418965086,21.98,30.4,0.03130605054232249,985.9599999999999,4900,4.0,1006009,219.0,36.5,-4.0,-1.0,-0.6000000000000014
42,97.1,11.3,33.0,12.5,34.7,14,0.0,1003,73,30.8,0.0,2.0,2023,7,25,23,1,206,30,-0.25881904510252157,0.9659258262890681,-0.4999999999999997,-0.8660254037844388,0.7818314824680298,0.6234898018587336,2,3,0,12.0,16.0,17.0,15.0,17.0,23.0,12.666666666666666,3.0550504633066895,16.0,10.0,13.5,2.5884358211061866,17.0,10.0,15.25,2.701009912134613,19.0,10.0,17.25,5.407321928161815,34.0,10.0,31.4,32.6,35.2,70.0,63.0,48.0,2.0,2.0,1.33,1003.0,1002.0,1002.0,2248.4,146.0,61.6,0.0,0.7999360051195905,8.59215998584196,2.920095566764003,22.484,29.8,0.03070784575488958,948.6400000000001,5329,4.0,1006009,198.59999999999997,33.099999999999994,-2.0,-7.0,-0.5999999999999979
63,86.2,10.7,32.0,22.5,31.3,18,0.0,1004,77,30.2,0.0,2.0,2023,7,26,0,2,207,30,0.0,1.0,-0.4999999999999997,-0.8660254037844388,0.9749279121818236,-0.22252093395631434,2,3,0,10.0,12.0,16.0,13.0,17.0,23.0,13.333333333333334,4.1633319989342965,18.0,10.0,14.333333333333334,3.1411250638350126,18.0,10.0,15.333333333333334,2.774341308664918,19.0,10.0,17.041666666666668,5.270749197357639,34.0,10.0,30.8,32.0,34.2,73.0,66.0,54.0,2.0,2.0,1.66,1003.0,1003.0,1002.0,2325.4,154.0,60.4,0.0,0.7999644460246211,8.05532193252967,2.9903747313335205,23.254,29.2,0.030079651315088333,912.04,5929,4.0,1008016,200.70000000000002,33.45,8.0,2.0,-0.6000000000000014
65,75.3,10.0,31.0,23.8,28.0,0,0.0,1004,81,29.6,0.0,2.0,2023,7,26,1,2,207,30,0.25881904510252074,0.9659258262890683,-0.4999999999999997,-0.8660254037844388,0.9749279121818236,-0.22252093395631434,2,3,0,18.0,10.0,12.0,13.0,16.0,13.0,15.666666666666666,4.932882862317897,19.0,10.0,15.333333333333334,3.55902608400848,19.0,10.0,15.583333333333334,2.9682665076776535,19.0,10.0,17.291666666666668,5.212686586518738,34.0,10.0,30.2,31.4,33.2,77.0,70.0,60.0,2.0,2.0,2.0,1004.0,1003.0,1002.0,2397.6,162.0,59.2,0.0,0.7982857863114995,7.529247075292471,3.0996900309969004,23.976,28.6,0.0294820423485634,876.1600000000001,6561,4.0,1008016,187.1,31.183333333333334,1.0,7.0,-0.5999999999999979
69,75.5,11.0,28.3,26.3,33.7,0,0.0,1004,82,29.2,0.0,1.66,2023,7,26,2,2,207,30,0.49999999999999994,0.8660254037844387,-0.4999999999999997,-0.8660254037844388,0.9749279121818236,-0.22252093395631434,2,3,0,19.0,18.0,10.0,17.0,17.0,25.0,19.333333333333332,1.527525231656951,21.0,18.0,16.0,4.242640687117661,21.0,10.0,15.916666666666666,3.3427896171068268,21.0,10.0,17.125,5.015736107058377,34.0,10.0,29.6,30.8,32.6,81.0,73.0,63.0,2.0,2.0,2.0,1004.0,1003.0,1002.0,2394.4,136.12,48.471999999999994,0.0,0.79844872818524,6.863012453413327,2.5724934096900283,23.944000000000003,28.37,0.029083636370880107,852.64,6724,2.7556,1008016,195.8,32.63333333333333,2.0,11.0,-0.40000000000000213
98,75.7,12.0,25.7,42.5,39.3,0,0.0,1004,83,28.9,0.0,1.33,2023,7,26,3,2,207,30,0.7071067811865476,0.7071067811865476,-0.4999999999999997,-0.8660254037844388,0.9749279121818236,-0.22252093395631434,2,3,0,21.0,19.0,18.0,16.0,19.0,25.0,24.666666666666668,8.144527815247928,34.0,19.0,19.0,8.485281374237797,34.0,10.0,17.166666666666668,6.191391873668467,34.0,10.0,17.5,5.890301535058296,34.0,10.0,29.2,30.2,32.0,82.0,77.0,66.0,1.66,2.0,2.0,1004.0,1004.0,1003.0,2398.7,110.39,38.437,0.0,0.7999811769134845,6.3078076826931095,2.1414882093158902,23.987,28.235,0.02878483188761764,835.2099999999999,6889,1.7689000000000001,1008016,229.2,38.199999999999996,13.0,16.0,-0.3000000000000007
104,75.9,13.0,23.0,46.3,45.0,0,0.0,1004,83,28.5,0.0,1.0,2023,7,26,4,2,207,30,0.8660254037844386,0.5000000000000001,-0.4999999999999997,-0.8660254037844388,0.9749279121818236,-0.22252093395631434,2,3,0,34.0,21.0,19.0,12.0,18.0,34.0,30.666666666666668,8.504900548116101,37.0,21.0,23.166666666666668,10.30372101071523,37.0,10.0,18.75,8.443663573677537,37.0,10.0,17.625,6.274950199005337,37.0,10.0,28.9,29.6,31.4,83.0,81.0,70.0,1.33,2.0,2.0,1004.0,1004.0,1003.0,2365.5,83.0,28.5,0.0,0.799118809528952,5.838012460579956,1.769094685024229,23.655,28.0,0.028386425909934353,812.25,6889,1.0,1008016,240.2,40.03333333333333,3.0,18.0,-0.3999999999999986
76,78.0,12.0,26.3,30.0,52.3,0,0.0,1004,84,28.9,0.0,1.33,2023,7,26,5,2,207,30,0.9659258262890683,0.25881904510252074,-0.4999999999999997,-0.8660254037844388,0.9749279121818236,-0.22252093395631434,2,3,0,37.0,34.0,21.0,10.0,15.0,23.0,31.666666666666668,6.806859285554924,37.0,24.0,25.5,8.068457101577001,37.0,18.0,19.5,8.479922812684391,37.0,10.0,17.666666666666668,6.315382646444444,37.0,10.0,28.5,29.2,30.8,83.0,82.0,73.0,1.0,1.66,2.0,1004.0,1004.0,1003.0,2427.6,111.72,38.437,0.0,0.7999733342221925,6.499458378468462,2.191484042996417,24.276,28.235,0.02878483188761764,835.2099999999999,7056,1.7689000000000001,1008016,222.60000000000002,37.1,-13.0,3.0,0.3999999999999986
65,80.1,11.0,29.7,23.8,59.7,0,0.0,1004,84,29.3,0.8,1.66,2023,7,26,6,2,207,30,1.0,6.123233995736766e-17,-0.4999999999999997,-0.8660254037844388,0.9749279121818236,-0.22252093395631434,2,0,0,24.0,37.0,34.0,18.0,13.0,17.0,26.666666666666668,9.291573243178286,37.0,19.0,25.666666666666668,7.890923055426092,37.0,19.0,20.0,8.235179525558383,37.0,10.0,17.75,6.319397329547559,37.0,10.0,28.9,28.9,30.2,84.0,83.0,77.0,1.33,1.33,2.0,1004.0,1004.0,1004.0,2461.2000000000003,139.44,48.638,0.0,0.7982857863114995,7.2811562585219525,2.6997545677665666,24.612000000000002,28.470000000000002,0.029183237865300932,858.49,7056,2.7556,1008016,223.3,37.21666666666667,-5.0,-15.0,0.40000000000000213
69,82.3,10.0,33.0,26.3,67.0,39,0.0,1004,85,29.7,1.0,2.0,2023,7,26,7,2,207,30,0.9659258262890683,-0.25881904510252063,-0.4999999999999997,-0.8660254037844388,0.9749279121818236,-0.22252093395631434,2,0,0,19.0,24.0,37.0,19.0,13.0,13.0,21.333333333333332,2.5166114784265146,24.0,19.0,26.0,7.58946638440335,37.0,19.0,20.666666666666668,7.935344792111496,37.0,10.0,18.083333333333332,6.268740020871231,37.0,10.0,29.3,28.5,29.6,84.0,83.0,81.0,1.66,1.0,2.0,1004.0,1004.0,1004.0,2524.5,170.0,59.4,0.0,0.79844872818524,8.229177082291772,3.2996700329967004,25.245,28.7,0.029581643842984222,882.0899999999999,7225,4.0,1008016,239.6,39.93333333333333,2.0,-16.0,0.3999999999999986
56,78.6,8.3,55.7,18.8,70.3,41,0.0,1004,77,30.6,1.5,1.66,2023,7,26,8,2,207,30,0.8660254037844387,-0.4999999999999998,-0.4999999999999997,-0.8660254037844388,0.9749279121818236,-0.22252093395631434,2,0,0,21.0,19.0,24.0,21.0,17.0,13.0,18.333333333333332,3.0550504633064417,21.0,15.0,25.0,8.694826047712986,37.0,15.0,20.5,8.039674348899819,37.0,10.0,18.166666666666668,6.211256728305862,37.0,10.0,29.7,28.9,29.2,85.0,84.0,82.0,2.0,1.33,1.66,1004.0,1004.0,1004.0,2356.2000000000003,127.82,50.796,0.0,0.7978299026647518,9.468738706179977,6.710034935549934,23.562,29.770000000000003,0.030478057292771622,936.3600000000001,5929,2.7556,1008016,246.7,41.11666666666667,-6.0,-9.0,0.9000000000000021
63,74.9,6.7,78.3,22.5,73.7,42,0.0,1004,70,31.6,2.7,1.33,2023,7,26,9,2,207,30,0.7071067811865476,-0.7071067811865475,-0.4999999999999997,-0.8660254037844388,0.9749279121818236,-0.22252093395631434,2,0,0,15.0,21.0,19.0,34.0,16.0,13.0,18.0,3.00000000000261,21.0,15.0,22.333333333333332,7.788880963697822,37.0,15.0,20.666666666666668,7.958224257541842,37.0,10.0,18.375,6.113509630318529,37.0,10.0,30.6,29.3,28.9,77.0,84.0,83.0,1.66,1.66,1.33,1004.0,1004.0,1004.0,2212.0,93.10000000000001,42.028000000000006,0.0,0.7999644460246211,11.177436203551709,11.68482316072228,22.12,30.935000000000002,0.031474072236979844,998.5600000000001,4900,1.7689000000000001,1008016,274.1,45.68333333333334,3.0,-1.0,1.0
50,71.2,5.0,101.0,15.0,77.0,44,0.0,1004,63,32.5,4.4,1.0,2023,7,26,10,2,207,30,0.49999999999999994,-0.8660254037844387,-0.4999999999999997,-0.8660254037844388,0.9749279121818236,-0.22252093395631434,2,0,0,18.0,15.0,21.0,37.0,12.0,15.0,15.0,3.000000000002745,18.0,12.0,18.166666666666668,4.262237284179914,24.0,12.0,20.666666666666668,7.958224257541842,37.0,10.0,18.25,6.215338669984608,37.0,10.0,31.6,29.7,28.5,70.0,85.0,83.0,1.33,2.0,1.0,1004.0,1004.0,1004.0,2047.5,63.0,32.5,0.0,0.7999466702219852,14.237152569486103,20.195960807838432,20.475,32.0,0.032370485686767245,1056.25,3969,1.0,1008016,281.2,46.86666666666667,-6.0,-9.0,0.8999999999999986
56,70.0,4.3,110.7,18.8,72.0,46,0.0,1003,59,33.5,5.9,0.66,2023,7,26,11,2,207,30,0.258819045102521,-0.9659258262890682,-0.4999999999999997,-0.8660254037844388,0.9749279121818236,-0.22252093395631434,2,0,0,12.0,18.0,15.0,24.0,10.0,17.0,15.0,3.000000000002745,18.0,12.0,16.666666666666668,3.2659863237088165,21.0,12.0,21.083333333333332,7.46456274470856,37.0,12.0,18.166666666666668,6.246158239559778,37.0,10.0,32.5,30.6,28.9,63.0,77.0,84.0,1.0,1.66,1.33,1004.0,1004.0,1004.0,1976.5,38.940000000000005,22.11,0.0,0.7978299026647518,16.275284817484305,25.738200418507322,19.765,33.17,0.03339976729833769,1122.25,3481,0.43560000000000004,1006009,290.8,48.46666666666667,3.0,0.0,1.0
54,68.9,3.7,120.3,17.5,67.0,48,0.0,1003,55,34.5,4.9,0.33,2023,7,26,12,2,207,30,1.2246467991473532e-16,-1.0,-0.4999999999999997,-0.8660254037844388,0.9749279121818236,-0.22252093395631434,2,1,0,15.0,12.0,18.0,19.0,18.0,17.0,13.666666666666666,1.527525231657456,15.0,12.0,15.833333333333334,3.1885210782826636,21.0,12.0,20.75,7.7003541831170725,37.0,12.0,18.041666666666668,6.300304800540004,37.0,10.0,33.5,31.6,29.3,59.0,70.0,84.0,0.66,1.33,1.66,1003.0,1004.0,1004.0,1897.5,18.150000000000002,11.385,0.0,0.7999542883263813,18.616590110780873,32.50472845176979,18.975,34.335,0.034396775277392544,1190.25,3025,0.10890000000000001,1006009,291.4,48.56666666666666,-1.0,-4.0,1.0
63,67.7,3.0,130.0,22.5,62.0,50,0.0,1002,52,35.5,5.4,0.4,2023,7,26,13,2,207,30,-0.2588190451025208,-0.9659258262890683,-0.4999999999999997,-0.8660254037844388,0.9749279121818236,-0.22252093395631434,2,1,0,14.0,15.0,12.0,21.0,19.0,16.0,15.666666666666666,2.081665999470046,18.0,14.0,15.333333333333334,2.3380903888970423,18.0,12.0,20.666666666666668,7.726381410269866,37.0,12.0,18.125,6.285334898205981,37.0,10.0,34.5,32.5,29.7,55.0,63.0,85.0,0.33,1.0,2.0,1003.0,1004.0,1004.0,1846.0,20.8,14.200000000000001,0.0,0.7999644460246211,22.55914695101633,43.3188937020993,18.46,35.3,0.03542910635817729,1260.25,2704,0.16000000000000003,1004004,303.2,50.53333333333333,4.0,6.0,1.0
61,68.3,3.3,128.7,20.0,61.3,45,0.0,1001,50,36.0,5.2,0.8,2023,7,26,14,2,207,30,-0.4999999999999997,-0.8660254037844388,-0.4999999999999997,-0.8660254037844388,0.9749279121818236,-0.22252093395631434,2,1,0,18.0,14.0,15.0,15.0,21.0,17.0,16.0,2.00000000000405,18.0,14.0,15.5,2.34520787990875,18.0,12.0,20.25,7.84074439879702,37.0,12.0,18.083333333333332,6.296421804186022,37.0,10.0,35.5,33.5,30.6,52.0,59.0,77.0,0.4,0.66,1.66,1002.0,1003.0,1004.0,1800.0,40.0,28.8,0.0,0.7999600019998999,20.69069978794305,38.98818539836413,18.0,35.6,0.035964000035964,1296.0,2500,0.6400000000000001,1002001,297.59999999999997,49.599999999999994,-2.0,1.0,0.5
65,68.9,3.7,127.3,23.8,60.7,41,0.0,1000,49,36.5,3.8,1.2,2023,7,26,15,2,207,30,-0.7071067811865471,-0.7071067811865479,-0.4999999999999997,-0.8660254037844388,0.9749279121818236,-0.22252093395631434,2,1,0,16.0,18.0,14.0,18.0,34.0,19.0,17.666666666666668,1.527525231657103,19.0,16.0,15.666666666666666,2.581988897468926,19.0,12.0,19.0,6.5366101862714,37.0,12.0,18.083333333333332,6.296421804186022,37.0,10.0,36.0,34.5,31.6,50.0,55.0,70.0,0.8,0.33,1.33,1001.0,1003.0,1004.0,1788.5,58.8,43.8,0.0,0.7982857863114995,18.616590110780873,34.39610915968657,17.885,35.9,0.0364999635000365,1332.25,2401,1.44,1000000,303.40000000000003,50.56666666666667,3.0,5.0,0.5
76,69.4,4.0,126.0,30.0,60.0,37,0.0,999,47,37.0,2.0,1.6,2023,7,26,16,2,207,30,-0.8660254037844385,-0.5000000000000004,-0.4999999999999997,-0.8660254037844388,0.9749279121818236,-0.22252093395631434,2,1,0,19.0,16.0,18.0,12.0,37.0,18.0,19.666666666666668,4.041451884329263,24.0,16.0,17.666666666666668,3.614784456458401,24.0,14.0,17.916666666666668,3.776923551668204,24.0,12.0,18.333333333333332,6.411041200566387,37.0,10.0,36.5,35.5,32.5,49.0,52.0,63.0,1.2,0.4,1.0,1000.0,1002.0,1004.0,1739.0,75.2,59.2,0.0,0.7999733342221925,17.345663584103974,31.49212696825793,17.39,36.2,0.037036999962963,1369.0,2209,2.5600000000000005,998001,313.4,52.23333333333333,5.0,6.0,0.5
82,82.9,7.0,106.3,33.8,58.7,36,0.0,999,50,36.2,1.0,0.66,2023,7,26,17,2,207,30,-0.9659258262890683,-0.25881904510252063,-0.4999999999999997,-0.8660254037844388,0.9749279121818236,-0.22252093395631434,2,1,0,24.0,19.0,16.0,15.0,24.0,15.0,23.333333333333332,4.04145188432914,27.0,19.0,19.666666666666668,4.926120853841662,27.0,14.0,18.166666666666668,4.281744192887723,27.0,12.0,18.833333333333332,6.604785265683863,37.0,10.0,37.0,36.0,33.5,47.0,50.0,59.0,1.6,0.8,0.66,999.0,1001.0,1003.0,1810.0000000000002,33.0,23.892000000000003,0.0,0.7987929351202628,11.841165547778889,15.183545207827452,18.1,35.870000000000005,0.0362361999637638,1310.4400000000003,2500,0.43560000000000004,998001,315.7,52.61666666666667,3.0,11.0,-0.7999999999999972
69,96.3,10.0,86.7,26.3,57.3,35,0.0,999,53,35.3,0.9,1.33,2023,7,26,18,2,207,30,-1.0,-1.8369701987210297e-16,-0.4999999999999997,-0.8660254037844388,0.9749279121818236,-0.22252093395631434,2,2,0,27.0,24.0,19.0,14.0,19.0,13.0,24.0,3.000000000002339,27.0,21.0,20.833333333333332,4.070217029429018,27.0,16.0,18.333333333333332,4.355421560502652,27.0,12.0,19.166666666666668,6.4986063165857875,37.0,10.0,36.2,36.5,34.5,50.0,49.0,55.0,0.66,1.2,0.33,999.0,1000.0,1003.0,1870.8999999999999,70.49000000000001,46.949,0.0,0.79844872818524,9.629037096290372,8.669133086691332,18.709,34.635,0.035335299964664696,1246.0899999999997,2809,1.7689000000000001,998001,297.6,49.6,-6.0,2.0,-0.9000000000000057
69,109.7,13.0,67.0,26.3,56.0,34,0.0,1000,56,34.5,0.0,2.0,2023,7,26,19,2,207,30,-0.9659258262890684,0.2588190451025203,-0.4999999999999997,-0.8660254037844388,0.9749279121818236,-0.22252093395631434,2,2,0,21.0,27.0,24.0,18.0,21.0,13.0,23.0,3.464101615139819,27.0,21.0,21.333333333333332,3.82970843102371,27.0,16.0,18.333333333333332,4.355421560502652,27.0,12.0,19.5,6.372495245362817,37.0,10.0,35.3,37.0,35.5,53.0,47.0,52.0,1.33,1.6,0.4,999.0,999.0,1002.0,1932.0,112.0,69.0,0.0,0.79844872818524,8.437812475963389,5.153449734635798,19.32,33.5,0.0344999655000345,1190.25,3136,4.0,1000000,293.0,48.833333333333336,0.0,-3.0,-0.7999999999999972
78,115.0,13.3,57.7,31.3,50.7,33,0.0,1000,62,33.2,0.0,2.0,2023,7,26,20,2,207,30,-0.8660254037844386,0.5000000000000001,-0.4999999999999997,-0.8660254037844388,0.9749279121818236,-0.22252093395631434,2,2,0,21.0,21.0,27.0,16.0,15.0,17.0,22.333333333333332,2.309401076761637,25.0,21.0,22.833333333333332,2.9944392908613833,27.0,19.0,19.166666666666668,4.608950449117295,27.0,12.0,19.833333333333332,6.444860889426233,37.0,10.0,34.5,36.2,36.0,56.0,50.0,50.0,2.0,0.66,0.8,1000.0,999.0,1001.0,2058.4,124.0,66.4,0.0,0.7986965272674994,8.645966468686565,4.338019697767085,20.584,32.2,0.033199966800033204,1102.2400000000002,3844,4.0,1000000,293.0,48.833333333333336,4.0,-2.0,-1.2999999999999972
78,120.2,13.7,48.3,31.3,45.3,32,0.0,1001,70,32.0,0.0,2.0,2023,7,26,21,2,207,30,-0.7071067811865477,0.7071067811865474,-0.4999999999999997,-0.8660254037844388,0.9749279121818236,-0.22252093395631434,2,2,0,25.0,21.0,21.0,19.0,18.0,16.0,23.666666666666668,2.309401076761559,25.0,21.0,23.833333333333332,2.4013884872412143,27.0,21.0,19.75,4.882715339941832,27.0,12.0,20.208333333333332,6.473888467069542,37.0,10.0,33.2,35.3,36.5,62.0,53.0,49.0,2.0,1.33,1.2,1000.0,999.0,1000.0,2240.0,140.0,64.0,0.0,0.7986965272674994,8.77308225676958,3.525290124808408,22.4,31.0,0.031968000031968,1024.0,4900,4.0,1002001,283.8,47.300000000000004,0.0,4.0,-1.2000000000000028
76,125.5,14.0,39.0,30.0,40.0,31,0.0,1002,78,30.7,0.0,2.0,2023,7,26,22,2,207,30,-0.5000000000000004,0.8660254037844384,-0.4999999999999997,-0.8660254037844388,0.9749279121818236,-0.22252093395631434,2,3,0,25.0,25.0,21.0,24.0,12.0,12.0,24.666666666666668,0.5773502692016154,25.0,24.0,23.833333333333332,2.4013884872412143,27.0,21.0,20.75,4.351070923555744,27.0,14.0,20.708333333333332,6.272640153296844,37.0,10.0,32.0,34.5,37.0,70.0,56.0,47.0,2.0,2.0,1.6,1001.0,1000.0,999.0,2394.6,156.0,61.4,0.0,0.7999733342221925,8.96364545389615,2.785515320334262,23.945999999999998,29.7,0.030638691977353315,942.49,6084,4.0,1004004,272.5,45.416666666666664,-1.0,3.0,-1.3000000000000007
82,126.1,14.7,36.3,33.8,39.7,30,0.0,1002,78,30.5,0.0,1.33,2023,7,26,23,2,207,30,-0.25881904510252157,0.9659258262890681,-0.4999999999999997,-0.8660254037844388,0.9749279121818236,-0.22252093395631434,2,3,0,24.0,25.0,25.0,27.0,15.0,10.0,25.333333333333332,1.527525231656419,27.0,24.0,23.833333333333332,2.4013884872412143,27.0,21.0,21.75,4.287932326466633,27.0,14.0,21.416666666666668,5.9630504789487775,37.0,12.0,30.7,33.2,36.2,78.0,62.0,50.0,2.0,2.0,0.66,1002.0,1000.0,999.0,2379.0,103.74000000000001,40.565000000000005,0.0,0.7987929351202628,8.57764777906265,2.4692197809672813,23.79,29.835,0.030439091378152316,930.25,6084,1.7689000000000001,1004004,277.59999999999997,46.26666666666666,3.0,2.0,-0.1999999999999993
93,126.6,15.3,33.7,40.0,39.3,29,0.0,1001,78,30.2,0.0,0.66,2023,7,27,0,3,208,30,0.0,1.0,-0.4999999999999997,-0.8660254037844388,0.43388373911755823,-0.900968867902419,2,3,0,27.0,24.0,25.0,21.0,14.0,18.0,27.666666666666668,4.041451884328993,32.0,24.0,25.666666666666668,3.669695718537855,32.0,21.0,23.25,4.474676219875688,32.0,16.0,22.0,6.290088822210943,37.0,12.0,30.5,32.0,35.3,78.0,70.0,53.0,1.33,2.0,1.33,1002.0,1001.0,999.0,2355.6,51.480000000000004,19.932000000000002,0.0,0.7999800004999875,8.273969021632572,2.2024704267694926,23.555999999999997,29.87,0.0301698000301698,912.04,6084,0.43560000000000004,1002001,286.90000000000003,47.81666666666667,5.0,7.0,-0.3000000000000007
85,127.2,16.0,31.0,35.0,39.0,28,0.0,1001,79,30.0,0.0,2.0,2023,7,27,1,3,208,30,0.25881904510252074,0.9659258262890683,-0.4999999999999997,-0.8660254037844388,0.43388373911755823,-0.900968867902419,2,3,0,32.0,27.0,24.0,21.0,18.0,19.0,29.0,2.6457513110669857,32.0,27.0,26.833333333333332,2.9268868558000882,32.0,24.0,24.083333333333332,4.337119558024617,32.0,16.0,22.375,6.371215841921122,37.0,12.0,30.2,30.7,34.5,78.0,78.0,56.0,0.66,2.0,2.0,1001.0,1002.0,1000.0,2370.0,158.0,60.0,0.0,0.7999771435101855,7.949503156052747,1.9373789138178863,23.7,29.0,0.029970000029970002,900.0,6241,4.0,1002001,276.2,46.03333333333333,-4.0,4.0,-0.1999999999999993
69,132.3,17.3,28.3,26.3,41.7,27,0.0,1001,81,29.8,0.0,1.0,2023,7,27,2,3,208,30,0.49999999999999994,0.8660254037844387,-0.4999999999999997,-0.8660254037844388,0.43388373911755823,-0.900968867902419,2,3,0,28.0,32.0,27.0,25.0,16.0,21.0,27.0,5.567764362831208,32.0,21.0,26.166666666666668,3.763863263543879,32.0,21.0,24.5,3.680414996362241,32.0,19.0,22.375,6.371215841921122,37.0,12.0,30.0,30.5,33.2,79.0,78.0,62.0,2.0,1.33,2.0,1001.0,1002.0,1000.0,2413.8,81.0,29.8,0.0,0.79844872818524,7.646956823305011,1.6357435986359168,24.138,29.3,0.0297702000297702,888.0400000000001,6561,1.0,1002001,266.90000000000003,44.48333333333334,-7.0,-6.0,-0.1999999999999993
78,137.3,18.7,25.7,31.3,44.3,26,0.0,1000,84,29.7,0.0,2.0,2023,7,27,3,3,208,30,0.7071067811865476,0.7071067811865476,-0.4999999999999997,-0.8660254037844388,0.43388373911755823,-0.900968867902419,2,3,0,21.0,28.0,32.0,25.0,19.0,34.0,24.666666666666668,3.5118845842862165,28.0,21.0,26.166666666666668,3.763863263543879,32.0,21.0,25.0,3.247376563542947,32.0,21.0,22.0,5.905045742192859,37.0,12.0,29.8,30.2,32.0,81.0,78.0,70.0,1.0,0.66,2.0,1001.0,1001.0,1001.0,2494.7999999999997,168.0,59.4,0.0,0.7986965272674994,7.341853376824769,1.3742580610662531,24.947999999999997,28.7,0.0296999703000297,882.0899999999999,7056,4.0,1000000,282.3,47.050000000000004,4.0,-7.0,-0.10000000000000142
93,142.4,20.0,23.0,40.0,47.0,25,0.0,1000,87,29.5,0.0,3.0,2023,7,27,4,3,208,30,0.8660254037844386,0.5000000000000001,-0.4999999999999997,-0.8660254037844388,0.43388373911755823,-0.900968867902419,2,3,0,25.0,21.0,28.0,24.0,24.0,37.0,26.0,5.567764362831233,32.0,21.0,27.5,4.230839160259913,32.0,21.0,25.666666666666668,3.7979260688217433,32.0,21.0,21.791666666666668,5.421207684051757,32.0,12.0,29.7,30.0,30.7,84.0,79.0,78.0,2.0,2.0,2.0,1000.0,1001.0,1002.0,2566.5,261.0,88.5,0.0,0.7999800004999875,7.11964401779911,1.1499425028748562,25.665,28.0,0.0294999705000295,870.25,7569,9.0,1000000,304.4,50.73333333333333,7.0,4.0,-0.1999999999999993
76,141.4,18.0,27.0,30.0,48.0,29,0.0,1000,88,29.5,0.0,2.0,2023,7,27,5,3,208,30,0.9659258262890683,0.25881904510252074,-0.4999999999999997,-0.8660254037844388,0.43388373911755823,-0.900968867902419,2,3,0,32.0,25.0,21.0,27.0,27.0,24.0,27.0,4.358898943542189,32.0,24.0,27.0,4.472135954998316,32.0,21.0,25.416666666666668,3.8009169547575086,32.0,21.0,21.791666666666668,5.421207684051757,32.0,12.0,29.5,29.8,30.5,87.0,81.0,78.0,3.0,1.0,1.33,1000.0,1001.0,1002.0,2596.0,176.0,59.0,0.0,0.7999733342221925,7.855119160046664,1.499916671296039,25.96,28.5,0.0294999705000295,870.25,7744,4.0,1000000,288.4,48.06666666666666,-8.0,3.0,0.0
61,140.5,16.0,31.0,21.3,49.0,33,0.0,1001,89,29.5,0.8,1.0,2023,7,27,6,3,208,30,1.0,6.123233995736766e-17,-0.4999999999999997,-0.8660254037844388,0.43388373911755823,-0.900968867902419,2,0,0,24.0,32.0,25.0,32.0,21.0,19.0,24.333333333333332,7.505553499466064,32.0,17.0,24.5,5.244044240849627,32.0,17.0,25.083333333333332,4.358029857908007,32.0,17.0,21.708333333333332,5.481027884134988,32.0,12.0,29.5,29.7,30.2,88.0,84.0,78.0,2.0,2.0,0.66,1000.0,1000.0,1001.0,2625.5,89.0,29.5,0.0,0.7980845969672785,8.780701206174614,1.9373789138178863,26.255,29.0,0.0294705000294705,870.25,7921,1.0,1002001,274.8,45.800000000000004,-7.0,-8.0,0.0
63,139.5,14.0,35.0,22.5,50.0,37,0.0,1001,90,29.5,1.0,1.2,2023,7,27,7,3,208,30,0.9659258262890683,-0.25881904510252063,-0.4999999999999997,-0.8660254037844388,0.43388373911755823,-0.900968867902419,2,0,0,17.0,24.0,32.0,28.0,21.0,21.0,19.666666666666668,3.785938897202191,24.0,17.0,22.833333333333332,5.492419017760248,32.0,17.0,24.833333333333332,4.687184332804765,32.0,17.0,21.583333333333332,5.531857669477846,32.0,12.0,29.5,29.5,30.0,89.0,87.0,79.0,1.0,3.0,2.0,1001.0,1000.0,1001.0,2655.0,108.0,35.4,0.0,0.7999644460246211,9.963574030426399,2.49982144132562,26.55,28.9,0.0294705000294705,870.25,8100,1.44,1002001,279.0,46.5,1.0,-14.0,0.0
59,124.9,12.0,61.7,20.0,62.3,41,0.0,1001,82,30.7,1.2,0.33,2023,7,27,8,3,208,30,0.8660254037844387,-0.4999999999999998,-0.4999999999999997,-0.8660254037844388,0.43388373911755823,-0.900968867902419,2,0,0,18.0,17.0,24.0,21.0,25.0,15.0,17.0,1.0000000000079647,18.0,16.0,22.0,6.164414002967971,32.0,16.0,24.083333333333332,5.333570070502805,32.0,16.0,21.625,5.4836714137438625,32.0,12.0,29.5,29.5,29.8,90.0,88.0,81.0,1.2,2.0,1.0,1001.0,1000.0,1001.0,2517.4,27.060000000000002,10.131,0.0,0.7999600019998999,10.407466044496292,5.141238230147488,25.174,30.535,0.0306693000306693,942.49,6724,0.10890000000000001,1002001,296.90000000000003,49.48333333333334,-2.0,-8.0,1.1999999999999993
65,110.3,10.0,88.3,23.8,74.7,45,0.0,1001,75,31.8,2.2,0.66,2023,7,27,9,3,208,30,0.7071067811865476,-0.7071067811865475,-0.4999999999999997,-0.8660254037844388,0.43388373911755823,-0.900968867902419,2,0,0,16.0,18.0,17.0,25.0,25.0,18.0,17.666666666666668,1.527525231657102,19.0,16.0,21.0,6.066300355240201,32.0,16.0,23.583333333333332,5.5178772817962685,32.0,16.0,21.666666666666668,5.458672132421396,32.0,12.0,30.7,29.5,29.7,82.0,89.0,84.0,0.33,1.0,2.0,1001.0,1001.0,1000.0,2385.0,49.5,20.988000000000003,0.0,0.7982857863114995,11.028897110288971,8.829117088291172,23.85,31.470000000000002,0.0317682000317682,1011.24,5625,0.43560000000000004,1002001,326.1,54.35,3.0,2.0,1.1000000000000014
69,95.7,8.0,115.0,26.3,87.0,50,0.0,1000,69,33.0,3.0,1.0,2023,7,27,10,3,208,30,0.49999999999999994,-0.8660254037844387,-0.4999999999999997,-0.8660254037844388,0.43388373911755823,-0.900968867902419,2,0,0,19.0,16.0,18.0,32.0,24.0,12.0,18.666666666666668,2.516611478426659,21.0,16.0,19.166666666666668,2.926886855799805,24.0,16.0,23.333333333333332,5.565042405021788,32.0,16.0,22.041666666666668,5.060324501251845,32.0,14.0,31.8,29.5,29.5,75.0,90.0,87.0,0.66,1.2,3.0,1001.0,1001.0,1000.0,2277.0,69.0,33.0,0.0,0.79844872818524,11.961004874390703,14.373203349581303,22.77,32.5,0.032999967000033,1089.0,4761,1.0,1000000,353.0,58.833333333333336,2.0,3.0,1.1999999999999993
78,94.0,6.7,133.3,31.3,86.0,50,0.0,1000,63,34.2,3.7,1.0,2023,7,27,11,3,208,30,0.258819045102521,-0.9659258262890682,-0.4999999999999997,-0.8660254037844388,0.43388373911755823,-0.900968867902419,2,0,0,21.0,19.0,16.0,24.0,27.0,15.0,21.666666666666668,3.055050463306294,25.0,19.0,19.333333333333332,3.265986323708919,25.0,16.0,23.166666666666668,5.474458600600676,32.0,16.0,22.458333333333332,4.863163817808265,32.0,14.0,33.0,30.7,29.5,69.0,82.0,88.0,1.0,0.33,2.0,1000.0,1001.0,1000.0,2154.6000000000004,63.0,34.2,0.0,0.7986965272674994,14.02775705118639,19.89255335024623,21.546000000000003,33.7,0.034199965800034204,1169.64,3969,1.0,1000000,376.3,62.71666666666667,4.0,9.0,1.2000000000000028
90,92.2,5.3,151.7,22.5,85.0,50,0.0,999,57,35.4,4.6,1.0,2023,7,27,12,3,208,30,1.2246467991473532e-16,-1.0,-0.4999999999999997,-0.8660254037844388,0.43388373911755823,-0.900968867902419,2,1,0,25.0,21.0,19.0,17.0,32.0,14.0,21.333333333333332,3.511884584286348,25.0,18.0,19.5,3.146426544508399,25.0,16.0,22.0,4.880387465988303,32.0,16.0,22.625,4.623310502226618,32.0,16.0,34.2,31.8,29.5,63.0,75.0,89.0,1.0,0.66,1.0,1000.0,1001.0,1001.0,2017.8,57.0,35.4,0.0,0.7999644460246211,17.392944727409922,28.617242029805695,20.178,34.9,0.0354353999645646,1253.1599999999999,3249,1.0,998001,374.7,62.449999999999996,-7.0,-1.0,1.1999999999999957
103,90.5,4.0,170.0,36.3,84.0,50,0.0,998,52,36.6,5.0,1.0,2023,7,27,13,3,208,30,-0.2588190451025208,-0.9659258262890683,-0.4999999999999997,-0.8660254037844388,0.43388373911755823,-0.900968867902419,2,1,0,18.0,25.0,21.0,18.0,28.0,18.0,24.0,5.567764362831283,29.0,18.0,21.333333333333332,4.844240566554691,29.0,16.0,22.083333333333332,4.999242366841014,32.0,16.0,23.083333333333332,4.689643229840359,32.0,16.0,35.4,33.0,29.5,57.0,69.0,90.0,1.0,1.0,1.2,999.0,1000.0,1001.0,1903.2,52.0,36.6,0.0,0.798876064020275,22.61934516370907,42.4893776555861,19.032,36.1,0.03667330994658322,1339.5600000000002,2704,1.0,996004,413.8,68.96666666666667,11.0,8.0,1.2000000000000028
103,92.0,4.3,168.7,45.0,82.0,54,0.0,997,53,36.6,3.9,1.0,2023,7,27,14,3,208,30,-0.4999999999999997,-0.8660254037844388,-0.4999999999999997,-0.8660254037844388,0.43388373911755823,-0.900968867902419,2,1,0,29.0,18.0,25.0,16.0,21.0,16.0,27.666666666666668,9.073771725878185,36.0,18.0,24.666666666666668,6.889605697473173,36.0,18.0,23.333333333333332,6.386538873902867,36.0,16.0,23.916666666666668,5.132307445013826,36.0,16.0,36.6,34.2,30.7,52.0,63.0,82.0,1.0,1.0,0.33,998.0,1000.0,1001.0,1939.8000000000002,53.0,36.6,0.0,0.7999822226172753,21.390374331550802,39.223436410137175,19.398000000000003,36.1,0.03671009357061829,1339.5600000000002,2809,1.0,994009,428.0,71.33333333333333,7.0,11.0,0.0
102,93.6,4.7,167.3,25.0,80.0,58,0.0,997,54,36.5,2.3,1.0,2023,7,27,15,3,208,30,-0.7071067811865471,-0.7071067811865479,-0.4999999999999997,-0.8660254037844388,0.43388373911755823,-0.900968867902419,2,1,0,36.0,29.0,18.0,19.0,25.0,19.0,28.333333333333332,8.020806277011447,36.0,20.0,24.833333333333332,6.735478206234124,36.0,18.0,22.916666666666668,6.430867795722004,36.0,16.0,23.958333333333332,5.094576542258146,36.0,16.0,36.6,35.4,31.8,53.0,57.0,75.0,1.0,1.0,0.66,997.0,999.0,1001.0,1971.0,54.0,36.5,0.0,0.7999680012799487,19.910657306955965,35.58817272920655,19.71,36.0,0.03660979276851277,1332.25,2916,1.0,994009,390.6,65.10000000000001,-16.0,2.0,-0.10000000000000142
102,95.1,5.0,166.0,21.3,78.0,62,0.0,996,54,36.5,1.3,1.0,2023,7,27,16,3,208,30,-0.8660254037844385,-0.5000000000000004,-0.4999999999999997,-0.8660254037844388,0.43388373911755823,-0.900968867902419,2,1,0,20.0,36.0,29.0,21.0,32.0,24.0,24.333333333333332,10.214368964030392,36.0,17.0,24.166666666666668,7.3598007219390595,36.0,17.0,21.666666666666668,5.944184833375162,36.0,16.0,23.666666666666668,5.288763039951114,36.0,16.0,36.5,36.6,33.0,54.0,52.0,69.0,1.0,1.0,1.0,997.0,998.0,1000.0,1971.0,54.0,36.5,0.0,0.7980845969672785,19.01619676064787,33.19336132773445,19.71,36.0,0.036646549551657075,1332.25,2916,1.0,992016,382.40000000000003,63.73333333333334,-3.0,-12.0,0.0
86,132.1,9.7,148.7,32.5,83.0,75,0.0,996,57,35.2,0.8,1.0,2023,7,27,17,3,208,30,-0.9659258262890683,-0.25881904510252063,-0.4999999999999997,-0.8660254037844388,0.43388373911755823,-0.900968867902419,2,1,0,17.0,20.0,36.0,25.0,24.0,27.0,21.0,4.582575694957463,26.0,17.0,24.333333333333332,7.393691004272138,36.0,17.0,21.833333333333332,6.042776805008229,36.0,16.0,23.625,5.265247011010579,36.0,16.0,36.5,36.6,34.2,54.0,53.0,63.0,1.0,1.0,1.0,996.0,997.0,1000.0,2006.4,57.0,35.2,0.0,0.7999753853727578,13.617152870838058,15.328316668384703,20.064,34.7,0.035341329978584364,1239.0400000000002,3249,1.0,992016,432.0,72.0,9.0,-10.0,-1.2999999999999972
173,169.0,14.3,131.3,91.3,88.0,87,0.0,996,61,33.9,0.6,1.0,2023,7,27,18,3,208,30,-1.0,-1.8369701987210297e-16,-0.4999999999999997,-0.8660254037844388,0.43388373911755823,-0.900968867902419,2,2,0,26.0,17.0,20.0,18.0,17.0,21.0,38.666666666666664,30.072135496724265,73.0,17.0,33.5,20.4816991482638,73.0,17.0,26.5,15.768207369144944,73.0,16.0,25.791666666666668,11.336662980623178,73.0,16.0,35.2,36.5,35.4,57.0,54.0,57.0,1.0,1.0,1.0,996.0,997.0,999.0,2067.9,61.0,33.9,0.0,0.7995531264717801,11.817355429690231,9.181176141528566,20.679000000000002,33.4,0.03403611040551164,1149.2099999999998,3721,1.0,992016,566.9000000000001,94.48333333333335,47.0,53.0,-1.3000000000000043
89,206.0,19.0,114.0,37.5,93.0,100,0.0,996,64,32.6,0.0,1.0,2023,7,27,19,3,208,30,-0.9659258262890684,0.2588190451025203,-0.4999999999999997,-0.8660254037844388,0.43388373911755823,-0.900968867902419,2,2,0,73.0,26.0,17.0,29.0,18.0,21.0,43.0,26.05762844159094,73.0,26.0,33.666666666666664,20.44178726693576,73.0,17.0,27.5,15.559270840592186,73.0,16.0,26.166666666666668,11.320111639742434,73.0,16.0,33.9,36.5,36.6,61.0,54.0,52.0,1.0,1.0,1.0,996.0,996.0,998.0,2086.4,64.0,32.6,0.0,0.7999786672355405,10.841534656070733,5.99968422714594,20.864,32.1,0.03273089083243893,1062.76,4096,1.0,992016,499.5,83.25,-43.0,13.0,-1.2999999999999972
121,214.0,18.7,101.0,53.8,91.0,95,0.5,997,68,31.5,0.0,1.33,2023,7,27,20,3,208,30,-0.8660254037844386,0.5000000000000001,-0.4999999999999997,-0.8660254037844388,0.43388373911755823,-0.900968867902419,2,2,0,30.0,73.0,26.0,36.0,16.0,25.0,48.666666666666664,22.052966542697625,73.0,30.0,34.833333333333336,20.79823710478023,73.0,17.0,29.75,15.696699131867073,73.0,17.0,26.916666666666668,11.824501705345163,73.0,16.0,32.6,35.2,36.6,64.0,57.0,53.0,1.0,1.0,1.0,996.0,996.0,997.0,2142.0,90.44,41.895,47.5,0.7992416497834613,11.443238329501096,5.400780706914069,21.42,30.835,0.031594752663237045,992.25,4624,1.7689000000000001,994009,521.5,86.91666666666667,13.0,17.0,-1.1000000000000014
112,222.0,18.3,88.0,50.0,89.0,91,2.0,998,73,30.3,0.0,1.66,2023,7,27,21,3,208,30,-0.7071067811865477,0.7071067811865474,-0.4999999999999997,-0.8660254037844388,0.43388373911755823,-0.900968867902419,2,2,0,43.0,30.0,73.0,20.0,19.0,25.0,37.666666666666664,6.806859285554831,43.0,30.0,38.166666666666664,19.50811796833969,73.0,17.0,31.5,15.559270840592168,73.0,17.0,27.541666666666668,12.111723270439715,73.0,16.0,31.5,33.9,36.5,68.0,61.0,54.0,1.33,1.0,1.0,997.0,996.0,997.0,2211.9,121.17999999999999,50.298,182.0,0.7999840003199936,12.13048467296869,4.808480410906507,22.119,29.470000000000002,0.030360691021351683,918.09,5329,2.7556,996004,507.3,84.55,-3.0,-33.0,-1.1999999999999993
110,229.9,18.0,75.0,48.8,87.0,87,1.0,999,77,29.2,0.0,2.0,2023,7,27,22,3,208,30,-0.5000000000000004,0.8660254037844384,-0.4999999999999997,-0.8660254037844388,0.43388373911755823,-0.900968867902419,2,3,0,40.0,43.0,30.0,17.0,21.0,24.0,40.666666666666664,2.081665999468493,43.0,39.0,41.833333333333336,16.582118883503963,73.0,26.0,33.0,15.320811751577171,73.0,17.0,28.166666666666668,12.306472905033344,73.0,16.0,30.3,32.6,36.5,73.0,64.0,54.0,1.66,1.0,1.0,998.0,996.0,996.0,2248.4,154.0,58.4,87.0,0.7991639515583698,12.771512693739236,4.166435198044553,22.484,28.2,0.0292291999707708,852.64,5929,4.0,998001,497.7,82.95,-1.0,9.0,-1.1000000000000014
100,214.6,17.3,69.0,43.8,76.7,83,0.0,998,79,29.2,0.0,1.66,2023,7,27,23,3,208,30,-0.25881904510252157,0.9659258262890681,-0.4999999999999997,-0.8660254037844388,0.43388373911755823,-0.900968867902419,2,3,0,39.0,40.0,43.0,26.0,25.0,27.0,38.0,2.6457513110665904,40.0,35.0,43.333333333333336,15.214028613968724,73.0,30.0,33.833333333333336,15.116717617100077,73.0,17.0,28.5,12.381613296581673,73.0,16.0,29.2,31.5,35.2,77.0,68.0,57.0,2.0,1.33,1.0,999.0,997.0,996.0,2306.7999999999997,131.14,48.471999999999994,0.0,0.7990685144174792,12.403907288596033,3.9882087740593026,23.067999999999998,28.37,0.029258487716946176,852.64,6241,2.7556,996004,456.4,76.06666666666666,-4.0,-8.0,0.0
115,199.2,16.7,63.0,51.3,66.3,79,0.0,998,81,29.2,0.0,1.33,2023,7,28,0,4,209,30,0.0,1.0,-0.4999999999999997,-0.8660254037844388,-0.433883739117558,-0.9009688679024191,2,3,0,35.0,39.0,40.0,73.0,18.0,32.0,38.333333333333336,3.0550504633056095,41.0,35.0,38.0,4.732863826478762,43.0,30.0,35.75,14.36615340431654,73.0,17.0,28.875,12.626103051253416,73.0,16.0,29.2,30.3,33.9,79.0,73.0,61.0,1.66,1.66,1.0,998.0,998.0,996.0,2365.2,107.73,38.836,0.0,0.7992046938656168,11.927429495239805,3.772229207831866,23.651999999999997,28.535,0.029258487716946176,852.64,6561,1.7689000000000001,996004,437.5,72.91666666666667,6.0,1.0,0.0
131,183.8,16.0,57.0,58.8,56.0,75,1.5,997,83,29.2,0.0,1.0,2023,7,28,1,4,209,30,0.25881904510252074,0.9659258262890683,-0.4999999999999997,-0.8660254037844388,-0.433883739117558,-0.9009688679024191,2,3,0,41.0,35.0,39.0,30.0,29.0,28.0,41.0,6.000000000000811,47.0,35.0,40.833333333333336,4.020779360603928,47.0,35.0,37.25,14.5360054535435,73.0,17.0,29.666666666666668,13.153497358255132,73.0,16.0,29.2,29.2,32.6,81.0,77.0,64.0,1.33,2.0,1.0,998.0,999.0,996.0,2423.6,83.0,29.2,112.5,0.7993061342494175,11.486782076120242,3.562277357665146,24.236,28.7,0.029287834214810217,852.64,6889,1.0,994009,418.6,69.76666666666667,6.0,8.0,0.0
139,163.8,15.0,57.3,62.5,55.3,66,0.0,997,83,29.2,0.0,1.0,2023,7,28,2,4,209,30,0.49999999999999994,0.8660254037844387,-0.4999999999999997,-0.8660254037844388,-0.433883739117558,-0.9009688679024191,2,3,0,47.0,41.0,35.0,43.0,36.0,21.0,46.0,4.582575694956749,50.0,41.0,42.0,5.513619500835376,50.0,35.0,38.416666666666664,14.981554315122361,73.0,17.0,30.875,13.645551911026674,73.0,16.0,29.2,29.2,31.5,83.0,79.0,68.0,1.0,1.66,1.33,997.0,998.0,997.0,2423.6,83.0,29.2,0.0,0.7999872002047967,10.919272048530098,3.8197453503099794,24.236,28.7,0.029287834214810217,852.64,6889,1.0,994009,403.90000000000003,67.31666666666668,3.0,15.0,0.0
118,143.8,14.0,57.7,52.5,54.7,58,1.0,997,83,29.1,0.0,1.0,2023,7,28,3,4,209,30,0.7071067811865476,0.7071067811865476,-0.4999999999999997,-0.8660254037844388,-0.433883739117558,-0.9009688679024191,2,3,0,50.0,47.0,41.0,40.0,20.0,25.0,46.333333333333336,4.0414518843284,50.0,42.0,42.333333333333336,5.428320796218558,50.0,35.0,40.25,13.824385569117632,73.0,17.0,31.583333333333332,13.768005338991374,73.0,16.0,29.2,29.2,30.3,83.0,81.0,73.0,1.0,1.33,1.66,997.0,998.0,998.0,2415.3,83.0,29.1,58.0,0.7999847621950058,10.27069495036069,4.121134204699665,24.153000000000002,28.6,0.029187533412704702,846.8100000000001,6889,1.0,994009,364.7,60.78333333333333,-8.0,1.0,-0.09999999999999787
95,123.7,13.0,58.0,41.3,54.0,50,0.5,996,83,29.1,0.0,1.0,2023,7,28,4,4,209,30,0.8660254037844386,0.5000000000000001,-0.4999999999999997,-0.8660254037844388,-0.433883739117558,-0.9009688679024191,2,3,0,42.0,50.0,47.0,39.0,17.0,32.0,41.666666666666664,8.504900548115947,50.0,33.0,41.333333333333336,6.592925501373319,50.0,33.0,41.583333333333336,12.033727853852993,73.0,26.0,31.625,13.770834018505184,73.0,16.0,29.1,29.2,29.2,83.0,83.0,77.0,1.0,1.0,2.0,997.0,997.0,999.0,2415.3,83.0,29.1,25.0,0.7990121304568898,9.514652719021614,4.461195292669795,24.153000000000002,28.6,0.029216838135704686,846.8100000000001,6889,1.0,992016,323.0,53.833333333333336,-9.0,-14.0,0.0
110,123.9,12.7,59.7,48.8,56.7,66,0.0,997,83,28.9,0.0,1.0,2023,7,28,5,4,209,30,0.9659258262890683,0.25881904510252074,-0.4999999999999997,-0.8660254037844388,-0.433883739117558,-0.9009688679024191,2,3,0,33.0,42.0,50.0,35.0,26.0,24.0,38.0,4.582575694957002,42.0,33.0,42.0,5.999999999999344,50.0,33.0,42.666666666666664,11.048104184003572,73.0,30.0,32.25,13.750098813874276,73.0,16.0,29.1,29.2,29.2,83.0,83.0,79.0,1.0,1.0,1.66,996.0,997.0,998.0,2398.7,83.0,28.9,0.0,0.7991639515583698,9.755137390756635,4.7004172899771675,23.987,28.4,0.028986931808493672,835.2099999999999,6889,1.0,994009,340.8,56.800000000000004,6.0,-11.0,-0.20000000000000284
67,124.1,12.3,61.3,25.0,59.3,83,0.0,997,83,28.7,0.6,1.0,2023,7,28,6,4,209,30,1.0,6.123233995736766e-17,-0.4999999999999997,-0.8660254037844388,-0.433883739117558,-0.9009688679024191,2,0,0,39.0,33.0,42.0,41.0,73.0,17.0,30.666666666666668,9.712534856222964,39.0,20.0,38.5,10.858176642511912,50.0,20.0,38.25,7.99005063131022,50.0,20.0,32.375,13.618441780238355,73.0,16.0,28.9,29.1,29.2,83.0,83.0,81.0,1.0,1.0,1.33,997.0,997.0,998.0,2382.1,83.0,28.7,0.0,0.7999680012799487,10.088610682058368,4.983334688236728,23.820999999999998,28.2,0.028786330204282645,823.6899999999999,6889,1.0,994009,302.0,50.333333333333336,-19.0,-22.0,-0.1999999999999993
74,124.3,12.0,63.0,28.8,62.0,100,2.25,998,83,28.5,0.8,1.0,2023,7,28,7,4,209,30,0.9659258262890683,-0.25881904510252063,-0.4999999999999997,-0.8660254037844388,-0.433883739117558,-0.9009688679024191,2,0,0,20.0,39.0,33.0,47.0,30.0,18.0,27.333333333333332,10.214368964030378,39.0,20.0,34.5,11.502173707608064,50.0,20.0,37.666666666666664,8.855746294030462,50.0,20.0,32.583333333333336,13.425856516007027,73.0,16.0,28.7,29.1,29.2,83.0,83.0,83.0,1.0,1.0,1.0,997.0,996.0,997.0,2365.5,83.0,28.5,225.0,0.7985833825214401,10.357470210815766,5.249562536455295,23.655,28.0,0.02855708561414267,812.25,6889,1.0,996004,313.1,52.18333333333334,3.0,-10.0,-0.1999999999999993
80,126.1,10.7,89.0,32.5,85.0,100,2.0,998,85,28.7,1.2,1.0,2023,7,28,8,4,209,30,0.8660254037844387,-0.4999999999999998,-0.4999999999999997,-0.8660254037844388,-0.433883739117558,-0.9009688679024191,2,0,0,23.0,20.0,39.0,50.0,43.0,16.0,23.0,3.0000000000024816,26.0,20.0,30.5,8.916277250062898,42.0,20.0,36.25,9.274843786971257,50.0,20.0,33.0,13.038404810405401,73.0,17.0,28.5,28.9,29.2,83.0,83.0,83.0,1.0,1.0,1.0,998.0,997.0,997.0,2439.5,85.0,28.7,200.0,0.7999753853727578,11.783945425661154,8.316979721521355,24.395,28.2,0.028757486214943673,823.6899999999999,7225,1.0,996004,369.29999999999995,61.54999999999999,3.0,-13.0,0.1999999999999993
129,127.8,9.3,115.0,57.5,108.0,100,1.0,999,87,29.0,1.9,1.0,2023,7,28,9,4,209,30,0.7071067811865476,-0.7071067811865475,-0.4999999999999997,-0.8660254037844388,-0.433883739117558,-0.9009688679024191,2,0,0,26.0,23.0,20.0,42.0,40.0,19.0,31.666666666666668,12.503332889007865,46.0,23.0,31.166666666666668,10.028293307769575,46.0,20.0,36.75,9.649540733300643,50.0,20.0,34.125,12.9423890678117,73.0,17.0,28.7,28.7,29.1,85.0,83.0,83.0,1.0,1.0,1.0,998.0,997.0,997.0,2523.0,87.0,29.0,100.0,0.7999860871984835,13.740458015267174,12.364261907321794,25.23,28.5,0.029028999970971,841.0,7569,1.0,998001,463.6,77.26666666666667,20.0,26.0,0.3000000000000007
100,129.6,8.0,141.0,43.8,131.0,100,0.75,999,89,29.2,2.8,1.0,2023,7,28,10,4,209,30,0.49999999999999994,-0.8660254037844387,-0.4999999999999997,-0.8660254037844388,-0.433883739117558,-0.9009688679024191,2,0,0,46.0,26.0,23.0,33.0,39.0,21.0,35.666666666666664,10.016652800878376,46.0,26.0,31.5,10.134100848126065,46.0,20.0,36.416666666666664,9.633826138175738,50.0,20.0,34.708333333333336,12.637002832147875,73.0,17.0,29.0,28.5,29.1,87.0,83.0,83.0,1.0,1.0,1.0,999.0,998.0,996.0,2598.7999999999997,89.0,29.2,75.0,0.7990685144174792,16.197975253093365,17.622797150356206,25.987999999999996,28.7,0.0292291999707708,852.64,7921,1.0,998001,488.40000000000003,81.4,-11.0,12.0,0.1999999999999993
102,126.3,6.7,158.0,45.0,123.0,95,1.0,999,84,29.6,3.5,1.66,2023,7,28,11,4,209,30,0.258819045102521,-0.9659258262890682,-0.4999999999999997,-0.8660254037844388,-0.433883739117558,-0.9009688679024191,2,0,0,35.0,46.0,26.0,39.0,35.0,25.0,39.0,6.082762530299068,46.0,35.0,31.0,9.757048734119827,46.0,20.0,36.5,9.624778627914289,50.0,20.0,35.166666666666664,12.467929874775614,73.0,17.0,29.2,28.7,28.9,89.0,85.0,83.0,1.0,1.0,1.0,999.0,998.0,997.0,2486.4,139.44,49.136,95.0,0.7999822226172753,18.84793314430682,23.57857036263244,24.864,28.770000000000003,0.0296295999703704,876.1600000000001,7056,2.7556,998001,495.0,82.5,1.0,10.0,0.40000000000000213
104,122.9,5.3,175.0,41.3,115.0,91,0.5,998,80,30.1,3.7,2.33,2023,7,28,12,4,209,30,1.2246467991473532e-16,-1.0,-0.4999999999999997,-0.8660254037844388,-0.433883739117558,-0.9009688679024191,2,1,0,36.0,35.0,46.0,20.0,41.0,18.0,34.666666666666664,1.5275252316557255,36.0,33.0,33.166666666666664,8.134289561274331,46.0,23.0,35.833333333333336,9.561602502940316,50.0,20.0,35.791666666666664,11.934528520829652,73.0,17.0,29.6,29.0,28.7,84.0,87.0,83.0,1.66,1.0,1.0,999.0,999.0,997.0,2408.0,186.4,70.13300000000001,45.5,0.7990121304568898,23.18430484814186,33.01263912469345,24.08,28.935000000000002,0.030160290420550684,906.0100000000001,6400,5.4289000000000005,996004,492.50000000000006,82.08333333333334,-3.0,-13.0,0.5
110,119.6,4.0,192.0,40.0,107.0,87,0.0,998,76,30.5,3.5,3.0,2023,7,28,13,4,209,30,-0.2588190451025208,-0.9659258262890683,-0.4999999999999997,-0.8660254037844388,-0.433883739117558,-0.9009688679024191,2,1,0,33.0,36.0,35.0,23.0,47.0,29.0,33.666666666666664,2.081665999468975,36.0,32.0,34.666666666666664,6.562519841239107,46.0,26.0,34.583333333333336,8.928588744571519,50.0,20.0,35.916666666666664,11.875867626580453,73.0,17.0,30.1,29.2,28.5,80.0,89.0,83.0,2.33,1.0,1.0,998.0,999.0,998.0,2318.0,228.0,91.5,0.0,0.7999800004999875,29.892526868282925,47.988002999250185,23.18,29.0,0.030561091622152686,930.25,5776,9.0,996004,494.6,82.43333333333334,-1.0,-3.0,0.3999999999999986
110,120.6,4.7,193.0,30.0,104.3,87,0.0,997,75,30.7,2.9,2.66,2023,7,28,14,4,209,30,-0.4999999999999997,-0.8660254037844388,-0.4999999999999997,-0.8660254037844388,-0.433883739117558,-0.9009688679024191,2,1,0,32.0,33.0,36.0,26.0,50.0,36.0,29.666666666666668,4.932882862317562,33.0,24.0,34.333333333333336,7.118052168020186,46.0,24.0,32.416666666666664,7.94822259528726,46.0,20.0,35.416666666666664,12.122263623693486,73.0,17.0,30.5,29.6,28.7,76.0,84.0,85.0,3.0,1.66,1.0,998.0,999.0,998.0,2302.5,199.5,81.662,0.0,0.7999733342221925,25.654116145500954,41.05509466071048,23.025,29.369999999999997,0.030792346246392932,942.49,5625,7.0756000000000006,994009,476.6,79.43333333333334,-8.0,-12.0,0.1999999999999993
110,121.6,5.3,194.0,21.3,101.7,87,0.0,997,73,30.8,2.0,2.33,2023,7,28,15,4,209,30,-0.7071067811865471,-0.7071067811865479,-0.4999999999999997,-0.8660254037844388,-0.433883739117558,-0.9009688679024191,2,1,0,24.0,32.0,33.0,46.0,42.0,20.0,24.333333333333332,7.5055534994660995,32.0,17.0,29.5,7.449832212874932,36.0,17.0,30.333333333333332,8.467406314625658,46.0,17.0,35.291666666666664,12.30227680117616,73.0,17.0,30.7,30.1,29.0,75.0,80.0,87.0,2.66,2.33,1.0,997.0,998.0,999.0,2248.4,170.09,71.76400000000001,0.0,0.7980845969672785,22.939068100358423,36.59686851537445,22.484,29.635,0.030892647048498447,948.6400000000001,5329,5.4289000000000005,994009,460.9,76.81666666666666,-7.0,-16.0,0.10000000000000142
121,122.6,6.0,195.0,53.8,99.0,87,0.0,996,71,31.0,1.3,2.0,2023,7,28,16,4,209,30,-0.8660254037844385,-0.5000000000000004,-0.4999999999999997,-0.8660254037844388,-0.433883739117558,-0.9009688679024191,2,1,0,17.0,24.0,32.0,35.0,33.0,17.0,28.0,13.45362404707421,43.0,17.0,30.833333333333332,9.152413160836653,43.0,17.0,31.166666666666668,9.21296846183577,46.0,17.0,36.375,11.75404648177197,73.0,17.0,30.8,30.5,29.2,73.0,76.0,89.0,2.33,3.0,1.0,997.0,998.0,999.0,2201.0,142.0,62.0,0.0,0.7992416497834613,20.429928345275787,32.49458423596067,22.01,30.0,0.03112446674250327,961.0,5041,4.0,992016,519.4000000000001,86.56666666666668,26.0,11.0,0.1999999999999993
142,159.3,10.7,168.7,63.8,97.0,83,0.0,997,72,30.7,0.8,1.66,2023,7,28,17,4,209,30,-0.9659258262890683,-0.25881904510252063,-0.4999999999999997,-0.8660254037844388,-0.433883739117558,-0.9009688679024191,2,1,0,43.0,17.0,24.0,36.0,39.0,26.0,37.0,17.776388834631486,51.0,17.0,33.333333333333336,12.339638028186101,51.0,17.0,32.166666666666664,10.675659088304082,51.0,17.0,37.416666666666664,11.901467453059563,73.0,17.0,31.0,30.7,29.6,71.0,75.0,84.0,2.0,2.66,1.66,996.0,997.0,999.0,2210.4,119.52,50.961999999999996,0.0,0.7993605115907275,14.886459209419684,15.764881786748903,22.104,29.87,0.030792346246392932,942.49,5184,2.7556,994009,550.5,91.75,8.0,27.0,-0.3000000000000007
129,196.1,15.3,142.3,57.5,95.0,79,0.5,997,74,30.3,0.6,1.33,2023,7,28,18,4,209,30,-1.0,-1.8369701987210297e-16,-0.4999999999999997,-0.8660254037844388,-0.433883739117558,-0.9009688679024191,2,2,0,51.0,43.0,17.0,33.0,20.0,73.0,46.666666666666664,4.0414518843283975,51.0,43.0,35.5,13.367871932360455,51.0,17.0,34.333333333333336,10.620163783476748,51.0,17.0,36.291666666666664,9.40619207093743,51.0,17.0,30.7,30.8,30.1,72.0,73.0,80.0,1.66,2.33,2.33,997.0,997.0,998.0,2242.2000000000003,98.42,40.29900000000001,39.5,0.7999860871984835,12.816155806810013,9.30004574864388,22.422000000000004,29.635,0.030391143037970875,918.09,5476,1.7689000000000001,994009,552.2,92.03333333333335,-5.0,29.0,-0.3999999999999986
142,232.9,20.0,116.0,63.8,93.0,75,0.0,997,75,30.0,0.0,1.0,2023,7,28,19,4,209,30,-0.9659258262890684,0.2588190451025203,-0.4999999999999997,-0.8660254037844388,-0.433883739117558,-0.9009688679024191,2,2,0,46.0,51.0,43.0,32.0,23.0,30.0,49.333333333333336,2.8867513459494205,51.0,46.0,38.666666666666664,14.569374271623948,51.0,17.0,36.666666666666664,10.973797994506485,51.0,17.0,37.166666666666664,9.76536322112925,51.0,17.0,30.3,31.0,30.5,74.0,71.0,76.0,1.33,2.0,3.0,997.0,996.0,998.0,2250.0,75.0,30.0,0.0,0.7993605115907275,11.644417779111045,5.799710014499275,22.5,29.5,0.030090240631654334,900.0,5625,1.0,994009,576.7,96.11666666666667,5.0,8.0,-0.3000000000000007
104,251.5,20.7,101.0,46.3,97.3,54,0.0,998,78,29.6,0.0,1.0,2023,7,28,20,4,209,30,-0.8660254037844386,0.5000000000000001,-0.4999999999999997,-0.8660254037844388,-0.433883739117558,-0.9009688679024191,2,2,0,51.0,46.0,51.0,24.0,26.0,43.0,44.666666666666664,7.0945988845982075,51.0,37.0,40.833333333333336,12.812754062521387,51.0,17.0,37.583333333333336,10.448647875406392,51.0,17.0,36.916666666666664,9.686012625415795,51.0,17.0,30.0,30.7,30.7,75.0,72.0,75.0,1.0,1.66,2.66,997.0,997.0,997.0,2308.8,78.0,29.6,0.0,0.799118809528952,12.149171537606879,4.87899135307473,23.088,29.1,0.02965928891854818,876.1600000000001,6084,1.0,996004,553.8,92.3,-14.0,-14.0,-0.3999999999999986
93,270.2,21.3,86.0,40.0,101.7,33,0.0,998,80,29.1,0.0,1.0,2023,7,28,21,4,209,30,-0.7071067811865477,0.7071067811865474,-0.4999999999999997,-0.8660254037844388,-0.433883739117558,-0.9009688679024191,2,2,0,37.0,51.0,46.0,17.0,46.0,40.0,40.0,9.848857801796619,51.0,32.0,43.333333333333336,7.659416862050197,51.0,32.0,36.416666666666664,10.202123961868212,51.0,17.0,36.583333333333336,9.712907891571342,51.0,17.0,29.6,30.3,30.8,78.0,74.0,73.0,1.0,1.33,2.33,998.0,997.0,997.0,2328.0,80.0,29.1,0.0,0.7999800004999875,12.684850476503449,4.037369137599174,23.28,28.6,0.029158287416545678,846.8100000000001,6400,1.0,996004,551.2,91.86666666666667,-5.0,-14.0,-0.5
67,288.9,22.0,71.0,25.0,106.0,12,0.0,999,83,28.7,0.0,1.0,2023,7,28,22,4,209,30,-0.5000000000000004,0.8660254037844384,-0.4999999999999997,-0.8660254037844388,-0.433883739117558,-0.9009688679024191,2,3,0,32.0,37.0,51.0,43.0,35.0,39.0,29.666666666666668,8.73689494805485,37.0,20.0,39.5,12.243365550370182,51.0,20.0,35.166666666666664,11.255974844364305,51.0,17.0,35.791666666666664,10.265938474081501,51.0,17.0,29.1,30.0,31.0,80.0,75.0,71.0,1.0,1.0,2.0,998.0,997.0,996.0,2382.1,83.0,28.7,0.0,0.7999680012799487,13.131221308122356,3.2271260397254666,23.820999999999998,28.2,0.0287286999712713,823.6899999999999,6889,1.0,998001,532.9,88.81666666666666,-12.0,-31.0,-0.40000000000000213
72,246.9,19.7,65.7,27.5,105.3,37,0.0,999,86,28.5,0.0,0.66,2023,7,28,23,4,209,30,-0.25881904510252157,0.9659258262890681,-0.4999999999999997,-0.8660254037844388,-0.433883739117558,-0.9009688679024191,2,3,0,20.0,32.0,37.0,51.0,36.0,35.0,24.666666666666668,6.42910050732976,32.0,20.0,34.666666666666664,12.516655570345335,51.0,20.0,34.0,11.870513506545679,51.0,17.0,35.25,10.64547260371869,51.0,17.0,28.7,29.6,30.7,83.0,78.0,72.0,1.0,1.0,1.66,999.0,998.0,997.0,2451.0,56.760000000000005,18.810000000000002,0.0,0.7999709101487218,12.532358763514543,3.334856098675194,24.51,28.17,0.0285284999714715,812.25,7396,0.43560000000000004,998001,487.1,81.18333333333334,2.0,-15.0,-0.1999999999999993
74,204.8,17.3,60.3,28.8,104.7,62,0.0,999,89,28.2,0.0,0.33,2023,7,29,0,5,210,30,0.0,1.0,-0.4999999999999997,-0.8660254037844388,-0.9749279121818236,-0.2225209339563146,2,3,1,22.0,20.0,32.0,46.0,33.0,41.0,21.666666666666668,1.5275252316569505,23.0,20.0,30.833333333333332,11.856081421222447,51.0,20.0,33.166666666666664,12.290671505682617,51.0,17.0,34.5,10.854772542827645,51.0,17.0,28.5,29.1,30.3,86.0,80.0,74.0,0.66,1.0,1.33,999.0,998.0,997.0,2509.7999999999997,29.37,9.306000000000001,0.0,0.7985833825214401,11.837466042425293,3.4853476677648687,25.098,28.035,0.0282281999717718,795.24,7921,0.10890000000000001,998001,438.90000000000003,73.15,1.0,-9.0,-0.3000000000000007
74,162.8,15.0,55.0,28.8,104.0,87,0.0,999,93,28.0,0.0,1.2,2023,7,29,1,5,210,30,0.25881904510252074,0.9659258262890683,-0.4999999999999997,-0.8660254037844388,-0.9749279121818236,-0.2225209339563146,2,3,1,23.0,22.0,20.0,51.0,32.0,47.0,22.666666666666668,0.57735026920262,23.0,22.0,26.166666666666668,6.7354782062341325,37.0,20.0,32.416666666666664,12.638025833558405,51.0,17.0,33.5,10.758212232280298,51.0,17.0,28.2,28.7,30.0,89.0,83.0,75.0,0.33,1.0,1.0,999.0,999.0,997.0,2604.0,111.6,33.6,0.0,0.7985833825214401,10.8526098260116,3.6664222385174323,26.04,27.4,0.028027999971972,784.0,8649,1.44,998001,388.6,64.76666666666667,0.0,3.0,-0.1999999999999993
78,142.4,14.3,54.0,31.3,100.7,87,0.0,998,91,28.0,0.0,0.8,2023,7,29,2,5,210,30,0.49999999999999994,0.8660254037844387,-0.4999999999999997,-0.8660254037844388,-0.9749279121818236,-0.2225209339563146,2,3,1,23.0,23.0,22.0,37.0,24.0,50.0,23.666666666666668,1.1547005383856264,25.0,23.0,24.166666666666668,4.167333280007072,32.0,20.0,32.5,12.580648920970646,51.0,17.0,32.458333333333336,10.29131827726946,51.0,17.0,28.0,28.5,29.6,93.0,86.0,78.0,1.2,0.66,1.0,999.0,999.0,998.0,2548.0,72.8,22.400000000000002,0.0,0.7986965272674994,9.957345640165023,3.775959723096287,25.48,27.6,0.028056084112140167,784.0,8281,0.6400000000000001,996004,367.7,61.28333333333333,2.0,3.0,0.0
98,122.0,13.7,53.0,42.5,97.3,87,0.0,998,90,28.1,0.0,0.8,2023,7,29,3,5,210,30,0.7071067811865476,0.7071067811865476,-0.4999999999999997,-0.8660254037844388,-0.9749279121818236,-0.2225209339563146,2,3,1,25.0,23.0,23.0,32.0,17.0,42.0,27.333333333333332,5.8594652770834825,34.0,23.0,24.5,4.92950301754527,34.0,20.0,33.916666666666664,11.595126980631223,51.0,20.0,32.125,10.096544824409325,51.0,17.0,28.0,28.2,29.1,91.0,89.0,80.0,0.8,0.33,1.0,998.0,999.0,998.0,2529.0,72.0,22.480000000000004,0.0,0.7999811769134845,8.90445952850157,3.868330778775272,25.29,27.700000000000003,0.028156284412540672,789.6100000000001,8100,0.6400000000000001,996004,362.5,60.416666666666664,9.0,11.0,0.10000000000000142
93,101.5,13.0,52.0,40.0,94.0,87,0.0,998,89,28.1,0.0,1.2,2023,7,29,4,5,210,30,0.8660254037844386,0.5000000000000001,-0.4999999999999997,-0.8660254037844388,-0.9749279121818236,-0.2225209339563146,2,3,1,34.0,25.0,23.0,20.0,43.0,33.0,30.333333333333332,4.725815626253966,34.0,25.0,26.5,5.167204273104402,34.0,22.0,33.0,11.241158141563035,51.0,20.0,32.083333333333336,10.094840122629561,51.0,17.0,28.1,28.0,28.7,90.0,93.0,83.0,0.8,1.2,1.0,998.0,999.0,999.0,2500.9,106.8,33.72,0.0,0.7999800004999875,7.807091762172141,3.9996923313591264,25.009,27.5,0.028156284412540672,789.6100000000001,7921,1.44,996004,332.5,55.416666666666664,-2.0,9.0,0.0
95,142.0,17.0,46.7,41.3,123.3,87,0.0,998,88,28.5,0.0,0.66,2023,7,29,5,5,210,30,0.9659258262890683,0.25881904510252074,-0.4999999999999997,-0.8660254037844388,-0.9749279121818236,-0.2225209339563146,2,3,1,32.0,34.0,25.0,22.0,51.0,39.0,33.0,1.000000000006036,34.0,32.0,28.333333333333332,5.2025634706993715,34.0,23.0,31.5,9.718772836862593,51.0,20.0,31.833333333333332,9.989849921258958,51.0,17.0,28.1,28.0,28.5,89.0,91.0,86.0,1.2,0.8,0.66,998.0,998.0,999.0,2508.0,58.080000000000005,18.810000000000002,0.0,0.7990121304568898,8.35244985589083,2.7468972413387447,25.08,28.17,0.02855708561414267,812.25,7744,0.43560000000000004,996004,403.3,67.21666666666667,1.0,8.0,0.3999999999999986
102,182.5,21.0,41.3,45.0,152.7,87,0.0,999,87,28.8,0.7,1.33,2023,7,29,6,5,210,30,1.0,6.123233995736766e-17,-0.4999999999999997,-0.8660254037844388,-0.9749279121818236,-0.2225209339563146,2,0,1,33.0,32.0,34.0,23.0,46.0,20.0,33.666666666666664,2.0816659994689855,36.0,32.0,30.5,5.24404424084974,36.0,23.0,30.666666666666668,8.742095997198568,51.0,20.0,32.5,9.695359714832787,51.0,17.0,28.5,28.1,28.2,88.0,90.0,89.0,0.66,0.8,0.33,998.0,998.0,999.0,2505.6,115.71000000000001,38.304,0.0,0.7999822226172753,8.690062377982,1.9665730203323648,25.055999999999997,28.135,0.0288287999711712,829.44,7569,1.7689000000000001,998001,478.5,79.75,3.0,2.0,0.3000000000000007
98,222.9,25.0,36.0,42.5,182.0,87,0.0,999,86,29.2,1.0,2.0,2023,7,29,7,5,210,30,0.9659258262890683,-0.25881904510252063,-0.4999999999999997,-0.8660254037844388,-0.9749279121818236,-0.2225209339563146,2,0,1,36.0,33.0,32.0,23.0,51.0,23.0,34.333333333333336,1.527525231655771,36.0,33.0,32.333333333333336,3.8297084310240135,36.0,25.0,29.25,6.13670032746295,37.0,20.0,32.958333333333336,9.484445695185892,51.0,17.0,28.8,28.1,28.0,87.0,89.0,93.0,1.33,1.2,1.2,999.0,998.0,999.0,2511.2,172.0,58.4,0.0,0.7999811769134845,8.915643374265029,1.4399424023039078,25.112,28.2,0.0292291999707708,852.64,7396,4.0,998001,542.4,90.39999999999999,-2.0,2.0,0.3999999999999986
85,204.5,21.0,81.0,35.0,199.3,87,0.0,1000,82,30.0,2.0,2.0,2023,7,29,8,5,210,30,0.8660254037844387,-0.4999999999999998,-0.4999999999999997,-0.8660254037844388,-0.9749279121818236,-0.2225209339563146,2,0,1,34.0,36.0,33.0,25.0,37.0,26.0,32.666666666666664,4.163331998933726,36.0,28.0,32.833333333333336,2.71416039810777,36.0,28.0,28.5,5.63269675442108,36.0,20.0,33.041666666666664,9.429275257625088,51.0,17.0,29.2,28.5,28.0,86.0,88.0,91.0,2.0,0.66,0.8,999.0,998.0,998.0,2460.0,164.0,60.0,0.0,0.7999771435101855,9.737631541355173,3.856959192419408,24.6,29.0,0.02999997000003,900.0,6724,4.0,1000000,568.8,94.8,-6.0,-5.0,0.8000000000000007
102,186.0,17.0,126.0,45.0,216.7,87,0.0,1000,78,30.9,3.2,2.0,2023,7,29,9,5,210,30,0.7071067811865476,-0.7071067811865475,-0.4999999999999997,-0.8660254037844388,-0.9749279121818236,-0.2225209339563146,2,0,1,28.0,34.0,36.0,34.0,32.0,46.0,32.666666666666664,4.163331998933726,36.0,28.0,33.166666666666664,2.9944392908617483,36.0,28.0,28.833333333333332,5.967081414397965,36.0,20.0,32.625,9.044876041643587,51.0,17.0,30.0,28.8,28.1,82.0,87.0,90.0,2.0,1.33,0.8,1000.0,999.0,998.0,2410.2,156.0,61.8,0.0,0.7999822226172753,10.940532909828832,7.411328745367919,24.101999999999997,29.9,0.0308999691000309,954.81,6084,4.0,1000000,626.7,104.45,8.0,0.0,0.8999999999999986
103,167.5,13.0,171.0,31.3,234.0,87,0.0,1001,74,31.7,4.3,2.0,2023,7,29,10,5,210,30,0.49999999999999994,-0.8660254037844387,-0.4999999999999997,-0.8660254037844388,-0.9749279121818236,-0.2225209339563146,2,0,1,36.0,28.0,34.0,32.0,20.0,35.0,29.666666666666668,5.686240703078471,36.0,25.0,32.0,4.516635916253341,36.0,25.0,29.25,5.446016058467316,36.0,22.0,32.208333333333336,9.160307412093784,51.0,17.0,30.9,29.2,28.1,78.0,86.0,89.0,2.0,2.0,1.2,1000.0,999.0,998.0,2345.7999999999997,148.0,63.4,0.0,0.7986965272674994,12.883624336589493,13.15283439735405,23.458,30.7,0.0316683000316683,1004.89,5476,4.0,1002001,641.8,106.96666666666665,-11.0,-9.0,0.8000000000000007
109,158.0,10.3,190.3,23.8,219.0,75,0.0,1000,68,32.7,4.9,2.0,2023,7,29,11,5,210,30,0.258819045102521,-0.9659258262890682,-0.4999999999999997,-0.8660254037844388,-0.9749279121818236,-0.2225209339563146,2,0,1,25.0,36.0,28.0,33.0,22.0,36.0,26.666666666666668,8.621678104252512,36.0,19.0,29.666666666666668,6.889605697473241,36.0,19.0,29.0,5.862050525509768,36.0,19.0,31.5,9.505147346935692,51.0,17.0,31.7,30.0,28.5,74.0,82.0,88.0,2.0,2.0,0.66,1001.0,1000.0,998.0,2223.6000000000004,136.0,65.4,0.0,0.7982857863114995,15.338316668284632,18.473934569459278,22.236000000000004,31.700000000000003,0.0326999673000327,1069.2900000000002,4624,4.0,1000000,620.4000000000001,103.40000000000002,-6.0,-9.0,1.0000000000000036
115,148.4,7.7,209.7,25.0,204.0,62,0.0,999,62,33.7,4.9,2.0,2023,7,29,12,5,210,30,1.2246467991473532e-16,-1.0,-0.4999999999999997,-0.8660254037844388,-0.9749279121818236,-0.2225209339563146,2,1,1,19.0,25.0,36.0,36.0,23.0,33.0,21.333333333333332,3.2145502536667063,25.0,19.0,27.0,7.042726744662782,36.0,19.0,28.75,6.195672976873187,36.0,19.0,30.958333333333332,9.782322862168884,51.0,17.0,32.7,30.9,28.8,68.0,78.0,87.0,2.0,2.0,1.33,1000.0,1000.0,999.0,2089.4,124.0,67.4,0.0,0.7999680012799487,19.27022464614985,27.23022984028048,20.894000000000002,32.7,0.0337336999662663,1135.6900000000003,3844,4.0,998001,614.8,102.46666666666665,1.0,-16.0,1.0
121,138.9,5.0,229.0,42.5,189.0,50,4.5,999,57,34.7,4.2,2.0,2023,7,29,13,5,210,30,-0.2588190451025208,-0.9659258262890683,-0.4999999999999997,-0.8660254037844388,-0.9749279121818236,-0.2225209339563146,2,1,1,20.0,19.0,25.0,34.0,23.0,32.0,24.333333333333332,8.386497083606947,34.0,19.0,27.0,7.042726744662782,36.0,19.0,29.666666666666668,6.080271126330625,36.0,19.0,31.041666666666668,9.80008503364479,51.0,17.0,33.7,31.7,29.2,62.0,74.0,86.0,2.0,2.0,2.0,999.0,1001.0,999.0,1977.9,114.0,69.4,225.0,0.7999811769134845,27.774445110977805,45.79084183163367,19.779,33.7,0.034734699965265306,1204.0900000000001,3249,4.0,998001,638.4,106.39999999999999,14.0,9.0,1.0
129,127.8,5.3,207.0,57.5,161.3,54,0.0,998,57,34.9,3.5,1.66,2023,7,29,14,5,210,30,-0.4999999999999997,-0.8660254037844388,-0.4999999999999997,-0.8660254037844388,-0.9749279121818236,-0.2225209339563146,2,1,1,34.0,20.0,19.0,28.0,25.0,24.0,33.333333333333336,13.012814197295882,46.0,20.0,30.0,10.5261578935521,46.0,19.0,31.416666666666668,7.476731582149238,46.0,19.0,31.958333333333332,10.135941931590867,51.0,17.0,34.7,32.7,30.0,57.0,68.0,82.0,2.0,2.0,2.0,999.0,1000.0,1000.0,1989.3,94.61999999999999,57.934,0.0,0.7999860871984835,24.108658743633274,39.049235993208825,19.893,34.07,0.03496990483977471,1218.01,3249,2.7556,996004,604.9000000000001,100.81666666666668,12.0,27.0,0.19999999999999574
126,116.7,5.7,185.0,56.3,133.7,58,0.0,997,56,35.0,3.2,1.33,2023,7,29,15,5,210,30,-0.7071067811865471,-0.7071067811865479,-0.4999999999999997,-0.8660254037844388,-0.9749279121818236,-0.2225209339563146,2,1,1,46.0,34.0,20.0,36.0,34.0,17.0,41.666666666666664,6.658328118480112,46.0,34.0,31.5,12.078907235341678,46.0,19.0,32.333333333333336,8.435135751812636,46.0,19.0,33.125,9.949055013023932,51.0,19.0,34.9,33.7,30.9,57.0,62.0,78.0,1.66,2.0,2.0,998.0,999.0,1000.0,1960.0,74.48,46.550000000000004,0.0,0.7992753237065062,20.47009296614629,32.45044728994913,19.6,34.335,0.035105280736930054,1225.0,3136,1.7689000000000001,994009,542.4,90.39999999999999,-1.0,25.0,0.10000000000000142
101,105.6,6.0,163.0,41.3,106.0,62,0.0,996,55,35.2,1.6,1.0,2023,7,29,16,5,210,30,-0.8660254037844385,-0.5000000000000004,-0.4999999999999997,-0.8660254037844388,-0.9749279121818236,-0.2225209339563146,2,1,1,45.0,46.0,34.0,25.0,32.0,43.0,41.333333333333336,7.234178138070902,46.0,33.0,32.833333333333336,11.651895410904466,46.0,19.0,32.416666666666664,8.436482823086585,46.0,19.0,32.708333333333336,9.724371743053842,51.0,19.0,35.0,34.7,31.7,56.0,57.0,74.0,1.33,2.0,2.0,997.0,999.0,1001.0,1936.0000000000002,55.0,35.2,0.0,0.7990121304568898,17.597067155474086,27.162139643392766,19.360000000000003,34.7,0.035341329978584364,1239.0400000000002,3025,1.0,992016,454.90000000000003,75.81666666666668,-12.0,-1.0,0.20000000000000284
123,132.3,9.7,138.0,55.0,96.7,62,2.75,997,64,33.5,1.1,1.0,2023,7,29,17,5,210,30,-0.9659258262890683,-0.25881904510252063,-0.4999999999999997,-0.8660254037844388,-0.9749279121818236,-0.2225209339563146,2,1,1,33.0,45.0,46.0,19.0,33.0,51.0,40.666666666666664,6.6583281184801315,45.0,33.0,37.0,10.079682534682872,46.0,20.0,33.333333333333336,9.078779787186981,46.0,19.0,32.416666666666664,9.245053514867076,51.0,19.0,35.2,34.9,32.7,55.0,57.0,68.0,1.0,1.66,2.0,996.0,998.0,1000.0,2144.0,64.0,33.5,170.5,0.7999854548099126,13.637769302133803,14.22533759406247,21.44,33.0,0.03360076870534734,1122.25,4096,1.0,994009,475.7,79.28333333333333,11.0,-2.0,-1.7000000000000028
134,158.9,13.3,113.0,60.0,87.3,62,0.25,998,74,31.7,0.9,1.0,2023,7,29,18,5,210,30,-1.0,-1.8369701987210297e-16,-0.4999999999999997,-0.8660254037844388,-0.9749279121818236,-0.2225209339563146,2,2,1,44.0,33.0,45.0,20.0,36.0,46.0,41.666666666666664,7.767453465154643,48.0,33.0,41.666666666666664,6.470445631226554,48.0,33.0,34.333333333333336,10.012113874822669,48.0,19.0,32.5,9.380831519646991,51.0,19.0,33.5,35.0,33.7,64.0,56.0,62.0,1.0,1.33,2.0,997.0,997.0,999.0,2345.7999999999997,74.0,31.7,15.5,0.7999866668888852,11.946470190211263,8.495601834448538,23.458,31.2,0.03176349522695869,1004.89,5476,1.0,996004,480.50000000000006,80.08333333333334,4.0,3.0,-1.8000000000000007
107,185.6,17.0,88.0,47.5,78.0,62,0.0,999,85,30.0,0.0,1.0,2023,7,29,19,5,210,30,-0.9659258262890684,0.2588190451025203,-0.4999999999999997,-0.8660254037844388,-0.9749279121818236,-0.2225209339563146,2,2,1,48.0,44.0,33.0,34.0,34.0,51.0,43.333333333333336,5.033222956848066,48.0,38.0,42.333333333333336,5.680375574436868,48.0,33.0,34.666666666666664,10.066445913693952,48.0,19.0,31.958333333333332,8.60979809219752,48.0,19.0,31.7,35.2,34.7,74.0,55.0,57.0,1.0,1.0,2.0,998.0,996.0,999.0,2550.0,85.0,30.0,0.0,0.7999831582493001,10.91700488206576,5.176166107876007,25.5,29.5,0.030029999969970002,900.0,7225,1.0,998001,454.1,75.68333333333334,-10.0,5.0,-1.6999999999999993
123,247.3,21.3,71.7,55.0,88.0,66,0.0,999,84,30.2,0.0,1.0,2023,7,29,20,5,210,30,-0.8660254037844386,0.5000000000000001,-0.4999999999999997,-0.8660254037844388,-0.9749279121818236,-0.2225209339563146,2,2,1,38.0,48.0,44.0,46.0,28.0,37.0,43.333333333333336,5.033222956848066,48.0,38.0,42.0,5.4772255750509515,48.0,33.0,36.0,10.162318990895702,48.0,19.0,32.25,8.901636390843258,48.0,19.0,30.0,33.5,34.9,85.0,64.0,57.0,1.0,1.0,1.66,999.0,997.0,998.0,2536.7999999999997,84.0,30.2,0.0,0.7999854548099126,11.609783578235763,3.366039153091404,25.368,29.7,0.0302301999697698,912.04,7056,1.0,998001,527.3,87.88333333333333,6.0,0.0,0.1999999999999993
110,308.9,25.7,55.3,48.8,98.0,70,0.0,1000,84,30.5,0.0,1.0,2023,7,29,21,5,210,30,-0.7071067811865477,0.7071067811865474,-0.4999999999999997,-0.8660254037844388,-0.9749279121818236,-0.2225209339563146,2,2,1,44.0,38.0,48.0,45.0,36.0,32.0,40.333333333333336,3.2145502536658594,44.0,38.0,41.0,5.366563145998745,48.0,33.0,36.25,10.199153262537013,48.0,19.0,32.541666666666664,9.007142898189652,48.0,19.0,30.2,31.7,35.0,84.0,74.0,56.0,1.0,1.0,1.33,999.0,998.0,997.0,2562.0,84.0,30.5,0.0,0.7991639515583698,12.018987588031592,2.1516672503015446,25.62,30.0,0.0304999695000305,930.25,7056,1.0,1000000,575.7,95.95,-5.0,-9.0,0.3000000000000007
115,370.6,30.0,39.0,51.3,108.0,75,0.0,1001,83,30.7,0.0,1.0,2023,7,29,22,5,210,30,-0.5000000000000004,0.8660254037844384,-0.4999999999999997,-0.8660254037844388,-0.9749279121818236,-0.2225209339563146,2,3,1,39.0,44.0,38.0,33.0,25.0,20.0,41.333333333333336,2.5166114784254954,44.0,39.0,42.333333333333336,3.7237973450040185,48.0,38.0,37.583333333333336,9.62438506496804,48.0,19.0,33.416666666666664,8.752225389886,48.0,19.0,30.5,30.0,35.2,84.0,85.0,55.0,1.0,1.0,1.0,1000.0,999.0,996.0,2548.1,83.0,30.7,0.0,0.7992046938656168,12.352921569281024,1.2999566681110628,25.480999999999998,30.2,0.0306693000306693,942.49,6889,1.0,1002001,639.9000000000001,106.65000000000002,2.0,3.0,0.1999999999999993
112,346.1,29.7,38.0,50.0,102.3,72,0.0,1001,85,30.3,0.0,1.0,2023,7,29,23,5,210,30,-0.25881904510252157,0.9659258262890681,-0.4999999999999997,-0.8660254037844388,-0.9749279121818236,-0.2225209339563146,2,3,1,41.0,39.0,44.0,44.0,19.0,22.0,40.0,1.0000000000050018,41.0,39.0,41.666666666666664,3.7237973450039945,48.0,38.0,39.333333333333336,7.643575238344567,48.0,20.0,34.166666666666664,8.498934289543257,48.0,19.0,30.7,30.2,33.5,83.0,84.0,64.0,1.0,1.0,1.0,1001.0,999.0,997.0,2575.5,85.0,30.3,0.0,0.7999840003199936,11.652806302818087,1.27941820140736,25.755,29.8,0.0302697000302697,918.09,7225,1.0,1002001,606.1,101.01666666666667,-1.0,-4.0,-0.3999999999999986
100,321.6,29.3,37.0,43.8,96.7,70,0.0,1000,87,29.9,0.0,1.0,2023,7,30,0,6,211,30,0.0,1.0,-0.4999999999999997,-0.8660254037844388,-0.7818314824680299,0.6234898018587334,2,3,1,40.0,41.0,39.0,48.0,20.0,23.0,38.666666666666664,3.2145502536659345,41.0,35.0,39.5,3.016620625798274,44.0,35.0,40.583333333333336,4.944387696870194,48.0,33.0,34.666666666666664,8.159639094036626,48.0,19.0,30.3,30.5,31.7,85.0,84.0,74.0,1.0,1.0,1.0,1001.0,1000.0,998.0,2601.2999999999997,87.0,29.9,0.0,0.7990685144174792,10.975734616565987,1.2627555373536739,26.012999999999998,29.4,0.0298999701000299,894.0099999999999,7569,1.0,1000000,563.4000000000001,93.90000000000002,-5.0,-4.0,-0.40000000000000213
85,297.1,29.0,36.0,35.0,91.0,68,0.0,1000,90,29.5,0.0,1.0,2023,7,30,1,6,211,30,0.25881904510252074,0.9659258262890683,-0.4999999999999997,-0.8660254037844388,-0.7818314824680299,0.6234898018587334,2,3,1,35.0,40.0,41.0,38.0,34.0,23.0,34.333333333333336,6.027713773342673,40.0,28.0,37.833333333333336,5.636192568273177,44.0,28.0,40.083333333333336,5.8846230022644255,48.0,28.0,34.875,7.908787077895172,48.0,19.0,29.9,30.7,30.0,87.0,83.0,85.0,1.0,1.0,1.0,1000.0,1001.0,999.0,2655.0,90.0,29.5,0.0,0.7999771435101855,10.244474328471432,1.2413365056377366,26.55,29.0,0.0294999705000295,870.25,8100,1.0,1000000,516.1,86.01666666666667,-7.0,-13.0,-0.3999999999999986
123,246.5,24.7,36.3,55.0,75.3,66,0.0,1000,91,29.2,0.0,0.66,2023,7,30,2,6,211,30,0.49999999999999994,0.8660254037844387,-0.4999999999999997,-0.8660254037844388,-0.7818314824680299,0.6234898018587334,2,3,1,28.0,35.0,40.0,44.0,46.0,25.0,35.666666666666664,8.020806277011344,44.0,28.0,37.833333333333336,5.636192568273177,44.0,28.0,39.916666666666664,5.728054299724976,48.0,28.0,35.666666666666664,7.827858092661382,48.0,19.0,29.5,30.3,30.2,90.0,85.0,84.0,1.0,1.0,1.0,1000.0,1001.0,999.0,2657.2,60.06,19.272000000000002,0.0,0.7999854548099126,9.979353062629043,1.4695761305210313,26.572,28.87,0.0291999708000292,852.64,8281,0.43560000000000004,1000000,481.8,80.3,16.0,4.0,-0.3000000000000007
153,195.9,20.3,36.7,68.8,59.7,64,0.0,1000,92,28.9,0.0,0.33,2023,7,30,3,6,211,30,0.7071067811865476,0.7071067811865476,-0.4999999999999997,-0.8660254037844388,-0.7818314824680299,0.6234898018587334,2,3,1,44.0,28.0,35.0,39.0,45.0,34.0,42.333333333333336,13.576941236277879,55.0,28.0,40.5,9.049861877398563,55.0,28.0,40.75,7.098335272185672,55.0,28.0,36.541666666666664,8.752535864420954,55.0,19.0,29.2,29.9,30.5,91.0,87.0,84.0,0.66,1.0,1.0,1000.0,1000.0,1000.0,2658.7999999999997,30.360000000000003,9.537,0.0,0.7994069853635848,9.649770947243978,1.8077927195704644,26.587999999999997,28.735,0.0288999711000289,835.2099999999999,8464,0.10890000000000001,1000000,436.40000000000003,72.73333333333333,11.0,20.0,-0.3000000000000007
129,145.3,16.0,37.0,57.5,44.0,62,1.5,999,94,28.6,0.0,1.6,2023,7,30,4,6,211,30,0.8660254037844386,0.5000000000000001,-0.4999999999999997,-0.8660254037844388,-0.7818314824680299,0.6234898018587334,2,3,1,55.0,44.0,28.0,41.0,33.0,32.0,48.333333333333336,5.859465277082969,55.0,44.0,41.333333333333336,9.330952077181554,55.0,28.0,41.833333333333336,6.793490645574382,55.0,28.0,37.125,8.901941654346853,55.0,19.0,28.9,29.5,30.7,92.0,90.0,83.0,0.33,1.0,1.0,1000.0,1000.0,1001.0,2688.4,150.4,45.760000000000005,93.0,0.7999860871984835,9.080682457346416,2.3123554777826385,26.884,27.8,0.0286285999713714,817.96,8836,2.5600000000000005,998001,345.8,57.63333333333333,-9.0,18.0,-0.29999999999999716
100,177.2,16.7,36.7,43.8,48.7,62,1.0,1000,95,28.5,0.0,1.2,2023,7,30,5,6,211,30,0.9659258262890683,0.25881904510252074,-0.4999999999999997,-0.8660254037844388,-0.7818314824680299,0.6234898018587334,2,3,1,46.0,55.0,44.0,40.0,44.0,33.0,45.333333333333336,10.016652800878239,55.0,35.0,40.5,9.690201236300092,55.0,28.0,41.083333333333336,7.025386865223308,55.0,28.0,37.208333333333336,8.870954885451422,55.0,19.0,28.6,29.2,30.3,94.0,91.0,85.0,1.6,0.66,1.0,999.0,1000.0,1001.0,2707.5,114.0,34.199999999999996,62.0,0.7990685144174792,10.61014310520328,2.197473205197294,27.075,27.9,0.0284999715000285,812.25,9025,1.44,1000000,358.09999999999997,59.68333333333333,-11.0,-9.0,-0.10000000000000142
91,209.1,17.3,36.3,38.8,53.3,62,1.5,1000,95,28.3,0.7,1.2,2023,7,30,6,6,211,30,1.0,6.123233995736766e-17,-0.4999999999999997,-0.8660254037844388,-0.7818314824680299,0.6234898018587334,2,0,1,35.0,46.0,55.0,35.0,48.0,36.0,37.333333333333336,7.767453465154724,46.0,31.0,39.833333333333336,10.2648266749448,55.0,28.0,39.666666666666664,7.215303601415384,55.0,28.0,37.0,8.958843093012714,55.0,19.0,28.5,28.9,29.9,95.0,92.0,87.0,1.2,0.33,1.0,1000.0,1000.0,1000.0,2688.5,114.0,33.96,93.0,0.7989484807092602,12.086006589214495,2.0981446159181547,26.885,27.7,0.028299971700028303,800.89,9025,1.44,1000000,385.8,64.3,-4.0,-24.0,-0.1999999999999993
98,241.0,18.0,36.0,42.5,58.0,62,1.0,1001,96,28.2,0.8,0.8,2023,7,30,7,6,211,30,0.9659258262890683,-0.25881904510252063,-0.4999999999999997,-0.8660254037844388,-0.7818314824680299,0.6234898018587334,2,0,1,31.0,35.0,46.0,28.0,38.0,34.0,33.333333333333336,2.0816659994689997,35.0,31.0,40.833333333333336,9.108603991098668,55.0,31.0,39.333333333333336,7.389591369355439,55.0,28.0,37.0,8.958843093012714,55.0,19.0,28.3,28.6,29.5,95.0,94.0,90.0,1.2,1.6,1.0,1000.0,999.0,1000.0,2707.2,76.80000000000001,22.560000000000002,62.0,0.7999811769134845,13.38814510304983,1.9998888950613853,27.072,27.8,0.0281718000281718,795.24,9216,0.6400000000000001,1002001,429.5,71.58333333333333,3.0,-12.0,-0.10000000000000142
100,189.5,15.3,55.7,43.8,75.3,62,1.0,1001,89,29.1,1.3,0.8,2023,7,30,8,6,211,30,0.8660254037844387,-0.4999999999999998,-0.4999999999999997,-0.8660254037844388,-0.7818314824680299,0.6234898018587334,2,0,1,34.0,31.0,35.0,44.0,44.0,28.0,33.333333333333336,2.0816659994689997,35.0,31.0,39.333333333333336,9.223159256277548,55.0,31.0,38.583333333333336,7.329372208428826,55.0,28.0,37.291666666666664,8.76494582768902,55.0,19.0,28.2,28.5,29.2,96.0,95.0,91.0,0.8,1.2,0.66,1001.0,1000.0,1000.0,2589.9,71.2,23.28,62.0,0.7990685144174792,12.38481145023201,3.6402849486961637,25.899,28.700000000000003,0.029070900029070902,846.8100000000001,7921,0.6400000000000001,1002001,414.6,69.10000000000001,1.0,0.0,0.9000000000000021
102,137.9,12.7,75.3,45.0,92.7,62,1.0,1001,82,30.1,2.0,1.6,2023,7,30,9,6,211,30,0.7071067811865476,-0.7071067811865475,-0.4999999999999997,-0.8660254037844388,-0.7818314824680299,0.6234898018587334,2,0,1,35.0,34.0,31.0,55.0,39.0,36.0,35.0,1.0000000000057314,36.0,34.0,36.166666666666664,5.115336417740026,46.0,31.0,38.333333333333336,7.364945637437941,55.0,28.0,37.291666666666664,8.76494582768902,55.0,19.0,29.1,28.3,28.9,89.0,95.0,92.0,0.8,1.2,0.33,1001.0,1000.0,1000.0,2468.2000000000003,131.20000000000002,48.160000000000004,62.0,0.7999822226172753,10.857412802141566,5.928667034091804,24.682000000000002,29.3,0.0300699000300699,906.0100000000001,6724,2.5600000000000005,1002001,399.59999999999997,66.6,1.0,5.0,1.0
123,86.4,10.0,95.0,55.0,110.0,62,0.5,1002,75,31.0,3.0,1.6,2023,7,30,10,6,211,30,0.49999999999999994,-0.8660254037844387,-0.4999999999999997,-0.8660254037844388,-0.7818314824680299,0.6234898018587334,2,0,1,36.0,35.0,34.0,46.0,41.0,25.0,38.333333333333336,4.932882862317314,44.0,35.0,35.833333333333336,4.355073669486807,44.0,31.0,38.583333333333336,7.513119837787867,55.0,28.0,38.083333333333336,8.459194466052747,55.0,19.0,30.1,28.2,28.6,82.0,96.0,94.0,1.6,0.8,1.6,1001.0,1001.0,999.0,2325.0,120.0,49.6,31.0,0.7999854548099126,8.639136086391362,9.499050094990501,23.25,30.2,0.030938092876154816,961.0,5625,2.5600000000000005,1004004,400.4,66.73333333333333,8.0,10.0,0.8999999999999986
142,83.1,8.0,110.7,63.8,110.0,62,1.0,1001,75,30.8,3.7,1.6,2023,7,30,11,6,211,30,0.258819045102521,-0.9659258262890682,-0.4999999999999997,-0.8660254037844388,-0.7818314824680299,0.6234898018587334,2,0,1,44.0,36.0,35.0,35.0,40.0,19.0,43.666666666666664,7.505553499465734,51.0,36.0,38.5,7.50333259292105,51.0,31.0,39.5,8.328483437194802,55.0,28.0,39.416666666666664,7.818132027908095,55.0,20.0,31.0,29.1,28.5,75.0,89.0,95.0,1.6,0.8,1.2,1002.0,1001.0,1000.0,2310.0,120.0,49.28,62.0,0.7993605115907275,10.386201724784401,13.835770528683916,23.1,30.0,0.030769200030769203,948.6400000000001,5625,2.5600000000000005,1002001,426.6,71.10000000000001,7.0,16.0,-0.1999999999999993
95,79.8,6.0,126.3,41.3,110.0,62,0.0,1001,75,30.7,3.9,2.0,2023,7,30,12,6,211,30,1.2246467991473532e-16,-1.0,-0.4999999999999997,-0.8660254037844388,-0.7818314824680299,0.6234898018587334,2,1,1,51.0,44.0,36.0,31.0,35.0,20.0,42.666666666666664,9.073771725877977,51.0,33.0,38.833333333333336,7.139094246937639,51.0,33.0,39.333333333333336,8.4459063062128,55.0,28.0,39.958333333333336,6.79820415331508,55.0,28.0,30.8,30.1,28.3,75.0,82.0,95.0,1.6,1.6,1.2,1001.0,1001.0,1000.0,2302.5,150.0,61.4,0.0,0.7990121304568898,13.297783702716213,21.04649225129145,23.025,29.7,0.0306693000306693,942.49,5625,4.0,1002001,396.4,66.06666666666666,-18.0,-3.0,-0.10000000000000142
78,76.5,4.0,142.0,30.0,110.0,62,0.0,1000,74,30.5,3.6,2.0,2023,7,30,13,6,211,30,-0.2588190451025208,-0.9659258262890683,-0.4999999999999997,-0.8660254037844388,-0.7818314824680299,0.6234898018587334,2,1,1,33.0,51.0,44.0,34.0,28.0,34.0,36.0,13.747727084867925,51.0,24.0,37.166666666666664,9.325592027676187,51.0,24.0,39.0,8.9949480770643,55.0,24.0,39.541666666666664,7.4540865166099834,55.0,24.0,30.7,31.0,28.2,75.0,75.0,96.0,2.0,1.6,0.8,1001.0,1002.0,1001.0,2257.0,148.0,61.0,0.0,0.7999733342221925,19.120219945013744,35.49112721819545,22.57,29.5,0.0304999695000305,930.25,5476,4.0,1000000,386.5,64.41666666666667,-9.0,-20.0,-0.1999999999999993
93,77.8,4.7,133.0,40.0,101.3,62,0.5,999,73,31.1,2.9,0.66,2023,7,30,14,6,211,30,-0.4999999999999997,-0.8660254037844388,-0.4999999999999997,-0.8660254037844388,-0.7818314824680299,0.6234898018587334,2,1,1,24.0,33.0,51.0,35.0,44.0,46.0,29.666666666666668,4.9328828623175545,33.0,24.0,36.666666666666664,9.542885657213835,51.0,24.0,38.0,9.055385138136973,55.0,24.0,38.958333333333336,7.47447346795702,55.0,24.0,30.5,30.8,29.1,74.0,75.0,89.0,2.0,1.6,0.8,1000.0,1001.0,1001.0,2270.3,48.18,20.526000000000003,31.0,0.7999800004999875,16.549670282918527,28.291852797277173,22.703000000000003,30.770000000000003,0.0311310999688689,967.21,5329,0.43560000000000004,998001,388.8,64.8,8.0,-19.0,0.6000000000000014
110,79.2,5.3,124.0,48.8,92.7,62,0.5,999,72,31.6,2.0,1.33,2023,7,30,15,6,211,30,-0.7071067811865471,-0.7071067811865479,-0.4999999999999997,-0.8660254037844388,-0.7818314824680299,0.6234898018587334,2,1,1,32.0,24.0,33.0,36.0,55.0,45.0,31.666666666666668,7.5055534994659565,39.0,24.0,37.166666666666664,9.579491983746198,51.0,24.0,36.666666666666664,7.340217154742769,51.0,24.0,38.708333333333336,7.363122959054118,55.0,24.0,31.1,30.7,30.1,73.0,75.0,82.0,0.66,2.0,1.6,999.0,1001.0,1001.0,2275.2000000000003,95.76,42.028000000000006,31.0,0.7991639515583698,14.940577249575552,23.391812865497077,22.752000000000002,30.935000000000002,0.0316315999683684,998.5600000000001,5184,1.7689000000000001,998001,389.0,64.83333333333333,7.0,6.0,0.5
87,80.5,6.0,115.0,36.3,84.0,62,0.0,998,71,32.2,1.3,2.0,2023,7,30,16,6,211,30,-0.8660254037844385,-0.5000000000000004,-0.4999999999999997,-0.8660254037844388,-0.7818314824680299,0.6234898018587334,2,1,1,39.0,32.0,24.0,44.0,46.0,33.0,33.333333333333336,5.13160143944804,39.0,29.0,34.666666666666664,9.395034149307655,51.0,24.0,35.25,7.0081121825801755,51.0,24.0,38.541666666666664,7.541071119091323,55.0,24.0,31.6,30.5,31.0,72.0,74.0,75.0,1.33,2.0,1.6,999.0,1000.0,1002.0,2286.2000000000003,142.0,64.4,0.0,0.798876064020275,13.414430928178636,19.16347275454091,22.862000000000002,31.200000000000003,0.032264496728961194,1036.8400000000001,5041,4.0,996004,350.8,58.46666666666667,-10.0,5.0,0.6000000000000014
89,99.0,9.0,98.3,37.5,78.3,66,4.0,999,74,31.6,0.8,1.33,2023,7,30,17,6,211,30,-0.9659258262890683,-0.25881904510252063,-0.4999999999999997,-0.8660254037844388,-0.7818314824680299,0.6234898018587334,2,1,1,29.0,39.0,32.0,51.0,35.0,44.0,32.666666666666664,5.507570547287196,39.0,29.0,31.166666666666668,4.956477243633436,39.0,24.0,34.833333333333336,7.17106982424762,51.0,24.0,37.958333333333336,7.641301770878297,55.0,24.0,32.2,31.1,30.8,71.0,73.0,75.0,2.0,0.66,1.6,998.0,999.0,1001.0,2338.4,98.42,42.028000000000006,264.0,0.7999786672355405,10.99877791356516,10.921008776802578,23.384,30.935000000000002,0.0316315999683684,998.5600000000001,5476,1.7689000000000001,998001,352.1,58.68333333333334,1.0,-2.0,-0.6000000000000014
107,117.5,12.0,81.7,47.5,72.7,70,0.5,999,77,31.1,0.7,0.66,2023,7,30,18,6,211,30,-1.0,-1.8369701987210297e-16,-0.4999999999999997,-0.8660254037844388,-0.7818314824680299,0.6234898018587334,2,2,1,30.0,29.0,39.0,33.0,31.0,48.0,32.333333333333336,4.93288286231748,38.0,29.0,32.0,5.692099788302174,39.0,24.0,35.416666666666664,7.115390915387584,51.0,24.0,37.541666666666664,7.336502938207226,55.0,24.0,31.6,31.6,30.7,74.0,72.0,75.0,1.33,1.33,2.0,999.0,999.0,1001.0,2394.7000000000003,50.82,20.526000000000003,35.0,0.7999831582493001,9.790850762436465,6.807766019498375,23.947000000000003,30.770000000000003,0.0311310999688689,967.21,5929,0.43560000000000004,998001,369.4,61.56666666666666,8.0,-1.0,-0.5
93,136.0,15.0,65.0,40.0,67.0,75,0.0,1000,81,30.5,0.0,1.2,2023,7,30,19,6,211,30,-0.9659258262890684,0.2588190451025203,-0.4999999999999997,-0.8660254037844388,-0.7818314824680299,0.6234898018587334,2,2,1,38.0,30.0,29.0,24.0,34.0,38.0,33.333333333333336,4.1633319989336925,38.0,30.0,33.333333333333336,4.179314138307466,39.0,29.0,35.25,7.17476638834081,51.0,24.0,37.291666666666664,7.421936736967012,55.0,24.0,31.1,32.2,30.5,77.0,71.0,74.0,0.66,2.0,2.0,999.0,998.0,1000.0,2470.5,97.2,36.6,0.0,0.7999800004999875,9.066062262515832,4.33304446370242,24.705,29.9,0.0304999695000305,930.25,6561,1.44,1000000,355.0,59.166666666666664,-6.0,3.0,-0.6000000000000014
93,146.1,15.3,57.7,40.0,63.7,75,0.0,1001,83,30.2,0.0,0.33,2023,7,30,20,6,211,30,-0.8660254037844386,0.5000000000000001,-0.4999999999999997,-0.8660254037844388,-0.7818314824680299,0.6234898018587334,2,2,1,32.0,38.0,30.0,32.0,35.0,44.0,34.0,3.4641016151394415,38.0,32.0,33.333333333333336,4.179314138307466,39.0,29.0,35.0,7.236272269865798,51.0,24.0,36.791666666666664,7.3542603249776475,55.0,24.0,30.5,31.6,31.1,81.0,74.0,73.0,1.2,1.33,0.66,1000.0,999.0,999.0,2506.6,27.39,9.966000000000001,0.0,0.7999800004999875,9.54839552970394,3.7709953597804065,25.066,30.035,0.0301698000301698,912.04,6889,0.10890000000000001,1002001,354.8,59.13333333333333,0.0,2.0,-0.3000000000000007
91,156.2,15.7,50.3,38.8,60.3,75,0.0,1002,85,29.8,0.0,0.66,2023,7,30,21,6,211,30,-0.7071067811865477,0.7071067811865474,-0.4999999999999997,-0.8660254037844388,-0.7818314824680299,0.6234898018587334,2,2,1,32.0,32.0,38.0,39.0,36.0,39.0,31.666666666666668,0.5773502692003143,32.0,31.0,32.0,3.162277660166743,38.0,29.0,34.583333333333336,7.316958301635399,51.0,24.0,36.458333333333336,7.430718653680065,55.0,24.0,30.2,31.1,31.6,83.0,77.0,72.0,0.33,0.66,1.33,1001.0,999.0,999.0,2533.0,56.1,19.668000000000003,0.0,0.7989484807092602,9.948410929240175,3.203617603974269,25.33,29.470000000000002,0.02974048928094882,888.0400000000001,7225,0.43560000000000004,1004004,352.3,58.71666666666667,-1.0,-7.0,-0.3999999999999986
59,166.3,16.0,43.0,20.0,57.0,75,0.0,1003,88,29.5,0.0,1.0,2023,7,30,22,6,211,30,-0.5000000000000004,0.8660254037844384,-0.4999999999999997,-0.8660254037844388,-0.7818314824680299,0.6234898018587334,2,3,1,31.0,32.0,32.0,29.0,44.0,41.0,26.333333333333332,8.962886439833275,32.0,16.0,29.833333333333332,7.3325757184399905,38.0,16.0,32.25,8.422102954833244,51.0,16.0,35.416666666666664,8.44890868521006,55.0,16.0,29.8,30.5,32.2,85.0,81.0,71.0,0.66,1.2,2.0,1002.0,1000.0,998.0,2596.0,88.0,29.5,0.0,0.7999600019998999,10.393100431223049,2.6873320417473905,25.96,29.0,0.029411735382118265,870.25,7744,1.0,1006009,318.3,53.050000000000004,-15.0,-16.0,-0.3000000000000007
76,148.4,14.7,42.3,30.0,49.0,54,0.0,1002,89,29.3,0.0,0.66,2023,7,30,23,6,211,30,-0.25881904510252157,0.9659258262890681,-0.4999999999999997,-0.8660254037844388,-0.7818314824680299,0.6234898018587334,2,3,1,16.0,31.0,32.0,30.0,51.0,40.0,23.666666666666668,7.505553499466108,31.0,16.0,28.833333333333332,7.704976746665461,38.0,16.0,30.0,6.295741706610635,39.0,16.0,34.75,8.699075413139115,55.0,16.0,29.5,30.2,31.6,88.0,83.0,74.0,1.0,0.33,1.33,1003.0,1001.0,999.0,2607.7000000000003,58.74,19.338,0.0,0.7999733342221925,10.094551391061835,2.8773552819536086,26.077,28.970000000000002,0.029241487782946326,858.49,7921,0.43560000000000004,1004004,308.4,51.4,8.0,-8.0,-0.1999999999999993
100,130.5,13.3,41.7,43.8,41.0,33,0.0,1002,90,29.2,0.0,0.33,2023,7,31,0,0,212,31,0.0,1.0,-0.4999999999999997,-0.8660254037844388,0.0,1.0,2,3,0,24.0,16.0,31.0,38.0,33.0,35.0,25.0,9.539392014170202,35.0,16.0,28.333333333333332,7.061633427660723,35.0,16.0,30.166666666666668,6.407855028057282,39.0,16.0,34.75,8.699075413139115,55.0,16.0,29.3,29.8,31.1,89.0,85.0,77.0,0.66,0.66,0.66,1002.0,1002.0,999.0,2628.0,29.700000000000003,9.636000000000001,0.0,0.7990685144174792,9.811292384031276,3.1351026238628674,26.28,29.035,0.029141687483345825,852.64,8100,0.10890000000000001,1004004,305.3,50.88333333333333,11.0,4.0,-0.10000000000000142
110,112.6,12.0,41.0,48.8,33.0,12,1.0,1001,92,29.0,0.0,0.4,2023,7,31,1,0,212,31,0.25881904510252074,0.9659258262890683,-0.4999999999999997,-0.8660254037844388,0.0,1.0,2,3,0,35.0,24.0,16.0,32.0,24.0,28.0,32.666666666666664,7.767453465154802,39.0,24.0,29.5,8.264381404557088,39.0,16.0,31.416666666666668,6.556860852756983,39.0,16.0,35.208333333333336,8.617369550565758,55.0,16.0,29.2,29.5,30.5,90.0,88.0,81.0,0.33,1.0,1.2,1002.0,1003.0,1000.0,2668.0,36.800000000000004,11.600000000000001,12.0,0.7991639515583698,9.382551454045496,3.4163819681693193,26.68,28.8,0.028971000028971,841.0,8464,0.16000000000000003,1002001,286.4,47.73333333333333,4.0,23.0,-0.1999999999999993
104,102.9,12.0,42.0,46.3,38.7,33,2.5,1001,92,28.8,0.0,0.33,2023,7,31,2,0,212,31,0.49999999999999994,0.8660254037844387,-0.4999999999999997,-0.8660254037844388,0.0,1.0,2,3,0,39.0,35.0,24.0,32.0,32.0,44.0,37.0,2.000000000002693,39.0,35.0,30.333333333333332,8.801515021100395,39.0,16.0,31.833333333333332,6.753225940693331,39.0,16.0,34.916666666666664,8.423139281902094,55.0,16.0,29.0,29.3,30.2,92.0,89.0,83.0,0.4,0.66,0.33,1001.0,1002.0,1001.0,2649.6,30.360000000000003,9.504000000000001,82.5,0.799118809528952,8.574285476210317,3.4997083576368637,26.496,28.635,0.0287712000287712,829.44,8464,0.10890000000000001,1002001,278.9,46.48333333333333,-2.0,13.0,-0.1999999999999993
129,93.2,12.0,43.0,57.5,44.3,54,1.0,1001,92,28.7,0.0,0.66,2023,7,31,3,0,212,31,0.7071067811865476,0.7071067811865476,-0.4999999999999997,-0.8660254037844388,0.0,1.0,2,3,0,37.0,39.0,35.0,31.0,39.0,55.0,40.666666666666664,4.725815626253637,46.0,37.0,32.833333333333336,10.907184176800927,46.0,16.0,32.416666666666664,7.668807342774931,46.0,16.0,34.541666666666664,7.655513311200898,51.0,16.0,28.8,29.2,29.8,92.0,90.0,85.0,0.33,0.33,0.66,1001.0,1002.0,1002.0,2640.4,60.720000000000006,18.942,54.0,0.7999860871984835,7.766019498375136,3.583034747104408,26.404,28.37,0.0286713000286713,823.6899999999999,8464,0.43560000000000004,1002001,296.0,49.333333333333336,9.0,11.0,-0.10000000000000142
102,83.5,12.0,44.0,45.0,50.0,75,0.5,1000,92,28.5,0.0,1.0,2023,7,31,4,0,212,31,0.8660254037844386,0.5000000000000001,-0.4999999999999997,-0.8660254037844388,0.0,1.0,2,3,0,46.0,37.0,39.0,16.0,29.0,46.0,39.666666666666664,5.507570547287011,46.0,36.0,36.166666666666664,7.13909424693759,46.0,24.0,33.0,7.65150014999981,46.0,16.0,34.125,7.267033962264013,51.0,16.0,28.7,29.0,29.5,92.0,92.0,88.0,0.66,0.4,1.0,1001.0,1001.0,1003.0,2622.0,92.0,28.5,37.5,0.7999822226172753,6.957753520539955,3.6663611365719526,26.22,28.0,0.0284999715000285,812.25,8464,1.0,1000000,270.5,45.083333333333336,-10.0,-3.0,-0.1999999999999993
85,93.2,12.7,40.7,35.0,52.0,75,0.0,1001,93,28.2,0.0,0.66,2023,7,31,5,0,212,31,0.9659258262890683,0.25881904510252074,-0.4999999999999997,-0.8660254037844388,0.0,1.0,2,3,0,36.0,46.0,37.0,24.0,30.0,35.0,36.666666666666664,9.01849950564639,46.0,28.0,36.833333333333336,5.845225972249282,46.0,28.0,32.833333333333336,7.744010393180627,46.0,16.0,33.833333333333336,7.370131652807361,51.0,16.0,28.5,28.8,29.3,92.0,92.0,89.0,1.0,0.33,0.66,1000.0,1001.0,1002.0,2622.6,61.38,18.612000000000002,0.0,0.7999771435101855,7.338004881505395,3.204472088811905,26.226,27.87,0.0281718000281718,795.24,8649,0.43560000000000004,1002001,261.6,43.6,-8.0,-9.0,-0.3000000000000007
91,102.9,13.3,37.3,38.8,54.0,75,0.0,1001,94,28.0,0.6,0.33,2023,7,31,6,0,212,31,1.0,6.123233995736766e-17,-0.4999999999999997,-0.8660254037844388,0.0,1.0,2,0,0,28.0,36.0,46.0,35.0,38.0,31.0,31.666666666666668,4.041451884328902,36.0,28.0,36.166666666666664,6.3060817205819175,46.0,28.0,32.25,7.581376703954593,46.0,16.0,33.833333333333336,7.370131652807361,51.0,16.0,28.2,28.7,29.2,93.0,92.0,90.0,0.66,0.66,0.33,1001.0,1001.0,1002.0,2632.0,31.020000000000003,9.24,0.0,0.7989484807092602,7.7362604315465004,2.8043004285392072,26.32,27.835,0.027972000027972,784.0,8836,0.10890000000000001,1002001,277.3,46.21666666666667,3.0,-15.0,-0.1999999999999993
139,112.6,14.0,34.0,62.5,56.0,75,0.5,1002,95,27.7,0.8,1.6,2023,7,31,7,0,212,31,0.9659258262890683,-0.25881904510252063,-0.4999999999999997,-0.8660254037844388,0.0,1.0,2,0,0,31.0,28.0,36.0,39.0,32.0,34.0,36.333333333333336,11.930353445449313,50.0,28.0,38.0,8.508818954472543,50.0,28.0,33.75,9.146534366036317,50.0,16.0,34.5,8.075728530872675,51.0,16.0,28.0,28.5,29.0,94.0,92.0,92.0,0.33,1.0,0.4,1001.0,1000.0,1001.0,2631.5,152.0,44.32,37.5,0.7999872002047967,8.042282694093279,2.428397971573459,26.315,26.9,0.027644682989338334,767.29,9025,2.5600000000000005,1004004,329.1,54.85,19.0,14.0,-0.3000000000000007
121,104.3,12.3,52.0,53.8,70.0,70,0.5,1002,86,29.1,1.3,0.33,2023,7,31,8,0,212,31,0.8660254037844387,-0.4999999999999998,-0.4999999999999997,-0.8660254037844388,0.0,1.0,2,0,0,50.0,31.0,28.0,37.0,32.0,35.0,41.333333333333336,9.609023536933547,50.0,31.0,39.0,8.71779788708086,50.0,28.0,34.666666666666664,9.499601267548893,50.0,16.0,34.833333333333336,8.260259321472557,51.0,16.0,27.7,28.2,28.8,95.0,93.0,92.0,1.6,0.66,0.33,1002.0,1001.0,1001.0,2502.6,28.380000000000003,9.603000000000002,35.0,0.7992416497834613,8.478985448337534,4.227298593610276,25.026,28.935000000000002,0.029041887183745327,846.8100000000001,7396,0.10890000000000001,1004004,335.4,55.9,-7.0,15.0,1.4000000000000021
87,95.9,10.7,70.0,36.3,84.0,66,0.5,1002,79,30.6,1.9,0.66,2023,7,31,9,0,212,31,0.7071067811865476,-0.7071067811865475,-0.4999999999999997,-0.8660254037844388,0.0,1.0,2,0,0,43.0,50.0,31.0,46.0,31.0,36.0,40.666666666666664,10.692676621564082,50.0,29.0,36.166666666666664,8.750238091998265,50.0,28.0,34.5,9.586922911397757,50.0,16.0,34.541666666666664,8.340467960318808,51.0,16.0,29.1,28.0,28.7,86.0,94.0,92.0,0.33,0.33,0.66,1002.0,1001.0,1001.0,2417.4,52.14,20.196,33.0,0.798876064020275,8.961779272965146,6.541444724792076,24.174,30.270000000000003,0.030538891677752818,936.3600000000001,6241,0.43560000000000004,1004004,325.90000000000003,54.31666666666667,-14.0,-2.0,1.5
87,87.5,9.0,88.0,36.3,98.0,62,0.0,1003,72,32.0,2.8,1.0,2023,7,31,10,0,212,31,0.49999999999999994,-0.8660254037844387,-0.4999999999999997,-0.8660254037844388,0.0,1.0,2,0,0,29.0,43.0,50.0,36.0,16.0,44.0,33.666666666666664,8.082903768655488,43.0,29.0,35.0,9.230384607370944,50.0,28.0,35.583333333333336,7.8908270488677985,50.0,24.0,33.916666666666664,8.160971098794873,51.0,16.0,30.6,27.7,28.5,79.0,95.0,92.0,0.66,1.6,1.0,1002.0,1002.0,1000.0,2304.0,72.0,32.0,0.0,0.798876064020275,9.721142095322742,9.776691478724587,23.04,31.5,0.0319042553297554,1024.0,5184,1.0,1006009,347.8,57.96666666666667,0.0,-21.0,1.3999999999999986
82,83.1,8.0,94.3,33.8,91.3,66,0.0,1002,68,32.7,3.5,0.66,2023,7,31,11,0,212,31,0.258819045102521,-0.9659258262890682,-0.4999999999999997,-0.8660254037844388,0.0,1.0,2,0,0,29.0,29.0,43.0,28.0,24.0,51.0,28.333333333333332,1.1547005383850095,29.0,27.0,34.833333333333336,9.389710680668339,50.0,27.0,35.833333333333336,7.529739019180003,50.0,27.0,32.916666666666664,7.412777843853227,50.0,16.0,32.0,29.1,28.2,72.0,86.0,93.0,1.0,0.33,0.66,1003.0,1002.0,1001.0,2223.6000000000004,44.88,21.582000000000004,0.0,0.7987929351202628,10.386201724784401,11.786026746656669,22.236000000000004,32.370000000000005,0.03263469796936331,1069.2900000000002,4624,0.43560000000000004,1004004,337.5,56.25,-2.0,-16.0,0.7000000000000028
59,78.6,7.0,100.7,20.0,84.7,70,0.0,1001,65,33.5,4.1,0.33,2023,7,31,12,0,212,31,1.2246467991473532e-16,-1.0,-0.4999999999999997,-0.8660254037844388,0.0,1.0,2,1,0,27.0,29.0,29.0,31.0,35.0,33.0,24.0,7.000000000001042,29.0,16.0,32.333333333333336,12.1928941054475,50.0,16.0,34.25,9.468848446832554,50.0,16.0,32.208333333333336,8.177270548489304,50.0,16.0,32.7,30.6,28.0,68.0,79.0,94.0,0.66,0.66,0.33,1002.0,1002.0,1001.0,2177.5,21.45,11.055,0.0,0.7999600019998999,11.226967576060561,14.38365947721754,21.775,33.335,0.033466500033466504,1122.25,4225,0.10890000000000001,1002001,307.0,51.166666666666664,-11.0,-13.0,0.7999999999999972
59,74.1,6.0,107.0,20.0,78.0,75,3.25,1001,62,34.2,3.7,0.8,2023,7,31,13,0,212,31,-0.2588190451025208,-0.9659258262890683,-0.4999999999999997,-0.8660254037844388,0.0,1.0,2,1,0,16.0,27.0,29.0,50.0,39.0,24.0,19.666666666666668,6.350852961087134,27.0,16.0,26.666666666666668,10.05319186460971,43.0,16.0,32.333333333333336,10.671400464736601,50.0,16.0,31.875,8.674362525130784,50.0,16.0,33.5,32.0,27.7,65.0,72.0,95.0,0.33,1.0,1.6,1001.0,1003.0,1002.0,2120.4,49.6,27.360000000000003,243.75,0.7999600019998999,12.347942009665054,17.83036160639893,21.204,33.800000000000004,0.034165800034165805,1169.64,3844,0.6400000000000001,1002001,301.1,50.18333333333334,0.0,-13.0,0.7000000000000028
69,78.0,6.7,103.7,26.3,71.0,75,8.75,1001,70,31.5,2.9,0.33,2023,7,31,14,0,212,31,-0.4999999999999997,-0.8660254037844388,-0.4999999999999997,-0.8660254037844388,0.0,1.0,2,1,0,16.0,16.0,27.0,43.0,37.0,32.0,17.666666666666668,2.8867513459509837,21.0,16.0,23.0,6.164414002967939,29.0,16.0,31.0,11.028887688083351,50.0,16.0,31.416666666666668,8.95358401237563,50.0,16.0,34.2,32.7,29.1,62.0,68.0,86.0,0.8,0.66,0.33,1001.0,1002.0,1002.0,2205.0,23.1,10.395000000000001,656.25,0.79844872818524,11.640053723324876,15.475302193702431,22.05,31.335,0.0314685000314685,992.25,4900,0.10890000000000001,1002001,306.70000000000005,51.116666666666674,5.0,-6.0,-2.700000000000003
98,81.9,7.3,100.3,42.5,64.0,75,5.75,1001,80,28.7,2.0,0.66,2023,7,31,15,0,212,31,-0.7071067811865471,-0.7071067811865479,-0.4999999999999997,-0.8660254037844388,0.0,1.0,2,1,0,21.0,16.0,16.0,29.0,46.0,39.0,23.666666666666668,9.291573243178359,34.0,16.0,23.833333333333332,7.35980072193902,34.0,16.0,30.0,10.045351706589667,50.0,16.0,31.208333333333332,8.826733930739032,50.0,16.0,31.5,33.5,30.6,70.0,65.0,79.0,0.33,0.33,0.66,1001.0,1001.0,1002.0,2296.0,52.800000000000004,18.942,431.25,0.7999811769134845,11.217641418983701,13.737844130940966,22.96,28.37,0.0286713000286713,823.6899999999999,6400,0.43560000000000004,1002001,330.0,55.0,13.0,18.0,-2.8000000000000007
134,85.8,8.0,97.0,60.0,57.0,75,2.5,1000,91,26.0,1.3,1.0,2023,7,31,16,0,212,31,-0.8660254037844385,-0.5000000000000004,-0.4999999999999997,-0.8660254037844388,0.0,1.0,2,1,0,34.0,21.0,16.0,29.0,36.0,29.0,34.333333333333336,13.50308606701982,48.0,21.0,27.0,12.393546707863262,48.0,16.0,31.0,11.224972160321508,50.0,16.0,32.0,9.450097768070393,50.0,16.0,28.7,34.2,32.0,80.0,62.0,72.0,0.66,0.8,1.0,1001.0,1001.0,1003.0,2366.0,91.0,26.0,187.5,0.7999866668888852,10.723659542557181,12.123484564429447,23.66,25.5,0.025999974000026002,676.0,8281,1.0,1000000,355.8,59.300000000000004,14.0,32.0,-2.6999999999999993
80,115.9,11.7,86.7,32.5,67.3,83,2.75,1001,92,26.0,0.8,1.33,2023,7,31,17,0,212,31,-0.9659258262890683,-0.25881904510252063,-0.4999999999999997,-0.8660254037844388,0.0,1.0,2,1,0,48.0,34.0,21.0,27.0,28.0,30.0,36.0,11.135528725660537,48.0,26.0,26.833333333333332,12.400268814290074,48.0,16.0,30.833333333333332,11.288234690341769,50.0,16.0,31.833333333333332,9.521904571390571,50.0,16.0,26.0,31.5,32.7,91.0,70.0,68.0,1.0,0.33,0.66,1000.0,1001.0,1002.0,2392.0,122.36000000000001,34.58,228.25,0.7999753853727578,9.905136313135632,7.409623109135972,23.92,25.335,0.025974000025974,676.0,8464,1.7689000000000001,1002001,340.1,56.68333333333334,-22.0,5.0,0.0
69,146.1,15.3,76.3,26.3,77.7,91,2.5,1001,93,26.0,0.6,1.66,2023,7,31,18,0,212,31,-1.0,-1.8369701987210297e-16,-0.4999999999999997,-0.8660254037844388,0.0,1.0,2,2,0,26.0,48.0,34.0,16.0,31.0,38.0,31.666666666666668,14.364307617610592,48.0,21.0,27.666666666666668,11.673331429658594,48.0,16.0,30.0,11.638494123147483,50.0,16.0,31.125,9.67431606390599,50.0,16.0,26.0,28.7,33.5,92.0,80.0,65.0,1.33,0.66,0.33,1001.0,1001.0,1001.0,2418.0,154.38,43.16,227.5,0.79844872818524,9.54839552970394,4.986602182863865,24.18,25.17,0.025974000025974,676.0,8649,2.7556,1002001,362.7,60.449999999999996,-5.0,-13.0,0.0
82,176.2,19.0,66.0,33.8,88.0,100,3.0,1001,94,26.0,0.0,2.0,2023,7,31,19,0,212,31,-0.9659258262890684,0.2588190451025203,-0.4999999999999997,-0.8660254037844388,0.0,1.0,2,2,0,21.0,26.0,48.0,16.0,50.0,32.0,24.666666666666668,3.2145502536665784,27.0,21.0,29.5,10.251829105090906,48.0,21.0,28.083333333333332,9.792931897624353,48.0,16.0,30.916666666666668,9.70843052137715,50.0,16.0,26.0,26.0,34.2,93.0,91.0,62.0,1.66,1.0,0.8,1001.0,1000.0,1001.0,2444.0,188.0,52.0,300.0,0.7987929351202628,9.273196147571179,3.4735013946634385,24.44,25.0,0.025974000025974,676.0,8836,4.0,1002001,410.0,68.33333333333333,6.0,-21.0,0.0
102,199.8,20.3,58.3,45.0,94.3,100,2.75,1002,94,26.2,0.0,1.66,2023,7,31,20,0,212,31,-0.8660254037844386,0.5000000000000001,-0.4999999999999997,-0.8660254037844388,0.0,1.0,2,2,0,27.0,21.0,26.0,21.0,43.0,32.0,28.0,7.549834435271643,36.0,21.0,32.0,9.57078889120378,48.0,21.0,27.5,8.999999999999638,48.0,16.0,31.083333333333332,9.76202343007212,50.0,16.0,26.0,26.0,31.5,94.0,92.0,70.0,2.0,1.33,0.33,1001.0,1001.0,1001.0,2462.7999999999997,156.04,43.492,275.0,0.7999822226172753,9.841879710359095,2.871779715284961,24.627999999999997,25.37,0.026147678495330843,686.4399999999999,8836,2.7556,1004004,453.70000000000005,75.61666666666667,9.0,10.0,0.1999999999999993
95,223.3,21.7,50.7,41.3,100.7,100,2.0,1003,94,26.3,0.0,1.33,2023,7,31,21,0,212,31,-0.7071067811865477,0.7071067811865474,-0.4999999999999997,-0.8660254037844388,0.0,1.0,2,2,0,36.0,27.0,21.0,34.0,29.0,31.0,32.0,4.5825756949571765,36.0,27.0,31.833333333333332,9.537644712750433,48.0,21.0,27.833333333333332,9.133687230480133,48.0,16.0,31.166666666666668,9.769814499893053,50.0,16.0,26.2,26.0,28.7,94.0,93.0,80.0,1.66,1.66,0.66,1002.0,1001.0,1001.0,2472.2000000000003,125.02000000000001,34.979000000000006,200.0,0.7990121304568898,10.289848394083222,2.336297866457767,24.722,25.635,0.026221309849142723,691.69,8836,1.7689000000000001,1006009,470.7,78.45,-3.0,12.0,0.10000000000000142
42,246.9,23.0,43.0,12.5,107.0,100,2.0,1004,94,26.5,0.0,1.0,2023,7,31,22,0,212,31,-0.5000000000000004,0.8660254037844384,-0.4999999999999997,-0.8660254037844388,0.0,1.0,2,3,0,33.0,36.0,27.0,48.0,29.0,16.0,26.333333333333332,14.224392195568404,36.0,10.0,25.5,9.268225288586153,36.0,10.0,26.25,10.463138760776634,48.0,10.0,30.916666666666668,10.240230409545545,50.0,10.0,26.3,26.0,26.0,94.0,94.0,91.0,1.33,2.0,1.0,1003.0,1001.0,1000.0,2491.0,94.0,26.5,200.0,0.7999360051195905,10.734315899308726,1.869483935481066,24.91,26.0,0.026394396021517906,702.25,8836,1.0,1008016,442.4,73.73333333333333,-23.0,-17.0,0.1999999999999993
33,239.9,23.0,38.7,10.0,102.0,100,0.75,1004,94,26.6,0.0,1.0,2023,7,31,23,0,212,31,-0.25881904510252157,0.9659258262890681,-0.4999999999999997,-0.8660254037844388,0.0,1.0,2,3,0,10.0,33.0,36.0,26.0,27.0,24.0,17.0,13.892443989450411,33.0,8.0,22.5,11.674759098156462,36.0,8.0,24.666666666666668,11.703405357830297,48.0,8.0,30.25,11.187143241822051,50.0,8.0,26.5,26.2,26.0,94.0,94.0,92.0,1.0,1.66,1.33,1004.0,1002.0,1001.0,2500.4,94.0,26.6,75.0,0.7999200079992002,10.429981305160645,1.6825355419329595,25.004,26.1,0.02649399751593873,707.5600000000001,8836,1.0,1008016,421.59999999999997,70.26666666666667,-2.0,-28.0,0.10000000000000142
54,232.9,23.0,34.3,17.5,97.0,100,0.0,1003,95,26.6,0.0,1.0,2023,8,1,0,1,213,31,0.0,1.0,-0.8660254037844385,-0.5000000000000004,0.7818314824680298,0.6234898018587336,2,3,0,8.0,10.0,33.0,21.0,16.0,35.0,10.666666666666666,3.0550504633069724,14.0,8.0,21.333333333333332,12.192894105447378,36.0,8.0,24.5,11.851352051750863,48.0,8.0,29.375,11.612633674992344,50.0,8.0,26.6,26.3,26.0,94.0,94.0,93.0,1.0,1.33,1.66,1004.0,1003.0,1001.0,2527.0,95.0,26.6,0.0,0.7999542883263813,10.125646711012564,1.4912395113255943,25.27,26.1,0.02652041224285918,707.5600000000001,9025,1.0,1006009,418.7,69.78333333333333,6.0,-19.0,0.0
63,225.9,23.0,30.0,22.5,92.0,100,0.0,1003,95,26.7,0.0,1.0,2023,8,1,1,1,213,31,0.25881904510252074,0.9659258262890683,-0.8660254037844385,-0.5000000000000004,0.7818314824680298,0.6234898018587336,2,3,0,14.0,8.0,10.0,27.0,16.0,39.0,13.333333333333334,5.033222956848955,18.0,8.0,19.833333333333332,11.906580813426372,36.0,8.0,24.666666666666668,11.734435209969146,48.0,8.0,28.5,11.646981321915309,50.0,8.0,26.6,26.5,26.0,95.0,94.0,94.0,1.0,1.0,2.0,1003.0,1004.0,1001.0,2536.5,95.0,26.7,0.0,0.7999644460246211,9.821312116864483,1.3042911177774879,25.365,26.2,0.026620113040764667,712.89,9025,1.0,1006009,411.4,68.56666666666666,4.0,8.0,0.09999999999999787
61,206.0,22.7,29.3,21.3,91.0,100,0.5,1002,95,26.5,0.0,1.33,2023,8,1,2,1,213,31,0.49999999999999994,0.8660254037844387,-0.8660254037844385,-0.5000000000000004,0.7818314824680298,0.6234898018587336,2,3,0,18.0,14.0,8.0,36.0,21.0,37.0,16.333333333333332,2.081665999470236,18.0,14.0,16.666666666666668,8.891943919450467,33.0,8.0,24.333333333333332,11.903653628065785,48.0,8.0,27.666666666666668,11.727584230524982,50.0,8.0,26.7,26.6,26.2,95.0,94.0,94.0,1.0,1.0,1.66,1003.0,1004.0,1002.0,2517.5,126.35000000000001,35.245000000000005,50.0,0.7980845969672785,9.074490110567817,1.290692039998238,25.175,25.835,0.026447079394132343,702.25,9025,1.7689000000000001,1004004,387.3,64.55,-1.0,9.0,-0.1999999999999993
61,186.2,22.3,28.7,21.3,90.0,100,0.5,1002,95,26.4,0.0,1.66,2023,8,1,3,1,213,31,0.7071067811865476,0.7071067811865476,-0.8660254037844385,-0.5000000000000004,0.7818314824680298,0.6234898018587336,2,3,0,17.0,18.0,14.0,33.0,34.0,46.0,17.333333333333332,0.5773502692041552,18.0,17.0,14.0,4.147288270663704,18.0,8.0,22.916666666666668,11.657680521935287,48.0,8.0,26.458333333333332,11.240374303943504,50.0,8.0,26.5,26.6,26.3,95.0,95.0,94.0,1.33,1.0,1.33,1002.0,1003.0,1003.0,2508.0,157.7,43.824,50.0,0.7980845969672785,8.349401372135777,1.2869378054795748,25.08,25.57,0.026347279094531842,696.9599999999999,9025,2.7556,1004004,365.5,60.916666666666664,0.0,3.0,-0.10000000000000142
78,166.3,22.0,28.0,31.3,89.0,100,0.5,1002,95,26.2,0.0,2.0,2023,8,1,4,1,213,31,0.8660254037844386,0.5000000000000001,-0.8660254037844385,-0.5000000000000004,0.7818314824680298,0.6234898018587336,2,3,0,17.0,17.0,18.0,10.0,48.0,36.0,19.666666666666668,4.618802153518746,25.0,17.0,16.5,5.540758070876714,25.0,8.0,21.0,8.665501087121484,36.0,8.0,26.0,11.057163721552511,50.0,8.0,26.4,26.7,26.5,95.0,95.0,94.0,1.66,1.0,1.0,1002.0,1003.0,1004.0,2489.0,190.0,52.4,50.0,0.7986965272674994,7.558747329666834,1.2726694241170855,24.89,25.2,0.026147678495330843,686.4399999999999,9025,4.0,1004004,361.6,60.26666666666667,8.0,7.0,-0.1999999999999993
93,169.0,22.0,30.3,40.0,96.3,100,1.0,1002,94,26.3,0.0,1.33,2023,8,1,5,1,213,31,0.9659258262890683,0.25881904510252074,-0.8660254037844385,-0.5000000000000004,0.7818314824680298,0.6234898018587336,2,3,0,25.0,17.0,17.0,8.0,26.0,28.0,24.666666666666668,7.505553499466106,32.0,17.0,20.5,6.715653356151326,32.0,14.0,21.5,9.140320264927757,36.0,8.0,26.166666666666668,11.118596512410942,50.0,8.0,26.2,26.5,26.6,95.0,95.0,94.0,2.0,1.33,1.0,1002.0,1002.0,1004.0,2472.2000000000003,125.02000000000001,34.979000000000006,100.0,0.7999800004999875,7.681469024135266,1.3772101268124175,24.722,25.635,0.026247478794931344,691.69,8836,1.7689000000000001,1004004,389.6,64.93333333333334,7.0,15.0,0.10000000000000142
87,171.8,22.0,32.7,36.3,103.7,100,1.5,1002,94,26.4,0.6,0.66,2023,8,1,6,1,213,31,1.0,6.123233995736766e-17,-0.8660254037844385,-0.5000000000000004,0.7818314824680298,0.6234898018587336,2,0,0,32.0,25.0,17.0,14.0,21.0,31.0,28.666666666666668,3.511884584286149,32.0,25.0,23.0,6.603029607686707,32.0,17.0,22.166666666666668,9.388903831199332,36.0,8.0,26.083333333333332,11.088249427313514,50.0,8.0,26.3,26.4,26.6,94.0,95.0,95.0,1.33,1.66,1.0,1002.0,1002.0,1003.0,2481.6,62.040000000000006,17.424,150.0,0.798876064020275,7.808735966546975,1.486296077451025,24.816,26.07,0.026347279094531842,696.9599999999999,8836,0.43560000000000004,1004004,395.5,65.91666666666667,-3.0,12.0,0.09999999999999787
82,174.5,22.0,35.0,33.8,111.0,100,2.0,1003,94,26.5,0.8,1.6,2023,8,1,7,1,213,31,0.9659258262890683,-0.25881904510252063,-0.8660254037844385,-0.5000000000000004,0.7818314824680298,0.6234898018587336,2,0,0,29.0,32.0,25.0,18.0,27.0,50.0,29.333333333333332,2.5166114784261975,32.0,27.0,24.5,6.252999280344409,32.0,17.0,22.166666666666668,9.388903831199332,36.0,8.0,25.125,9.856855923450002,48.0,8.0,26.4,26.2,26.7,94.0,95.0,95.0,0.66,2.0,1.0,1002.0,1002.0,1003.0,2491.0,150.4,42.400000000000006,200.0,0.7987929351202628,7.931457661015408,1.590836780146357,24.91,25.7,0.026420711444953695,702.25,8836,2.5600000000000005,1006009,403.3,67.21666666666667,-2.0,2.0,0.10000000000000142
82,154.7,20.3,52.0,33.8,129.7,95,1.5,1003,89,27.5,1.2,1.6,2023,8,1,8,1,213,31,0.8660254037844387,-0.4999999999999998,-0.8660254037844385,-0.5000000000000004,0.7818314824680298,0.6234898018587336,2,0,0,27.0,29.0,32.0,17.0,36.0,43.0,27.666666666666668,1.154700538385164,29.0,27.0,26.166666666666668,5.076087732363856,32.0,17.0,21.416666666666668,8.500891218874994,33.0,8.0,24.458333333333332,9.107947636263972,48.0,8.0,26.5,26.3,26.5,94.0,94.0,95.0,1.6,1.33,1.33,1003.0,1002.0,1002.0,2447.5,142.4,44.0,142.5,0.7987929351202628,7.620314270232992,2.561450174868233,24.475,26.7,0.02741771942400855,756.25,7921,2.5600000000000005,1006009,417.5,69.58333333333333,0.0,-5.0,1.0
78,134.8,18.7,69.0,31.3,148.3,91,1.5,1003,85,28.5,1.9,1.2,2023,8,1,9,1,213,31,0.7071067811865476,-0.7071067811865475,-0.8660254037844385,-0.5000000000000004,0.7818314824680298,0.6234898018587336,2,0,0,27.0,27.0,29.0,17.0,33.0,29.0,26.333333333333332,1.1547005383853364,27.0,25.0,27.5,2.664582518892697,32.0,25.0,20.75,7.7942286340596,32.0,8.0,24.291666666666668,9.05768550274658,48.0,8.0,27.5,26.4,26.4,89.0,94.0,95.0,1.6,0.66,1.66,1003.0,1002.0,1002.0,2422.5,102.0,34.199999999999996,136.5,0.7986965272674994,7.208170686059569,3.689642265119512,24.225,27.9,0.028414727403063406,812.25,7225,1.44,1006009,427.1,71.18333333333334,-2.0,-4.0,1.0
118,115.0,17.0,86.0,52.5,167.0,87,1.0,1003,81,29.5,2.8,0.8,2023,8,1,10,1,213,31,0.49999999999999994,-0.8660254037844387,-0.8660254037844385,-0.5000000000000004,0.7818314824680298,0.6234898018587336,2,0,0,25.0,27.0,27.0,25.0,10.0,29.0,31.333333333333332,9.291573243178245,42.0,25.0,30.333333333333332,6.186005711818897,42.0,25.0,23.416666666666668,9.139905841302358,42.0,8.0,24.833333333333332,9.716264565225073,48.0,8.0,28.5,26.5,26.2,85.0,94.0,95.0,1.2,1.6,2.0,1003.0,1003.0,1002.0,2389.5,64.8,23.6,87.0,0.7999847621950058,6.764307981883418,5.058525969060643,23.895,29.1,0.029411735382118265,870.25,6561,0.6400000000000001,1006009,479.5,79.91666666666667,17.0,15.0,1.0
102,110.1,14.7,97.7,45.0,152.7,87,1.0,1002,76,30.2,3.6,0.33,2023,8,1,11,1,213,31,0.258819045102521,-0.9659258262890682,-0.8660254037844385,-0.5000000000000004,0.7818314824680298,0.6234898018587336,2,0,0,42.0,25.0,27.0,32.0,8.0,27.0,34.333333333333336,8.621678104252386,42.0,25.0,31.0,6.603029607686879,42.0,25.0,25.75,8.389658135845433,42.0,14.0,25.208333333333332,9.973788110610812,48.0,8.0,29.5,27.5,26.3,81.0,89.0,94.0,0.8,1.6,1.33,1003.0,1003.0,1002.0,2295.2,25.080000000000002,9.966000000000001,87.0,0.7999822226172753,7.489286443099109,6.645806407727366,22.951999999999998,30.035,0.03013969047935082,912.04,5776,0.10890000000000001,1004004,456.2,76.03333333333333,-6.0,9.0,0.6999999999999993
51,105.2,12.3,109.3,15.0,138.3,87,0.5,1002,72,31.0,3.7,0.66,2023,8,1,12,1,213,31,1.2246467991473532e-16,-1.0,-0.8660254037844385,-0.5000000000000004,0.7818314824680298,0.6234898018587336,2,1,0,36.0,42.0,25.0,29.0,14.0,16.0,30.0,15.874507866387955,42.0,12.0,28.166666666666668,10.26482667494466,42.0,12.0,25.583333333333332,8.65981664023079,42.0,12.0,25.041666666666668,10.165924182913859,48.0,8.0,30.2,28.5,26.4,76.0,85.0,94.0,0.33,1.2,0.66,1002.0,1003.0,1002.0,2232.0,47.52,20.46,43.5,0.7999466702219852,8.552150231688481,8.885456466953906,22.32,30.67,0.030938092876154816,961.0,5184,0.43560000000000004,1004004,392.1,65.35000000000001,-24.0,-13.0,0.8000000000000007
51,100.4,10.0,121.0,12.5,124.0,87,0.5,1001,67,31.7,3.5,1.0,2023,8,1,13,1,213,31,-0.2588190451025208,-0.9659258262890683,-0.8660254037844385,-0.5000000000000004,0.7818314824680298,0.6234898018587336,2,1,0,12.0,36.0,42.0,27.0,18.0,16.0,19.333333333333332,14.46835627614104,36.0,10.0,25.333333333333332,12.70695347700048,42.0,10.0,24.916666666666668,9.558036440925227,42.0,10.0,24.791666666666668,10.46725397595284,48.0,8.0,31.0,29.5,26.5,72.0,81.0,94.0,0.66,0.8,1.6,1002.0,1003.0,1003.0,2123.9,67.0,31.7,43.5,0.7999360051195905,10.038996100389962,12.098790120987902,21.239,31.2,0.0316683000316683,1004.89,4489,1.0,1002001,377.9,62.98333333333333,-2.0,-32.0,0.6999999999999993
56,110.5,11.0,111.3,18.8,116.7,91,0.5,1001,71,30.8,2.9,1.33,2023,8,1,14,1,213,31,-0.4999999999999997,-0.8660254037844388,-0.8660254037844385,-0.5000000000000004,0.7818314824680298,0.6234898018587336,2,1,0,10.0,12.0,36.0,27.0,17.0,21.0,12.333333333333334,2.5166114784272997,15.0,10.0,23.333333333333332,13.32166155802849,42.0,10.0,24.75,9.724617309600198,42.0,10.0,24.541666666666668,10.632105467247099,48.0,8.0,31.7,30.2,27.5,67.0,76.0,89.0,1.0,0.33,1.6,1001.0,1002.0,1003.0,2186.8,94.43,40.964000000000006,45.5,0.7978299026647518,10.04454140532679,10.11726206708481,21.868000000000002,30.135,0.030769200030769203,948.6400000000001,5041,1.7689000000000001,1002001,383.3,63.88333333333333,5.0,-21.0,-0.8999999999999986
56,120.6,12.0,101.7,18.8,109.3,95,2.5,1000,75,29.9,2.0,1.66,2023,8,1,15,1,213,31,-0.7071067811865471,-0.7071067811865479,-0.8660254037844385,-0.5000000000000004,0.7818314824680298,0.6234898018587336,2,1,0,15.0,10.0,12.0,25.0,17.0,34.0,13.333333333333334,2.886751345951314,15.0,10.0,21.666666666666668,13.69184672228891,42.0,10.0,24.583333333333332,9.88532735774041,42.0,10.0,23.75,10.604551934859346,48.0,8.0,30.8,31.0,28.5,71.0,72.0,85.0,1.33,0.66,1.2,1001.0,1002.0,1003.0,2242.5,124.5,49.63399999999999,237.5,0.7978299026647518,10.049162569785851,8.474293808849263,22.425,29.07,0.0298999701000299,894.0099999999999,5625,2.7556,1000000,377.40000000000003,62.900000000000006,0.0,3.0,-0.9000000000000021
50,130.7,13.0,92.0,15.0,102.0,100,2.5,1000,80,29.0,1.3,2.0,2023,8,1,16,1,213,31,-0.8660254037844385,-0.5000000000000004,-0.8660254037844385,-0.5000000000000004,0.7818314824680298,0.6234898018587336,2,1,0,15.0,15.0,10.0,42.0,25.0,48.0,14.0,1.732050807574125,15.0,12.0,16.666666666666668,9.667816023624578,36.0,10.0,23.5,10.527021507443404,42.0,10.0,22.25,9.515433687482016,42.0,8.0,29.9,31.7,29.5,75.0,67.0,81.0,1.66,1.0,0.8,1000.0,1001.0,1003.0,2320.0,160.0,58.0,250.0,0.7999466702219852,10.053072840550726,7.076378740096916,23.2,28.0,0.028999971000029,841.0,6400,4.0,1000000,364.7,60.78333333333333,-3.0,2.0,-0.8999999999999986
69,164.0,17.7,78.3,26.3,125.0,87,6.0,1000,83,28.6,0.8,2.0,2023,8,1,17,1,213,31,-0.9659258262890683,-0.25881904510252063,-0.8660254037844385,-0.5000000000000004,0.7818314824680298,0.6234898018587336,2,1,0,12.0,15.0,15.0,36.0,32.0,26.0,16.0,4.582575694957756,21.0,12.0,14.166666666666666,3.8686776379858037,21.0,10.0,22.583333333333332,10.193209266541595,42.0,10.0,22.041666666666668,9.484445695185643,42.0,8.0,29.0,30.8,30.2,80.0,71.0,76.0,2.0,1.33,0.33,1000.0,1001.0,1002.0,2373.8,166.0,57.2,522.0,0.79844872818524,9.265013276086096,4.423478899497203,23.738000000000003,27.6,0.028599971400028602,817.96,6889,4.0,1000000,432.3,72.05,9.0,6.0,-0.3999999999999986
74,197.3,22.3,64.7,28.8,148.0,75,3.75,1001,86,28.1,0.6,2.0,2023,8,1,18,1,213,31,-1.0,-1.8369701987210297e-16,-0.8660254037844385,-0.5000000000000004,0.7818314824680298,0.6234898018587336,2,2,0,21.0,12.0,15.0,12.0,29.0,21.0,18.666666666666668,5.859465277083742,23.0,12.0,16.0,5.059644256267952,23.0,10.0,22.083333333333332,9.995074544569915,42.0,10.0,22.125,9.483681636964745,42.0,8.0,28.6,29.9,31.0,83.0,75.0,72.0,2.0,1.66,0.66,1000.0,1000.0,1002.0,2416.6,172.0,56.2,281.25,0.7985833825214401,8.847136899690597,2.90121519214385,24.166,27.1,0.028071900028071903,789.6100000000001,7396,4.0,1002001,484.1,80.68333333333334,2.0,8.0,-0.5
107,230.5,27.0,51.0,47.5,171.0,62,5.0,1001,89,27.7,0.0,2.0,2023,8,1,19,1,213,31,-0.9659258262890684,0.2588190451025203,-0.8660254037844385,-0.5000000000000004,0.7818314824680298,0.6234898018587336,2,2,0,23.0,21.0,12.0,10.0,27.0,27.0,27.333333333333332,9.291573243178322,38.0,21.0,20.666666666666668,9.437513796898699,38.0,12.0,23.0,10.946149177595565,42.0,10.0,22.583333333333332,9.982230589213518,42.0,8.0,28.1,29.0,31.7,86.0,80.0,67.0,2.0,2.0,1.0,1001.0,1000.0,1001.0,2465.2999999999997,178.0,55.4,310.0,0.7999831582493001,8.53672086219029,1.8888189326321247,24.653,26.7,0.0276723000276723,767.29,7921,4.0,1002001,565.0,94.16666666666667,15.0,26.0,-0.40000000000000213
107,293.7,30.7,39.7,47.5,172.3,54,4.25,1002,91,27.6,0.0,2.0,2023,8,1,20,1,213,31,-0.8660254037844386,0.5000000000000001,-0.8660254037844385,-0.5000000000000004,0.7818314824680298,0.6234898018587336,2,2,0,38.0,23.0,21.0,15.0,27.0,36.0,33.0,8.66025403784509,38.0,23.0,24.5,11.184811129383803,38.0,12.0,23.916666666666668,11.74314758280374,42.0,10.0,22.666666666666668,10.106677373708438,42.0,8.0,27.7,28.6,30.8,89.0,83.0,71.0,2.0,2.0,1.33,1001.0,1000.0,1001.0,2511.6,182.0,55.2,229.5,0.7999831582493001,9.566463633106412,1.293117488029706,25.116,26.6,0.027544882689737836,761.7600000000001,8281,4.0,1004004,621.9,103.64999999999999,0.0,17.0,-0.09999999999999787
85,357.0,34.3,28.3,35.0,173.7,45,1.0,1002,92,27.6,0.0,2.0,2023,8,1,21,1,213,31,-0.7071067811865477,0.7071067811865474,-0.8660254037844385,-0.5000000000000004,0.7818314824680298,0.6234898018587336,2,2,0,38.0,38.0,23.0,15.0,25.0,33.0,34.666666666666664,5.773502691897268,38.0,28.0,26.666666666666668,10.191499726078352,38.0,12.0,24.166666666666668,11.800102721689264,42.0,10.0,22.458333333333332,9.934477368221655,42.0,8.0,27.6,28.1,29.9,91.0,86.0,75.0,2.0,2.0,1.66,1002.0,1001.0,1000.0,2539.2000000000003,184.0,55.2,45.0,0.7999771435101855,10.407859829159502,0.8250488323955572,25.392000000000003,26.6,0.027544882689737836,761.7600000000001,8464,4.0,1004004,656.3,109.38333333333333,-10.0,5.0,0.0
85,420.2,38.0,17.0,35.0,175.0,37,0.25,1003,93,27.5,0.0,2.0,2023,8,1,22,1,213,31,-0.5000000000000004,0.8660254037844384,-0.8660254037844385,-0.5000000000000004,0.7818314824680298,0.6234898018587336,2,3,0,28.0,38.0,38.0,12.0,42.0,10.0,31.333333333333332,5.773502691897359,38.0,28.0,29.333333333333332,7.257180352358339,38.0,21.0,23.0,10.496752744625953,38.0,10.0,23.208333333333332,9.627764048817802,42.0,8.0,27.6,27.7,29.0,92.0,89.0,80.0,2.0,2.0,2.0,1002.0,1001.0,1000.0,2557.5,186.0,55.0,9.25,0.7999771435101855,11.057603747269809,0.4473566485092498,25.575,26.5,0.02741771942400855,756.25,8649,4.0,1006009,713.2,118.86666666666667,0.0,-10.0,-0.10000000000000142
85,416.1,37.7,14.0,35.0,166.0,54,0.0,1002,94,27.3,0.0,1.66,2023,8,1,23,1,213,31,-0.25881904510252157,0.9659258262890681,-0.8660254037844385,-0.5000000000000004,0.7818314824680298,0.6234898018587336,2,3,0,28.0,28.0,38.0,21.0,36.0,8.0,28.0,0.0,28.0,28.0,30.5,6.123724356957095,38.0,23.0,22.333333333333332,9.828838212426483,38.0,10.0,24.041666666666668,9.105560492581263,42.0,10.0,27.5,27.6,28.6,93.0,91.0,83.0,2.0,2.0,2.0,1003.0,1002.0,1000.0,2566.2000000000003,156.04,45.318,0.0,0.7999771435101855,11.03684252407098,0.3713429352006578,25.662000000000003,26.470000000000002,0.02724548179093634,745.2900000000001,8836,2.7556,1004004,696.8,116.13333333333333,0.0,-10.0,-0.1999999999999993
56,412.0,37.3,11.0,18.8,157.0,70,0.0,1001,95,27.2,0.0,1.33,2023,8,2,0,2,214,31,0.0,1.0,-0.8660254037844385,-0.5000000000000004,0.9749279121818236,-0.22252093395631434,2,3,0,28.0,28.0,28.0,23.0,12.0,14.0,23.666666666666668,7.505553499466142,28.0,15.0,29.166666666666668,8.495096624915803,38.0,15.0,22.583333333333332,9.577040094397189,38.0,10.0,24.083333333333332,9.059785325543112,42.0,10.0,27.3,27.6,28.1,94.0,92.0,86.0,1.66,2.0,2.0,1002.0,1002.0,1001.0,2584.0,126.35000000000001,36.176,0.0,0.7978299026647518,11.04528028739176,0.29489826010026543,25.84,26.535,0.0271728000271728,739.8399999999999,9025,1.7689000000000001,1002001,651.1,108.51666666666667,-13.0,-13.0,-0.10000000000000142
54,407.9,37.0,8.0,17.5,148.0,87,0.0,1001,95,27.0,0.0,1.0,2023,8,2,1,2,214,31,0.25881904510252074,0.9659258262890683,-0.8660254037844385,-0.5000000000000004,0.9749279121818236,-0.22252093395631434,2,3,0,15.0,28.0,28.0,38.0,10.0,18.0,19.0,7.810249675907715,28.0,14.0,25.166666666666668,9.130534851072783,38.0,14.0,22.916666666666668,9.15977702520697,38.0,12.0,23.916666666666668,9.212074621961028,42.0,10.0,27.2,27.5,27.7,95.0,93.0,89.0,1.33,2.0,2.0,1001.0,1003.0,1001.0,2565.0,95.0,27.0,0.0,0.7999542883263813,11.024026377665468,0.21621037269262994,25.65,26.5,0.026973000026973,729.0,9025,1.0,1002001,632.4,105.39999999999999,-1.0,-14.0,-0.1999999999999993
50,367.3,35.3,8.7,15.0,148.3,91,0.0,1001,95,27.0,0.0,1.0,2023,8,2,2,2,214,31,0.49999999999999994,0.8660254037844387,-0.8660254037844385,-0.5000000000000004,0.9749279121818236,-0.22252093395631434,2,3,0,14.0,15.0,28.0,38.0,15.0,17.0,13.666666666666666,1.5275252316579104,15.0,12.0,20.833333333333332,7.90990939686754,28.0,12.0,22.666666666666668,9.432374937930073,38.0,12.0,23.708333333333332,9.429275257624871,42.0,10.0,27.0,27.3,27.6,95.0,94.0,91.0,1.0,1.66,2.0,1001.0,1002.0,1002.0,2565.0,95.0,27.0,0.0,0.7999466702219852,10.404804396476022,0.2464519418713351,25.65,26.5,0.026973000026973,729.0,9025,1.0,1002001,586.6,97.76666666666667,-2.0,-16.0,0.0
76,326.6,33.7,9.3,30.0,148.7,95,0.25,1001,95,27.0,0.0,1.0,2023,8,2,3,2,214,31,0.7071067811865476,0.7071067811865476,-0.8660254037844385,-0.5000000000000004,0.9749279121818236,-0.22252093395631434,2,3,0,12.0,14.0,15.0,28.0,15.0,17.0,16.666666666666668,6.429100507329983,24.0,12.0,20.166666666666668,7.332575718439817,28.0,12.0,23.416666666666668,9.119991360973797,38.0,12.0,24.0,9.320384392147679,42.0,10.0,27.0,27.2,27.6,95.0,95.0,92.0,1.0,1.33,2.0,1001.0,1001.0,1002.0,2565.0,95.0,27.0,23.75,0.7999733342221925,9.691107088810421,0.27595620308002733,25.65,26.5,0.026973000026973,729.0,9025,1.0,1002001,572.3,95.38333333333333,12.0,9.0,0.0
76,286.0,32.0,10.0,30.0,149.0,100,0.5,1001,94,27.0,0.0,1.0,2023,8,2,4,2,214,31,0.8660254037844386,0.5000000000000001,-0.8660254037844385,-0.5000000000000004,0.9749279121818236,-0.22252093395631434,2,3,0,24.0,12.0,14.0,28.0,12.0,25.0,20.0,6.9282032302766865,24.0,12.0,19.5,6.625707509389947,28.0,12.0,24.416666666666668,8.38243112200426,38.0,12.0,23.958333333333332,9.31795446234406,42.0,10.0,27.0,27.0,27.5,95.0,95.0,93.0,1.0,1.0,2.0,1001.0,1001.0,1003.0,2538.0,94.0,27.0,50.0,0.7999733342221925,8.937220711852754,0.3124902346801663,25.38,26.5,0.026973000026973,729.0,8836,1.0,1002001,531.0,88.5,0.0,10.0,0.0
78,259.7,29.7,18.0,31.3,158.7,100,0.25,1001,94,27.1,0.0,0.66,2023,8,2,5,2,214,31,0.9659258262890683,0.25881904510252074,-0.8660254037844385,-0.5000000000000004,0.9749279121818236,-0.22252093395631434,2,3,0,24.0,24.0,12.0,28.0,21.0,32.0,24.333333333333332,0.5773502692026348,25.0,24.0,19.0,5.932958789675366,25.0,12.0,24.75,8.313461154274458,38.0,12.0,23.666666666666668,9.163569964416283,42.0,10.0,27.0,27.0,27.3,94.0,95.0,94.0,1.0,1.0,1.66,1001.0,1001.0,1002.0,2547.4,62.040000000000006,17.886000000000003,25.0,0.7986965272674994,8.743813339618194,0.6060402006666442,25.474,26.770000000000003,0.027072900027072903,734.4100000000001,8836,0.43560000000000004,1002001,522.4,87.06666666666666,1.0,13.0,0.10000000000000142
87,233.4,27.3,26.0,36.3,168.3,100,0.0,1001,94,27.1,0.6,0.33,2023,8,2,6,2,214,31,1.0,6.123233995736766e-17,-0.8660254037844385,-0.5000000000000004,0.9749279121818236,-0.22252093395631434,2,0,0,25.0,24.0,24.0,15.0,23.0,29.0,26.0,2.6457513110673356,29.0,24.0,21.333333333333332,6.742897497860512,29.0,12.0,25.25,8.378815277504298,38.0,12.0,23.666666666666668,9.163569964416283,42.0,10.0,27.1,27.0,27.2,94.0,95.0,95.0,0.66,1.0,1.33,1001.0,1001.0,1001.0,2547.4,31.020000000000003,8.943000000000001,0.0,0.798876064020275,8.549137394234643,0.9523460679096003,25.474,26.935000000000002,0.027072900027072903,734.4100000000001,8836,0.10890000000000001,1002001,520.3,86.71666666666665,4.0,5.0,0.0
85,207.2,25.0,34.0,35.0,178.0,100,0.5,1001,94,27.2,0.8,1.6,2023,8,2,7,2,214,31,0.9659258262890683,-0.25881904510252063,-0.8660254037844385,-0.5000000000000004,0.9749279121818236,-0.22252093395631434,2,0,0,29.0,25.0,24.0,14.0,38.0,27.0,27.333333333333332,2.081665999469526,29.0,25.0,23.666666666666668,6.08824003030878,29.0,12.0,24.416666666666668,7.440165361472466,38.0,12.0,23.708333333333332,9.181641260247684,42.0,10.0,27.1,27.0,27.0,94.0,94.0,95.0,0.33,1.0,1.0,1001.0,1001.0,1001.0,2556.7999999999997,150.4,43.52,50.0,0.7999771435101855,8.287668493260268,1.3599456021759129,25.567999999999998,26.4,0.0271728000271728,739.8399999999999,8836,2.5600000000000005,1002001,507.2,84.53333333333333,-1.0,4.0,0.09999999999999787
85,174.7,23.7,55.7,35.0,241.3,91,0.5,1002,91,27.8,1.2,1.2,2023,8,2,8,2,214,31,0.8660254037844387,-0.4999999999999998,-0.8660254037844385,-0.5000000000000004,0.9749279121818236,-0.22252093395631434,2,0,0,28.0,29.0,25.0,12.0,38.0,27.0,28.333333333333332,0.5773502692016033,29.0,28.0,26.333333333333332,2.250925735481975,29.0,24.0,23.583333333333332,6.244391422902512,29.0,12.0,23.75,9.199480136540725,42.0,10.0,27.2,27.1,27.0,94.0,94.0,95.0,1.6,0.66,1.0,1001.0,1001.0,1001.0,2529.8,109.2,33.36,45.5,0.7999771435101855,7.370997004345807,2.350111809628286,25.298000000000002,27.2,0.027744483288938835,772.84,8281,1.44,1004004,558.4,93.06666666666666,0.0,3.0,0.6000000000000014
82,142.2,22.3,77.3,33.8,304.7,83,0.5,1002,87,28.4,2.0,0.8,2023,8,2,9,2,214,31,0.7071067811865476,-0.7071067811865475,-0.8660254037844385,-0.5000000000000004,0.9749279121818236,-0.22252093395631434,2,0,0,28.0,28.0,29.0,24.0,28.0,25.0,27.666666666666668,0.5773502692017756,28.0,27.0,26.833333333333332,1.9407902170650029,29.0,24.0,23.5,6.186495556671928,29.0,12.0,23.833333333333332,9.220330403712325,42.0,10.0,27.8,27.1,27.0,91.0,94.0,95.0,1.2,0.33,1.0,1002.0,1001.0,1001.0,2470.7999999999997,69.60000000000001,22.72,41.5,0.7987929351202628,6.3763956773238855,3.466212277476346,24.708,28.0,0.02834328508654183,806.56,7569,0.6400000000000001,1004004,607.3,101.21666666666665,-1.0,-2.0,0.5999999999999979
121,109.7,21.0,99.0,53.8,368.0,75,0.5,1002,83,29.0,2.9,0.8,2023,8,2,10,2,214,31,0.49999999999999994,-0.8660254037844387,-0.8660254037844385,-0.5000000000000004,0.9749279121818236,-0.22252093395631434,2,0,0,27.0,28.0,28.0,24.0,28.0,42.0,32.666666666666664,8.962886439833202,43.0,27.0,30.0,6.511528238439077,43.0,25.0,24.75,8.324389139477358,43.0,12.0,23.875,9.307839145860658,43.0,10.0,28.4,27.2,27.0,87.0,94.0,94.0,0.8,1.6,1.0,1002.0,1001.0,1001.0,2407.0,66.4,23.200000000000003,37.5,0.7992416497834613,5.223560782819866,4.714061235179277,24.07,28.6,0.028942086884144826,841.0,6889,0.6400000000000001,1004004,694.5,115.75,16.0,15.0,0.6000000000000014
134,100.6,19.3,103.3,60.0,342.3,75,0.0,1001,76,30.1,3.5,0.33,2023,8,2,11,2,214,31,0.258819045102521,-0.9659258262890682,-0.8660254037844385,-0.5000000000000004,0.9749279121818236,-0.22252093395631434,2,0,0,43.0,27.0,28.0,25.0,28.0,36.0,39.333333333333336,10.969655114603375,48.0,27.0,33.833333333333336,9.196013629103499,48.0,27.0,26.416666666666668,10.697989049207495,48.0,12.0,24.375,10.260996222504899,48.0,10.0,29.0,27.8,27.1,83.0,91.0,94.0,0.8,1.2,0.66,1002.0,1002.0,1001.0,2287.6,25.080000000000002,9.933000000000002,0.0,0.7999866668888852,5.212165172788974,5.352054297704782,22.875999999999998,29.935000000000002,0.0300699000300699,906.0100000000001,5776,0.10890000000000001,1002001,673.5,112.25,5.0,20.0,1.1000000000000014
121,91.4,17.7,107.7,53.8,316.7,75,0.0,1001,69,31.1,3.9,0.66,2023,8,2,12,2,214,31,1.2246467991473532e-16,-1.0,-0.8660254037844385,-0.5000000000000004,0.9749279121818236,-0.22252093395631434,2,1,0,48.0,43.0,27.0,29.0,15.0,12.0,44.666666666666664,2.8867513459497087,48.0,43.0,36.166666666666664,9.495613022162289,48.0,27.0,28.75,11.029917991947372,48.0,12.0,25.666666666666668,10.581635719148201,48.0,10.0,30.1,28.4,27.1,76.0,87.0,94.0,0.33,0.8,0.33,1001.0,1002.0,1001.0,2145.9,45.54,20.526000000000003,0.0,0.7992416497834613,5.163550081916276,6.084402011185809,21.459,30.770000000000003,0.0310689000310689,967.21,4761,0.43560000000000004,1002001,630.3,105.05,-5.0,16.0,1.0
115,82.3,16.0,112.0,51.3,291.0,75,0.5,1000,63,32.2,3.5,1.0,2023,8,2,13,2,214,31,-0.2588190451025208,-0.9659258262890683,-0.8660254037844385,-0.5000000000000004,0.9749279121818236,-0.22252093395631434,2,1,0,43.0,48.0,43.0,28.0,14.0,10.0,44.0,3.605551275465279,48.0,41.0,38.333333333333336,8.710147338975307,48.0,27.0,31.0,10.488088481701187,48.0,12.0,26.958333333333332,10.477633182233918,48.0,12.0,31.1,29.0,27.2,69.0,83.0,94.0,0.66,0.8,1.6,1001.0,1002.0,1001.0,2028.6000000000001,63.0,32.2,37.5,0.7992046938656168,5.1434285357165175,6.99956252734204,20.286,31.700000000000003,0.0321999678000322,1036.8400000000001,3969,1.0,1000000,593.6,98.93333333333334,-2.0,-2.0,1.1000000000000014
121,81.9,15.3,101.0,53.8,242.7,70,0.0,1000,70,31.1,2.9,1.33,2023,8,2,14,2,214,31,-0.4999999999999997,-0.8660254037844388,-0.8660254037844385,-0.5000000000000004,0.9749279121818236,-0.22252093395631434,2,1,0,41.0,43.0,48.0,28.0,12.0,15.0,42.333333333333336,1.1547005383834819,43.0,41.0,40.833333333333336,7.167054253084691,48.0,27.0,33.583333333333336,9.110017795944033,48.0,24.0,28.125,10.64572786328539,48.0,12.0,32.2,30.1,27.8,63.0,76.0,91.0,1.0,0.33,1.2,1000.0,1001.0,1002.0,2177.0,93.10000000000001,41.36300000000001,0.0,0.7992416497834613,5.3525913338997455,6.600875759754264,21.77,30.435000000000002,0.0310999689000311,967.21,4900,1.7689000000000001,1000000,537.7,89.61666666666667,2.0,-5.0,-1.1000000000000014
118,81.5,14.7,90.0,52.5,194.3,66,0.5,999,77,30.1,2.0,1.66,2023,8,2,15,2,214,31,-0.7071067811865471,-0.7071067811865479,-0.8660254037844385,-0.5000000000000004,0.9749279121818236,-0.22252093395631434,2,1,0,43.0,41.0,43.0,27.0,24.0,15.0,42.0,1.000000000004932,43.0,41.0,43.333333333333336,2.4221202832766315,48.0,41.0,35.083333333333336,8.867287515287886,48.0,24.0,29.25,10.625031969261412,48.0,12.0,31.1,31.1,28.4,70.0,69.0,87.0,1.33,0.66,0.8,1000.0,1001.0,1002.0,2317.7000000000003,127.82,49.966,33.0,0.7999847621950058,5.543840555064282,6.122032514794912,23.177000000000003,29.270000000000003,0.030130099969869904,906.0100000000001,5929,2.7556,998001,475.0,79.16666666666667,-1.0,-1.0,-1.0
112,81.1,14.0,79.0,50.0,146.0,62,0.25,999,85,29.0,1.3,2.0,2023,8,2,16,2,214,31,-0.8660254037844385,-0.5000000000000004,-0.8660254037844385,-0.5000000000000004,0.9749279121818236,-0.22252093395631434,2,1,0,42.0,43.0,41.0,43.0,24.0,12.0,41.666666666666664,1.5275252316552081,43.0,40.0,42.833333333333336,2.7868739954759216,48.0,40.0,36.416666666666664,8.229197832698476,48.0,25.0,30.416666666666668,10.17634369577277,48.0,12.0,30.1,32.2,29.0,77.0,63.0,83.0,1.66,1.0,0.8,999.0,1000.0,1002.0,2465.0,170.0,58.0,15.5,0.7999840003199936,5.792443396900222,5.642454110420685,24.65,28.0,0.029028999970971,841.0,7225,4.0,998001,410.1,68.35000000000001,-2.0,-1.0,-1.1000000000000014
107,113.8,15.7,81.0,47.5,140.0,75,0.5,999,87,28.7,0.8,1.33,2023,8,2,17,2,214,31,-0.9659258262890683,-0.25881904510252063,-0.8660254037844385,-0.5000000000000004,0.9749279121818236,-0.22252093395631434,2,1,0,40.0,42.0,43.0,48.0,25.0,21.0,40.0,2.000000000002609,42.0,38.0,41.166666666666664,1.9407902170660911,43.0,38.0,37.5,7.403930160271233,48.0,27.0,31.125,10.083617794526363,48.0,12.0,29.0,31.1,30.1,85.0,70.0,76.0,2.0,1.33,0.33,999.0,1000.0,1001.0,2496.9,115.71000000000001,38.171,37.5,0.7999831582493001,7.24794599070123,5.158907075982422,24.969,28.035,0.0287286999712713,823.6899999999999,7569,1.7689000000000001,998001,436.0,72.66666666666667,-2.0,-5.0,-0.3000000000000007
87,146.5,17.3,83.0,36.3,134.0,87,0.5,1000,88,28.3,0.6,0.66,2023,8,2,18,2,214,31,-1.0,-1.8369701987210297e-16,-0.8660254037844385,-0.5000000000000004,0.9749279121818236,-0.22252093395631434,2,2,0,38.0,40.0,42.0,43.0,29.0,23.0,35.666666666666664,5.859465277083312,40.0,29.0,38.833333333333336,5.115336417740164,43.0,29.0,37.5,7.403930160271233,48.0,27.0,31.375,9.94686972827664,48.0,12.0,28.7,30.1,31.1,87.0,77.0,69.0,1.33,1.66,0.66,999.0,999.0,1001.0,2490.4,58.080000000000005,18.678,43.5,0.798876064020275,8.467718628980982,4.797410554303219,24.904,27.970000000000002,0.028299971700028303,800.89,7744,0.43560000000000004,1000000,446.1,74.35000000000001,-9.0,-13.0,-0.3999999999999986
85,179.2,19.0,85.0,35.0,128.0,100,0.25,1000,90,28.0,0.0,1.2,2023,8,2,19,2,214,31,-0.9659258262890684,0.2588190451025203,-0.8660254037844385,-0.5000000000000004,0.9749279121818236,-0.22252093395631434,2,2,0,29.0,38.0,40.0,41.0,28.0,38.0,31.666666666666668,5.507570547287266,38.0,28.0,36.666666666666664,6.562519841239198,43.0,28.0,37.5,7.403930160271233,48.0,27.0,30.958333333333332,9.866408388707377,48.0,12.0,28.3,29.0,32.2,88.0,85.0,63.0,0.66,2.0,1.0,1000.0,999.0,1000.0,2520.0,108.0,33.6,25.0,0.7999771435101855,9.431082574601335,4.473448765854428,25.2,27.4,0.027999972000028,784.0,8100,1.44,1000000,474.2,79.03333333333333,-1.0,-12.0,-0.3000000000000007
110,213.2,21.0,73.3,48.8,134.0,87,0.25,1001,90,28.0,0.0,1.2,2023,8,2,20,2,214,31,-0.8660254037844386,0.5000000000000001,-0.8660254037844385,-0.5000000000000004,0.9749279121818236,-0.22252093395631434,2,2,0,28.0,29.0,38.0,43.0,28.0,38.0,32.0,6.0827625302992665,39.0,28.0,36.0,5.966573556069789,42.0,28.0,38.416666666666664,6.775065693519672,48.0,27.0,31.0,9.89949493661175,48.0,12.0,28.0,28.7,31.1,90.0,87.0,70.0,1.2,1.33,1.33,1000.0,999.0,1000.0,2520.0,108.0,33.6,21.75,0.7991639515583698,10.151897528689108,3.490309985238798,25.2,27.4,0.027972000027972,784.0,8100,1.44,1002001,529.3,88.21666666666665,11.0,1.0,0.0
93,247.3,23.0,61.7,40.0,140.0,75,0.5,1001,89,28.0,0.0,0.8,2023,8,2,21,2,214,31,-0.7071067811865477,0.7071067811865474,-0.8660254037844385,-0.5000000000000004,0.9749279121818236,-0.22252093395631434,2,2,0,39.0,28.0,29.0,42.0,27.0,28.0,33.0,5.567764362831141,39.0,28.0,34.333333333333336,5.316640543299635,40.0,28.0,38.833333333333336,6.132378054723353,48.0,28.0,31.166666666666668,9.880444747368353,48.0,12.0,28.0,28.3,30.1,90.0,88.0,77.0,1.2,0.66,1.66,1001.0,1000.0,999.0,2492.0,71.2,22.400000000000002,37.5,0.7999800004999875,10.751706447545759,2.682492065562367,24.92,27.6,0.027972000027972,784.0,7921,0.6400000000000001,1002001,544.0,90.66666666666667,-7.0,3.0,0.0
95,281.3,25.0,50.0,41.3,146.0,62,0.5,1002,89,28.0,0.0,0.0,2023,8,2,22,2,214,31,-0.5000000000000004,0.8660254037844384,-0.8660254037844385,-0.5000000000000004,0.9749279121818236,-0.22252093395631434,2,3,0,32.0,39.0,28.0,40.0,43.0,28.0,34.666666666666664,3.7859388972017665,39.0,32.0,33.166666666666664,4.535048695070108,39.0,28.0,38.0,6.193838580688753,48.0,28.0,31.375,9.863470153970292,48.0,12.0,28.0,28.0,29.0,89.0,90.0,85.0,0.8,1.2,2.0,1001.0,1000.0,999.0,2492.0,0.0,0.0,31.0,0.7990121304568898,11.25154993800248,1.9999200031998718,24.92,28.0,0.027944083888139834,784.0,7921,0.0,1004004,576.6,96.10000000000001,1.0,5.0,0.0
80,256.2,24.7,46.0,32.5,145.0,66,0.0,1001,91,27.8,0.0,0.4,2023,8,2,23,2,214,31,-0.25881904510252157,0.9659258262890681,-0.8660254037844385,-0.5000000000000004,0.9749279121818236,-0.22252093395631434,2,3,0,33.0,32.0,39.0,38.0,48.0,28.0,30.333333333333332,3.78593889720193,33.0,26.0,31.166666666666668,4.622409184251916,39.0,26.0,36.166666666666664,6.22068884424885,43.0,26.0,31.291666666666668,9.901599197436164,48.0,12.0,28.0,28.0,28.7,89.0,90.0,87.0,0.0,1.2,1.33,1002.0,1001.0,999.0,2529.8,36.4,11.120000000000001,0.0,0.7999753853727578,10.372049714586453,1.8622727824784422,25.298000000000002,27.6,0.0277722000277722,772.84,8281,0.16000000000000003,1002001,530.4,88.39999999999999,-7.0,-13.0,-0.1999999999999993
91,231.1,24.3,42.0,38.8,144.0,70,0.5,1001,92,27.7,0.0,0.8,2023,8,3,0,3,215,31,0.0,1.0,-0.8660254037844385,-0.5000000000000004,0.43388373911755823,-0.900968867902419,2,3,0,26.0,33.0,32.0,29.0,43.0,15.0,30.0,3.6055512754658374,33.0,26.0,31.5,4.505552130426403,39.0,26.0,35.166666666666664,5.982297116315049,43.0,26.0,31.958333333333332,9.275864739563033,48.0,12.0,27.8,28.0,28.3,91.0,89.0,88.0,0.4,0.8,0.66,1001.0,1001.0,1000.0,2548.4,73.60000000000001,22.16,35.0,0.7989484807092602,9.50989671206946,1.7283239372865313,25.484,27.3,0.0276723000276723,767.29,8464,0.6400000000000001,1002001,511.2,85.2,5.0,-1.0,-0.10000000000000142
82,206.0,24.0,38.0,33.8,143.0,75,0.5,1000,94,27.5,0.0,1.2,2023,8,3,1,3,215,31,0.25881904510252074,0.9659258262890683,-0.8660254037844385,-0.5000000000000004,0.43388373911755823,-0.900968867902419,2,3,0,31.0,26.0,33.0,28.0,41.0,14.0,28.0,2.645751311067217,31.0,26.0,31.333333333333332,4.6761807777989635,39.0,26.0,34.0,6.1051394146833395,43.0,26.0,32.5,8.531272396052918,48.0,12.0,27.7,28.0,28.0,92.0,89.0,90.0,0.8,0.0,1.2,1001.0,1002.0,1000.0,2585.0,112.8,33.0,37.5,0.7987929351202628,8.582975709345444,1.5832673638598391,25.85,26.9,0.0274999725000275,756.25,8836,1.44,1000000,471.8,78.63333333333334,-4.0,-6.0,-0.1999999999999993
100,197.8,24.0,35.3,43.8,149.0,79,0.5,1000,95,27.4,0.0,0.33,2023,8,3,2,3,215,31,0.49999999999999994,0.8660254037844387,-0.8660254037844385,-0.5000000000000004,0.43388373911755823,-0.900968867902419,2,3,0,27.0,31.0,26.0,39.0,43.0,12.0,31.0,4.00000000000163,35.0,27.0,30.666666666666668,3.502380143082174,35.0,26.0,33.333333333333336,5.432784876575216,42.0,26.0,33.458333333333336,7.33650293820711,48.0,24.0,27.5,27.8,28.0,94.0,91.0,90.0,1.2,0.4,1.2,1000.0,1001.0,1001.0,2603.0,31.35,9.042,39.5,0.7990685144174792,8.241323278196742,1.4707720511645346,26.03,27.235,0.0273999726000274,750.7599999999999,9025,0.10890000000000001,1000000,484.90000000000003,80.81666666666668,8.0,9.0,-0.10000000000000142
110,189.7,24.0,32.7,48.8,155.0,83,0.0,1000,95,27.3,0.0,0.66,2023,8,3,3,3,215,31,0.7071067811865476,0.7071067811865476,-0.8660254037844385,-0.5000000000000004,0.43388373911755823,-0.900968867902419,2,3,0,35.0,27.0,31.0,32.0,42.0,24.0,33.666666666666664,6.110100926608791,39.0,27.0,31.833333333333332,4.915960401249859,39.0,26.0,33.083333333333336,5.053501636278719,40.0,26.0,34.083333333333336,7.13178230462643,48.0,24.0,27.4,27.7,28.0,95.0,92.0,89.0,0.33,0.8,0.8,1000.0,1001.0,1001.0,2593.5,62.7,18.018,0.0,0.7991639515583698,7.903837340110828,1.3624432315320196,25.935,26.970000000000002,0.027299972700027302,745.2900000000001,9025,0.43560000000000004,1000000,489.2,81.53333333333333,4.0,8.0,-0.09999999999999787
95,181.5,24.0,30.0,41.3,161.0,87,0.0,1000,96,27.2,0.0,1.0,2023,8,3,4,3,215,31,0.8660254037844386,0.5000000000000001,-0.8660254037844385,-0.5000000000000004,0.43388373911755823,-0.900968867902419,2,3,0,39.0,35.0,27.0,33.0,40.0,24.0,35.666666666666664,3.055050463305807,39.0,33.0,31.833333333333332,4.915960401249859,39.0,26.0,32.5,4.562694578664543,39.0,26.0,34.458333333333336,6.807790720399441,48.0,25.0,27.3,27.5,28.0,95.0,94.0,89.0,0.66,1.2,0.0,1000.0,1000.0,1002.0,2611.2,96.0,27.2,0.0,0.7990121304568898,7.562184908962126,1.249947918836715,26.112,26.7,0.0271999728000272,739.8399999999999,9216,1.0,1000000,470.8,78.46666666666667,-6.0,6.0,-0.10000000000000142
131,169.0,24.0,30.3,58.8,174.3,87,0.0,1000,93,27.5,0.0,1.0,2023,8,3,5,3,215,31,0.9659258262890683,0.25881904510252074,-0.8660254037844385,-0.5000000000000004,0.43388373911755823,-0.900968867902419,2,3,0,33.0,39.0,35.0,26.0,38.0,25.0,39.666666666666664,7.023769168569243,47.0,33.0,35.333333333333336,6.976149845484813,47.0,27.0,33.25,6.047163121511995,47.0,26.0,35.375,6.95833875726621,48.0,26.0,27.2,27.4,27.8,96.0,95.0,91.0,1.0,0.33,0.4,1000.0,1000.0,1001.0,2557.5,93.0,27.5,0.0,0.7993061342494175,7.041373276113495,1.2624473980250823,25.575,27.0,0.0274999725000275,756.25,8649,1.0,1000000,503.40000000000003,83.9,14.0,12.0,0.3000000000000007
126,156.6,24.0,30.7,56.3,187.7,87,0.0,1000,91,27.7,0.7,1.0,2023,8,3,6,3,215,31,1.0,6.123233995736766e-17,-0.8660254037844385,-0.5000000000000004,0.43388373911755823,-0.900968867902419,2,0,0,47.0,33.0,39.0,31.0,29.0,29.0,41.666666666666664,7.571877794401023,47.0,33.0,37.666666666666664,7.554248252914285,47.0,27.0,34.583333333333336,6.748175960055537,47.0,26.0,36.041666666666664,7.086295203429555,48.0,26.0,27.5,27.3,27.7,93.0,95.0,92.0,1.0,0.66,0.8,1000.0,1000.0,1001.0,2520.7,91.0,27.7,0.0,0.7992753237065062,6.524728136327653,1.2791133702762385,25.206999999999997,27.2,0.0276999723000277,767.29,8281,1.0,1000000,500.29999999999995,83.38333333333333,-2.0,6.0,0.1999999999999993
115,144.1,24.0,31.0,51.3,201.0,87,0.0,1000,88,28.0,1.0,1.0,2023,8,3,7,3,215,31,0.9659258262890683,-0.25881904510252063,-0.8660254037844385,-0.5000000000000004,0.43388373911755823,-0.900968867902419,2,0,0,45.0,47.0,33.0,27.0,28.0,28.0,44.333333333333336,3.0550504633053976,47.0,41.0,40.0,5.477225575050989,47.0,33.0,35.666666666666664,6.6378163623738935,47.0,26.0,36.583333333333336,6.940220937885959,48.0,26.0,27.7,27.2,27.5,91.0,96.0,94.0,1.0,1.0,1.2,1000.0,1000.0,1000.0,2464.0,88.0,28.0,0.0,0.7992046938656168,6.003916503479021,1.2916128494646055,24.64,27.5,0.027999972000028,784.0,7744,1.0,1000000,492.4,82.06666666666666,-4.0,8.0,0.3000000000000007
151,137.1,21.7,49.0,70.0,204.0,87,0.0,1001,85,28.9,1.4,1.33,2023,8,3,8,3,215,31,0.8660254037844387,-0.4999999999999998,-0.8660254037844385,-0.5000000000000004,0.43388373911755823,-0.900968867902419,2,0,0,41.0,45.0,47.0,35.0,39.0,28.0,47.333333333333336,7.767453465154566,56.0,41.0,43.5,7.842193570678668,56.0,33.0,37.083333333333336,8.85702939460867,56.0,26.0,37.75,7.7417557833284905,56.0,26.0,28.0,27.5,27.4,88.0,93.0,95.0,1.0,1.0,0.33,1000.0,1000.0,1000.0,2456.5,113.05000000000001,38.437,0.0,0.7999885715918343,6.317681212847334,2.2579604626514906,24.565,28.235,0.0288711000288711,835.2099999999999,7225,1.7689000000000001,1002001,537.8,89.63333333333333,15.0,9.0,0.8999999999999986
181,130.1,19.3,67.0,98.8,207.0,87,0.0,1001,81,29.7,2.3,1.66,2023,8,3,9,3,215,31,0.7071067811865476,-0.7071067811865475,-0.8660254037844385,-0.5000000000000004,0.43388373911755823,-0.900968867902419,2,0,0,56.0,41.0,45.0,39.0,32.0,27.0,58.666666666666664,19.139836293274257,79.0,41.0,50.166666666666664,16.00520748589854,79.0,33.0,41.0,14.801719801796713,79.0,26.0,39.916666666666664,11.13520334898262,79.0,26.0,28.9,27.7,27.3,85.0,91.0,95.0,1.33,1.0,0.66,1001.0,1000.0,1000.0,2405.7,134.45999999999998,49.302,0.0,0.7995870487140818,6.740583389461685,3.4713227293922593,24.057,28.87,0.0296703000296703,882.0899999999999,6561,2.7556,1002001,601.2,100.2,23.0,34.0,0.8000000000000007
104,123.1,17.0,85.0,46.3,210.0,87,0.0,1001,78,30.6,3.1,2.0,2023,8,3,10,3,215,31,0.49999999999999994,-0.8660254037844387,-0.8660254037844385,-0.5000000000000004,0.43388373911755823,-0.900968867902419,2,0,0,79.0,56.0,41.0,33.0,33.0,43.0,57.333333333333336,21.03172207246327,79.0,37.0,50.833333333333336,15.210741818421052,79.0,37.0,41.333333333333336,14.649438917789732,79.0,26.0,39.666666666666664,11.130321557395353,79.0,26.0,29.7,28.0,27.2,81.0,88.0,96.0,1.66,1.0,1.0,1001.0,1000.0,1000.0,2386.8,156.0,61.2,0.0,0.799118809528952,7.240750544085641,4.9997058996529615,23.868000000000002,29.6,0.0305694000305694,936.3600000000001,6084,4.0,1002001,518.4,86.39999999999999,-42.0,-4.0,0.9000000000000021
85,113.4,14.7,97.7,35.0,192.0,83,0.0,1000,71,31.6,3.6,1.66,2023,8,3,11,3,215,31,0.258819045102521,-0.9659258262890682,-0.8660254037844385,-0.5000000000000004,0.43388373911755823,-0.900968867902419,2,0,0,37.0,79.0,56.0,47.0,26.0,48.0,48.0,27.221315177632544,79.0,28.0,47.666666666666664,17.907168024750924,79.0,28.0,41.5,14.469403455693262,79.0,27.0,38.833333333333336,11.227554097598357,79.0,26.0,30.6,28.9,27.5,78.0,85.0,93.0,2.0,1.33,1.0,1001.0,1001.0,1000.0,2243.6,117.86,52.456,0.0,0.7999771435101855,7.71376096864159,6.645806407727366,22.436,30.770000000000003,0.031599968400031604,998.5600000000001,5041,2.7556,1000000,480.8,80.13333333333334,-9.0,-28.0,1.0
100,103.7,12.3,110.3,43.8,174.0,79,0.0,1000,64,32.6,3.7,1.33,2023,8,3,12,3,215,31,1.2246467991473532e-16,-1.0,-0.8660254037844385,-0.5000000000000004,0.43388373911755823,-0.900968867902419,2,1,0,28.0,37.0,79.0,45.0,31.0,43.0,33.333333333333336,4.725815626253882,37.0,28.0,46.0,18.654758106177486,79.0,28.0,41.833333333333336,14.249933545830936,79.0,27.0,38.5,11.2172227826912,79.0,26.0,31.6,29.7,27.7,71.0,81.0,91.0,1.66,1.66,1.0,1000.0,1001.0,1000.0,2086.4,85.12,43.358000000000004,0.0,0.7990685144174792,8.43020892610357,8.96675067067718,20.864,31.935000000000002,0.032599967400032605,1062.76,4096,1.7689000000000001,1000000,479.1,79.85000000000001,7.0,-44.0,1.0
118,94.0,10.0,123.0,52.5,156.0,75,0.5,999,59,33.6,3.5,1.0,2023,8,3,13,3,215,31,-0.2588190451025208,-0.9659258262890683,-0.8660254037844385,-0.5000000000000004,0.43388373911755823,-0.900968867902419,2,1,0,35.0,28.0,37.0,41.0,27.0,41.0,35.0,7.000000000000827,42.0,28.0,46.166666666666664,18.605554726120406,79.0,28.0,43.083333333333336,13.466850433789343,79.0,28.0,38.541666666666664,11.228764176325951,79.0,26.0,32.6,30.6,28.0,64.0,78.0,88.0,1.33,2.0,1.0,1000.0,1001.0,1000.0,1982.4,59.0,33.6,37.5,0.7999847621950058,9.3990600939906,12.298770122987701,19.824,33.1,0.033633599966366404,1128.96,3481,1.0,998001,477.5,79.58333333333333,7.0,5.0,1.0
137,98.4,11.3,112.3,61.3,148.7,83,0.25,999,68,31.7,2.8,1.33,2023,8,3,14,3,215,31,-0.4999999999999997,-0.8660254037844388,-0.8660254037844385,-0.5000000000000004,0.43388373911755823,-0.900968867902419,2,1,0,42.0,35.0,28.0,56.0,35.0,43.0,42.0,7.0000000000006875,49.0,35.0,45.0,18.07761046156251,79.0,28.0,44.25,13.30840472647371,79.0,28.0,38.791666666666664,11.397860846845903,79.0,26.0,33.6,31.6,28.9,59.0,71.0,85.0,1.0,1.66,1.33,999.0,1000.0,1001.0,2155.6,90.44,42.161,20.75,0.7993344317384709,8.707194053623574,9.93717370144235,21.555999999999997,31.035,0.0317316999682683,1004.89,4624,1.7689000000000001,998001,481.0,80.16666666666667,7.0,21.0,-1.9000000000000021
110,102.9,12.7,101.7,48.8,141.3,91,0.5,999,79,29.9,2.0,1.66,2023,8,3,15,3,215,31,-0.7071067811865471,-0.7071067811865479,-0.8660254037844385,-0.5000000000000004,0.43388373911755823,-0.900968867902419,2,1,0,49.0,42.0,35.0,79.0,39.0,42.0,43.333333333333336,5.131601439447786,49.0,39.0,38.333333333333336,7.033254343947668,49.0,28.0,44.25,13.30840472647371,79.0,28.0,38.666666666666664,11.377577745826379,79.0,26.0,31.7,32.6,29.7,68.0,64.0,81.0,1.33,1.33,1.66,999.0,1000.0,1001.0,2362.1,131.14,49.63399999999999,45.5,0.7991639515583698,8.101724273679238,8.00724352413196,23.621,29.07,0.0299298999700701,894.0099999999999,6241,2.7556,998001,446.40000000000003,74.4,-10.0,4.0,-1.8000000000000007
89,107.4,14.0,91.0,37.5,134.0,100,0.0,999,92,28.0,1.3,2.0,2023,8,3,16,3,215,31,-0.8660254037844385,-0.5000000000000004,-0.8660254037844385,-0.5000000000000004,0.43388373911755823,-0.900968867902419,2,1,0,39.0,49.0,42.0,37.0,33.0,40.0,39.333333333333336,9.504384952922715,49.0,30.0,37.166666666666664,7.833687935235763,49.0,28.0,44.0,13.564659966250224,79.0,28.0,38.25,11.508975703299363,79.0,26.0,29.9,33.6,30.6,79.0,59.0,78.0,1.66,1.0,2.0,999.0,999.0,1001.0,2576.0,184.0,56.0,0.0,0.7999786672355405,7.670880651382045,6.499535747446611,25.76,27.0,0.028027999971972,784.0,8464,4.0,998001,413.9,68.98333333333333,-9.0,-12.0,-1.8999999999999986
74,153.1,18.0,85.0,28.8,133.7,100,0.0,999,92,27.7,0.8,1.33,2023,8,3,17,3,215,31,-0.9659258262890683,-0.25881904510252063,-0.8660254037844385,-0.5000000000000004,0.43388373911755823,-0.900968867902419,2,1,0,30.0,39.0,49.0,28.0,47.0,38.0,30.666666666666668,8.020806277011445,39.0,23.0,36.333333333333336,9.157874571463516,49.0,23.0,42.0,14.795576734588032,79.0,23.0,37.625,11.922986567788147,79.0,23.0,28.0,31.7,31.6,92.0,68.0,71.0,2.0,1.33,1.66,999.0,999.0,1000.0,2548.4,122.36000000000001,36.841,0.0,0.7985833825214401,8.505083050941613,4.72195989111716,25.484,27.035,0.0277276999722723,767.29,8464,1.7689000000000001,998001,441.6,73.60000000000001,-7.0,-26.0,-0.3000000000000007
74,198.8,22.0,79.0,28.8,133.3,100,0.5,999,93,27.3,0.6,0.66,2023,8,3,18,3,215,31,-1.0,-1.8369701987210297e-16,-0.8660254037844385,-0.5000000000000004,0.43388373911755823,-0.900968867902419,2,2,0,23.0,30.0,39.0,35.0,45.0,29.0,25.333333333333332,4.041451884329158,30.0,23.0,34.333333333333336,10.689558768567458,49.0,23.0,40.166666666666664,15.723944296594802,79.0,23.0,37.375,12.17200101444526,79.0,23.0,27.7,29.9,32.6,92.0,79.0,64.0,1.33,1.66,1.33,999.0,999.0,1000.0,2538.9,61.38,18.018,50.0,0.7985833825214401,9.035952911231307,3.5907458751874914,25.389,26.970000000000002,0.027327299972672702,745.2900000000001,8649,0.43560000000000004,998001,484.90000000000003,80.81666666666668,0.0,-16.0,-0.3999999999999986
72,244.5,26.0,73.0,27.5,133.0,100,2.0,1000,94,27.0,0.0,0.8,2023,8,3,19,3,215,31,-0.9659258262890684,0.2588190451025203,-0.8660254037844385,-0.5000000000000004,0.43388373911755823,-0.900968867902419,2,2,0,23.0,23.0,30.0,42.0,41.0,28.0,22.666666666666668,0.5773502692027219,23.0,22.0,31.0,10.936178491593383,49.0,22.0,38.583333333333336,16.566441069130143,79.0,22.0,37.125,12.43177031011603,79.0,22.0,27.3,28.0,33.6,93.0,92.0,59.0,0.66,2.0,1.0,999.0,999.0,999.0,2538.0,75.2,21.6,200.0,0.7999709101487218,9.403484481366101,2.8075843236798583,25.38,26.6,0.026999973000027,729.0,8836,0.6400000000000001,1000000,526.0,87.66666666666667,-1.0,-8.0,-0.3000000000000007
59,256.6,25.3,65.7,20.0,128.0,100,2.0,1000,94,27.1,0.0,0.33,2023,8,3,20,3,215,31,-0.8660254037844386,0.5000000000000001,-0.8660254037844385,-0.5000000000000004,0.43388373911755823,-0.900968867902419,2,2,0,22.0,23.0,23.0,49.0,56.0,39.0,20.333333333333332,3.785938897202267,23.0,16.0,25.5,7.96868872525386,39.0,16.0,35.25,16.76644376019044,79.0,16.0,36.166666666666664,13.146884791088294,79.0,16.0,27.0,27.7,31.7,94.0,92.0,68.0,0.8,1.33,1.33,1000.0,999.0,999.0,2547.4,31.020000000000003,8.943000000000001,200.0,0.7999600019998999,10.141891624836964,2.5967353069048653,25.474,26.935000000000002,0.0270999729000271,734.4100000000001,8836,0.10890000000000001,1000000,511.6,85.26666666666667,-6.0,-7.0,0.10000000000000142
61,268.7,24.7,58.3,21.3,123.0,100,0.25,1001,94,27.1,0.0,0.66,2023,8,3,21,3,215,31,-0.7071067811865477,0.7071067811865474,-0.8660254037844385,-0.5000000000000004,0.43388373911755823,-0.900968867902419,2,2,0,16.0,22.0,23.0,39.0,79.0,32.0,18.333333333333332,3.2145502536668613,22.0,16.0,21.833333333333332,5.036533199200963,30.0,16.0,30.083333333333332,10.405054133215492,49.0,16.0,35.541666666666664,13.698553292915427,79.0,16.0,27.1,27.3,29.9,94.0,93.0,79.0,0.33,0.66,1.66,1000.0,999.0,999.0,2547.4,62.040000000000006,17.886000000000003,25.0,0.7980845969672785,10.878102101129508,2.360228330836808,25.474,26.770000000000003,0.027072900027072903,734.4100000000001,8836,0.43560000000000004,1002001,513.0,85.5,1.0,-6.0,0.0
65,280.7,24.0,51.0,23.8,118.0,100,0.5,1001,94,27.2,0.0,1.0,2023,8,3,22,3,215,31,-0.5000000000000004,0.8660254037844384,-0.8660254037844385,-0.5000000000000004,0.43388373911755823,-0.900968867902419,2,3,0,17.0,16.0,22.0,30.0,37.0,33.0,17.333333333333332,1.5275252316573917,19.0,16.0,20.0,3.098386676963712,23.0,16.0,28.583333333333332,10.612671100094516,49.0,16.0,34.958333333333336,14.10358932626944,79.0,16.0,27.1,27.0,28.0,94.0,94.0,92.0,0.66,0.8,2.0,1001.0,1000.0,999.0,2556.7999999999997,94.0,27.2,50.0,0.7982857863114995,11.695346027248863,2.1249114620224154,25.567999999999998,26.7,0.0271728000271728,739.8399999999999,8836,1.0,1002001,516.5,86.08333333333333,2.0,-3.0,0.09999999999999787
67,244.5,21.7,51.7,25.0,111.3,100,0.5,1001,95,27.0,0.0,0.66,2023,8,3,23,3,215,31,-0.25881904510252157,0.9659258262890681,-0.8660254037844385,-0.5000000000000004,0.43388373911755823,-0.900968867902419,2,3,0,19.0,17.0,16.0,23.0,28.0,26.0,18.666666666666668,1.527525231657268,20.0,17.0,19.5,2.7386127875232873,23.0,16.0,27.916666666666668,10.900027800909482,49.0,16.0,34.708333333333336,14.320794144443926,79.0,16.0,27.2,27.1,27.7,94.0,94.0,92.0,1.0,0.33,1.33,1001.0,1000.0,999.0,2565.0,62.7,17.82,50.0,0.7999680012799487,11.266761900373254,2.382378692226165,25.65,26.67,0.026973000026973,729.0,9025,0.43560000000000004,1002001,474.2,79.03333333333333,1.0,4.0,-0.1999999999999993
59,208.3,19.3,52.3,20.0,104.7,100,0.75,1001,95,26.9,0.0,0.33,2023,8,4,0,4,216,31,0.0,1.0,-0.8660254037844385,-0.5000000000000004,-0.433883739117558,-0.9009688679024191,2,3,0,20.0,19.0,17.0,23.0,35.0,31.0,18.333333333333332,2.0816659994700606,20.0,16.0,18.333333333333332,2.4221202832750395,22.0,16.0,26.333333333333332,11.154561507483661,49.0,16.0,34.083333333333336,14.808683312478468,79.0,16.0,27.0,27.1,27.3,95.0,94.0,93.0,0.66,0.66,0.66,1001.0,1001.0,999.0,2555.5,31.35,8.877,75.0,0.7999600019998999,10.792186933319517,2.709704160406196,25.555,26.735,0.026873100026873098,723.6099999999999,9025,0.10890000000000001,1002001,420.6,70.10000000000001,-4.0,-1.0,-0.10000000000000142
80,172.2,17.0,53.0,32.5,98.0,100,1.5,1000,95,26.7,0.0,1.2,2023,8,4,1,4,216,31,0.25881904510252074,0.9659258262890683,-0.8660254037844385,-0.5000000000000004,-0.433883739117558,-0.9009688679024191,2,3,0,16.0,20.0,19.0,22.0,42.0,27.0,20.666666666666668,5.033222956848726,26.0,16.0,19.0,3.794733192200198,26.0,16.0,25.0,10.009086780611511,49.0,16.0,34.041666666666664,14.830870174906474,79.0,16.0,26.9,27.2,27.0,95.0,94.0,94.0,0.33,1.0,0.8,1001.0,1001.0,1000.0,2536.5,114.0,32.04,150.0,0.7999753853727578,10.128815952002823,3.1174636786071406,25.365,26.099999999999998,0.0266999733000267,712.89,9025,1.44,1000000,398.7,66.45,10.0,7.0,-0.1999999999999993
76,172.4,17.7,48.0,30.0,96.7,100,1.5,1000,94,26.8,0.0,1.6,2023,8,4,2,4,216,31,0.49999999999999994,0.8660254037844387,-0.8660254037844385,-0.5000000000000004,-0.433883739117558,-0.9009688679024191,2,3,0,26.0,16.0,20.0,16.0,49.0,35.0,22.0,5.291502622130628,26.0,16.0,20.333333333333332,3.9327683209989632,26.0,16.0,22.916666666666668,6.570710952723198,39.0,16.0,33.583333333333336,14.969292239278722,79.0,16.0,26.7,27.0,27.1,95.0,95.0,94.0,1.2,0.66,0.33,1000.0,1001.0,1000.0,2519.2000000000003,150.4,42.88,150.0,0.7999733342221925,9.739562736568555,2.711711202756906,25.192000000000004,26.0,0.026799973200026802,718.24,8836,2.5600000000000005,1000000,388.8,64.8,-2.0,4.0,0.10000000000000142
74,172.6,18.3,43.0,28.8,95.3,100,1.0,1000,94,26.9,0.0,1.6,2023,8,4,3,4,216,31,0.7071067811865476,0.7071067811865476,-0.8660254037844385,-0.5000000000000004,-0.433883739117558,-0.9009688679024191,2,3,0,24.0,26.0,16.0,17.0,39.0,39.0,24.333333333333332,1.5275252316567394,26.0,23.0,21.333333333333332,3.6696957185376187,26.0,16.0,21.583333333333332,4.209477042304818,30.0,16.0,32.916666666666664,15.073491464406601,79.0,16.0,26.8,26.9,27.1,94.0,95.0,94.0,1.6,0.33,0.66,1000.0,1001.0,1001.0,2528.6,150.4,43.04,100.0,0.7985833825214401,9.4311786241189,2.3495983826020432,25.285999999999998,26.099999999999998,0.0268999731000269,723.6099999999999,8836,2.5600000000000005,1000000,381.0,63.5,-1.0,7.0,0.09999999999999787
82,172.7,19.0,38.0,33.8,94.0,100,1.0,999,93,27.0,0.0,1.6,2023,8,4,4,4,216,31,0.8660254037844386,0.5000000000000001,-0.8660254037844385,-0.5000000000000004,-0.433883739117558,-0.9009688679024191,2,3,0,23.0,24.0,26.0,19.0,30.0,33.0,24.666666666666668,2.081665999469627,27.0,23.0,22.666666666666668,4.08248290463705,27.0,16.0,21.333333333333332,3.7254245232969434,27.0,16.0,32.666666666666664,15.121728296285083,79.0,16.0,26.9,26.7,27.2,94.0,95.0,94.0,1.6,1.2,1.0,1000.0,1000.0,1001.0,2511.0,148.8,43.2,100.0,0.7987929351202628,9.088995316035996,1.9998947423819797,25.11,26.2,0.027026999972973,729.0,8649,2.5600000000000005,998001,384.5,64.08333333333333,4.0,1.0,0.10000000000000142
69,171.4,18.7,38.7,26.3,100.3,100,2.25,1000,94,27.0,0.0,1.2,2023,8,4,5,4,216,31,0.9659258262890683,0.25881904510252074,-0.8660254037844385,-0.5000000000000004,-0.433883739117558,-0.9009688679024191,2,3,0,27.0,23.0,24.0,20.0,23.0,47.0,23.666666666666668,3.055050463306321,27.0,21.0,22.833333333333332,3.97072621401348,27.0,16.0,21.166666666666668,3.688639397671587,27.0,16.0,31.583333333333332,14.980905721346954,79.0,16.0,27.0,26.8,27.0,93.0,94.0,95.0,1.6,1.6,0.66,999.0,1000.0,1001.0,2538.0,112.8,32.4,225.0,0.79844872818524,9.165285278862093,2.069408053045292,25.38,26.4,0.026999973000027,729.0,8836,1.44,1000000,376.40000000000003,62.73333333333334,-6.0,-3.0,0.0
72,170.0,18.3,39.3,27.5,106.7,100,3.75,1001,94,27.0,0.6,0.8,2023,8,4,6,4,216,31,1.0,6.123233995736766e-17,-0.8660254037844385,-0.5000000000000004,-0.433883739117558,-0.9009688679024191,2,0,0,21.0,27.0,23.0,16.0,23.0,45.0,23.333333333333332,3.2145502536666397,27.0,21.0,23.833333333333332,2.316606713849839,27.0,21.0,21.083333333333332,3.654594451653291,27.0,16.0,30.625,14.820117056393949,79.0,16.0,27.0,26.9,26.9,94.0,94.0,95.0,1.2,1.6,0.33,1000.0,1000.0,1001.0,2538.0,75.2,21.6,375.0,0.7999709101487218,9.289109884705752,2.147423638052565,25.38,26.6,0.026973000026973,729.0,8836,0.6400000000000001,1002001,383.8,63.96666666666667,1.0,-1.0,0.0
56,168.7,18.0,40.0,18.8,113.0,100,8.25,1001,94,27.0,0.8,1.2,2023,8,4,7,4,216,31,0.9659258262890683,-0.25881904510252063,-0.8660254037844385,-0.5000000000000004,-0.433883739117558,-0.9009688679024191,2,0,0,22.0,21.0,27.0,26.0,22.0,41.0,19.333333333333332,3.785938897202304,22.0,15.0,22.0,3.9999999999983595,27.0,15.0,20.5,4.033946860423643,27.0,15.0,29.541666666666668,14.978184619397458,79.0,15.0,27.0,27.0,26.7,94.0,93.0,95.0,0.8,1.6,1.2,1001.0,999.0,1000.0,2538.0,112.8,32.4,825.0,0.7978299026647518,9.37170157213488,2.222098772290428,25.38,26.4,0.026973000026973,729.0,8836,1.44,1002001,373.5,62.25,-7.0,-12.0,0.0
63,158.5,16.7,62.3,22.5,118.0,100,9.75,1002,95,26.9,1.2,1.2,2023,8,4,8,4,216,31,0.8660254037844387,-0.4999999999999998,-0.8660254037844385,-0.5000000000000004,-0.433883739117558,-0.9009688679024191,2,0,0,15.0,22.0,21.0,24.0,16.0,56.0,18.333333333333332,3.5118845842865736,22.0,15.0,21.0,4.147288270663922,27.0,15.0,20.666666666666668,3.869069264008004,27.0,15.0,27.958333333333332,14.038701682404128,79.0,15.0,27.0,27.0,26.8,94.0,94.0,94.0,1.2,1.2,1.6,1001.0,1000.0,1000.0,2555.5,114.0,32.279999999999994,975.0,0.7999644460246211,9.490449673672234,3.7303155499670675,25.555,26.299999999999997,0.026846280592534338,723.6099999999999,9025,1.44,1004004,396.0,66.0,3.0,-3.0,-0.10000000000000142
65,148.4,15.3,84.7,23.8,123.0,100,12.0,1002,95,26.7,1.9,1.6,2023,8,4,9,4,216,31,0.7071067811865476,-0.7071067811865475,-0.8660254037844385,-0.5000000000000004,-0.433883739117558,-0.9009688679024191,2,0,0,18.0,15.0,22.0,23.0,17.0,79.0,17.333333333333332,2.081665999470127,19.0,15.0,20.333333333333332,4.082482904636955,27.0,15.0,20.833333333333332,3.737605780401595,27.0,15.0,25.458333333333332,8.987813811013693,49.0,15.0,26.9,27.0,26.9,95.0,94.0,94.0,1.2,0.8,1.6,1002.0,1001.0,1000.0,2536.5,152.0,42.72,1200.0,0.7982857863114995,9.698712502450821,5.535585909417685,25.365,25.9,0.02664667999333334,712.89,9025,2.5600000000000005,1004004,414.20000000000005,69.03333333333335,1.0,-3.0,-0.1999999999999993
91,138.3,14.0,107.0,38.8,128.0,100,7.25,1002,95,26.6,2.8,2.0,2023,8,4,10,4,216,31,0.49999999999999994,-0.8660254037844387,-0.8660254037844385,-0.5000000000000004,-0.433883739117558,-0.9009688679024191,2,0,0,19.0,18.0,15.0,27.0,19.0,37.0,22.666666666666668,7.234178138071281,31.0,18.0,21.0,5.477225575050433,31.0,15.0,21.833333333333332,4.687184332804854,31.0,15.0,25.208333333333332,8.73264324079563,49.0,15.0,26.7,27.0,27.0,95.0,94.0,93.0,1.6,1.2,1.6,1002.0,1001.0,999.0,2527.0,190.0,53.2,725.0,0.7989484807092602,9.877865866723807,7.64231126348118,25.27,25.6,0.02654687969373284,707.5600000000001,9025,4.0,1004004,457.1,76.18333333333334,12.0,16.0,-0.09999999999999787
82,132.9,12.7,110.7,33.8,116.0,100,5.0,1002,95,26.9,3.5,0.33,2023,8,4,11,4,216,31,0.258819045102521,-0.9659258262890682,-0.8660254037844385,-0.5000000000000004,-0.433883739117558,-0.9009688679024191,2,0,0,31.0,19.0,18.0,21.0,20.0,28.0,25.666666666666668,6.110100926608955,31.0,19.0,22.0,5.999999999998907,31.0,15.0,22.416666666666668,4.870287154746752,31.0,15.0,25.166666666666668,8.721122118998897,49.0,15.0,26.6,26.9,27.0,95.0,95.0,94.0,2.0,1.2,1.2,1002.0,1002.0,1000.0,2555.5,31.35,8.877,500.0,0.7987929351202628,10.463743012361233,8.715849145736557,25.555,26.735,0.026846280592534338,723.6099999999999,9025,0.10890000000000001,1004004,433.1,72.18333333333334,-4.0,9.0,0.29999999999999716
69,127.4,11.3,114.3,26.3,104.0,100,3.25,1001,95,27.2,3.7,0.66,2023,8,4,12,4,216,31,1.2246467991473532e-16,-1.0,-0.8660254037844385,-0.5000000000000004,-0.433883739117558,-0.9009688679024191,2,1,0,27.0,31.0,19.0,22.0,16.0,35.0,26.333333333333332,5.033222956848567,31.0,21.0,21.833333333333332,6.013872850888476,31.0,15.0,22.833333333333332,4.4687466889152665,31.0,15.0,24.583333333333332,8.50021312605776,49.0,15.0,26.9,26.7,27.0,95.0,95.0,94.0,0.33,1.6,0.8,1002.0,1002.0,1001.0,2584.0,62.7,17.952,325.0,0.79844872818524,11.273338642598,10.114149190337137,25.84,26.87,0.0271728000271728,739.8399999999999,9025,0.43560000000000004,1002001,404.3,67.38333333333334,-6.0,2.0,0.3000000000000007
72,122.0,10.0,118.0,27.5,92.0,100,0.25,1001,95,27.5,3.5,1.0,2023,8,4,13,4,216,31,-0.2588190451025208,-0.9659258262890683,-0.8660254037844385,-0.5000000000000004,-0.433883739117558,-0.9009688679024191,2,1,0,21.0,27.0,31.0,15.0,26.0,42.0,23.333333333333332,3.2145502536666433,27.0,21.0,23.0,5.01996015920318,31.0,18.0,22.5,4.358898943540011,31.0,15.0,23.75,7.657051311216818,49.0,15.0,27.2,26.6,27.0,95.0,95.0,94.0,0.66,2.0,1.2,1001.0,1002.0,1001.0,2612.5,95.0,27.5,25.0,0.7999709101487218,12.198780121987802,11.798820117988202,26.125,27.0,0.0274725000274725,756.25,9025,1.0,1002001,391.5,65.25,1.0,-9.0,0.3000000000000007
72,123.3,10.7,118.0,27.5,97.7,95,1.25,1001,94,27.7,2.8,0.66,2023,8,4,14,4,216,31,-0.4999999999999997,-0.8660254037844388,-0.8660254037844385,-0.5000000000000004,-0.433883739117558,-0.9009688679024191,2,1,0,22.0,21.0,27.0,18.0,24.0,49.0,21.666666666666668,0.5773502692029812,22.0,21.0,23.666666666666668,4.4572039067843985,31.0,19.0,22.333333333333332,4.334498677802664,31.0,15.0,22.625,5.451864459701335,39.0,15.0,27.5,26.9,26.9,95.0,95.0,95.0,1.0,0.33,1.2,1001.0,1002.0,1002.0,2603.7999999999997,62.040000000000006,18.282,118.75,0.7999709101487218,11.522287636669471,11.027006821792357,26.037999999999997,27.37,0.0276723000276723,767.29,8836,0.43560000000000004,1002001,399.2,66.53333333333333,0.0,-5.0,0.1999999999999993
65,124.7,11.3,118.0,23.8,103.3,91,1.75,1000,92,28.0,2.0,0.33,2023,8,4,15,4,216,31,-0.7071067811865471,-0.7071067811865479,-0.8660254037844385,-0.5000000000000004,-0.433883739117558,-0.9009688679024191,2,1,0,22.0,22.0,21.0,19.0,23.0,39.0,21.0,1.7320508075733845,22.0,19.0,23.666666666666668,4.4572039067843985,31.0,19.0,22.0,4.431293675255335,31.0,15.0,21.791666666666668,4.232166334639463,31.0,15.0,27.7,27.2,26.7,94.0,95.0,95.0,0.66,0.66,1.6,1001.0,1001.0,1002.0,2576.0,30.360000000000003,9.24,159.25,0.7982857863114995,11.034421732590037,10.441553844792496,25.76,27.835,0.027999972000028,784.0,8464,0.10890000000000001,1000000,400.1,66.68333333333334,-3.0,-2.0,0.3000000000000007
63,126.1,12.0,118.0,22.5,109.0,87,3.5,1000,90,28.2,1.3,2.0,2023,8,4,16,4,216,31,-0.8660254037844385,-0.5000000000000004,-0.8660254037844385,-0.5000000000000004,-0.433883739117558,-0.9009688679024191,2,1,0,19.0,22.0,22.0,31.0,27.0,30.0,19.666666666666668,2.0816659994699735,22.0,18.0,21.5,3.146426544508345,27.0,18.0,21.25,4.266678503770803,31.0,15.0,21.291666666666668,3.9173989448039466,31.0,15.0,28.0,27.5,26.6,92.0,95.0,95.0,0.33,1.0,2.0,1000.0,1001.0,1002.0,2538.0,180.0,56.4,304.5,0.7999644460246211,10.507457711857345,9.832513957170237,25.38,27.2,0.0281999718000282,795.24,8100,4.0,1000000,405.6,67.60000000000001,-1.0,-4.0,0.1999999999999993
72,155.8,15.3,114.0,27.5,117.7,91,1.5,1000,91,27.7,0.8,0.8,2023,8,4,17,4,216,31,-0.9659258262890683,-0.25881904510252063,-0.8660254037844385,-0.5000000000000004,-0.433883739117558,-0.9009688679024191,2,1,0,18.0,19.0,22.0,27.0,21.0,23.0,19.666666666666668,2.0816659994699735,22.0,18.0,20.666666666666668,1.7511900715379591,22.0,18.0,21.333333333333332,4.271115105264506,31.0,15.0,21.25,3.9037328846605326,31.0,15.0,28.2,27.7,26.9,90.0,94.0,95.0,2.0,0.66,0.33,1000.0,1001.0,1002.0,2520.7,72.8,22.16,136.5,0.7999709101487218,10.18234102346252,7.450493431801843,25.206999999999997,27.3,0.0276999723000277,767.29,8281,0.6400000000000001,1000000,452.3,75.38333333333334,4.0,0.0,-0.5
74,185.6,18.7,110.0,28.8,126.3,95,1.5,1000,92,27.2,0.6,0.8,2023,8,4,18,4,216,31,-1.0,-1.8369701987210297e-16,-0.8660254037844385,-0.5000000000000004,-0.433883739117558,-0.9009688679024191,2,2,0,22.0,18.0,19.0,21.0,22.0,23.0,21.0,2.645751311067541,23.0,18.0,21.0,1.999999999996641,23.0,18.0,21.416666666666668,4.294993561923473,31.0,15.0,21.25,3.9037328846605326,31.0,15.0,27.7,28.0,27.2,91.0,92.0,95.0,0.8,0.33,0.66,1000.0,1000.0,1001.0,2502.4,73.60000000000001,21.76,142.5,0.7985833825214401,9.924602962408427,5.882038393668788,25.024,26.8,0.0271999728000272,739.8399999999999,8464,0.6400000000000001,1000000,492.4,82.06666666666666,1.0,4.0,-0.5
61,215.3,22.0,106.0,21.3,135.0,100,1.0,1001,93,26.7,0.0,0.8,2023,8,4,19,4,216,31,-0.9659258262890684,0.2588190451025203,-0.8660254037844385,-0.5000000000000004,-0.433883739117558,-0.9009688679024191,2,2,0,23.0,22.0,18.0,22.0,15.0,22.0,20.666666666666668,3.2145502536667605,23.0,17.0,20.166666666666668,2.48327740428913,23.0,17.0,21.583333333333332,4.055486369964034,31.0,17.0,21.041666666666668,3.9943347562422558,31.0,15.0,27.2,28.2,27.5,92.0,90.0,95.0,0.8,2.0,1.0,1000.0,1000.0,1001.0,2483.1,74.4,21.36,100.0,0.7980845969672785,9.785918821871734,4.817962819871823,24.831,26.3,0.0266733000266733,712.89,8649,0.6400000000000001,1002001,516.6,86.10000000000001,-6.0,-1.0,-0.5
63,233.1,23.0,89.3,22.5,138.3,95,1.5,1001,94,26.7,0.0,0.33,2023,8,4,20,4,216,31,-0.8660254037844386,0.5000000000000001,-0.8660254037844385,-0.5000000000000004,-0.433883739117558,-0.9009688679024191,2,2,0,17.0,23.0,22.0,22.0,18.0,16.0,19.333333333333332,3.214550253666819,23.0,17.0,19.5,2.4289915602953562,23.0,17.0,21.583333333333332,4.055486369964034,31.0,17.0,21.125,3.904428923336764,31.0,15.0,26.7,27.7,27.7,93.0,91.0,94.0,0.8,0.8,0.66,1001.0,1000.0,1001.0,2509.7999999999997,31.020000000000003,8.811,142.5,0.7999644460246211,10.13434198513108,3.882439893917655,25.098,26.535,0.0266733000266733,712.89,8836,0.10890000000000001,1002001,524.2,87.36666666666667,1.0,-4.0,0.0
46,250.8,24.0,72.7,13.8,141.7,91,1.5,1002,95,26.7,0.0,0.66,2023,8,4,21,4,216,31,-0.7071067811865477,0.7071067811865474,-0.8660254037844385,-0.5000000000000004,-0.433883739117558,-0.9009688679024191,2,2,0,18.0,17.0,23.0,19.0,19.0,17.0,15.333333333333334,3.7859388972024557,18.0,11.0,18.166666666666668,4.262237284179788,23.0,11.0,20.916666666666668,5.053501636278872,31.0,11.0,20.875,4.347037972048559,31.0,11.0,26.7,27.2,28.0,94.0,92.0,92.0,0.33,0.8,0.33,1001.0,1000.0,1000.0,2536.5,62.7,17.622,136.5,0.7970436924860518,10.449564601474938,3.0290404566476394,25.365,26.37,0.02664667999333334,712.89,9025,0.43560000000000004,1004004,514.0,85.66666666666667,-7.0,-12.0,0.0
59,268.5,25.0,56.0,20.0,145.0,87,0.25,1002,96,26.7,0.0,1.0,2023,8,4,22,4,216,31,-0.5000000000000004,0.8660254037844384,-0.8660254037844385,-0.5000000000000004,-0.433883739117558,-0.9009688679024191,2,3,0,11.0,18.0,17.0,18.0,31.0,19.0,15.0,3.6055512754663894,18.0,11.0,17.833333333333332,4.355073669486222,23.0,11.0,19.666666666666668,4.09730140310344,27.0,11.0,20.75,4.445319962074115,31.0,11.0,26.7,26.7,28.2,95.0,93.0,90.0,0.66,0.8,2.0,1002.0,1001.0,1000.0,2563.2,96.0,26.7,21.75,0.7999600019998999,10.739570417183312,2.2399104035838566,25.631999999999998,26.2,0.02664667999333334,712.89,9216,1.0,1004004,530.5,88.41666666666667,5.0,-1.0,0.0
67,238.9,24.3,46.7,25.0,136.0,87,1.0,1002,96,26.7,0.0,1.0,2023,8,4,23,4,216,31,-0.25881904510252157,0.9659258262890681,-0.8660254037844385,-0.5000000000000004,-0.433883739117558,-0.9009688679024191,2,3,0,16.0,11.0,18.0,22.0,27.0,20.0,15.666666666666666,4.509249752824792,20.0,11.0,17.5,4.037325847635463,23.0,11.0,19.083333333333332,3.396745322786726,23.0,11.0,20.75,4.445319962074115,31.0,11.0,26.7,26.7,27.7,96.0,94.0,91.0,1.0,0.33,0.8,1002.0,1001.0,1000.0,2563.2,96.0,26.7,87.0,0.7999680012799487,9.830871157565532,1.9217316159828812,25.631999999999998,26.2,0.02664667999333334,712.89,9216,1.0,1004004,490.9,81.81666666666666,4.0,2.0,0.0
69,209.3,23.7,37.3,26.3,127.0,87,0.5,1001,95,26.7,0.0,1.0,2023,8,5,0,5,217,31,0.0,1.0,-0.8660254037844385,-0.5000000000000004,-0.9749279121818236,-0.2225209339563146,2,3,1,20.0,16.0,11.0,23.0,21.0,16.0,19.0,2.645751311067645,21.0,16.0,17.166666666666668,3.5449494589700383,21.0,11.0,19.083333333333332,3.396745322786726,23.0,11.0,20.958333333333332,4.328662477091164,31.0,11.0,26.7,26.7,27.2,96.0,95.0,92.0,1.0,0.66,0.8,1002.0,1002.0,1000.0,2536.5,95.0,26.7,43.5,0.79844872818524,8.83085101894435,1.573773258512299,25.365,26.2,0.0266733000266733,712.89,9025,1.0,1002001,444.6,74.10000000000001,1.0,10.0,0.0
54,179.7,23.0,28.0,17.5,118.0,87,1.0,1001,95,26.7,0.0,1.0,2023,8,5,1,5,217,31,0.25881904510252074,0.9659258262890683,-0.8660254037844385,-0.5000000000000004,-0.9749279121818236,-0.2225209339563146,2,3,1,21.0,20.0,16.0,17.0,22.0,26.0,18.333333333333332,3.7859388972023416,21.0,14.0,16.666666666666668,3.777124126455445,21.0,11.0,18.416666666666668,3.553700589355086,23.0,11.0,20.458333333333332,4.413213033081387,31.0,11.0,26.7,26.7,26.7,95.0,96.0,93.0,1.0,1.0,0.8,1001.0,1002.0,1001.0,2536.5,95.0,26.7,87.0,0.7999542883263813,7.812703795487152,1.217338376592322,25.365,26.2,0.0266733000266733,712.89,9025,1.0,1002001,380.2,63.36666666666667,-7.0,-2.0,0.0
80,152.1,20.7,27.3,32.5,103.7,91,0.0,1001,95,26.7,0.0,0.66,2023,8,5,2,5,217,31,0.49999999999999994,0.8660254037844387,-0.8660254037844385,-0.5000000000000004,-0.9749279121818236,-0.2225209339563146,2,3,1,14.0,21.0,20.0,18.0,22.0,24.0,20.333333333333332,6.0277137733430175,26.0,14.0,18.0,5.4037024344411835,26.0,11.0,18.75,4.070403151799165,26.0,11.0,20.541666666666668,4.501006328701574,31.0,11.0,26.7,26.7,26.7,95.0,96.0,94.0,1.0,1.0,0.33,1001.0,1002.0,1001.0,2536.5,62.7,17.622,0.0,0.7999753853727578,7.347471136660064,1.3187768706825758,25.365,26.37,0.0266733000266733,712.89,9025,0.43560000000000004,1002001,362.3,60.38333333333333,12.0,6.0,0.0
93,124.5,18.3,26.7,40.0,89.3,95,0.0,1000,95,26.7,0.0,0.33,2023,8,5,3,5,217,31,0.7071067811865476,0.7071067811865476,-0.8660254037844385,-0.5000000000000004,-0.9749279121818236,-0.2225209339563146,2,3,1,26.0,14.0,21.0,11.0,19.0,23.0,24.0,9.165151389912484,32.0,14.0,21.5,6.625707509389975,32.0,14.0,19.833333333333332,5.589492306320749,32.0,11.0,20.916666666666668,5.055489196357762,32.0,11.0,26.7,26.7,26.7,95.0,95.0,95.0,0.66,1.0,0.66,1001.0,1001.0,1002.0,2536.5,31.35,8.811,0.0,0.7999800004999875,6.802906944975684,1.4589366701273152,25.365,26.535,0.0266999733000267,712.89,9025,0.10890000000000001,1000000,330.8,55.13333333333333,6.0,11.0,0.0
100,96.9,16.0,26.0,43.8,75.0,100,0.0,1000,95,26.7,0.0,0.4,2023,8,5,4,5,217,31,0.8660254037844386,0.5000000000000001,-0.8660254037844385,-0.5000000000000004,-0.9749279121818236,-0.2225209339563146,2,3,1,32.0,26.0,14.0,16.0,18.0,27.0,31.0,4.582575694957229,35.0,26.0,24.666666666666668,7.89092305542605,35.0,14.0,21.25,7.046920668567606,35.0,11.0,21.25,5.697062553555812,35.0,11.0,26.7,26.7,26.7,95.0,95.0,96.0,0.33,1.0,1.0,1000.0,1001.0,1002.0,2536.5,38.0,10.68,0.0,0.7990685144174792,6.055871508030748,1.6248984438472593,25.365,26.5,0.0266999733000267,712.89,9025,0.16000000000000003,1000000,292.7,48.78333333333333,3.0,21.0,0.0
85,110.1,15.7,29.3,35.0,75.3,100,0.0,1000,95,26.6,0.0,0.33,2023,8,5,5,5,217,31,0.9659258262890683,0.25881904510252074,-0.8660254037844385,-0.5000000000000004,-0.9749279121818236,-0.2225209339563146,2,3,1,35.0,32.0,26.0,20.0,22.0,21.0,31.666666666666668,3.5118845842860305,35.0,28.0,26.0,7.615773105863131,35.0,14.0,21.75,7.312815649752635,35.0,11.0,21.541666666666668,5.860547286111697,35.0,11.0,26.7,26.7,26.7,95.0,95.0,96.0,0.4,0.66,1.0,1000.0,1001.0,1002.0,2527.0,31.35,8.778,0.0,0.7999771435101855,7.012292210687217,1.8661231768677156,25.27,26.435000000000002,0.0265999734000266,707.5600000000001,9025,0.10890000000000001,1000000,293.4,48.9,-7.0,2.0,-0.09999999999999787
74,123.3,15.3,32.7,28.8,75.7,100,0.0,1000,95,26.6,0.6,0.66,2023,8,5,6,5,217,31,1.0,6.123233995736766e-17,-0.8660254037844385,-0.5000000000000004,-0.9749279121818236,-0.2225209339563146,2,0,1,28.0,35.0,32.0,21.0,23.0,22.0,28.666666666666668,6.0277137733428185,35.0,23.0,26.333333333333332,7.393691004272151,35.0,14.0,21.75,7.312815649752635,35.0,11.0,21.583333333333332,5.867498294152425,35.0,11.0,26.6,26.7,26.7,95.0,95.0,95.0,0.33,0.33,1.0,1000.0,1000.0,1001.0,2527.0,62.7,17.556,0.0,0.7985833825214401,8.058296843343571,2.1371152212273707,25.27,26.270000000000003,0.0265999734000266,707.5600000000001,9025,0.43560000000000004,1000000,298.8,49.800000000000004,-5.0,-9.0,0.0
67,136.6,15.0,36.0,25.0,76.0,100,0.5,1001,94,26.5,0.8,1.0,2023,8,5,7,5,217,31,0.9659258262890683,-0.25881904510252063,-0.8660254037844385,-0.5000000000000004,-0.9749279121818236,-0.2225209339563146,2,0,1,23.0,28.0,35.0,14.0,17.0,15.0,23.666666666666668,4.04145188432921,28.0,20.0,27.333333333333332,5.573747990953238,35.0,20.0,22.0,7.185844671043059,35.0,11.0,21.791666666666668,5.710243782709164,35.0,11.0,26.6,26.7,26.7,95.0,95.0,95.0,0.66,0.4,1.0,1000.0,1000.0,1001.0,2491.0,94.0,26.5,50.0,0.7999680012799487,9.106059596026931,2.399840010665956,24.91,26.0,0.0264735000264735,702.25,8836,1.0,1002001,308.6,51.43333333333334,-3.0,-15.0,-0.10000000000000142
61,121.4,13.3,48.3,21.3,77.7,100,0.0,1001,94,26.5,1.2,1.0,2023,8,5,8,5,217,31,0.8660254037844387,-0.4999999999999998,-0.8660254037844385,-0.5000000000000004,-0.9749279121818236,-0.2225209339563146,2,0,1,20.0,23.0,28.0,26.0,18.0,18.0,20.0,3.0000000000026392,23.0,17.0,25.833333333333332,7.026141662865528,35.0,17.0,21.916666666666668,7.242028009954393,35.0,11.0,21.75,5.74267018638219,35.0,11.0,26.5,26.6,26.7,94.0,95.0,95.0,1.0,0.33,0.66,1001.0,1000.0,1001.0,2491.0,94.0,26.5,0.0,0.7980845969672785,9.127133298248252,3.631305916848357,24.91,26.0,0.0264735000264735,702.25,8836,1.0,1002001,299.0,49.833333333333336,-3.0,-11.0,0.0
87,106.2,11.7,60.7,36.3,79.3,100,0.5,1001,94,26.6,2.2,1.0,2023,8,5,9,5,217,31,0.7071067811865476,-0.7071067811865475,-0.8660254037844385,-0.5000000000000004,-0.9749279121818236,-0.2225209339563146,2,0,1,17.0,20.0,23.0,32.0,11.0,19.0,22.0,6.24499799839962,29.0,17.0,25.333333333333332,6.5929255013730135,35.0,17.0,23.416666666666668,6.612087187090854,35.0,14.0,22.166666666666668,5.895220368095124,35.0,11.0,26.5,26.6,26.7,94.0,95.0,95.0,1.0,0.66,0.33,1001.0,1000.0,1000.0,2500.4,94.0,26.6,50.0,0.798876064020275,9.076147337834374,5.18759080420477,25.004,26.1,0.026573400026573404,707.5600000000001,8836,1.0,1002001,323.20000000000005,53.866666666666674,12.0,6.0,0.10000000000000142
69,91.0,10.0,73.0,26.3,81.0,100,0.0,1002,94,26.6,4.1,1.0,2023,8,5,10,5,217,31,0.49999999999999994,-0.8660254037844387,-0.8660254037844385,-0.5000000000000004,-0.9749279121818236,-0.2225209339563146,2,0,1,29.0,17.0,20.0,35.0,16.0,31.0,22.333333333333332,6.110100926609028,29.0,17.0,23.0,4.690415759822062,29.0,17.0,23.833333333333332,6.249848483011415,35.0,14.0,21.75,5.589197655726647,35.0,11.0,26.6,26.5,26.7,94.0,94.0,95.0,1.0,1.0,0.4,1001.0,1001.0,1000.0,2500.4,94.0,26.6,0.0,0.79844872818524,9.099090090990902,7.299270072992701,25.004,26.1,0.02654687969373284,707.5600000000001,8836,1.0,1004004,302.3,50.38333333333333,-8.0,1.0,0.0
67,87.9,8.7,81.3,25.0,83.3,100,1.5,1001,94,26.8,5.0,1.33,2023,8,5,11,5,217,31,0.258819045102521,-0.9659258262890682,-0.8660254037844385,-0.5000000000000004,-0.9749279121818236,-0.2225209339563146,2,0,1,21.0,29.0,17.0,28.0,20.0,27.0,23.333333333333332,4.932882862317756,29.0,20.0,21.666666666666668,4.082482904637004,29.0,17.0,23.833333333333332,6.249848483011415,35.0,14.0,21.458333333333332,5.48499270077306,35.0,11.0,26.6,26.5,26.6,94.0,94.0,95.0,1.0,1.0,0.33,1002.0,1001.0,1000.0,2519.2000000000003,125.02000000000001,35.644000000000005,150.0,0.7999680012799487,10.102287093437537,9.343753591541203,25.192000000000004,26.135,0.026773200026773202,718.24,8836,1.7689000000000001,1002001,306.2,51.03333333333333,-1.0,3.0,0.1999999999999993
61,84.8,7.3,89.7,21.3,85.7,100,2.0,1001,94,27.0,6.5,1.66,2023,8,5,12,5,217,31,1.2246467991473532e-16,-1.0,-0.8660254037844385,-0.5000000000000004,-0.9749279121818236,-0.2225209339563146,2,1,1,20.0,21.0,29.0,23.0,21.0,21.0,19.333333333333332,2.0816659994699798,21.0,17.0,20.666666666666668,4.412104562071604,29.0,17.0,23.5,6.515715268068389,35.0,14.0,21.291666666666668,5.559787035854468,35.0,11.0,26.8,26.6,26.6,94.0,94.0,95.0,1.33,1.0,0.66,1001.0,1001.0,1000.0,2538.0,156.04,44.82,200.0,0.7980845969672785,11.614847281194356,12.285988220791673,25.38,26.17,0.026973000026973,729.0,8836,2.7556,1002001,305.8,50.96666666666667,-3.0,-12.0,0.1999999999999993
65,81.7,6.0,98.0,23.8,88.0,100,2.0,1001,94,27.2,6.1,2.0,2023,8,5,13,5,217,31,-0.2588190451025208,-0.9659258262890683,-0.8660254037844385,-0.5000000000000004,-0.9749279121818236,-0.2225209339563146,2,1,1,17.0,20.0,21.0,20.0,14.0,22.0,18.666666666666668,1.5275252316572516,20.0,17.0,20.5,4.460941604637561,29.0,17.0,23.916666666666668,5.991787308600761,35.0,17.0,21.166666666666668,5.5768673352841835,35.0,11.0,27.0,26.6,26.5,94.0,94.0,94.0,1.66,1.0,1.0,1001.0,1002.0,1001.0,2556.7999999999997,188.0,54.4,200.0,0.7982857863114995,13.614397600399933,16.330611564739208,25.567999999999998,26.2,0.0271728000271728,739.8399999999999,8836,4.0,1002001,316.5,52.75,2.0,-2.0,0.1999999999999993
43,84.8,7.3,93.0,12.5,92.7,95,1.5,1000,87,28.0,3.2,2.0,2023,8,5,14,5,217,31,-0.4999999999999997,-0.8660254037844388,-0.8660254037844385,-0.5000000000000004,-0.9749279121818236,-0.2225209339563146,2,1,1,19.0,17.0,20.0,17.0,26.0,22.0,15.333333333333334,4.725815626254423,19.0,10.0,19.333333333333332,6.153589738246499,29.0,10.0,22.583333333333332,7.15361743625116,35.0,10.0,20.666666666666668,6.0192926542882255,35.0,10.0,27.2,26.8,26.5,94.0,94.0,94.0,2.0,1.33,1.0,1001.0,1001.0,1001.0,2436.0,174.0,56.0,142.5,0.7999360051195905,11.614847281194356,12.73798109847966,24.36,27.0,0.027999972000028,784.0,7569,4.0,1000000,300.3,50.050000000000004,-9.0,-10.0,0.8000000000000007
50,87.9,8.7,88.0,15.0,97.3,91,0.75,999,81,28.9,2.0,2.0,2023,8,5,15,5,217,31,-0.7071067811865471,-0.7071067811865479,-0.8660254037844385,-0.5000000000000004,-0.9749279121818236,-0.2225209339563146,2,1,1,10.0,19.0,17.0,29.0,32.0,19.0,13.666666666666666,4.725815626254473,19.0,10.0,16.5,4.505552130425858,21.0,10.0,20.916666666666668,7.0897920643095,35.0,10.0,20.375,6.268017507813609,35.0,10.0,28.0,27.0,26.6,87.0,94.0,94.0,2.0,1.66,1.0,1000.0,1001.0,1001.0,2340.9,162.0,57.8,68.25,0.7999466702219852,10.102287093437537,10.113780025284452,23.409000000000002,27.9,0.0289288999710711,835.2099999999999,6561,4.0,998001,308.90000000000003,51.48333333333334,2.0,-5.0,0.8999999999999986
52,91.0,10.0,83.0,16.3,102.0,87,0.25,999,76,29.7,1.3,2.0,2023,8,5,16,5,217,31,-0.8660254037844385,-0.5000000000000004,-0.8660254037844385,-0.5000000000000004,-0.9749279121818236,-0.2225209339563146,2,1,1,12.0,10.0,19.0,21.0,35.0,18.0,11.666666666666666,1.5275252316579035,13.0,10.0,15.166666666666666,4.070217029428677,20.0,10.0,19.083333333333332,5.853644293527429,29.0,10.0,20.166666666666668,6.431354355077683,35.0,10.0,28.9,27.2,26.6,81.0,94.0,94.0,2.0,2.0,1.0,999.0,1001.0,1002.0,2257.2,152.0,59.4,21.75,0.7974970860683392,9.099090090990902,8.2991700829917,22.572,28.7,0.0297296999702703,882.0899999999999,5776,4.0,998001,315.3,52.550000000000004,1.0,-6.0,0.8000000000000007
56,102.1,11.7,77.0,18.8,98.0,91,0.25,999,80,29.0,0.8,2.0,2023,8,5,17,5,217,31,-0.9659258262890683,-0.25881904510252063,-0.8660254037844385,-0.5000000000000004,-0.9749279121818236,-0.2225209339563146,2,1,1,13.0,12.0,10.0,20.0,28.0,22.0,13.333333333333334,1.5275252316577481,15.0,12.0,14.333333333333334,3.3266599866308724,19.0,10.0,18.0,5.222329678670445,29.0,10.0,19.875,6.502925762936074,35.0,10.0,29.7,28.0,26.8,76.0,87.0,94.0,2.0,2.0,1.33,999.0,1000.0,1001.0,2320.0,160.0,58.0,22.75,0.7978299026647518,8.725749935902915,6.580634133834716,23.2,28.0,0.029028999970971,841.0,6400,4.0,998001,322.6,53.76666666666667,2.0,5.0,-0.6999999999999993
52,113.2,13.3,71.0,16.3,94.0,95,0.5,999,84,28.4,0.6,2.0,2023,8,5,18,5,217,31,-1.0,-1.8369701987210297e-16,-0.8660254037844385,-0.5000000000000004,-0.9749279121818236,-0.2225209339563146,2,2,1,15.0,13.0,12.0,17.0,23.0,23.0,13.666666666666666,1.1547005383868851,15.0,13.0,13.666666666666666,3.0767948691212235,19.0,10.0,17.166666666666668,5.149286505443888,29.0,10.0,19.458333333333332,6.613419602639498,35.0,10.0,29.0,28.9,27.0,80.0,81.0,94.0,2.0,2.0,1.66,999.0,999.0,1001.0,2385.6,168.0,56.8,47.5,0.7974970860683392,8.51063829787234,5.3379445154499665,23.855999999999998,27.4,0.0284283999715716,806.56,7056,4.0,998001,320.8,53.46666666666667,-2.0,1.0,-0.6000000000000014
52,124.3,15.0,65.0,16.3,90.0,100,0.0,999,89,27.7,0.0,2.0,2023,8,5,19,5,217,31,-0.9659258262890684,0.2588190451025203,-0.8660254037844385,-0.5000000000000004,-0.9749279121818236,-0.2225209339563146,2,2,1,13.0,15.0,13.0,19.0,20.0,17.0,13.666666666666666,1.1547005383868851,15.0,13.0,12.666666666666666,1.6329931618504545,15.0,10.0,16.583333333333332,5.195423393951578,29.0,10.0,19.291666666666668,6.727485263529835,35.0,10.0,28.4,29.7,27.2,84.0,76.0,94.0,2.0,2.0,2.0,999.0,999.0,1001.0,2465.2999999999997,178.0,55.4,0.0,0.7974970860683392,8.286114259049397,4.33304446370242,24.653,26.7,0.0277276999722723,767.29,7921,4.0,998001,323.6,53.93333333333334,0.0,0.0,-0.6999999999999993
56,128.0,15.3,52.3,18.8,86.7,87,0.0,999,89,27.5,0.0,1.33,2023,8,5,20,5,217,31,-0.8660254037844386,0.5000000000000001,-0.8660254037844385,-0.5000000000000004,-0.9749279121818236,-0.2225209339563146,2,2,1,13.0,13.0,15.0,10.0,17.0,18.0,13.666666666666666,1.1547005383868851,15.0,13.0,13.5,1.224744871385042,15.0,12.0,16.416666666666668,5.212891944423704,29.0,10.0,19.166666666666668,6.780192806458395,35.0,10.0,27.7,29.0,28.0,89.0,80.0,87.0,2.0,2.0,2.0,999.0,999.0,1000.0,2447.5,118.37,36.575,0.0,0.7978299026647518,8.365466309391543,3.4180772498529506,24.475,26.835,0.027527499972472502,756.25,7921,1.7689000000000001,998001,316.1,52.68333333333334,2.0,0.0,-0.1999999999999993
65,131.7,15.7,39.7,23.8,83.3,75,0.0,1000,90,27.4,0.0,0.66,2023,8,5,21,5,217,31,-0.7071067811865477,0.7071067811865474,-0.8660254037844385,-0.5000000000000004,-0.9749279121818236,-0.2225209339563146,2,2,1,15.0,13.0,13.0,12.0,29.0,11.0,15.666666666666666,3.055050463306685,19.0,13.0,14.666666666666666,2.338090388896679,19.0,13.0,15.583333333333334,3.553700589355146,21.0,10.0,19.5,6.554122499551493,35.0,10.0,27.5,28.4,28.9,89.0,84.0,81.0,1.33,2.0,2.0,999.0,999.0,999.0,2466.0,59.400000000000006,18.084,0.0,0.7982857863114995,8.38800076428253,2.528501369339533,24.66,27.07,0.0273999726000274,750.7599999999999,8100,0.43560000000000004,1000000,313.2,52.199999999999996,4.0,6.0,-0.10000000000000142
54,135.4,16.0,27.0,17.5,80.0,62,0.0,1000,90,27.2,0.0,1.2,2023,8,5,22,5,217,31,-0.5000000000000004,0.8660254037844384,-0.8660254037844385,-0.5000000000000004,-0.9749279121818236,-0.2225209339563146,2,3,1,19.0,15.0,13.0,13.0,21.0,16.0,16.0,2.6457513110677966,19.0,14.0,14.833333333333334,2.2286019533894073,19.0,13.0,15.0,3.133397807201814,20.0,10.0,19.416666666666668,6.613008699371842,35.0,10.0,27.4,27.7,29.7,90.0,89.0,76.0,0.66,2.0,2.0,1000.0,999.0,999.0,2448.0,108.0,32.64,0.0,0.7999542883263813,8.461971126804574,1.6873945378413848,24.48,26.599999999999998,0.0271999728000272,739.8399999999999,8100,1.44,1000000,289.9,48.31666666666666,-5.0,1.0,-0.1999999999999993
59,121.6,15.3,25.0,20.0,74.7,66,0.0,999,90,27.0,0.0,0.33,2023,8,5,23,5,217,31,-0.25881904510252157,0.9659258262890681,-0.8660254037844385,-0.5000000000000004,-0.9749279121818236,-0.2225209339563146,2,3,1,14.0,19.0,15.0,15.0,20.0,20.0,16.333333333333332,2.516611478426935,19.0,14.0,15.0,2.2803508501948713,19.0,13.0,14.666666666666666,2.7413776673685217,19.0,10.0,19.25,6.647981059984272,35.0,10.0,27.2,27.5,29.0,90.0,89.0,80.0,1.2,1.33,2.0,1000.0,999.0,999.0,2430.0,29.700000000000003,8.91,0.0,0.7999600019998999,7.947192993921965,1.6338801385530357,24.3,26.835,0.027026999972973,729.0,8100,0.10890000000000001,998001,272.6,45.43333333333334,2.0,1.0,-0.1999999999999993
54,107.8,14.7,23.0,17.5,69.3,70,0.0,999,90,26.7,0.0,0.66,2023,8,6,0,6,218,31,0.0,1.0,-0.8660254037844385,-0.5000000000000004,-0.7818314824680299,0.6234898018587334,2,3,1,16.0,14.0,19.0,13.0,17.0,21.0,14.666666666666666,1.1547005383867615,16.0,14.0,15.166666666666666,2.1369760566396603,19.0,13.0,14.416666666666666,2.6443192398838007,19.0,10.0,18.958333333333332,6.721019375754827,35.0,10.0,27.0,27.4,28.4,90.0,90.0,84.0,0.33,0.66,2.0,999.0,1000.0,999.0,2403.0,59.400000000000006,17.622,0.0,0.7999542883263813,7.33283450105435,1.5645194204475887,24.03,26.37,0.0267266999732733,712.89,8100,0.43560000000000004,998001,246.3,41.050000000000004,-2.0,-5.0,-0.3000000000000007
59,94.0,14.0,21.0,20.0,64.0,75,0.0,998,90,26.5,0.0,1.0,2023,8,6,1,6,218,31,0.25881904510252074,0.9659258262890683,-0.8660254037844385,-0.5000000000000004,-0.7818314824680299,0.6234898018587334,2,3,1,14.0,16.0,14.0,13.0,19.0,14.0,15.333333333333334,1.1547005383866793,16.0,14.0,15.666666666666666,1.8618986724984157,19.0,14.0,14.166666666666666,2.2896340848309533,19.0,10.0,19.041666666666668,6.669066597010319,35.0,10.0,26.7,27.2,27.7,90.0,90.0,89.0,0.66,1.2,2.0,999.0,1000.0,999.0,2385.0,90.0,26.5,0.0,0.7999600019998999,6.713806156703093,1.4998928647953718,23.85,26.0,0.026553079606132658,702.25,8100,1.0,996004,229.0,38.166666666666664,2.0,2.0,-0.1999999999999993
102,87.0,13.3,22.0,45.0,62.0,79,0.0,998,92,26.3,0.0,0.66,2023,8,6,2,6,218,31,0.49999999999999994,0.8660254037844387,-0.8660254037844385,-0.5000000000000004,-0.7818314824680299,0.6234898018587334,2,3,1,16.0,14.0,16.0,15.0,10.0,26.0,22.0,12.165525060597068,36.0,14.0,19.166666666666668,8.447879418330528,36.0,14.0,16.333333333333332,6.471382223202628,36.0,12.0,19.458333333333332,7.395528417882444,36.0,10.0,26.5,27.0,27.5,90.0,90.0,89.0,1.0,0.33,1.33,998.0,999.0,999.0,2419.6,60.720000000000006,17.358,0.0,0.7999822226172753,6.540861589354184,1.6540109766182993,24.195999999999998,25.970000000000002,0.02635267900533166,691.69,8464,0.43560000000000004,996004,265.3,44.21666666666667,20.0,20.0,-0.1999999999999993
69,80.0,12.7,23.0,26.3,60.0,83,0.0,998,94,26.2,0.0,0.33,2023,8,6,3,6,218,31,0.7071067811865476,0.7071067811865476,-0.8660254037844385,-0.5000000000000004,-0.7818314824680299,0.6234898018587334,2,3,1,36.0,16.0,14.0,19.0,12.0,32.0,24.333333333333332,10.408329997331366,36.0,16.0,19.5,8.479386770279204,36.0,14.0,17.083333333333332,6.444988656923595,36.0,13.0,19.0,6.909350941642716,36.0,10.0,26.3,26.7,27.4,92.0,90.0,90.0,0.66,0.66,0.66,998.0,999.0,1000.0,2462.7999999999997,31.020000000000003,8.646,0.0,0.79844872818524,6.298716636485317,1.8108810329895286,24.627999999999997,26.035,0.026252478704931158,686.4399999999999,8836,0.10890000000000001,996004,223.0,37.166666666666664,-15.0,7.0,-0.10000000000000142
74,73.0,12.0,24.0,28.8,58.0,87,0.25,998,96,26.0,0.0,1.2,2023,8,6,4,6,218,31,0.8660254037844386,0.5000000000000001,-0.8660254037844385,-0.5000000000000004,-0.7818314824680299,0.6234898018587334,2,3,1,21.0,36.0,16.0,14.0,13.0,35.0,26.666666666666668,8.144527815247933,36.0,21.0,21.0,8.0993826925258,36.0,14.0,17.916666666666668,6.515133897086428,36.0,13.0,18.5,6.0863353720334725,36.0,10.0,26.2,26.5,27.2,94.0,90.0,90.0,0.33,1.0,1.2,998.0,998.0,1000.0,2496.0,115.19999999999999,31.2,21.75,0.7985833825214401,6.082826431130739,1.999833347221065,24.96,25.4,0.026052078104130155,676.0,9216,1.44,996004,218.8,36.46666666666667,2.0,7.0,-0.1999999999999993
91,81.9,11.3,28.3,38.8,58.7,87,0.5,998,95,26.2,0.0,0.33,2023,8,6,5,6,218,31,0.9659258262890683,0.25881904510252074,-0.8660254037844385,-0.5000000000000004,-0.7818314824680299,0.6234898018587334,2,3,1,23.0,21.0,36.0,16.0,15.0,28.0,25.0,5.291502622130541,31.0,21.0,23.5,8.54985379991888,36.0,14.0,19.25,7.43609134864878,36.0,13.0,18.625,6.316386556444364,36.0,10.0,26.0,26.3,27.0,96.0,92.0,90.0,1.2,0.66,0.33,998.0,998.0,999.0,2489.0,31.35,8.646,43.5,0.7989484807092602,7.247146270241572,2.504203167861251,24.89,26.035,0.026252478704931158,686.4399999999999,9025,0.10890000000000001,996004,250.0,41.666666666666664,8.0,-5.0,0.1999999999999993
56,90.8,10.7,32.7,18.8,59.3,87,0.5,998,94,26.3,0.6,0.66,2023,8,6,6,6,218,31,1.0,6.123233995736766e-17,-0.8660254037844385,-0.5000000000000004,-0.7818314824680299,0.6234898018587334,2,0,1,31.0,23.0,21.0,14.0,13.0,23.0,23.0,8.000000000000934,31.0,15.0,23.666666666666668,8.334666560016306,36.0,15.0,19.416666666666668,7.304523297659832,36.0,13.0,18.291666666666668,6.286487694748797,36.0,10.0,26.2,26.2,26.7,95.0,94.0,90.0,0.33,0.33,0.66,998.0,998.0,999.0,2472.2000000000003,62.040000000000006,17.358,43.5,0.7978299026647518,8.485188300158864,3.0557891785814415,24.722,25.970000000000002,0.02635267900533166,691.69,8836,0.43560000000000004,996004,227.3,37.88333333333333,-16.0,-6.0,0.10000000000000142
54,99.8,10.0,37.0,17.5,60.0,87,0.0,999,93,26.5,0.8,1.0,2023,8,6,7,6,218,31,0.9659258262890683,-0.25881904510252063,-0.8660254037844385,-0.5000000000000004,-0.7818314824680299,0.6234898018587334,2,0,1,15.0,31.0,23.0,16.0,13.0,20.0,20.0,9.539392014170286,31.0,14.0,23.333333333333332,8.73307887669944,36.0,14.0,19.5,7.229988054811842,36.0,14.0,18.041666666666668,6.33471571488428,36.0,10.0,26.3,26.0,26.5,94.0,96.0,90.0,0.66,1.2,1.0,998.0,998.0,998.0,2464.5,93.0,26.5,0.0,0.7999542883263813,9.979002099790021,3.6996300369963007,24.645,26.0,0.0265264999734735,702.25,8649,1.0,998001,238.3,39.71666666666667,-1.0,-9.0,0.1999999999999993
67,98.6,9.3,55.7,25.0,67.3,87,0.5,999,91,27.4,1.2,0.66,2023,8,6,8,6,218,31,0.8660254037844387,-0.4999999999999998,-0.8660254037844385,-0.5000000000000004,-0.7818314824680299,0.6234898018587334,2,0,1,14.0,15.0,31.0,36.0,15.0,17.0,16.333333333333332,3.214550253666945,20.0,14.0,20.666666666666668,6.153589738246535,31.0,14.0,19.916666666666668,7.089792064309511,36.0,14.0,18.166666666666668,6.342860873294253,36.0,10.0,26.5,26.2,26.3,93.0,95.0,92.0,1.0,0.33,0.66,999.0,998.0,998.0,2493.4,60.06,18.084,43.5,0.7999680012799487,10.601010644016771,5.988603375981078,24.934,27.07,0.0274273999725726,750.7599999999999,8281,0.43560000000000004,998001,275.9,45.98333333333333,6.0,-11.0,0.8999999999999986
61,97.5,8.7,74.3,21.3,74.7,87,0.5,999,88,28.3,1.9,0.33,2023,8,6,9,6,218,31,0.7071067811865476,-0.7071067811865475,-0.8660254037844385,-0.5000000000000004,-0.7818314824680299,0.6234898018587334,2,0,1,20.0,14.0,15.0,21.0,19.0,29.0,17.0,3.0000000000027827,20.0,14.0,20.0,6.324555320335666,31.0,14.0,19.75,7.1366531498884545,36.0,14.0,17.666666666666668,5.909952303689088,36.0,10.0,27.4,26.3,26.2,91.0,94.0,94.0,0.66,0.66,0.33,999.0,998.0,998.0,2490.4,29.040000000000003,9.339,43.5,0.7980845969672785,11.205608550741296,8.539248362257213,24.904,28.135,0.028328299971671703,800.89,7744,0.10890000000000001,998001,293.5,48.916666666666664,-3.0,2.0,0.9000000000000021
52,96.3,8.0,93.0,16.3,82.0,87,0.5,999,86,29.2,2.8,1.2,2023,8,6,10,6,218,31,0.49999999999999994,-0.8660254037844387,-0.8660254037844385,-0.5000000000000004,-0.7818314824680299,0.6234898018587334,2,0,1,17.0,20.0,14.0,23.0,14.0,21.0,16.666666666666668,3.511884584286636,20.0,13.0,18.333333333333332,6.683312551920065,31.0,13.0,19.666666666666668,7.215303601415584,36.0,13.0,17.333333333333332,5.939306552017358,36.0,10.0,28.3,26.5,26.0,88.0,93.0,96.0,0.33,1.0,1.2,999.0,999.0,998.0,2511.2,103.2,35.04,43.5,0.7974970860683392,12.03599550056243,11.623547056617923,25.112,28.599999999999998,0.0292291999707708,852.64,7396,1.44,998001,308.6,51.43333333333334,-4.0,-1.0,0.8999999999999986
54,93.0,7.0,104.7,17.5,82.3,87,0.5,998,81,30.0,3.6,0.33,2023,8,6,11,6,218,31,0.258819045102521,-0.9659258262890682,-0.8660254037844385,-0.5000000000000004,-0.7818314824680299,0.6234898018587334,2,0,1,13.0,17.0,20.0,31.0,16.0,20.0,14.666666666666666,2.0816659994702995,17.0,13.0,15.5,2.5884358211060023,20.0,13.0,19.5,7.329888998290996,36.0,13.0,17.083333333333332,5.948450047786409,36.0,10.0,29.2,27.4,26.2,86.0,91.0,95.0,1.2,0.66,0.33,999.0,999.0,998.0,2430.0,26.73,9.9,43.5,0.7999542883263813,13.28381659762891,14.955006427653192,24.3,29.835,0.030060090120150183,900.0,6561,0.10890000000000001,996004,318.5,53.083333333333336,1.0,-6.0,0.8000000000000007
54,89.7,6.0,116.3,16.3,82.7,87,1.0,998,76,30.8,3.9,0.66,2023,8,6,12,6,218,31,1.2246467991473532e-16,-1.0,-0.8660254037844385,-0.5000000000000004,-0.7818314824680299,0.6234898018587334,2,1,1,14.0,13.0,17.0,15.0,14.0,17.0,13.333333333333334,0.5773502692049729,14.0,13.0,15.166666666666666,2.7868739954743673,20.0,13.0,19.416666666666668,7.403418538796839,36.0,13.0,16.916666666666668,6.006638839228067,36.0,10.0,30.0,28.3,26.3,81.0,88.0,94.0,0.33,0.33,0.66,998.0,999.0,998.0,2340.8,50.160000000000004,20.328000000000003,87.0,0.7974970860683392,14.947508748541908,19.380103316113978,23.408,30.470000000000002,0.030861692523354186,948.6400000000001,5776,0.43560000000000004,996004,324.0,54.0,-1.0,-4.0,0.8000000000000007
60,86.4,5.0,128.0,13.8,83.0,87,0.5,997,72,31.6,3.6,1.0,2023,8,6,13,6,218,31,-0.2588190451025208,-0.9659258262890683,-0.8660254037844385,-0.5000000000000004,-0.7818314824680299,0.6234898018587334,2,1,1,13.0,14.0,13.0,14.0,16.0,19.0,12.666666666666666,1.5275252316578076,14.0,11.0,14.666666666666666,3.265986323708521,20.0,11.0,19.0,7.745966692414493,36.0,11.0,16.583333333333332,6.1071352899105475,36.0,10.0,30.8,29.2,26.5,76.0,86.0,93.0,0.66,1.2,1.0,998.0,999.0,999.0,2275.2000000000003,72.0,31.6,43.5,0.7970436924860518,17.276544691061787,25.59488102379524,22.752000000000002,31.1,0.031695053465342564,998.5600000000001,5184,1.0,994009,327.20000000000005,54.53333333333334,-2.0,-2.0,0.8000000000000007
76,89.3,6.7,111.0,30.0,84.7,87,0.0,997,69,31.4,2.9,0.66,2023,8,6,14,6,218,31,-0.4999999999999997,-0.8660254037844388,-0.8660254037844385,-0.5000000000000004,-0.7818314824680299,0.6234898018587334,2,1,1,11.0,13.0,14.0,20.0,36.0,10.0,16.0,7.000000000001213,24.0,11.0,15.333333333333334,4.6761807777984075,24.0,11.0,18.0,5.908391567007535,31.0,11.0,17.166666666666668,6.119581306128264,36.0,11.0,31.6,30.0,27.4,72.0,81.0,91.0,1.0,0.33,0.66,997.0,998.0,999.0,2166.6,45.54,20.724,0.0,0.7999733342221925,13.326369198627068,16.564691837039245,21.666,31.07,0.031494451861131534,985.9599999999999,4761,0.43560000000000004,994009,345.7,57.61666666666667,13.0,10.0,-0.20000000000000284
72,92.2,8.3,94.0,27.5,86.3,87,0.25,996,67,31.2,2.0,0.33,2023,8,6,15,6,218,31,-0.7071067811865471,-0.7071067811865479,-0.8660254037844385,-0.5000000000000004,-0.7818314824680299,0.6234898018587334,2,1,1,24.0,11.0,13.0,17.0,21.0,12.0,19.0,7.000000000001154,24.0,11.0,16.166666666666668,5.419102016630761,24.0,11.0,18.083333333333332,5.961365513695132,31.0,11.0,17.583333333333332,6.092880140442036,36.0,11.0,31.4,30.8,28.3,69.0,76.0,88.0,0.66,0.66,0.33,997.0,998.0,999.0,2090.4,22.11,10.296,21.75,0.7999709101487218,11.107095530658956,11.323936875075292,20.904,31.035,0.03132526975374523,973.4399999999999,4489,0.10890000000000001,992016,330.3,55.050000000000004,-2.0,9.0,-0.1999999999999993
65,95.1,10.0,77.0,23.8,88.0,87,0.5,995,65,31.0,1.2,1.6,2023,8,6,16,6,218,31,-0.8660254037844385,-0.5000000000000004,-0.8660254037844385,-0.5000000000000004,-0.7818314824680299,0.6234898018587334,2,1,1,22.0,24.0,11.0,13.0,23.0,13.0,21.666666666666668,2.516611478426647,24.0,19.0,17.166666666666668,5.269408568962167,24.0,11.0,17.75,5.7702213601775645,31.0,11.0,17.833333333333332,6.019292654288124,36.0,11.0,31.2,31.6,29.2,67.0,72.0,86.0,0.33,1.0,1.2,996.0,997.0,999.0,2015.0,104.0,49.6,43.5,0.7982857863114995,9.509049095090491,7.699230076992301,20.15,30.2,0.031155747582163235,961.0,4225,2.5600000000000005,990025,312.9,52.15,-3.0,8.0,-0.1999999999999993
72,116.9,13.0,71.7,27.5,90.0,91,1.5,996,70,30.2,0.8,1.6,2023,8,6,17,6,218,31,-0.9659258262890683,-0.25881904510252063,-0.8660254037844385,-0.5000000000000004,-0.7818314824680299,0.6234898018587334,2,1,1,19.0,22.0,24.0,14.0,31.0,15.0,21.0,1.732050807573383,22.0,19.0,18.5,5.319774431306807,24.0,11.0,17.0,4.285281363414933,24.0,11.0,18.125,6.045569703797512,36.0,11.0,31.0,31.4,30.0,65.0,69.0,81.0,1.6,0.66,0.33,995.0,997.0,998.0,2114.0,112.0,48.32,136.5,0.7999709101487218,8.99161602953619,5.514960387662488,21.14,29.4,0.030321254697535445,912.04,4900,2.5600000000000005,992016,341.1,56.85,3.0,-2.0,-0.8000000000000007
93,138.7,16.0,66.3,40.0,92.0,95,0.0,996,76,29.5,0.6,1.6,2023,8,6,18,6,218,31,-1.0,-1.8369701987210297e-16,-0.8660254037844385,-0.5000000000000004,-0.7818314824680299,0.6234898018587334,2,2,1,22.0,19.0,22.0,13.0,15.0,13.0,24.333333333333332,6.806859285555123,32.0,19.0,21.666666666666668,6.831300510638756,32.0,11.0,18.416666666666668,6.0220554227893235,32.0,11.0,18.916666666666668,6.566824834407685,36.0,11.0,30.2,31.2,30.8,70.0,67.0,76.0,1.6,0.33,0.66,996.0,996.0,998.0,2242.0,121.60000000000001,47.2,0.0,0.7999800004999875,8.668208236985187,4.143491031810512,22.42,28.7,0.0296184441581886,870.25,5776,2.5600000000000005,992016,385.0,64.16666666666667,10.0,10.0,-0.6999999999999993
87,160.5,19.0,61.0,36.3,94.0,100,0.0,996,82,28.7,0.0,1.6,2023,8,6,19,6,218,31,-0.9659258262890684,0.2588190451025203,-0.8660254037844385,-0.5000000000000004,-0.7818314824680299,0.6234898018587334,2,2,1,32.0,22.0,19.0,11.0,14.0,13.0,27.666666666666668,5.13160143944822,32.0,22.0,24.666666666666668,4.8853522561483995,32.0,19.0,19.666666666666668,6.555127532679405,32.0,11.0,19.583333333333332,6.749664511254575,36.0,11.0,29.5,31.0,31.6,76.0,65.0,72.0,1.6,1.6,1.0,996.0,995.0,997.0,2353.4,131.20000000000002,45.92,0.0,0.798876064020275,8.446923846113362,3.210357349613178,23.534000000000002,27.9,0.02881523211322077,823.6899999999999,6724,2.5600000000000005,992016,399.8,66.63333333333334,-3.0,10.0,-0.8000000000000007
78,178.0,20.3,50.3,31.3,95.7,100,0.0,996,83,28.5,0.0,1.6,2023,8,6,20,6,218,31,-0.8660254037844386,0.5000000000000001,-0.8660254037844385,-0.5000000000000004,-0.7818314824680299,0.6234898018587334,2,2,1,29.0,32.0,22.0,24.0,20.0,15.0,28.666666666666668,3.511884584286158,32.0,25.0,24.833333333333332,4.8751068364349015,32.0,19.0,20.083333333333332,6.7346908322546755,32.0,11.0,20.0,6.763071080121774,36.0,11.0,28.7,30.2,31.4,82.0,70.0,69.0,1.6,1.6,0.66,996.0,996.0,997.0,2365.5,132.8,45.6,0.0,0.7986965272674994,8.768040983202797,2.477710457612925,23.655,27.7,0.028614429101978815,812.25,6889,2.5600000000000005,992016,400.6,66.76666666666667,-4.0,3.0,-0.1999999999999993
67,195.5,21.7,39.7,25.0,97.3,100,0.0,997,84,28.3,0.0,2.0,2023,8,6,21,6,218,31,-0.7071067811865477,0.7071067811865474,-0.8660254037844385,-0.5000000000000004,-0.7818314824680299,0.6234898018587334,2,2,1,25.0,29.0,32.0,22.0,17.0,19.0,24.666666666666668,4.509249752824508,29.0,20.0,24.5,5.16720427310432,32.0,19.0,20.333333333333332,6.665151342935655,32.0,11.0,20.041666666666668,6.75972193064974,36.0,11.0,28.5,29.5,31.2,83.0,76.0,67.0,1.6,1.6,0.33,996.0,996.0,996.0,2377.2000000000003,168.0,56.6,0.0,0.7999680012799487,9.008801437721763,1.8294087830053916,23.772000000000002,27.3,0.02838512699586059,800.89,7056,4.0,994009,399.2,66.53333333333333,-5.0,-12.0,-0.1999999999999993
67,213.0,23.0,29.0,25.0,99.0,100,0.0,997,85,28.1,0.0,1.6,2023,8,6,22,6,218,31,-0.5000000000000004,0.8660254037844384,-0.8660254037844385,-0.5000000000000004,-0.7818314824680299,0.6234898018587334,2,3,1,20.0,25.0,29.0,19.0,13.0,14.0,21.666666666666668,2.886751345950797,25.0,20.0,24.666666666666668,4.966554808582531,32.0,20.0,20.916666666666668,6.258933010045473,32.0,11.0,20.291666666666668,6.636389580687958,36.0,11.0,28.3,28.7,31.0,84.0,82.0,65.0,2.0,1.6,1.6,997.0,996.0,995.0,2388.5,136.0,44.96000000000001,0.0,0.7999680012799487,9.260466936220164,1.260814747184905,23.885,27.3,0.02818452539164956,789.6100000000001,7225,2.5600000000000005,994009,409.0,68.16666666666667,0.0,-9.0,-0.1999999999999993
33,181.1,21.0,26.0,10.0,91.7,100,0.0,997,87,28.0,0.0,1.6,2023,8,6,23,6,218,31,-0.25881904510252157,0.9659258262890681,-0.8660254037844385,-0.5000000000000004,-0.7818314824680299,0.6234898018587334,2,3,1,20.0,20.0,25.0,22.0,14.0,16.0,16.0,6.928203230276737,20.0,8.0,22.333333333333332,8.50098033562327,32.0,8.0,20.416666666666668,7.051219537760223,32.0,8.0,19.958333333333332,7.049385829964693,36.0,8.0,28.1,28.5,30.2,85.0,83.0,70.0,1.6,1.6,1.6,997.0,996.0,996.0,2436.0,139.20000000000002,44.800000000000004,0.0,0.7999200079992002,8.623398885767344,1.2380362839864767,24.36,27.2,0.028084224589544043,784.0,7569,2.5600000000000005,994009,337.8,56.300000000000004,-12.0,-17.0,-0.10000000000000142
37,149.2,19.0,23.0,11.3,84.3,100,0.0,997,88,27.8,0.0,1.6,2023,8,7,0,0,219,32,0.0,1.0,-0.8660254037844385,-0.5000000000000004,0.0,1.0,2,3,0,8.0,20.0,20.0,32.0,13.0,14.0,12.333333333333334,6.65832811848075,20.0,8.0,18.5,8.455767262643032,29.0,8.0,20.083333333333332,7.513119837788045,32.0,8.0,19.75,7.302471291043774,36.0,8.0,28.0,28.3,29.5,87.0,84.0,76.0,1.6,2.0,1.6,997.0,997.0,996.0,2446.4,140.8,44.480000000000004,0.0,0.7963897000265463,7.852218304299773,1.2104626072311984,24.464000000000002,27.0,0.027883622985333013,772.84,7744,2.5600000000000005,994009,295.8,49.300000000000004,1.0,-11.0,-0.1999999999999993
89,117.3,17.0,20.0,37.5,77.0,100,0.0,997,89,27.7,0.0,1.6,2023,8,7,1,0,219,32,0.25881904510252074,0.9659258262890683,-0.8660254037844385,-0.5000000000000004,0.0,1.0,2,3,0,9.0,8.0,20.0,29.0,11.0,16.0,15.666666666666666,12.423096769056837,30.0,8.0,18.666666666666668,8.710147338974949,30.0,8.0,21.666666666666668,7.426406610973406,32.0,8.0,20.333333333333332,7.5450338787762306,36.0,8.0,27.8,28.1,28.7,88.0,85.0,82.0,1.6,1.6,1.6,997.0,997.0,996.0,2465.2999999999997,142.4,44.32,0.0,0.7999786672355405,6.899594141521086,1.176401388153638,24.653,26.9,0.0277833221832275,767.29,7921,2.5600000000000005,994009,298.8,49.800000000000004,21.0,10.0,-0.10000000000000142
72,103.7,15.7,21.0,27.5,74.3,95,0.0,997,90,27.5,0.0,2.0,2023,8,7,2,0,219,32,0.49999999999999994,0.8660254037844387,-0.8660254037844385,-0.5000000000000004,0.0,1.0,2,3,0,30.0,9.0,8.0,25.0,24.0,36.0,20.333333333333332,10.598742063723838,30.0,9.0,18.166666666666668,8.352644291878603,30.0,8.0,21.5,7.39164147103727,32.0,8.0,19.75,6.783932423781325,32.0,8.0,27.7,28.0,28.5,89.0,87.0,83.0,1.6,1.6,1.6,997.0,997.0,996.0,2475.0,180.0,55.0,0.0,0.7999709101487218,6.604674861473792,1.3374944271065539,24.75,26.5,0.02758272057901647,756.25,8100,4.0,994009,264.2,44.03333333333333,-8.0,14.0,-0.1999999999999993
67,90.1,14.3,22.0,25.0,71.7,91,0.0,997,90,27.4,0.0,1.6,2023,8,7,3,0,219,32,0.7071067811865476,0.7071067811865476,-0.8660254037844385,-0.5000000000000004,0.0,1.0,2,3,0,22.0,30.0,9.0,20.0,22.0,21.0,24.0,5.291502622130564,30.0,20.0,18.166666666666668,8.352644291878603,30.0,8.0,21.333333333333332,7.401883462192119,32.0,8.0,19.708333333333332,6.778990348490275,32.0,8.0,27.5,27.8,28.3,90.0,88.0,84.0,2.0,1.6,2.0,997.0,997.0,997.0,2466.0,144.0,43.84,0.0,0.7999680012799487,6.300258723166212,1.5383539612614503,24.66,26.599999999999998,0.027482419776910957,750.7599999999999,8100,2.5600000000000005,994009,243.09999999999997,40.51666666666666,-2.0,11.0,-0.10000000000000142
61,76.5,13.0,23.0,21.3,69.0,87,0.0,996,91,27.2,0.0,0.4,2023,8,7,4,0,219,32,0.8660254037844386,0.5000000000000001,-0.8660254037844385,-0.5000000000000004,0.0,1.0,2,3,0,20.0,22.0,30.0,20.0,19.0,23.0,19.666666666666668,2.5166114784267486,22.0,17.0,17.666666666666668,8.310635755864412,30.0,8.0,21.166666666666668,7.481289793190169,32.0,8.0,19.458333333333332,6.762937145987412,32.0,8.0,27.4,27.7,28.1,90.0,89.0,85.0,1.6,1.6,1.6,997.0,997.0,997.0,2475.2,36.4,10.88,0.0,0.7980845969672785,5.884162756711023,1.769094685024229,24.752,27.0,0.027309209528906097,739.8399999999999,8281,0.16000000000000003,992016,219.8,36.63333333333333,-3.0,-13.0,-0.1999999999999993
76,82.7,12.7,26.7,30.0,69.3,91,0.5,997,89,27.3,0.0,1.2,2023,8,7,5,0,219,32,0.9659258262890683,0.25881904510252074,-0.8660254037844385,-0.5000000000000004,0.0,1.0,2,3,0,17.0,20.0,22.0,8.0,22.0,31.0,20.333333333333332,3.5118845842864874,24.0,17.0,20.333333333333332,7.061633427660549,30.0,9.0,21.333333333333332,7.523699927964632,32.0,8.0,19.166666666666668,6.383856451111845,32.0,8.0,27.2,27.5,28.0,91.0,90.0,87.0,0.4,2.0,1.6,996.0,997.0,997.0,2429.7000000000003,106.8,32.76,45.5,0.7999733342221925,6.511298322966696,2.1021966774269742,24.297000000000004,26.7,0.02738211897480544,745.2900000000001,7921,1.44,994009,245.40000000000003,40.900000000000006,7.0,2.0,0.10000000000000142
72,88.9,12.3,30.3,27.5,69.7,95,0.0,997,86,27.4,0.6,1.2,2023,8,7,6,0,219,32,1.0,6.123233995736766e-17,-0.8660254037844385,-0.5000000000000004,0.0,1.0,2,0,0,24.0,17.0,20.0,9.0,32.0,15.0,21.0,3.6055512754661447,24.0,17.0,22.5,4.37035467668093,30.0,17.0,20.5,6.748737255624126,30.0,8.0,19.458333333333332,6.345002598187897,32.0,8.0,27.3,27.4,27.8,89.0,90.0,88.0,1.2,1.6,1.6,997.0,997.0,997.0,2356.4,103.2,32.879999999999995,0.0,0.7999709101487218,7.227054710999107,2.4632143728152185,23.564,26.799999999999997,0.027482419776910957,750.7599999999999,7396,1.44,994009,250.7,41.78333333333333,-2.0,2.0,0.09999999999999787
100,95.1,12.0,34.0,43.8,70.0,100,0.0,997,84,27.5,0.8,1.2,2023,8,7,7,0,219,32,0.9659258262890683,-0.25881904510252063,-0.8660254037844385,-0.5000000000000004,0.0,1.0,2,0,0,22.0,24.0,17.0,30.0,29.0,14.0,27.0,7.000000000000982,35.0,22.0,23.333333333333332,6.186005711818717,35.0,17.0,21.0,7.603826787754721,35.0,8.0,20.333333333333332,6.976149845485238,35.0,8.0,27.4,27.2,27.7,86.0,91.0,89.0,1.2,0.4,1.6,997.0,996.0,997.0,2310.0,100.8,33.0,0.0,0.7990685144174792,7.924339638363469,2.8330972418965086,23.1,26.9,0.02758272057901647,756.25,7056,1.44,994009,289.9,48.31666666666666,13.0,18.0,0.10000000000000142
80,96.1,10.7,50.7,32.5,75.3,95,0.0,998,78,28.4,1.2,0.66,2023,8,7,8,0,219,32,0.8660254037844387,-0.4999999999999998,-0.8660254037844385,-0.5000000000000004,0.0,1.0,2,0,0,35.0,22.0,24.0,22.0,25.0,20.0,27.666666666666668,6.658328118480411,35.0,22.0,24.0,6.228964600957957,35.0,17.0,21.083333333333332,7.656943768814182,35.0,8.0,20.583333333333332,7.0705553970805965,35.0,8.0,27.5,27.3,27.5,84.0,89.0,90.0,1.2,1.2,2.0,997.0,997.0,997.0,2215.2,51.480000000000004,18.744,0.0,0.7999753853727578,8.980469115035978,4.737874964956547,22.151999999999997,28.07,0.02845688531374217,806.56,6084,0.43560000000000004,996004,291.3,48.550000000000004,-9.0,2.0,0.8999999999999986
95,97.1,9.3,67.3,41.3,80.7,91,0.0,998,74,29.3,1.9,1.33,2023,8,7,9,0,219,32,0.7071067811865476,-0.7071067811865475,-0.8660254037844385,-0.5000000000000004,0.0,1.0,2,0,0,26.0,35.0,22.0,20.0,20.0,17.0,31.333333333333332,4.725815626253927,35.0,26.0,26.166666666666668,6.794605703545619,35.0,17.0,22.166666666666668,8.375650133064863,35.0,8.0,21.25,7.461495362424056,35.0,8.0,28.4,27.4,27.4,78.0,86.0,90.0,0.66,1.2,1.6,998.0,997.0,997.0,2168.2000000000003,98.42,38.969,0.0,0.7990121304568898,10.439737662616922,7.235781098806579,21.682000000000002,28.635,0.029358688017346677,858.49,5476,1.7689000000000001,996004,328.7,54.78333333333333,7.0,11.0,0.9000000000000021
121,98.0,8.0,84.0,53.8,86.0,87,0.0,998,69,30.2,3.0,2.0,2023,8,7,10,0,219,32,0.49999999999999994,-0.8660254037844387,-0.8660254037844385,-0.5000000000000004,0.0,1.0,2,0,0,33.0,26.0,35.0,17.0,20.0,13.0,34.0,8.544003745318214,43.0,26.0,30.5,7.968688725253943,43.0,22.0,24.083333333333332,10.255449401378591,43.0,8.0,22.5,8.46476071209585,43.0,8.0,29.3,27.5,27.2,74.0,84.0,91.0,1.33,1.2,0.4,998.0,997.0,996.0,2083.7999999999997,138.0,60.4,0.0,0.7992416497834613,12.248468941382328,10.498687664041995,20.837999999999997,29.2,0.03026049072095118,912.04,4761,4.0,996004,372.8,62.13333333333333,10.0,8.0,0.8999999999999986
63,93.0,7.0,96.0,22.5,85.7,87,0.0,998,67,30.5,3.4,1.66,2023,8,7,11,0,219,32,0.258819045102521,-0.9659258262890682,-0.8660254037844385,-0.5000000000000004,0.0,1.0,2,0,0,43.0,33.0,26.0,24.0,8.0,14.0,31.333333333333332,12.58305739211841,43.0,18.0,29.5,9.224966124598454,43.0,18.0,24.916666666666668,9.179605193860217,43.0,9.0,22.666666666666668,8.328404339402462,43.0,8.0,30.2,28.4,27.3,69.0,78.0,89.0,2.0,0.66,1.2,998.0,998.0,997.0,2043.5,111.22,50.629999999999995,0.0,0.7999644460246211,13.28381659762891,13.712326810455648,20.435,29.67,0.030561091622152686,930.25,4489,2.7556,996004,322.2,53.699999999999996,-25.0,-8.0,0.3000000000000007
69,87.9,6.0,108.0,26.3,85.3,87,0.0,997,66,30.9,3.7,1.33,2023,8,7,12,0,219,32,1.2246467991473532e-16,-1.0,-0.8660254037844385,-0.5000000000000004,0.0,1.0,2,1,0,18.0,43.0,33.0,22.0,9.0,13.0,27.333333333333332,13.650396819629346,43.0,18.0,29.333333333333332,9.395034149307582,43.0,18.0,25.916666666666668,7.844608262231621,43.0,17.0,23.0,8.081110556482022,43.0,8.0,30.5,29.3,27.4,67.0,74.0,86.0,1.66,1.33,1.2,998.0,998.0,997.0,2039.3999999999999,87.78,41.097,0.0,0.79844872818524,14.647558740209965,17.99700049991668,20.394,30.235,0.030992947850603962,954.81,4356,1.7689000000000001,994009,334.5,55.75,3.0,-12.0,0.3999999999999986
61,82.9,5.0,120.0,21.3,85.0,87,0.25,997,64,31.2,3.5,1.0,2023,8,7,13,0,219,32,-0.2588190451025208,-0.9659258262890683,-0.8660254037844385,-0.5000000000000004,0.0,1.0,2,1,0,21.0,18.0,43.0,35.0,30.0,11.0,18.666666666666668,2.0816659994700224,21.0,17.0,26.333333333333332,10.07306639840395,43.0,17.0,24.833333333333332,8.122173167920698,43.0,17.0,23.25,7.780968979559543,43.0,8.0,30.9,30.2,27.5,66.0,69.0,84.0,1.33,2.0,1.2,997.0,998.0,997.0,1996.8,64.0,31.2,21.75,0.7980845969672785,16.576684663067386,23.995200959808038,19.968,30.7,0.031293850256920504,973.4399999999999,4096,1.0,994009,331.20000000000005,55.20000000000001,-4.0,-26.0,0.3000000000000007
54,85.0,5.3,123.3,16.3,87.0,87,0.5,996,65,31.1,2.8,1.66,2023,8,7,14,0,219,32,-0.4999999999999997,-0.8660254037844388,-0.8660254037844385,-0.5000000000000004,0.0,1.0,2,1,0,17.0,21.0,18.0,26.0,22.0,24.0,17.0,4.000000000002086,21.0,13.0,24.166666666666668,11.461529857163663,43.0,13.0,24.083333333333332,8.795229423162006,43.0,13.0,22.791666666666668,8.054052000278277,43.0,8.0,31.2,30.5,28.4,64.0,67.0,78.0,1.0,1.66,0.66,997.0,998.0,998.0,2021.5,107.89999999999999,51.626,43.5,0.7974970860683392,16.034710431993965,23.2597623089983,20.215,30.270000000000003,0.03122486824812425,967.21,4225,2.7556,992016,329.9,54.98333333333333,-4.0,-5.0,-0.09999999999999787
58,87.2,5.7,126.7,16.3,89.0,87,2.0,996,66,31.1,2.3,2.33,2023,8,7,15,0,219,32,-0.7071067811865471,-0.7071067811865479,-0.8660254037844385,-0.5000000000000004,0.0,1.0,2,1,0,13.0,17.0,21.0,33.0,20.0,22.0,14.333333333333334,2.3094010767622892,17.0,13.0,20.833333333333332,11.285684147035706,43.0,13.0,23.5,9.30786568641586,43.0,13.0,22.416666666666668,8.29833229273073,43.0,8.0,31.1,30.9,29.3,65.0,66.0,74.0,1.66,1.33,1.33,996.0,997.0,998.0,2052.6,153.78,72.46300000000001,174.0,0.7974970860683392,15.29556218207332,22.22417119803543,20.526,29.935000000000002,0.03122486824812425,967.21,4356,5.4289000000000005,992016,337.90000000000003,56.31666666666667,0.0,-8.0,0.0
62,89.3,6.0,130.0,17.5,91.0,87,5.0,996,66,31.0,1.3,3.0,2023,8,7,16,0,219,32,-0.8660254037844385,-0.5000000000000004,-0.8660254037844385,-0.5000000000000004,0.0,1.0,2,1,0,13.0,13.0,17.0,43.0,17.0,19.0,13.333333333333334,0.5773502692050292,14.0,13.0,16.0,3.224903099317083,21.0,13.0,23.25,9.535817646212221,43.0,13.0,22.208333333333332,8.449230305395933,43.0,8.0,31.1,31.2,30.2,66.0,64.0,69.0,2.33,1.0,2.0,996.0,997.0,998.0,2046.0,198.0,93.0,435.0,0.7999542883263813,14.88085319113481,21.663056157307114,20.46,29.5,0.03112446674250327,961.0,4356,9.0,992016,347.8,57.96666666666667,1.0,-3.0,-0.10000000000000142
54,101.7,9.3,104.3,17.5,90.7,87,1.0,996,71,30.5,0.8,2.66,2023,8,7,17,0,219,32,-0.9659258262890683,-0.25881904510252063,-0.8660254037844385,-0.5000000000000004,0.0,1.0,2,1,0,14.0,13.0,13.0,18.0,24.0,22.0,13.666666666666666,0.577350269204943,14.0,13.0,15.333333333333334,3.141125063834834,21.0,13.0,22.416666666666668,9.894519450256766,43.0,13.0,21.875,8.614005279573462,43.0,8.0,31.0,31.1,30.5,66.0,65.0,67.0,3.0,1.66,1.66,996.0,996.0,998.0,2165.5,188.86,81.13000000000001,87.0,0.7999542883263813,10.934308138909795,11.2138479733362,21.655,29.17,0.03062245921439838,930.25,5041,7.0756000000000006,992016,337.5,56.25,0.0,1.0,-0.5
42,114.2,12.7,78.7,12.5,90.3,87,0.5,996,76,30.0,0.7,2.33,2023,8,7,18,0,219,32,-1.0,-1.8369701987210297e-16,-0.8660254037844385,-0.5000000000000004,0.0,1.0,2,2,0,14.0,14.0,13.0,21.0,22.0,32.0,12.666666666666666,2.3094010767623967,14.0,10.0,13.5,2.258317958123739,17.0,10.0,21.416666666666668,10.526661676932555,43.0,10.0,20.958333333333332,8.660149444772557,43.0,8.0,30.5,31.1,30.9,71.0,66.0,66.0,2.66,2.33,1.33,996.0,996.0,997.0,2280.0,177.08,69.9,43.5,0.7999360051195905,8.99141799858279,6.19636249114243,22.8,28.835,0.030120451686293487,900.0,5776,5.4289000000000005,992016,318.40000000000003,53.06666666666667,-4.0,-3.0,-0.5
52,126.6,16.0,53.0,16.3,90.0,87,0.0,997,81,29.5,0.0,2.0,2023,8,7,19,0,219,32,-0.9659258262890684,0.2588190451025203,-0.8660254037844385,-0.5000000000000004,0.0,1.0,2,2,0,10.0,14.0,14.0,17.0,35.0,29.0,12.333333333333334,2.0816659994704763,14.0,10.0,12.833333333333334,1.471960144382531,14.0,10.0,19.583333333333332,9.83923808333759,43.0,10.0,20.291666666666668,8.629973886134266,43.0,8.0,30.0,31.0,31.2,76.0,66.0,64.0,2.33,3.0,1.0,996.0,996.0,997.0,2389.5,162.0,59.0,0.0,0.7974970860683392,7.912005499656271,3.3122929816886444,23.895,28.5,0.02958873662112676,870.25,6561,4.0,994009,314.9,52.48333333333333,3.0,-1.0,-0.5
52,138.5,17.7,42.0,16.3,90.3,77,0.0,997,82,29.2,0.0,1.66,2023,8,7,20,0,219,32,-0.8660254037844386,0.5000000000000001,-0.8660254037844385,-0.5000000000000004,0.0,1.0,2,2,0,13.0,10.0,14.0,13.0,26.0,25.0,12.0,1.7320508075741263,13.0,10.0,12.833333333333334,1.471960144382531,14.0,10.0,18.5,9.784031517082697,43.0,10.0,19.791666666666668,8.692721426406019,43.0,8.0,29.5,30.5,31.1,81.0,71.0,65.0,2.0,2.66,1.66,997.0,996.0,996.0,2394.4,136.12,48.471999999999994,0.0,0.7974970860683392,7.82441669962149,2.372747302412293,23.944000000000003,28.37,0.029287834214810217,852.64,6724,2.7556,994009,317.8,52.96666666666667,0.0,-1.0,-0.3000000000000007
46,150.4,19.3,31.0,13.8,90.7,66,0.0,997,84,28.8,0.0,1.33,2023,8,7,21,0,219,32,-0.7071067811865477,0.7071067811865474,-0.8660254037844385,-0.5000000000000004,0.0,1.0,2,2,0,13.0,13.0,10.0,13.0,33.0,20.0,12.333333333333334,1.1547005383870823,13.0,11.0,12.5,1.643167672510592,14.0,10.0,16.666666666666668,8.835191342613987,43.0,10.0,19.416666666666668,8.875548564389542,43.0,8.0,29.2,30.0,31.1,82.0,76.0,66.0,1.66,2.33,2.33,997.0,996.0,996.0,2419.2000000000003,111.72,38.304,0.0,0.7970436924860518,7.792342365680534,1.606134397181493,24.192000000000004,28.135,0.02888663100638816,829.44,7056,1.7689000000000001,994009,316.20000000000005,52.70000000000001,-2.0,1.0,-0.3999999999999986
33,162.2,21.0,20.0,10.0,91.0,56,0.0,997,85,28.5,0.0,1.0,2023,8,7,22,0,219,32,-0.5000000000000004,0.8660254037844384,-0.8660254037844385,-0.5000000000000004,0.0,1.0,2,3,0,11.0,13.0,13.0,14.0,43.0,20.0,10.666666666666666,2.516611478427275,13.0,8.0,11.5,2.2583179581236066,14.0,8.0,13.75,3.545163158188528,21.0,8.0,18.916666666666668,9.174239296348397,43.0,8.0,28.8,29.5,31.0,84.0,81.0,66.0,1.33,2.0,3.0,997.0,997.0,996.0,2422.5,85.0,28.5,0.0,0.7999200079992002,7.7234417408694815,0.9523356030665205,24.225,28.0,0.028585728600071615,812.25,7225,1.0,994009,312.2,52.03333333333333,-3.0,-5.0,-0.3000000000000007
33,151.9,20.7,18.3,10.0,86.0,45,0.0,997,86,28.2,0.0,0.66,2023,8,7,23,0,219,32,-0.25881904510252157,0.9659258262890681,-0.8660254037844385,-0.5000000000000004,0.0,1.0,2,3,0,8.0,11.0,13.0,14.0,18.0,8.0,9.0,1.7320508075743843,11.0,8.0,10.5,2.258317958123541,13.0,8.0,12.916666666666666,3.629633924273627,21.0,8.0,18.916666666666668,9.174239296348397,43.0,8.0,28.5,29.2,30.5,85.0,82.0,71.0,1.0,1.66,2.66,997.0,997.0,996.0,2425.2,56.760000000000005,18.612000000000002,0.0,0.7999200079992002,7.337809767644075,0.8840152649630453,24.252,27.87,0.02828482619375507,795.24,7396,0.43560000000000004,994009,294.9,49.15,0.0,-5.0,-0.3000000000000007
33,141.6,20.3,16.7,10.0,81.0,35,0.0,998,88,27.8,0.0,0.33,2023,8,8,0,1,220,32,0.0,1.0,-0.8660254037844385,-0.5000000000000004,0.7818314824680298,0.6234898018587336,2,3,0,8.0,8.0,11.0,10.0,21.0,9.0,8.0,0.0,8.0,8.0,10.166666666666666,2.483277404288503,13.0,8.0,11.833333333333334,2.855085839604622,17.0,8.0,18.875,9.223375313512374,43.0,8.0,28.2,28.8,30.0,86.0,84.0,76.0,0.66,1.33,2.33,997.0,997.0,996.0,2446.4,29.040000000000003,9.174000000000001,0.0,0.7999200079992002,6.975025860795034,0.8226195753903748,24.464000000000002,27.635,0.027855683511339168,772.84,7744,0.10890000000000001,996004,277.6,46.26666666666667,0.0,-3.0,-0.3999999999999986
69,131.3,20.0,15.0,26.3,76.0,25,0.0,998,89,27.5,0.0,1.2,2023,8,8,1,1,220,32,0.25881904510252074,0.9659258262890683,-0.8660254037844385,-0.5000000000000004,0.7818314824680298,0.6234898018587336,2,3,0,8.0,8.0,8.0,13.0,17.0,30.0,12.333333333333334,7.50555349946634,21.0,8.0,11.5,5.0892042599981755,21.0,8.0,12.166666666666666,3.639014185520562,21.0,8.0,18.5,8.92967695019136,43.0,8.0,27.8,28.5,29.5,88.0,85.0,81.0,0.33,1.0,2.0,998.0,997.0,997.0,2447.5,106.8,33.0,0.0,0.79844872818524,6.56467176641168,0.7499625018749062,24.475,26.9,0.027555082610137664,756.25,7921,1.44,996004,289.6,48.26666666666667,13.0,13.0,-0.3000000000000007
85,138.9,21.0,13.3,35.0,78.3,45,0.0,998,89,27.3,0.0,1.2,2023,8,8,2,1,220,32,0.49999999999999994,0.8660254037844387,-0.8660254037844385,-0.5000000000000004,0.7818314824680298,0.6234898018587336,2,3,0,21.0,8.0,8.0,13.0,13.0,22.0,19.0,10.148891565093013,28.0,8.0,14.0,8.508818954472138,28.0,8.0,13.416666666666666,5.853644293527494,28.0,8.0,18.75,9.114012145663443,43.0,8.0,27.5,28.2,29.2,89.0,86.0,82.0,1.2,0.66,1.66,998.0,997.0,997.0,2429.7000000000003,106.8,32.76,0.0,0.7999771435101855,6.613970763296986,0.6333031760392362,24.297000000000004,26.7,0.027354682009336665,745.2900000000001,7921,1.44,996004,314.5,52.416666666666664,7.0,20.0,-0.1999999999999993
85,146.5,22.0,11.7,35.0,80.7,66,0.0,998,89,27.2,0.0,1.2,2023,8,8,3,1,220,32,0.7071067811865476,0.7071067811865476,-0.8660254037844385,-0.5000000000000004,0.7818314824680298,0.6234898018587336,2,3,0,28.0,21.0,8.0,11.0,13.0,20.0,25.666666666666668,4.041451884329127,28.0,21.0,16.833333333333332,10.00832986400088,28.0,8.0,14.666666666666666,7.202693099027836,28.0,8.0,19.083333333333332,9.305989967507964,43.0,8.0,27.3,27.8,28.8,89.0,88.0,84.0,1.2,0.33,1.33,998.0,998.0,997.0,2420.7999999999997,106.8,32.64,0.0,0.7999771435101855,6.658788236898323,0.5317940093632108,24.208,26.599999999999998,0.027254481708936164,739.8399999999999,7921,1.44,996004,323.9,53.98333333333333,0.0,20.0,-0.10000000000000142
61,154.1,23.0,10.0,21.3,83.0,87,0.0,998,89,27.0,0.0,1.2,2023,8,8,4,1,220,32,0.8660254037844386,0.5000000000000001,-0.8660254037844385,-0.5000000000000004,0.7818314824680298,0.6234898018587336,2,3,0,28.0,28.0,21.0,8.0,14.0,17.0,24.333333333333332,6.350852961087026,28.0,17.0,18.333333333333332,9.04802004123843,28.0,8.0,14.916666666666666,7.229464123650301,28.0,8.0,19.083333333333332,9.305989967507964,43.0,8.0,27.2,27.5,28.5,89.0,89.0,85.0,1.2,1.2,1.0,998.0,998.0,997.0,2403.0,106.8,32.4,0.0,0.7980845969672785,6.699708708317029,0.4347637059258293,24.03,26.4,0.02705408110813516,729.0,7921,1.44,996004,308.4,51.4,-11.0,-4.0,-0.1999999999999993
63,137.0,18.7,19.7,22.5,76.7,83,0.0,998,90,27.1,0.0,1.2,2023,8,8,5,1,220,32,0.9659258262890683,0.25881904510252074,-0.8660254037844385,-0.5000000000000004,0.7818314824680298,0.6234898018587336,2,3,0,17.0,28.0,28.0,8.0,14.0,24.0,21.0,6.082762530299494,28.0,17.0,20.0,7.563068160474698,28.0,8.0,15.25,7.275425635783342,28.0,8.0,18.833333333333332,9.248579992845086,43.0,8.0,27.0,27.3,28.2,89.0,89.0,86.0,1.2,1.2,0.66,998.0,998.0,997.0,2439.0,108.0,32.52,0.0,0.7999644460246211,7.325811453932944,1.0534196032297738,24.39,26.5,0.027154281408535666,734.4100000000001,8100,1.44,996004,292.59999999999997,48.76666666666666,1.0,-10.0,0.10000000000000142
67,119.8,14.3,29.3,25.0,70.3,79,0.0,999,90,27.1,1.0,1.2,2023,8,8,6,1,220,32,1.0,6.123233995736766e-17,-0.8660254037844385,-0.5000000000000004,0.7818314824680298,0.6234898018587336,2,0,0,18.0,17.0,28.0,8.0,10.0,22.0,18.333333333333332,1.5275252316572803,20.0,17.0,22.0,4.857983120595081,28.0,17.0,16.083333333333332,7.191640770345257,28.0,8.0,18.75,9.227793556047938,43.0,8.0,27.1,27.2,27.8,90.0,89.0,88.0,1.2,1.2,0.33,998.0,998.0,998.0,2439.0,108.0,32.52,0.0,0.7999680012799487,8.37703657086917,2.0488077756800225,24.39,26.5,0.027127099972872902,734.4100000000001,8100,1.44,998001,278.7,46.449999999999996,2.0,-8.0,0.0
72,102.7,10.0,39.0,27.5,64.0,75,0.0,999,90,27.2,1.2,0.8,2023,8,8,7,1,220,32,0.9659258262890683,-0.25881904510252063,-0.8660254037844385,-0.5000000000000004,0.7818314824680298,0.6234898018587336,2,0,0,20.0,18.0,17.0,21.0,13.0,35.0,20.0,2.0000000000039493,22.0,18.0,22.166666666666668,4.833908011811297,28.0,17.0,16.833333333333332,7.309188903307773,28.0,8.0,18.208333333333332,8.59210540917155,43.0,8.0,27.1,27.0,27.5,90.0,89.0,89.0,1.2,1.2,1.2,999.0,998.0,998.0,2448.0,72.0,21.76,0.0,0.7999709101487218,10.268973102689731,3.8996100389961006,24.48,26.8,0.0272271999727728,739.8399999999999,8100,0.6400000000000001,998001,265.2,44.199999999999996,2.0,5.0,0.09999999999999787
72,102.5,8.7,66.7,27.5,73.3,62,0.0,1000,81,28.4,1.9,1.0,2023,8,8,8,1,220,32,0.8660254037844387,-0.4999999999999998,-0.8660254037844385,-0.5000000000000004,0.7818314824680298,0.6234898018587336,2,0,0,22.0,20.0,18.0,28.0,13.0,26.0,21.333333333333332,1.1547005383859201,22.0,20.0,21.166666666666668,3.9200340134561524,28.0,17.0,17.583333333333332,7.34176512505747,28.0,8.0,18.041666666666668,8.472354873436627,43.0,8.0,27.2,27.1,27.3,90.0,90.0,89.0,0.8,1.2,1.2,999.0,998.0,998.0,2300.4,81.0,28.4,0.0,0.7999709101487218,11.780255143087004,7.665785541891738,23.004,27.9,0.028399971600028398,806.56,6561,1.0,1000000,300.7,50.11666666666667,0.0,4.0,1.1999999999999993
87,102.3,7.3,94.3,36.3,82.7,50,0.0,1000,73,29.5,2.8,2.0,2023,8,8,9,1,220,32,0.7071067811865476,-0.7071067811865475,-0.8660254037844385,-0.5000000000000004,0.7818314824680298,0.6234898018587336,2,0,0,22.0,22.0,20.0,28.0,11.0,33.0,24.333333333333332,4.041451884329176,29.0,22.0,21.333333333333332,4.273952113284986,29.0,17.0,19.083333333333332,7.704288455532763,29.0,8.0,17.875,8.200278362189135,43.0,8.0,28.4,27.1,27.2,81.0,90.0,89.0,1.0,1.2,1.2,1000.0,999.0,998.0,2153.5,146.0,59.0,0.0,0.798876064020275,14.011779208327626,12.916038898780988,21.535,28.5,0.0294999705000295,870.25,5329,4.0,1000000,351.9,58.65,7.0,9.0,1.1000000000000014
72,102.1,6.0,122.0,27.5,92.0,37,0.0,1000,66,30.7,4.3,3.0,2023,8,8,10,1,220,32,0.49999999999999994,-0.8660254037844387,-0.8660254037844385,-0.5000000000000004,0.7818314824680298,0.6234898018587336,2,0,0,29.0,22.0,22.0,17.0,8.0,43.0,24.333333333333332,4.041451884329176,29.0,22.0,22.166666666666668,3.7103458958233873,29.0,18.0,20.25,6.8903753691121485,29.0,8.0,17.0,6.303898034928724,29.0,8.0,29.5,27.2,27.0,73.0,90.0,89.0,2.0,0.8,1.2,1000.0,999.0,998.0,2026.2,198.0,92.1,0.0,0.7999709101487218,17.01383102816197,20.329945009165137,20.262,29.2,0.0306999693000307,942.49,4356,9.0,1000000,371.6,61.93333333333334,-7.0,0.0,1.1999999999999993
69,95.9,5.0,131.7,26.3,88.7,54,0.0,1000,63,31.7,6.7,2.66,2023,8,8,11,1,220,32,0.258819045102521,-0.9659258262890682,-0.8660254037844385,-0.5000000000000004,0.7818314824680298,0.6234898018587336,2,0,0,22.0,29.0,22.0,18.0,8.0,18.0,24.0,4.35889894354235,29.0,21.0,22.666666666666668,3.2041639575174057,29.0,20.0,21.333333333333332,5.710171679210279,29.0,8.0,17.125,6.354132513569077,29.0,8.0,30.7,28.4,27.1,66.0,81.0,90.0,3.0,1.0,1.2,1000.0,1000.0,998.0,1997.1,167.58,84.322,0.0,0.79844872818524,19.17616476704659,26.334733053389318,19.971,30.369999999999997,0.0316999683000317,1004.89,3969,7.0756000000000006,1000000,368.59999999999997,61.43333333333333,-1.0,-1.0,1.0
77,89.7,4.0,141.3,30.0,85.3,70,0.0,999,60,32.6,5.6,2.33,2023,8,8,12,1,220,32,1.2246467991473532e-16,-1.0,-0.8660254037844385,-0.5000000000000004,0.7818314824680298,0.6234898018587336,2,1,0,21.0,22.0,29.0,20.0,8.0,21.0,22.333333333333332,1.527525231656893,24.0,21.0,23.333333333333332,2.9439202887737634,29.0,21.0,22.666666666666668,3.8924947208068934,29.0,17.0,17.25,6.462265049130462,29.0,8.0,31.7,29.5,27.1,63.0,73.0,90.0,2.66,2.0,1.2,1000.0,1000.0,999.0,1956.0,139.8,75.95800000000001,0.0,0.7999733342221925,22.419395151212196,35.31617095726069,19.56,31.435000000000002,0.0326325999673674,1062.76,3600,5.4289000000000005,998001,374.3,62.38333333333333,3.0,-5.0,0.9000000000000021
89,83.5,3.0,151.0,28.8,82.0,87,0.0,999,57,33.6,7.7,2.0,2023,8,8,13,1,220,32,-0.2588190451025208,-0.9659258262890683,-0.8660254037844385,-0.5000000000000004,0.7818314824680298,0.6234898018587336,2,1,0,24.0,21.0,22.0,22.0,21.0,17.0,22.666666666666668,1.5275252316568604,24.0,21.0,23.5,2.880972058175362,29.0,21.0,22.833333333333332,3.857303187303565,29.0,17.0,17.5,6.5673765525211465,29.0,8.0,32.6,30.7,27.2,60.0,66.0,90.0,2.33,3.0,0.8,999.0,1000.0,999.0,1915.2,114.0,67.2,0.0,0.7985833825214401,27.824058647117628,50.31656114628457,19.152,32.6,0.033633599966366404,1128.96,3249,4.0,998001,371.3,61.88333333333333,-1.0,1.0,1.0
90,83.5,3.3,151.7,22.5,81.3,79,0.0,998,59,33.3,7.8,1.33,2023,8,8,14,1,220,32,-0.4999999999999997,-0.8660254037844388,-0.8660254037844385,-0.5000000000000004,0.7818314824680298,0.6234898018587336,2,1,0,23.0,24.0,21.0,22.0,28.0,13.0,21.666666666666668,3.2145502536667,24.0,18.0,22.833333333333332,3.6560452221838897,29.0,18.0,22.0,3.717281509137595,29.0,17.0,17.708333333333332,6.497351745914704,29.0,8.0,33.6,31.7,28.4,57.0,63.0,81.0,2.0,2.66,1.0,999.0,1000.0,1000.0,1964.6999999999998,78.47,44.289,0.0,0.7999644460246211,25.2953650408967,45.955770978491365,19.647,32.635,0.0333667000333667,1108.8899999999999,3481,1.7689000000000001,996004,360.3,60.050000000000004,-5.0,-3.0,-0.30000000000000426
90,83.5,3.7,152.3,15.0,80.7,70,0.0,998,62,32.9,4.9,0.66,2023,8,8,15,1,220,32,-0.7071067811865471,-0.7071067811865479,-0.8660254037844385,-0.5000000000000004,0.7818314824680298,0.6234898018587336,2,1,0,18.0,23.0,24.0,29.0,28.0,13.0,17.666666666666668,5.507570547287601,23.0,12.0,20.0,4.427188724234164,24.0,12.0,20.666666666666668,4.206776639775912,29.0,12.0,17.666666666666668,6.531972647421496,29.0,8.0,33.3,32.6,29.5,59.0,60.0,73.0,1.33,2.33,2.0,998.0,999.0,1000.0,2039.8,40.92,21.714,0.0,0.7999466702219852,22.561469873007294,41.151040259389355,20.398,32.57,0.0329658988317647,1082.4099999999999,3844,0.43560000000000004,996004,347.2,57.86666666666667,-6.0,-12.0,-0.3999999999999986
91,83.5,4.0,153.0,23.8,80.0,62,0.0,997,64,32.6,1.8,2.0,2023,8,8,16,1,220,32,-0.8660254037844385,-0.5000000000000004,-0.8660254037844385,-0.5000000000000004,0.7818314824680298,0.6234898018587336,2,1,0,12.0,18.0,23.0,22.0,17.0,14.0,16.333333333333332,3.785938897202416,19.0,12.0,19.5,4.324349662086308,24.0,12.0,20.833333333333332,4.086192567288562,29.0,12.0,17.875,6.489540078832907,29.0,8.0,32.9,33.6,30.7,62.0,57.0,66.0,0.66,2.0,3.0,998.0,999.0,1000.0,2086.4,128.0,65.2,0.0,0.7982857863114995,20.869782554361407,38.24043989002749,20.864,31.6,0.03269806148639771,1062.76,4096,4.0,994009,363.3,60.550000000000004,7.0,-4.0,-0.29999999999999716
62,105.2,8.3,129.7,18.8,86.0,58,1.0,998,68,31.7,1.0,2.4,2023,8,8,17,1,220,32,-0.9659258262890683,-0.25881904510252063,-0.8660254037844385,-0.5000000000000004,0.7818314824680298,0.6234898018587336,2,1,0,19.0,12.0,18.0,21.0,18.0,14.0,15.333333333333334,3.511884584286698,19.0,12.0,18.5,4.59347363114078,24.0,12.0,20.583333333333332,4.358029857908143,29.0,12.0,17.916666666666668,6.466748841551384,29.0,8.0,32.6,33.3,31.7,64.0,59.0,63.0,2.0,1.33,2.66,997.0,998.0,1000.0,2155.6,163.2,76.08,58.0,0.7978299026647518,12.673171906999157,15.624623539332609,21.555999999999997,30.5,0.03176349522695869,1004.89,4624,5.76,996004,363.0,60.5,-4.0,-3.0,-0.9000000000000021
50,127.0,12.7,106.3,15.0,92.0,54,0.25,998,73,30.9,0.9,2.4,2023,8,8,18,1,220,32,-1.0,-1.8369701987210297e-16,-0.8660254037844385,-0.5000000000000004,0.7818314824680298,0.6234898018587336,2,2,0,15.0,19.0,12.0,24.0,20.0,10.0,15.333333333333334,3.511884584286698,19.0,12.0,16.5,4.324349662086202,23.0,12.0,19.916666666666668,5.01739398734414,29.0,12.0,18.0,6.37249524536268,29.0,8.0,31.7,32.9,32.6,68.0,62.0,60.0,2.4,0.66,2.33,998.0,998.0,999.0,2255.7,175.2,74.16,13.5,0.7999466702219852,9.99921266042044,8.369419730729865,22.557,29.7,0.030961892823754684,954.81,5329,5.76,996004,365.0,60.833333333333336,-3.0,0.0,-0.8000000000000007
46,148.8,17.0,83.0,13.8,98.0,50,0.0,999,77,30.0,0.0,2.4,2023,8,8,19,1,220,32,-0.9659258262890684,0.2588190451025203,-0.8660254037844385,-0.5000000000000004,0.7818314824680298,0.6234898018587336,2,2,0,12.0,15.0,19.0,23.0,22.0,13.0,12.666666666666666,2.0816659994704647,15.0,11.0,14.5,3.3911649915603386,19.0,11.0,19.0,5.575922263707046,29.0,11.0,17.916666666666668,6.4532881181788175,29.0,8.0,30.9,32.6,33.6,73.0,64.0,57.0,2.4,2.0,2.0,998.0,997.0,999.0,2310.0,184.79999999999998,72.0,0.0,0.7970436924860518,8.752426327863066,4.882065760837597,23.1,28.8,0.030029999969970002,900.0,5929,5.76,998001,371.6,61.93333333333334,-1.0,-8.0,-0.8999999999999986
37,156.0,18.0,67.3,11.3,100.0,58,0.0,1000,80,29.7,0.0,2.4,2023,8,8,20,1,220,32,-0.8660254037844386,0.5000000000000001,-0.8660254037844385,-0.5000000000000004,0.7818314824680298,0.6234898018587336,2,2,0,11.0,12.0,15.0,18.0,22.0,13.0,10.666666666666666,1.5275252316580505,12.0,9.0,13.0,3.521363372329526,19.0,9.0,17.916666666666668,6.171169527190797,29.0,9.0,17.75,6.634888026970065,29.0,8.0,30.0,31.7,33.3,77.0,68.0,59.0,2.4,2.4,1.33,999.0,998.0,998.0,2376.0,192.0,71.28,0.0,0.7963897000265463,8.66618521193267,3.7386811843786454,23.76,28.5,0.0296999703000297,882.0899999999999,6400,5.76,1000000,361.6,60.26666666666667,-2.0,-6.0,-0.3000000000000007
56,163.2,19.0,51.7,18.8,102.0,66,0.0,1001,82,29.3,0.0,2.4,2023,8,8,21,1,220,32,-0.7071067811865477,0.7071067811865474,-0.8660254037844385,-0.5000000000000004,0.7818314824680298,0.6234898018587336,2,2,0,9.0,11.0,12.0,12.0,29.0,11.0,11.666666666666666,3.055050463306895,15.0,9.0,13.5,3.563705936238865,19.0,9.0,16.75,5.11903755158531,24.0,9.0,17.916666666666668,6.5069639395144145,29.0,8.0,29.7,30.9,32.9,80.0,73.0,62.0,2.4,2.4,0.66,1000.0,998.0,998.0,2402.6,196.79999999999998,70.32,0.0,0.7978299026647518,8.589021630440502,2.7209094258196935,24.026,28.1,0.0292707000292707,858.49,6724,5.76,1002001,369.7,61.61666666666667,6.0,3.0,-0.3999999999999986
56,170.4,20.0,36.0,18.8,104.0,75,0.0,1001,84,29.0,0.0,2.0,2023,8,8,22,1,220,32,-0.5000000000000004,0.8660254037844384,-0.8660254037844385,-0.5000000000000004,0.7818314824680298,0.6234898018587336,2,3,0,15.0,9.0,11.0,19.0,22.0,8.0,13.0,3.464101615140343,15.0,9.0,12.833333333333334,2.562550812501205,15.0,9.0,16.166666666666668,4.858606858560975,24.0,9.0,18.208333333333332,6.192415884995918,29.0,8.0,29.3,30.0,32.6,82.0,77.0,64.0,2.4,2.4,2.0,1001.0,999.0,997.0,2436.0,168.0,58.0,0.0,0.7978299026647518,8.519574021298935,1.799910004499775,24.36,28.0,0.028971000028971,841.0,7056,4.0,1002001,364.20000000000005,60.70000000000001,0.0,4.0,-0.3000000000000007
80,152.5,19.3,30.7,32.5,98.3,58,0.0,1001,86,28.7,0.0,1.6,2023,8,8,23,1,220,32,-0.25881904510252157,0.9659258262890681,-0.8660254037844385,-0.5000000000000004,0.7818314824680298,0.6234898018587336,2,3,0,15.0,15.0,9.0,15.0,21.0,8.0,18.666666666666668,6.35085296108716,26.0,15.0,14.666666666666666,6.022181221671359,26.0,9.0,16.583333333333332,5.4848275573009975,26.0,9.0,18.958333333333332,5.9889693289567685,29.0,8.0,29.0,29.7,31.7,84.0,80.0,68.0,2.0,2.4,2.4,1001.0,1000.0,998.0,2468.2,137.6,45.92,0.0,0.7999753853727578,7.901145018392828,1.5905911610797365,24.682,27.9,0.0286713000286713,823.6899999999999,7396,2.5600000000000005,1002001,359.3,59.88333333333333,11.0,17.0,-0.3000000000000007
65,134.6,18.7,25.3,23.8,92.7,41,0.0,1001,88,28.5,0.0,1.2,2023,8,9,0,2,221,32,0.0,1.0,-0.8660254037844385,-0.5000000000000004,0.9749279121818236,-0.22252093395631434,2,3,0,26.0,15.0,15.0,12.0,24.0,8.0,20.0,5.567764362831442,26.0,15.0,15.833333333333334,6.080021929783766,26.0,9.0,16.166666666666668,5.042245771899419,26.0,9.0,19.416666666666668,5.516116045904105,29.0,9.0,28.7,29.3,30.9,86.0,82.0,73.0,1.6,2.4,2.4,1001.0,1001.0,998.0,2508.0,105.6,34.199999999999996,0.0,0.7982857863114995,7.197476070798353,1.3528688305438212,25.08,27.9,0.0284715000284715,812.25,7744,1.44,1002001,314.1,52.35,-7.0,4.0,-0.1999999999999993
52,116.7,18.0,20.0,16.3,87.0,25,0.0,1000,89,28.2,0.0,1.2,2023,8,9,1,2,221,32,0.25881904510252074,0.9659258262890683,-0.8660254037844385,-0.5000000000000004,0.9749279121818236,-0.22252093395631434,2,3,0,19.0,26.0,15.0,11.0,23.0,21.0,19.333333333333332,6.506407098648942,26.0,13.0,16.166666666666668,5.8109092805387705,26.0,9.0,15.333333333333334,4.618802153516492,26.0,9.0,19.083333333333332,5.656213717955231,29.0,9.0,28.5,29.0,30.0,88.0,84.0,77.0,1.2,2.0,2.4,1001.0,1001.0,999.0,2509.7999999999997,106.8,33.839999999999996,0.0,0.7974970860683392,6.482973168157324,1.111049386145214,25.098,27.599999999999998,0.0281999718000282,795.24,7921,1.44,1000000,271.0,45.166666666666664,-6.0,-2.0,-0.3000000000000007
76,116.1,18.3,18.0,30.0,85.3,29,0.0,1000,90,28.0,0.0,0.8,2023,8,9,2,2,221,32,0.49999999999999994,0.8660254037844387,-0.8660254037844385,-0.5000000000000004,0.9749279121818236,-0.22252093395631434,2,3,0,13.0,19.0,26.0,9.0,18.0,28.0,18.666666666666668,5.507570547287572,24.0,13.0,18.666666666666668,5.316640543299158,26.0,13.0,15.833333333333334,5.219427578041429,26.0,9.0,18.916666666666668,5.436724290828919,29.0,9.0,28.2,28.7,29.7,89.0,86.0,80.0,1.2,1.6,2.4,1000.0,1001.0,1000.0,2520.0,72.0,22.400000000000002,0.0,0.7999733342221925,6.343915633025516,0.9835528113217856,25.2,27.6,0.027999972000028,784.0,8100,0.6400000000000001,1000000,291.7,48.61666666666667,11.0,-2.0,-0.1999999999999993
74,115.6,18.7,16.0,28.8,83.7,33,0.0,1000,91,27.9,0.0,0.8,2023,8,9,3,2,221,32,0.7071067811865476,0.7071067811865476,-0.8660254037844385,-0.5000000000000004,0.9749279121818236,-0.22252093395631434,2,3,0,24.0,13.0,19.0,15.0,12.0,28.0,20.0,6.082762530299518,24.0,13.0,20.0,5.215361924160787,26.0,13.0,16.75,5.446016058467508,26.0,9.0,18.708333333333332,5.162398891875457,29.0,9.0,28.0,28.5,29.3,90.0,88.0,82.0,0.8,1.2,2.4,1000.0,1001.0,1001.0,2538.9,72.8,22.32,0.0,0.7985833825214401,6.181487620982835,0.8555692208972782,25.389,27.5,0.027899972100027898,778.41,8281,0.6400000000000001,1000000,285.8,47.63333333333333,-1.0,4.0,-0.10000000000000142
63,115.0,19.0,14.0,22.5,82.0,37,0.0,1000,92,27.7,0.0,0.8,2023,8,9,4,2,221,32,0.8660254037844386,0.5000000000000001,-0.8660254037844385,-0.5000000000000004,0.9749279121818236,-0.22252093395631434,2,3,0,23.0,24.0,13.0,15.0,19.0,17.0,21.666666666666668,3.2145502536666974,24.0,18.0,20.5,4.7644516998271955,26.0,13.0,16.666666666666668,5.416025603090186,26.0,9.0,18.75,5.152036321772775,29.0,9.0,27.9,28.2,29.0,91.0,89.0,84.0,0.8,1.2,2.0,1000.0,1000.0,1001.0,2548.4,73.60000000000001,22.16,0.0,0.7999644460246211,6.052313036155992,0.7368033261407294,25.484,27.3,0.0276999723000277,767.29,8464,0.6400000000000001,1000000,270.5,45.083333333333336,-5.0,5.0,-0.1999999999999993
110,123.1,17.3,22.7,48.8,79.3,54,0.0,1000,90,28.0,0.0,0.4,2023,8,9,5,2,221,32,0.9659258262890683,0.25881904510252074,-0.8660254037844385,-0.5000000000000004,0.9749279121818236,-0.22252093395631434,2,3,0,18.0,23.0,24.0,26.0,15.0,18.0,26.666666666666668,10.969655114603519,39.0,18.0,22.666666666666668,8.91440781357088,39.0,13.0,18.666666666666668,8.370221386594316,39.0,9.0,19.625,6.5991600255998515,39.0,9.0,27.7,28.0,28.7,92.0,90.0,86.0,0.8,0.8,1.6,1000.0,1000.0,1001.0,2520.0,36.0,11.200000000000001,0.0,0.7991639515583698,7.115195653430437,1.3120628865383501,25.2,27.8,0.027999972000028,784.0,8100,0.16000000000000003,1000000,330.2,55.03333333333333,21.0,15.0,0.3000000000000007
82,131.3,15.7,31.3,33.8,76.7,70,0.0,1001,87,28.4,1.5,0.8,2023,8,9,6,2,221,32,1.0,6.123233995736766e-17,-0.8660254037844385,-0.5000000000000004,0.9749279121818236,-0.22252093395631434,2,0,0,39.0,18.0,23.0,19.0,12.0,20.0,28.0,10.535653752853374,39.0,18.0,24.0,8.854377448470746,39.0,13.0,19.916666666666668,8.404093519159728,39.0,9.0,19.916666666666668,6.768961558445065,39.0,9.0,28.0,27.9,28.5,90.0,91.0,88.0,0.4,0.8,1.2,1000.0,1000.0,1001.0,2470.7999999999997,69.60000000000001,22.72,0.0,0.7987929351202628,8.362524679956692,1.9935035984969112,24.708,28.0,0.0283716000283716,806.56,7569,0.6400000000000001,1002001,315.8,52.63333333333333,-12.0,4.0,0.3999999999999986
80,139.5,14.0,40.0,32.5,74.0,87,0.0,1001,85,28.7,1.5,0.8,2023,8,9,7,2,221,32,0.9659258262890683,-0.25881904510252063,-0.8660254037844385,-0.5000000000000004,0.9749279121818236,-0.22252093395631434,2,0,0,27.0,39.0,18.0,13.0,11.0,22.0,30.666666666666668,7.234178138071106,39.0,26.0,26.166666666666668,7.026141662865518,39.0,18.0,21.166666666666668,8.066015500890174,39.0,9.0,20.083333333333332,6.87096390090453,39.0,9.0,28.4,27.7,28.2,87.0,92.0,89.0,0.8,0.8,1.2,1001.0,1000.0,1000.0,2439.5,68.0,22.96,0.0,0.7999753853727578,9.963574030426399,2.8569387900864225,24.395,28.3,0.0286713000286713,823.6899999999999,7225,0.6400000000000001,1002001,326.0,54.333333333333336,-1.0,8.0,0.3000000000000007
65,132.9,11.7,80.0,23.8,87.0,70,0.0,1002,76,30.0,1.7,0.66,2023,8,9,8,2,221,32,0.8660254037844387,-0.4999999999999998,-0.8660254037844385,-0.5000000000000004,0.9749279121818236,-0.22252093395631434,2,0,0,26.0,27.0,39.0,24.0,9.0,22.0,24.0,4.358898943542347,27.0,19.0,25.333333333333332,7.607014306983679,39.0,18.0,22.0,7.1604976972778696,39.0,13.0,19.958333333333332,6.861861622587062,39.0,9.0,28.7,28.0,28.0,85.0,90.0,90.0,0.8,0.4,0.8,1001.0,1000.0,1000.0,2280.0,50.160000000000004,19.8,0.0,0.7982857863114995,11.358003589436802,6.837022476711393,22.8,29.67,0.02994008988014982,900.0,5776,0.43560000000000004,1004004,354.4,59.06666666666666,-7.0,-20.0,1.3000000000000007
87,126.3,9.3,120.0,36.3,100.0,54,0.0,1002,68,31.3,2.8,1.33,2023,8,9,9,2,221,32,0.7071067811865476,-0.7071067811865475,-0.8660254037844385,-0.5000000000000004,0.9749279121818236,-0.22252093395631434,2,0,0,19.0,26.0,27.0,23.0,15.0,29.0,24.666666666666668,5.1316014394482865,29.0,19.0,26.333333333333332,7.633260552781796,39.0,18.0,23.166666666666668,7.056052634998767,39.0,13.0,19.958333333333332,6.861861622587062,39.0,9.0,30.0,28.4,27.9,76.0,87.0,91.0,0.66,0.8,0.8,1002.0,1001.0,1000.0,2128.4,90.44,41.629000000000005,0.0,0.798876064020275,13.579185033867326,12.901838511987958,21.284000000000002,30.635,0.031237493774956313,979.69,4624,1.7689000000000001,1004004,420.9,70.14999999999999,10.0,2.0,1.3000000000000007
121,119.6,7.0,160.0,53.8,113.0,37,0.0,1002,61,32.6,5.0,2.0,2023,8,9,10,2,221,32,0.49999999999999994,-0.8660254037844387,-0.8660254037844385,-0.5000000000000004,0.9749279121818236,-0.22252093395631434,2,0,0,29.0,19.0,26.0,18.0,15.0,22.0,30.333333333333332,12.055427546683944,43.0,19.0,30.5,8.893818077743056,43.0,19.0,25.5,8.575864652934332,43.0,13.0,20.833333333333332,8.31795682827813,43.0,9.0,31.3,28.7,27.7,68.0,85.0,92.0,1.33,0.8,0.8,1002.0,1001.0,1000.0,1988.6000000000001,122.0,65.2,0.0,0.7992416497834613,17.083273818025994,22.85387801742608,19.886000000000003,31.6,0.03253489766976281,1062.76,3721,4.0,1004004,496.40000000000003,82.73333333333333,14.0,17.0,1.3000000000000007
134,111.5,6.0,164.0,60.0,101.0,45,0.0,1002,57,33.5,8.8,2.33,2023,8,9,11,2,221,32,0.258819045102521,-0.9659258262890682,-0.8660254037844385,-0.5000000000000004,0.9749279121818236,-0.22252093395631434,2,0,0,43.0,29.0,19.0,39.0,26.0,21.0,40.0,9.848857801796603,48.0,29.0,32.0,11.09954954040882,48.0,19.0,27.333333333333332,10.764701012047738,48.0,13.0,21.958333333333332,9.997735250791818,48.0,9.0,32.6,30.0,28.0,61.0,76.0,90.0,2.0,0.66,0.4,1002.0,1002.0,1000.0,1909.5,132.81,78.055,0.0,0.7999866668888852,18.580236627228793,27.328778536910512,19.095,32.335,0.0334331003661673,1122.25,3249,5.4289000000000005,1004004,490.5,81.75,5.0,29.0,0.8999999999999986
126,103.3,5.0,168.0,56.3,89.0,54,0.0,1001,54,34.3,8.4,2.66,2023,8,9,12,2,221,32,1.2246467991473532e-16,-1.0,-0.8660254037844385,-0.5000000000000004,0.9749279121818236,-0.22252093395631434,2,1,0,48.0,43.0,29.0,27.0,19.0,24.0,45.333333333333336,2.5166114784252196,48.0,43.0,35.0,11.88276062200996,48.0,19.0,29.5,11.524677080863274,48.0,13.0,22.833333333333332,11.047984930044525,48.0,9.0,33.5,31.3,28.4,57.0,68.0,87.0,2.33,1.33,0.8,1002.0,1002.0,1001.0,1852.1999999999998,143.64000000000001,91.238,0.0,0.7992753237065062,20.65586882623475,33.59328134373125,18.522,32.97,0.0342657000342657,1176.4899999999998,2916,7.0756000000000006,1002001,466.6,77.76666666666667,-3.0,16.0,0.7999999999999972
104,95.1,4.0,172.0,31.3,77.0,62,0.0,1001,50,35.2,8.0,3.0,2023,8,9,13,2,221,32,-0.2588190451025208,-0.9659258262890683,-0.8660254037844385,-0.5000000000000004,0.9749279121818236,-0.22252093395631434,2,1,0,45.0,48.0,43.0,26.0,13.0,23.0,39.333333333333336,12.503332889007773,48.0,25.0,34.833333333333336,12.040210407906379,48.0,19.0,30.5,10.431595363038921,48.0,18.0,22.916666666666668,11.056836038777277,48.0,9.0,34.3,32.6,28.7,54.0,61.0,85.0,2.66,2.0,0.8,1001.0,1002.0,1001.0,1760.0000000000002,150.0,105.60000000000001,0.0,0.7986965272674994,23.769057735566104,42.98925268682829,17.6,33.7,0.035164800035164805,1239.0400000000002,2500,9.0,1002001,404.40000000000003,67.4,-20.0,-18.0,0.9000000000000057
107,96.3,4.3,174.7,47.5,79.7,66,0.0,1000,54,34.5,4.8,2.33,2023,8,9,14,2,221,32,-0.4999999999999997,-0.8660254037844388,-0.8660254037844385,-0.5000000000000004,0.9749279121818236,-0.22252093395631434,2,1,0,25.0,45.0,48.0,19.0,24.0,18.0,36.0,10.148891565092768,45.0,25.0,38.0,9.2086915465766,48.0,25.0,31.666666666666668,10.421423156462545,48.0,18.0,23.75,11.417949256210148,48.0,9.0,35.2,33.5,30.0,50.0,57.0,76.0,3.0,2.33,0.66,1001.0,1002.0,1002.0,1863.0,125.82000000000001,80.385,0.0,0.7999831582493001,22.39014182748198,40.618460823064396,18.63,33.335,0.0344999655000345,1190.25,2916,5.4289000000000005,1000000,440.49999999999994,73.41666666666666,13.0,-10.0,-0.7000000000000028
105,97.5,4.7,177.3,46.3,82.3,70,0.0,1000,58,33.9,2.1,1.66,2023,8,9,15,2,221,32,-0.7071067811865471,-0.7071067811865479,-0.8660254037844385,-0.5000000000000004,0.9749279121818236,-0.22252093395631434,2,1,0,38.0,25.0,45.0,29.0,23.0,12.0,33.333333333333336,7.234178138071062,38.0,25.0,39.333333333333336,8.164965809276755,48.0,25.0,32.833333333333336,10.142918114565497,48.0,18.0,24.791666666666668,11.439744473684167,48.0,9.0,34.5,34.3,31.3,54.0,54.0,68.0,2.33,2.66,1.33,1000.0,1001.0,1002.0,1966.1999999999998,96.28,56.273999999999994,0.0,0.799118809528952,20.74026802807913,37.71537970644543,19.662,33.07,0.0338999661000339,1149.2099999999998,3364,2.7556,1000000,445.1,74.18333333333334,-1.0,-8.0,-0.6000000000000014
129,98.6,5.0,180.0,57.5,85.0,75,0.25,1000,63,33.2,1.3,1.0,2023,8,9,16,2,221,32,-0.8660254037844385,-0.5000000000000004,-0.8660254037844385,-0.5000000000000004,0.9749279121818236,-0.22252093395631434,2,1,0,37.0,38.0,25.0,43.0,18.0,19.0,40.333333333333336,4.9328828623172285,46.0,37.0,39.833333333333336,8.51860708488533,48.0,25.0,35.166666666666664,9.627926552324878,48.0,19.0,25.916666666666668,12.150922908825956,48.0,9.0,33.9,35.2,32.6,58.0,50.0,61.0,1.66,3.0,2.0,1000.0,1001.0,1002.0,2091.6000000000004,63.0,33.2,18.75,0.7999860871984835,19.71605678864227,35.99280143971205,20.916000000000004,32.7,0.033199966800033204,1102.2400000000002,3969,1.0,1000000,472.1,78.68333333333334,9.0,21.0,-0.6999999999999957
123,130.7,9.7,149.0,55.0,87.0,70,2.0,1000,67,32.5,0.8,1.33,2023,8,9,17,2,221,32,-0.9659258262890683,-0.25881904510252063,-0.8660254037844385,-0.5000000000000004,0.9749279121818236,-0.22252093395631434,2,1,0,46.0,37.0,38.0,48.0,39.0,15.0,42.333333333333336,4.7258156262535636,46.0,37.0,39.166666666666664,7.884584115009386,46.0,25.0,35.583333333333336,9.912878064172089,48.0,19.0,27.125,12.456227707281696,48.0,9.0,33.2,34.5,33.5,63.0,54.0,57.0,1.0,2.33,2.33,1000.0,1000.0,1002.0,2177.5,89.11,43.225,140.0,0.7999854548099126,13.47283785176786,15.359241315328319,21.775,31.835,0.0324999675000325,1056.25,4489,1.7689000000000001,1000000,475.4,79.23333333333333,-2.0,6.0,-0.7000000000000028
85,162.8,14.3,118.0,35.0,89.0,66,3.0,1001,71,31.9,0.6,1.66,2023,8,9,18,2,221,32,-1.0,-1.8369701987210297e-16,-0.8660254037844385,-0.5000000000000004,0.9749279121818236,-0.22252093395631434,2,2,0,44.0,46.0,37.0,45.0,27.0,12.0,39.333333333333336,9.865765724633002,46.0,28.0,36.333333333333336,8.406346808611787,46.0,25.0,35.666666666666664,9.838083085025836,48.0,19.0,27.791666666666668,12.03248923130412,48.0,9.0,32.5,33.9,34.3,67.0,58.0,54.0,1.33,1.66,2.66,1000.0,1000.0,1001.0,2264.9,117.86,52.95399999999999,198.0,0.7999771435101855,11.383819313334733,8.25117124676596,22.649,31.07,0.0318681000318681,1017.6099999999999,5041,2.7556,1002001,447.1,74.51666666666667,-16.0,-9.0,-0.6000000000000014
80,194.9,19.0,87.0,32.5,91.0,62,0.75,1001,75,31.2,0.0,2.0,2023,8,9,19,2,221,32,-0.9659258262890684,0.2588190451025203,-0.8660254037844385,-0.5000000000000004,0.9749279121818236,-0.22252093395631434,2,2,0,28.0,44.0,46.0,25.0,26.0,11.0,32.666666666666664,9.865765724633114,44.0,26.0,36.5,8.142481194328356,46.0,26.0,35.666666666666664,9.838083085025836,48.0,19.0,28.416666666666668,11.500157528851787,48.0,9.0,31.9,33.2,35.2,71.0,63.0,50.0,1.66,1.0,3.0,1001.0,1000.0,1001.0,2340.0,150.0,62.4,46.5,0.7999753853727578,10.257354876059155,4.5787063838745325,23.4,30.2,0.0311688000311688,973.4399999999999,5625,4.0,1002001,450.4,75.06666666666666,-2.0,-20.0,-0.6999999999999993
80,227.2,21.3,73.3,32.5,98.7,62,0.0,1001,79,30.7,0.0,2.0,2023,8,9,20,2,221,32,-0.8660254037844386,0.5000000000000001,-0.8660254037844385,-0.5000000000000004,0.9749279121818236,-0.22252093395631434,2,2,0,26.0,28.0,44.0,38.0,19.0,9.0,26.666666666666668,1.15470053838541,28.0,26.0,34.5,9.115920140062132,46.0,26.0,36.25,8.925194166464028,48.0,25.0,29.125,10.751390203334115,48.0,13.0,31.2,32.5,34.5,75.0,67.0,54.0,2.0,1.33,2.33,1001.0,1000.0,1000.0,2425.2999999999997,158.0,61.4,0.0,0.7999753853727578,10.666165907703862,3.4411529975118533,24.252999999999997,29.7,0.0306693000306693,942.49,6241,4.0,1002001,479.0,79.83333333333333,0.0,-18.0,-0.5
78,259.5,23.7,59.7,31.3,106.3,62,0.0,1002,83,30.2,0.0,2.0,2023,8,9,21,2,221,32,-0.7071067811865477,0.7071067811865474,-0.8660254037844385,-0.5000000000000004,0.9749279121818236,-0.22252093395631434,2,2,0,26.0,26.0,28.0,37.0,29.0,15.0,25.666666666666668,0.5773502692022322,26.0,25.0,32.5,9.751922887307398,46.0,25.0,35.916666666666664,9.287903504835963,48.0,25.0,29.541666666666668,10.36708489766354,48.0,13.0,30.7,31.9,33.9,79.0,71.0,58.0,2.0,1.66,1.66,1001.0,1001.0,1000.0,2506.6,166.0,60.4,0.0,0.7986965272674994,10.94890510948905,2.5188810598708917,25.066,29.2,0.03013969047935082,912.04,6889,4.0,1004004,505.5,84.25,-1.0,-3.0,-0.5
72,291.8,26.0,46.0,27.5,114.0,62,0.0,1002,86,29.7,0.0,2.0,2023,8,9,22,2,221,32,-0.5000000000000004,0.8660254037844384,-0.8660254037844385,-0.5000000000000004,0.9749279121818236,-0.22252093395631434,2,3,0,25.0,26.0,26.0,46.0,43.0,15.0,24.333333333333332,2.0816659994697364,26.0,22.0,28.5,7.8421935706783445,44.0,22.0,34.166666666666664,9.79641245404101,48.0,22.0,29.833333333333332,10.033277962195005,48.0,13.0,30.2,31.2,33.2,83.0,75.0,63.0,2.0,2.0,1.0,1002.0,1001.0,1000.0,2554.2,172.0,59.4,0.0,0.7999709101487218,11.222645282873735,1.7691627245105956,25.541999999999998,28.7,0.02964068898134832,882.0899999999999,7396,4.0,1004004,527.3,87.88333333333333,-3.0,-4.0,-0.5
87,300.4,29.0,38.7,36.3,121.3,70,0.0,1002,88,29.5,0.0,1.66,2023,8,9,23,2,221,32,-0.25881904510252157,0.9659258262890681,-0.8660254037844385,-0.5000000000000004,0.9749279121818236,-0.22252093395631434,2,3,0,22.0,25.0,26.0,44.0,48.0,26.0,25.333333333333332,3.511884584286334,29.0,22.0,26.0,2.4494897427807465,29.0,22.0,32.583333333333336,8.846759379295028,46.0,22.0,29.958333333333332,10.00208311636471,48.0,13.0,29.7,30.7,32.5,86.0,79.0,67.0,2.0,2.0,1.33,1002.0,1001.0,1000.0,2596.0,146.07999999999998,48.97,0.0,0.798876064020275,10.35826350815489,1.3344367435605669,25.96,28.67,0.029441088382147325,870.25,7744,2.7556,1004004,554.6999999999999,92.44999999999999,7.0,3.0,-0.1999999999999993
59,308.9,32.0,31.3,20.0,128.7,79,0.0,1002,89,29.2,0.0,1.33,2023,8,10,0,3,222,32,0.0,1.0,-0.8660254037844385,-0.5000000000000004,0.43388373911755823,-0.900968867902419,2,3,0,29.0,22.0,25.0,28.0,45.0,19.0,22.333333333333332,6.506407098648917,29.0,16.0,24.0,4.516635916253106,29.0,16.0,30.166666666666668,9.10377876921343,46.0,16.0,29.833333333333332,10.162448637943607,48.0,13.0,29.5,30.2,31.9,88.0,83.0,71.0,1.66,2.0,1.66,1002.0,1002.0,1001.0,2598.7999999999997,118.37,38.836,0.0,0.7999600019998999,9.652823349270335,0.9780944345489204,25.987999999999996,28.535,0.029141687483345825,852.64,7921,1.7689000000000001,1004004,536.9,89.48333333333333,-13.0,-9.0,-0.3000000000000007
61,317.5,35.0,24.0,21.3,136.0,87,0.0,1002,90,29.0,0.0,1.0,2023,8,10,1,3,222,32,0.25881904510252074,0.9659258262890683,-0.8660254037844385,-0.5000000000000004,0.43388373911755823,-0.900968867902419,2,3,0,16.0,29.0,22.0,26.0,25.0,13.0,20.666666666666668,7.234178138071359,29.0,16.0,22.5,5.16720427310428,29.0,16.0,29.5,9.784031517082626,46.0,16.0,30.0,9.903885930367963,48.0,16.0,29.2,29.7,31.2,89.0,86.0,75.0,1.33,2.0,2.0,1002.0,1002.0,1001.0,2610.0,90.0,29.0,0.0,0.7980845969672785,9.071169395160139,0.6856946944373018,26.1,28.5,0.028942086884144826,841.0,8100,1.0,1004004,550.8,91.8,1.0,-5.0,-0.1999999999999993
107,332.3,38.0,19.3,47.5,144.0,87,0.0,1002,91,28.7,0.0,0.66,2023,8,10,2,3,222,32,0.49999999999999994,0.8660254037844387,-0.8660254037844385,-0.5000000000000004,0.43388373911755823,-0.900968867902419,2,3,0,17.0,16.0,29.0,26.0,38.0,24.0,23.666666666666668,12.423096769056762,38.0,16.0,24.5,8.215838362576742,38.0,16.0,29.5,9.784031517082626,46.0,16.0,30.583333333333332,9.947325035521883,48.0,16.0,29.0,29.5,30.7,90.0,88.0,79.0,1.0,1.66,2.0,1002.0,1002.0,1001.0,2611.7,60.06,18.942,0.0,0.7999831582493001,8.744506723507277,0.5078813715428542,26.116999999999997,28.37,0.02864268598534333,823.6899999999999,8281,0.43560000000000004,1004004,619.1,103.18333333333334,21.0,9.0,-0.3000000000000007
87,347.0,41.0,14.7,36.3,152.0,87,0.0,1001,93,28.5,0.0,0.33,2023,8,10,3,3,222,32,0.7071067811865476,0.7071067811865476,-0.8660254037844385,-0.5000000000000004,0.43388373911755823,-0.900968867902419,2,3,0,38.0,17.0,16.0,25.0,37.0,23.0,28.0,10.53565375285339,38.0,17.0,25.166666666666668,8.424171571534766,38.0,16.0,28.833333333333332,9.494815172056205,46.0,16.0,30.833333333333332,9.823072514401495,48.0,16.0,28.7,29.2,30.2,91.0,89.0,83.0,0.66,1.33,2.0,1002.0,1002.0,1002.0,2650.5,30.69,9.405000000000001,0.0,0.798876064020275,8.463208214433795,0.3585278407843711,26.505,28.335,0.0284715000284715,812.25,8649,0.10890000000000001,1002001,620.0,103.33333333333333,-9.0,13.0,-0.1999999999999993
80,361.8,44.0,10.0,32.5,160.0,87,0.0,1001,94,28.2,0.0,1.6,2023,8,10,4,3,222,32,0.8660254037844386,0.5000000000000001,-0.8660254037844385,-0.5000000000000004,0.43388373911755823,-0.900968867902419,2,3,0,29.0,38.0,17.0,22.0,46.0,18.0,31.0,6.244997998399415,38.0,26.0,25.833333333333332,8.280499179799168,38.0,16.0,27.166666666666668,7.814128618124981,44.0,16.0,31.166666666666668,9.499046481514494,48.0,16.0,28.5,29.0,29.7,93.0,90.0,86.0,0.33,1.0,2.0,1001.0,1002.0,1002.0,2650.7999999999997,150.4,45.120000000000005,0.0,0.7999753853727578,8.222540396809164,0.22726756210086135,26.507999999999996,27.4,0.0281718000281718,795.24,8836,2.5600000000000005,1002001,634.3,105.71666666666665,-3.0,9.0,-0.3000000000000007
85,366.3,39.7,17.3,35.0,148.0,87,0.0,1002,93,28.5,0.0,1.6,2023,8,10,5,3,222,32,0.9659258262890683,0.25881904510252074,-0.8660254037844385,-0.5000000000000004,0.43388373911755823,-0.900968867902419,2,3,0,26.0,29.0,38.0,29.0,44.0,39.0,27.666666666666668,1.5275252316564771,29.0,26.0,25.666666666666668,8.213809510005369,38.0,16.0,25.833333333333332,5.781370289493346,38.0,16.0,30.708333333333332,9.369140681057731,48.0,16.0,28.2,28.7,29.5,94.0,91.0,88.0,1.6,0.66,1.66,1001.0,1002.0,1002.0,2650.5,148.8,45.6,0.0,0.7999771435101855,9.226467847157503,0.4357572857106874,26.505,27.7,0.02844308538614233,812.25,8649,2.5600000000000005,1004004,634.3,105.71666666666665,2.0,-10.0,0.3000000000000007
72,370.8,35.3,24.7,27.5,136.0,87,0.0,1002,91,28.7,0.7,1.6,2023,8,10,6,3,222,32,1.0,6.123233995736766e-17,-0.8660254037844385,-0.5000000000000004,0.43388373911755823,-0.900968867902419,2,0,0,28.0,26.0,29.0,16.0,28.0,27.0,25.333333333333332,3.055050463306289,28.0,22.0,26.666666666666668,7.089898917943394,38.0,17.0,25.333333333333332,5.8361465078080474,38.0,16.0,30.5,9.509720427472997,48.0,16.0,28.5,28.5,29.2,93.0,93.0,89.0,1.6,0.33,1.33,1002.0,1001.0,1002.0,2611.7,145.6,45.92,0.0,0.7999709101487218,10.503951729412766,0.6996968924393078,26.116999999999997,27.9,0.02864268598534333,823.6899999999999,8281,2.5600000000000005,1004004,616.3,102.71666666666665,-6.0,-7.0,0.1999999999999993
74,375.3,31.0,32.0,28.8,124.0,87,0.5,1003,90,29.0,0.9,1.6,2023,8,10,7,3,222,32,0.9659258262890683,-0.25881904510252063,-0.8660254037844385,-0.5000000000000004,0.43388373911755823,-0.900968867902419,2,0,0,22.0,28.0,26.0,17.0,26.0,26.0,24.333333333333332,3.2145502536666477,28.0,22.0,27.666666666666668,5.750362307425086,38.0,22.0,25.083333333333332,5.869154087001273,38.0,16.0,30.375,9.590813086082713,48.0,16.0,28.7,28.2,29.0,91.0,94.0,90.0,1.6,1.6,1.0,1002.0,1001.0,1002.0,2610.0,144.0,46.400000000000006,43.5,0.7985833825214401,12.106061094803394,1.0322247669430018,26.1,28.2,0.028913231392590836,841.0,8100,2.5600000000000005,1006009,614.1,102.35000000000001,1.0,-3.0,0.3000000000000007
110,319.0,25.3,82.7,48.8,146.3,83,1.0,1003,81,30.1,1.3,2.0,2023,8,10,8,3,222,32,0.8660254037844387,-0.4999999999999998,-0.8660254037844385,-0.5000000000000004,0.43388373911755823,-0.900968867902419,2,0,0,23.0,22.0,28.0,38.0,26.0,19.0,28.0,9.539392014170176,39.0,22.0,27.833333333333332,6.112828041639582,39.0,22.0,26.166666666666668,7.120180453960672,39.0,16.0,31.208333333333332,9.426969482457778,48.0,16.0,29.0,28.5,28.7,90.0,93.0,91.0,1.6,1.6,0.66,1003.0,1002.0,1002.0,2438.1,162.0,60.2,83.0,0.7991639515583698,12.608197304454368,3.268645508082684,24.381,29.1,0.030009940169551177,906.0100000000001,6561,4.0,1006009,661.0999999999999,110.18333333333332,16.0,11.0,1.1000000000000014
107,262.8,19.7,133.3,47.5,168.7,79,0.0,1003,74,31.1,1.9,2.0,2023,8,10,9,3,222,32,0.7071067811865476,-0.7071067811865475,-0.8660254037844385,-0.5000000000000004,0.43388373911755823,-0.900968867902419,2,0,0,39.0,23.0,22.0,29.0,25.0,29.0,33.333333333333336,8.962886439833165,39.0,23.0,29.333333333333332,7.42069179164959,39.0,22.0,27.25,7.875450925040485,39.0,16.0,31.583333333333332,9.51391048694622,48.0,16.0,30.1,28.7,28.5,81.0,91.0,93.0,2.0,1.6,0.33,1003.0,1002.0,1001.0,2301.4,148.0,62.2,0.0,0.7999831582493001,13.339424394700776,6.766154002334908,23.014,30.1,0.031006948148606037,967.21,5476,4.0,1006009,670.0,111.66666666666667,-1.0,16.0,1.0
107,206.6,14.0,184.0,35.0,191.0,75,0.0,1004,67,32.2,2.8,1.2,2023,8,10,10,3,222,32,0.49999999999999994,-0.8660254037844387,-0.8660254037844385,-0.5000000000000004,0.43388373911755823,-0.900968867902419,2,0,0,38.0,39.0,23.0,26.0,22.0,43.0,35.0,6.082762530299149,39.0,28.0,29.666666666666668,7.284687135811372,39.0,22.0,27.75,7.700354183117049,39.0,16.0,30.958333333333332,9.219446209279539,48.0,16.0,31.1,29.0,28.2,74.0,90.0,94.0,2.0,1.6,1.6,1003.0,1003.0,1001.0,2157.4,80.39999999999999,38.64,0.0,0.7999771435101855,14.756088850796372,13.141918434397544,21.574,31.6,0.03207168120350478,1036.8400000000001,4489,1.44,1008016,658.6,109.76666666666667,-10.0,5.0,1.1000000000000014
110,189.9,11.3,192.3,28.8,166.3,75,1.0,1003,75,31.2,4.0,1.2,2023,8,10,11,3,222,32,0.258819045102521,-0.9659258262890682,-0.8660254037844385,-0.5000000000000004,0.43388373911755823,-0.900968867902419,2,0,0,28.0,38.0,39.0,28.0,29.0,48.0,29.666666666666668,7.637626158260594,38.0,23.0,28.833333333333332,7.782458908767555,39.0,22.0,27.25,7.805883561891757,39.0,16.0,29.916666666666668,8.601904069634218,46.0,16.0,32.2,30.1,28.5,67.0,81.0,93.0,1.2,2.0,1.6,1004.0,1003.0,1002.0,2340.0,90.0,37.44,75.0,0.7985833825214401,16.803822670560127,17.016193257233873,23.4,30.599999999999998,0.03110664894651152,973.4399999999999,5625,1.44,1006009,611.6,101.93333333333334,-5.0,-16.0,-1.0000000000000036
112,173.1,8.7,200.7,35.0,141.7,75,4.25,1003,83,30.1,4.2,1.6,2023,8,10,12,3,222,32,1.2246467991473532e-16,-1.0,-0.8660254037844385,-0.5000000000000004,0.43388373911755823,-0.900968867902419,2,1,0,23.0,28.0,38.0,22.0,16.0,45.0,26.333333333333332,2.886751345950603,28.0,23.0,29.833333333333332,7.0828431202911535,39.0,23.0,28.25,6.956030738600661,39.0,17.0,29.208333333333332,7.983565546833113,46.0,16.0,31.2,31.1,28.7,75.0,74.0,91.0,1.2,2.0,1.6,1003.0,1003.0,1002.0,2498.3,132.8,48.160000000000004,318.75,0.7999771435101855,19.89426502700839,23.066314216756698,24.983,29.3,0.030009940169551177,906.0100000000001,6889,2.5600000000000005,1006009,587.2,97.86666666666667,5.0,-10.0,-1.0999999999999979
123,156.4,6.0,209.0,55.0,117.0,75,5.0,1002,92,29.1,3.6,0.8,2023,8,10,13,3,222,32,-0.2588190451025208,-0.9659258262890683,-0.8660254037844385,-0.5000000000000004,0.43388373911755823,-0.900968867902419,2,1,0,28.0,23.0,28.0,23.0,17.0,25.0,31.666666666666668,10.969655114603457,44.0,23.0,33.333333333333336,8.140434058860535,44.0,23.0,30.5,7.342281042638195,44.0,22.0,30.0,8.475027254028337,46.0,16.0,30.1,32.2,29.0,83.0,67.0,90.0,1.6,1.2,1.6,1003.0,1004.0,1003.0,2677.2000000000003,73.60000000000001,23.28,375.0,0.7999854548099126,26.062322946175637,34.82752874520913,26.772000000000002,28.700000000000003,0.029041887183745327,846.8100000000001,8464,0.6400000000000001,1004004,587.4,97.89999999999999,16.0,16.0,-1.0
126,152.7,7.0,195.0,56.3,108.0,75,2.5,1002,92,29.3,2.9,0.8,2023,8,10,14,3,222,32,-0.4999999999999997,-0.8660254037844388,-0.8660254037844385,-0.5000000000000004,0.43388373911755823,-0.900968867902419,2,1,0,44.0,28.0,23.0,39.0,38.0,38.0,39.0,9.539392014169978,45.0,28.0,34.333333333333336,9.266426855409634,45.0,23.0,31.083333333333332,8.218143268882091,45.0,22.0,30.291666666666668,8.873405143493741,46.0,16.0,29.1,31.2,30.1,92.0,75.0,81.0,0.8,1.2,2.0,1002.0,1003.0,1003.0,2695.6,73.60000000000001,23.44,187.5,0.7992753237065062,21.811169832881014,27.853163833738037,26.956,28.900000000000002,0.029241487782946326,858.49,8464,0.6400000000000001,1004004,564.0,94.0,1.0,22.0,0.1999999999999993
106,149.0,8.0,181.0,45.0,99.0,75,1.75,1001,92,29.5,2.0,0.8,2023,8,10,15,3,222,32,-0.7071067811865471,-0.7071067811865479,-0.8660254037844385,-0.5000000000000004,0.43388373911755823,-0.900968867902419,2,1,0,45.0,44.0,28.0,38.0,29.0,37.0,41.666666666666664,4.932882862317163,45.0,36.0,34.0,9.143303560529429,45.0,23.0,31.666666666666668,8.30479963453003,45.0,22.0,30.25,8.842830552143047,46.0,16.0,29.3,30.1,31.1,92.0,83.0,74.0,0.8,1.6,2.0,1002.0,1003.0,1003.0,2714.0,73.60000000000001,23.6,131.25,0.7999822226172753,18.622672165979253,22.62217222847144,27.14,29.1,0.0294705000294705,870.25,8464,0.6400000000000001,1002001,518.0,86.33333333333333,-9.0,8.0,0.1999999999999993
112,145.3,9.0,167.0,50.0,90.0,75,3.5,1001,92,29.7,1.2,0.8,2023,8,10,16,3,222,32,-0.8660254037844385,-0.5000000000000004,-0.8660254037844385,-0.5000000000000004,0.43388373911755823,-0.900968867902419,2,1,0,36.0,45.0,44.0,28.0,26.0,46.0,40.333333333333336,4.509249752823946,45.0,36.0,36.0,8.876936408468332,45.0,23.0,32.833333333333336,8.418954084610561,45.0,22.0,30.0,8.454481703189533,45.0,16.0,29.5,29.1,32.2,92.0,92.0,67.0,0.8,0.8,1.2,1001.0,1002.0,1004.0,2732.4,73.60000000000001,23.76,262.5,0.7999840003199936,16.142650816575937,18.55349405621598,27.324,29.3,0.0296703000296703,882.0899999999999,8464,0.6400000000000001,1002001,501.3,83.55,4.0,-4.0,0.1999999999999993
110,200.2,15.3,144.3,48.8,104.7,79,3.5,1001,93,29.4,0.8,0.66,2023,8,10,17,3,222,32,-0.9659258262890683,-0.25881904510252063,-0.8660254037844385,-0.5000000000000004,0.43388373911755823,-0.900968867902419,2,1,0,40.0,36.0,45.0,23.0,28.0,44.0,38.333333333333336,2.0816659994685756,40.0,36.0,38.666666666666664,6.186005711819057,45.0,28.0,33.75,8.443663573677448,45.0,22.0,29.791666666666668,8.150642368212091,45.0,16.0,29.7,29.3,31.2,92.0,92.0,75.0,0.8,0.8,1.2,1001.0,1002.0,1003.0,2734.2,61.38,19.404,276.5,0.7991639515583698,13.084112149532709,9.430756159728123,27.342,29.07,0.0293706000293706,864.3599999999999,8649,0.43560000000000004,1002001,552.3000000000001,92.05000000000001,-1.0,-6.0,-0.3000000000000007
112,255.0,21.7,121.7,50.0,119.3,83,2.5,1002,93,29.2,0.7,1.33,2023,8,10,18,3,222,32,-1.0,-1.8369701987210297e-16,-0.8660254037844385,-0.5000000000000004,0.43388373911755823,-0.900968867902419,2,2,0,39.0,40.0,36.0,28.0,22.0,28.0,39.666666666666664,0.5773502691980366,40.0,39.0,40.666666666666664,3.326659986632014,45.0,36.0,35.25,7.735690602066614,45.0,23.0,30.291666666666668,8.400202723571791,45.0,16.0,29.4,29.5,30.1,93.0,92.0,83.0,0.66,0.8,1.6,1001.0,1001.0,1003.0,2715.6,123.69000000000001,38.836,207.5,0.7999840003199936,11.750610570941431,5.608036496014009,27.156,28.535,0.029141687483345825,852.64,8649,1.7689000000000001,1004004,607.6999999999999,101.28333333333332,1.0,4.0,-0.1999999999999993
126,309.9,28.0,99.0,56.3,134.0,87,2.0,1002,93,28.9,0.0,2.0,2023,8,10,19,3,222,32,-0.9659258262890684,0.2588190451025203,-0.8660254037844385,-0.5000000000000004,0.43388373911755823,-0.900968867902419,2,2,0,40.0,39.0,40.0,44.0,23.0,26.0,41.333333333333336,3.2145502536657395,45.0,39.0,40.833333333333336,3.544949458970967,45.0,36.0,37.083333333333336,7.153617436251034,45.0,23.0,31.083333333333332,8.860840408991972,45.0,16.0,29.2,29.7,29.1,93.0,92.0,92.0,1.33,0.8,0.8,1002.0,1001.0,1002.0,2687.7,186.0,57.8,174.0,0.7992753237065062,11.067461876361557,3.53558801471376,26.877,27.9,0.028842286584544324,835.2099999999999,8649,4.0,1004004,672.2,112.03333333333335,5.0,5.0,-0.3000000000000007
67,366.3,30.0,81.0,25.0,141.3,91,1.0,1002,94,28.8,0.0,1.33,2023,8,10,20,3,222,32,-0.8660254037844386,0.5000000000000001,-0.8660254037844385,-0.5000000000000004,0.43388373911755823,-0.900968867902419,2,2,0,45.0,40.0,39.0,45.0,39.0,26.0,35.0,13.228756555323379,45.0,20.0,36.666666666666664,8.664102184684658,45.0,20.0,35.5,8.639233972775378,45.0,20.0,30.833333333333332,9.092121131323998,45.0,16.0,28.9,29.4,29.3,93.0,93.0,92.0,2.0,0.66,0.8,1002.0,1001.0,1002.0,2707.2000000000003,125.02000000000001,38.304,91.0,0.7999680012799487,12.209593013566215,2.6999100029999,27.072000000000003,28.135,0.02874248628494383,829.44,8836,1.7689000000000001,1004004,663.5999999999999,110.59999999999998,-25.0,-19.0,-0.09999999999999787
95,422.7,32.0,63.0,41.3,148.7,95,1.0,1003,95,28.7,0.0,0.66,2023,8,10,21,3,222,32,-0.7071067811865477,0.7071067811865474,-0.8660254037844385,-0.5000000000000004,0.43388373911755823,-0.900968867902419,2,2,0,20.0,45.0,40.0,36.0,38.0,25.0,32.666666666666664,12.50333288900785,45.0,20.0,36.166666666666664,8.795832346438702,45.0,20.0,35.083333333333336,8.628265740979606,45.0,20.0,31.166666666666668,9.015284927213473,45.0,16.0,28.8,29.2,29.5,94.0,93.0,92.0,1.33,1.33,0.8,1002.0,1002.0,1001.0,2726.5,62.7,18.942,95.0,0.7990121304568898,13.208962219930628,1.9686884784850476,27.265,28.37,0.028614128998874378,823.6899999999999,9025,0.43560000000000004,1006009,740.7,123.45,13.0,-7.0,-0.10000000000000142
91,479.1,34.0,45.0,38.8,156.0,100,1.0,1003,96,28.6,0.0,1.2,2023,8,10,22,3,222,32,-0.5000000000000004,0.8660254037844384,-0.8660254037844385,-0.5000000000000004,0.43388373911755823,-0.900968867902419,2,3,0,33.0,20.0,45.0,40.0,28.0,22.0,28.0,7.000000000000975,33.0,20.0,34.666666666666664,8.778762251402926,45.0,20.0,35.333333333333336,8.445906306212846,45.0,20.0,31.541666666666668,8.802070737920955,45.0,16.0,28.7,28.9,29.7,95.0,93.0,92.0,0.66,2.0,0.8,1003.0,1002.0,1001.0,2745.6000000000004,115.19999999999999,34.32,100.0,0.7989484807092602,14.090762036410695,1.3234904855739538,27.456000000000003,28.0,0.028514428200968896,817.96,9216,1.44,1006009,783.9,130.65,-2.0,-14.0,-0.09999999999999787
82,475.1,33.3,40.3,33.8,152.7,91,0.75,1003,96,28.6,0.0,0.33,2023,8,10,23,3,222,32,-0.25881904510252157,0.9659258262890681,-0.8660254037844385,-0.5000000000000004,0.43388373911755823,-0.900968867902419,2,3,0,31.0,33.0,20.0,39.0,23.0,29.0,30.333333333333332,3.0550504633060025,33.0,27.0,32.666666666666664,8.959166627910012,45.0,20.0,35.666666666666664,7.981038134037592,45.0,20.0,31.458333333333332,8.836579933862321,45.0,16.0,28.6,28.8,29.4,96.0,94.0,93.0,1.2,1.33,0.66,1003.0,1002.0,1001.0,2745.6000000000004,31.68,9.438,68.25,0.7987929351202628,14.266838833668661,1.2101738686525931,27.456000000000003,28.435000000000002,0.028514428200968896,817.96,9216,0.10890000000000001,1006009,762.2,127.03333333333335,-4.0,7.0,0.0
123,471.0,32.7,35.7,55.0,149.3,83,0.25,1003,96,28.5,0.0,0.66,2023,8,11,0,4,223,32,0.0,1.0,-0.8660254037844385,-0.5000000000000004,-0.433883739117558,-0.9009688679024191,2,3,0,27.0,31.0,33.0,40.0,28.0,16.0,34.0,8.888194417316246,44.0,27.0,33.333333333333336,9.729679679550433,45.0,20.0,37.0,7.920055096226612,45.0,20.0,32.625,8.550680115334984,45.0,17.0,28.6,28.7,29.2,96.0,95.0,93.0,0.33,0.66,1.33,1003.0,1003.0,1002.0,2736.0,63.36,18.810000000000002,20.75,0.7999854548099126,14.403229259044066,1.0917097336472892,27.36,28.17,0.028414727403063406,812.25,9216,0.43560000000000004,1006009,787.7,131.28333333333333,17.0,11.0,-0.10000000000000142
131,466.9,32.0,31.0,58.8,146.0,75,0.5,1002,96,28.5,0.0,1.0,2023,8,11,1,4,223,32,0.25881904510252074,0.9659258262890683,-0.8660254037844385,-0.5000000000000004,-0.433883739117558,-0.9009688679024191,2,3,0,44.0,27.0,31.0,45.0,44.0,17.0,39.333333333333336,10.785793124909423,47.0,27.0,33.666666666666664,10.230672835481384,47.0,20.0,37.25,8.203380677833188,47.0,20.0,33.875,8.35782632444395,47.0,20.0,28.5,28.6,28.9,96.0,96.0,93.0,0.66,1.2,2.0,1003.0,1003.0,1002.0,2736.0,96.0,28.5,37.5,0.7993061342494175,14.590169057216963,0.9687197275085154,27.36,28.0,0.02844308538614233,812.25,9216,1.0,1004004,781.6999999999999,130.28333333333333,3.0,16.0,0.0
148,418.8,28.3,33.3,66.3,136.3,70,0.0,1002,96,28.4,0.0,1.0,2023,8,11,2,4,223,32,0.49999999999999994,0.8660254037844387,-0.8660254037844385,-0.5000000000000004,-0.433883739117558,-0.9009688679024191,2,3,0,47.0,44.0,27.0,20.0,45.0,38.0,48.0,4.582575694956643,53.0,44.0,39.166666666666664,10.284292229738426,53.0,27.0,37.916666666666664,9.159777025206859,53.0,20.0,34.5,9.198298519409839,53.0,20.0,28.5,28.6,28.8,96.0,96.0,94.0,1.0,0.33,1.33,1002.0,1003.0,1002.0,2726.3999999999996,96.0,28.4,0.0,0.7993846246662946,14.798063672661742,1.1766368679551957,27.263999999999996,27.9,0.02834328508654183,806.56,9216,1.0,1004004,736.0,122.66666666666667,6.0,26.0,-0.10000000000000142
159,370.8,24.7,35.7,77.5,126.7,66,0.0,1001,96,28.3,0.0,1.0,2023,8,11,3,4,223,32,0.7071067811865476,0.7071067811865476,-0.8660254037844385,-0.5000000000000004,-0.433883739117558,-0.9009688679024191,2,3,0,53.0,47.0,44.0,33.0,36.0,29.0,54.0,7.549834435271111,62.0,47.0,44.0,13.206059215375067,62.0,27.0,40.083333333333336,11.45313242847713,62.0,20.0,35.875,10.686490862604321,62.0,20.0,28.4,28.5,28.7,96.0,96.0,95.0,1.0,0.66,0.66,1002.0,1003.0,1003.0,2716.8,96.0,28.3,0.0,0.7999896775525477,15.011537994413182,1.445285615966965,27.168000000000003,27.8,0.0282717000282717,800.89,9216,1.0,1002001,697.4000000000001,116.23333333333335,9.0,18.0,-0.09999999999999787
179,322.7,21.0,38.0,96.3,117.0,62,2.5,1001,95,28.2,0.0,1.0,2023,8,11,4,4,223,32,0.8660254037844386,0.5000000000000001,-0.8660254037844385,-0.5000000000000004,-0.433883739117558,-0.9009688679024191,2,3,0,62.0,53.0,47.0,31.0,40.0,26.0,64.0,12.124355652982238,77.0,53.0,51.666666666666664,16.96663392269254,77.0,27.0,43.166666666666664,15.642792899510027,77.0,20.0,38.0,13.370961397583086,77.0,20.0,28.3,28.5,28.6,96.0,96.0,96.0,1.0,1.0,1.2,1001.0,1002.0,1003.0,2679.0,95.0,28.2,155.0,0.7995763283870365,15.36593495547831,1.8094376458263892,26.79,27.7,0.0281718000281718,795.24,9025,1.0,1002001,672.0,112.0,15.0,30.0,-0.10000000000000142
156,279.7,21.0,37.7,75.0,130.3,75,1.0,1001,95,28.3,0.0,1.0,2023,8,11,5,4,223,32,0.9659258262890683,0.25881904510252074,-0.8660254037844385,-0.5000000000000004,-0.433883739117558,-0.9009688679024191,2,3,0,77.0,62.0,53.0,27.0,39.0,28.0,66.33333333333333,9.291573243177659,77.0,60.0,57.166666666666664,11.990273836183341,77.0,44.0,44.916666666666664,16.295333037034563,77.0,20.0,39.333333333333336,13.914854954536988,77.0,20.0,28.2,28.4,28.6,95.0,96.0,96.0,1.0,1.0,0.33,1001.0,1002.0,1003.0,2688.5,95.0,28.3,75.0,0.7999893334755536,13.31841340888529,1.7951526117803915,26.885,27.8,0.0282717000282717,800.89,9025,1.0,1002001,603.7,100.61666666666667,-17.0,7.0,0.10000000000000142
155,236.7,21.0,37.3,73.8,143.7,87,0.0,1001,94,28.4,0.6,1.0,2023,8,11,6,4,223,32,1.0,6.123233995736766e-17,-0.8660254037844385,-0.5000000000000004,-0.433883739117558,-0.9009688679024191,2,0,0,60.0,77.0,62.0,44.0,40.0,22.0,65.33333333333333,10.115993936995775,77.0,59.0,59.666666666666664,10.112698288125847,77.0,47.0,46.5,16.692404369543496,77.0,20.0,40.875,13.960542221935398,77.0,20.0,28.3,28.3,28.5,95.0,96.0,96.0,1.0,1.0,0.66,1001.0,1001.0,1003.0,2669.6,94.0,28.4,0.0,0.799447161962575,11.27089186229227,1.7761058997190609,26.695999999999998,27.9,0.0283716000283716,806.56,8836,1.0,1002001,571.5,95.25,-1.0,-3.0,0.09999999999999787
151,193.8,21.0,37.0,70.0,157.0,100,0.0,1002,94,28.5,0.8,1.0,2023,8,11,7,4,223,32,0.9659258262890683,-0.25881904510252063,-0.8660254037844385,-0.5000000000000004,-0.433883739117558,-0.9009688679024191,2,0,0,59.0,60.0,77.0,47.0,45.0,23.0,58.333333333333336,2.081665999467076,60.0,56.0,61.166666666666664,8.376554582085873,77.0,53.0,47.416666666666664,16.90324516090588,77.0,20.0,42.25,13.746936417601269,77.0,20.0,28.4,28.2,28.5,94.0,95.0,96.0,1.0,1.0,1.0,1001.0,1001.0,1002.0,2679.0,94.0,28.5,0.0,0.7999885715918343,9.228131993714586,1.7618208656730632,26.79,28.0,0.02844308538614233,812.25,8836,1.0,1004004,534.8,89.13333333333333,-3.0,-21.0,0.10000000000000142
160,180.1,19.0,50.3,78.8,149.0,100,0.0,1002,93,28.7,1.2,0.66,2023,8,11,8,4,223,32,0.8660254037844387,-0.4999999999999998,-0.8660254037844385,-0.5000000000000004,-0.433883739117558,-0.9009688679024191,2,0,0,56.0,59.0,60.0,53.0,20.0,39.0,59.333333333333336,3.511884584284765,63.0,56.0,62.833333333333336,7.359800721939709,77.0,56.0,51.0,15.01514387059065,77.0,27.0,43.25,14.359514343247138,77.0,20.0,28.5,28.3,28.4,94.0,95.0,96.0,1.0,1.0,1.0,1002.0,1001.0,1002.0,2669.1,61.38,18.942,0.0,0.7994822400730955,9.478448502710382,2.6472290932056204,26.691,28.37,0.02864268598534333,823.6899999999999,8649,0.43560000000000004,1004004,540.2,90.03333333333335,7.0,3.0,0.1999999999999993
155,166.5,17.0,63.7,73.8,141.0,100,0.5,1002,93,29.0,2.1,0.33,2023,8,11,9,4,223,32,0.7071067811865476,-0.7071067811865475,-0.8660254037844385,-0.5000000000000004,-0.433883739117558,-0.9009688679024191,2,0,0,63.0,56.0,59.0,62.0,33.0,38.0,59.333333333333336,3.511884584284765,63.0,56.0,62.333333333333336,7.527726527090643,77.0,56.0,53.166666666666664,14.024869685560716,77.0,27.0,44.125,14.662322314428282,77.0,20.0,28.7,28.4,28.3,93.0,94.0,96.0,0.66,1.0,1.0,1002.0,1001.0,1001.0,2697.0,30.69,9.57,50.0,0.799447161962575,9.793541556379036,3.746838421269337,26.97,28.835,0.028942086884144826,841.0,8649,0.10890000000000001,1004004,521.0,86.83333333333333,-4.0,0.0,0.3000000000000007
151,152.9,15.0,77.0,70.0,133.0,100,0.5,1002,92,29.2,2.8,0.8,2023,8,11,10,4,223,32,0.49999999999999994,-0.8660254037844387,-0.8660254037844385,-0.5000000000000004,-0.433883739117558,-0.9009688679024191,2,0,0,59.0,63.0,56.0,77.0,31.0,28.0,59.333333333333336,3.511884584284765,63.0,56.0,58.833333333333336,2.6394443859765624,63.0,56.0,55.25,12.166459109893776,77.0,27.0,45.291666666666664,14.435702018039558,77.0,20.0,29.0,28.5,28.2,93.0,94.0,95.0,0.33,1.0,1.0,1002.0,1002.0,1001.0,2686.4,73.60000000000001,23.36,50.0,0.7999885715918343,10.192653823078462,5.132991133924405,26.864,28.8,0.029141687483345825,852.64,8464,0.6400000000000001,1004004,503.9,83.98333333333333,-3.0,0.0,0.1999999999999993
159,156.2,12.7,118.0,77.5,129.7,100,4.5,1002,94,28.4,3.6,0.66,2023,8,11,11,4,223,32,0.258819045102521,-0.9659258262890682,-0.8660254037844385,-0.5000000000000004,-0.433883739117558,-0.9009688679024191,2,0,0,56.0,59.0,63.0,60.0,27.0,23.0,59.0,3.000000000000624,62.0,56.0,59.166666666666664,2.926886855801447,63.0,56.0,58.166666666666664,8.38649708360546,77.0,44.0,46.916666666666664,14.00595111610331,77.0,20.0,29.2,28.7,28.3,92.0,93.0,95.0,0.8,0.66,1.0,1002.0,1002.0,1001.0,2669.6,62.040000000000006,18.744,450.0,0.7999896775525477,12.29824423273758,9.290607038815843,26.695999999999998,28.07,0.02834328508654183,806.56,8836,0.43560000000000004,1004004,556.0999999999999,92.68333333333332,6.0,-1.0,-0.8000000000000007
179,159.5,10.3,159.0,96.3,126.3,100,12.25,1001,96,27.5,4.0,1.33,2023,8,11,12,4,223,32,1.2246467991473532e-16,-1.0,-0.8660254037844385,-0.5000000000000004,-0.433883739117558,-0.9009688679024191,2,1,0,62.0,56.0,59.0,59.0,44.0,28.0,65.0,10.81665382639206,77.0,56.0,62.166666666666664,7.833687935236128,77.0,56.0,60.916666666666664,8.722576072085728,77.0,47.0,48.958333333333336,14.683558290073318,77.0,20.0,28.4,29.0,28.4,94.0,93.0,94.0,0.66,0.33,1.0,1002.0,1002.0,1001.0,2640.0,127.68,36.575,1225.0,0.7995763283870365,15.483933598679739,15.43539462188137,26.4,26.835,0.0274725000274725,756.25,9216,1.7689000000000001,1002001,628.4,104.73333333333333,15.0,18.0,-0.8999999999999986
175,162.8,8.0,200.0,92.5,123.0,100,15.5,1001,98,26.7,3.6,2.0,2023,8,11,13,4,223,32,-0.2588190451025208,-0.9659258262890683,-0.8660254037844385,-0.5000000000000004,-0.433883739117558,-0.9009688679024191,2,1,0,77.0,62.0,56.0,56.0,47.0,44.0,71.0,7.937253933193787,77.0,62.0,65.16666666666667,8.424171571535378,77.0,56.0,63.166666666666664,8.277387964517569,77.0,53.0,50.208333333333336,15.497486939800458,77.0,20.0,27.5,29.2,28.5,96.0,92.0,94.0,1.33,0.8,1.0,1001.0,1002.0,1002.0,2616.6,196.0,53.4,1550.0,0.7999913514448492,20.34745656792901,24.99687539057618,26.166,25.7,0.0266733000266733,712.89,9604,4.0,1002001,660.3,110.05,-3.0,18.0,-0.8000000000000007
209,157.6,8.3,195.0,125.0,121.7,100,11.0,1001,97,26.5,2.9,1.66,2023,8,11,14,4,223,32,-0.4999999999999997,-0.8660254037844388,-0.8660254037844385,-0.5000000000000004,-0.433883739117558,-0.9009688679024191,2,1,0,74.0,77.0,62.0,63.0,53.0,45.0,83.66666666666667,14.224392195567795,100.0,74.0,71.33333333333333,16.34217447791653,100.0,56.0,67.08333333333333,12.873216263610473,100.0,56.0,52.5,18.474424154113667,100.0,20.0,26.7,28.4,28.7,98.0,94.0,93.0,2.0,0.66,0.66,1001.0,1002.0,1002.0,2570.5,161.01999999999998,43.989999999999995,1100.0,0.7999936000511996,18.98566437778581,23.491145645103,25.705,25.67,0.0264735000264735,702.25,9409,2.7556,1002001,707.6,117.93333333333334,26.0,38.0,-0.1999999999999993
176,152.3,8.7,190.0,93.8,120.3,100,3.25,1000,95,26.2,2.1,1.33,2023,8,11,15,4,223,32,-0.7071067811865471,-0.7071067811865479,-0.8660254037844385,-0.5000000000000004,-0.433883739117558,-0.9009688679024191,2,1,0,100.0,74.0,77.0,59.0,62.0,36.0,83.0,14.73091986265613,100.0,74.0,74.0,15.19210321186637,100.0,56.0,68.16666666666667,12.95329605883641,100.0,56.0,54.125,18.674121829070536,100.0,20.0,26.5,27.5,29.0,97.0,96.0,93.0,1.66,1.33,0.33,1001.0,1001.0,1002.0,2489.0,126.35000000000001,34.846000000000004,325.0,0.7995650366200786,17.50373520285025,21.836570509136884,24.89,25.535,0.0261999738000262,686.4399999999999,9025,1.7689000000000001,1000000,640.0999999999999,106.68333333333332,-25.0,-2.0,-0.3000000000000007
176,147.1,9.0,185.0,93.8,119.0,100,1.5,1000,94,26.0,1.3,1.0,2023,8,11,16,4,223,32,-0.8660254037844385,-0.5000000000000004,-0.8660254037844385,-0.5000000000000004,-0.433883739117558,-0.9009688679024191,2,1,0,75.0,100.0,74.0,56.0,77.0,40.0,83.33333333333333,14.433756729740532,100.0,75.0,77.16666666666667,12.416387021459503,100.0,62.0,68.0,12.84169345955116,100.0,56.0,55.583333333333336,18.888498148843215,100.0,20.0,26.2,26.7,29.2,95.0,98.0,92.0,1.33,2.0,0.8,1000.0,1001.0,1002.0,2444.0,94.0,26.0,150.0,0.7995650366200786,16.342628596822575,20.55327185868237,24.44,25.5,0.025999974000026002,676.0,8836,1.0,1000000,628.9000000000001,104.81666666666668,0.0,1.0,-0.1999999999999993
161,162.0,12.0,157.3,80.0,122.3,87,0.0,1000,95,26.1,0.8,0.66,2023,8,11,17,4,223,32,-0.9659258262890683,-0.25881904510252063,-0.8660254037844385,-0.5000000000000004,-0.433883739117558,-0.9009688679024191,2,1,0,75.0,75.0,100.0,62.0,60.0,39.0,71.33333333333333,6.350852961085898,75.0,64.0,77.5,11.94571052721442,100.0,64.0,68.33333333333333,12.665869193396498,100.0,56.0,56.625,18.621662233749152,100.0,20.0,26.0,26.5,28.4,94.0,97.0,94.0,1.0,1.66,0.66,1000.0,1001.0,1002.0,2479.5,62.7,17.226000000000003,0.0,0.7999900001249984,13.498875093742189,13.10724106324473,24.795,25.770000000000003,0.0260999739000261,681.21,9025,0.43560000000000004,1000000,597.6,99.60000000000001,-11.0,-36.0,0.10000000000000142
163,177.0,15.0,129.7,81.3,125.7,75,0.0,1000,96,26.1,0.6,0.33,2023,8,11,18,4,223,32,-1.0,-1.8369701987210297e-16,-0.8660254037844385,-0.5000000000000004,-0.433883739117558,-0.9009688679024191,2,2,0,64.0,75.0,75.0,77.0,59.0,40.0,68.0,6.082762530298314,75.0,64.0,75.5,13.003845585056789,100.0,64.0,68.83333333333333,12.37911241739133,100.0,56.0,57.666666666666664,18.348478592697557,100.0,20.0,26.1,26.2,27.5,95.0,95.0,96.0,0.66,1.33,1.33,1000.0,1000.0,1001.0,2505.6000000000004,31.68,8.613000000000001,0.0,0.7994981611542293,11.799213385774282,8.64609026064929,25.056000000000004,25.935000000000002,0.0260999739000261,681.21,9216,0.10890000000000001,1000000,593.7,98.95,1.0,-10.0,0.0
134,192.0,18.0,102.0,60.0,129.0,62,0.0,1000,97,26.2,0.0,2.0,2023,8,11,19,4,223,32,-0.9659258262890684,0.2588190451025203,-0.8660254037844385,-0.5000000000000004,-0.433883739117558,-0.9009688679024191,2,2,0,65.0,64.0,75.0,74.0,56.0,45.0,59.0,9.539392014169652,65.0,48.0,71.16666666666667,17.24432273725665,100.0,48.0,68.16666666666667,13.313242439105972,100.0,48.0,57.791666666666664,18.26847883214674,100.0,20.0,26.1,26.0,26.7,96.0,94.0,98.0,0.33,1.0,2.0,1000.0,1000.0,1001.0,2541.4,194.0,52.4,0.0,0.7999866668888852,10.666074106994055,5.666351869340592,25.414,25.2,0.0261999738000262,686.4399999999999,9409,4.0,1000000,549.0,91.5,-17.0,-27.0,0.09999999999999787
80,207.8,19.0,86.3,32.5,127.0,75,0.0,1001,97,26.2,0.0,2.0,2023,8,11,20,4,223,32,-0.8660254037844386,0.5000000000000001,-0.8660254037844385,-0.5000000000000004,-0.433883739117558,-0.9009688679024191,2,2,0,48.0,65.0,64.0,100.0,63.0,20.0,46.333333333333336,19.55334583475014,65.0,26.0,58.833333333333336,18.882972929776283,75.0,26.0,65.08333333333333,18.057777641042147,100.0,26.0,58.041666666666664,17.762880609187405,100.0,26.0,26.2,26.1,26.5,97.0,95.0,97.0,2.0,0.66,1.66,1000.0,1000.0,1001.0,2541.4,194.0,52.4,0.0,0.7999753853727578,10.936266512288826,4.541866217567496,25.414,25.2,0.0261738000261738,686.4399999999999,9409,4.0,1002001,498.6,83.10000000000001,-22.0,-38.0,0.0
78,223.5,20.0,70.7,31.3,125.0,87,0.0,1001,97,26.2,0.0,0.8,2023,8,11,21,4,223,32,-0.7071067811865477,0.7071067811865474,-0.8660254037844385,-0.5000000000000004,-0.433883739117558,-0.9009688679024191,2,2,0,26.0,48.0,65.0,75.0,59.0,33.0,33.0,13.000000000000426,48.0,25.0,50.5,21.21084628203211,75.0,25.0,62.25,21.448140415260152,100.0,25.0,57.708333333333336,18.31957652507243,100.0,25.0,26.2,26.1,26.2,97.0,96.0,95.0,2.0,0.33,1.33,1001.0,1000.0,1000.0,2541.4,77.60000000000001,20.96,0.0,0.7986965272674994,11.174441277936102,3.5348232588370583,25.414,25.8,0.0261738000261738,686.4399999999999,9409,0.6400000000000001,1002001,495.5,82.58333333333333,-1.0,-40.0,0.0
69,239.3,21.0,55.0,26.3,123.0,100,2.5,1002,97,26.2,0.0,1.2,2023,8,11,22,4,223,32,-0.5000000000000004,0.8660254037844384,-0.8660254037844385,-0.5000000000000004,-0.433883739117558,-0.9009688679024191,2,3,0,25.0,26.0,48.0,75.0,56.0,31.0,24.0,2.645751311067156,26.0,21.0,41.5,20.166804407242946,65.0,21.0,59.333333333333336,24.533218049794787,100.0,21.0,57.291666666666664,19.052511341180477,100.0,21.0,26.2,26.2,26.0,97.0,97.0,94.0,0.8,2.0,1.0,1001.0,1000.0,1000.0,2541.4,116.39999999999999,31.439999999999998,250.0,0.79844872818524,11.39469549069092,2.6189229084329315,25.414,25.599999999999998,0.026147678495330843,686.4399999999999,9409,1.44,1004004,485.6,80.93333333333334,-4.0,-27.0,0.0
67,215.0,19.7,50.0,25.0,109.7,100,1.5,1001,97,26.2,0.0,0.8,2023,8,11,23,4,223,32,-0.25881904510252157,0.9659258262890681,-0.8660254037844385,-0.5000000000000004,-0.433883739117558,-0.9009688679024191,2,3,0,21.0,25.0,26.0,64.0,62.0,27.0,22.0,2.6457513110672606,25.0,20.0,34.166666666666664,18.25833143161386,65.0,20.0,55.833333333333336,26.99101983095749,100.0,20.0,57.0,19.582600973046933,100.0,20.0,26.2,26.2,26.1,97.0,97.0,95.0,1.2,2.0,0.66,1002.0,1001.0,1000.0,2541.4,77.60000000000001,20.96,150.0,0.7999680012799487,10.913151616669204,2.5379422364346986,25.414,25.8,0.0261738000261738,686.4399999999999,9409,0.6400000000000001,1002001,439.4,73.23333333333333,-1.0,-6.0,0.0
76,190.6,18.3,45.0,30.0,96.3,100,0.5,1001,97,26.2,0.0,0.4,2023,8,12,0,5,224,32,0.0,1.0,-0.8660254037844385,-0.5000000000000004,-0.9749279121818236,-0.2225209339563146,2,3,1,20.0,21.0,25.0,65.0,77.0,44.0,21.666666666666668,2.081665999469548,24.0,20.0,27.333333333333332,10.385887861259498,48.0,20.0,51.416666666666664,27.543216730781054,100.0,20.0,56.166666666666664,20.560973303528677,100.0,20.0,26.2,26.2,26.1,97.0,97.0,96.0,0.8,0.8,0.33,1001.0,1001.0,1000.0,2541.4,38.800000000000004,10.48,50.0,0.7999733342221925,10.414731435440684,2.458882028304464,25.414,26.0,0.0261738000261738,686.4399999999999,9409,0.16000000000000003,1002001,404.2,67.36666666666666,4.0,-1.0,0.0
69,166.3,17.0,40.0,26.3,83.0,100,3.0,1001,97,26.2,0.0,0.4,2023,8,12,1,5,224,32,0.25881904510252074,0.9659258262890683,-0.8660254037844385,-0.5000000000000004,-0.9749279121818236,-0.2225209339563146,2,3,1,24.0,20.0,21.0,48.0,74.0,47.0,21.666666666666668,2.081665999469548,24.0,20.0,22.833333333333332,2.48327740428985,26.0,20.0,47.0,27.84045454174373,100.0,20.0,55.083333333333336,21.71738767753259,100.0,20.0,26.2,26.2,26.2,97.0,97.0,97.0,0.4,1.2,2.0,1001.0,1002.0,1000.0,2541.4,38.800000000000004,10.48,300.0,0.79844872818524,9.7817775424975,2.352802776307276,25.414,26.0,0.0261738000261738,686.4399999999999,9409,0.16000000000000003,1002001,353.6,58.93333333333334,-3.0,0.0,0.0
89,157.2,17.3,37.3,37.5,87.3,100,2.0,1001,97,26.2,0.0,1.2,2023,8,12,2,5,224,32,0.49999999999999994,0.8660254037844387,-0.8660254037844385,-0.5000000000000004,-0.9749279121818236,-0.2225209339563146,2,3,1,21.0,24.0,20.0,26.0,100.0,53.0,25.0,4.582575694957288,30.0,21.0,23.5,3.7282703764601086,30.0,20.0,41.166666666666664,22.558341869002213,75.0,20.0,54.125,22.312625593362544,100.0,20.0,26.2,26.2,26.2,97.0,97.0,97.0,0.4,0.8,2.0,1001.0,1001.0,1001.0,2541.4,116.39999999999999,31.439999999999998,200.0,0.7999786672355405,9.086179989595976,2.155944743078434,25.414,25.599999999999998,0.0261738000261738,686.4399999999999,9409,1.44,1002001,366.6,61.1,9.0,10.0,0.0
153,148.0,17.7,34.7,68.8,91.7,100,1.5,1000,97,26.2,0.0,0.8,2023,8,12,3,5,224,32,0.7071067811865476,0.7071067811865476,-0.8660254037844385,-0.5000000000000004,-0.9749279121818236,-0.2225209339563146,2,3,1,30.0,21.0,24.0,25.0,75.0,62.0,35.333333333333336,17.616280348965375,55.0,21.0,28.5,13.487030807408685,55.0,20.0,39.5,20.473930208482415,75.0,20.0,53.833333333333336,22.250875247400362,100.0,20.0,26.2,26.2,26.2,97.0,97.0,97.0,1.2,0.4,0.8,1001.0,1001.0,1001.0,2541.4,77.60000000000001,20.96,150.0,0.7994069853635848,8.361109541833795,1.9603412236596804,25.414,25.8,0.0261999738000262,686.4399999999999,9409,0.6400000000000001,1000000,415.9,69.31666666666666,25.0,31.0,0.0
156,138.9,18.0,32.0,75.0,96.0,100,1.0,1000,97,26.2,0.0,0.8,2023,8,12,4,5,224,32,0.8660254037844386,0.5000000000000001,-0.8660254037844385,-0.5000000000000004,-0.9749279121818236,-0.2225209339563146,2,3,1,55.0,30.0,21.0,21.0,75.0,77.0,48.333333333333336,16.0727512683218,60.0,30.0,35.0,17.843766418556154,60.0,20.0,38.25,18.469261933375332,65.0,20.0,53.125,21.74618907143149,100.0,20.0,26.2,26.2,26.2,97.0,97.0,97.0,0.8,0.4,1.2,1000.0,1001.0,1002.0,2541.4,77.60000000000001,20.96,100.0,0.7999893334755536,7.716237986778512,1.7776790178323425,25.414,25.8,0.0261999738000262,686.4399999999999,9409,0.6400000000000001,1000000,419.9,69.98333333333333,5.0,39.0,0.0
110,146.1,18.0,32.7,48.8,86.3,100,0.5,1000,96,26.3,0.0,1.2,2023,8,12,5,5,224,32,0.9659258262890683,0.25881904510252074,-0.8660254037844385,-0.5000000000000004,-0.9749279121818236,-0.2225209339563146,2,3,1,60.0,55.0,30.0,20.0,64.0,60.0,51.333333333333336,10.969655114603153,60.0,39.0,38.166666666666664,16.265505423031268,60.0,21.0,36.166666666666664,16.617807170367154,65.0,20.0,52.25,21.879611315202997,100.0,20.0,26.2,26.2,26.2,97.0,97.0,97.0,0.8,1.2,0.8,1000.0,1001.0,1001.0,2524.8,115.19999999999999,31.56,50.0,0.7991639515583698,8.11621576579079,1.8165657463474252,25.248,25.7,0.0262999737000263,691.69,9216,1.44,1000000,370.90000000000003,61.81666666666667,-21.0,9.0,0.10000000000000142
87,153.3,18.0,33.3,36.3,76.7,100,0.0,1001,96,26.4,0.8,1.6,2023,8,12,6,5,224,32,1.0,6.123233995736766e-17,-0.8660254037844385,-0.5000000000000004,-0.9749279121818236,-0.2225209339563146,2,0,1,39.0,60.0,55.0,24.0,65.0,59.0,42.666666666666664,15.821925715074686,60.0,29.0,39.0,15.50483795465122,60.0,21.0,33.166666666666664,13.979422106232919,60.0,20.0,51.0,22.32954759174902,100.0,20.0,26.3,26.2,26.2,96.0,97.0,97.0,1.2,0.8,0.4,1000.0,1000.0,1001.0,2534.3999999999996,153.60000000000002,42.24,0.0,0.798876064020275,8.516193544803066,1.8498972279317814,25.343999999999998,25.599999999999998,0.026373600026373598,696.9599999999999,9216,2.5600000000000005,1002001,346.6,57.76666666666667,-10.0,-26.0,0.09999999999999787
95,160.5,18.0,34.0,41.3,67.0,100,0.0,1001,95,26.5,0.9,1.6,2023,8,12,7,5,224,32,0.9659258262890683,-0.25881904510252063,-0.8660254037844385,-0.5000000000000004,-0.9749279121818236,-0.2225209339563146,2,0,1,29.0,39.0,60.0,21.0,48.0,56.0,33.666666666666664,5.033222956848246,39.0,29.0,41.0,13.341664064126089,60.0,29.0,31.916666666666668,13.180276816883941,60.0,20.0,50.041666666666664,22.597574257403178,100.0,20.0,26.4,26.2,26.2,96.0,97.0,97.0,1.6,0.8,0.4,1001.0,1000.0,1001.0,2517.5,152.0,42.400000000000006,0.0,0.7990121304568898,8.916171323815343,1.888783956446864,25.175,25.7,0.0264735000264735,702.25,9025,2.5600000000000005,1002001,353.8,58.96666666666667,4.0,-27.0,0.10000000000000142
91,151.0,16.0,62.3,38.8,87.7,87,0.0,1001,90,27.6,1.3,1.2,2023,8,12,8,5,224,32,0.8660254037844387,-0.4999999999999998,-0.8660254037844385,-0.5000000000000004,-0.9749279121818236,-0.2225209339563146,2,0,1,33.0,29.0,39.0,30.0,26.0,63.0,31.0,2.0000000000029106,33.0,29.0,41.166666666666664,13.18205851400532,60.0,29.0,32.333333333333336,13.054663627387482,60.0,20.0,48.708333333333336,22.743329966630306,100.0,20.0,26.5,26.3,26.2,95.0,96.0,97.0,1.6,1.2,1.2,1001.0,1000.0,1001.0,2484.0,108.0,33.12,0.0,0.7989484807092602,9.43691019311293,3.8935066558340097,24.84,27.0,0.027572400027572403,761.7600000000001,8100,1.44,1002001,386.8,64.46666666666667,-2.0,-8.0,1.1000000000000014
102,141.4,14.0,90.7,45.0,108.3,75,0.0,1001,84,28.6,2.1,0.8,2023,8,12,9,5,224,32,0.7071067811865476,-0.7071067811865475,-0.8660254037844385,-0.5000000000000004,-0.9749279121818236,-0.2225209339563146,2,0,1,31.0,33.0,29.0,55.0,25.0,59.0,33.333333333333336,2.516611478425764,36.0,31.0,38.0,11.34900876728857,60.0,29.0,33.25,12.877923322139338,60.0,20.0,47.75,22.77536808274143,100.0,20.0,27.6,26.4,26.2,90.0,96.0,97.0,1.2,1.6,0.8,1001.0,1001.0,1000.0,2402.4,67.2,22.880000000000003,0.0,0.7999822226172753,10.099278622955504,6.478108706520963,24.024,28.200000000000003,0.028571400028571402,817.96,7056,0.6400000000000001,1002001,435.40000000000003,72.56666666666668,5.0,7.0,1.0
102,131.9,12.0,119.0,45.0,129.0,62,0.0,1002,79,29.7,3.5,0.8,2023,8,12,10,5,224,32,0.49999999999999994,-0.8660254037844387,-0.8660254037844385,-0.5000000000000004,-0.9749279121818236,-0.2225209339563146,2,0,1,36.0,31.0,33.0,60.0,21.0,56.0,34.333333333333336,2.886751345949981,36.0,31.0,34.0,3.6878177829160586,39.0,29.0,34.5,12.29560157868696,60.0,20.0,46.916666666666664,22.82621808105904,100.0,20.0,28.6,26.5,26.2,84.0,95.0,97.0,0.8,1.6,0.8,1001.0,1001.0,1000.0,2346.2999999999997,63.2,23.76,0.0,0.7999822226172753,10.990750770769104,9.915840346637781,23.462999999999997,29.3,0.02964068898134832,882.0899999999999,6241,0.6400000000000001,1004004,472.9,78.81666666666666,0.0,3.0,1.0999999999999979
107,133.8,10.3,148.3,47.5,127.7,62,0.5,1001,74,30.5,4.4,0.4,2023,8,12,11,5,224,32,0.258819045102521,-0.9659258262890682,-0.8660254037844385,-0.5000000000000004,-0.9749279121818236,-0.2225209339563146,2,0,1,36.0,36.0,31.0,39.0,20.0,62.0,36.666666666666664,1.1547005383835935,38.0,36.0,33.833333333333336,3.4302575219155993,38.0,29.0,36.0,11.433602788590466,60.0,21.0,45.916666666666664,22.661817469358034,100.0,20.0,29.7,27.6,26.3,79.0,90.0,96.0,0.8,1.2,1.2,1002.0,1001.0,1000.0,2257.0,29.6,12.200000000000001,31.0,0.7999831582493001,12.98903019124357,14.396660518396272,22.57,30.3,0.030469500030469502,930.25,5476,0.16000000000000003,1002001,505.6,84.26666666666667,2.0,7.0,0.8000000000000007
105,135.8,8.7,177.7,45.0,126.3,62,0.5,1001,70,31.4,5.4,0.8,2023,8,12,12,5,224,32,1.2246467991473532e-16,-1.0,-0.8660254037844385,-0.5000000000000004,-0.9749279121818236,-0.2225209339563146,2,1,1,38.0,36.0,36.0,29.0,24.0,77.0,36.666666666666664,1.1547005383835935,38.0,36.0,35.0,2.5298221281331528,38.0,31.0,37.0,10.795622008270085,60.0,21.0,44.208333333333336,21.74352310692673,100.0,20.0,30.5,28.6,26.4,74.0,84.0,96.0,0.4,0.8,1.6,1001.0,1001.0,1001.0,2198.0,56.0,25.12,31.0,0.7999822226172753,15.607401448109416,20.422939891966443,21.98,31.0,0.0313686000313686,985.9599999999999,4900,0.6400000000000001,1002001,529.5,88.25,-2.0,0.0,0.8999999999999986
126,137.7,7.0,207.0,56.3,125.0,62,1.5,1000,66,32.2,4.7,1.2,2023,8,12,13,5,224,32,-0.2588190451025208,-0.9659258262890683,-0.8660254037844385,-0.5000000000000004,-0.9749279121818236,-0.2225209339563146,2,1,1,36.0,38.0,36.0,33.0,21.0,74.0,39.666666666666664,4.725815626253578,45.0,36.0,37.0,4.560701700395745,45.0,31.0,39.0,9.732793675366976,60.0,29.0,43.0,20.8013377496237,100.0,20.0,31.4,29.7,26.5,70.0,79.0,95.0,0.8,0.8,1.6,1001.0,1002.0,1001.0,2125.2000000000003,79.2,38.64,93.0,0.7992753237065062,19.66861876874732,29.56720468504499,21.252000000000002,31.6,0.0321999678000322,1036.8400000000001,4356,1.44,1000000,578.0,96.33333333333333,9.0,9.0,0.8000000000000043
139,138.1,8.0,196.3,62.5,120.3,62,0.25,1000,71,31.8,3.6,0.66,2023,8,12,14,5,224,32,-0.4999999999999997,-0.8660254037844388,-0.8660254037844385,-0.5000000000000004,-0.9749279121818236,-0.2225209339563146,2,1,1,45.0,36.0,38.0,31.0,30.0,100.0,43.666666666666664,7.0945988845981525,50.0,36.0,40.166666666666664,5.9469880331694,50.0,36.0,40.666666666666664,9.763879010584054,60.0,29.0,40.916666666666664,17.00106561025114,75.0,20.0,32.2,30.5,27.6,66.0,74.0,90.0,1.2,0.4,1.2,1000.0,1001.0,1001.0,2257.8,46.86,20.988000000000003,15.5,0.7999872002047967,17.260342457192852,24.53443319585052,22.578000000000003,31.470000000000002,0.0317999682000318,1011.24,5041,0.43560000000000004,1000000,575.1999999999999,95.86666666666666,5.0,12.0,-0.40000000000000213
145,138.5,9.0,185.7,65.0,115.7,62,0.75,1000,76,31.4,2.5,1.33,2023,8,12,15,5,224,32,-0.7071067811865471,-0.7071067811865479,-0.8660254037844385,-0.5000000000000004,-0.9749279121818236,-0.2225209339563146,2,1,1,50.0,45.0,36.0,36.0,55.0,75.0,49.0,3.605551275464889,52.0,45.0,42.833333333333336,7.167054253084782,52.0,36.0,40.416666666666664,9.3949535131975,60.0,29.0,39.958333333333336,15.585609769401499,75.0,20.0,31.8,31.4,28.6,71.0,70.0,84.0,0.66,0.8,0.8,1000.0,1001.0,1001.0,2386.4,101.08000000000001,41.762,46.5,0.7999876924970385,15.387179202310856,20.631040995444952,23.864,30.735,0.0313999686000314,985.9599999999999,5776,1.7689000000000001,1000000,565.9,94.31666666666666,2.0,16.0,-0.40000000000000213
142,138.9,10.0,175.0,63.8,111.0,62,1.5,999,81,31.0,1.5,2.0,2023,8,12,16,5,224,32,-0.8660254037844385,-0.5000000000000004,-0.8660254037844385,-0.5000000000000004,-0.9749279121818236,-0.2225209339563146,2,1,1,52.0,50.0,45.0,36.0,60.0,75.0,51.0,1.000000000002962,52.0,50.0,45.333333333333336,6.918574034196732,52.0,36.0,39.666666666666664,7.935344792111277,52.0,29.0,38.958333333333336,13.920517127659242,65.0,20.0,31.4,32.2,29.7,76.0,66.0,79.0,1.33,1.2,0.8,1000.0,1000.0,1002.0,2511.0,162.0,62.0,93.0,0.7993605115907275,13.888611138886112,17.498250174982502,25.11,30.0,0.031030999968969002,961.0,6561,4.0,998001,549.7,91.61666666666667,-1.0,6.0,-0.3999999999999986
129,172.4,13.7,152.0,57.5,115.7,75,1.25,1000,84,29.7,0.8,1.66,2023,8,12,17,5,224,32,-0.9659258262890683,-0.25881904510252063,-0.8660254037844385,-0.5000000000000004,-0.9749279121818236,-0.2225209339563146,2,1,1,51.0,52.0,50.0,38.0,39.0,64.0,49.666666666666664,3.2145502536653,52.0,46.0,46.666666666666664,5.921711464320223,52.0,36.0,40.25,8.136617568408631,52.0,29.0,38.208333333333336,12.96476551764593,65.0,20.0,31.0,31.8,30.5,81.0,71.0,74.0,2.0,0.66,0.4,999.0,1000.0,1001.0,2494.7999999999997,139.44,49.302,93.75,0.7999860871984835,12.583023136997301,11.094080724034743,24.947999999999997,28.87,0.0296999703000297,882.0899999999999,7056,2.7556,1000000,557.3000000000001,92.88333333333334,-5.0,-4.0,-1.3000000000000007
118,205.8,17.3,129.0,52.5,120.3,87,0.5,1000,86,28.4,0.7,1.33,2023,8,12,18,5,224,32,-1.0,-1.8369701987210297e-16,-0.8660254037844385,-0.5000000000000004,-0.9749279121818236,-0.2225209339563146,2,2,1,46.0,51.0,52.0,36.0,29.0,65.0,46.333333333333336,4.5092497528237,51.0,42.0,47.666666666666664,3.9327683210000797,52.0,42.0,41.333333333333336,7.3278216201651745,52.0,31.0,37.25,11.6851819951969,60.0,20.0,29.7,31.4,31.4,84.0,76.0,70.0,1.66,1.33,0.8,1000.0,1000.0,1001.0,2442.4,114.38000000000001,37.772,43.5,0.7999847621950058,11.895266169585572,7.456216403676088,24.424,27.735,0.028399971600028398,806.56,7396,1.7689000000000001,1000000,566.9,94.48333333333333,-4.0,-10.0,-1.3000000000000007
126,239.3,21.0,106.0,56.3,125.0,100,0.75,1000,89,27.1,0.0,1.0,2023,8,12,19,5,224,32,-0.9659258262890684,0.2588190451025203,-0.8660254037844385,-0.5000000000000004,-0.9749279121818236,-0.2225209339563146,2,2,1,42.0,46.0,51.0,45.0,33.0,48.0,44.333333333333336,2.081665999468014,46.0,42.0,47.666666666666664,3.9327683210000797,52.0,42.0,42.333333333333336,6.893123494841937,52.0,31.0,37.125,11.580765537510324,60.0,20.0,28.4,31.0,32.2,86.0,81.0,66.0,1.33,2.0,1.2,1000.0,999.0,1000.0,2411.9,89.0,27.1,75.0,0.7992753237065062,11.39469549069092,5.047378696252559,24.119,26.6,0.0270999729000271,734.4100000000001,7921,1.0,1000000,592.6,98.76666666666667,3.0,-6.0,-1.2999999999999972
131,282.3,22.7,89.7,58.8,134.0,83,0.0,1001,91,26.9,0.0,0.66,2023,8,12,20,5,224,32,-0.8660254037844386,0.5000000000000001,-0.8660254037844385,-0.5000000000000004,-0.9749279121818236,-0.2225209339563146,2,2,1,45.0,42.0,46.0,50.0,31.0,26.0,44.666666666666664,2.5166114784251197,47.0,42.0,47.166666666666664,3.7638632635447418,52.0,42.0,43.666666666666664,5.989890473020203,52.0,36.0,38.0,11.49669139550518,60.0,20.0,27.1,29.7,31.8,89.0,84.0,71.0,1.0,1.66,0.66,1000.0,1000.0,1000.0,2447.9,60.06,17.754,0.0,0.7993061342494175,12.435575525307256,3.951367781155015,24.479,26.57,0.026873100026873098,723.6099999999999,8281,0.43560000000000004,1002001,634.5,105.75,2.0,1.0,-0.20000000000000284
134,325.3,24.3,73.3,60.0,143.0,66,0.0,1002,93,26.7,0.0,0.33,2023,8,12,21,5,224,32,-0.7071067811865477,0.7071067811865474,-0.8660254037844385,-0.5000000000000004,-0.9749279121818236,-0.2225209339563146,2,2,1,47.0,45.0,42.0,52.0,36.0,25.0,46.666666666666664,1.5275252316542896,48.0,45.0,46.5,3.016620625798818,51.0,42.0,44.666666666666664,5.581354239922907,52.0,36.0,38.958333333333336,11.323231858005467,60.0,20.0,26.9,28.4,31.4,91.0,86.0,76.0,0.66,1.33,1.33,1001.0,1000.0,1000.0,2483.1,30.69,8.811,0.0,0.7999866668888852,13.386280399983539,3.016336776264351,24.831,26.535,0.02664667999333334,712.89,8649,0.10890000000000001,1004004,673.9000000000001,112.31666666666668,1.0,6.0,-0.1999999999999993
123,368.3,26.0,57.0,55.0,152.0,50,0.0,1002,95,26.5,0.0,1.2,2023,8,12,22,5,224,32,-0.5000000000000004,0.8660254037844384,-0.8660254037844385,-0.5000000000000004,-0.9749279121818236,-0.2225209339563146,2,3,1,48.0,47.0,45.0,51.0,36.0,21.0,46.333333333333336,2.081665999467874,48.0,44.0,45.333333333333336,2.1602468994680355,48.0,42.0,45.333333333333336,4.886592665526573,52.0,36.0,39.916666666666664,10.69301546385071,60.0,20.0,26.7,27.1,31.0,93.0,89.0,81.0,0.33,1.0,2.0,1002.0,1000.0,999.0,2517.5,114.0,31.799999999999997,0.0,0.7999854548099126,14.164839813853312,2.192223376023999,25.175,25.9,0.026447079394132343,702.25,9025,1.44,1004004,702.3,117.05,-4.0,-1.0,-0.1999999999999993
107,373.9,27.0,49.7,47.5,153.0,54,0.5,1002,96,26.4,0.0,0.8,2023,8,12,23,5,224,32,-0.25881904510252157,0.9659258262890681,-0.8660254037844385,-0.5000000000000004,-0.9749279121818236,-0.2225209339563146,2,3,1,44.0,48.0,47.0,46.0,38.0,20.0,43.333333333333336,5.033222956847971,48.0,38.0,44.0,3.6331804249162056,48.0,38.0,45.333333333333336,4.886592665526573,52.0,36.0,40.666666666666664,9.831920802502045,60.0,21.0,26.5,26.9,29.7,95.0,91.0,84.0,1.2,0.66,1.66,1002.0,1001.0,1000.0,2534.3999999999996,76.80000000000001,21.12,27.0,0.7999831582493001,13.847635272767674,1.8406725676826785,25.343999999999998,26.0,0.026347279094531842,696.9599999999999,9216,0.6400000000000001,1004004,689.0999999999999,114.84999999999998,-6.0,-9.0,-0.10000000000000142
56,379.5,28.0,42.3,18.8,154.0,58,1.0,1002,96,26.3,0.0,0.8,2023,8,13,0,6,225,32,0.0,1.0,-0.8660254037844385,-0.5000000000000004,-0.7818314824680299,0.6234898018587334,2,3,1,38.0,44.0,48.0,42.0,36.0,24.0,32.333333333333336,15.307950004273744,44.0,15.0,39.5,12.501999840025327,48.0,15.0,43.583333333333336,9.811480597501165,52.0,15.0,40.291666666666664,10.634149939113229,60.0,15.0,26.4,26.7,28.4,96.0,93.0,86.0,0.8,0.33,1.33,1002.0,1002.0,1000.0,2524.8,76.80000000000001,21.040000000000003,58.0,0.7978299026647518,13.55308738973608,1.5106603335595155,25.248,25.900000000000002,0.026247478794931344,691.69,9216,0.6400000000000001,1004004,637.6,106.26666666666667,-23.0,-33.0,-0.09999999999999787
37,385.2,29.0,35.0,11.3,155.0,62,0.5,1001,96,26.2,0.0,0.8,2023,8,13,1,6,225,32,0.25881904510252074,0.9659258262890683,-0.8660254037844385,-0.5000000000000004,-0.7818314824680299,0.6234898018587334,2,3,1,15.0,38.0,44.0,45.0,45.0,21.0,20.666666666666668,15.307950004273852,38.0,9.0,33.5,17.120163550620422,48.0,9.0,40.583333333333336,13.96396878549987,52.0,9.0,39.791666666666664,11.798965196581873,60.0,9.0,26.3,26.5,27.1,96.0,95.0,89.0,0.8,1.2,1.0,1002.0,1002.0,1000.0,2515.2,76.80000000000001,20.96,31.0,0.7963897000265463,13.28230061032378,1.2068549360366883,25.151999999999997,25.8,0.0261738000261738,686.4399999999999,9216,0.6400000000000001,1002001,624.5,104.08333333333333,-6.0,-35.0,-0.10000000000000142
69,374.3,27.3,31.0,26.3,145.3,66,0.0,1001,96,26.2,0.0,0.4,2023,8,13,2,6,225,32,0.49999999999999994,0.8660254037844387,-0.8660254037844385,-0.5000000000000004,-0.7818314824680299,0.6234898018587334,2,3,1,9.0,15.0,38.0,47.0,50.0,30.0,15.0,6.0000000000013385,21.0,9.0,29.166666666666668,16.290078780247125,48.0,9.0,38.166666666666664,14.677337715820027,52.0,9.0,39.416666666666664,12.257798464178265,60.0,9.0,26.2,26.4,26.9,96.0,96.0,91.0,0.8,0.8,0.66,1001.0,1002.0,1001.0,2515.2,38.400000000000006,10.48,0.0,0.79844872818524,13.710120508406284,1.1354895425076004,25.151999999999997,26.0,0.0261738000261738,686.4399999999999,9216,0.16000000000000003,1002001,625.2,104.2,12.0,-17.0,0.0
78,363.4,25.7,27.0,31.3,135.7,70,0.0,1001,96,26.1,0.0,0.8,2023,8,13,3,6,225,32,0.7071067811865476,0.7071067811865476,-0.8660254037844385,-0.5000000000000004,-0.7818314824680299,0.6234898018587334,2,3,1,21.0,9.0,15.0,48.0,52.0,55.0,18.333333333333332,8.326663997865438,25.0,9.0,25.333333333333332,13.426342266852012,44.0,9.0,35.916666666666664,14.43139464899849,51.0,9.0,38.166666666666664,12.128538629009144,60.0,9.0,26.2,26.3,26.7,96.0,96.0,93.0,0.4,0.8,0.33,1001.0,1002.0,1002.0,2505.6000000000004,76.80000000000001,20.880000000000003,0.0,0.7986965272674994,14.13952764483872,1.0505427804365588,25.056000000000004,25.700000000000003,0.0260739000260739,681.21,9216,0.6400000000000001,1002001,608.0999999999999,101.34999999999998,4.0,10.0,-0.09999999999999787
102,352.5,24.0,23.0,45.0,126.0,75,0.0,1001,96,26.1,0.0,0.8,2023,8,13,4,6,225,32,0.8660254037844386,0.5000000000000001,-0.8660254037844385,-0.5000000000000004,-0.7818314824680299,0.6234898018587334,2,3,1,25.0,21.0,9.0,44.0,51.0,60.0,27.333333333333332,7.767453465154837,36.0,21.0,24.0,11.454256850620641,38.0,9.0,34.666666666666664,13.633737120788954,48.0,9.0,37.166666666666664,11.204295242631828,52.0,9.0,26.1,26.2,26.5,96.0,96.0,95.0,0.8,0.8,1.2,1001.0,1001.0,1002.0,2505.6000000000004,76.80000000000001,20.880000000000003,0.0,0.7999822226172753,14.686888046331402,0.9582934044414816,25.056000000000004,25.700000000000003,0.0260739000260739,681.21,9216,0.6400000000000001,1002001,606.5,101.08333333333333,11.0,27.0,0.0
102,319.4,22.0,35.7,45.0,156.0,70,0.0,1001,96,26.3,0.0,0.33,2023,8,13,5,6,225,32,0.9659258262890683,0.25881904510252074,-0.8660254037844385,-0.5000000000000004,-0.7818314824680299,0.6234898018587334,2,3,1,36.0,25.0,21.0,38.0,46.0,39.0,32.333333333333336,6.350852961086759,36.0,25.0,23.666666666666668,10.984838035522257,36.0,9.0,33.833333333333336,13.175965262782512,48.0,9.0,37.041666666666664,11.199686201608369,52.0,9.0,26.1,26.2,26.4,96.0,96.0,96.0,0.8,0.4,0.8,1001.0,1001.0,1002.0,2524.8,31.68,8.679,0.0,0.7999822226172753,14.517521930821324,1.622653515749284,25.248,26.135,0.026273700026273702,691.69,9216,0.10890000000000001,1002001,614.0999999999999,102.34999999999998,0.0,15.0,0.1999999999999993
85,286.4,20.0,48.3,35.0,186.0,66,0.0,1002,96,26.4,0.7,0.66,2023,8,13,6,6,225,32,1.0,6.123233995736766e-17,-0.8660254037844385,-0.5000000000000004,-0.7818314824680299,0.6234898018587334,2,0,1,36.0,36.0,25.0,15.0,42.0,29.0,33.333333333333336,4.618802153518181,36.0,28.0,25.833333333333332,10.186592495366492,36.0,9.0,32.666666666666664,13.00582620026525,48.0,9.0,37.0,11.23271619170904,52.0,9.0,26.3,26.1,26.3,96.0,96.0,96.0,0.33,0.8,0.8,1001.0,1001.0,1002.0,2534.3999999999996,63.36,17.424,0.0,0.7999771435101855,14.319284035798209,2.4148792560371977,25.343999999999998,26.07,0.026347279094531842,696.9599999999999,9216,0.43560000000000004,1004004,603.7,100.61666666666667,-8.0,3.0,0.09999999999999787
104,253.3,18.0,61.0,46.3,216.0,62,0.0,1002,96,26.6,0.8,1.0,2023,8,13,7,6,225,32,0.9659258262890683,-0.25881904510252063,-0.8660254037844385,-0.5000000000000004,-0.7818314824680299,0.6234898018587334,2,0,1,28.0,36.0,36.0,9.0,45.0,33.0,33.666666666666664,4.932882862317337,37.0,28.0,30.5,6.774953874381085,37.0,21.0,32.0,12.511812600316768,48.0,9.0,37.166666666666664,11.200414071020905,52.0,9.0,26.4,26.1,26.2,96.0,96.0,96.0,0.66,0.8,0.8,1002.0,1001.0,1001.0,2553.6000000000004,96.0,26.6,0.0,0.799118809528952,14.071440475529137,3.388700627742903,25.536000000000005,26.1,0.02654687969373284,707.5600000000001,9216,1.0,1004004,631.6,105.26666666666667,9.0,1.0,0.20000000000000284
91,231.7,15.3,105.7,38.8,236.0,66,0.0,1002,87,28.0,1.2,1.0,2023,8,13,8,6,225,32,0.8660254037844387,-0.4999999999999998,-0.8660254037844385,-0.5000000000000004,-0.7818314824680299,0.6234898018587334,2,0,1,37.0,28.0,36.0,21.0,47.0,31.0,32.0,4.582575694957064,37.0,28.0,32.166666666666664,4.956477243633658,37.0,25.0,30.666666666666668,11.586303303574233,48.0,9.0,37.166666666666664,11.200414071020905,52.0,9.0,26.6,26.3,26.2,96.0,96.0,96.0,1.0,0.33,0.4,1002.0,1001.0,1001.0,2436.0,87.0,28.0,0.0,0.7989484807092602,15.142801124109534,6.908045225802235,24.36,27.5,0.027944083888139834,784.0,7569,1.0,1004004,658.5,109.75,-6.0,-5.0,1.3999999999999986
107,210.1,12.7,150.3,47.5,256.0,70,0.0,1003,79,29.3,2.2,1.0,2023,8,13,9,6,225,32,0.7071067811865476,-0.7071067811865475,-0.8660254037844385,-0.5000000000000004,-0.7818314824680299,0.6234898018587334,2,0,1,31.0,37.0,28.0,25.0,48.0,36.0,35.333333333333336,3.78593889720154,38.0,31.0,34.333333333333336,3.9327683209996946,38.0,28.0,29.833333333333332,10.538529596703565,44.0,9.0,37.25,11.198796519191923,52.0,9.0,28.0,26.4,26.1,87.0,96.0,96.0,1.0,0.66,0.8,1002.0,1002.0,1001.0,2314.7000000000003,79.0,29.3,0.0,0.7999831582493001,16.542004566569563,11.83371388079679,23.147000000000002,28.8,0.029212333786307294,858.49,6241,1.0,1006009,714.6,119.10000000000001,7.0,10.0,1.3000000000000007
110,188.5,10.0,195.0,35.0,276.0,75,0.0,1003,72,30.7,2.9,1.0,2023,8,13,10,6,225,32,0.49999999999999994,-0.8660254037844387,-0.8660254037844385,-0.5000000000000004,-0.7818314824680299,0.6234898018587334,2,0,1,38.0,31.0,37.0,36.0,44.0,36.0,32.333333333333336,5.1316014394479685,38.0,28.0,33.0,4.560701700395654,38.0,28.0,28.5,9.548917120899581,38.0,9.0,36.916666666666664,11.355583444382017,52.0,9.0,29.3,26.6,26.1,79.0,96.0,96.0,1.0,1.0,0.8,1003.0,1002.0,1001.0,2210.4,72.0,30.7,0.0,0.7999771435101855,18.848115188481152,19.498050194980504,22.104,30.2,0.03060814495698409,942.49,5184,1.0,1006009,732.5,122.08333333333333,-10.0,-9.0,1.3999999999999986
114,179.7,8.7,207.3,40.0,247.0,75,0.5,1002,68,31.7,3.7,1.0,2023,8,13,11,6,225,32,0.258819045102521,-0.9659258262890682,-0.8660254037844385,-0.5000000000000004,-0.7818314824680299,0.6234898018587334,2,0,1,28.0,38.0,31.0,36.0,38.0,38.0,32.666666666666664,5.033222956848263,38.0,28.0,32.333333333333336,4.32049379893761,38.0,28.0,28.0,9.155227021662151,38.0,9.0,36.666666666666664,11.396668722526707,52.0,9.0,30.7,28.0,26.3,72.0,87.0,96.0,1.0,1.0,0.33,1003.0,1002.0,1001.0,2155.6,68.0,31.7,37.5,0.7999800004999875,20.652798528904725,23.824847718653032,21.555999999999997,31.2,0.03163669497335831,1004.89,4624,1.0,1004004,714.7,119.11666666666667,4.0,1.0,1.0
164,171.0,7.3,219.7,82.5,218.0,75,0.0,1001,64,32.6,3.8,1.0,2023,8,13,12,6,225,32,1.2246467991473532e-16,-1.0,-0.8660254037844385,-0.5000000000000004,-0.7818314824680299,0.6234898018587334,2,1,1,32.0,28.0,38.0,28.0,15.0,36.0,42.0,20.8806130178213,66.0,28.0,38.666666666666664,13.909229549714807,66.0,28.0,32.25,13.41725483371014,66.0,9.0,37.916666666666664,12.87031186631608,66.0,9.0,31.7,29.3,26.4,68.0,79.0,96.0,1.0,1.0,0.66,1002.0,1003.0,1002.0,2086.4,64.0,32.6,0.0,0.7999903031478406,23.421449116559376,30.091768250924527,20.864,32.1,0.0325674000325674,1062.76,4096,1.0,1002001,764.5,127.41666666666667,34.0,28.0,0.9000000000000021
160,162.2,6.0,232.0,78.8,189.0,75,0.0,1001,60,33.6,3.7,1.0,2023,8,13,13,6,225,32,-0.2588190451025208,-0.9659258262890683,-0.8660254037844385,-0.5000000000000004,-0.7818314824680299,0.6234898018587334,2,1,1,66.0,32.0,28.0,37.0,9.0,45.0,53.666666666666664,18.823743871327462,66.0,32.0,43.0,16.994116628998217,66.0,28.0,36.75,13.955285736952531,66.0,21.0,38.666666666666664,13.792457506114564,66.0,9.0,32.6,30.7,26.6,64.0,72.0,96.0,1.0,1.0,1.0,1001.0,1003.0,1002.0,2016.0,60.0,33.6,0.0,0.7994822400730955,27.02882852857857,38.66022329611731,20.16,33.1,0.0335664000335664,1128.96,3600,1.0,1002001,731.0,121.83333333333333,-3.0,35.0,1.0
134,157.4,6.7,214.3,60.0,171.7,75,0.0,1000,58,34.1,2.9,1.0,2023,8,13,14,6,225,32,-0.4999999999999997,-0.8660254037844388,-0.8660254037844385,-0.5000000000000004,-0.7818314824680299,0.6234898018587334,2,1,1,63.0,66.0,32.0,31.0,21.0,50.0,59.0,9.643650760993127,66.0,48.0,45.833333333333336,15.980196077228245,66.0,28.0,39.0,13.348476249437942,66.0,25.0,38.583333333333336,13.726890989291384,66.0,9.0,33.6,31.7,28.0,60.0,68.0,87.0,1.0,1.0,1.0,1001.0,1002.0,1002.0,1977.8000000000002,58.0,34.1,0.0,0.7999866668888852,23.489031487837636,31.98030144754514,19.778000000000002,33.6,0.0340999659000341,1162.8100000000002,3364,1.0,1000000,658.0999999999999,109.68333333333332,-15.0,16.0,0.5
123,152.5,7.3,196.7,55.0,154.3,75,0.25,999,55,34.7,2.2,1.0,2023,8,13,15,6,225,32,-0.7071067811865471,-0.7071067811865479,-0.8660254037844385,-0.5000000000000004,-0.7818314824680299,0.6234898018587334,2,1,1,48.0,63.0,66.0,38.0,25.0,52.0,51.666666666666664,10.016652800878083,63.0,44.0,46.833333333333336,15.574551892965047,66.0,28.0,40.583333333333336,12.645217085977833,66.0,28.0,38.25,13.481871886545362,66.0,9.0,34.1,32.6,29.3,58.0,64.0,79.0,1.0,1.0,1.0,1000.0,1001.0,1003.0,1908.5000000000002,55.0,34.7,18.75,0.7999854548099126,20.887549650732776,26.941514860977946,19.085,34.2,0.034734699965265306,1204.0900000000001,3025,1.0,998001,609.8,101.63333333333333,-4.0,-22.0,0.6000000000000014
129,147.7,8.0,179.0,57.5,137.0,75,0.0,999,53,35.2,1.2,1.0,2023,8,13,16,6,225,32,-0.8660254037844385,-0.5000000000000004,-0.8660254037844385,-0.5000000000000004,-0.7818314824680299,0.6234898018587334,2,1,1,44.0,48.0,63.0,28.0,36.0,51.0,46.0,2.000000000001755,48.0,44.0,49.833333333333336,12.687263955111115,66.0,32.0,41.416666666666664,12.645217085977833,66.0,28.0,38.041666666666664,13.313867130590541,66.0,9.0,34.7,33.6,30.7,55.0,60.0,72.0,1.0,1.0,1.0,999.0,1001.0,1003.0,1865.6000000000001,53.0,35.2,0.0,0.7999860871984835,18.460192475940506,22.37220347456568,18.656000000000002,34.7,0.035235199964764805,1239.0400000000002,2809,1.0,998001,575.2,95.86666666666667,2.0,-17.0,0.5
89,178.8,12.3,151.3,33.8,141.7,75,1.5,999,59,34.1,0.8,1.0,2023,8,13,17,6,225,32,-0.9659258262890683,-0.25881904510252063,-0.8660254037844385,-0.5000000000000004,-0.7818314824680299,0.6234898018587334,2,1,1,46.0,44.0,48.0,32.0,36.0,46.0,39.0,10.44030650891098,46.0,27.0,49.0,14.170391667134501,66.0,27.0,40.666666666666664,13.248213144237306,66.0,27.0,37.25,13.384773958235074,66.0,9.0,35.2,34.1,31.7,53.0,58.0,68.0,1.0,1.0,1.0,999.0,1000.0,1002.0,2011.9,59.0,34.1,112.5,0.7987929351202628,14.535403625721488,12.299813023331437,20.119,33.6,0.0341340999658659,1162.8100000000002,3481,1.0,998001,544.9000000000001,90.81666666666668,-19.0,-21.0,-1.1000000000000014
91,209.9,16.7,123.7,38.8,146.3,75,0.25,999,66,33.1,0.6,1.0,2023,8,13,18,6,225,32,-1.0,-1.8369701987210297e-16,-0.8660254037844385,-0.5000000000000004,-0.7818314824680299,0.6234898018587334,2,2,1,27.0,46.0,44.0,66.0,28.0,42.0,34.666666666666664,10.016652800878322,46.0,27.0,43.166666666666664,12.921558213569304,63.0,27.0,40.916666666666664,13.013687433085643,66.0,27.0,36.791666666666664,13.40337130422211,66.0,9.0,34.1,34.7,32.6,59.0,55.0,64.0,1.0,1.0,1.0,999.0,999.0,1001.0,2184.6,66.0,33.1,18.75,0.7989484807092602,12.568109694030298,7.406742111250823,21.846,32.6,0.033133099966866905,1095.6100000000001,4356,1.0,998001,566.4000000000001,94.40000000000002,4.0,-13.0,-1.0
87,241.0,21.0,96.0,36.3,151.0,75,0.0,1000,73,32.0,0.0,1.0,2023,8,13,19,6,225,32,-0.9659258262890684,0.2588190451025203,-0.8660254037844385,-0.5000000000000004,-0.7818314824680299,0.6234898018587334,2,2,1,31.0,27.0,46.0,63.0,37.0,45.0,29.0,2.0000000000029665,31.0,27.0,37.5,9.481561052906452,48.0,27.0,40.25,13.430799069167636,66.0,27.0,36.125,13.375228563670927,66.0,9.0,33.1,35.2,33.6,66.0,53.0,60.0,1.0,1.0,1.0,999.0,999.0,1001.0,2336.0,73.0,32.0,0.0,0.798876064020275,11.475644016951573,4.571210894719298,23.36,31.5,0.031999968000032,1024.0,5329,1.0,1000000,574.3,95.71666666666665,-2.0,-17.0,-1.1000000000000014
123,259.3,21.0,88.0,55.0,153.0,62,0.0,1000,75,30.9,0.0,1.0,2023,8,13,20,6,225,32,-0.8660254037844386,0.5000000000000001,-0.8660254037844385,-0.5000000000000004,-0.7818314824680299,0.6234898018587334,2,2,1,29.0,31.0,27.0,48.0,31.0,47.0,34.666666666666664,8.144527815247706,44.0,29.0,36.833333333333336,8.704405015086271,46.0,27.0,41.333333333333336,13.137962574389196,66.0,27.0,36.0,13.282875539908497,66.0,9.0,32.0,34.1,34.1,73.0,59.0,58.0,1.0,1.0,1.0,1000.0,999.0,1000.0,2317.5,75.0,30.9,0.0,0.7999854548099126,12.34703109375744,4.190276653492691,23.175,30.4,0.0308999691000309,954.81,5625,1.0,1000000,620.3,103.38333333333333,15.0,17.0,-1.1000000000000014
89,277.6,21.0,80.0,37.5,155.0,50,0.0,1001,78,29.8,0.0,1.0,2023,8,13,21,6,225,32,-0.7071067811865477,0.7071067811865474,-0.8660254037844385,-0.5000000000000004,-0.7818314824680299,0.6234898018587334,2,2,1,44.0,29.0,31.0,44.0,38.0,48.0,34.333333333333336,8.386497083606699,44.0,29.0,34.5,8.264381404557264,46.0,27.0,40.666666666666664,13.519906759584897,66.0,27.0,35.25,13.082514051704546,66.0,9.0,30.9,33.1,34.7,75.0,66.0,55.0,1.0,1.0,1.0,1000.0,999.0,999.0,2324.4,78.0,29.8,0.0,0.7999786672355405,13.218418170563307,3.809342412266082,23.244,29.3,0.0297702000297702,888.0400000000001,6084,1.0,1002001,601.1,100.18333333333334,-14.0,-1.0,-1.0999999999999979
102,295.9,21.0,72.0,45.0,157.0,37,0.0,1002,81,28.7,0.0,1.0,2023,8,13,22,6,225,32,-0.5000000000000004,0.8660254037844384,-0.8660254037844385,-0.5000000000000004,-0.7818314824680299,0.6234898018587334,2,3,1,30.0,44.0,29.0,46.0,28.0,44.0,36.666666666666664,7.0237691685691805,44.0,30.0,32.833333333333336,6.242328625333515,44.0,27.0,41.333333333333336,13.026778945578231,66.0,27.0,34.916666666666664,12.951134469920937,66.0,9.0,29.8,32.0,35.2,78.0,73.0,53.0,1.0,1.0,1.0,1001.0,1000.0,999.0,2324.7,81.0,28.7,0.0,0.7999822226172753,14.08980524736917,3.4284081710394743,23.247,28.2,0.02864268598534333,823.6899999999999,6561,1.0,1004004,626.9,104.48333333333333,6.0,7.0,-1.1000000000000014
95,288.7,20.7,69.3,41.3,150.3,33,0.0,1002,85,28.4,0.0,0.66,2023,8,13,23,6,225,32,-0.25881904510252157,0.9659258262890681,-0.8660254037844385,-0.5000000000000004,-0.7818314824680299,0.6234898018587334,2,3,1,36.0,30.0,44.0,27.0,32.0,38.0,33.0,3.0000000000017857,36.0,30.0,33.833333333333336,5.564770136012667,44.0,29.0,41.416666666666664,12.964695651395905,66.0,27.0,34.708333333333336,12.939589290796517,66.0,9.0,28.7,30.9,34.1,81.0,75.0,59.0,1.0,1.0,1.0,1002.0,1000.0,999.0,2414.0,56.1,18.744,0.0,0.7990121304568898,13.946186174580937,3.3476643640403845,24.14,28.07,0.02834328508654183,806.56,7225,0.43560000000000004,1004004,603.3,100.55,-3.0,-11.0,-0.3000000000000007
98,281.5,20.3,66.7,42.5,143.7,29,0.0,1002,89,28.0,0.0,0.33,2023,8,14,0,0,226,33,0.0,1.0,-0.8660254037844385,-0.5000000000000004,0.0,1.0,2,3,0,33.0,36.0,30.0,31.0,66.0,15.0,34.333333333333336,1.5275252316553316,36.0,33.0,34.333333333333336,5.391351098440774,44.0,29.0,38.75,10.506491499846863,63.0,27.0,35.5,12.243898214141785,66.0,9.0,28.4,29.8,33.1,85.0,78.0,66.0,0.66,1.0,1.0,1002.0,1001.0,999.0,2492.0,29.37,9.24,0.0,0.7999811769134845,13.86631200433476,3.2855524358405988,24.92,27.835,0.027944083888139834,784.0,7921,0.10890000000000001,1004004,588.7,98.11666666666667,1.0,4.0,-0.3999999999999986
148,274.3,20.0,64.0,66.3,137.0,25,0.0,1001,93,27.7,0.0,0.8,2023,8,14,1,0,226,33,0.25881904510252074,0.9659258262890683,-0.8660254037844385,-0.5000000000000004,0.0,1.0,2,3,0,34.0,33.0,36.0,29.0,63.0,9.0,40.0,11.269427669585033,53.0,33.0,38.333333333333336,8.59457193039068,53.0,30.0,37.916666666666664,8.638795510878742,53.0,27.0,37.333333333333336,11.366107768145865,66.0,21.0,28.0,28.7,32.0,89.0,81.0,73.0,0.33,1.0,1.0,1002.0,1002.0,1000.0,2576.1,74.4,22.16,0.0,0.7993846246662946,13.714314284285786,3.1998400079995997,25.761,27.3,0.0276723000276723,767.29,8649,0.6400000000000001,1002001,614.6,102.43333333333334,19.0,17.0,-0.3000000000000007
142,243.8,17.7,63.3,63.8,118.0,33,0.0,1001,93,27.3,0.0,0.8,2023,8,14,2,0,226,33,0.49999999999999994,0.8660254037844387,-0.8660254037844385,-0.5000000000000004,0.0,1.0,2,3,0,53.0,34.0,33.0,44.0,48.0,21.0,46.0,10.44030650891089,53.0,34.0,39.5,9.894442884770875,53.0,30.0,38.166666666666664,8.993263472109481,53.0,27.0,38.583333333333336,11.139107241827434,66.0,25.0,27.7,28.4,30.9,93.0,85.0,75.0,0.8,0.66,1.0,1001.0,1002.0,1000.0,2538.9,74.4,21.840000000000003,0.0,0.7993605115907275,13.773233150669453,3.57606914863567,25.389,26.900000000000002,0.027272700027272702,745.2900000000001,8649,0.6400000000000001,1002001,557.6,92.93333333333334,-2.0,18.0,-0.3999999999999986
150,213.2,15.3,62.7,67.5,99.0,41,0.0,1000,93,27.0,0.0,0.8,2023,8,14,3,0,226,33,0.7071067811865476,0.7071067811865476,-0.8660254037844385,-0.5000000000000004,0.0,1.0,2,3,0,51.0,53.0,34.0,30.0,44.0,25.0,52.666666666666664,1.5275252316536467,54.0,51.0,43.5,10.134100848126284,54.0,33.0,39.0,9.990904954916376,54.0,27.0,39.791666666666664,11.174424084631555,66.0,27.0,27.3,28.0,29.8,93.0,89.0,78.0,0.8,0.33,1.0,1001.0,1002.0,1001.0,2511.0,74.4,21.6,0.0,0.7999881483237284,13.933729821580288,4.097771387491014,25.11,26.6,0.026999973000027,729.0,8649,0.6400000000000001,1000000,511.7,85.28333333333333,3.0,20.0,-0.3000000000000007
153,182.7,13.0,62.0,72.5,80.0,50,0.0,1000,93,26.6,0.0,0.8,2023,8,14,4,0,226,33,0.8660254037844386,0.5000000000000001,-0.8660254037844385,-0.5000000000000004,0.0,1.0,2,3,0,54.0,51.0,53.0,36.0,46.0,36.0,54.333333333333336,3.5118845842849185,58.0,51.0,47.166666666666664,10.83358974055513,58.0,33.0,40.0,11.273460386717995,58.0,27.0,40.708333333333336,11.738006521614095,66.0,27.0,27.0,27.7,28.7,93.0,93.0,81.0,0.8,0.8,1.0,1000.0,1001.0,1002.0,2473.8,74.4,21.28,0.0,0.799988965669439,14.052765171909853,4.768863933543574,24.738000000000003,26.200000000000003,0.0265999734000266,707.5600000000001,8649,0.6400000000000001,1000000,468.2,78.03333333333333,4.0,5.0,-0.3999999999999986
118,155.0,13.0,62.0,52.5,75.0,58,0.0,1001,92,26.8,0.0,0.8,2023,8,14,5,0,226,33,0.9659258262890683,0.25881904510252074,-0.8660254037844385,-0.5000000000000004,0.0,1.0,2,3,0,58.0,54.0,51.0,33.0,27.0,36.0,51.333333333333336,8.326663997864866,58.0,42.0,48.666666666666664,8.936815241833171,58.0,34.0,41.25,10.50649149984686,58.0,29.0,40.958333333333336,11.69719091758037,66.0,27.0,26.6,27.3,28.4,93.0,93.0,85.0,0.8,0.8,0.66,1000.0,1001.0,1002.0,2465.6,73.60000000000001,21.44,0.0,0.7999847621950058,11.922159833858935,4.768863933543574,24.656,26.400000000000002,0.026773200026773202,718.24,8464,0.6400000000000001,1002001,399.5,66.58333333333333,-16.0,-9.0,0.1999999999999993
87,127.4,13.0,62.0,36.3,70.0,66,0.0,1001,91,27.0,0.8,0.4,2023,8,14,6,0,226,33,1.0,6.123233995736766e-17,-0.8660254037844385,-0.5000000000000004,0.0,1.0,2,0,0,42.0,58.0,54.0,34.0,31.0,28.0,43.0,14.525839046334221,58.0,29.0,47.833333333333336,10.64737839407718,58.0,29.0,41.083333333333336,10.69798904920735,58.0,29.0,41.0,11.650713730702874,66.0,27.0,26.8,27.0,28.0,92.0,93.0,89.0,0.8,0.8,0.33,1001.0,1000.0,1002.0,2457.0,36.4,10.8,0.0,0.798876064020275,9.79924621182986,4.768863933543574,24.57,26.8,0.026973000026973,729.0,8281,0.16000000000000003,1002001,337.7,56.28333333333333,-13.0,-25.0,0.1999999999999993
87,99.8,13.0,62.0,36.3,65.0,75,0.0,1002,90,27.2,0.9,0.8,2023,8,14,7,0,226,33,0.9659258262890683,-0.25881904510252063,-0.8660254037844385,-0.5000000000000004,0.0,1.0,2,0,0,29.0,42.0,58.0,53.0,29.0,37.0,33.333333333333336,7.505553499465842,42.0,29.0,43.833333333333336,12.639883965711896,58.0,29.0,41.083333333333336,10.69798904920735,58.0,29.0,40.666666666666664,11.882272753859304,66.0,27.0,27.0,26.6,27.7,91.0,93.0,93.0,0.4,0.8,0.8,1001.0,1000.0,1001.0,2448.0,72.0,21.76,0.0,0.798876064020275,7.676332589800785,4.768863933543574,24.48,26.8,0.027145681491335838,739.8399999999999,8100,0.6400000000000001,1004004,305.1,50.85,0.0,-29.0,0.1999999999999993
80,100.6,12.7,72.3,32.5,84.0,54,0.5,1002,84,28.5,1.3,0.66,2023,8,14,8,0,226,33,0.8660254037844387,-0.4999999999999998,-0.8660254037844385,-0.5000000000000004,0.0,1.0,2,0,0,29.0,29.0,42.0,51.0,44.0,31.0,28.0,1.7320508075723813,29.0,26.0,39.666666666666664,13.866025626208101,58.0,26.0,39.583333333333336,11.4848384904406,58.0,26.0,40.458333333333336,12.10094917824624,66.0,26.0,27.2,26.8,27.3,90.0,92.0,93.0,0.8,0.8,0.8,1002.0,1001.0,1001.0,2394.0,55.440000000000005,18.810000000000002,27.0,0.7999753853727578,7.920636170380285,5.6924651602236045,23.94,28.17,0.02844308538614233,812.25,7056,0.43560000000000004,1004004,328.1,54.68333333333334,-3.0,-16.0,1.3000000000000007
76,101.4,12.3,82.7,30.0,103.0,33,0.5,1003,78,29.7,2.2,1.33,2023,8,14,9,0,226,33,0.7071067811865476,-0.7071067811865475,-0.8660254037844385,-0.5000000000000004,0.0,1.0,2,0,0,26.0,29.0,29.0,54.0,30.0,38.0,26.333333333333332,2.516611478426089,29.0,24.0,34.666666666666664,13.048627003124073,58.0,24.0,39.083333333333336,12.05637012562452,58.0,24.0,39.875,12.553580816020313,66.0,24.0,28.5,27.0,27.0,84.0,91.0,93.0,0.66,0.4,0.8,1002.0,1001.0,1000.0,2316.6,103.74000000000001,39.501,16.5,0.7999733342221925,8.243232257540038,6.723030647914804,23.166,29.035,0.029611136977929234,882.0899999999999,6084,1.7689000000000001,1006009,353.4,58.9,-2.0,-5.0,1.1999999999999993
69,102.1,12.0,93.0,26.3,122.0,12,0.5,1003,72,31.0,3.0,2.0,2023,8,14,10,0,226,33,0.49999999999999994,-0.8660254037844387,-0.8660254037844385,-0.5000000000000004,0.0,1.0,2,0,0,24.0,26.0,29.0,58.0,36.0,28.0,23.666666666666668,2.5166114784262392,26.0,21.0,28.5,7.28697468089404,42.0,21.0,37.833333333333336,13.134502332221894,58.0,21.0,39.583333333333336,12.917519840920894,66.0,21.0,29.7,27.2,26.6,78.0,90.0,93.0,1.33,0.8,0.8,1003.0,1002.0,1000.0,2232.0,144.0,62.0,6.0,0.79844872818524,8.50762436463628,7.749354220481627,22.32,30.0,0.030907247350700547,961.0,5184,4.0,1006009,376.4,62.73333333333333,-3.0,-8.0,1.3000000000000007
85,103.5,10.7,113.7,35.0,122.7,29,0.5,1002,70,31.7,3.7,2.0,2023,8,14,11,0,226,33,0.258819045102521,-0.9659258262890682,-0.8660254037844385,-0.5000000000000004,0.0,1.0,2,0,0,21.0,24.0,26.0,42.0,33.0,32.0,24.333333333333332,3.5118845842861224,28.0,21.0,26.166666666666668,3.18852107828331,29.0,21.0,37.416666666666664,13.378805037910341,58.0,21.0,39.416666666666664,13.044794619566527,66.0,21.0,31.0,28.5,26.8,72.0,84.0,92.0,2.0,0.66,0.8,1003.0,1002.0,1001.0,2219.0,140.0,63.4,14.5,0.7999771435101855,9.671993271656856,10.625175217269415,22.19,30.7,0.03163669497335831,1004.89,4900,4.0,1004004,413.59999999999997,68.93333333333332,7.0,2.0,0.6999999999999993
76,104.9,9.3,134.3,30.0,123.3,45,0.5,1002,69,32.3,3.8,2.0,2023,8,14,12,0,226,33,1.2246467991473532e-16,-1.0,-0.8660254037844385,-0.5000000000000004,0.0,1.0,2,1,0,28.0,21.0,24.0,29.0,34.0,66.0,24.333333333333332,3.5118845842861224,28.0,21.0,25.333333333333332,2.9439202887742715,29.0,21.0,36.583333333333336,13.911789201532264,58.0,21.0,37.666666666666664,12.107010784868901,63.0,21.0,31.7,29.7,27.0,70.0,78.0,91.0,2.0,1.33,0.4,1002.0,1003.0,1001.0,2228.7,138.0,64.6,22.5,0.7999733342221925,11.278357165896141,14.43930760133319,22.287,31.299999999999997,0.032235496770961304,1043.2899999999997,4761,4.0,1004004,425.8,70.96666666666667,-4.0,0.0,0.5999999999999979
94,106.2,8.0,155.0,37.5,124.0,62,0.0,1001,67,33.0,3.5,2.0,2023,8,14,13,0,226,33,-0.2588190451025208,-0.9659258262890683,-0.8660254037844385,-0.5000000000000004,0.0,1.0,2,1,0,24.0,28.0,21.0,29.0,53.0,63.0,27.333333333333332,3.05505046330591,30.0,24.0,25.5,3.2093613071747096,30.0,21.0,34.666666666666664,12.998834446583583,58.0,21.0,36.291666666666664,10.920579562047896,58.0,21.0,32.3,31.0,27.2,69.0,72.0,90.0,2.0,2.0,0.8,1002.0,1003.0,1002.0,2211.0,134.0,66.0,0.0,0.7999786672355405,13.273340832395952,19.37257842769654,22.11,32.0,0.032967000032967,1089.0,4489,4.0,1002001,460.7,76.78333333333333,6.0,9.0,0.7000000000000028
99,107.4,8.7,159.0,28.8,124.3,62,0.0,1000,65,33.4,2.9,2.0,2023,8,14,14,0,226,33,-0.4999999999999997,-0.8660254037844388,-0.8660254037844385,-0.5000000000000004,0.0,1.0,2,1,0,30.0,24.0,28.0,26.0,51.0,48.0,25.666666666666668,3.785938897201872,30.0,23.0,25.0,3.346640106134816,30.0,21.0,32.333333333333336,12.294369245776956,58.0,21.0,35.25,10.947503189630035,58.0,21.0,33.0,31.7,28.5,67.0,70.0,84.0,2.0,2.0,0.66,1001.0,1002.0,1002.0,2171.0,130.0,66.8,0.0,0.7985833825214401,12.343408803585797,18.2737616365935,21.71,32.4,0.0333999666000334,1115.56,4225,4.0,1000000,451.20000000000005,75.2,-7.0,-5.0,0.3999999999999986
101,108.5,9.3,163.0,17.5,124.7,62,0.5,999,62,33.8,2.1,2.0,2023,8,14,15,0,226,33,-0.7071067811865471,-0.7071067811865479,-0.8660254037844385,-0.5000000000000004,0.0,1.0,2,1,0,23.0,30.0,24.0,24.0,54.0,44.0,22.333333333333332,8.0208062770115,30.0,14.0,23.333333333333332,5.645056834670167,30.0,14.0,29.0,11.265393508843005,58.0,14.0,34.0,11.598350707339277,58.0,14.0,33.4,32.3,29.7,65.0,69.0,78.0,2.0,2.0,1.33,1000.0,1002.0,1003.0,2095.6,124.0,67.6,31.0,0.7999542883263813,11.66541232125578,17.524997312116977,20.956,32.8,0.0338337999661662,1142.4399999999998,3844,4.0,998001,437.0,72.83333333333333,-9.0,-10.0,0.3999999999999986
102,109.7,10.0,167.0,30.0,125.0,62,4.0,998,60,34.2,1.3,2.0,2023,8,14,16,0,226,33,-0.8660254037844385,-0.5000000000000004,-0.8660254037844385,-0.5000000000000004,0.0,1.0,2,1,0,14.0,23.0,30.0,21.0,58.0,46.0,20.333333333333332,5.507570547287401,24.0,14.0,23.833333333333332,5.5287129303895375,30.0,14.0,26.166666666666668,6.630965010440657,42.0,14.0,33.083333333333336,11.4774511132905,58.0,14.0,33.8,33.0,31.0,62.0,67.0,72.0,2.0,2.0,2.0,999.0,1001.0,1003.0,2052.0,120.0,68.4,248.0,0.7999733342221925,10.968903109689032,16.698330166983304,20.52,33.2,0.03426850273697121,1169.64,3600,4.0,996004,465.7,77.61666666666666,10.0,-6.0,0.4000000000000057
83,137.9,12.3,146.7,28.8,115.7,66,0.25,999,68,32.1,0.8,2.33,2023,8,14,17,0,226,33,-0.9659258262890683,-0.25881904510252063,-0.8660254037844385,-0.5000000000000004,0.0,1.0,2,1,0,24.0,14.0,23.0,28.0,42.0,27.0,20.333333333333332,5.507570547287401,24.0,14.0,23.0,5.138093031465042,30.0,14.0,24.583333333333332,4.39955231882199,30.0,14.0,32.916666666666664,11.598038314888663,58.0,14.0,34.2,33.4,31.7,60.0,65.0,70.0,2.0,2.0,2.0,998.0,1000.0,1002.0,2182.8,158.44,74.793,16.5,0.7985833825214401,11.210470693439557,11.925859686204372,21.828000000000003,30.935000000000002,0.0321320999678679,1030.41,4624,5.4289000000000005,998001,464.4,77.39999999999999,-1.0,0.0,-2.1000000000000014
72,166.1,14.7,126.3,27.5,106.3,70,1.5,1000,77,30.1,0.7,2.66,2023,8,14,18,0,226,33,-1.0,-1.8369701987210297e-16,-0.8660254037844385,-0.5000000000000004,0.0,1.0,2,2,0,23.0,24.0,14.0,24.0,29.0,31.0,23.0,1.0000000000067737,24.0,22.0,22.666666666666668,5.125101625007666,30.0,14.0,24.0,4.221158824087668,30.0,14.0,32.541666666666664,11.806332739408344,58.0,14.0,32.1,33.8,32.3,68.0,62.0,69.0,2.33,2.0,2.0,999.0,999.0,1002.0,2317.7000000000003,204.82000000000002,80.066,105.0,0.7999709101487218,11.298551118971499,8.591252295762194,23.177000000000003,28.770000000000003,0.030099969900030103,906.0100000000001,5929,7.0756000000000006,1000000,462.9,77.14999999999999,-1.0,8.0,-2.0
87,194.3,17.0,106.0,36.3,97.0,75,4.0,1001,87,28.0,0.0,3.0,2023,8,14,19,0,226,33,-0.9659258262890684,0.2588190451025203,-0.8660254037844385,-0.5000000000000004,0.0,1.0,2,2,0,22.0,23.0,24.0,30.0,29.0,29.0,24.666666666666668,3.7859388972019095,29.0,22.0,22.5,4.8476798574152475,29.0,14.0,24.0,4.221158824087668,30.0,14.0,32.541666666666664,11.806332739408344,58.0,14.0,30.1,34.2,33.0,77.0,60.0,67.0,2.66,2.0,2.0,1000.0,998.0,1001.0,2436.0,261.0,84.0,300.0,0.798876064020275,11.428739485912594,6.234927357214281,24.36,26.5,0.027972000027972,784.0,7569,9.0,1002001,479.6,79.93333333333334,7.0,5.0,-2.1000000000000014
82,233.6,19.3,95.0,33.8,109.7,75,6.0,1002,89,27.2,0.0,2.33,2023,8,14,20,0,226,33,-0.8660254037844386,0.5000000000000001,-0.8660254037844385,-0.5000000000000004,0.0,1.0,2,2,0,29.0,22.0,23.0,23.0,26.0,44.0,26.0,3.6055512754657504,29.0,22.0,23.166666666666668,5.192943930628975,29.0,14.0,24.083333333333332,4.273774855457746,30.0,14.0,31.833333333333332,11.597101087047152,58.0,14.0,28.0,32.1,33.4,87.0,68.0,65.0,3.0,2.33,2.0,1001.0,999.0,1000.0,2420.7999999999997,207.37,63.376,450.0,0.7987929351202628,12.102999844567638,4.922024765556189,24.208,26.035,0.027145681491335838,739.8399999999999,7921,5.4289000000000005,1004004,518.4,86.39999999999999,-2.0,4.0,-0.8000000000000007
76,272.9,21.7,84.0,30.0,122.3,75,1.5,1003,91,26.3,0.0,1.66,2023,8,14,21,0,226,33,-0.7071067811865477,0.7071067811865474,-0.8660254037844385,-0.5000000000000004,0.0,1.0,2,2,0,27.0,29.0,22.0,14.0,24.0,30.0,26.666666666666668,2.516611478426068,29.0,24.0,24.833333333333332,2.6394443859753234,29.0,22.0,24.083333333333332,4.273774855457746,30.0,14.0,31.583333333333332,11.702532860980163,58.0,14.0,27.2,30.1,33.8,89.0,77.0,62.0,2.33,2.66,2.0,1002.0,1000.0,999.0,2393.3,151.06,43.658,112.5,0.7999733342221925,12.57545735219575,3.870789364545413,23.933000000000003,25.470000000000002,0.026221309849142723,691.69,8281,2.7556,1006009,554.9,92.48333333333333,-3.0,2.0,-0.8999999999999986
65,312.2,24.0,73.0,23.8,135.0,75,2.5,1004,93,25.5,0.0,1.0,2023,8,14,22,0,226,33,-0.5000000000000004,0.8660254037844384,-0.8660254037844385,-0.5000000000000004,0.0,1.0,2,3,0,24.0,27.0,29.0,24.0,21.0,36.0,23.333333333333332,4.041451884329044,27.0,19.0,24.0,3.577708763998241,29.0,19.0,23.916666666666668,4.44068654260671,30.0,14.0,30.875,11.935742813991116,58.0,14.0,26.3,28.0,34.2,91.0,87.0,60.0,1.66,3.0,2.0,1003.0,1001.0,998.0,2371.5,93.0,25.5,187.5,0.7982857863114995,13.007791342027414,3.0415399358360067,23.715,25.0,0.025398381077309684,650.25,8649,1.0,1008016,587.0,97.83333333333333,-5.0,-10.0,-0.8000000000000007
78,293.4,22.3,66.3,31.3,124.7,83,2.0,1004,94,25.4,0.0,0.66,2023,8,14,23,0,226,33,-0.25881904510252157,0.9659258262890681,-0.8660254037844385,-0.5000000000000004,0.0,1.0,2,3,0,19.0,24.0,27.0,23.0,28.0,33.0,22.666666666666668,3.2145502536664403,25.0,19.0,24.333333333333332,3.559026084009016,29.0,19.0,23.666666666666668,4.271115105264153,30.0,14.0,30.541666666666668,11.98542290946973,58.0,14.0,25.5,27.2,32.1,93.0,89.0,68.0,1.0,2.33,2.33,1004.0,1002.0,999.0,2387.6,62.040000000000006,16.764,166.0,0.7986965272674994,13.15636070131384,2.972960853773373,23.875999999999998,25.07,0.02529877958288886,645.16,8836,0.43560000000000004,1008016,563.0,93.83333333333333,6.0,-2.0,-0.10000000000000142
91,274.5,20.7,59.7,38.8,114.3,91,0.75,1003,95,25.3,0.0,0.33,2023,8,15,0,1,227,33,0.0,1.0,-0.8660254037844385,-0.5000000000000004,0.7818314824680298,0.6234898018587336,2,3,0,25.0,19.0,24.0,22.0,24.0,34.0,25.0,6.000000000001081,31.0,19.0,25.833333333333332,4.215052391923122,31.0,19.0,24.25,4.769696007083822,31.0,14.0,30.416666666666668,11.96341040029131,58.0,14.0,25.4,26.3,30.1,94.0,91.0,77.0,0.66,1.66,2.66,1004.0,1003.0,1000.0,2403.5,31.35,8.349,68.25,0.7989484807092602,13.26022897444568,2.8839186512728854,24.035,25.135,0.025224301870087867,640.09,9025,0.10890000000000001,1006009,539.0,89.83333333333333,6.0,7.0,-0.09999999999999787
67,255.6,19.0,53.0,25.0,104.0,100,0.0,1003,96,25.2,0.0,0.8,2023,8,15,1,1,227,33,0.25881904510252074,0.9659258262890683,-0.8660254037844385,-0.5000000000000004,0.7818314824680298,0.6234898018587336,2,3,0,31.0,25.0,19.0,29.0,30.0,53.0,25.333333333333332,5.507570547287271,31.0,20.0,24.333333333333332,4.457203906784673,31.0,19.0,23.416666666666668,4.5418925437288005,31.0,14.0,29.041666666666668,11.121773265972957,58.0,14.0,25.3,25.5,28.0,95.0,93.0,87.0,0.33,1.0,3.0,1003.0,1004.0,1001.0,2419.2,76.80000000000001,20.16,0.0,0.7999680012799487,13.451923582969316,2.789326877532761,24.191999999999997,24.8,0.02512460107218238,635.04,9216,0.6400000000000001,1006009,476.6,79.43333333333334,-11.0,1.0,-0.10000000000000142
78,230.7,17.7,54.3,31.3,104.7,91,0.0,1003,96,25.3,0.0,0.4,2023,8,15,2,1,227,33,0.49999999999999994,0.8660254037844387,-0.8660254037844385,-0.5000000000000004,0.7818314824680298,0.6234898018587336,2,3,0,20.0,31.0,25.0,27.0,23.0,51.0,25.333333333333332,5.507570547287271,31.0,20.0,24.0,4.289522117904257,31.0,19.0,23.583333333333332,4.561864318521261,31.0,14.0,27.958333333333332,10.11017209102521,58.0,14.0,25.2,25.4,27.2,96.0,94.0,89.0,0.8,0.66,2.33,1003.0,1004.0,1002.0,2428.8,38.400000000000006,10.120000000000001,0.0,0.7986965272674994,13.033161968250381,3.06762329811875,24.288,25.1,0.025224301870087867,640.09,9216,0.16000000000000003,1006009,463.7,77.28333333333333,5.0,0.0,0.10000000000000142
52,205.8,16.3,55.7,16.3,105.3,83,0.0,1003,96,25.4,0.0,0.0,2023,8,15,3,1,227,33,0.7071067811865476,0.7071067811865476,-0.8660254037844385,-0.5000000000000004,0.7818314824680298,0.6234898018587336,2,3,0,25.0,20.0,31.0,24.0,14.0,54.0,19.333333333333332,6.027713773342917,25.0,13.0,22.166666666666668,6.210206652492021,31.0,13.0,23.5,4.757768766591649,31.0,13.0,26.25,8.911399636323145,58.0,13.0,25.3,25.3,26.3,96.0,95.0,91.0,0.4,0.33,1.66,1003.0,1003.0,1003.0,2438.3999999999996,0.0,0.0,0.0,0.7974970860683392,12.624992331758786,3.416968284154346,24.383999999999997,25.4,0.02532400266799335,645.16,9216,0.0,1006009,412.40000000000003,68.73333333333333,-12.0,-18.0,0.09999999999999787
46,180.9,15.0,57.0,13.8,106.0,75,1.5,1003,95,25.5,0.0,0.8,2023,8,15,4,1,227,33,0.8660254037844386,0.5000000000000001,-0.8660254037844385,-0.5000000000000004,0.7818314824680298,0.6234898018587336,2,3,0,13.0,25.0,20.0,19.0,24.0,58.0,16.333333333333332,7.5718777944013835,25.0,11.0,20.833333333333332,7.704976746665489,31.0,11.0,22.416666666666668,5.961365513694846,31.0,11.0,24.291666666666668,6.457076782856826,42.0,11.0,25.4,25.2,25.5,96.0,96.0,93.0,0.0,0.8,1.0,1003.0,1003.0,1004.0,2422.5,76.0,20.400000000000002,112.5,0.7970436924860518,12.059196053596427,3.79974668355443,24.225,25.1,0.02542370346589884,650.25,9025,0.6400000000000001,1006009,383.7,63.949999999999996,-2.0,-9.0,0.10000000000000142
50,164.6,15.3,56.3,15.0,111.7,83,1.5,1003,95,25.7,0.0,2.0,2023,8,15,5,1,227,33,0.9659258262890683,0.25881904510252074,-0.8660254037844385,-0.5000000000000004,0.7818314824680298,0.6234898018587336,2,3,0,11.0,13.0,25.0,25.0,23.0,42.0,12.0,1.0000000000083311,13.0,11.0,18.666666666666668,8.115828156550354,31.0,11.0,21.5,6.667424199384415,31.0,11.0,23.041666666666668,5.744404965337581,31.0,11.0,25.5,25.3,25.4,95.0,96.0,94.0,0.8,0.4,0.66,1003.0,1003.0,1004.0,2441.5,190.0,51.4,124.5,0.7999466702219852,10.757466832233186,3.679498072021436,24.415,24.7,0.025623105061709808,660.49,9025,4.0,1006009,374.9,62.48333333333333,1.0,-13.0,0.1999999999999993
59,148.2,15.7,55.7,20.0,117.3,91,2.0,1003,95,25.8,0.7,1.2,2023,8,15,6,1,227,33,1.0,6.123233995736766e-17,-0.8660254037844385,-0.5000000000000004,0.7818314824680298,0.6234898018587336,2,0,0,12.0,11.0,13.0,31.0,22.0,29.0,13.0,2.645751311067686,16.0,11.0,16.166666666666668,5.419102016631079,25.0,11.0,21.0,6.849021164303872,31.0,11.0,22.5,5.770991927397288,31.0,11.0,25.7,25.4,25.3,95.0,96.0,95.0,2.0,0.0,0.33,1003.0,1003.0,1003.0,2451.0,114.0,30.96,182.0,0.7999600019998999,9.438889242723393,3.547544742373098,24.51,25.2,0.025722805859615297,665.64,9025,1.44,1006009,372.9,62.15,4.0,3.0,0.10000000000000142
52,131.9,16.0,55.0,16.3,123.0,100,2.5,1004,95,26.0,0.8,1.6,2023,8,15,7,1,227,33,0.9659258262890683,-0.25881904510252063,-0.8660254037844385,-0.5000000000000004,0.7818314824680298,0.6234898018587336,2,0,0,16.0,12.0,11.0,20.0,29.0,29.0,13.666666666666666,2.081665999470022,16.0,12.0,15.0,5.17687164221677,25.0,11.0,19.666666666666668,6.7059448976030565,31.0,11.0,21.833333333333332,5.909952303689215,31.0,11.0,25.8,25.5,25.2,95.0,95.0,96.0,1.2,0.8,0.8,1003.0,1003.0,1003.0,2470.0,152.0,41.6,250.0,0.7974970860683392,8.243234797825135,3.437285169676895,24.7,25.2,0.025896388549413795,676.0,9025,2.5600000000000005,1008016,355.20000000000005,59.20000000000001,-3.0,2.0,0.1999999999999993
54,127.6,14.7,70.0,17.5,134.0,95,2.0,1004,91,26.8,1.2,1.6,2023,8,15,8,1,227,33,0.8660254037844387,-0.4999999999999998,-0.8660254037844385,-0.5000000000000004,0.7818314824680298,0.6234898018587336,2,0,0,13.0,16.0,12.0,25.0,27.0,26.0,14.333333333333334,1.5275252316571841,16.0,13.0,13.166666666666666,1.7224014243649712,16.0,11.0,18.583333333333332,6.459078647120539,31.0,11.0,21.333333333333332,6.048116247636508,31.0,11.0,26.0,25.7,25.3,95.0,95.0,96.0,1.6,2.0,0.4,1004.0,1003.0,1003.0,2438.8,145.6,42.88,190.0,0.7999542883263813,8.679681654309231,4.761580844840488,24.388,26.0,0.026693200504780374,718.24,8281,2.5600000000000005,1008016,377.79999999999995,62.96666666666666,1.0,2.0,0.8000000000000007
61,123.3,13.3,85.0,21.3,145.0,91,1.5,1005,88,27.7,1.9,1.2,2023,8,15,9,1,227,33,0.7071067811865476,-0.7071067811865475,-0.8660254037844385,-0.5000000000000004,0.7818314824680298,0.6234898018587336,2,0,0,14.0,13.0,16.0,13.0,24.0,24.0,14.666666666666666,2.081665999469953,17.0,13.0,13.833333333333334,2.3166067138499375,17.0,11.0,18.0,6.237715199420575,31.0,11.0,21.041666666666668,6.082613616348991,31.0,11.0,26.8,25.8,25.4,91.0,95.0,96.0,1.6,1.2,0.0,1004.0,1003.0,1003.0,2437.6,105.6,33.239999999999995,136.5,0.7980845969672785,9.269979700774378,6.390496955116157,24.375999999999998,27.099999999999998,0.02756216162968992,767.29,7744,1.44,1010025,404.9,67.48333333333333,3.0,1.0,0.8999999999999986
56,119.1,12.0,100.0,18.8,156.0,87,1.5,1005,85,28.5,2.7,1.2,2023,8,15,10,1,227,33,0.49999999999999994,-0.8660254037844387,-0.8660254037844385,-0.5000000000000004,0.7818314824680298,0.6234898018587336,2,0,0,17.0,14.0,13.0,11.0,19.0,21.0,15.333333333333334,1.5275252316570904,17.0,14.0,14.5,1.8708286933837805,17.0,12.0,17.666666666666668,6.286107819242609,31.0,11.0,20.791666666666668,6.206442421889436,31.0,11.0,27.7,26.0,25.5,88.0,95.0,95.0,1.2,1.6,0.8,1005.0,1004.0,1003.0,2422.5,102.0,34.199999999999996,130.5,0.7978299026647518,9.924172985584535,8.332638946754438,24.225,27.9,0.02835818073812862,812.25,7225,1.44,1010025,420.9,70.14999999999999,-2.0,2.0,0.8000000000000007
65,113.8,10.7,108.7,23.8,137.3,79,0.5,1004,77,29.7,3.4,0.33,2023,8,15,11,1,227,33,0.258819045102521,-0.9659258262890682,-0.8660254037844385,-0.5000000000000004,0.7818314824680298,0.6234898018587336,2,0,0,15.0,17.0,14.0,12.0,25.0,28.0,17.0,2.00000000000381,19.0,15.0,15.666666666666666,2.160246899466575,19.0,13.0,17.166666666666668,5.874959703278234,31.0,11.0,20.416666666666668,6.021098171297538,31.0,11.0,28.5,26.8,25.7,85.0,91.0,95.0,1.2,1.6,2.0,1005.0,1004.0,1003.0,2286.9,25.41,9.801,39.5,0.7982857863114995,10.634520138304833,10.157929165498553,22.869,29.535,0.029581643842984222,882.0899999999999,5929,0.10890000000000001,1008016,413.3,68.88333333333334,4.0,5.0,1.1999999999999993
56,108.5,9.3,117.3,18.8,118.7,70,0.5,1004,70,30.8,3.7,0.66,2023,8,15,12,1,227,33,1.2246467991473532e-16,-1.0,-0.8660254037844385,-0.5000000000000004,0.7818314824680298,0.6234898018587336,2,1,0,19.0,15.0,17.0,16.0,31.0,24.0,16.333333333333332,2.3094010767618434,19.0,15.0,15.5,2.1679483388651706,19.0,13.0,15.833333333333334,3.950450683915977,25.0,11.0,20.041666666666668,6.068300862870547,31.0,11.0,29.7,27.7,25.8,77.0,88.0,95.0,0.33,1.2,1.2,1004.0,1005.0,1003.0,2156.0,46.2,20.328000000000003,35.0,0.7978299026647518,11.66541232125578,12.61154714546823,21.56,30.470000000000002,0.030677260281613265,948.6400000000001,4900,0.43560000000000004,1008016,387.59999999999997,64.6,-4.0,-2.0,1.1000000000000014
67,103.3,8.0,126.0,25.0,100.0,62,0.0,1003,64,32.0,3.5,1.0,2023,8,15,13,1,227,33,-0.2588190451025208,-0.9659258262890683,-0.8660254037844385,-0.5000000000000004,0.7818314824680298,0.6234898018587336,2,1,0,15.0,19.0,15.0,13.0,20.0,30.0,18.0,2.6457513110674165,20.0,15.0,16.666666666666668,2.4221202832756132,20.0,14.0,15.833333333333334,3.950450683915977,25.0,11.0,19.625,5.6860814045462655,31.0,11.0,30.8,28.5,26.0,70.0,85.0,95.0,0.66,1.2,1.6,1004.0,1005.0,1004.0,2048.0,64.0,32.0,0.0,0.7999680012799487,12.910886139232597,15.748031496062993,20.48,31.5,0.0319042553297554,1024.0,4096,1.0,1006009,382.3,63.71666666666667,5.0,5.0,1.1999999999999993
69,104.1,8.3,125.3,26.3,94.3,66,0.0,1002,64,32.2,2.8,1.0,2023,8,15,14,1,227,33,-0.4999999999999997,-0.8660254037844388,-0.8660254037844385,-0.5000000000000004,0.7818314824680298,0.6234898018587336,2,1,0,20.0,15.0,19.0,14.0,25.0,23.0,18.666666666666668,3.2145502536666153,21.0,15.0,17.833333333333332,2.562550812502135,21.0,15.0,15.5,3.205109557054,21.0,11.0,19.541666666666668,5.649002733585312,31.0,11.0,32.0,29.7,26.8,64.0,77.0,91.0,1.0,0.33,1.6,1003.0,1004.0,1004.0,2060.8,64.0,32.2,0.0,0.79844872818524,12.540657752078062,15.094566919648235,20.608,31.700000000000003,0.03213569647136081,1036.8400000000001,4096,1.0,1004004,379.3,63.21666666666667,1.0,2.0,0.20000000000000284
76,104.9,8.7,124.7,30.0,88.7,70,0.5,1002,64,32.4,1.9,1.0,2023,8,15,15,1,227,33,-0.7071067811865471,-0.7071067811865479,-0.8660254037844385,-0.5000000000000004,0.7818314824680298,0.6234898018587336,2,1,0,21.0,20.0,15.0,17.0,13.0,14.0,21.666666666666668,2.081665999469476,24.0,20.0,19.0,3.521363372330226,24.0,15.0,16.416666666666668,3.918680977835807,24.0,11.0,19.958333333333332,5.590980054606799,31.0,11.0,32.2,30.8,27.7,64.0,70.0,88.0,1.0,0.66,1.2,1002.0,1004.0,1005.0,2073.6,64.0,32.4,35.0,0.7999733342221925,12.056085507412943,14.331686013101944,20.736,31.9,0.032335297070561805,1049.76,4096,1.0,1004004,381.0,63.5,3.0,9.0,0.19999999999999574
89,105.6,9.0,124.0,37.5,83.0,75,0.0,1001,63,32.6,1.2,1.0,2023,8,15,16,1,227,33,-0.8660254037844385,-0.5000000000000004,-0.8660254037844385,-0.5000000000000004,0.7818314824680298,0.6234898018587336,2,1,0,24.0,21.0,20.0,15.0,11.0,24.0,25.0,4.582575694957256,30.0,21.0,21.5,5.089204259998745,30.0,15.0,18.0,5.169842621131158,30.0,12.0,20.208333333333332,5.904892346451803,31.0,11.0,32.4,32.0,28.5,64.0,64.0,85.0,1.0,1.0,1.2,1002.0,1003.0,1005.0,2053.8,63.0,32.6,0.0,0.7999786672355405,11.732029774469504,13.776247083657372,20.538,32.1,0.0325674000325674,1062.76,3969,1.0,1002001,389.1,64.85000000000001,6.0,10.0,0.20000000000000284
95,132.7,12.0,111.7,41.3,82.7,66,0.0,1002,68,32.0,0.8,0.66,2023,8,15,17,1,227,33,-0.9659258262890683,-0.25881904510252063,-0.8660254037844385,-0.5000000000000004,0.7818314824680298,0.6234898018587336,2,1,0,30.0,24.0,21.0,19.0,12.0,23.0,29.0,4.58257569495713,33.0,24.0,23.833333333333332,6.675827039899736,33.0,15.0,19.75,6.369315647553773,33.0,13.0,20.625,6.4390959397834715,33.0,11.0,32.6,32.2,29.7,63.0,64.0,77.0,1.0,1.0,0.33,1001.0,1002.0,1004.0,2176.0,44.88,21.12,0.0,0.7990121304568898,11.057411882343137,9.307557703524706,21.76,31.67,0.03193609587215981,1024.0,4624,0.43560000000000004,1004004,413.4,68.89999999999999,3.0,12.0,-0.6000000000000014
87,159.7,15.0,99.3,36.3,82.3,58,0.25,1002,72,31.3,0.7,0.33,2023,8,15,18,1,227,33,-1.0,-1.8369701987210297e-16,-0.8660254037844385,-0.5000000000000004,0.7818314824680298,0.6234898018587336,2,2,0,33.0,30.0,24.0,15.0,16.0,22.0,30.666666666666668,2.0816659994688584,33.0,29.0,26.166666666666668,5.269408568962641,33.0,20.0,20.833333333333332,6.766674130462489,33.0,13.0,20.916666666666668,6.658872255130137,33.0,11.0,32.0,32.4,30.8,68.0,64.0,70.0,0.66,1.0,0.66,1002.0,1002.0,1004.0,2253.6,23.76,10.329,14.5,0.798876064020275,10.645956936204252,6.619558696086927,22.535999999999998,31.135,0.031237493774956313,979.69,5184,0.10890000000000001,1004004,421.6,70.26666666666667,-4.0,5.0,-0.6999999999999993
82,186.8,18.0,87.0,33.8,82.0,50,0.0,1003,77,30.7,0.0,1.6,2023,8,15,19,1,227,33,-0.9659258262890684,0.2588190451025203,-0.8660254037844385,-0.5000000000000004,0.7818314824680298,0.6234898018587336,2,2,0,29.0,33.0,30.0,20.0,13.0,29.0,29.666666666666668,3.055050463305797,33.0,27.0,27.333333333333332,4.320493798937468,33.0,21.0,22.0,6.494753127087251,33.0,14.0,20.833333333333332,6.565169401878315,33.0,11.0,31.3,32.6,32.0,72.0,63.0,64.0,0.33,1.0,1.0,1002.0,1001.0,1003.0,2363.9,123.2,49.120000000000005,0.0,0.7987929351202628,10.3772012665963,4.833064829731681,23.639,29.9,0.03060814495698409,942.49,5929,2.5600000000000005,1006009,434.6,72.43333333333334,-2.0,-3.0,-0.6000000000000014
102,204.1,18.0,77.0,45.0,80.7,52,0.0,1003,80,30.3,0.0,1.6,2023,8,15,20,1,227,33,-0.8660254037844386,0.5000000000000001,-0.8660254037844385,-0.5000000000000004,0.7818314824680298,0.6234898018587336,2,2,0,27.0,29.0,33.0,21.0,14.0,27.0,30.666666666666668,4.725815626253809,36.0,27.0,29.833333333333332,4.26223728418041,36.0,24.0,23.833333333333332,7.107401178711028,36.0,15.0,21.208333333333332,7.162578881372349,36.0,11.0,30.7,32.0,32.2,77.0,68.0,64.0,1.6,0.66,1.0,1003.0,1002.0,1002.0,2424.0,128.0,48.480000000000004,0.0,0.7999822226172753,11.33825898561191,4.277540136659074,24.24,29.5,0.03020934176536215,918.09,6400,2.5600000000000005,1006009,460.8,76.8,9.0,3.0,-0.3999999999999986
87,221.4,18.0,67.0,36.3,79.3,54,0.0,1004,84,29.9,0.0,1.6,2023,8,15,21,1,227,33,-0.7071067811865477,0.7071067811865474,-0.8660254037844385,-0.5000000000000004,0.7818314824680298,0.6234898018587336,2,2,0,36.0,27.0,29.0,24.0,17.0,24.0,30.666666666666668,4.725815626253809,36.0,27.0,30.666666666666668,3.2659863237095395,36.0,27.0,24.833333333333332,6.899714530765165,36.0,15.0,21.416666666666668,7.31833116321542,36.0,11.0,30.3,31.3,32.4,80.0,72.0,64.0,1.6,0.33,1.0,1003.0,1002.0,1002.0,2511.6,134.4,47.84,0.0,0.798876064020275,12.29931670462752,3.722015443586467,25.116,29.099999999999998,0.029780846831825865,894.0099999999999,7056,2.5600000000000005,1008016,451.0,75.16666666666667,-7.0,0.0,-0.40000000000000213
76,238.7,18.0,57.0,30.0,78.0,56,0.0,1005,88,29.5,0.0,1.2,2023,8,15,22,1,227,33,-0.5000000000000004,0.8660254037844384,-0.8660254037844385,-0.5000000000000004,0.7818314824680298,0.6234898018587336,2,3,0,29.0,36.0,27.0,30.0,15.0,19.0,29.666666666666668,6.027713773342673,36.0,24.0,29.666666666666668,4.273952113285497,36.0,24.0,25.583333333333332,6.185883244545022,36.0,15.0,21.625,7.31771228209169,36.0,11.0,29.9,30.7,32.6,84.0,77.0,63.0,1.6,1.6,1.0,1004.0,1003.0,1001.0,2596.0,105.6,35.4,0.0,0.7999733342221925,13.26037442364313,3.16649075051386,25.96,28.9,0.029353204623676993,870.25,7744,1.44,1010025,445.7,74.28333333333333,-5.0,-3.0,-0.3999999999999986
91,232.7,18.0,53.7,38.8,76.3,58,0.0,1005,89,29.3,0.0,1.2,2023,8,15,23,1,227,33,-0.25881904510252157,0.9659258262890681,-0.8660254037844385,-0.5000000000000004,0.7818314824680298,0.6234898018587336,2,3,0,24.0,29.0,36.0,33.0,19.0,25.0,28.0,3.605551275465667,31.0,24.0,29.333333333333332,4.03319558993331,36.0,24.0,26.583333333333332,5.991787308600535,36.0,15.0,21.875,7.537226453324398,36.0,11.0,29.5,30.3,32.0,88.0,80.0,68.0,1.2,1.6,0.66,1005.0,1003.0,1002.0,2607.7000000000003,106.8,35.16,0.0,0.7989484807092602,12.927059607799565,2.9831676017999,26.077,28.7,0.02915419984656732,858.49,7921,1.44,1010025,450.5,75.08333333333333,7.0,-5.0,-0.1999999999999993
87,226.6,18.0,50.3,36.3,74.7,60,0.0,1004,91,29.2,0.0,1.2,2023,8,16,0,2,228,33,0.0,1.0,-0.8660254037844385,-0.5000000000000004,0.9749279121818236,-0.22252093395631434,2,3,0,31.0,24.0,29.0,29.0,15.0,31.0,28.0,3.605551275465667,31.0,24.0,29.333333333333332,4.03319558993331,36.0,24.0,27.75,4.769696007083811,36.0,20.0,21.791666666666668,7.442411756522249,36.0,11.0,29.3,29.9,31.3,89.0,84.0,72.0,1.2,1.6,0.33,1005.0,1004.0,1002.0,2657.2,109.2,35.04,0.0,0.798876064020275,12.588189545025275,2.7942892061552134,26.572,28.599999999999998,0.029083636370880107,852.64,8281,1.44,1008016,434.9,72.48333333333333,-2.0,0.0,-0.10000000000000142
104,220.6,18.0,47.0,46.3,73.0,62,0.0,1004,92,29.0,0.0,1.2,2023,8,16,1,2,228,33,0.25881904510252074,0.9659258262890683,-0.8660254037844385,-0.5000000000000004,0.9749279121818236,-0.22252093395631434,2,3,0,29.0,31.0,24.0,27.0,20.0,20.0,32.333333333333336,4.16333199893357,37.0,29.0,31.0,4.857983120595537,37.0,24.0,29.166666666666668,4.783177592226644,37.0,21.0,22.5,8.04876442043435,37.0,11.0,29.2,29.5,30.7,91.0,88.0,77.0,1.2,1.2,1.6,1004.0,1005.0,1003.0,2668.0,110.39999999999999,34.8,0.0,0.799118809528952,12.254874729181712,2.610966057441253,26.68,28.4,0.028884433382038464,841.0,8464,1.44,1008016,441.90000000000003,73.65,8.0,13.0,-0.1999999999999993
123,214.6,17.7,44.7,55.0,70.7,66,0.0,1004,92,28.8,0.0,0.66,2023,8,16,2,2,228,33,0.49999999999999994,0.8660254037844387,-0.8660254037844385,-0.5000000000000004,0.9749279121818236,-0.22252093395631434,2,3,0,37.0,29.0,31.0,36.0,21.0,25.0,36.666666666666664,7.505553499465775,44.0,29.0,32.333333333333336,7.089898917943616,44.0,24.0,31.083333333333332,5.728054299724922,44.0,24.0,23.291666666666668,9.16268029262866,44.0,11.0,29.0,29.3,30.3,92.0,89.0,80.0,1.2,1.2,1.6,1004.0,1005.0,1003.0,2649.6,60.720000000000006,19.008000000000003,0.0,0.7999854548099126,12.123608835659002,2.525281057567369,26.496,28.470000000000002,0.02868523039319682,829.44,8464,0.43560000000000004,1008016,446.7,74.45,7.0,13.0,-0.1999999999999993
151,208.5,17.3,42.3,70.0,68.3,70,0.0,1004,92,28.7,0.0,1.33,2023,8,16,3,2,228,33,0.7071067811865476,0.7071067811865476,-0.8660254037844385,-0.5000000000000004,0.9749279121818236,-0.22252093395631434,2,3,0,44.0,37.0,29.0,29.0,24.0,13.0,45.666666666666664,9.609023536933416,56.0,37.0,36.833333333333336,11.651895410904565,56.0,24.0,33.75,8.771078507333586,56.0,24.0,25.083333333333332,11.068626507097532,56.0,11.0,28.8,29.2,29.9,92.0,91.0,84.0,0.66,1.2,1.6,1004.0,1004.0,1004.0,2640.4,122.36000000000001,38.171,0.0,0.7999885715918343,12.051326512918328,2.444945378879833,26.404,28.035,0.028585628898775996,823.6899999999999,8464,1.7689000000000001,1008016,462.40000000000003,77.06666666666668,12.0,27.0,-0.10000000000000142
163,202.5,17.0,40.0,81.3,66.0,75,0.0,1004,92,28.5,0.0,2.0,2023,8,16,4,2,228,33,0.8660254037844386,0.5000000000000001,-0.8660254037844385,-0.5000000000000004,0.9749279121818236,-0.22252093395631434,2,3,0,56.0,44.0,37.0,24.0,30.0,11.0,55.0,10.535653752852946,65.0,44.0,43.666666666666664,14.334108506170175,65.0,29.0,36.666666666666664,12.455983106584,65.0,24.0,27.333333333333332,13.337318245097642,65.0,12.0,28.7,29.0,29.5,92.0,92.0,88.0,1.33,1.2,1.2,1004.0,1004.0,1005.0,2622.0,184.0,57.0,0.0,0.7994981611542293,11.911064055055585,2.352802776307276,26.22,27.5,0.028386425909934353,812.25,8464,4.0,1008016,471.8,78.63333333333334,9.0,28.0,-0.1999999999999993
142,201.0,16.7,38.7,63.8,62.3,66,0.0,1004,91,28.6,0.0,1.33,2023,8,16,5,2,228,33,0.9659258262890683,0.25881904510252074,-0.8660254037844385,-0.5000000000000004,0.9749279121818236,-0.22252093395631434,2,3,0,65.0,56.0,44.0,31.0,33.0,12.0,57.333333333333336,7.0945988845978505,65.0,51.0,47.0,13.069047402163408,65.0,29.0,38.166666666666664,13.044213857166937,65.0,24.0,28.958333333333332,13.757145705814676,65.0,13.0,28.5,28.8,29.3,92.0,92.0,89.0,2.0,0.66,1.2,1004.0,1004.0,1005.0,2602.6,121.03,38.038000000000004,0.0,0.7993605115907275,12.03520747260643,2.3172265133824324,26.026,27.935000000000002,0.02848602740435518,817.96,8281,1.7689000000000001,1008016,433.5,72.25,-14.0,7.0,0.10000000000000142
139,199.4,16.3,37.3,62.5,58.7,58,0.0,1005,91,28.6,0.7,0.66,2023,8,16,6,2,228,33,1.0,6.123233995736766e-17,-0.8660254037844385,-0.5000000000000004,0.9749279121818236,-0.22252093395631434,2,0,0,51.0,65.0,56.0,29.0,29.0,16.0,55.333333333333336,8.38649708360634,65.0,50.0,50.5,9.648834126462884,65.0,37.0,39.916666666666664,13.111121811328957,65.0,24.0,30.375,14.110780645831895,65.0,13.0,28.6,28.7,29.2,91.0,92.0,91.0,1.33,1.33,1.2,1004.0,1004.0,1004.0,2602.6,60.06,18.876,0.0,0.7999872002047967,12.232378381694373,2.288203177719158,26.026,28.270000000000003,0.02845768312668346,817.96,8281,0.43560000000000004,1010025,424.2,70.7,-1.0,-6.0,0.0
139,197.8,16.0,36.0,62.5,55.0,50,2.0,1005,90,28.7,1.0,1.2,2023,8,16,7,2,228,33,0.9659258262890683,-0.25881904510252063,-0.8660254037844385,-0.5000000000000004,0.9749279121818236,-0.22252093395631434,2,0,0,50.0,51.0,65.0,37.0,27.0,13.0,50.333333333333336,0.5773502691945773,51.0,50.0,52.666666666666664,7.14609450445919,65.0,44.0,41.833333333333336,12.726731590227224,65.0,24.0,31.916666666666668,14.151099716573546,65.0,14.0,28.6,28.5,29.0,91.0,92.0,92.0,0.66,2.0,1.2,1005.0,1004.0,1004.0,2583.0,108.0,34.44,100.0,0.7999872002047967,12.361727392037997,2.2498593837885132,25.83,28.099999999999998,0.028557185515238292,823.6899999999999,8100,1.44,1010025,417.3,69.55,0.0,-15.0,0.09999999999999787
131,170.6,13.0,64.7,58.8,60.3,54,0.0,1005,83,29.8,1.6,0.66,2023,8,16,8,2,228,33,0.8660254037844387,-0.4999999999999998,-0.8660254037844385,-0.5000000000000004,0.9749279121818236,-0.22252093395631434,2,0,0,50.0,50.0,51.0,44.0,36.0,14.0,49.0,1.7320508075706362,50.0,47.0,53.166666666666664,6.493586579592354,65.0,47.0,42.75,12.664373795666101,65.0,24.0,33.291666666666664,13.93612498904009,65.0,15.0,28.7,28.6,28.8,90.0,91.0,92.0,1.2,1.33,0.66,1005.0,1004.0,1004.0,2473.4,54.78,19.668000000000003,0.0,0.7993061342494175,13.122067533266671,4.976540266133375,24.734,29.470000000000002,0.029651711789341506,888.0400000000001,6889,0.43560000000000004,1010025,414.40000000000003,69.06666666666668,-3.0,-4.0,1.1000000000000014
121,143.4,10.0,93.3,53.8,65.7,58,0.0,1005,76,30.9,3.1,1.33,2023,8,16,9,2,228,33,0.7071067811865476,-0.7071067811865475,-0.8660254037844385,-0.5000000000000004,0.9749279121818236,-0.22252093395631434,2,0,0,47.0,50.0,50.0,56.0,29.0,17.0,46.666666666666664,3.511884584285209,50.0,43.0,51.0,7.456540752922553,65.0,43.0,43.916666666666664,11.904608224115881,65.0,24.0,34.375,13.621634007837734,65.0,15.0,29.8,28.6,28.7,83.0,91.0,92.0,0.66,0.66,1.33,1005.0,1005.0,1004.0,2348.4,101.08000000000001,41.097,0.0,0.7992416497834613,14.338566143385663,9.329067093290671,23.484,30.235,0.030746238063444713,954.81,5776,1.7689000000000001,1010025,409.2,68.2,-4.0,-7.0,1.0999999999999979
121,116.1,7.0,122.0,53.8,71.0,62,0.0,1005,69,32.0,3.2,2.0,2023,8,16,10,2,228,33,0.49999999999999994,-0.8660254037844387,-0.8660254037844385,-0.5000000000000004,0.9749279121818236,-0.22252093395631434,2,0,0,43.0,47.0,50.0,65.0,24.0,15.0,44.333333333333336,2.309401076760112,47.0,43.0,47.333333333333336,3.6147844564594367,51.0,43.0,45.5,10.148891565091748,65.0,29.0,35.541666666666664,13.078289898403021,65.0,15.0,30.9,28.7,28.5,76.0,90.0,92.0,1.33,1.2,2.0,1005.0,1005.0,1004.0,2208.0,138.0,64.0,0.0,0.7992416497834613,16.5833452363948,17.426081988287386,22.08,31.0,0.03184076433754792,1024.0,4761,4.0,1010025,412.9,68.81666666666666,0.0,-7.0,1.1000000000000014
115,115.4,6.0,145.3,51.3,78.0,66,0.0,1005,65,32.7,3.5,2.0,2023,8,16,11,2,228,33,0.258819045102521,-0.9659258262890682,-0.8660254037844385,-0.5000000000000004,0.9749279121818236,-0.22252093395631434,2,0,0,43.0,43.0,47.0,51.0,31.0,19.0,42.333333333333336,1.154700538382715,43.0,41.0,45.666666666666664,3.881580434135095,50.0,41.0,46.333333333333336,9.217900898235314,65.0,29.0,36.458333333333336,12.631840950435757,65.0,15.0,32.0,29.8,28.6,69.0,83.0,91.0,2.0,0.66,1.33,1005.0,1005.0,1004.0,2125.5,130.0,65.4,0.0,0.7992046938656168,19.230128311948008,24.212631228128647,21.255,31.700000000000003,0.03253728105743179,1069.2900000000002,4225,4.0,1010025,437.00000000000006,72.83333333333334,-2.0,-6.0,0.7000000000000028
103,114.6,5.0,168.7,42.5,85.0,70,0.0,1004,61,33.5,4.0,2.0,2023,8,16,12,2,228,33,1.2246467991473532e-16,-1.0,-0.8660254037844385,-0.5000000000000004,0.9749279121818236,-0.22252093395631434,2,1,0,41.0,43.0,43.0,50.0,29.0,15.0,39.333333333333336,4.725815626253545,43.0,34.0,43.0,5.477225575051039,50.0,34.0,46.75,8.443663573677302,65.0,34.0,37.25,11.796277968624176,65.0,20.0,32.7,30.9,28.6,65.0,76.0,91.0,2.0,1.33,0.66,1005.0,1005.0,1005.0,2043.5,122.0,67.0,0.0,0.7999811769134845,22.915416916616675,33.73325334933013,20.435,32.5,0.03336650063097547,1122.25,3721,4.0,1008016,449.79999999999995,74.96666666666665,-7.0,-9.0,0.7999999999999972
110,113.8,4.0,192.0,41.3,92.0,75,0.0,1003,57,34.2,4.0,2.0,2023,8,16,13,2,228,33,-0.2588190451025208,-0.9659258262890683,-0.8660254037844385,-0.5000000000000004,0.9749279121818236,-0.22252093395631434,2,1,0,34.0,41.0,43.0,50.0,37.0,20.0,36.0,4.3588989435417975,41.0,33.0,40.166666666666664,5.52871293038979,47.0,33.0,46.416666666666664,8.928588744571416,65.0,33.0,37.791666666666664,11.255835845449909,65.0,21.0,33.5,32.0,28.7,61.0,69.0,90.0,2.0,2.0,1.2,1004.0,1005.0,1005.0,1949.4,114.0,68.4,0.0,0.7990121304568898,28.442889277680578,47.988002999250185,19.494,33.2,0.03409767288367609,1169.64,3249,4.0,1006009,476.1,79.35000000000001,-1.0,-10.0,0.7000000000000028
108,111.5,4.3,185.7,47.5,89.3,75,0.0,1003,62,33.3,3.2,2.0,2023,8,16,14,2,228,33,-0.4999999999999997,-0.8660254037844388,-0.8660254037844385,-0.5000000000000004,0.9749279121818236,-0.22252093395631434,2,1,0,33.0,34.0,41.0,47.0,44.0,21.0,35.0,2.6457513110664945,38.0,33.0,38.666666666666664,4.41210456207227,43.0,33.0,45.916666666666664,9.238834374857634,65.0,33.0,38.5,10.673005362983107,65.0,24.0,34.2,32.7,29.8,57.0,65.0,83.0,2.0,2.0,0.66,1003.0,1005.0,1005.0,2064.6,124.0,66.6,0.0,0.7999831582493001,25.924203673564286,43.176005580097645,20.646,32.3,0.03320036570252671,1108.8899999999999,3844,4.0,1006009,476.3,79.38333333333334,5.0,-3.0,-0.9000000000000057
129,109.1,4.7,179.3,57.5,86.7,75,4.5,1003,68,32.5,2.5,2.0,2023,8,16,15,2,228,33,-0.7071067811865471,-0.7071067811865479,-0.8660254037844385,-0.5000000000000004,0.9749279121818236,-0.22252093395631434,2,1,0,38.0,33.0,34.0,43.0,56.0,24.0,39.0,6.557438524302683,46.0,33.0,39.166666666666664,5.11533641774019,46.0,33.0,45.083333333333336,8.680786865604471,65.0,33.0,39.416666666666664,10.312156889329733,65.0,24.0,33.3,33.5,30.9,62.0,61.0,76.0,2.0,2.0,1.33,1003.0,1004.0,1005.0,2210.0,136.0,65.0,337.5,0.7999860871984835,23.207828121676236,38.14082110189321,22.1,31.5,0.03240275931928283,1056.25,4624,4.0,1006009,483.3,80.55,8.0,12.0,-0.7999999999999972
118,106.8,5.0,173.0,52.5,84.0,75,1.0,1002,74,31.6,1.3,2.0,2023,8,16,16,2,228,33,-0.8660254037844385,-0.5000000000000004,-0.8660254037844385,-0.5000000000000004,0.9749279121818236,-0.22252093395631434,2,1,0,46.0,38.0,33.0,43.0,65.0,30.0,42.0,4.000000000001013,46.0,38.0,39.0,4.979959839194724,46.0,33.0,43.166666666666664,6.012613005300253,51.0,33.0,39.916666666666664,10.124944086444584,65.0,24.0,32.5,34.2,32.0,68.0,57.0,69.0,2.0,2.0,2.0,1003.0,1003.0,1005.0,2338.4,148.0,63.2,75.0,0.7999847621950058,21.355728854229152,34.59308138372325,23.384,30.6,0.031536894673757816,998.5600000000001,5476,4.0,1004004,463.3,77.21666666666667,-4.0,9.0,-0.8999999999999986
91,120.6,8.3,138.3,38.8,77.3,66,0.25,1002,75,31.3,0.8,2.0,2023,8,16,17,2,228,33,-0.9659258262890683,-0.25881904510252063,-0.8660254037844385,-0.5000000000000004,0.9749279121818236,-0.22252093395631434,2,1,0,42.0,46.0,38.0,41.0,51.0,33.0,39.666666666666664,7.767453465154595,46.0,31.0,37.333333333333336,5.78503817331041,46.0,31.0,41.5,6.403124237432121,50.0,31.0,39.833333333333336,10.19235291632999,65.0,24.0,31.6,33.3,32.7,74.0,62.0,65.0,2.0,2.0,2.0,1002.0,1003.0,1005.0,2347.5,150.0,62.6,16.5,0.7989484807092602,14.52837007589447,16.660643295988436,23.475,30.3,0.031237493774956313,979.69,5625,4.0,1004004,414.30000000000007,69.05000000000001,-11.0,-7.0,-0.3000000000000007
87,134.4,11.7,103.7,36.3,70.7,58,0.0,1003,76,31.0,0.7,2.0,2023,8,16,18,2,228,33,-1.0,-1.8369701987210297e-16,-0.8660254037844385,-0.5000000000000004,0.9749279121818236,-0.22252093395631434,2,2,0,31.0,42.0,46.0,34.0,50.0,29.0,34.0,7.000000000000743,42.0,29.0,36.5,6.655824516916878,46.0,29.0,39.75,6.730189785247169,50.0,29.0,39.833333333333336,10.19235291632999,65.0,24.0,31.3,32.5,33.5,75.0,68.0,61.0,2.0,2.0,2.0,1002.0,1003.0,1004.0,2356.0,152.0,62.0,0.0,0.798876064020275,11.486197760875141,8.862490385437143,23.56,30.0,0.030907247350700547,961.0,5776,4.0,1006009,385.8,64.3,-2.0,-17.0,-0.3000000000000007
85,148.2,15.0,69.0,35.0,64.0,50,0.0,1003,77,30.7,0.0,2.0,2023,8,16,19,2,228,33,-0.9659258262890684,0.2588190451025203,-0.8660254037844385,-0.5000000000000004,0.9749279121818236,-0.22252093395631434,2,2,0,29.0,31.0,42.0,33.0,50.0,27.0,29.333333333333332,1.5275252316557746,31.0,28.0,35.666666666666664,7.447594690009539,46.0,28.0,37.916666666666664,6.680478117528623,47.0,28.0,39.875,10.139515896170863,65.0,24.0,31.0,31.6,34.2,76.0,74.0,57.0,2.0,2.0,2.0,1003.0,1002.0,1003.0,2363.9,154.0,61.4,0.0,0.7999771435101855,9.879341377241516,4.599693353776415,23.639,29.7,0.03060814495698409,942.49,5929,4.0,1006009,359.2,59.86666666666667,-1.0,-14.0,-0.3000000000000007
98,193.4,18.7,57.7,42.5,77.7,51,0.0,1003,81,30.5,0.0,2.0,2023,8,16,20,2,228,33,-0.8660254037844386,0.5000000000000001,-0.8660254037844385,-0.5000000000000004,0.9749279121818236,-0.22252093395631434,2,2,0,28.0,29.0,31.0,38.0,47.0,36.0,30.333333333333332,3.214550253666095,34.0,28.0,35.0,7.375635565833733,46.0,28.0,36.833333333333336,6.102657146064754,46.0,28.0,39.791666666666664,10.180882197474169,65.0,24.0,30.7,31.3,33.3,77.0,75.0,62.0,2.0,2.0,2.0,1003.0,1002.0,1003.0,2470.5,162.0,61.0,0.0,0.7999811769134845,10.34169295759585,3.0853965028608097,24.705,29.5,0.03040874336117312,930.25,6561,4.0,1006009,424.0,70.66666666666667,6.0,3.0,-0.1999999999999993
82,238.5,22.3,46.3,33.8,91.3,52,0.0,1004,85,30.3,0.0,2.0,2023,8,16,21,2,228,33,-0.7071067811865477,0.7071067811865474,-0.8660254037844385,-0.5000000000000004,0.9749279121818236,-0.22252093395631434,2,2,0,34.0,28.0,29.0,46.0,43.0,29.0,29.666666666666668,3.7859388972017145,34.0,27.0,31.833333333333332,5.564770136012583,42.0,27.0,35.5,6.374665766638647,46.0,27.0,39.708333333333336,10.280750973528928,65.0,24.0,30.5,31.0,32.5,81.0,76.0,68.0,2.0,2.0,2.0,1003.0,1003.0,1003.0,2575.5,170.0,60.6,0.0,0.7987929351202628,10.694587686650822,2.0761400834043315,25.755,29.3,0.030179252809509154,918.09,7225,4.0,1008016,459.20000000000005,76.53333333333335,-7.0,-2.0,-0.1999999999999993
91,283.6,26.0,35.0,38.8,105.0,54,0.0,1005,90,30.1,0.0,2.0,2023,8,16,22,2,228,33,-0.5000000000000004,0.8660254037844384,-0.8660254037844385,-0.5000000000000004,0.9749279121818236,-0.22252093395631434,2,3,0,27.0,34.0,28.0,42.0,43.0,24.0,30.666666666666668,3.5118845842858595,34.0,27.0,30.0,2.5298221281328166,34.0,27.0,34.5,6.022684390927222,46.0,27.0,40.0,9.908274978192937,65.0,27.0,30.3,30.7,31.6,85.0,77.0,74.0,2.0,2.0,2.0,1004.0,1003.0,1002.0,2709.0,180.0,60.2,0.0,0.7989484807092602,10.907272797200108,1.3461020729971924,27.09,29.1,0.029950218955006016,906.0100000000001,8100,4.0,1010025,519.4000000000001,86.56666666666668,4.0,3.0,-0.1999999999999993
74,284.4,27.0,31.7,28.8,106.0,55,0.0,1005,90,29.8,0.0,2.0,2023,8,16,23,2,228,33,-0.25881904510252157,0.9659258262890681,-0.8660254037844385,-0.5000000000000004,0.9749279121818236,-0.22252093395631434,2,3,0,31.0,27.0,34.0,31.0,41.0,31.0,27.0,4.00000000000154,31.0,23.0,28.666666666666668,3.723797345003733,34.0,23.0,33.0,6.480740698407185,46.0,23.0,39.666666666666664,10.348983006816088,65.0,23.0,30.1,30.5,31.3,90.0,81.0,75.0,2.0,2.0,2.0,1005.0,1003.0,1002.0,2682.0,180.0,59.6,0.0,0.7985833825214401,10.532943224325024,1.1740305914595754,26.82,28.8,0.029651711789341506,888.0400000000001,8100,4.0,1010025,500.9,83.48333333333333,-8.0,-11.0,-0.3000000000000007
87,285.2,28.0,28.3,36.3,107.0,56,0.0,1005,91,29.5,0.0,2.0,2023,8,17,0,3,229,33,0.0,1.0,-0.8660254037844385,-0.5000000000000004,0.43388373911755823,-0.900968867902419,2,3,0,23.0,31.0,27.0,29.0,34.0,29.0,27.666666666666668,4.163331998933724,31.0,23.0,28.666666666666668,3.723797345003733,34.0,23.0,32.583333333333336,6.570710952722979,46.0,23.0,39.666666666666664,10.348983006816088,65.0,23.0,29.8,30.3,31.0,90.0,85.0,76.0,2.0,2.0,2.0,1005.0,1004.0,1003.0,2684.5,182.0,59.0,0.0,0.798876064020275,10.185350523195599,1.0106781900646404,26.845,28.5,0.029353204623676993,870.25,8281,4.0,1010025,513.8,85.63333333333333,6.0,2.0,-0.3000000000000007
145,286.0,29.0,25.0,65.0,108.0,58,0.0,1004,92,29.2,0.0,2.0,2023,8,17,1,3,229,33,0.25881904510252074,0.9659258262890683,-0.8660254037844385,-0.5000000000000004,0.43388373911755823,-0.900968867902419,2,3,0,29.0,23.0,31.0,28.0,33.0,37.0,34.666666666666664,15.307950004273714,52.0,23.0,32.666666666666664,10.171856598805238,52.0,23.0,34.166666666666664,8.642740867164816,52.0,23.0,40.291666666666664,10.630060602169833,65.0,23.0,29.5,30.1,30.7,91.0,90.0,77.0,2.0,2.0,2.0,1005.0,1005.0,1003.0,2686.4,184.0,58.4,0.0,0.7999876924970385,9.861728905899795,0.8620392400262059,26.864,28.2,0.029083636370880107,852.64,8464,4.0,1008016,565.0,94.16666666666667,23.0,21.0,-0.3000000000000007
157,265.7,27.3,24.7,76.3,101.0,59,0.0,1004,92,29.0,0.0,1.66,2023,8,17,2,3,229,33,0.49999999999999994,0.8660254037844387,-0.8660254037844385,-0.5000000000000004,0.43388373911755823,-0.900968867902419,2,3,0,52.0,29.0,23.0,34.0,38.0,44.0,47.333333333333336,16.502525059315627,61.0,29.0,37.166666666666664,15.471479136354695,61.0,23.0,36.083333333333336,11.61079696061373,61.0,23.0,41.0,11.424611115063888,65.0,23.0,29.2,29.8,30.5,92.0,90.0,81.0,2.0,2.0,2.0,1004.0,1005.0,1003.0,2668.0,152.72,48.14,0.0,0.7994652756844602,9.732244240137723,0.9047287645141203,26.68,28.17,0.028884433382038464,841.0,8464,2.7556,1008016,556.0,92.66666666666667,9.0,38.0,-0.1999999999999993
145,245.5,25.7,24.3,65.0,94.0,61,0.0,1004,93,28.7,0.0,1.33,2023,8,17,3,3,229,33,0.7071067811865476,0.7071067811865476,-0.8660254037844385,-0.5000000000000004,0.43388373911755823,-0.900968867902419,2,3,0,61.0,52.0,29.0,27.0,46.0,56.0,55.0,5.196152422707101,61.0,52.0,41.333333333333336,15.552063100008933,61.0,23.0,36.583333333333336,12.191340692425046,61.0,23.0,40.833333333333336,11.22368096894954,65.0,23.0,29.0,29.5,30.3,92.0,91.0,85.0,1.66,2.0,2.0,1004.0,1005.0,1004.0,2669.1,123.69000000000001,38.171,0.0,0.7999876924970385,9.552157503599082,0.945488502392903,26.691,28.035,0.028585628898775996,823.6899999999999,8649,1.7689000000000001,1008016,506.5,84.41666666666667,-9.0,23.0,-0.3000000000000007
185,225.3,24.0,24.0,102.5,87.0,62,0.0,1004,94,28.5,0.0,1.0,2023,8,17,4,3,229,33,0.8660254037844386,0.5000000000000001,-0.8660254037844385,-0.5000000000000004,0.43388373911755823,-0.900968867902419,2,3,0,52.0,61.0,52.0,31.0,42.0,65.0,65.0,15.394804318340729,82.0,52.0,49.833333333333336,21.553808634825106,82.0,23.0,39.916666666666664,17.926406795731577,82.0,23.0,41.541666666666664,13.180945293892487,82.0,23.0,28.7,29.2,30.1,93.0,92.0,90.0,1.33,2.0,2.0,1004.0,1004.0,1005.0,2679.0,94.0,28.5,0.0,0.7999921951980956,9.38710887046373,0.999958335069372,26.79,28.0,0.028386425909934353,812.25,8836,1.0,1008016,544.8,90.8,30.0,30.0,-0.1999999999999993
179,228.0,22.3,27.3,96.3,83.3,58,0.0,1004,94,28.7,0.0,1.33,2023,8,17,5,3,229,33,0.9659258262890683,0.25881904510252074,-0.8660254037844385,-0.5000000000000004,0.43388373911755823,-0.900968867902419,2,3,0,82.0,52.0,61.0,23.0,31.0,51.0,70.33333333333333,16.07275126832162,82.0,52.0,58.833333333333336,19.260494974601855,82.0,29.0,43.75,20.56972621022523,82.0,23.0,42.625,14.942825819712557,82.0,23.0,28.5,29.0,29.8,94.0,92.0,90.0,1.0,1.66,2.0,1004.0,1004.0,1005.0,2697.7999999999997,125.02000000000001,38.171,0.0,0.7995763283870365,10.223756782207076,1.2241603515537418,26.977999999999998,28.035,0.028585628898775996,823.6899999999999,8836,1.7689000000000001,1008016,534.2,89.03333333333335,-5.0,16.0,0.1999999999999993
100,230.7,20.7,30.7,43.8,79.7,54,0.0,1004,93,28.8,1.1,1.66,2023,8,17,6,3,229,33,1.0,6.123233995736766e-17,-0.8660254037844385,-0.5000000000000004,0.43388373911755823,-0.900968867902419,2,0,0,77.0,82.0,52.0,29.0,29.0,50.0,64.66666666666667,25.813433195399163,82.0,35.0,59.833333333333336,17.47474367956977,82.0,35.0,44.25,20.249017933537363,82.0,23.0,42.0,14.93464021196616,82.0,23.0,28.7,28.7,29.5,94.0,93.0,91.0,1.33,1.33,2.0,1004.0,1004.0,1005.0,2678.4,154.38,47.808,0.0,0.7990685144174792,11.144389159943962,1.4830201439543982,26.784000000000002,27.970000000000002,0.02868523039319682,829.44,8649,2.7556,1008016,440.59999999999997,73.43333333333332,-42.0,-17.0,0.10000000000000142
100,233.4,19.0,34.0,43.8,76.0,50,0.0,1005,93,29.0,1.4,2.0,2023,8,17,7,3,229,33,0.9659258262890683,-0.25881904510252063,-0.8660254037844385,-0.5000000000000004,0.43388373911755823,-0.900968867902419,2,0,0,35.0,77.0,82.0,52.0,28.0,50.0,49.0,24.248711305964402,77.0,35.0,57.0,20.169283576765842,82.0,35.0,44.833333333333336,19.834924815189815,82.0,23.0,41.375,14.899117277616838,82.0,23.0,28.8,28.5,29.2,93.0,94.0,92.0,1.66,1.0,2.0,1004.0,1004.0,1004.0,2697.0,186.0,58.0,0.0,0.7990685144174792,12.28356402294616,1.7893795063417715,26.97,28.0,0.028855692680902805,841.0,8649,4.0,1010025,441.2,73.53333333333333,0.0,-47.0,0.1999999999999993
85,205.8,16.3,69.0,35.0,89.3,41,0.0,1005,84,30.3,2.3,1.33,2023,8,17,8,3,229,33,0.8660254037844387,-0.4999999999999998,-0.8660254037844385,-0.5000000000000004,0.43388373911755823,-0.900968867902419,2,0,0,35.0,35.0,77.0,61.0,34.0,47.0,32.666666666666664,4.041451884328557,35.0,28.0,51.5,23.140872930812165,82.0,28.0,44.333333333333336,20.205009879790076,82.0,23.0,40.583333333333336,15.090788052914178,82.0,23.0,29.0,28.7,29.0,93.0,94.0,92.0,2.0,1.33,1.66,1005.0,1004.0,1004.0,2545.2000000000003,111.72,40.29900000000001,0.0,0.7999771435101855,12.624992331758786,4.232869149131955,25.452,29.635,0.03014922373211569,918.09,7056,1.7689000000000001,1010025,443.40000000000003,73.9,-7.0,-49.0,1.3000000000000007
85,178.2,13.7,104.0,35.0,102.7,33,0.0,1005,76,31.7,2.6,0.66,2023,8,17,9,3,229,33,0.7071067811865476,-0.7071067811865475,-0.8660254037844385,-0.5000000000000004,0.43388373911755823,-0.900968867902419,2,0,0,28.0,35.0,35.0,52.0,27.0,43.0,30.333333333333332,4.041451884328623,35.0,28.0,47.5,25.033976911389736,82.0,28.0,44.416666666666664,20.128940419809304,82.0,23.0,39.958333333333336,15.295578123919785,82.0,23.0,30.3,28.8,28.7,84.0,93.0,93.0,1.33,1.66,1.33,1005.0,1004.0,1004.0,2409.2,50.160000000000004,20.922,0.0,0.7999771435101855,13.006349901467047,7.5906868111816665,24.092,31.37,0.031542257171883414,1004.89,5776,0.43560000000000004,1010025,461.59999999999997,76.93333333333332,0.0,-7.0,1.3999999999999986
78,150.6,11.0,139.0,31.3,116.0,25,0.0,1005,69,33.0,4.1,1.6,2023,8,17,10,3,229,33,0.49999999999999994,-0.8660254037844387,-0.8660254037844385,-0.5000000000000004,0.43388373911755823,-0.900968867902419,2,0,0,28.0,28.0,35.0,82.0,31.0,43.0,27.0,1.7320508075719956,28.0,25.0,38.0,19.53458471531945,77.0,25.0,43.916666666666664,20.562358961476097,82.0,23.0,39.208333333333336,15.578634105072103,82.0,23.0,31.7,29.0,28.5,76.0,93.0,94.0,0.66,2.0,1.0,1005.0,1005.0,1004.0,2277.0,110.4,52.800000000000004,0.0,0.7986965272674994,13.689664575947642,12.635214980456324,22.77,32.2,0.032835788223096296,1089.0,4761,2.5600000000000005,1010025,472.90000000000003,78.81666666666668,-3.0,-10.0,1.3000000000000007
103,146.5,9.0,169.7,36.3,119.0,29,0.0,1004,63,33.9,4.7,1.2,2023,8,17,11,3,229,33,0.258819045102521,-0.9659258262890682,-0.8660254037844385,-0.5000000000000004,0.43388373911755823,-0.900968867902419,2,0,0,25.0,28.0,28.0,77.0,23.0,41.0,27.333333333333332,2.081665999468709,29.0,25.0,30.0,4.098780306382707,35.0,25.0,44.416666666666664,20.074671211315383,82.0,25.0,38.708333333333336,15.710642105347704,82.0,23.0,33.0,30.3,28.7,69.0,84.0,94.0,1.6,1.33,1.33,1005.0,1005.0,1004.0,2135.7,75.6,40.68,0.0,0.798876064020275,16.275969336740364,18.853460726585936,21.357,33.3,0.03376490660865875,1149.2099999999998,3969,1.44,1008016,509.5,84.91666666666667,4.0,1.0,0.8999999999999986
118,142.4,7.0,200.3,52.5,122.0,33,0.0,1004,58,34.8,5.5,0.8,2023,8,17,12,3,229,33,1.2246467991473532e-16,-1.0,-0.8660254037844385,-0.5000000000000004,0.43388373911755823,-0.900968867902419,2,1,0,29.0,25.0,28.0,35.0,29.0,34.0,32.0,8.888194417316132,42.0,25.0,31.166666666666668,6.242328625333468,42.0,25.0,45.5,19.50990424467414,82.0,25.0,39.041666666666664,15.691258066520684,82.0,23.0,33.9,31.7,28.8,63.0,76.0,93.0,1.2,0.66,1.66,1004.0,1005.0,1004.0,2018.3999999999999,46.400000000000006,27.84,0.0,0.7999847621950058,20.339951435509214,28.610198543065277,20.183999999999997,34.4,0.03466132005844615,1211.0399999999997,3364,0.6400000000000001,1008016,566.2,94.36666666666667,13.0,14.0,0.8999999999999986
121,138.3,5.0,231.0,52.5,125.0,37,0.0,1003,54,35.7,4.2,0.8,2023,8,17,13,3,229,33,-0.2588190451025208,-0.9659258262890683,-0.8660254037844385,-0.5000000000000004,0.43388373911755823,-0.900968867902419,2,1,0,42.0,29.0,25.0,35.0,52.0,33.0,37.666666666666664,7.505553499465691,42.0,29.0,32.333333333333336,7.607014306983909,42.0,25.0,44.666666666666664,19.420389160660648,82.0,25.0,39.416666666666664,15.648077161127032,82.0,23.0,34.8,33.0,29.0,58.0,69.0,93.0,0.8,1.6,2.0,1004.0,1005.0,1005.0,1927.8000000000002,43.2,28.560000000000002,0.0,0.7999847621950058,27.654469106178766,46.19076184763047,19.278000000000002,35.300000000000004,0.035593184852258375,1274.4900000000002,2916,0.6400000000000001,1006009,593.8,98.96666666666665,0.0,17.0,0.9000000000000057
120,136.0,5.3,228.7,43.8,119.7,33,0.0,1002,52,36.2,3.0,0.8,2023,8,17,14,3,229,33,-0.4999999999999997,-0.8660254037844388,-0.8660254037844385,-0.5000000000000004,0.43388373911755823,-0.900968867902419,2,1,0,42.0,42.0,29.0,28.0,61.0,38.0,39.666666666666664,4.041451884328357,42.0,35.0,33.5,7.341661937190479,42.0,25.0,42.5,18.875188138736995,82.0,25.0,39.291666666666664,15.671850052178801,82.0,23.0,35.7,33.9,30.3,54.0,63.0,84.0,0.8,1.2,1.33,1003.0,1004.0,1005.0,1882.4,41.6,28.960000000000004,0.0,0.7990685144174792,25.655536691190342,43.142803244670816,18.824,35.800000000000004,0.03612770845538079,1310.4400000000003,2704,0.6400000000000001,1004004,568.5,94.75,-7.0,6.0,0.5
120,133.6,5.7,226.3,37.5,114.3,29,0.0,1002,49,36.7,2.1,0.4,2023,8,17,15,3,229,33,-0.7071067811865471,-0.7071067811865479,-0.8660254037844385,-0.5000000000000004,0.43388373911755823,-0.900968867902419,2,1,0,35.0,42.0,42.0,28.0,52.0,46.0,35.666666666666664,6.027713773342438,42.0,30.0,33.833333333333336,7.0828431202913285,42.0,25.0,40.666666666666664,18.936896805074774,82.0,25.0,38.625,15.714331592253922,82.0,23.0,36.2,34.8,31.7,52.0,58.0,76.0,0.8,0.8,0.66,1002.0,1004.0,1005.0,1798.3000000000002,19.6,14.680000000000001,0.0,0.7999786672355405,23.434485178038937,39.69479038765129,17.983,36.5,0.03662670995338328,1346.89,2401,0.16000000000000003,1004004,547.4,91.23333333333333,-5.0,-12.0,0.5
119,131.3,6.0,224.0,37.5,109.0,25,0.0,1001,47,37.2,1.3,0.8,2023,8,17,16,3,229,33,-0.8660254037844385,-0.5000000000000004,-0.8660254037844385,-0.5000000000000004,0.43388373911755823,-0.900968867902419,2,1,0,30.0,35.0,42.0,25.0,82.0,42.0,31.666666666666668,2.8867513459498113,35.0,30.0,34.666666666666664,6.0553007081942996,42.0,29.0,36.333333333333336,13.897896069243936,77.0,25.0,38.125,15.792988262544698,82.0,23.0,36.7,35.7,33.0,49.0,54.0,69.0,0.4,0.8,1.6,1002.0,1003.0,1005.0,1748.4,37.6,29.760000000000005,0.0,0.7999786672355405,21.879686718880187,37.327112147975335,17.484,36.800000000000004,0.0371628000371628,1383.8400000000001,2209,0.6400000000000001,1002001,537.8,89.63333333333333,0.0,-12.0,0.5
109,153.3,9.0,191.3,47.5,99.3,20,0.0,1001,51,36.3,0.9,1.2,2023,8,17,17,3,229,33,-0.9659258262890683,-0.25881904510252063,-0.8660254037844385,-0.5000000000000004,0.43388373911755823,-0.900968867902419,2,1,0,30.0,30.0,35.0,29.0,77.0,31.0,32.666666666666664,4.6188021535180335,38.0,30.0,36.166666666666664,5.455883674223516,42.0,30.0,33.083333333333336,5.6158595769365425,42.0,25.0,38.416666666666664,15.72015230224575,82.0,23.0,37.2,36.2,33.9,47.0,52.0,63.0,0.8,0.8,1.2,1001.0,1002.0,1004.0,1851.3,61.199999999999996,43.559999999999995,0.0,0.7999831582493001,17.031440951005447,21.25319408954561,18.512999999999998,35.699999999999996,0.036263700036263696,1317.6899999999998,2601,1.44,1002001,538.4,89.73333333333333,8.0,3.0,-0.9000000000000057
137,175.3,12.0,158.7,61.3,89.7,16,0.0,1001,55,35.4,0.7,1.6,2023,8,17,18,3,229,33,-1.0,-1.8369701987210297e-16,-0.8660254037844385,-0.5000000000000004,0.43388373911755823,-0.900968867902419,2,2,0,38.0,30.0,30.0,42.0,35.0,29.0,39.0,9.539392014169877,49.0,30.0,37.333333333333336,7.36659125149882,49.0,30.0,34.25,7.2629195231663575,49.0,25.0,39.25,15.729368820085138,82.0,23.0,36.3,36.7,34.8,51.0,49.0,58.0,1.2,0.4,0.8,1001.0,1002.0,1004.0,1947.0,88.0,56.64,0.0,0.7993344317384709,14.60711607366053,13.223898008499292,19.47,34.6,0.035364600035364596,1253.1599999999999,3025,2.5600000000000005,1002001,546.0,91.0,11.0,19.0,-0.8999999999999986
104,197.3,15.0,126.0,46.3,80.0,12,0.0,1001,59,34.5,0.0,1.6,2023,8,17,19,3,229,33,-0.9659258262890684,0.2588190451025203,-0.8660254037844385,-0.5000000000000004,0.43388373911755823,-0.900968867902419,2,2,0,49.0,38.0,30.0,42.0,35.0,28.0,41.333333333333336,6.658328118479955,49.0,37.0,36.5,7.007139216541376,49.0,30.0,34.416666666666664,7.304523297659584,49.0,25.0,39.625,15.555825135690483,82.0,23.0,35.4,37.2,35.7,55.0,47.0,54.0,1.6,0.8,0.8,1001.0,1001.0,1003.0,2035.5,94.4,55.2,0.0,0.799118809528952,13.152456502899808,8.399440037330844,20.355,33.7,0.0344655000344655,1190.25,3481,2.5600000000000005,1002001,501.6,83.60000000000001,-12.0,7.0,-0.8999999999999986
107,187.9,14.3,110.7,47.5,67.7,16,0.0,1001,64,33.8,0.0,0.5,2023,8,17,20,3,229,33,-0.8660254037844386,0.5000000000000001,-0.8660254037844385,-0.5000000000000004,0.43388373911755823,-0.900968867902419,2,2,0,37.0,49.0,38.0,35.0,28.0,34.0,41.333333333333336,6.658328118479955,49.0,37.0,37.0,6.9856996786286345,49.0,30.0,35.25,7.07267469015211,49.0,25.0,39.791666666666664,15.51431083160693,82.0,23.0,34.5,36.3,36.2,59.0,51.0,52.0,1.6,1.2,0.8,1001.0,1001.0,1002.0,2163.2,32.0,16.9,0.0,0.7999831582493001,13.138941332773932,7.740717432347388,21.631999999999998,33.55,0.0337662000337662,1142.4399999999998,4096,0.25,1002001,466.1,77.68333333333334,1.0,0.0,-0.7000000000000028
98,178.6,13.7,95.3,42.5,55.3,20,0.0,1001,68,33.2,0.0,1.0,2023,8,17,21,3,229,33,-0.7071067811865477,0.7071067811865474,-0.8660254037844385,-0.5000000000000004,0.43388373911755823,-0.900968867902419,2,2,0,38.0,37.0,49.0,30.0,28.0,27.0,36.333333333333336,2.081665999468197,38.0,34.0,37.666666666666664,6.345602151621154,49.0,30.0,35.75,6.716668546506317,49.0,25.0,40.083333333333336,15.328055172210366,82.0,23.0,33.8,35.4,36.7,64.0,55.0,49.0,0.5,1.6,0.4,1001.0,1001.0,1002.0,2257.6000000000004,68.0,33.2,0.0,0.7999811769134845,13.035544850740823,6.9556966644770455,22.576000000000004,32.7,0.033166800033166806,1102.2400000000002,4624,1.0,1002001,419.4,69.89999999999999,-4.0,-15.0,-0.5999999999999943
104,169.2,13.0,80.0,46.3,43.0,25,0.0,1002,73,32.5,0.0,1.5,2023,8,17,22,3,229,33,-0.5000000000000004,0.8660254037844384,-0.8660254037844385,-0.5000000000000004,0.43388373911755823,-0.900968867902419,2,3,0,34.0,38.0,37.0,30.0,25.0,31.0,36.333333333333336,2.081665999468197,38.0,34.0,38.833333333333336,5.192943930629259,49.0,34.0,36.75,5.801645534594625,49.0,29.0,40.333333333333336,15.222028279028471,82.0,23.0,33.2,34.5,37.2,68.0,59.0,47.0,1.0,1.6,0.8,1001.0,1001.0,1001.0,2372.5,109.5,48.75,0.0,0.799118809528952,13.014383508960849,6.153372817475579,23.725,31.75,0.03243509737016231,1056.25,5329,2.25,1004004,388.5,64.75,3.0,0.0,-0.7000000000000028
104,164.2,14.0,71.0,46.3,45.0,29,0.0,1002,78,31.8,0.0,2.0,2023,8,17,23,3,229,33,-0.25881904510252157,0.9659258262890681,-0.8660254037844385,-0.5000000000000004,0.43388373911755823,-0.900968867902419,2,3,0,37.0,34.0,38.0,38.0,29.0,23.0,36.0,1.732050807571379,37.0,34.0,38.666666666666664,5.240865068541568,49.0,34.0,37.416666666666664,5.264949854432402,49.0,30.0,40.916666666666664,14.791056835765563,82.0,25.0,32.5,33.8,36.3,73.0,64.0,51.0,1.5,0.5,1.2,1002.0,1001.0,1001.0,2480.4,156.0,63.6,0.0,0.799118809528952,11.727733733304763,5.0710663524034,24.804000000000002,30.8,0.03173649527295881,1011.24,6084,4.0,1004004,377.5,62.916666666666664,0.0,-1.0,-0.6999999999999993
123,159.1,15.0,62.0,55.0,47.0,33,0.0,1002,83,31.2,0.0,2.5,2023,8,18,0,4,230,33,0.0,1.0,-0.8660254037844385,-0.5000000000000004,-0.433883739117558,-0.9009688679024191,2,3,0,37.0,37.0,34.0,49.0,42.0,29.0,39.333333333333336,4.041451884328359,44.0,37.0,37.833333333333336,3.311595788537461,44.0,34.0,37.583333333333336,5.451577475344889,49.0,30.0,41.541666666666664,14.58104536917631,82.0,25.0,31.8,33.2,35.4,78.0,68.0,55.0,2.0,1.0,1.6,1002.0,1001.0,1001.0,2589.6,207.5,78.0,0.0,0.7999854548099126,10.605959602693154,4.1330577961469235,25.896,29.95,0.031137693475355815,973.4399999999999,6889,6.25,1004004,382.1,63.68333333333334,7.0,10.0,-0.6000000000000014
134,154.1,16.0,53.0,60.0,49.0,37,0.0,1003,89,30.5,0.0,3.0,2023,8,18,1,4,230,33,0.25881904510252074,0.9659258262890683,-0.8660254037844385,-0.5000000000000004,-0.433883739117558,-0.9009688679024191,2,3,0,44.0,37.0,37.0,37.0,42.0,52.0,43.0,5.5677643628306575,48.0,37.0,39.666666666666664,5.24086506854159,48.0,34.0,38.083333333333336,6.126816366423065,49.0,30.0,41.375,14.478807601637097,82.0,25.0,31.2,32.5,34.5,83.0,73.0,59.0,2.5,1.5,1.6,1002.0,1002.0,1001.0,2714.5,267.0,91.5,0.0,0.7999866668888852,9.630648084494718,3.3122929816886444,27.145,29.0,0.03040874336117312,930.25,7921,9.0,1006009,380.1,63.35,4.0,11.0,-0.6999999999999993
153,158.4,17.0,47.3,68.8,51.3,41,0.0,1002,89,30.2,0.0,2.0,2023,8,18,2,4,230,33,0.49999999999999994,0.8660254037844387,-0.8660254037844385,-0.5000000000000004,-0.433883739117558,-0.9009688679024191,2,3,0,48.0,44.0,37.0,38.0,35.0,61.0,49.0,5.567764362830533,55.0,44.0,42.5,8.018728078691368,55.0,34.0,39.75,7.723929758165951,55.0,30.0,41.125,14.17380468083434,82.0,25.0,30.5,31.8,33.8,89.0,78.0,64.0,3.0,2.0,0.5,1003.0,1002.0,1001.0,2687.7999999999997,178.0,60.4,0.0,0.7994069853635848,9.317098994176813,2.7821892829833534,26.877999999999997,29.2,0.03013969047935082,912.04,7921,4.0,1004004,397.8,66.3,7.0,18.0,-0.3000000000000007
142,162.6,18.0,41.7,63.8,53.7,45,0.0,1002,90,30.0,0.0,1.0,2023,8,18,3,4,230,33,0.7071067811865476,0.7071067811865476,-0.8660254037844385,-0.5000000000000004,-0.433883739117558,-0.9009688679024191,2,3,0,55.0,48.0,44.0,34.0,30.0,52.0,51.333333333333336,3.511884584284979,55.0,48.0,45.333333333333336,7.393691004272536,55.0,37.0,41.5,7.692971999286665,55.0,30.0,41.083333333333336,14.141879423301383,82.0,25.0,30.2,31.2,33.2,89.0,83.0,68.0,2.0,2.5,1.0,1002.0,1002.0,1001.0,2700.0,90.0,30.0,0.0,0.7993605115907275,9.03283150936059,2.3165379701127713,27.0,29.5,0.02994008988014982,900.0,8100,1.0,1004004,390.8,65.13333333333334,-4.0,7.0,-0.1999999999999993
121,166.9,19.0,36.0,53.8,56.0,50,0.0,1002,90,29.7,0.0,1.2,2023,8,18,4,4,230,33,0.8660254037844386,0.5000000000000001,-0.8660254037844385,-0.5000000000000004,-0.433883739117558,-0.9009688679024191,2,3,0,51.0,55.0,48.0,37.0,30.0,82.0,49.666666666666664,6.110100926608239,55.0,43.0,46.333333333333336,6.377042156569206,55.0,37.0,42.583333333333336,6.78847061813806,55.0,34.0,39.458333333333336,11.162745363842031,77.0,25.0,30.0,30.5,32.5,90.0,89.0,73.0,1.0,3.0,1.5,1002.0,1003.0,1002.0,2673.0,108.0,35.64,0.0,0.7992416497834613,8.783748223777696,1.8946371243618756,26.73,29.099999999999998,0.02964068898134832,882.0899999999999,8100,1.44,1004004,374.7,62.449999999999996,-8.0,-5.0,-0.3000000000000007
115,178.8,19.0,35.3,51.3,61.0,54,0.0,1002,89,29.8,0.0,1.2,2023,8,18,5,4,230,33,0.9659258262890683,0.25881904510252074,-0.8660254037844385,-0.5000000000000004,-0.433883739117558,-0.9009688679024191,2,3,0,43.0,51.0,55.0,37.0,38.0,77.0,45.0,5.291502622129805,51.0,41.0,47.0,5.329165037789156,55.0,41.0,42.833333333333336,6.6583281184786705,55.0,34.0,37.958333333333336,7.815698620567527,55.0,25.0,29.7,30.2,31.8,90.0,89.0,78.0,1.2,2.0,2.0,1002.0,1002.0,1002.0,2652.2000000000003,106.8,35.76,0.0,0.7992046938656168,9.410031050997317,1.857796958054839,26.522000000000002,29.2,0.02974048928094882,888.0400000000001,7921,1.44,1004004,386.40000000000003,64.4,-2.0,-14.0,0.10000000000000142
104,190.6,19.0,34.7,46.3,66.0,58,0.0,1002,87,29.9,0.7,0.4,2023,8,18,6,4,230,33,1.0,6.123233995736766e-17,-0.8660254037844385,-0.5000000000000004,-0.433883739117558,-0.9009688679024191,2,0,0,41.0,43.0,51.0,44.0,49.0,35.0,40.333333333333336,3.0550504633051476,43.0,37.0,45.833333333333336,6.705718952257149,55.0,37.0,41.833333333333336,6.548189664233798,55.0,34.0,38.041666666666664,7.793415094846718,55.0,25.0,29.8,30.0,31.2,89.0,90.0,83.0,1.2,1.0,2.5,1002.0,1002.0,1002.0,2601.2999999999997,34.800000000000004,11.96,0.0,0.799118809528952,10.03105099731593,1.826219672648808,26.012999999999998,29.7,0.02984028958054932,894.0099999999999,7569,0.16000000000000003,1004004,393.6,65.60000000000001,-4.0,-14.0,0.09999999999999787
112,202.5,19.0,34.0,50.0,71.0,62,0.0,1002,86,30.0,0.8,1.6,2023,8,18,7,4,230,33,0.9659258262890683,-0.25881904510252063,-0.8660254037844385,-0.5000000000000004,-0.433883739117558,-0.9009688679024191,2,0,0,37.0,41.0,43.0,48.0,37.0,35.0,39.333333333333336,2.081665999468027,41.0,37.0,44.5,6.9785385289467134,55.0,37.0,42.083333333333336,6.402532642823048,55.0,34.0,38.25,7.775379202272743,55.0,25.0,29.9,29.7,30.5,87.0,90.0,89.0,0.4,1.2,3.0,1002.0,1002.0,1003.0,2580.0,137.6,48.0,0.0,0.7999840003199936,10.65733382453555,1.7893795063417715,25.8,29.2,0.02994008988014982,900.0,7396,2.5600000000000005,1004004,416.5,69.41666666666667,3.0,-3.0,0.10000000000000142
112,176.8,15.7,68.7,50.0,87.0,66,0.0,1003,83,30.7,1.2,0.33,2023,8,18,8,4,230,33,0.8660254037844387,-0.4999999999999998,-0.8660254037844385,-0.5000000000000004,-0.433883739117558,-0.9009688679024191,2,0,0,40.0,37.0,41.0,55.0,38.0,28.0,39.0,1.7320508075711747,40.0,37.0,42.0,4.816637831516213,51.0,37.0,42.25,6.311965548931609,55.0,34.0,38.75,7.467320105983322,55.0,25.0,30.0,29.8,30.2,86.0,89.0,89.0,1.6,1.2,2.0,1002.0,1002.0,1002.0,2548.1,27.39,10.131,0.0,0.7999840003199936,11.260429272020891,4.375517482962869,25.480999999999998,30.535,0.03060814495698409,942.49,6889,0.10890000000000001,1006009,438.2,73.03333333333333,0.0,-1.0,0.6999999999999993
112,151.2,12.3,103.3,50.0,103.0,70,0.5,1004,80,31.3,1.9,0.66,2023,8,18,9,4,230,33,0.7071067811865476,-0.7071067811865475,-0.8660254037844385,-0.5000000000000004,-0.433883739117558,-0.9009688679024191,2,0,0,40.0,40.0,37.0,51.0,34.0,28.0,40.0,0.0,40.0,40.0,40.166666666666664,1.9407902170660984,43.0,37.0,42.75,5.817293966347195,55.0,37.0,39.25,7.109393663377715,55.0,25.0,30.7,29.9,30.0,83.0,87.0,90.0,0.33,0.4,1.0,1003.0,1002.0,1002.0,2504.0,52.800000000000004,20.658,35.0,0.7999840003199936,12.291683602959107,8.39769124461426,25.04,30.970000000000002,0.03117526775371738,979.69,6400,0.43560000000000004,1008016,459.8,76.63333333333334,0.0,3.0,0.6000000000000014
91,125.5,9.0,138.0,38.8,119.0,75,0.0,1004,78,32.0,2.9,1.0,2023,8,18,10,4,230,33,0.49999999999999994,-0.8660254037844387,-0.8660254037844385,-0.5000000000000004,-0.433883739117558,-0.9009688679024191,2,0,0,40.0,40.0,40.0,43.0,37.0,25.0,37.0,5.196152422707442,40.0,31.0,38.166666666666664,3.763863263544389,41.0,31.0,42.25,6.566097498790799,55.0,31.0,39.5,6.678974146691968,55.0,29.0,31.3,30.0,29.7,80.0,86.0,90.0,0.66,1.6,1.2,1004.0,1002.0,1002.0,2496.0,78.0,32.0,0.0,0.7989484807092602,13.942895233862904,15.331629818909011,24.96,31.5,0.03187247821466313,1024.0,6084,1.0,1008016,461.3,76.88333333333334,-9.0,-9.0,0.6999999999999993
100,124.7,7.7,161.0,38.8,116.3,75,0.0,1004,74,31.9,3.5,1.33,2023,8,18,11,4,230,33,0.258819045102521,-0.9659258262890682,-0.8660254037844385,-0.5000000000000004,-0.433883739117558,-0.9009688679024191,2,0,0,31.0,40.0,40.0,41.0,37.0,29.0,34.0,5.196152422707509,40.0,31.0,36.5,4.415880433163015,40.0,31.0,41.75,7.200063131035695,55.0,31.0,39.583333333333336,6.553569665634499,55.0,30.0,32.0,30.7,29.8,78.0,83.0,89.0,1.0,0.33,1.2,1004.0,1003.0,1002.0,2360.6,98.42,42.427,0.0,0.7989484807092602,16.192702246461497,20.906375795351252,23.605999999999998,31.235,0.03177287672024231,1017.6099999999999,5476,1.7689000000000001,1008016,479.5,79.91666666666667,0.0,-9.0,-0.10000000000000142
107,123.9,6.3,184.0,37.5,113.7,75,0.0,1003,71,31.8,3.9,1.66,2023,8,18,12,4,230,33,1.2246467991473532e-16,-1.0,-0.8660254037844385,-0.5000000000000004,-0.433883739117558,-0.9009688679024191,2,1,0,31.0,31.0,40.0,37.0,44.0,42.0,30.666666666666668,0.5773502691981981,31.0,30.0,35.333333333333336,5.125101625007878,40.0,30.0,40.583333333333336,7.902339507826794,55.0,30.0,39.083333333333336,6.813775475600118,55.0,30.0,31.9,31.3,29.9,74.0,80.0,87.0,1.33,0.66,0.4,1004.0,1004.0,1002.0,2257.8,117.86,52.788,0.0,0.7999786672355405,19.66354546897318,29.201714013648626,22.578000000000003,30.970000000000002,0.03170485373394443,1011.24,5041,2.7556,1006009,495.40000000000003,82.56666666666668,-1.0,-10.0,-0.09999999999999787
114,123.1,5.0,207.0,35.0,111.0,75,0.0,1002,68,31.7,3.7,2.0,2023,8,18,13,4,230,33,-0.2588190451025208,-0.9659258262890683,-0.8660254037844385,-0.5000000000000004,-0.433883739117558,-0.9009688679024191,2,1,0,30.0,31.0,31.0,40.0,48.0,42.0,29.666666666666668,1.5275252316552652,31.0,28.0,33.333333333333336,5.278888771953616,40.0,28.0,38.916666666666664,8.29521585376756,55.0,28.0,38.5,7.1444718671763825,55.0,28.0,31.8,32.0,30.0,71.0,78.0,86.0,1.66,1.0,1.6,1003.0,1004.0,1002.0,2155.6,136.0,63.4,0.0,0.7999771435101855,24.61507698460308,41.39172165566886,21.555999999999997,30.7,0.03163669497335831,1004.89,4624,4.0,1004004,509.1,84.85000000000001,-2.0,-3.0,-0.10000000000000142
114,127.2,5.7,207.3,22.5,106.0,79,0.0,1001,62,32.7,3.1,1.33,2023,8,18,14,4,230,33,-0.4999999999999997,-0.8660254037844388,-0.8660254037844385,-0.5000000000000004,-0.433883739117558,-0.9009688679024191,2,1,0,28.0,30.0,31.0,40.0,55.0,35.0,25.333333333333332,6.429100507329506,30.0,18.0,29.666666666666668,7.061633427660854,40.0,18.0,35.833333333333336,8.642740867164795,51.0,18.0,37.791666666666664,8.261904016086081,55.0,18.0,31.7,31.9,30.7,68.0,74.0,83.0,2.0,1.33,0.33,1002.0,1004.0,1003.0,2027.4,82.46000000000001,43.49100000000001,0.0,0.7999644460246211,22.311875109629888,36.362041747061916,20.274,32.035000000000004,0.0326673000326673,1069.2900000000002,3844,1.7689000000000001,1002001,486.70000000000005,81.11666666666667,-10.0,-13.0,1.0000000000000036
114,131.3,6.3,207.7,36.3,101.0,83,0.0,1001,57,33.6,2.2,0.66,2023,8,18,15,4,230,33,-0.7071067811865471,-0.7071067811865479,-0.8660254037844385,-0.5000000000000004,-0.433883739117558,-0.9009688679024191,2,1,0,18.0,28.0,30.0,40.0,51.0,30.0,25.0,6.082762530299145,29.0,18.0,27.833333333333332,4.956477243633506,31.0,18.0,34.0,7.3731700349054226,43.0,18.0,37.75,8.305315217953503,55.0,18.0,32.7,31.8,31.3,62.0,71.0,80.0,1.33,1.66,0.66,1001.0,1003.0,1004.0,1915.2,37.620000000000005,22.176000000000002,0.0,0.798876064020275,20.837962228217744,32.96302174258054,19.152,33.27,0.0335664000335664,1128.96,3249,0.43560000000000004,1002001,511.6,85.26666666666667,11.0,-1.0,0.8999999999999986
114,135.4,7.0,208.0,35.0,96.0,87,0.0,1000,52,34.6,1.3,1.2,2023,8,18,16,4,230,33,-0.8660254037844385,-0.5000000000000004,-0.8660254037844385,-0.5000000000000004,-0.433883739117558,-0.9009688679024191,2,1,0,29.0,18.0,28.0,31.0,43.0,30.0,25.0,6.082762530299145,29.0,18.0,27.333333333333332,4.718756898448647,31.0,18.0,32.75,6.969087588642632,41.0,18.0,37.666666666666664,8.395996285325117,55.0,18.0,33.6,31.7,32.0,57.0,68.0,78.0,0.66,2.0,1.0,1001.0,1002.0,1004.0,1799.2,62.4,41.52,0.0,0.7999771435101855,19.340094272246823,29.710041422653905,17.992,34.0,0.0345999654000346,1197.16,2704,1.44,1000000,509.4,84.89999999999999,-1.0,0.0,1.0
107,190.1,12.7,184.7,42.5,104.0,83,0.0,1000,57,33.7,0.9,0.33,2023,8,18,17,4,230,33,-0.9659258262890683,-0.25881904510252063,-0.8660254037844385,-0.5000000000000004,-0.433883739117558,-0.9009688679024191,2,1,0,28.0,29.0,18.0,31.0,41.0,38.0,30.333333333333332,3.2145502536658674,34.0,28.0,27.833333333333332,5.307227776029289,34.0,18.0,32.166666666666664,6.49241982249347,40.0,18.0,37.5,8.42872933845157,55.0,18.0,34.6,32.7,31.9,52.0,62.0,74.0,1.2,1.33,1.33,1000.0,1001.0,1004.0,1920.9,18.810000000000002,11.121000000000002,0.0,0.7999811769134845,14.967325407448234,14.542162034485473,19.209,33.535000000000004,0.033699966300033704,1135.6900000000003,3249,0.10890000000000001,1000000,568.0,94.66666666666667,6.0,16.0,-0.8999999999999986
100,244.7,18.3,161.3,37.5,112.0,79,0.0,1001,62,32.9,0.6,0.66,2023,8,18,18,4,230,33,-1.0,-1.8369701987210297e-16,-0.8660254037844385,-0.5000000000000004,-0.433883739117558,-0.9009688679024191,2,2,0,34.0,28.0,29.0,30.0,37.0,49.0,30.666666666666668,3.05505046330551,34.0,28.0,27.833333333333332,5.307227776029289,34.0,18.0,31.583333333333332,6.331139971073484,40.0,18.0,36.708333333333336,8.190552174764559,55.0,18.0,33.7,33.6,31.8,57.0,57.0,71.0,0.33,0.66,1.66,1000.0,1001.0,1003.0,2039.8,40.92,21.714,0.0,0.7999786672355405,13.370854051691163,8.813726025900223,20.398,32.57,0.0328671000328671,1082.4099999999999,3844,0.43560000000000004,1002001,603.8,100.63333333333333,-4.0,1.0,-0.8000000000000043
74,299.4,24.0,138.0,28.8,120.0,75,0.0,1001,68,32.0,0.0,1.0,2023,8,18,19,4,230,33,-0.9659258262890684,0.2588190451025203,-0.8660254037844385,-0.5000000000000004,-0.433883739117558,-0.9009688679024191,2,2,0,30.0,34.0,28.0,28.0,40.0,37.0,29.0,5.567764362830946,34.0,23.0,27.0,5.656854249491492,34.0,18.0,30.166666666666668,6.17669127863019,40.0,18.0,36.125,8.654290215288523,55.0,18.0,32.9,34.6,31.7,62.0,52.0,68.0,0.66,1.2,2.0,1001.0,1000.0,1002.0,2176.0,68.0,32.0,0.0,0.7985833825214401,12.474480229990416,5.74976042664889,21.76,31.5,0.031968000031968,1024.0,4624,1.0,1002001,633.2,105.53333333333335,-7.0,-5.0,-0.8999999999999986
98,247.8,19.7,127.0,42.5,107.7,70,0.0,1002,73,31.4,0.0,0.66,2023,8,18,20,4,230,33,-0.8660254037844386,0.5000000000000001,-0.8660254037844385,-0.5000000000000004,-0.433883739117558,-0.9009688679024191,2,2,0,23.0,30.0,34.0,18.0,40.0,38.0,29.0,5.567764362830946,34.0,23.0,29.666666666666668,4.131182235953429,34.0,23.0,29.666666666666668,5.5158174756089915,40.0,18.0,35.958333333333336,8.655127490918996,55.0,18.0,32.0,33.7,32.7,68.0,57.0,62.0,1.0,0.33,1.33,1001.0,1000.0,1001.0,2292.2,48.18,20.724,0.0,0.7999811769134845,12.578041723770367,6.446373280544135,22.921999999999997,31.07,0.031337294074556814,985.9599999999999,5329,0.43560000000000004,1004004,578.7,96.45,11.0,0.0,-0.6000000000000014
78,196.3,15.3,116.0,31.3,95.3,66,0.0,1003,78,30.8,0.0,0.33,2023,8,18,21,4,230,33,-0.7071067811865477,0.7071067811865474,-0.8660254037844385,-0.5000000000000004,-0.433883739117558,-0.9009688679024191,2,2,0,34.0,23.0,30.0,29.0,40.0,34.0,27.333333333333332,5.859465277083228,34.0,23.0,29.0,4.560701700395496,34.0,23.0,28.416666666666668,4.581749037476348,34.0,18.0,35.583333333333336,8.93413905083829,55.0,18.0,31.4,32.9,33.6,73.0,62.0,57.0,0.66,0.66,0.66,1002.0,1001.0,1001.0,2402.4,25.740000000000002,10.164000000000001,0.0,0.7986965272674994,12.829226847918438,7.581203842886086,24.024,30.635,0.03070784575488958,948.6400000000001,6084,0.10890000000000001,1006009,479.20000000000005,79.86666666666667,-9.0,-5.0,-0.5999999999999979
78,144.7,11.0,105.0,31.3,83.0,62,0.5,1003,84,30.2,0.0,1.2,2023,8,18,22,4,230,33,-0.5000000000000004,0.8660254037844384,-0.8660254037844385,-0.5000000000000004,-0.433883739117558,-0.9009688679024191,2,3,0,25.0,34.0,23.0,28.0,31.0,37.0,28.0,5.196152422707646,34.0,25.0,28.5,4.847679857415325,34.0,23.0,27.916666666666668,4.601547829180269,34.0,18.0,35.083333333333336,9.183712741051313,55.0,18.0,30.8,32.0,34.6,78.0,68.0,52.0,0.33,1.0,1.2,1003.0,1001.0,1000.0,2536.7999999999997,100.8,36.239999999999995,31.0,0.7986965272674994,13.153349695482229,9.544586855740388,25.368,29.599999999999998,0.030109640967456663,912.04,7056,1.44,1006009,400.0,66.66666666666667,0.0,2.0,-0.6000000000000014
183,144.3,11.0,102.0,100.0,80.7,70,1.0,1003,87,30.0,0.0,1.2,2023,8,18,23,4,230,33,-0.25881904510252157,0.9659258262890681,-0.8660254037844385,-0.5000000000000004,-0.433883739117558,-0.9009688679024191,2,3,0,25.0,25.0,34.0,34.0,31.0,37.0,43.333333333333336,31.754264805429525,80.0,25.0,36.166666666666664,21.848722311994777,80.0,23.0,32.0,15.771089776146216,80.0,18.0,36.875,12.982638909077098,80.0,18.0,30.2,31.4,33.7,84.0,73.0,57.0,1.2,0.66,0.33,1003.0,1002.0,1000.0,2610.0,104.39999999999999,36.0,70.0,0.7999920000799992,13.116989364603219,9.271884374147806,26.1,29.4,0.02991023937164569,900.0,7569,1.44,1006009,518.0,86.33333333333333,55.0,46.0,-0.1999999999999993
126,144.0,11.0,99.0,56.3,78.3,79,0.25,1003,89,29.9,0.0,0.8,2023,8,19,0,5,231,33,0.0,1.0,-0.8660254037844385,-0.5000000000000004,-0.9749279121818236,-0.2225209339563146,2,3,1,80.0,25.0,25.0,30.0,30.0,44.0,50.0,27.838821814150204,80.0,25.0,38.666666666666664,21.860161634046964,80.0,23.0,33.25,16.187116088813294,80.0,18.0,36.916666666666664,13.008079986206287,80.0,18.0,30.0,30.8,32.9,87.0,78.0,62.0,1.2,0.33,0.66,1003.0,1003.0,1001.0,2661.1,71.2,23.92,19.75,0.7992753237065062,13.08971911644396,8.999181892555223,26.611,29.5,0.029810538573740206,894.0099999999999,7921,0.6400000000000001,1006009,433.6,72.26666666666667,-35.0,20.0,-0.10000000000000142
67,143.6,11.0,96.0,25.0,76.0,87,0.0,1003,92,29.7,0.0,0.8,2023,8,19,1,5,231,33,0.25881904510252074,0.9659258262890683,-0.8660254037844385,-0.5000000000000004,-0.9749279121818236,-0.2225209339563146,2,3,1,45.0,80.0,25.0,23.0,28.0,48.0,48.333333333333336,30.138568866708635,80.0,20.0,38.166666666666664,22.319647547993643,80.0,20.0,32.583333333333336,16.582895532518293,80.0,18.0,35.75,13.22464760769941,80.0,18.0,29.9,30.2,32.0,89.0,84.0,68.0,0.8,1.2,1.0,1003.0,1003.0,1001.0,2732.4,73.60000000000001,23.76,0.0,0.7999680012799487,13.05335878556495,8.72647941096264,27.324,29.3,0.029611136977929234,882.0899999999999,8464,0.6400000000000001,1006009,371.6,61.93333333333334,-25.0,-5.0,-0.1999999999999993
89,142.8,11.3,87.7,37.5,82.0,79,0.0,1003,93,29.5,0.0,0.33,2023,8,19,2,5,231,33,0.49999999999999994,0.8660254037844387,-0.8660254037844385,-0.5000000000000004,-0.9749279121818236,-0.2225209339563146,2,3,1,20.0,45.0,80.0,34.0,18.0,55.0,31.666666666666668,12.58305739211829,45.0,20.0,37.5,22.52776065213744,80.0,20.0,33.583333333333336,15.974174232937154,80.0,20.0,34.708333333333336,12.612895977036333,80.0,18.0,29.7,30.0,31.4,92.0,87.0,73.0,0.8,1.2,0.66,1003.0,1003.0,1002.0,2743.5,30.69,9.735000000000001,0.0,0.7999786672355405,12.63604990708787,7.760375188036457,27.435,29.335,0.029411735382118265,870.25,8649,0.10890000000000001,1006009,391.3,65.21666666666667,10.0,-50.0,-0.1999999999999993
95,142.0,11.7,79.3,41.3,88.0,70,2.75,1003,93,29.2,0.0,0.66,2023,8,19,3,5,231,33,0.7071067811865476,0.7071067811865476,-0.8660254037844385,-0.5000000000000004,-0.9749279121818236,-0.2225209339563146,2,3,1,30.0,20.0,45.0,25.0,29.0,51.0,27.666666666666668,6.806859285554803,33.0,20.0,38.833333333333336,21.867022354830546,80.0,20.0,33.916666666666664,15.911450041534028,80.0,20.0,33.958333333333336,12.127866462306502,80.0,18.0,29.5,29.9,30.8,93.0,89.0,78.0,0.33,0.8,0.33,1003.0,1003.0,1003.0,2715.6,61.38,19.272000000000002,192.5,0.7990121304568898,12.135714896162723,6.777198530040168,27.156,28.87,0.029112632988401808,852.64,8649,0.43560000000000004,1006009,395.3,65.88333333333334,3.0,-12.0,-0.3000000000000007
98,141.2,12.0,71.0,42.5,94.0,62,7.0,1003,93,29.0,0.0,1.0,2023,8,19,4,5,231,33,0.8660254037844386,0.5000000000000001,-0.8660254037844385,-0.5000000000000004,-0.9749279121818236,-0.2225209339563146,2,3,1,33.0,30.0,20.0,25.0,28.0,43.0,32.333333333333336,2.081665999468356,34.0,30.0,40.333333333333336,21.02062479249033,80.0,20.0,34.416666666666664,15.802521854744823,80.0,20.0,33.583333333333336,11.974308246033125,80.0,18.0,29.2,29.7,30.2,93.0,92.0,84.0,0.66,0.8,1.2,1003.0,1003.0,1003.0,2697.0,93.0,29.0,434.0,0.7999811769134845,11.765686192817265,5.916173652195651,26.97,28.5,0.028913231392590836,841.0,8649,1.0,1006009,394.7,65.78333333333333,1.0,14.0,-0.1999999999999993
88,150.2,13.7,67.7,37.1,103.0,66,3.5,1003,94,28.8,0.0,1.33,2023,8,19,5,5,231,33,0.9659258262890683,0.25881904510252074,-0.8660254037844385,-0.5000000000000004,-0.9749279121818236,-0.2225209339563146,2,3,1,34.0,33.0,30.0,80.0,34.0,41.0,32.223333333333336,2.267075943444024,34.0,29.67,31.945000000000004,8.092104176293759,45.0,20.0,34.05583333333333,15.862223539152744,80.0,20.0,33.11125,11.892255175204408,80.0,18.0,29.0,29.5,30.0,93.0,93.0,87.0,1.0,0.33,1.2,1003.0,1003.0,1003.0,2707.2000000000003,125.02000000000001,38.304,231.0,0.799708902724994,10.962703452302751,4.941245164586527,27.072000000000003,28.135,0.028713829796779864,829.44,8836,1.7689000000000001,1006009,401.37,66.895,-4.329999999999998,-0.3299999999999983,-0.1999999999999993
79,159.1,15.3,64.3,31.7,112.0,70,6.75,1004,95,28.7,0.6,1.66,2023,8,19,6,5,231,33,1.0,6.123233995736766e-17,-0.8660254037844385,-0.5000000000000004,-0.9749279121818236,-0.2225209339563146,2,0,1,29.67,34.0,33.0,45.0,30.0,37.0,29.666666666666668,4.335000961169811,34.0,25.33,28.666666666666668,5.220174965138324,34.0,20.0,33.666666666666664,16.02720546918601,80.0,20.0,32.625,11.964699527468735,80.0,18.0,28.8,29.2,29.9,94.0,93.0,89.0,1.33,0.66,0.8,1003.0,1003.0,1003.0,2726.5,157.7,47.641999999999996,472.5,0.7990284218163464,10.39801320175152,4.2023397163584075,27.265,27.87,0.028585628898775996,823.6899999999999,9025,2.7556,1008016,407.72999999999996,67.955,-4.340000000000003,-7.670000000000002,-0.10000000000000142
69,168.1,17.0,61.0,26.3,121.0,75,1.5,1005,96,28.5,0.8,2.0,2023,8,19,7,5,231,33,0.9659258262890683,-0.25881904510252063,-0.8660254037844385,-0.5000000000000004,-0.9749279121818236,-0.2225209339563146,2,0,1,25.33,29.67,34.0,20.0,23.0,40.0,25.333333333333332,4.335000961169917,29.67,21.0,28.833333333333332,4.893896879446577,34.0,21.0,33.5,16.158076505686783,80.0,20.0,31.833333333333332,12.08349778998536,80.0,18.0,28.7,29.0,29.7,95.0,93.0,92.0,1.66,1.0,0.8,1004.0,1003.0,1003.0,2736.0,192.0,57.0,112.5,0.79844872818524,9.887653667431326,3.588024233868596,27.36,27.5,0.02835818073812862,812.25,9216,4.0,1010025,414.4,69.06666666666666,-4.329999999999998,-13.0,-0.1999999999999993
65,151.9,15.7,76.3,23.8,142.7,83,0.75,1005,96,28.8,1.2,1.33,2023,8,19,8,5,231,33,0.8660254037844387,-0.4999999999999998,-0.8660254037844385,-0.5000000000000004,-0.9749279121818236,-0.2225209339563146,2,0,1,21.0,25.33,29.67,30.0,34.0,40.0,21.776666666666667,3.2356812780842383,25.33,19.0,27.0,6.243681606231205,34.0,19.0,32.25,16.687414419255937,80.0,19.0,30.958333333333332,12.225910001399475,80.0,18.0,28.5,28.8,29.5,96.0,94.0,93.0,2.0,1.33,0.33,1005.0,1003.0,1003.0,2764.8,127.68,38.304,62.25,0.7982857863114995,9.674543022737407,4.859563085153812,27.648000000000003,28.135,0.02865668790379313,829.44,9216,1.7689000000000001,1010025,429.4,71.56666666666666,-2.0,-10.670000000000002,0.3000000000000007
87,135.8,14.3,91.7,36.3,164.3,91,0.5,1004,95,29.2,2.0,0.66,2023,8,19,9,5,231,33,0.7071067811865476,-0.7071067811865475,-0.8660254037844385,-0.5000000000000004,-0.9749279121818236,-0.2225209339563146,2,0,1,19.0,21.0,25.33,33.0,25.0,40.0,23.0,5.2915026221302455,29.0,19.0,26.333333333333332,5.661291960909312,34.0,19.0,32.583333333333336,16.568959112165043,80.0,19.0,30.5,12.077499381260528,80.0,18.0,28.8,28.7,29.2,96.0,95.0,93.0,1.33,1.66,0.66,1005.0,1004.0,1003.0,2774.0,62.7,19.272000000000002,45.5,0.798876064020275,9.495839451786589,6.412139011257954,27.74,28.87,0.029083636370880107,852.64,9025,0.43560000000000004,1008016,471.40000000000003,78.56666666666668,10.0,3.6700000000000017,0.3999999999999986
115,119.6,13.0,107.0,51.3,186.0,100,0.0,1004,95,29.5,2.8,0.8,2023,8,19,10,5,231,33,0.49999999999999994,-0.8660254037844387,-0.8660254037844385,-0.5000000000000004,-0.9749279121818236,-0.2225209339563146,2,0,1,29.0,19.0,21.0,34.0,25.0,31.0,29.666666666666668,11.01514109457265,41.0,19.0,27.5,7.853888209033155,41.0,19.0,33.916666666666664,16.546997713583096,80.0,19.0,30.916666666666668,12.266517051702614,80.0,18.0,29.2,28.5,29.0,95.0,96.0,93.0,0.66,2.0,1.0,1004.0,1005.0,1003.0,2802.5,76.0,23.6,0.0,0.7992046938656168,9.19929236212599,8.230136143373587,28.025,29.1,0.029382440854142575,870.25,9025,0.6400000000000001,1008016,517.9,86.31666666666666,12.0,20.0,0.3000000000000007
129,118.5,11.0,124.3,57.5,176.0,100,0.0,1004,89,30.2,3.5,0.8,2023,8,19,11,5,231,33,0.258819045102521,-0.9659258262890682,-0.8660254037844385,-0.5000000000000004,-0.9749279121818236,-0.2225209339563146,2,0,1,41.0,29.0,19.0,29.67,80.0,31.0,38.666666666666664,8.736894948054559,46.0,29.0,30.221666666666664,10.96826406805823,46.0,19.0,31.083333333333332,9.23350847662306,46.0,19.0,31.541666666666668,12.647178983152143,80.0,18.0,29.5,28.8,28.8,95.0,96.0,94.0,0.8,1.33,1.33,1004.0,1005.0,1003.0,2687.7999999999997,71.2,24.16,0.0,0.7999860871984835,10.771748022907008,11.298972820652669,26.877999999999997,29.8,0.030079651315088333,912.04,7921,0.6400000000000001,1008016,533.3,88.88333333333333,5.0,27.0,0.6999999999999993
151,117.3,9.0,141.7,70.0,166.0,100,0.5,1003,83,30.9,3.7,1.6,2023,8,19,12,5,231,33,1.2246467991473532e-16,-1.0,-0.8660254037844385,-0.5000000000000004,-0.9749279121818236,-0.2225209339563146,2,1,1,46.0,41.0,29.0,25.33,45.0,30.0,47.666666666666664,7.637626158260134,56.0,41.0,35.333333333333336,14.733182502998407,56.0,19.0,32.0,11.09839382318615,56.0,19.0,32.625,13.587946704788614,80.0,18.0,30.2,29.2,28.7,89.0,95.0,95.0,0.8,0.66,1.66,1004.0,1004.0,1004.0,2564.7,132.8,49.44,50.0,0.7999885715918343,13.03188534607266,15.742695256082657,25.647,30.099999999999998,0.03080754655279506,954.81,6889,2.5600000000000005,1006009,560.0,93.33333333333333,10.0,27.0,0.6999999999999993
165,116.1,7.0,159.0,83.8,156.0,100,0.0,1003,78,31.6,3.4,0.8,2023,8,19,13,5,231,33,-0.2588190451025208,-0.9659258262890683,-0.8660254037844385,-0.5000000000000004,-0.9749279121818236,-0.2225209339563146,2,1,1,56.0,46.0,41.0,21.0,20.0,28.0,56.333333333333336,10.503967504392696,67.0,46.0,43.0,17.492855684535716,67.0,19.0,35.916666666666664,14.307767968569207,67.0,19.0,34.25,15.24212954424286,80.0,18.0,30.9,29.5,28.5,83.0,95.0,96.0,1.6,0.8,2.0,1003.0,1004.0,1005.0,2464.8,62.400000000000006,25.28,0.0,0.7995131323015239,16.5833452363948,22.711041279817167,24.648000000000003,31.200000000000003,0.031505452138133466,998.5600000000001,6084,0.6400000000000001,1006009,588.9000000000001,98.15000000000002,11.0,26.0,0.7000000000000028
160,117.7,7.3,160.7,78.8,142.3,100,0.0,1002,80,31.5,2.7,0.33,2023,8,19,14,5,231,33,-0.4999999999999997,-0.8660254037844388,-0.8660254037844385,-0.5000000000000004,-0.9749279121818236,-0.2225209339563146,2,1,1,67.0,56.0,46.0,19.0,30.0,18.0,62.0,5.567764362830314,67.0,56.0,50.333333333333336,14.361986863476158,67.0,29.0,38.666666666666664,16.123344077529786,67.0,19.0,36.125,15.909448655492216,80.0,19.0,31.6,30.2,28.8,78.0,89.0,96.0,0.8,0.8,1.33,1003.0,1004.0,1005.0,2520.0,26.400000000000002,10.395000000000001,0.0,0.7994822400730955,16.121079304204905,22.010683468018076,25.2,31.335,0.031437094374157315,992.25,6400,0.10890000000000001,1004004,569.8,94.96666666666665,-4.0,17.0,-0.10000000000000142
150,119.2,7.7,162.3,67.5,128.7,100,0.5,1002,81,31.3,1.9,0.66,2023,8,19,15,5,231,33,-0.7071067811865471,-0.7071067811865479,-0.8660254037844385,-0.5000000000000004,-0.9749279121818236,-0.2225209339563146,2,1,1,63.0,67.0,56.0,29.0,33.0,29.0,61.333333333333336,6.6583281184796475,67.0,54.0,54.5,9.853933224859805,67.0,41.0,40.416666666666664,16.58541107739121,67.0,19.0,37.166666666666664,16.237705895650027,80.0,19.0,31.5,30.9,29.2,80.0,83.0,95.0,0.33,1.6,0.66,1002.0,1003.0,1004.0,2535.3,53.46,20.658,50.0,0.7999881483237284,15.478509284508505,21.07518504090378,25.353,30.970000000000002,0.031237493774956313,979.69,6561,0.43560000000000004,1004004,539.4000000000001,89.90000000000002,-9.0,-2.0,-0.1999999999999993
167,120.8,8.0,164.0,85.0,115.0,100,0.5,1001,83,31.2,1.2,1.0,2023,8,19,16,5,231,33,-0.8660254037844385,-0.5000000000000004,-0.8660254037844385,-0.5000000000000004,-0.9749279121818236,-0.2225209339563146,2,1,1,54.0,63.0,67.0,41.0,34.0,28.0,61.666666666666664,7.094598884597821,68.0,54.0,59.0,8.532291603080434,68.0,46.0,43.25,18.213800462086915,68.0,19.0,38.833333333333336,17.2755810741428,80.0,19.0,31.3,31.6,29.5,81.0,78.0,95.0,0.66,0.8,0.8,1002.0,1003.0,1004.0,2589.6,83.0,31.2,50.0,0.7999905883460194,15.098112735908012,20.497437820272467,25.896,30.7,0.0311688000311688,973.4399999999999,6889,1.0,1002001,560.8,93.46666666666665,14.0,1.0,-0.10000000000000142
176,177.2,14.7,144.7,93.8,133.7,75,0.0,1002,84,30.9,0.8,1.0,2023,8,19,17,5,231,33,-0.9659258262890683,-0.25881904510252063,-0.8660254037844385,-0.5000000000000004,-0.9749279121818236,-0.2225209339563146,2,1,1,68.0,54.0,63.0,46.0,29.67,34.0,65.66666666666667,10.692676621563745,75.0,54.0,63.833333333333336,7.884584115009781,75.0,54.0,47.027499999999996,19.775052752486562,75.0,19.0,40.541666666666664,18.741811120005917,80.0,19.0,31.2,31.5,30.2,83.0,80.0,89.0,1.0,0.33,0.8,1001.0,1002.0,1004.0,2595.6,84.0,30.9,0.0,0.7995650366200786,12.053601795796204,9.842867832120264,25.956,30.4,0.030838292576554314,954.81,7056,1.0,1004004,639.0999999999999,106.51666666666665,7.0,12.0,-0.3000000000000007
173,233.6,21.3,125.3,91.3,152.3,50,0.0,1002,85,30.5,0.6,1.0,2023,8,19,18,5,231,33,-1.0,-1.8369701987210297e-16,-0.8660254037844385,-0.5000000000000004,-0.9749279121818236,-0.2225209339563146,2,2,1,75.0,68.0,54.0,56.0,25.33,30.0,72.0,3.6055512754641863,75.0,68.0,66.66666666666667,7.554248252914726,75.0,54.0,51.0,19.808170949475016,75.0,19.0,42.333333333333336,19.720052841155837,80.0,19.0,30.9,31.3,30.9,84.0,81.0,83.0,1.0,0.66,1.6,1002.0,1002.0,1003.0,2592.5,85.0,30.5,0.0,0.7995531264717801,10.966621285385662,5.88235294117647,25.925,30.0,0.030439091378152316,930.25,7225,1.0,1004004,696.8,116.13333333333333,-2.0,19.0,-0.3999999999999986
207,290.0,28.0,106.0,122.5,171.0,25,0.0,1002,86,30.2,0.0,1.0,2023,8,19,19,5,231,33,-0.9659258262890684,0.2588190451025203,-0.8660254037844385,-0.5000000000000004,-0.9749279121818236,-0.2225209339563146,2,2,1,73.0,75.0,68.0,67.0,21.0,23.0,82.0,13.892443989449795,98.0,73.0,71.83333333333333,14.878395970892374,98.0,54.0,57.416666666666664,21.59738339931388,98.0,19.0,45.458333333333336,22.297276235815016,98.0,19.0,30.5,31.2,31.6,85.0,83.0,78.0,1.0,1.0,0.8,1002.0,1001.0,1003.0,2597.2,86.0,30.2,0.0,0.7999934694410658,10.356772972393843,3.7855790864611976,25.971999999999998,29.7,0.03013969047935082,912.04,7396,1.0,1004004,815.5,135.91666666666666,25.0,30.0,-0.3000000000000007
249,290.2,25.7,96.3,162.5,161.0,27,0.0,1003,89,29.9,0.0,0.66,2023,8,19,20,5,231,33,-0.8660254037844386,0.5000000000000001,-0.8660254037844385,-0.5000000000000004,-0.9749279121818236,-0.2225209339563146,2,2,1,98.0,73.0,75.0,63.0,19.0,34.0,100.33333333333333,28.571547618799546,130.0,73.0,83.0,27.07027890510185,130.0,54.0,66.66666666666667,26.793260120388037,130.0,29.0,49.458333333333336,28.027064662986025,130.0,19.0,30.2,30.9,31.5,86.0,84.0,80.0,1.0,1.0,0.33,1002.0,1002.0,1002.0,2661.1,58.74,19.734,0.0,0.7999950769533726,11.291389440099607,3.746935916890393,26.611,29.57,0.029810538573740206,894.0099999999999,7921,0.43560000000000004,1006009,865.7,144.28333333333333,32.0,55.0,-0.3000000000000007
159,290.4,23.3,86.7,77.5,151.0,29,0.5,1004,92,29.5,0.0,0.33,2023,8,19,21,5,231,33,-0.7071067811865477,0.7071067811865474,-0.8660254037844385,-0.5000000000000004,-0.9749279121818236,-0.2225209339563146,2,2,1,130.0,98.0,73.0,54.0,29.0,25.0,96.66666666666667,34.01960219246149,130.0,62.0,84.33333333333333,25.508168626278707,130.0,62.0,69.41666666666667,24.13770469366911,130.0,41.0,51.0,27.638125683634193,130.0,19.0,29.9,30.5,31.3,89.0,85.0,81.0,0.66,1.0,0.66,1003.0,1002.0,1002.0,2714.0,30.360000000000003,9.735000000000001,14.5,0.7999896775525477,12.462984421269471,3.720870348912064,27.14,29.335,0.029382440854142575,870.25,8464,0.10890000000000001,1008016,690.9,115.14999999999999,-68.0,-11.0,-0.3999999999999986
102,290.6,21.0,77.0,45.0,141.0,31,0.0,1004,96,29.2,0.0,1.2,2023,8,19,22,5,231,33,-0.5000000000000004,0.8660254037844384,-0.8660254037844385,-0.5000000000000004,-0.9749279121818236,-0.2225209339563146,2,3,1,62.0,130.0,98.0,68.0,41.0,25.0,76.0,48.5386443980464,130.0,36.0,79.0,32.09984423638223,130.0,36.0,69.0,24.709218007566378,130.0,36.0,51.458333333333336,27.277061659087032,130.0,19.0,29.5,30.2,31.2,92.0,86.0,83.0,0.33,1.0,1.0,1004.0,1002.0,1001.0,2803.2,115.19999999999999,35.04,0.0,0.7999822226172753,13.837436312556544,3.666492071806104,28.031999999999996,28.599999999999998,0.029083636370880107,852.64,9216,1.44,1008016,610.6,101.76666666666667,-26.0,-62.0,-0.3000000000000007
104,254.4,19.0,74.3,46.3,124.0,33,0.0,1004,95,29.0,0.0,1.2,2023,8,19,23,5,231,33,-0.25881904510252157,0.9659258262890681,-0.8660254037844385,-0.5000000000000004,-0.9749279121818236,-0.2225209339563146,2,3,1,36.0,62.0,130.0,75.0,46.0,80.0,45.0,14.730919862656444,62.0,36.0,72.66666666666667,36.494748480660434,130.0,36.0,68.25,25.59163570743,130.0,36.0,49.666666666666664,26.72749043452355,130.0,19.0,29.2,29.9,30.9,96.0,89.0,84.0,1.2,0.66,1.0,1004.0,1003.0,1002.0,2755.0,114.0,34.8,0.0,0.799118809528952,13.388769012157255,3.910320509446871,27.55,28.4,0.028884433382038464,841.0,9025,1.44,1008016,555.0,92.5,1.0,-93.0,-0.1999999999999993
118,218.3,17.0,71.7,52.5,107.0,35,1.0,1004,94,28.8,0.0,2.0,2023,8,20,0,6,232,33,0.0,1.0,-0.8660254037844385,-0.5000000000000004,-0.7818314824680299,0.6234898018587334,2,3,1,37.0,36.0,62.0,73.0,56.0,45.0,38.333333333333336,3.214550253665449,42.0,36.0,67.5,38.573306832575284,130.0,36.0,67.08333333333333,26.50371614881502,130.0,36.0,49.541666666666664,26.757263242564544,130.0,19.0,29.0,29.5,30.5,95.0,92.0,85.0,1.2,0.33,1.0,1004.0,1004.0,1002.0,2707.2000000000003,188.0,57.6,35.0,0.7999847621950058,12.840421151696958,4.217398976530792,27.072000000000003,27.8,0.02868523039319682,829.44,8836,4.0,1008016,508.5,84.75,5.0,-20.0,-0.1999999999999993
100,182.1,15.0,69.0,43.8,90.0,37,3.5,1003,93,28.6,0.0,0.4,2023,8,20,1,6,232,33,0.25881904510252074,0.9659258262890683,-0.8660254037844385,-0.5000000000000004,-0.7818314824680299,0.6234898018587334,2,3,1,42.0,37.0,36.0,98.0,67.0,20.0,38.0,3.6055512754650048,42.0,35.0,57.0,37.159117319979444,130.0,35.0,64.41666666666667,28.07606011382545,130.0,35.0,50.166666666666664,26.20674584026494,130.0,19.0,28.8,29.2,30.2,94.0,96.0,86.0,2.0,1.2,1.0,1004.0,1004.0,1002.0,2659.8,37.2,11.440000000000001,129.5,0.7990685144174792,12.139190720618625,4.599693353776415,26.598000000000003,28.400000000000002,0.028514428200968896,817.96,8649,0.16000000000000003,1006009,434.90000000000003,72.48333333333333,-7.0,-1.0,-0.1999999999999993
98,180.9,15.3,62.3,42.5,89.0,33,0.0,1003,93,28.5,0.0,0.4,2023,8,20,2,6,232,33,0.49999999999999994,0.8660254037844387,-0.8660254037844385,-0.5000000000000004,-0.7818314824680299,0.6234898018587334,2,3,1,35.0,42.0,37.0,130.0,63.0,30.0,37.0,4.358898943541533,42.0,34.0,41.0,10.658330075579032,62.0,34.0,62.0,29.424788560296758,130.0,34.0,50.333333333333336,26.085354156102376,130.0,19.0,28.6,29.0,29.9,93.0,95.0,89.0,0.4,1.2,0.66,1003.0,1004.0,1003.0,2650.5,37.2,11.4,0.0,0.7999811769134845,11.822756682569766,4.071629305274165,26.505,28.3,0.028414727403063406,812.25,8649,0.16000000000000003,1006009,424.0,70.66666666666667,-1.0,-3.0,-0.10000000000000142
80,179.7,15.7,55.7,32.5,88.0,29,0.0,1003,94,28.3,0.0,0.8,2023,8,20,3,6,232,33,0.7071067811865476,0.7071067811865476,-0.8660254037844385,-0.5000000000000004,-0.7818314824680299,0.6234898018587334,2,3,1,34.0,35.0,42.0,62.0,54.0,33.0,31.666666666666668,4.9328828623171,35.0,26.0,35.0,5.215361924161269,42.0,26.0,59.666666666666664,31.17497053533134,130.0,26.0,50.041666666666664,26.325616664261354,130.0,19.0,28.5,28.8,29.5,93.0,94.0,92.0,0.4,2.0,0.33,1003.0,1004.0,1004.0,2660.2000000000003,75.2,22.64,0.0,0.7999753853727578,11.445130883383225,3.547544742373098,26.602000000000004,27.900000000000002,0.028215325807252438,800.89,8836,0.6400000000000001,1006009,397.59999999999997,66.26666666666667,-8.0,-16.0,-0.1999999999999993
91,178.6,16.0,49.0,38.8,87.0,25,0.0,1003,94,28.2,0.0,1.6,2023,8,20,4,6,232,33,0.8660254037844386,0.5000000000000001,-0.8660254037844385,-0.5000000000000004,-0.7818314824680299,0.6234898018587334,2,3,1,26.0,34.0,35.0,36.0,68.0,34.0,30.333333333333332,4.04145188432845,34.0,26.0,34.166666666666664,5.419102016631316,42.0,26.0,56.583333333333336,32.092078697889065,130.0,26.0,49.916666666666664,26.412078209832913,130.0,19.0,28.3,28.6,29.2,94.0,93.0,96.0,0.8,0.4,1.2,1003.0,1003.0,1004.0,2650.7999999999997,150.4,45.120000000000005,0.0,0.7989484807092602,11.16180238735079,3.062308605712143,26.507999999999996,27.4,0.02811562500934695,795.24,8836,2.5600000000000005,1006009,400.4,66.73333333333333,5.0,-4.0,-0.10000000000000142
104,152.3,15.0,54.0,46.3,85.0,50,0.5,1003,92,28.5,0.0,0.8,2023,8,20,5,6,232,33,0.9659258262890683,0.25881904510252074,-0.8660254037844385,-0.5000000000000004,-0.7818314824680299,0.6234898018587334,2,3,1,31.0,26.0,34.0,37.0,75.0,29.67,31.333333333333332,5.507570547286871,37.0,26.0,34.166666666666664,5.419102016631316,42.0,26.0,53.416666666666664,31.98425275416661,130.0,26.0,50.22208333333333,26.209378669736434,130.0,19.0,28.2,28.5,29.0,94.0,93.0,95.0,1.6,0.4,1.2,1003.0,1003.0,1004.0,2622.0,73.60000000000001,22.8,25.0,0.799118809528952,10.152656489567363,3.5997600159989336,26.22,28.1,0.028414727403063406,812.25,8464,0.6400000000000001,1006009,389.6,64.93333333333334,6.0,3.0,0.3000000000000007
150,126.1,14.0,59.0,67.5,83.0,75,0.25,1004,90,28.9,0.6,0.8,2023,8,20,6,6,232,33,1.0,6.123233995736766e-17,-0.8660254037844385,-0.5000000000000004,-0.7818314824680299,0.6234898018587334,2,0,1,37.0,31.0,26.0,42.0,73.0,25.33,40.666666666666664,11.930353445449143,54.0,31.0,36.166666666666664,9.537644712750525,54.0,26.0,51.833333333333336,31.391467669165024,130.0,26.0,51.416666666666664,25.673394563357018,130.0,19.0,28.5,28.3,28.8,92.0,94.0,94.0,0.8,0.8,2.0,1003.0,1003.0,1004.0,2601.0,72.0,23.12,18.75,0.7999881483237284,9.006499535747446,4.213984715377473,26.01,28.5,0.02878483188761764,835.2099999999999,8100,0.6400000000000001,1008016,403.6,67.26666666666667,17.0,28.0,0.3999999999999986
118,99.8,13.0,64.0,52.5,81.0,100,1.75,1004,89,29.2,0.8,1.6,2023,8,20,7,6,232,33,0.9659258262890683,-0.25881904510252063,-0.8660254037844385,-0.5000000000000004,-0.7818314824680299,0.6234898018587334,2,0,1,54.0,37.0,31.0,35.0,98.0,21.0,44.333333333333336,8.736894948054466,54.0,37.0,37.333333333333336,9.791152468767828,54.0,26.0,47.166666666666664,27.86928362367718,130.0,26.0,52.291666666666664,24.93901983127927,130.0,19.0,28.9,28.2,28.6,90.0,94.0,93.0,0.8,1.6,0.4,1004.0,1003.0,1003.0,2598.7999999999997,142.4,46.72,175.0,0.7999847621950058,7.676332589800785,4.922698253980463,25.987999999999996,28.4,0.029083636370880107,852.64,7921,2.5600000000000005,1008016,352.3,58.71666666666667,-12.0,11.0,0.3000000000000007
129,101.9,13.3,65.0,57.5,94.0,91,4.0,1005,87,28.6,1.2,1.33,2023,8,20,8,6,232,33,0.8660254037844387,-0.4999999999999998,-0.8660254037844385,-0.5000000000000004,-0.7818314824680299,0.6234898018587334,2,0,1,42.0,54.0,37.0,34.0,130.0,19.0,47.333333333333336,6.11010092660826,54.0,42.0,39.333333333333336,10.191499726078531,54.0,26.0,40.166666666666664,9.980283593468327,62.0,26.0,53.416666666666664,23.961775115101144,130.0,26.0,29.2,28.5,28.5,89.0,92.0,93.0,1.6,0.8,0.4,1004.0,1003.0,1003.0,2488.2000000000003,115.71000000000001,38.038000000000004,364.0,0.7999860871984835,7.661078114427487,4.886850612735884,24.882,27.935000000000002,0.02845768312668346,817.96,7569,1.7689000000000001,1010025,377.7,62.949999999999996,4.0,9.0,-0.5999999999999979
95,104.1,13.7,66.0,41.3,107.0,83,6.25,1005,85,28.1,1.9,2.66,2023,8,20,9,6,232,33,0.7071067811865476,-0.7071067811865475,-0.8660254037844385,-0.5000000000000004,-0.7818314824680299,0.6234898018587334,2,0,1,46.0,42.0,54.0,26.0,62.0,29.0,40.333333333333336,6.65832811847992,46.0,33.0,40.5,8.642916174532319,54.0,31.0,37.75,7.387027942154722,54.0,26.0,53.583333333333336,23.79791124679136,130.0,26.0,28.6,28.9,28.3,87.0,90.0,94.0,1.33,0.8,0.8,1005.0,1004.0,1003.0,2388.5,226.10000000000002,74.74600000000001,518.75,0.7990121304568898,7.59798554850011,4.817166630172981,23.885,26.770000000000003,0.027960171183909272,789.6100000000001,7225,7.0756000000000006,1010025,365.1,60.85,-13.0,-21.0,-0.5
46,106.2,14.0,67.0,13.8,120.0,75,5.25,1006,83,27.5,2.7,4.0,2023,8,20,10,6,232,33,0.49999999999999994,-0.8660254037844387,-0.8660254037844385,-0.5000000000000004,-0.7818314824680299,0.6234898018587334,2,0,1,33.0,46.0,42.0,31.0,36.0,41.0,30.0,17.69180601295438,46.0,11.0,37.166666666666664,14.743360087397253,54.0,11.0,35.666666666666664,10.705422019054351,54.0,11.0,52.333333333333336,25.232254490367676,130.0,11.0,28.1,29.2,28.2,85.0,89.0,94.0,2.66,1.6,1.6,1005.0,1004.0,1003.0,2282.5,332.0,110.0,393.75,0.7970436924860518,7.585172487679452,4.785372473394758,22.825,25.5,0.02733595692250803,756.25,6889,16.0,1012036,332.0,55.333333333333336,-22.0,-31.0,-0.6000000000000014
54,100.4,12.3,78.7,17.5,109.7,75,3.75,1006,86,27.0,3.4,3.0,2023,8,20,11,6,232,33,0.258819045102521,-0.9659258262890682,-0.8660254037844385,-0.5000000000000004,-0.7818314824680299,0.6234898018587334,2,0,1,11.0,33.0,46.0,37.0,37.0,46.0,19.333333333333332,11.930353445449299,33.0,11.0,33.333333333333336,17.523317798483752,54.0,11.0,33.75,12.373909501997732,54.0,11.0,51.0,26.39993412376521,130.0,11.0,27.5,28.6,28.5,83.0,87.0,92.0,4.0,1.33,0.8,1006.0,1005.0,1003.0,2322.0,258.0,81.0,281.25,0.7999542883263813,8.161938053816764,6.397853833021705,23.22,25.5,0.026838939523916975,729.0,7396,9.0,1012036,332.6,55.43333333333334,3.0,-32.0,-0.5
78,94.5,10.7,90.3,31.3,99.3,75,1.5,1006,90,26.5,3.7,2.0,2023,8,20,12,6,232,33,1.2246467991473532e-16,-1.0,-0.8660254037844385,-0.5000000000000004,-0.7818314824680299,0.6234898018587334,2,1,1,14.0,11.0,33.0,54.0,42.0,56.0,16.666666666666668,7.371114795832745,25.0,11.0,28.5,14.40486029088758,46.0,11.0,32.333333333333336,12.316532373073326,54.0,11.0,49.708333333333336,26.898325738533313,130.0,11.0,27.0,28.1,28.9,86.0,85.0,90.0,3.0,2.66,0.8,1006.0,1005.0,1004.0,2385.0,180.0,53.0,112.5,0.7986965272674994,8.830950378469304,8.438463694981778,23.85,25.5,0.02634192212532592,702.25,8100,4.0,1012036,351.1,58.51666666666667,11.0,-8.0,-0.5
63,88.7,9.0,102.0,22.5,89.0,75,2.0,1006,93,26.0,3.4,1.0,2023,8,20,13,6,232,33,-0.2588190451025208,-0.9659258262890683,-0.8660254037844385,-0.5000000000000004,-0.7818314824680299,0.6234898018587334,2,1,1,25.0,14.0,11.0,42.0,35.0,67.0,19.0,5.5677643628309825,25.0,14.0,24.5,13.187114923287389,46.0,11.0,30.916666666666668,12.943642408065536,54.0,11.0,47.666666666666664,27.384010991288783,130.0,11.0,26.5,27.5,29.2,90.0,83.0,89.0,2.0,4.0,1.6,1006.0,1006.0,1004.0,2418.0,93.0,26.0,150.0,0.7999644460246211,9.854460615487168,11.332074213976226,24.18,25.5,0.025844904726734865,676.0,8649,1.0,1012036,329.2,54.86666666666667,-7.0,7.0,-0.5
54,92.0,9.0,97.0,17.5,75.7,83,0.5,1005,93,26.2,2.7,0.66,2023,8,20,14,6,232,33,-0.4999999999999997,-0.8660254037844388,-0.8660254037844385,-0.5000000000000004,-0.7818314824680299,0.6234898018587334,2,1,1,18.0,25.0,14.0,46.0,34.0,63.0,19.0,5.5677643628309825,25.0,14.0,19.166666666666668,8.328665359267022,33.0,11.0,29.25,13.771677127680745,54.0,11.0,45.625,28.01057641863796,130.0,11.0,26.0,27.0,28.6,93.0,86.0,87.0,1.0,3.0,1.33,1006.0,1006.0,1005.0,2436.6,61.38,17.292,41.5,0.7999542883263813,10.221086545939341,10.776580379957784,24.366,25.87,0.02606962580136736,686.4399999999999,8649,0.43560000000000004,1010025,305.2,50.86666666666667,-4.0,0.0,0.1999999999999993
50,95.3,9.0,92.0,15.0,62.3,91,2.75,1004,94,26.3,1.9,0.33,2023,8,20,15,6,232,33,-0.7071067811865471,-0.7071067811865479,-0.8660254037844385,-0.5000000000000004,-0.7818314824680299,0.6234898018587334,2,1,1,14.0,18.0,25.0,33.0,26.0,54.0,14.666666666666666,3.0550504633057556,18.0,12.0,15.666666666666666,5.163977794941971,25.0,11.0,28.083333333333332,14.6377987250524,54.0,11.0,43.875,28.76639419153219,130.0,11.0,26.2,26.5,28.1,93.0,90.0,85.0,0.66,2.0,2.66,1005.0,1006.0,1005.0,2472.2000000000003,31.020000000000003,8.679,250.25,0.7999466702219852,10.587712476391513,10.221086545939341,24.722,26.135,0.026195193032676263,691.69,8836,0.10890000000000001,1008016,285.6,47.6,-2.0,-13.0,0.10000000000000142
76,98.6,9.0,87.0,30.0,49.0,100,3.0,1003,94,26.5,1.2,0.8,2023,8,20,16,6,232,33,-0.8660254037844385,-0.5000000000000004,-0.8660254037844385,-0.5000000000000004,-0.7818314824680299,0.6234898018587334,2,1,1,12.0,14.0,18.0,11.0,31.0,68.0,16.666666666666668,6.429100507329498,24.0,12.0,17.833333333333332,5.528712930389331,25.0,12.0,27.5,14.650473154009667,54.0,11.0,42.041666666666664,28.563398845781567,130.0,11.0,26.3,26.0,27.5,94.0,93.0,83.0,0.33,1.0,4.0,1004.0,1006.0,1006.0,2491.0,75.2,21.200000000000003,300.0,0.7999733342221925,10.954338406843684,9.665592711920898,24.91,26.1,0.026420711444953695,702.25,8836,0.6400000000000001,1006009,297.6,49.6,12.0,6.0,0.1999999999999993
74,147.1,14.0,80.3,28.8,65.7,100,0.75,1003,94,26.4,0.7,0.33,2023,8,20,17,6,232,33,-0.9659258262890683,-0.25881904510252063,-0.8660254037844385,-0.5000000000000004,-0.7818314824680299,0.6234898018587334,2,1,1,24.0,12.0,14.0,14.0,37.0,75.0,19.666666666666668,6.65832811848019,24.0,12.0,19.333333333333332,5.501514942872963,25.0,12.0,26.333333333333332,14.380120958735821,54.0,11.0,39.875,27.9196245458748,130.0,11.0,26.5,26.2,27.0,94.0,93.0,86.0,0.8,0.66,3.0,1003.0,1005.0,1006.0,2481.6,31.020000000000003,8.712,75.0,0.7985833825214401,10.506392400542818,5.735304621098493,24.816,26.235,0.02632101064704821,696.9599999999999,8836,0.10890000000000001,1006009,358.9,59.81666666666666,-1.0,9.0,-0.10000000000000142
148,195.5,19.0,73.7,66.3,82.3,100,0.25,1004,94,26.3,0.6,0.66,2023,8,20,18,6,232,33,-1.0,-1.8369701987210297e-16,-0.8660254037844385,-0.5000000000000004,-0.7818314824680299,0.6234898018587334,2,2,1,23.0,24.0,12.0,25.0,54.0,73.0,33.333333333333336,17.03917055884299,53.0,23.0,24.0,14.97998664885883,53.0,12.0,26.25,14.207072502486342,53.0,11.0,39.041666666666664,27.176523063061378,130.0,11.0,26.4,26.3,26.5,94.0,94.0,90.0,0.33,0.33,2.0,1003.0,1004.0,1006.0,2472.2000000000003,62.040000000000006,17.358,25.0,0.7993846246662946,10.288932161465185,3.8787432240408397,24.722,25.970000000000002,0.026195193032676263,691.69,8836,0.43560000000000004,1008016,489.8,81.63333333333334,30.0,41.0,-0.09999999999999787
93,243.9,24.0,67.0,40.0,99.0,100,0.0,1004,94,26.2,0.0,1.0,2023,8,20,19,6,232,33,-0.9659258262890684,0.2588190451025203,-0.8660254037844385,-0.5000000000000004,-0.7818314824680299,0.6234898018587334,2,2,1,53.0,23.0,24.0,18.0,42.0,98.0,36.0,15.394804318340913,53.0,23.0,26.333333333333332,14.948801512718536,53.0,12.0,25.416666666666668,13.473599325639507,53.0,11.0,36.291666666666664,24.118329970786,130.0,11.0,26.3,26.5,26.0,94.0,94.0,93.0,0.66,0.8,1.0,1004.0,1003.0,1006.0,2462.7999999999997,94.0,26.2,0.0,0.7999800004999875,10.162076580142493,2.7915503520686635,24.627999999999997,25.7,0.02609559153825544,686.4399999999999,8836,1.0,1008016,505.9,84.31666666666666,-21.0,8.0,-0.10000000000000142
91,346.7,32.3,54.3,38.8,128.3,100,0.0,1005,93,26.1,0.0,1.0,2023,8,20,20,6,232,33,-0.8660254037844386,0.5000000000000001,-0.8660254037844385,-0.5000000000000004,-0.7818314824680299,0.6234898018587334,2,2,1,32.0,53.0,23.0,14.0,46.0,130.0,38.666666666666664,12.423096769056457,53.0,31.0,29.166666666666668,13.702797767852248,53.0,12.0,24.166666666666668,12.006311471534875,53.0,11.0,32.166666666666664,13.541134326214378,62.0,11.0,26.2,26.4,26.2,94.0,94.0,93.0,1.0,0.33,0.66,1004.0,1003.0,1005.0,2427.3,93.0,26.1,0.0,0.7989484807092602,10.733413826197333,1.6810625058047741,24.273000000000003,25.6,0.025970123412812525,681.21,8649,1.0,1010025,631.4000000000001,105.23333333333335,-1.0,8.0,-0.09999999999999787
82,449.4,40.7,41.7,33.8,157.7,100,0.0,1005,93,26.1,0.0,1.0,2023,8,20,21,6,232,33,-0.7071067811865477,0.7071067811865474,-0.8660254037844385,-0.5000000000000004,-0.7818314824680299,0.6234898018587334,2,2,1,31.0,32.0,53.0,12.0,33.0,62.0,30.0,2.645751311066263,32.0,27.0,31.666666666666668,11.057425860780485,53.0,23.0,23.666666666666668,11.726685444538298,53.0,11.0,30.708333333333332,11.983608974677527,54.0,11.0,26.1,26.3,26.3,93.0,94.0,94.0,1.0,0.66,0.33,1005.0,1004.0,1004.0,2427.3,93.0,26.1,0.0,0.7987929351202628,11.041497751897987,1.0245448514778508,24.273000000000003,25.6,0.025970123412812525,681.21,8649,1.0,1010025,750.3,125.05,-4.0,-26.0,0.0
123,552.1,49.0,29.0,55.0,187.0,100,0.5,1006,93,26.0,0.0,1.0,2023,8,20,22,6,232,33,-0.5000000000000004,0.8660254037844384,-0.8660254037844385,-0.5000000000000004,-0.7818314824680299,0.6234898018587334,2,3,1,27.0,31.0,32.0,24.0,11.0,36.0,34.0,8.888194417316054,44.0,27.0,35.0,11.296016997153954,53.0,23.0,26.416666666666668,12.339576634356057,53.0,12.0,31.041666666666668,12.24559962373948,54.0,11.0,26.1,26.2,26.5,93.0,94.0,94.0,1.0,1.0,0.8,1005.0,1004.0,1003.0,2418.0,93.0,26.0,50.0,0.7999854548099126,11.267116997612295,0.5918246566396604,24.18,25.5,0.025844904726734865,676.0,8649,1.0,1012036,916.1,152.68333333333334,17.0,12.0,-0.10000000000000142
65,557.3,49.3,25.3,23.8,176.7,91,0.0,1006,93,26.0,0.0,0.66,2023,8,20,23,6,232,33,-0.25881904510252157,0.9659258262890681,-0.8660254037844385,-0.5000000000000004,-0.7818314824680299,0.6234898018587334,2,3,1,44.0,27.0,31.0,23.0,14.0,37.0,30.0,12.76714533480405,44.0,19.0,34.333333333333336,12.225656083280668,53.0,19.0,26.833333333333332,11.960794541358881,53.0,12.0,30.291666666666668,12.41485494028852,54.0,11.0,26.0,26.1,26.4,93.0,93.0,94.0,1.0,1.0,0.33,1006.0,1005.0,1003.0,2418.0,61.38,17.16,0.0,0.7982857863114995,11.304030344212086,0.5131741749660251,24.18,25.67,0.025844904726734865,676.0,8649,0.43560000000000004,1012036,851.3999999999999,141.89999999999998,-25.0,-12.0,0.0
59,562.6,49.7,21.7,20.0,166.3,83,0.0,1005,93,26.0,0.0,0.33,2023,8,21,0,0,233,34,0.0,1.0,-0.8660254037844385,-0.5000000000000004,0.0,1.0,2,3,0,19.0,44.0,27.0,53.0,25.0,42.0,26.333333333333332,15.373136743467246,44.0,16.0,28.166666666666668,10.06810144300585,44.0,16.0,26.083333333333332,12.361658709922407,53.0,12.0,29.208333333333332,12.482959399209737,54.0,11.0,26.0,26.1,26.3,93.0,93.0,94.0,0.66,1.0,0.66,1006.0,1005.0,1004.0,2418.0,30.69,8.58,0.0,0.7999600019998999,11.319691756705097,0.4366109333816221,24.18,25.835,0.02587062102425769,676.0,8649,0.10890000000000001,1010025,836.3000000000002,139.38333333333335,-3.0,-11.0,0.0
61,567.8,50.0,18.0,21.3,156.0,75,0.0,1005,93,26.0,0.0,1.6,2023,8,21,1,0,233,34,0.25881904510252074,0.9659258262890683,-0.8660254037844385,-0.5000000000000004,0.0,1.0,2,3,0,16.0,19.0,44.0,32.0,18.0,35.0,17.333333333333332,1.527525231655434,19.0,16.0,25.666666666666668,10.764137989948662,44.0,16.0,26.0,12.42431633385237,53.0,12.0,28.458333333333332,12.659346664461557,54.0,11.0,26.0,26.0,26.2,93.0,93.0,94.0,0.33,1.0,1.0,1005.0,1006.0,1004.0,2418.0,148.8,41.6,0.0,0.7980845969672785,11.35577288454231,0.35999280014399715,24.18,25.2,0.02587062102425769,676.0,8649,2.5600000000000005,1010025,830.0999999999999,138.35,1.0,-27.0,0.0
85,465.9,40.3,23.7,35.0,124.7,58,0.0,1005,94,25.8,0.0,1.2,2023,8,21,2,0,233,34,0.49999999999999994,0.8660254037844387,-0.8660254037844385,-0.5000000000000004,0.0,1.0,2,3,0,17.0,16.0,19.0,31.0,14.0,34.0,20.333333333333332,6.658328118480161,28.0,16.0,25.166666666666668,10.53407170407796,44.0,16.0,27.166666666666668,11.838560518555854,53.0,12.0,28.208333333333332,12.604275212132894,54.0,11.0,26.0,26.0,26.1,93.0,93.0,93.0,1.6,0.66,1.0,1005.0,1006.0,1005.0,2425.2000000000003,112.8,30.96,0.0,0.7999771435101855,11.56050718344458,0.5880747375995633,24.252000000000002,25.2,0.025671616247148015,665.64,8836,1.44,1010025,717.6,119.60000000000001,11.0,9.0,-0.1999999999999993
129,364.0,30.7,29.3,57.5,93.3,41,0.0,1005,95,25.7,0.0,1.6,2023,8,21,3,0,233,34,0.7071067811865476,0.7071067811865476,-0.8660254037844385,-0.5000000000000004,0.0,1.0,2,3,0,28.0,17.0,16.0,27.0,12.0,26.0,30.333333333333332,14.6401275039988,46.0,17.0,28.333333333333332,13.60392100339665,46.0,16.0,30.0,11.94685200072666,53.0,16.0,29.041666666666668,13.103199631376679,54.0,11.0,25.8,26.0,26.1,94.0,93.0,93.0,1.2,0.33,1.0,1005.0,1005.0,1005.0,2441.5,152.0,41.120000000000005,0.0,0.7999860871984835,11.85629132601544,0.9543663072864076,24.415,24.9,0.025572113858593176,660.49,9025,2.5600000000000005,1010025,620.8,103.46666666666665,18.0,30.0,-0.10000000000000142
102,262.0,21.0,35.0,45.0,62.0,25,0.0,1005,95,25.5,0.0,1.6,2023,8,21,4,0,233,34,0.8660254037844386,0.5000000000000001,-0.8660254037844385,-0.5000000000000004,0.0,1.0,2,3,0,46.0,28.0,17.0,44.0,24.0,31.0,36.666666666666664,9.018499505646226,46.0,28.0,27.0,12.066482503198255,46.0,16.0,31.0,11.901107664262069,53.0,16.0,29.25,13.175240283263872,54.0,11.0,25.7,26.0,26.0,95.0,93.0,93.0,1.6,1.6,1.0,1005.0,1005.0,1006.0,2422.5,152.0,40.800000000000004,0.0,0.7999822226172753,12.475596400171419,1.666587305366411,24.225,24.7,0.025373109081483502,650.25,9025,2.5600000000000005,1010025,461.0,76.83333333333333,-10.0,19.0,-0.1999999999999993
100,233.1,19.0,39.7,43.8,56.3,45,0.0,1005,94,25.7,0.0,1.6,2023,8,21,5,0,233,34,0.9659258262890683,0.25881904510252074,-0.8660254037844385,-0.5000000000000004,0.0,1.0,2,3,0,36.0,46.0,28.0,19.0,23.0,37.0,39.0,6.082762530298842,46.0,35.0,29.666666666666668,11.707547423207679,46.0,16.0,32.0,11.669696576253031,53.0,16.0,29.166666666666668,13.13033880375709,54.0,11.0,25.5,25.8,26.0,95.0,94.0,93.0,1.6,1.2,0.66,1005.0,1005.0,1006.0,2415.7999999999997,150.4,41.120000000000005,0.0,0.7990685144174792,12.267775380243144,2.0893637176990687,24.157999999999998,24.9,0.025572113858593176,660.49,8836,2.5600000000000005,1010025,426.90000000000003,71.15,-1.0,7.0,0.1999999999999993
102,204.1,17.0,44.3,45.0,50.7,66,0.0,1005,93,26.0,0.7,1.6,2023,8,21,6,0,233,34,1.0,6.123233995736766e-17,-0.8660254037844385,-0.5000000000000004,0.0,1.0,2,0,0,35.0,36.0,46.0,16.0,53.0,54.0,35.666666666666664,0.5773502691966079,36.0,35.0,33.0,9.715966241192417,46.0,17.0,30.583333333333332,9.765042785674538,46.0,16.0,28.416666666666668,12.125849738639243,53.0,11.0,25.7,25.7,26.0,94.0,95.0,93.0,1.6,1.6,0.33,1005.0,1005.0,1005.0,2418.0,148.8,41.6,0.0,0.7999822226172753,12.005176166107875,2.605729074760308,24.18,25.2,0.02587062102425769,676.0,8649,2.5600000000000005,1010025,397.09999999999997,66.18333333333332,1.0,-10.0,0.3000000000000007
153,175.1,15.0,49.0,68.8,45.0,87,0.0,1006,92,26.2,1.8,1.6,2023,8,21,7,0,233,34,0.9659258262890683,-0.25881904510252063,-0.8660254037844385,-0.5000000000000004,0.0,1.0,2,0,0,36.0,35.0,36.0,17.0,32.0,42.0,42.0,11.269427669584962,55.0,35.0,39.333333333333336,9.584710046039921,55.0,28.0,32.5,12.056684302229606,55.0,16.0,28.958333333333332,13.016642079065265,55.0,11.0,26.0,25.5,26.0,93.0,95.0,93.0,1.6,1.6,1.6,1005.0,1005.0,1005.0,2410.4,147.20000000000002,41.92,0.0,0.7994069853635848,11.672555162989134,3.26644890340644,24.104,25.4,0.026043711686171287,686.4399999999999,8464,2.5600000000000005,1012036,407.9,67.98333333333333,19.0,19.0,0.1999999999999993
137,152.1,12.0,69.0,61.3,51.0,83,0.0,1006,87,27.5,2.8,0.66,2023,8,21,8,0,233,34,0.8660254037844387,-0.4999999999999998,-0.8660254037844385,-0.5000000000000004,0.0,1.0,2,0,0,55.0,36.0,35.0,28.0,31.0,46.0,46.666666666666664,9.712534856222643,55.0,36.0,42.833333333333336,8.376554582085602,55.0,35.0,34.0,12.940422924098682,55.0,16.0,29.083333333333332,13.200516019777622,55.0,11.0,26.2,25.7,25.8,92.0,94.0,94.0,1.6,1.6,1.2,1006.0,1005.0,1005.0,2392.5,57.42,18.150000000000002,0.0,0.7993344317384709,12.673943838013498,5.749520873260562,23.925,27.17,0.02733595692250803,756.25,7569,0.43560000000000004,1012036,394.4,65.73333333333333,-6.0,14.0,1.3000000000000007
85,129.2,9.0,89.0,35.0,57.0,79,0.0,1006,82,28.9,4.1,1.33,2023,8,21,9,0,233,34,0.7071067811865476,-0.7071067811865475,-0.8660254037844385,-0.5000000000000004,0.0,1.0,2,0,0,49.0,55.0,36.0,46.0,27.0,33.0,44.0,14.177446878758067,55.0,28.0,39.833333333333336,10.068101443005961,55.0,28.0,34.083333333333336,12.894384495397395,55.0,16.0,28.875,13.175446531497425,55.0,11.0,27.5,26.0,25.7,87.0,93.0,95.0,0.66,1.6,1.6,1006.0,1005.0,1005.0,2369.7999999999997,109.06,38.437,0.0,0.7999771435101855,14.353960671036551,9.887790245528276,23.697999999999997,28.235,0.028727605638562984,835.2099999999999,6724,1.7689000000000001,1012036,347.2,57.86666666666667,-21.0,-8.0,1.3999999999999986
72,106.2,6.0,109.0,27.5,63.0,75,0.0,1007,78,30.2,3.2,2.0,2023,8,21,10,0,233,34,0.49999999999999994,-0.8660254037844387,-0.8660254037844385,-0.5000000000000004,0.0,1.0,2,0,0,28.0,49.0,55.0,36.0,44.0,11.0,33.0,14.177446878758124,49.0,22.0,37.5,12.469963913339589,55.0,22.0,32.25,12.920209680257193,55.0,16.0,29.333333333333332,12.709690471607008,55.0,12.0,28.9,26.2,25.5,82.0,92.0,95.0,1.33,1.6,1.6,1006.0,1006.0,1005.0,2355.6,156.0,60.4,0.0,0.7999709101487218,17.697050491584736,18.163639393434426,23.555999999999997,29.2,0.029990039731837406,912.04,6084,4.0,1014049,333.7,55.61666666666667,-6.0,-33.0,1.3000000000000007
82,103.5,5.3,122.7,33.8,73.7,70,0.0,1006,73,31.0,4.2,2.0,2023,8,21,11,0,233,34,0.258819045102521,-0.9659258262890682,-0.8660254037844385,-0.5000000000000004,0.0,1.0,2,0,0,22.0,28.0,49.0,35.0,19.0,14.0,25.666666666666668,3.2145502536658057,28.0,22.0,36.166666666666664,13.197221929885774,55.0,22.0,32.916666666666664,12.369010641212078,55.0,16.0,29.875,12.298152918930208,55.0,12.0,30.2,27.5,25.7,78.0,87.0,94.0,2.0,0.66,1.6,1007.0,1006.0,1005.0,2263.0,146.0,62.0,0.0,0.7987929351202628,19.524617996604412,23.14657611771364,22.63,30.0,0.030815078712645414,961.0,5329,4.0,1012036,366.0,61.0,5.0,-22.0,0.8000000000000007
80,100.8,4.7,136.3,32.5,84.3,66,0.0,1005,68,31.9,3.7,2.0,2023,8,21,12,0,233,34,1.2246467991473532e-16,-1.0,-0.8660254037844385,-0.5000000000000004,0.0,1.0,2,1,0,27.0,22.0,28.0,36.0,16.0,25.0,25.0,2.645751311066417,27.0,22.0,34.5,13.838352503097722,55.0,22.0,33.75,11.426643506217172,55.0,17.0,29.916666666666668,12.282602282927671,55.0,12.0,31.0,28.9,26.0,73.0,82.0,93.0,2.0,1.33,1.6,1006.0,1006.0,1005.0,2169.2,136.0,63.8,0.0,0.7999753853727578,21.44224633056796,28.993831099766005,21.691999999999997,30.9,0.031741261948993085,1017.6099999999999,4624,4.0,1010025,384.6,64.10000000000001,-1.0,-2.0,0.8999999999999986
88,98.0,4.0,150.0,31.3,95.0,62,0.0,1005,64,32.7,3.6,2.0,2023,8,21,13,0,233,34,-0.2588190451025208,-0.9659258262890683,-0.8660254037844385,-0.5000000000000004,0.0,1.0,2,1,0,26.0,27.0,22.0,55.0,17.0,18.0,26.0,1.000000000004753,27.0,25.0,29.5,9.772410142845523,49.0,22.0,34.416666666666664,10.561149501255626,55.0,22.0,30.208333333333332,12.068569191036735,55.0,12.0,31.9,30.2,26.2,68.0,78.0,92.0,2.0,2.0,1.6,1005.0,1007.0,1006.0,2092.8,128.0,65.4,0.0,0.7986965272674994,24.493876530867283,37.490627343164206,20.928,31.700000000000003,0.03253728105743179,1069.2900000000002,4096,4.0,1010025,403.3,67.21666666666667,-1.0,3.0,0.8000000000000043
80,93.0,4.3,144.3,31.3,94.3,66,0.0,1004,64,32.8,3.0,2.0,2023,8,21,14,0,233,34,-0.4999999999999997,-0.8660254037844388,-0.8660254037844385,-0.5000000000000004,0.0,1.0,2,1,0,25.0,26.0,27.0,49.0,28.0,14.0,25.333333333333332,0.5773502691979494,26.0,25.0,25.5,2.0736441353301958,28.0,22.0,34.166666666666664,10.760477628240858,55.0,22.0,30.666666666666668,11.627054906428464,55.0,12.0,32.7,31.0,27.5,64.0,73.0,87.0,2.0,2.0,0.66,1005.0,1006.0,1006.0,2099.2,128.0,65.6,0.0,0.7986965272674994,21.622878400372006,33.55033713089979,20.991999999999997,31.799999999999997,0.03266929017002971,1075.84,4096,4.0,1008016,392.20000000000005,65.36666666666667,0.0,-2.0,0.09999999999999432
73,87.9,4.7,138.7,23.8,93.7,70,2.0,1003,64,32.9,1.9,2.0,2023,8,21,15,0,233,34,-0.7071067811865471,-0.7071067811865479,-0.8660254037844385,-0.5000000000000004,0.0,1.0,2,1,0,25.0,25.0,26.0,28.0,46.0,12.0,23.0,3.464101615139195,25.0,19.0,24.0,2.966479394836417,27.0,19.0,31.916666666666668,10.883334493479618,55.0,19.0,30.958333333333332,11.21907989200493,55.0,16.0,32.8,31.9,28.9,64.0,68.0,82.0,2.0,2.0,1.33,1004.0,1005.0,1006.0,2105.6,128.0,65.8,140.0,0.7982857863114995,18.6981493299298,29.504360774303333,21.055999999999997,31.9,0.032801562510904776,1082.4099999999999,4096,4.0,1006009,367.8,61.300000000000004,-6.0,-7.0,0.10000000000000142
72,82.9,5.0,133.0,27.5,93.0,75,0.0,1002,64,33.0,1.2,2.0,2023,8,21,16,0,233,34,-0.8660254037844385,-0.5000000000000004,-0.8660254037844385,-0.5000000000000004,0.0,1.0,2,1,0,19.0,25.0,25.0,22.0,36.0,24.0,22.0,3.0000000000016898,25.0,19.0,24.0,2.966479394836417,27.0,19.0,30.75,11.152863472505945,55.0,19.0,30.875,11.280273277602461,55.0,16.0,32.9,32.7,30.2,64.0,64.0,78.0,2.0,2.0,2.0,1003.0,1005.0,1007.0,2112.0,128.0,66.0,0.0,0.7999709101487218,16.576684663067386,26.59468106378724,21.12,32.0,0.032934098868164806,1089.0,4096,4.0,1004004,363.4,60.56666666666666,3.0,-3.0,0.10000000000000142
80,97.7,8.3,111.7,32.5,89.7,75,0.0,1003,68,32.4,0.8,2.0,2023,8,21,17,0,233,34,-0.9659258262890683,-0.25881904510252063,-0.8660254037844385,-0.5000000000000004,0.0,1.0,2,1,0,22.0,19.0,25.0,27.0,35.0,23.0,22.333333333333332,3.5118845842856827,26.0,19.0,23.833333333333332,2.786873995475158,26.0,19.0,30.0,11.14368961259295,55.0,19.0,31.0,11.205588667772226,55.0,16.0,33.0,32.8,31.0,64.0,64.0,73.0,2.0,2.0,2.0,1002.0,1004.0,1006.0,2203.2,136.0,64.8,0.0,0.7999753853727578,11.769666305264426,13.456210095169256,22.031999999999996,31.4,0.03230305852137735,1049.76,4624,4.0,1006009,365.9,60.98333333333333,4.0,1.0,-0.6000000000000014
80,112.4,11.7,90.3,32.5,86.3,75,0.0,1003,73,31.7,0.7,2.0,2023,8,21,18,0,233,34,-1.0,-1.8369701987210297e-16,-0.8660254037844385,-0.5000000000000004,0.0,1.0,2,2,0,26.0,22.0,19.0,26.0,36.0,53.0,24.666666666666668,2.309401076760609,26.0,22.0,23.833333333333332,2.786873995475158,26.0,19.0,29.166666666666668,11.027513799857816,55.0,19.0,29.875,10.212151755544038,55.0,16.0,32.4,32.9,31.9,68.0,64.0,68.0,2.0,2.0,2.0,1003.0,1003.0,1005.0,2314.1,146.0,63.4,0.0,0.7999753853727578,9.606016579779508,7.717289120587984,23.141,30.7,0.031605152936038945,1004.89,5329,4.0,1006009,359.2,59.86666666666667,0.0,7.0,-0.6999999999999993
76,127.2,15.0,69.0,30.0,83.0,75,0.0,1004,77,31.1,0.0,2.0,2023,8,21,19,0,233,34,-0.9659258262890684,0.2588190451025203,-0.8660254037844385,-0.5000000000000004,0.0,1.0,2,2,0,26.0,26.0,22.0,25.0,55.0,32.0,25.333333333333332,1.1547005383834188,26.0,24.0,23.666666666666668,2.732520204253875,26.0,19.0,26.583333333333332,7.488880646219947,49.0,19.0,29.541666666666668,10.270172796762596,55.0,16.0,31.7,33.0,32.7,73.0,64.0,64.0,2.0,2.0,2.0,1003.0,1002.0,1005.0,2394.7000000000003,154.0,62.2,0.0,0.7999733342221925,8.479434704353043,4.599693353776415,23.947000000000003,30.1,0.030976064764875733,967.21,5929,4.0,1008016,348.2,58.03333333333333,-2.0,2.0,-0.5999999999999979
69,168.9,18.0,57.7,26.3,85.7,75,0.0,1004,81,30.6,0.0,1.66,2023,8,21,20,0,233,34,-0.8660254037844386,0.5000000000000001,-0.8660254037844385,-0.5000000000000004,0.0,1.0,2,2,0,24.0,26.0,26.0,25.0,49.0,31.0,23.666666666666668,2.5166114784255464,26.0,21.0,23.0,2.8284271247442176,26.0,19.0,24.25,2.701009912134577,28.0,19.0,29.125,10.410331406828501,55.0,16.0,31.1,32.4,32.8,77.0,68.0,64.0,2.0,2.0,2.0,1004.0,1003.0,1004.0,2478.6,134.45999999999998,50.796,0.0,0.79844872818524,9.382812065996333,3.2053774790289427,24.785999999999998,29.770000000000003,0.030478057292771622,936.3600000000001,6561,2.7556,1008016,377.6,62.93333333333334,-3.0,-5.0,-0.5
67,210.5,21.0,46.3,25.0,88.3,75,0.0,1005,84,30.2,0.0,1.33,2023,8,21,21,0,233,34,-0.7071067811865477,0.7071067811865474,-0.8660254037844385,-0.5000000000000004,0.0,1.0,2,2,0,21.0,24.0,26.0,19.0,28.0,27.0,21.666666666666668,2.081665999468581,24.0,20.0,23.166666666666668,2.562550812502172,26.0,20.0,23.583333333333332,2.6784776318343995,27.0,19.0,28.833333333333332,10.569302007584794,55.0,16.0,30.6,31.7,32.9,81.0,73.0,64.0,1.66,2.0,2.0,1004.0,1003.0,1003.0,2536.7999999999997,111.72,40.166000000000004,0.0,0.7999680012799487,10.02333222227513,2.204656921098995,25.368,29.535,0.03004972134356085,912.04,7056,1.7689000000000001,1010025,411.1,68.51666666666667,-1.0,-6.0,-0.40000000000000213
65,252.1,24.0,35.0,23.8,91.0,75,0.5,1006,88,29.7,0.0,1.0,2023,8,21,22,0,233,34,-0.5000000000000004,0.8660254037844384,-0.8660254037844385,-0.5000000000000004,0.0,1.0,2,3,0,20.0,21.0,24.0,22.0,22.0,44.0,20.0,1.0000000000052256,21.0,19.0,22.666666666666668,3.0767948691219966,26.0,19.0,23.333333333333332,2.964435660943515,27.0,19.0,27.791666666666668,10.23624917152022,55.0,16.0,30.2,31.1,33.0,84.0,77.0,64.0,1.33,2.0,2.0,1005.0,1004.0,1002.0,2613.6,88.0,29.7,37.5,0.7982857863114995,10.503729011291195,1.4582725719761676,26.136,29.2,0.02952283347630867,882.0899999999999,7744,1.0,1012036,444.90000000000003,74.15,-1.0,-5.0,-0.5
76,251.1,24.7,32.3,30.0,88.7,75,1.0,1006,88,29.4,0.0,1.33,2023,8,21,23,0,233,34,-0.25881904510252157,0.9659258262890681,-0.8660254037844385,-0.5000000000000004,0.0,1.0,2,3,0,19.0,20.0,21.0,26.0,27.0,19.0,21.0,2.645751311066536,24.0,19.0,22.333333333333332,2.732520204253828,26.0,19.0,23.083333333333332,2.7455197664328788,26.0,19.0,28.0,10.09950493836204,55.0,16.0,29.7,30.6,32.4,88.0,81.0,68.0,1.0,1.66,2.0,1006.0,1004.0,1003.0,2587.2,117.04,39.102,75.0,0.7999733342221925,10.165580340876888,1.307639366827254,25.872,28.735,0.02922462303715404,864.3599999999999,7744,1.7689000000000001,1012036,450.8,75.13333333333334,5.0,3.0,-0.3000000000000007
82,250.2,25.3,29.7,33.8,86.3,75,0.0,1005,89,29.0,0.0,1.66,2023,8,22,0,1,234,34,0.0,1.0,-0.8660254037844385,-0.5000000000000004,0.7818314824680298,0.6234898018587336,2,3,0,24.0,19.0,20.0,26.0,26.0,16.0,23.333333333333332,4.041451884328609,27.0,19.0,22.5,3.0166206257978057,27.0,19.0,23.166666666666668,2.8550858396044765,27.0,19.0,28.458333333333332,9.775653727352507,55.0,17.0,29.4,30.2,31.7,88.0,84.0,73.0,1.33,1.33,2.0,1006.0,1005.0,1003.0,2581.0,147.73999999999998,48.14,0.0,0.7987929351202628,9.888937196158253,1.1738666455871307,25.81,28.17,0.028855692680902805,841.0,7921,2.7556,1010025,452.3,75.38333333333334,3.0,7.0,-0.3999999999999986
67,249.2,26.0,27.0,25.0,84.0,75,0.0,1005,90,28.7,0.0,2.0,2023,8,22,1,1,234,34,0.25881904510252074,0.9659258262890683,-0.8660254037844385,-0.5000000000000004,0.7818314824680298,0.6234898018587336,2,3,0,27.0,24.0,19.0,24.0,25.0,17.0,23.666666666666668,3.511884584285652,27.0,20.0,21.833333333333332,3.0605010483016155,27.0,19.0,22.75,2.927145677648574,27.0,19.0,28.583333333333332,9.64102045233379,55.0,19.0,29.0,29.7,31.1,89.0,88.0,77.0,1.66,1.0,2.0,1005.0,1006.0,1004.0,2583.0,180.0,57.4,0.0,0.7999680012799487,9.58424675974001,1.0384215991692627,25.83,27.7,0.028557185515238292,823.6899999999999,8100,4.0,1010025,431.2,71.86666666666666,-7.0,1.0,-0.3000000000000007
65,251.3,27.0,25.3,23.8,89.7,70,0.0,1005,91,28.5,0.0,2.0,2023,8,22,2,1,234,34,0.49999999999999994,0.8660254037844387,-0.8660254037844385,-0.5000000000000004,0.7818314824680298,0.6234898018587336,2,3,0,20.0,27.0,24.0,21.0,25.0,28.0,22.0,4.358898943541837,27.0,19.0,21.5,3.2710854467574766,27.0,19.0,22.25,3.0188799849665022,27.0,19.0,28.208333333333332,9.837723166538519,55.0,19.0,28.7,29.4,30.6,90.0,88.0,81.0,2.0,1.33,1.66,1005.0,1006.0,1004.0,2593.5,182.0,57.0,0.0,0.7982857863114995,9.30706270138143,0.9370023332469167,25.935,27.5,0.02835818073812862,812.25,8281,4.0,1010025,436.1,72.68333333333334,-1.0,-5.0,-0.1999999999999993
82,253.5,28.0,23.7,33.8,95.3,66,0.0,1004,93,28.4,0.0,2.0,2023,8,22,3,1,234,34,0.7071067811865476,0.7071067811865476,-0.8660254037844385,-0.5000000000000004,0.7818314824680298,0.6234898018587336,2,3,0,19.0,20.0,27.0,20.0,19.0,46.0,22.0,4.358898943541837,27.0,19.0,22.666666666666668,3.8297084310238882,27.0,19.0,22.916666666666668,3.1176428547368698,27.0,19.0,27.416666666666668,9.078961186825449,55.0,19.0,28.5,29.0,30.2,91.0,89.0,84.0,2.0,1.66,1.33,1005.0,1005.0,1005.0,2641.2,186.0,56.8,0.0,0.7987929351202628,9.053248098282204,0.8463983429163243,26.412,27.4,0.02828682441551353,806.56,8649,4.0,1008016,461.3,76.88333333333334,8.0,0.0,-0.10000000000000142
63,255.6,29.0,22.0,22.5,101.0,62,0.0,1004,94,28.2,0.0,2.0,2023,8,22,4,1,234,34,0.8660254037844386,0.5000000000000001,-0.8660254037844385,-0.5000000000000004,0.7818314824680298,0.6234898018587336,2,3,0,27.0,19.0,20.0,19.0,22.0,36.0,21.333333333333332,4.9328828623172845,27.0,18.0,22.5,4.037325847635876,27.0,18.0,22.583333333333332,3.423404295389592,27.0,18.0,26.666666666666668,9.082552153617774,55.0,18.0,28.4,28.7,29.7,93.0,90.0,88.0,2.0,2.0,1.0,1004.0,1005.0,1006.0,2650.7999999999997,188.0,56.4,0.0,0.7999644460246211,8.81348919002793,0.7585945312230612,26.507999999999996,27.2,0.028087621426671885,795.24,8836,4.0,1008016,448.1,74.68333333333334,-9.0,-2.0,-0.1999999999999993
65,245.1,25.7,28.3,23.8,102.7,66,0.0,1004,94,28.3,0.0,2.0,2023,8,22,5,1,234,34,0.9659258262890683,0.25881904510252074,-0.8660254037844385,-0.5000000000000004,0.7818314824680298,0.6234898018587336,2,3,0,18.0,27.0,19.0,24.0,26.0,35.0,21.333333333333332,4.9328828623172845,27.0,18.0,21.666666666666668,4.179314138307296,27.0,18.0,22.0,3.384456448905862,27.0,18.0,26.0,9.031346377550937,55.0,18.0,28.2,28.5,29.4,94.0,91.0,88.0,2.0,2.0,1.33,1004.0,1005.0,1006.0,2660.2000000000003,188.0,56.6,0.0,0.7982857863114995,9.536593906851873,1.1011244698649858,26.602000000000004,27.3,0.02818722292109271,800.89,8836,4.0,1008016,444.6,74.10000000000001,1.0,0.0,0.10000000000000142
82,234.6,22.3,34.7,33.3,104.3,70,0.0,1005,93,28.4,0.7,2.0,2023,8,22,6,1,234,34,1.0,6.123233995736766e-17,-0.8660254037844385,-0.5000000000000004,0.7818314824680298,0.6234898018587336,2,0,0,19.0,18.0,27.0,27.0,26.0,36.0,21.223333333333333,4.743377840035895,26.67,18.0,21.611666666666668,4.09643951092351,27.0,18.0,22.055833333333336,3.4611019220974306,27.0,18.0,25.61125,8.779476716356239,55.0,18.0,28.3,28.4,29.0,94.0,93.0,89.0,2.0,2.0,1.66,1004.0,1004.0,1005.0,2641.2,186.0,56.8,0.0,0.8008768505450289,10.519707636428858,1.5559840365902875,26.412,27.4,0.028258678349573782,806.56,8649,4.0,1010025,455.87,75.97833333333334,7.670000000000002,-0.3299999999999983,0.09999999999999787
91,224.1,19.0,41.0,38.8,106.0,75,0.0,1005,93,28.5,0.8,2.0,2023,8,22,7,1,234,34,0.9659258262890683,-0.25881904510252063,-0.8660254037844385,-0.5000000000000004,0.7818314824680298,0.6234898018587336,2,0,0,26.67,19.0,18.0,20.0,24.0,55.0,25.55666666666667,6.07697567325581,31.0,19.0,23.445000000000004,5.46407814731716,31.0,18.0,22.639166666666668,4.305456281031514,31.0,18.0,24.61125,6.304456196594588,49.0,18.0,28.4,28.2,28.7,93.0,94.0,90.0,2.0,2.0,2.0,1005.0,1004.0,1005.0,2650.5,186.0,57.0,0.0,0.7989484807092602,11.794116099152674,2.1577811694121363,26.505,27.5,0.02835818073812862,812.25,8649,4.0,1010025,459.90000000000003,76.65,4.329999999999998,13.0,0.10000000000000142
102,188.7,15.3,67.3,45.0,105.3,66,0.0,1005,85,29.7,1.3,2.33,2023,8,22,8,1,234,34,0.8660254037844387,-0.4999999999999998,-0.8660254037844385,-0.5000000000000004,0.7818314824680298,0.6234898018587336,2,0,0,31.0,26.67,19.0,19.0,21.0,49.0,31.223333333333333,4.669007746121441,36.0,26.67,26.278333333333336,6.913524185728731,36.0,18.0,23.889166666666668,5.7285686905560445,36.0,18.0,24.06958333333333,4.383827471182965,36.0,18.0,28.5,28.3,28.5,93.0,94.0,91.0,2.0,2.0,2.0,1005.0,1004.0,1005.0,2524.5,198.05,69.201,0.0,0.7999822226172753,12.332527285798314,4.398405332984772,25.245,28.535,0.029552209400786667,882.0899999999999,7225,5.4289000000000005,1010025,457.6,76.26666666666667,5.0,17.0,1.1999999999999993
87,153.3,11.7,93.7,36.3,104.7,58,0.0,1005,77,31.0,2.3,2.66,2023,8,22,9,1,234,34,0.7071067811865476,-0.7071067811865475,-0.8660254037844385,-0.5000000000000004,0.7818314824680298,0.6234898018587336,2,0,0,36.0,31.0,26.67,27.0,20.0,28.0,32.0,3.6055512754651775,36.0,29.0,26.611666666666668,7.00291486929951,36.0,18.0,24.639166666666668,5.7621530987407805,36.0,18.0,24.11125,4.427345178104364,36.0,18.0,29.7,28.4,28.4,85.0,93.0,93.0,2.33,2.0,2.0,1005.0,1005.0,1004.0,2387.0,204.82000000000002,82.46000000000001,0.0,0.798876064020275,13.101444320998208,8.00786257584822,23.87,29.67,0.030845740451999552,961.0,5929,7.0756000000000006,1010025,428.7,71.45,-7.0,2.3299999999999983,1.3000000000000007
80,117.9,8.0,120.0,32.5,104.0,50,0.0,1005,71,32.2,3.3,3.0,2023,8,22,10,1,234,34,0.49999999999999994,-0.8660254037844387,-0.8660254037844385,-0.5000000000000004,0.7818314824680298,0.6234898018587336,2,0,0,29.0,36.0,31.0,18.0,19.0,22.0,30.333333333333332,5.131601439447742,36.0,26.0,27.945000000000004,5.670110228204542,36.0,19.0,25.2225,5.487132261440398,36.0,18.0,24.277916666666666,4.419695030956747,36.0,18.0,31.0,28.5,28.2,77.0,93.0,94.0,2.66,2.0,2.0,1005.0,1005.0,1004.0,2286.2000000000003,213.0,96.60000000000001,0.0,0.7999753853727578,14.735658042744658,14.998125234345707,22.862000000000002,30.700000000000003,0.0320397691146576,1036.8400000000001,5041,9.0,1010025,408.4,68.06666666666666,-3.0,-5.0,1.2000000000000028
104,117.5,6.7,141.7,46.3,100.0,50,0.0,1004,66,32.7,3.9,3.0,2023,8,22,11,1,234,34,0.258819045102521,-0.9659258262890682,-0.8660254037844385,-0.5000000000000004,0.7818314824680298,0.6234898018587336,2,0,0,26.0,29.0,36.0,19.0,24.0,27.0,30.666666666666668,5.686240703078098,37.0,26.0,30.945000000000004,4.663276744949877,37.0,26.0,26.305833333333336,6.426694977461413,37.0,18.0,24.69458333333333,5.105624331934138,37.0,18.0,32.2,29.7,28.3,71.0,85.0,94.0,3.0,2.33,2.0,1005.0,1005.0,1004.0,2158.2000000000003,198.0,98.10000000000001,0.0,0.799118809528952,17.534696313982987,21.146097597373522,21.582000000000004,31.200000000000003,0.032569688675608895,1069.2900000000002,4356,9.0,1008016,449.2,74.86666666666666,11.0,1.0,0.5
101,117.1,5.3,163.3,31.3,96.0,50,0.5,1004,62,33.2,3.8,3.0,2023,8,22,12,1,234,34,1.2246467991473532e-16,-1.0,-0.8660254037844385,-0.5000000000000004,0.7818314824680298,0.6234898018587336,2,1,0,37.0,26.0,29.0,26.67,27.0,26.0,29.333333333333332,6.658328118480066,37.0,25.0,30.666666666666668,5.006662228137317,37.0,25.0,26.139166666666668,6.432986664391343,37.0,18.0,24.652916666666666,5.098583331941426,37.0,18.0,32.7,31.0,28.4,66.0,77.0,93.0,3.0,2.66,2.0,1004.0,1005.0,1005.0,2058.4,186.0,99.60000000000001,25.0,0.7986965272674994,22.090171665723446,30.805508394642523,20.584,31.700000000000003,0.033067696147713,1102.2400000000002,3844,9.0,1008016,438.0,73.0,-12.0,-4.0,0.5
107,116.7,4.0,185.0,23.8,92.0,50,0.75,1003,59,33.7,3.6,3.0,2023,8,22,13,1,234,34,-0.2588190451025208,-0.9659258262890683,-0.8660254037844385,-0.5000000000000004,0.7818314824680298,0.6234898018587336,2,1,0,25.0,37.0,26.0,31.0,20.0,25.0,27.0,9.165151389912186,37.0,19.0,28.666666666666668,6.889605697473299,37.0,19.0,26.055833333333336,6.525554603156909,37.0,18.0,24.402916666666666,5.226324237571666,37.0,18.0,33.2,32.2,28.5,62.0,71.0,93.0,3.0,3.0,2.0,1004.0,1005.0,1005.0,1988.3000000000002,177.0,101.10000000000001,37.5,0.7982857863114995,29.167708072981753,46.23844038990252,19.883000000000003,32.2,0.033599168894148664,1135.6900000000003,3481,9.0,1006009,440.5,73.41666666666667,-6.0,-7.0,0.5
106,115.2,4.3,180.7,28.8,87.7,58,0.0,1002,61,33.7,3.1,2.0,2023,8,22,14,1,234,34,-0.4999999999999997,-0.8660254037844388,-0.8660254037844385,-0.5000000000000004,0.7818314824680298,0.6234898018587336,2,1,0,19.0,25.0,37.0,36.0,19.0,25.0,22.333333333333332,3.0550504633055158,25.0,19.0,26.5,6.1237243569570845,37.0,19.0,26.389166666666668,6.227734825809498,37.0,18.0,24.31958333333333,5.232331327733894,37.0,18.0,33.7,32.7,29.7,59.0,66.0,85.0,3.0,3.0,2.33,1003.0,1004.0,1005.0,2055.7000000000003,122.0,67.4,0.0,0.7985833825214401,26.784468728202743,42.013485235991624,20.557000000000002,32.7,0.0336327009653683,1135.6900000000003,3721,4.0,1004004,439.7,73.28333333333333,4.0,-14.0,0.0
105,113.6,4.7,176.3,42.5,83.3,66,0.25,1001,63,33.7,1.9,1.0,2023,8,22,15,1,234,34,-0.7071067811865471,-0.7071067811865479,-0.8660254037844385,-0.5000000000000004,0.7818314824680298,0.6234898018587336,2,1,0,23.0,19.0,25.0,29.0,27.0,19.0,25.333333333333332,7.767453465154639,34.0,19.0,27.333333333333332,6.831300510638973,37.0,19.0,26.9725,6.606469453222195,37.0,18.0,24.94458333333333,5.460192685854973,37.0,18.0,33.7,33.2,31.0,61.0,62.0,77.0,2.0,3.0,2.66,1002.0,1004.0,1005.0,2123.1000000000004,63.0,33.7,16.5,0.7999811769134845,24.165071261433734,37.502659008721544,21.231000000000005,33.2,0.0336663000336663,1135.6900000000003,3969,1.0,1002001,454.40000000000003,75.73333333333333,11.0,9.0,0.0
104,112.1,5.0,172.0,45.0,79.0,75,0.0,1000,66,33.7,1.3,0.8,2023,8,22,16,1,234,34,-0.8660254037844385,-0.5000000000000004,-0.8660254037844385,-0.5000000000000004,0.7818314824680298,0.6234898018587336,2,1,0,34.0,23.0,19.0,26.0,18.0,22.0,31.0,7.000000000000619,36.0,23.0,29.0,7.615773105863249,37.0,19.0,28.4725,6.425020870146049,37.0,19.0,25.527916666666666,5.864781384536307,37.0,18.0,33.7,33.7,32.2,63.0,59.0,71.0,1.0,3.0,3.0,1001.0,1003.0,1005.0,2224.2000000000003,52.800000000000004,26.960000000000004,0.0,0.7999822226172753,22.415516896620673,34.39312137572485,22.242000000000004,33.300000000000004,0.033699966300033704,1135.6900000000003,4356,0.6400000000000001,1000000,449.1,74.85000000000001,2.0,17.0,0.0
110,131.1,8.0,150.3,48.8,78.7,70,0.0,1001,69,33.1,0.8,1.2,2023,8,22,17,1,234,34,-0.9659258262890683,-0.25881904510252063,-0.8660254037844385,-0.5000000000000004,0.7818314824680298,0.6234898018587336,2,1,0,36.0,34.0,23.0,37.0,19.0,26.0,36.333333333333336,2.5166114784251574,39.0,34.0,29.333333333333332,8.066391179868274,39.0,19.0,30.139166666666668,6.337883871584495,39.0,19.0,26.06958333333333,6.4785018928268,39.0,18.0,33.7,33.7,32.7,66.0,61.0,66.0,0.8,2.0,3.0,1000.0,1002.0,1004.0,2283.9,82.8,39.72,0.0,0.7991639515583698,16.385451818522686,18.785151856018,22.839000000000002,32.5,0.0330669000330669,1095.6100000000001,4761,1.44,1002001,455.9,75.98333333333333,3.0,16.0,-0.6000000000000014
137,150.2,11.0,128.7,61.3,78.3,66,0.0,1001,72,32.6,0.7,1.6,2023,8,22,18,1,234,34,-1.0,-1.8369701987210297e-16,-0.8660254037844385,-0.5000000000000004,0.7818314824680298,0.6234898018587336,2,2,0,39.0,36.0,34.0,25.0,26.67,26.0,41.333333333333336,6.806859285554577,49.0,36.0,33.333333333333336,10.930080817023153,49.0,19.0,32.0,8.224133002107717,49.0,19.0,27.027916666666666,7.992089011976841,49.0,18.0,33.1,33.7,33.2,69.0,63.0,62.0,1.2,1.0,3.0,1001.0,1001.0,1004.0,2347.2000000000003,115.2,52.160000000000004,0.0,0.7993344317384709,13.65330424506863,11.69893646032179,23.472,31.8,0.0325674000325674,1062.76,5184,2.5600000000000005,1002001,478.5,79.75,10.0,15.0,-0.5
168,169.2,14.0,107.0,86.3,78.0,62,0.0,1001,74,32.0,0.0,2.4,2023,8,22,19,1,234,34,-0.9659258262890684,0.2588190451025203,-0.8660254037844385,-0.5000000000000004,0.7818314824680298,0.6234898018587336,2,2,0,49.0,39.0,36.0,19.0,31.0,24.0,52.333333333333336,15.275252316519653,69.0,39.0,41.666666666666664,15.794513815456908,69.0,23.0,35.166666666666664,13.455876265059786,69.0,19.0,28.902916666666666,11.67904607449361,69.0,18.0,32.6,33.7,33.7,72.0,66.0,59.0,1.6,0.8,3.0,1001.0,1000.0,1003.0,2368.0,177.6,76.8,0.0,0.7995272360691069,12.084851082065567,7.64231126348118,23.68,30.8,0.031968000031968,1024.0,5476,5.76,1002001,523.5,87.25,20.0,33.0,-0.6000000000000014
165,171.6,13.7,94.3,83.8,68.3,62,0.0,1002,78,31.4,0.0,2.4,2023,8,22,20,1,234,34,-0.8660254037844386,0.5000000000000001,-0.8660254037844385,-0.5000000000000004,0.7818314824680298,0.6234898018587336,2,2,0,69.0,49.0,39.0,23.0,36.0,21.0,61.666666666666664,11.015141094572403,69.0,49.0,49.0,15.60769041210114,69.0,34.0,37.75,16.304628456082707,69.0,19.0,30.81958333333333,13.890828528570415,69.0,18.0,32.0,33.1,33.7,74.0,69.0,61.0,2.4,1.2,2.0,1001.0,1001.0,1002.0,2449.2,187.2,75.36,0.0,0.7995131323015239,12.524633238449749,6.882709291292607,24.491999999999997,30.2,0.031337294074556814,985.9599999999999,6084,5.76,1004004,498.7,83.11666666666666,-2.0,28.0,-0.6000000000000014
91,173.9,13.3,81.7,38.8,58.7,62,0.0,1003,81,30.8,0.0,2.0,2023,8,22,21,1,234,34,-0.7071067811865477,0.7071067811865474,-0.8660254037844385,-0.5000000000000004,0.7818314824680298,0.6234898018587336,2,2,0,67.0,69.0,49.0,34.0,29.0,20.0,55.666666666666664,21.385353243127376,69.0,31.0,48.5,16.220357579288866,69.0,31.0,37.916666666666664,16.21704116793249,69.0,19.0,31.277916666666666,13.698453095519435,69.0,18.0,31.4,32.6,33.7,78.0,72.0,63.0,2.4,1.6,1.0,1002.0,1001.0,1001.0,2494.8,162.0,61.6,0.0,0.7989484807092602,13.074204946996467,6.142395308623412,24.948,29.8,0.03070784575488958,948.6400000000001,6561,4.0,1006009,397.40000000000003,66.23333333333333,-36.0,-18.0,-0.5999999999999979
80,176.2,13.0,69.0,32.5,49.0,62,0.0,1004,84,30.2,0.0,2.0,2023,8,22,22,1,234,34,-0.5000000000000004,0.8660254037844384,-0.8660254037844385,-0.5000000000000004,0.7818314824680298,0.6234898018587336,2,3,0,31.0,67.0,69.0,36.0,26.0,19.0,41.333333333333336,22.368132093076987,67.0,26.0,46.833333333333336,18.159478700300298,69.0,26.0,37.916666666666664,16.21704116793249,69.0,19.0,31.56958333333333,13.498732139873699,69.0,18.0,30.8,32.0,33.7,81.0,74.0,66.0,2.0,2.4,0.8,1003.0,1001.0,1000.0,2536.7999999999997,168.0,60.4,0.0,0.7999753853727578,13.552803630489962,5.307284055072687,25.368,29.2,0.030079651315088333,912.04,7056,4.0,1008016,365.7,60.949999999999996,-5.0,-43.0,-0.6000000000000014
87,174.5,13.7,64.3,36.3,53.0,62,0.0,1003,86,29.9,0.0,0.66,2023,8,22,23,1,234,34,-0.25881904510252157,0.9659258262890681,-0.8660254037844385,-0.5000000000000004,0.7818314824680298,0.6234898018587336,2,3,0,26.0,31.0,67.0,39.0,37.0,24.0,28.666666666666668,2.5166114784253857,31.0,26.0,45.166666666666664,19.43622048307386,69.0,26.0,37.25,16.421299915325946,69.0,19.0,31.777916666666666,13.415152360756855,69.0,18.0,30.2,31.4,33.1,84.0,78.0,69.0,2.0,2.4,1.2,1004.0,1002.0,1001.0,2571.4,56.760000000000005,19.734,0.0,0.798876064020275,12.736296620684623,4.693088095759434,25.714000000000002,29.57,0.029810538573740206,894.0099999999999,7396,0.43560000000000004,1006009,370.8,61.800000000000004,3.0,-38.0,-0.3000000000000007
85,172.7,14.3,59.7,35.0,57.0,62,0.0,1003,87,29.5,0.0,1.33,2023,8,23,0,2,235,34,0.0,1.0,-0.8660254037844385,-0.5000000000000004,0.9749279121818236,-0.22252093395631434,2,3,0,29.0,26.0,31.0,49.0,25.0,27.0,27.666666666666668,1.5275252316549588,29.0,26.0,41.666666666666664,20.471117865584652,69.0,26.0,37.5,16.239682038982956,69.0,19.0,31.81958333333333,13.401212949374925,69.0,18.0,29.9,30.8,32.6,86.0,81.0,72.0,0.66,2.0,1.6,1003.0,1003.0,1001.0,2566.5,115.71000000000001,39.235,0.0,0.7999771435101855,12.076078595902384,4.174533249423117,25.665,28.835,0.029411735382118265,870.25,7569,1.7689000000000001,1006009,366.7,61.11666666666667,-1.0,-3.0,-0.3999999999999986
89,171.0,15.0,55.0,37.5,61.0,62,0.0,1003,89,29.2,0.0,2.0,2023,8,23,1,2,235,34,0.25881904510252074,0.9659258262890683,-0.8660254037844385,-0.5000000000000004,0.9749279121818236,-0.22252093395631434,2,3,0,28.0,29.0,26.0,69.0,19.0,20.0,29.0,1.000000000004515,30.0,28.0,35.166666666666664,15.689699381016128,67.0,26.0,38.416666666666664,15.38865185975038,69.0,23.0,32.23625,13.171229123754411,69.0,18.0,29.5,30.2,32.0,87.0,84.0,74.0,1.33,2.0,2.4,1003.0,1004.0,1001.0,2598.7999999999997,178.0,58.4,0.0,0.7999786672355405,11.39924005066329,3.6664222385174323,25.987999999999996,28.2,0.029112632988401808,852.64,7921,4.0,1006009,369.5,61.583333333333336,2.0,4.0,-0.3000000000000007
102,165.2,15.3,53.3,45.0,68.0,70,2.0,1002,90,29.2,0.0,1.33,2023,8,23,2,2,235,34,0.49999999999999994,0.8660254037844387,-0.8660254037844385,-0.5000000000000004,0.9749279121818236,-0.22252093395631434,2,3,0,30.0,28.0,29.0,67.0,23.0,19.0,31.333333333333332,4.163331998933315,36.0,28.0,30.0,3.4058772731838434,36.0,26.0,39.5,14.644266641062574,69.0,26.0,32.944583333333334,12.88240322542036,69.0,18.0,29.2,29.9,31.4,89.0,86.0,78.0,2.0,0.66,2.4,1003.0,1003.0,1002.0,2628.0,119.7,38.836,140.0,0.7999822226172753,10.79667995555846,3.483432455395072,26.28,28.535,0.029141687483345825,852.64,8100,1.7689000000000001,1004004,382.8,63.800000000000004,6.0,7.0,0.0
72,159.3,15.7,51.7,27.5,75.0,79,0.5,1002,91,29.1,0.0,0.66,2023,8,23,3,2,235,34,0.7071067811865476,0.7071067811865476,-0.8660254037844385,-0.5000000000000004,0.9749279121818236,-0.22252093395631434,2,3,0,36.0,30.0,28.0,31.0,34.0,27.0,29.333333333333332,7.023769168569133,36.0,22.0,28.5,4.636809247746767,36.0,22.0,38.5,15.441973496109176,69.0,22.0,32.73625,13.022387683457392,69.0,18.0,29.2,29.5,30.8,90.0,87.0,81.0,1.33,1.33,2.0,1002.0,1003.0,1003.0,2648.1,60.06,19.206000000000003,39.5,0.7999709101487218,10.14585058276543,3.2927838991147067,26.480999999999998,28.770000000000003,0.029041887183745327,846.8100000000001,8281,0.43560000000000004,1004004,351.2,58.53333333333333,-14.0,-6.0,-0.09999999999999787
102,153.5,16.0,50.0,45.0,82.0,87,1.0,1002,92,29.1,0.0,1.2,2023,8,23,4,2,235,34,0.8660254037844386,0.5000000000000001,-0.8660254037844385,-0.5000000000000004,0.9749279121818236,-0.22252093395631434,2,3,0,22.0,36.0,30.0,26.0,36.0,18.0,31.333333333333332,8.082903768655301,36.0,22.0,30.166666666666668,5.3072277760293,36.0,22.0,38.5,15.441973496109176,69.0,22.0,33.48625,12.64978838541003,69.0,19.0,29.1,29.2,30.2,91.0,89.0,84.0,0.66,2.0,2.0,1002.0,1003.0,1004.0,2677.2000000000003,110.39999999999999,34.92,87.0,0.7999822226172753,9.593150428098243,3.124804699706268,26.772000000000002,28.5,0.029041887183745327,846.8100000000001,8464,1.44,1004004,382.5,63.75,14.0,6.0,0.0
85,157.4,16.0,47.7,35.0,78.0,87,0.0,1002,92,29.0,0.0,0.8,2023,8,23,5,2,235,34,0.9659258262890683,0.25881904510252074,-0.8660254037844385,-0.5000000000000004,0.9749279121818236,-0.22252093395631434,2,3,0,36.0,22.0,36.0,29.0,39.0,19.0,28.666666666666668,7.023769168569138,36.0,22.0,30.0,5.366563145998583,36.0,22.0,37.583333333333336,15.73333654339955,69.0,22.0,33.86125,12.33106163224657,69.0,19.0,29.1,29.2,29.9,92.0,90.0,86.0,1.2,1.33,0.66,1002.0,1002.0,1003.0,2668.0,73.60000000000001,23.200000000000003,0.0,0.7999771435101855,9.836885194675332,2.98106368351978,26.68,28.6,0.028942086884144826,841.0,8464,0.6400000000000001,1004004,362.1,60.35,-8.0,-8.0,-0.10000000000000142
69,161.3,16.0,45.3,26.3,74.0,87,0.0,1002,91,28.8,0.6,0.8,2023,8,23,6,2,235,34,1.0,6.123233995736766e-17,-0.8660254037844385,-0.5000000000000004,0.9749279121818236,-0.22252093395631434,2,0,0,28.0,36.0,22.0,28.0,49.0,26.67,28.333333333333332,7.505553499465741,36.0,21.0,28.833333333333332,6.524313501561421,36.0,21.0,35.25,15.960889699512157,69.0,21.0,33.625,12.52757827320615,69.0,19.0,29.0,29.1,29.5,92.0,91.0,87.0,0.8,0.66,1.33,1002.0,1002.0,1003.0,2620.8,72.8,23.040000000000003,0.0,0.79844872818524,10.080619961252422,2.8310730579338785,26.208000000000002,28.400000000000002,0.02874248628494383,829.44,8281,0.6400000000000001,1004004,343.90000000000003,57.31666666666667,-7.0,-1.0,-0.1999999999999993
78,165.2,16.0,43.0,31.3,70.0,87,0.0,1002,91,28.7,0.8,1.2,2023,8,23,7,2,235,34,0.9659258262890683,-0.25881904510252063,-0.8660254037844385,-0.5000000000000004,0.9749279121818236,-0.22252093395631434,2,0,0,21.0,28.0,36.0,30.0,69.0,31.0,24.666666666666668,3.511884584285607,28.0,21.0,28.0,6.663332499582309,36.0,21.0,31.583333333333332,12.086493839543671,67.0,21.0,33.375,12.641589401997596,69.0,19.0,28.8,29.1,29.2,91.0,92.0,89.0,0.8,1.2,2.0,1002.0,1002.0,1003.0,2611.7,109.2,34.44,0.0,0.7986965272674994,10.32435472782951,2.6873320417473905,26.116999999999997,28.099999999999998,0.02864268598534333,823.6899999999999,8281,1.44,1004004,350.5,58.416666666666664,4.0,-11.0,-0.10000000000000142
95,151.5,13.3,70.3,41.3,79.3,83,0.0,1003,83,30.0,1.2,0.33,2023,8,23,8,2,235,34,0.8660254037844387,-0.4999999999999998,-0.8660254037844385,-0.5000000000000004,0.9749279121818236,-0.22252093395631434,2,0,0,25.0,21.0,28.0,36.0,67.0,36.0,26.333333333333332,6.110100926608552,33.0,21.0,27.5,6.024948132555975,36.0,21.0,28.75,4.845335151180657,36.0,21.0,33.25,12.629330940315175,69.0,19.0,28.7,29.0,29.2,91.0,92.0,90.0,1.2,0.8,1.33,1002.0,1002.0,1002.0,2490.0,27.39,9.9,0.0,0.7990121304568898,11.390121043530561,5.285316893466656,24.9,29.835,0.02991023937164569,900.0,6889,0.10890000000000001,1006009,388.70000000000005,64.78333333333335,8.0,5.0,1.3000000000000007
100,137.9,10.7,97.7,43.8,88.7,79,0.0,1003,76,31.3,1.9,0.66,2023,8,23,9,2,235,34,0.7071067811865476,-0.7071067811865475,-0.8660254037844385,-0.5000000000000004,0.9749279121818236,-0.22252093395631434,2,0,0,33.0,25.0,21.0,22.0,31.0,29.0,31.0,5.291502622130009,35.0,25.0,29.666666666666668,5.988878581726032,36.0,21.0,29.083333333333332,5.142661732698721,36.0,21.0,33.5,12.60089713852369,69.0,19.0,30.0,28.8,29.1,83.0,91.0,91.0,0.33,0.8,0.66,1003.0,1002.0,1002.0,2378.8,50.160000000000004,20.658,0.0,0.7990685144174792,12.886646107840392,9.129987851602655,23.788,30.970000000000002,0.031206349744417005,979.69,5776,0.43560000000000004,1006009,413.8,68.96666666666667,2.0,14.0,1.3000000000000007
100,124.3,8.0,125.0,43.8,98.0,75,0.0,1003,70,32.6,2.7,1.0,2023,8,23,10,2,235,34,0.49999999999999994,-0.8660254037844387,-0.8660254037844385,-0.5000000000000004,0.9749279121818236,-0.22252093395631434,2,0,0,35.0,33.0,25.0,36.0,26.0,26.0,34.333333333333336,1.1547005383828601,35.0,33.0,29.5,5.787918451394259,35.0,21.0,29.833333333333332,5.305800142439326,36.0,21.0,33.875,12.501521646514213,69.0,19.0,31.3,28.7,29.1,76.0,91.0,92.0,0.66,1.2,1.2,1003.0,1002.0,1002.0,2282.0,70.0,32.6,0.0,0.7990685144174792,15.535558055243095,15.623047119110112,22.82,32.1,0.03250246011718832,1062.76,4900,1.0,1006009,434.1,72.35000000000001,0.0,10.0,1.3000000000000007
115,123.7,6.7,151.3,51.3,99.7,70,0.0,1002,65,33.5,3.4,1.33,2023,8,23,11,2,235,34,0.258819045102521,-0.9659258262890682,-0.8660254037844385,-0.5000000000000004,0.9749279121818236,-0.22252093395631434,2,0,0,35.0,35.0,33.0,28.0,29.0,37.0,37.0,3.464101615138902,41.0,35.0,31.666666666666668,7.339391437078228,41.0,21.0,30.833333333333332,6.19139187366841,41.0,21.0,34.041666666666664,12.571462391729504,69.0,19.0,32.6,30.0,29.0,70.0,83.0,92.0,1.0,0.33,0.8,1003.0,1003.0,1002.0,2177.5,86.45,44.555,0.0,0.7992046938656168,18.459931353529324,22.578719594090433,21.775,32.835,0.0334331003661673,1122.25,4225,1.7689000000000001,1004004,473.70000000000005,78.95,6.0,8.0,0.8999999999999986
105,123.1,5.3,177.7,28.8,101.3,66,0.0,1001,60,34.3,3.7,1.66,2023,8,23,12,2,235,34,1.2246467991473532e-16,-1.0,-0.8660254037844385,-0.5000000000000004,0.9749279121818236,-0.22252093395631434,2,1,0,41.0,35.0,35.0,21.0,28.0,25.0,33.0,9.165151389912145,41.0,23.0,32.0,6.782329983124577,41.0,23.0,30.416666666666668,6.5568608527570715,41.0,21.0,33.958333333333336,12.64044291555687,69.0,19.0,33.5,31.3,28.8,65.0,76.0,91.0,1.33,0.66,0.8,1002.0,1003.0,1002.0,2058.0,99.6,56.937999999999995,0.0,0.7985833825214401,23.22203357857008,33.52197698547444,20.58,33.47,0.0342657000342657,1176.4899999999998,3600,2.7556,1002001,459.20000000000005,76.53333333333335,-18.0,-12.0,0.7999999999999972
113,122.6,4.0,204.0,37.5,103.0,62,0.0,1001,55,35.2,3.5,2.0,2023,8,23,13,2,235,34,-0.2588190451025208,-0.9659258262890683,-0.8660254037844385,-0.5000000000000004,0.9749279121818236,-0.22252093395631434,2,1,0,23.0,41.0,35.0,25.0,30.0,19.0,31.333333333333332,9.073771725877949,41.0,23.0,32.833333333333336,6.013872850888805,41.0,23.0,30.416666666666668,6.5568608527570715,41.0,21.0,34.416666666666664,12.268434812706388,69.0,21.0,34.3,32.6,28.7,60.0,70.0,91.0,1.66,1.0,1.2,1001.0,1003.0,1002.0,1936.0000000000002,110.0,70.4,0.0,0.7999786672355405,30.64233941514621,50.98725318670332,19.360000000000003,34.2,0.035164800035164805,1239.0400000000002,3025,4.0,1002001,501.1,83.51666666666667,7.0,-5.0,0.9000000000000057
112,123.9,5.3,200.3,35.0,104.0,66,0.0,1000,54,35.5,2.7,2.0,2023,8,23,14,2,235,34,-0.4999999999999997,-0.8660254037844388,-0.8660254037844385,-0.5000000000000004,0.9749279121818236,-0.22252093395631434,2,1,0,30.0,23.0,41.0,33.0,36.0,23.0,27.0,3.605551275465292,30.0,23.0,32.0,6.324555320336017,41.0,23.0,29.75,6.340705438241039,41.0,21.0,34.625,12.10753448495402,69.0,21.0,35.2,33.5,30.0,55.0,65.0,83.0,2.0,1.33,0.33,1001.0,1002.0,1003.0,1917.0,108.0,71.0,0.0,0.7999771435101855,23.372948500282966,37.785323523863426,19.17,34.5,0.0354999645000355,1260.25,2916,4.0,1000000,496.5,82.75,-2.0,-13.0,0.29999999999999716
111,125.3,6.7,196.7,43.8,105.0,70,0.0,999,53,35.7,1.9,2.0,2023,8,23,15,2,235,34,-0.7071067811865471,-0.7071067811865479,-0.8660254037844385,-0.5000000000000004,0.9749279121818236,-0.22252093395631434,2,1,0,28.0,30.0,23.0,35.0,22.0,34.0,31.0,3.605551275465214,35.0,28.0,32.0,6.324555320336017,41.0,23.0,30.833333333333332,5.997474215842104,41.0,21.0,34.666666666666664,12.107010784868844,69.0,21.0,35.5,34.3,31.3,54.0,60.0,76.0,2.0,1.66,0.66,1000.0,1001.0,1003.0,1892.1000000000001,106.0,71.4,0.0,0.7990685144174792,18.698701686315474,29.353827786897472,18.921000000000003,34.7,0.0357356999642643,1274.4900000000002,2809,4.0,998001,512.5,85.41666666666667,7.0,12.0,0.20000000000000284
110,126.6,8.0,193.0,48.8,106.0,75,0.0,999,52,36.0,1.2,2.0,2023,8,23,16,2,235,34,-0.8660254037844385,-0.5000000000000004,-0.8660254037844385,-0.5000000000000004,0.9749279121818236,-0.22252093395631434,2,1,0,35.0,28.0,30.0,35.0,36.0,36.0,34.0,5.5677643628307765,39.0,28.0,32.666666666666664,6.889605697473362,41.0,23.0,31.083333333333332,6.28791529744737,41.0,21.0,34.791666666666664,12.136825624185557,69.0,21.0,35.7,35.2,32.6,53.0,55.0,70.0,2.0,2.0,1.0,999.0,1001.0,1003.0,1872.0,104.0,72.0,0.0,0.7991639515583698,15.823022122234722,24.121984751906012,18.72,35.0,0.036035999963964,1296.0,2704,4.0,998001,521.4000000000001,86.90000000000002,4.0,9.0,0.29999999999999716
139,147.3,11.3,159.0,62.5,109.3,66,0.75,999,55,35.2,0.7,2.0,2023,8,23,17,2,235,34,-0.9659258262890683,-0.25881904510252063,-0.8660254037844385,-0.5000000000000004,0.9749279121818236,-0.22252093395631434,2,1,0,39.0,35.0,28.0,41.0,28.0,39.0,41.333333333333336,7.767453465154502,50.0,35.0,34.166666666666664,9.537644712750506,50.0,23.0,32.916666666666664,8.218143268882114,50.0,21.0,35.25,12.504781694111843,69.0,21.0,36.0,35.5,33.5,52.0,54.0,65.0,2.0,2.0,1.33,999.0,1000.0,1002.0,1936.0000000000002,110.0,70.4,49.5,0.7999872002047967,13.034244757101142,14.069551367135652,19.360000000000003,34.2,0.035235199964764805,1239.0400000000002,3025,4.0,998001,539.4,89.89999999999999,11.0,22.0,-0.7999999999999972
134,167.9,14.7,125.0,60.0,112.7,58,2.75,999,58,34.4,0.6,2.0,2023,8,23,18,2,235,34,-1.0,-1.8369701987210297e-16,-0.8660254037844385,-0.5000000000000004,0.9749279121818236,-0.22252093395631434,2,2,0,50.0,39.0,35.0,23.0,21.0,49.0,45.666666666666664,5.859465277082892,50.0,39.0,38.333333333333336,9.136009340333361,50.0,28.0,35.166666666666664,8.353913980157571,50.0,23.0,35.208333333333336,12.458554479158014,69.0,21.0,35.2,35.7,34.3,55.0,53.0,60.0,2.0,2.0,1.66,999.0,999.0,1001.0,1995.1999999999998,116.0,68.8,159.5,0.7999866668888852,11.420991769267399,8.502822937215155,19.951999999999998,33.4,0.0344343999655656,1183.36,3364,4.0,998001,528.3000000000001,88.05000000000001,-2.0,13.0,-0.8000000000000043
80,188.5,18.0,91.0,32.5,116.0,50,5.5,1000,61,33.6,0.0,2.0,2023,8,23,19,2,235,34,-0.9659258262890684,0.2588190451025203,-0.8660254037844385,-0.5000000000000004,0.9749279121818236,-0.22252093395631434,2,2,0,48.0,50.0,39.0,30.0,25.0,69.0,41.333333333333336,13.316656236959062,50.0,26.0,37.666666666666664,9.973297682645308,50.0,26.0,35.25,8.24758917943423,50.0,23.0,33.416666666666664,10.291054226922112,67.0,21.0,34.4,36.0,35.2,58.0,52.0,55.0,2.0,2.0,2.0,999.0,999.0,1001.0,2049.6,122.0,67.2,275.0,0.7999753853727578,10.471640464418643,5.0552747069607245,20.496,32.6,0.033599966400033605,1128.96,3721,4.0,1000000,472.0,78.66666666666667,-22.0,-13.0,-0.7999999999999972
42,226.0,20.0,80.7,12.5,120.0,66,6.75,1001,70,31.2,0.0,2.33,2023,8,23,20,2,235,34,-0.8660254037844386,0.5000000000000001,-0.8660254037844385,-0.5000000000000004,0.9749279121818236,-0.22252093395631434,2,2,0,26.0,48.0,50.0,28.0,33.0,67.0,28.0,19.078784028339157,48.0,10.0,34.666666666666664,14.935416521364836,50.0,10.0,33.333333333333336,11.02339110778281,50.0,10.0,31.041666666666668,8.650102621490657,50.0,10.0,33.6,35.2,35.5,61.0,55.0,54.0,2.0,2.0,2.0,1000.0,999.0,1000.0,2184.0,163.1,72.696,445.5,0.7999360051195905,11.299435028248586,4.034798260086996,21.84,30.035,0.0311688000311688,973.4399999999999,4900,5.4289000000000005,1002001,469.2,78.2,-16.0,-40.0,-2.400000000000002
59,263.6,22.0,70.3,20.0,124.0,83,7.75,1002,79,28.9,0.0,2.66,2023,8,23,21,2,235,34,-0.7071067811865477,0.7071067811865474,-0.8660254037844385,-0.5000000000000004,0.9749279121818236,-0.22252093395631434,2,2,0,10.0,26.0,48.0,35.0,35.0,31.0,17.333333333333332,8.08290376865543,26.0,10.0,31.5,16.75410397484719,50.0,10.0,31.75,12.076460950580799,50.0,10.0,30.416666666666668,9.178977240869818,50.0,10.0,31.2,34.4,35.7,70.0,58.0,53.0,2.33,2.0,2.0,1001.0,999.0,999.0,2283.1,210.14000000000001,76.874,643.25,0.7999600019998999,11.981273578473706,3.1953093041225396,22.831,27.57,0.028842286584544324,835.2099999999999,6241,7.0756000000000006,1004004,515.9000000000001,85.98333333333335,6.0,-32.0,-2.3000000000000007
72,301.1,24.0,60.0,27.5,128.0,100,8.5,1003,90,26.5,0.0,3.0,2023,8,23,22,2,235,34,-0.5000000000000004,0.8660254037844384,-0.8660254037844385,-0.5000000000000004,0.9749279121818236,-0.22252093395631434,2,3,0,16.0,10.0,26.0,39.0,35.0,26.0,16.0,6.000000000000919,22.0,10.0,28.666666666666668,16.66933312003382,50.0,10.0,30.666666666666668,12.338655690245117,50.0,10.0,30.25,9.298199919292477,50.0,10.0,28.9,33.6,36.0,79.0,61.0,52.0,2.66,2.0,2.0,1002.0,1000.0,999.0,2385.0,270.0,79.5,850.0,0.7999709101487218,12.54531061205783,2.49989583767343,23.85,25.0,0.026420711444953695,702.25,8100,9.0,1006009,562.6,93.76666666666667,6.0,-4.0,-2.3999999999999986
54,268.8,21.7,58.3,17.5,115.7,100,8.75,1003,92,26.3,0.0,2.66,2023,8,23,23,2,235,34,-0.25881904510252157,0.9659258262890681,-0.8660254037844385,-0.5000000000000004,0.9749279121818236,-0.22252093395631434,2,3,0,22.0,16.0,10.0,50.0,41.0,29.0,17.333333333333332,4.1633319989335655,22.0,14.0,22.666666666666668,13.662601021279047,48.0,10.0,28.416666666666668,12.73833393796637,50.0,10.0,29.625,9.872282234708393,50.0,10.0,26.5,31.2,35.2,90.0,70.0,55.0,3.0,2.33,2.0,1003.0,1001.0,999.0,2419.6,244.72000000000003,69.95800000000001,875.0,0.7999542883263813,12.386525966545321,2.6865121422975897,24.195999999999998,24.97,0.026221309849142723,691.69,8464,7.0756000000000006,1006009,496.0,82.66666666666667,-8.0,4.0,-0.1999999999999993
69,236.6,19.3,56.7,26.3,103.3,100,7.0,1003,93,26.2,0.0,2.33,2023,8,24,0,3,236,34,0.0,1.0,-0.8660254037844385,-0.5000000000000004,0.43388373911755823,-0.900968867902419,2,3,0,14.0,22.0,16.0,48.0,23.0,28.0,19.0,4.358898943541888,22.0,14.0,18.166666666666668,5.879342366851445,26.0,10.0,28.25,12.828413067023378,50.0,10.0,29.333333333333332,10.024607404940507,50.0,10.0,26.3,28.9,34.4,92.0,79.0,58.0,2.66,2.66,2.0,1003.0,1002.0,999.0,2436.6,216.69,61.046,700.0,0.79844872818524,12.258432205585201,2.9376716232319566,24.366,25.035,0.026121609051237237,686.4399999999999,8649,5.4289000000000005,1006009,463.20000000000005,77.2,7.0,5.0,-0.10000000000000142
50,204.3,17.0,55.0,15.0,91.0,100,5.5,1003,94,26.0,0.0,2.0,2023,8,24,1,3,236,34,0.25881904510252074,0.9659258262890683,-0.8660254037844385,-0.5000000000000004,0.43388373911755823,-0.900968867902419,2,3,0,21.0,14.0,22.0,26.0,30.0,30.0,15.666666666666666,4.7258156262537785,21.0,12.0,15.833333333333334,4.833908011811341,22.0,10.0,26.75,13.632347893554641,50.0,10.0,28.583333333333332,10.627759658663626,50.0,10.0,26.2,26.5,33.6,93.0,90.0,61.0,2.33,3.0,2.0,1003.0,1003.0,1000.0,2444.0,188.0,52.0,550.0,0.7999466702219852,12.016940179989412,3.2351038174225044,24.44,25.0,0.025922207455426265,676.0,8836,4.0,1006009,394.3,65.71666666666667,-9.0,-10.0,-0.1999999999999993
42,180.7,16.0,55.0,12.5,91.7,100,1.5,1003,94,26.0,0.0,1.66,2023,8,24,2,3,236,34,0.49999999999999994,0.8660254037844387,-0.8660254037844385,-0.5000000000000004,0.43388373911755823,-0.900968867902419,2,3,0,12.0,21.0,14.0,10.0,28.0,36.0,14.333333333333334,5.859465277083275,21.0,10.0,15.833333333333334,4.833908011811341,22.0,10.0,25.25,14.44818327679971,50.0,10.0,27.5,11.151135641133372,50.0,10.0,26.0,26.3,31.2,94.0,92.0,70.0,2.0,2.66,2.33,1003.0,1003.0,1001.0,2444.0,156.04,43.16,150.0,0.7999360051195905,11.293044184738452,3.437285169676895,24.44,25.17,0.025922207455426265,676.0,8836,2.7556,1006009,365.9,60.98333333333333,-2.0,-4.0,0.0
56,157.2,15.0,55.0,18.8,92.3,100,1.5,1002,94,26.0,0.0,1.33,2023,8,24,3,3,236,34,0.7071067811865476,0.7071067811865476,-0.8660254037844385,-0.5000000000000004,0.43388373911755823,-0.900968867902419,2,3,0,10.0,12.0,21.0,16.0,35.0,22.0,12.333333333333334,2.5166114784258737,15.0,10.0,15.666666666666666,4.844240566554662,22.0,10.0,23.583333333333332,14.374588268148166,50.0,10.0,27.208333333333332,11.390229095175302,50.0,10.0,26.0,26.2,28.9,94.0,93.0,79.0,1.66,2.33,2.66,1003.0,1003.0,1002.0,2444.0,125.02000000000001,34.58,150.0,0.7978299026647518,10.479301379908005,3.6664222385174323,24.44,25.335,0.025948077896129844,676.0,8836,1.7689000000000001,1004004,353.3,58.88333333333333,5.0,-6.0,0.0
93,133.6,14.0,55.0,40.0,93.0,100,1.25,1002,94,26.0,0.0,1.0,2023,8,24,4,3,236,34,0.8660254037844386,0.5000000000000001,-0.8660254037844385,-0.5000000000000004,0.43388373911755823,-0.900968867902419,2,3,0,15.0,10.0,12.0,22.0,39.0,36.0,19.0,11.532562594671255,32.0,10.0,17.333333333333332,8.091147425838574,32.0,10.0,23.0,13.823563545298448,50.0,10.0,27.041666666666668,11.28476913776936,50.0,10.0,26.0,26.0,26.5,94.0,94.0,90.0,1.33,2.0,3.0,1002.0,1003.0,1003.0,2444.0,94.0,26.0,125.0,0.7999800004999875,9.542175558888651,3.928290836368831,24.44,25.5,0.025948077896129844,676.0,8836,1.0,1004004,367.6,61.26666666666667,17.0,20.0,0.0
115,138.3,15.3,50.7,51.3,90.7,100,0.25,1002,94,26.2,0.0,1.0,2023,8,24,5,3,236,34,0.9659258262890683,0.25881904510252074,-0.8660254037844385,-0.5000000000000004,0.43388373911755823,-0.900968867902419,2,3,0,32.0,15.0,10.0,14.0,50.0,28.0,29.333333333333332,13.203534880225918,41.0,15.0,21.833333333333332,12.28684933848605,41.0,10.0,22.25,12.395930417241221,48.0,10.0,27.583333333333332,11.639201626088969,50.0,10.0,26.0,26.0,26.3,94.0,94.0,92.0,1.0,1.66,2.66,1002.0,1003.0,1003.0,2462.7999999999997,94.0,26.2,25.0,0.7992046938656168,9.038624926475395,3.313508920985557,24.627999999999997,25.7,0.026147678495330843,686.4399999999999,8836,1.0,1004004,387.3,64.55,9.0,31.0,0.1999999999999993
78,143.0,16.7,46.3,31.3,88.3,100,0.25,1003,93,26.3,0.6,1.0,2023,8,24,6,3,236,34,1.0,6.123233995736766e-17,-0.8660254037844385,-0.5000000000000004,0.43388373911755823,-0.900968867902419,2,0,0,41.0,32.0,15.0,21.0,48.0,21.0,32.666666666666664,8.020806277011182,41.0,25.0,22.5,12.340988615179441,41.0,10.0,20.333333333333332,9.49002666279719,41.0,10.0,27.75,11.56926212370327,50.0,10.0,26.2,26.0,26.2,94.0,94.0,93.0,1.0,1.33,2.33,1002.0,1002.0,1003.0,2445.9,93.0,26.3,25.0,0.7986965272674994,8.562361535237411,2.7722890844859585,24.459,25.8,0.026221309849142723,691.69,8649,1.0,1006009,350.6,58.43333333333334,-16.0,10.0,0.10000000000000142
82,147.7,18.0,42.0,33.8,86.0,100,0.5,1004,93,26.5,0.7,1.0,2023,8,24,7,3,236,34,0.9659258262890683,-0.25881904510252063,-0.8660254037844385,-0.5000000000000004,0.43388373911755823,-0.900968867902419,2,0,0,25.0,41.0,32.0,12.0,26.0,25.0,31.0,8.717797887081856,41.0,25.0,25.0,11.260550608206913,41.0,10.0,20.416666666666668,9.5485204311578,41.0,10.0,27.833333333333332,11.555787808888525,50.0,10.0,26.3,26.0,26.0,93.0,94.0,94.0,1.0,1.0,2.0,1003.0,1002.0,1003.0,2464.5,93.0,26.5,50.0,0.7987929351202628,8.205099716682405,2.3332037109049497,24.645,26.0,0.026394396021517906,702.25,8649,1.0,1008016,354.5,59.083333333333336,2.0,-5.0,0.1999999999999993
139,129.9,16.0,53.7,62.5,87.0,95,0.5,1004,90,27.2,1.2,0.66,2023,8,24,8,3,236,34,0.8660254037844387,-0.4999999999999998,-0.8660254037844385,-0.5000000000000004,0.43388373911755823,-0.900968867902419,2,0,0,27.0,25.0,41.0,10.0,10.0,33.0,34.0,13.892443989450108,50.0,25.0,31.666666666666668,12.388166396471155,50.0,15.0,23.75,12.196310917650264,50.0,10.0,28.541666666666668,12.378028102656096,50.0,10.0,26.5,26.2,26.0,93.0,94.0,94.0,1.0,1.0,1.66,1004.0,1002.0,1003.0,2448.0,59.400000000000006,17.952,47.5,0.7999872002047967,8.118242609836885,3.356040247484532,24.48,26.87,0.027091606482463663,739.8399999999999,8100,0.43560000000000004,1008016,399.1,66.51666666666667,23.0,9.0,0.6999999999999993
123,112.2,14.0,65.3,55.0,88.0,91,0.5,1005,88,28.0,1.9,0.33,2023,8,24,9,3,236,34,0.7071067811865476,-0.7071067811865475,-0.8660254037844385,-0.5000000000000004,0.43388373911755823,-0.900968867902419,2,0,0,50.0,27.0,25.0,15.0,16.0,35.0,40.333333333333336,11.93035344544917,50.0,27.0,36.5,10.014988766843,50.0,25.0,26.083333333333332,13.214718607627729,50.0,10.0,28.916666666666668,12.713965846117066,50.0,10.0,27.2,26.3,26.0,90.0,93.0,94.0,0.66,1.0,1.33,1004.0,1003.0,1002.0,2464.0,29.040000000000003,9.24,45.5,0.7999854548099126,8.013713306192415,4.663952574816085,24.64,27.835,0.027860668795354433,784.0,7744,0.10890000000000001,1010025,378.5,63.083333333333336,-6.0,19.0,0.8000000000000007
42,94.5,12.0,77.0,12.5,89.0,87,0.5,1005,85,28.7,2.7,0.8,2023,8,24,10,3,236,34,0.49999999999999994,-0.8660254037844387,-0.8660254037844385,-0.5000000000000004,0.43388373911755823,-0.900968867902419,2,0,0,44.0,50.0,27.0,32.0,22.0,35.0,34.666666666666664,21.571586249818107,50.0,10.0,32.833333333333336,14.851487018701441,50.0,10.0,25.083333333333332,13.983485931193037,50.0,10.0,27.875,13.208404768242751,50.0,10.0,28.0,26.5,26.0,88.0,93.0,94.0,0.33,1.0,1.0,1005.0,1004.0,1002.0,2439.5,68.0,22.96,43.5,0.7999360051195905,7.874343804682943,6.416131989000917,24.395,28.3,0.028557185515238292,823.6899999999999,7225,0.6400000000000001,1010025,295.0,49.166666666666664,-34.0,-17.0,0.6999999999999993
56,92.0,10.7,85.7,18.8,83.7,87,0.5,1004,79,29.8,3.5,0.33,2023,8,24,11,3,236,34,0.258819045102521,-0.9659258262890682,-0.8660254037844385,-0.5000000000000004,0.43388373911755823,-0.900968867902419,2,0,0,10.0,44.0,50.0,41.0,14.0,41.0,23.0,18.357559750686093,44.0,10.0,28.5,15.75753787874203,50.0,10.0,25.166666666666668,13.914239490753902,50.0,10.0,26.791666666666668,13.151224663312751,50.0,10.0,28.7,27.2,26.2,85.0,90.0,94.0,0.8,0.66,1.0,1005.0,1004.0,1002.0,2354.2000000000003,26.07,9.834000000000001,43.5,0.7978299026647518,8.597327352583871,8.008597327352586,23.542,29.635,0.029681245337405043,888.0400000000001,6241,0.10890000000000001,1008016,305.90000000000003,50.98333333333334,5.0,-35.0,1.1000000000000014
93,89.5,9.3,94.3,40.0,78.3,87,0.5,1004,74,30.9,4.1,0.66,2023,8,24,12,3,236,34,1.2246467991473532e-16,-1.0,-0.8660254037844385,-0.5000000000000004,0.43388373911755823,-0.900968867902419,2,1,0,15.0,10.0,44.0,25.0,21.0,23.0,19.0,11.532562594671255,32.0,10.0,29.666666666666668,15.705625319186012,50.0,10.0,26.083333333333332,13.976983244107267,50.0,10.0,27.166666666666668,13.1667125297311,50.0,10.0,29.8,28.0,26.3,79.0,88.0,93.0,0.33,0.33,1.0,1004.0,1005.0,1003.0,2286.6,48.84,20.394,43.5,0.7999800004999875,9.622621223524352,10.138694764003871,22.866,30.57,0.030776861776034087,954.81,5476,0.43560000000000004,1008016,343.40000000000003,57.23333333333334,17.0,-12.0,1.0999999999999979
115,87.0,8.0,103.0,51.3,73.0,87,0.5,1003,69,32.0,4.3,1.0,2023,8,24,13,3,236,34,-0.2588190451025208,-0.9659258262890683,-0.8660254037844385,-0.5000000000000004,0.43388373911755823,-0.900968867902419,2,1,0,32.0,15.0,10.0,27.0,12.0,30.0,29.333333333333332,13.203534880225918,41.0,15.0,32.0,16.260381299341987,50.0,10.0,28.5,13.826851347353545,50.0,10.0,27.625,13.45786500284429,50.0,10.0,30.9,28.7,26.5,74.0,85.0,93.0,0.66,0.8,1.0,1004.0,1005.0,1004.0,2208.0,69.0,32.0,43.5,0.7992046938656168,10.873640794900638,12.873390826146732,22.08,31.5,0.0319042553297554,1024.0,4761,1.0,1006009,363.3,60.550000000000004,9.0,31.0,1.1000000000000014
78,83.8,8.3,102.7,31.3,77.3,91,0.25,1002,69,32.1,2.9,1.0,2023,8,24,14,3,236,34,-0.4999999999999997,-0.8660254037844388,-0.8660254037844385,-0.5000000000000004,0.43388373911755823,-0.900968867902419,2,1,0,41.0,32.0,15.0,50.0,10.0,28.0,32.666666666666664,8.02080627701118,41.0,25.0,27.833333333333332,13.731957859921373,44.0,10.0,29.75,12.628431126916235,50.0,10.0,27.5,13.468158907134432,50.0,10.0,32.0,29.8,27.2,69.0,79.0,90.0,1.0,0.33,0.66,1003.0,1004.0,1004.0,2214.9,69.0,32.1,22.75,0.7986965272674994,10.095169256716058,12.37200337308758,22.149,31.6,0.03203589617176031,1030.41,4761,1.0,1004004,328.40000000000003,54.73333333333334,-16.0,10.0,0.10000000000000142
82,80.7,8.7,102.3,33.8,81.7,95,4.25,1002,68,32.1,1.9,1.0,2023,8,24,15,3,236,34,-0.7071067811865471,-0.7071067811865479,-0.8660254037844385,-0.5000000000000004,0.43388373911755823,-0.900968867902419,2,1,0,25.0,41.0,32.0,44.0,15.0,35.0,31.0,8.717797887081854,41.0,25.0,25.0,11.260550608206916,41.0,10.0,30.75,11.802349534963305,50.0,10.0,27.166666666666668,13.373129017180055,50.0,10.0,32.1,30.9,28.0,69.0,74.0,88.0,1.0,0.66,0.33,1002.0,1004.0,1005.0,2182.8,68.0,32.1,403.75,0.7987929351202628,9.27479600045972,11.757269279393174,21.828000000000003,31.6,0.03203589617176031,1030.41,4624,1.0,1004004,334.2,55.699999999999996,2.0,-5.0,0.0
139,77.6,9.0,102.0,62.5,86.0,100,3.5,1001,68,32.2,1.1,1.0,2023,8,24,16,3,236,34,-0.8660254037844385,-0.5000000000000004,-0.8660254037844385,-0.5000000000000004,0.43388373911755823,-0.900968867902419,2,1,0,27.0,25.0,41.0,10.0,32.0,39.0,34.0,13.892443989450106,50.0,25.0,31.666666666666668,12.388166396471156,50.0,15.0,32.25,13.053212770669044,50.0,10.0,27.625,13.971438256547543,50.0,10.0,32.1,32.0,28.7,68.0,69.0,85.0,1.0,1.0,0.8,1002.0,1003.0,1005.0,2189.6000000000004,68.0,32.2,350.0,0.7999872002047967,8.621264303966226,11.332074213976226,21.896000000000004,31.700000000000003,0.032167800032167806,1036.8400000000001,4624,1.0,1002001,387.1,64.51666666666667,23.0,9.0,0.10000000000000142
123,96.3,11.0,92.0,55.0,85.0,95,1.75,1002,71,31.6,0.7,0.83,2023,8,24,17,3,236,34,-0.9659258262890683,-0.25881904510252063,-0.8660254037844385,-0.5000000000000004,0.43388373911755823,-0.900968867902419,2,1,0,50.0,27.0,25.0,15.0,41.0,50.0,40.333333333333336,11.930353445449168,50.0,27.0,36.5,10.014988766842999,50.0,25.0,32.5,13.263072453586487,50.0,10.0,27.375,13.602469404966213,50.0,10.0,32.2,32.1,29.8,68.0,69.0,79.0,1.0,1.0,0.33,1001.0,1002.0,1004.0,2243.6,58.93,26.228,166.25,0.7999854548099126,8.753749659121898,8.36287610217253,22.436,31.185000000000002,0.031536894673757816,998.5600000000001,5041,0.6889,1004004,383.3,63.88333333333333,-6.0,19.0,-0.6000000000000014
107,115.0,13.0,82.0,47.5,84.0,91,0.5,1002,74,31.0,0.6,0.66,2023,8,24,18,3,236,34,-1.0,-1.8369701987210297e-16,-0.8660254037844385,-0.5000000000000004,0.43388373911755823,-0.900968867902419,2,2,0,44.0,50.0,27.0,32.0,25.0,48.0,44.0,6.0000000000005835,50.0,38.0,37.5,9.772410142845604,50.0,25.0,33.583333333333336,13.124981962469322,50.0,10.0,26.958333333333332,13.086598411008593,50.0,10.0,31.6,32.1,30.9,71.0,68.0,74.0,0.83,1.0,0.66,1002.0,1002.0,1004.0,2294.0,48.84,20.46,45.5,0.7999831582493001,8.845473425121146,6.307207137912468,22.94,30.67,0.030938092876154816,961.0,5476,0.43560000000000004,1004004,379.5,63.25,-6.0,11.0,-0.6000000000000014
110,133.6,15.0,72.0,48.8,83.0,87,2.5,1003,77,30.4,0.0,0.5,2023,8,24,19,3,236,34,-0.9659258262890684,0.2588190451025203,-0.8660254037844385,-0.5000000000000004,0.43388373911755823,-0.900968867902419,2,2,0,38.0,44.0,50.0,41.0,27.0,26.0,40.333333333333336,3.2145502536654904,44.0,38.0,37.166666666666664,9.662642840685889,50.0,25.0,34.583333333333336,13.034627541725484,50.0,10.0,27.5,13.312302254093629,50.0,10.0,31.0,32.2,32.0,74.0,68.0,69.0,0.66,1.0,1.0,1002.0,1001.0,1003.0,2340.7999999999997,38.5,15.2,217.5,0.7991639515583698,8.906072928471435,4.799680021331912,23.407999999999998,30.15,0.030309042563267632,924.16,5929,0.25,1006009,391.4,65.23333333333333,1.0,-11.0,-0.6000000000000014
137,148.0,16.0,64.0,61.3,81.3,83,2.0,1004,80,29.8,0.0,0.33,2023,8,24,20,3,236,34,-0.8660254037844386,0.5000000000000001,-0.8660254037844385,-0.5000000000000004,0.43388373911755823,-0.900968867902419,2,2,0,39.0,38.0,44.0,25.0,50.0,10.0,42.0,6.082762530298818,49.0,38.0,41.166666666666664,8.518607084885362,50.0,27.0,34.5,12.929880826280327,50.0,10.0,29.125,13.462710173564268,50.0,10.0,30.4,31.6,32.1,77.0,71.0,69.0,0.5,0.83,1.0,1003.0,1002.0,1002.0,2384.0,26.400000000000002,9.834000000000001,166.0,0.7993344317384709,9.249421911130554,3.999750015624023,23.84,29.635,0.029681245337405043,888.0400000000001,6400,0.10890000000000001,1008016,419.6,69.93333333333334,10.0,5.0,-0.5999999999999979
107,162.4,17.0,56.0,47.5,79.7,79,0.5,1004,83,29.2,0.0,0.16,2023,8,24,21,3,236,34,-0.7071067811865477,0.7071067811865474,-0.8660254037844385,-0.5000000000000004,0.43388373911755823,-0.900968867902419,2,2,0,49.0,39.0,38.0,27.0,44.0,16.0,42.0,6.082762530298818,49.0,38.0,43.0,5.513619500835437,50.0,38.0,34.0,12.641921603070292,50.0,10.0,30.041666666666668,13.27789652888906,50.0,10.0,29.8,31.0,32.1,80.0,74.0,68.0,0.33,0.66,1.0,1004.0,1002.0,1002.0,2423.6,13.280000000000001,4.672,39.5,0.7999831582493001,9.55237927180754,3.293923886830186,24.236,29.12,0.029083636370880107,852.64,6889,0.0256,1008016,400.59999999999997,66.76666666666667,-11.0,0.0,-0.6000000000000014
91,176.8,18.0,48.0,38.8,78.0,75,3.5,1005,87,28.6,0.0,0.8,2023,8,24,22,3,236,34,-0.5000000000000004,0.8660254037844384,-0.8660254037844385,-0.5000000000000004,0.43388373911755823,-0.900968867902419,2,3,0,38.0,49.0,39.0,50.0,10.0,22.0,39.333333333333336,9.073771725877886,49.0,31.0,39.833333333333336,6.112828041639877,49.0,31.0,35.75,10.2436232936306,50.0,15.0,30.416666666666668,13.167538037576152,50.0,10.0,29.2,30.4,32.2,83.0,77.0,68.0,0.16,0.5,1.0,1004.0,1003.0,1001.0,2488.2000000000003,69.60000000000001,22.880000000000003,262.5,0.7989484807092602,9.821676573523693,2.6665185267485136,24.882,28.200000000000003,0.02845768312668346,817.96,7569,0.6400000000000001,1010025,390.6,65.10000000000001,-7.0,-8.0,-0.5999999999999979
98,172.0,17.7,45.3,42.5,75.3,79,8.0,1005,89,28.2,0.0,0.33,2023,8,24,23,3,236,34,-0.25881904510252157,0.9659258262890681,-0.8660254037844385,-0.5000000000000004,0.43388373911755823,-0.900968867902419,2,3,0,31.0,38.0,49.0,44.0,15.0,14.0,34.333333333333336,3.5118845842854314,38.0,31.0,38.166666666666664,6.112828041639848,49.0,31.0,37.333333333333336,7.9582242575417785,50.0,25.0,31.25,12.70826502713887,50.0,10.0,28.6,29.8,31.6,87.0,80.0,71.0,0.8,0.33,0.83,1005.0,1004.0,1002.0,2509.7999999999997,29.37,9.306000000000001,632.0,0.7999811769134845,9.716965143212247,2.5591774476018303,25.098,28.035,0.028059673572464108,795.24,7921,0.10890000000000001,1010025,386.8,64.46666666666667,3.0,-15.0,-0.40000000000000213
98,167.1,17.3,42.7,42.5,72.7,83,6.75,1004,91,27.9,0.0,0.66,2023,8,25,0,4,237,34,0.0,1.0,-0.8660254037844385,-0.5000000000000004,-0.433883739117558,-0.9009688679024191,2,3,0,34.0,31.0,38.0,38.0,32.0,21.0,33.0,1.7320508075713321,34.0,31.0,37.5,6.348228099240894,49.0,31.0,37.5,7.856670587931364,50.0,25.0,31.791666666666668,12.528156693820874,50.0,10.0,28.2,29.2,31.0,89.0,83.0,74.0,0.33,0.16,0.66,1005.0,1004.0,1002.0,2538.9,60.06,18.414,560.25,0.7999811769134845,9.658401248482745,2.4680654297439455,25.389,27.57,0.027788816943409417,778.41,8281,0.43560000000000004,1008016,376.3,62.71666666666667,0.0,-4.0,-0.3000000000000007
115,162.2,17.0,40.0,51.3,70.0,87,3.0,1004,93,27.5,0.0,1.0,2023,8,25,1,4,237,34,0.25881904510252074,0.9659258262890683,-0.8660254037844385,-0.5000000000000004,-0.433883739117558,-0.9009688679024191,2,3,0,34.0,34.0,31.0,39.0,41.0,12.0,36.333333333333336,4.041451884328374,41.0,34.0,37.833333333333336,6.493586579592082,49.0,31.0,37.5,7.856670587931364,50.0,25.0,33.0,11.920023344009905,50.0,10.0,27.9,28.6,30.4,91.0,87.0,77.0,0.66,0.8,0.5,1004.0,1005.0,1003.0,2557.5,93.0,27.5,261.0,0.7992046938656168,9.540615257926003,2.352802776307276,25.575,27.0,0.02739041096572613,756.25,8649,1.0,1008016,381.5,63.583333333333336,7.0,10.0,-0.3999999999999986
121,166.9,18.3,37.3,53.8,75.7,87,2.5,1004,93,27.2,0.0,0.66,2023,8,25,2,4,237,34,0.49999999999999994,0.8660254037844387,-0.8660254037844385,-0.5000000000000004,-0.433883739117558,-0.9009688679024191,2,3,0,41.0,34.0,34.0,49.0,25.0,10.0,39.333333333333336,4.725815626253414,43.0,34.0,36.833333333333336,4.622409184252102,43.0,31.0,39.0,6.9150691839037055,50.0,27.0,34.375,11.020978020200474,50.0,10.0,27.5,28.2,29.8,93.0,89.0,80.0,1.0,0.33,0.33,1004.0,1005.0,1004.0,2529.6,61.38,17.952,217.5,0.7992416497834613,9.119720233867001,2.0381399923501444,25.296,26.87,0.027091606482463663,739.8399999999999,8649,0.43560000000000004,1008016,395.0,65.83333333333333,2.0,9.0,-0.3000000000000007
156,171.6,19.7,34.7,75.0,81.3,87,2.5,1004,93,26.9,0.0,0.33,2023,8,25,3,4,237,34,0.7071067811865476,0.7071067811865476,-0.8660254037844385,-0.5000000000000004,-0.433883739117558,-0.9009688679024191,2,3,0,43.0,41.0,34.0,38.0,27.0,15.0,48.0,10.440306508910856,60.0,41.0,40.5,10.5971694333908,60.0,31.0,41.75,8.158932639639472,60.0,31.0,36.25,11.402707535074237,60.0,10.0,27.2,27.9,29.2,93.0,91.0,83.0,0.66,0.66,0.16,1004.0,1004.0,1004.0,2501.7,30.69,8.877,217.5,0.7999893334755536,8.710217755443885,1.761331912085681,25.017,26.735,0.026792801999201196,723.6099999999999,8649,0.10890000000000001,1008016,442.3,73.71666666666667,17.0,26.0,-0.3000000000000007
104,176.2,21.0,32.0,46.3,87.0,87,1.25,1004,94,26.6,0.0,1.2,2023,8,25,4,4,237,34,0.8660254037844386,0.5000000000000001,-0.8660254037844385,-0.5000000000000004,-0.433883739117558,-0.9009688679024191,2,3,0,60.0,43.0,41.0,31.0,50.0,32.0,46.666666666666664,11.930353445449128,60.0,37.0,41.5,9.772410142845647,60.0,34.0,40.666666666666664,7.819943423804792,60.0,31.0,36.458333333333336,11.367303097487506,60.0,10.0,26.9,27.5,28.6,93.0,93.0,87.0,0.33,1.0,0.8,1004.0,1004.0,1005.0,2500.4,112.8,31.92,108.75,0.799118809528952,8.390076663016046,1.523736964906433,25.004,26.0,0.02649399751593873,707.5600000000001,8836,1.44,1008016,399.5,66.58333333333333,-23.0,-4.0,-0.29999999999999716
134,174.7,20.0,31.7,60.0,86.0,91,0.25,1004,95,26.6,0.0,1.6,2023,8,25,5,4,237,34,0.9659258262890683,0.25881904510252074,-0.8660254037844385,-0.5000000000000004,-0.433883739117558,-0.9009688679024191,2,3,0,37.0,60.0,43.0,34.0,44.0,41.0,48.333333333333336,11.503622617825206,60.0,37.0,43.833333333333336,9.282600210429166,60.0,34.0,41.0,8.05661783312846,60.0,31.0,36.75,11.576775852129083,60.0,10.0,26.6,27.2,28.2,94.0,93.0,89.0,1.2,0.66,0.33,1004.0,1004.0,1005.0,2527.0,152.0,42.56,22.75,0.7999866668888852,8.734563271836407,1.5849207539623018,25.27,25.8,0.02649399751593873,707.5600000000001,9025,2.5600000000000005,1008016,420.4,70.06666666666666,11.0,5.0,0.0
129,173.1,19.0,31.3,57.5,85.0,95,0.0,1005,95,26.6,0.6,1.6,2023,8,25,6,4,237,34,1.0,6.123233995736766e-17,-0.8660254037844385,-0.5000000000000004,-0.433883739117558,-0.9009688679024191,2,0,0,48.0,37.0,60.0,34.0,38.0,25.0,43.666666666666664,5.85946527708291,48.0,37.0,45.833333333333336,7.935153852740349,60.0,37.0,41.666666666666664,8.116574885922041,60.0,31.0,37.625,11.44291122884859,60.0,10.0,26.6,26.9,27.9,95.0,93.0,91.0,1.6,0.33,0.66,1004.0,1004.0,1004.0,2527.0,152.0,42.56,0.0,0.7999860871984835,9.110046839640018,1.6472817220146307,25.27,25.8,0.026467635355586713,707.5600000000001,9025,2.5600000000000005,1010025,411.9,68.64999999999999,-2.0,-14.0,0.0
112,171.6,18.0,31.0,50.0,84.0,100,0.0,1005,96,26.6,0.7,1.2,2023,8,25,7,4,237,34,0.9659258262890683,-0.25881904510252063,-0.8660254037844385,-0.5000000000000004,-0.433883739117558,-0.9009688679024191,2,0,0,46.0,48.0,37.0,41.0,39.0,27.0,44.666666666666664,4.163331998933085,48.0,40.0,45.666666666666664,8.066391179868477,60.0,37.0,41.75,8.091802810700791,60.0,31.0,38.166666666666664,11.22368096894948,60.0,10.0,26.6,26.6,27.5,95.0,94.0,93.0,1.6,1.2,1.0,1005.0,1004.0,1004.0,2553.6000000000004,115.19999999999999,31.92,0.0,0.7999840003199936,9.532803733125936,1.7221265485250818,25.536000000000005,26.0,0.026467635355586713,707.5600000000001,9216,1.44,1010025,394.6,65.76666666666667,-6.0,3.0,0.0
131,144.9,16.0,50.0,58.8,101.3,100,0.0,1005,93,27.3,1.2,0.33,2023,8,25,8,4,237,34,0.8660254037844387,-0.4999999999999998,-0.8660254037844385,-0.5000000000000004,-0.433883739117558,-0.9009688679024191,2,0,0,40.0,46.0,48.0,43.0,49.0,50.0,44.333333333333336,3.785938897201091,47.0,40.0,46.333333333333336,7.966596931354071,60.0,37.0,41.583333333333336,7.94822259528726,60.0,31.0,38.041666666666664,11.102209598589804,60.0,10.0,26.6,26.6,27.2,96.0,95.0,93.0,1.2,1.6,0.66,1005.0,1004.0,1004.0,2538.9,30.69,9.009,0.0,0.7993061342494175,9.055684019748766,3.124804699706268,25.389,27.135,0.027164152075470575,745.2900000000001,8649,0.10890000000000001,1010025,418.0,69.66666666666667,7.0,-1.0,0.6999999999999993
115,118.3,14.0,69.0,51.3,118.7,100,0.0,1005,90,28.0,1.9,0.66,2023,8,25,9,4,237,34,0.7071067811865476,-0.7071067811865475,-0.8660254037844385,-0.5000000000000004,-0.433883739117558,-0.9009688679024191,2,0,0,47.0,40.0,46.0,60.0,38.0,44.0,42.666666666666664,3.7859388972011216,47.0,40.0,43.166666666666664,4.445971959724828,48.0,37.0,41.833333333333336,7.872083394482647,60.0,31.0,37.916666666666664,11.048968736716224,60.0,10.0,27.3,26.6,26.9,93.0,95.0,93.0,0.33,1.6,0.33,1005.0,1005.0,1004.0,2520.0,59.400000000000006,18.48,0.0,0.7992046938656168,8.449396471680595,4.928219412899079,25.2,27.67,0.027860668795354433,784.0,8100,0.43560000000000004,1010025,412.3,68.71666666666667,-6.0,-5.0,0.6999999999999993
87,91.6,12.0,88.0,36.3,136.0,100,0.0,1006,87,28.7,2.7,1.0,2023,8,25,10,4,237,34,0.49999999999999994,-0.8660254037844387,-0.8660254037844385,-0.5000000000000004,-0.433883739117558,-0.9009688679024191,2,0,0,41.0,47.0,40.0,37.0,31.0,10.0,39.0,9.165151389912097,47.0,29.0,41.833333333333336,7.082843120291395,48.0,29.0,41.666666666666664,8.138944909656088,60.0,29.0,38.708333333333336,9.539297060360505,60.0,15.0,28.0,26.6,26.6,90.0,96.0,94.0,0.66,1.2,1.2,1005.0,1005.0,1004.0,2496.9,87.0,28.7,0.0,0.798876064020275,7.6326972752270645,7.332722273143905,24.969,28.2,0.02852879867912656,823.6899999999999,7569,1.0,1012036,392.9,65.48333333333333,-12.0,-11.0,0.6999999999999993
82,87.5,9.7,105.0,33.8,125.3,87,0.0,1005,81,29.9,3.5,1.33,2023,8,25,11,4,237,34,0.258819045102521,-0.9659258262890682,-0.8660254037844385,-0.5000000000000004,-0.433883739117558,-0.9009688679024191,2,0,0,29.0,41.0,47.0,48.0,34.0,15.0,32.333333333333336,7.571877794400932,41.0,27.0,38.333333333333336,8.477420991472489,47.0,27.0,41.083333333333336,8.948929172438785,60.0,27.0,39.208333333333336,8.500532805125822,60.0,25.0,28.7,27.3,26.6,87.0,93.0,95.0,1.0,0.33,1.6,1006.0,1005.0,1004.0,2421.9,107.73,39.767,0.0,0.7987929351202628,9.019688691887435,10.823626430264923,24.219,29.235,0.029751214177896338,894.0099999999999,6561,1.7689000000000001,1010025,388.3,64.71666666666667,-2.0,-20.0,1.1999999999999993
67,83.5,7.3,122.0,25.0,114.7,75,0.0,1004,75,31.0,3.7,1.66,2023,8,25,12,4,237,34,1.2246467991473532e-16,-1.0,-0.8660254037844385,-0.5000000000000004,-0.433883739117558,-0.9009688679024191,2,1,0,27.0,29.0,41.0,46.0,34.0,32.0,25.333333333333332,4.725815626253618,29.0,20.0,34.0,10.237187113655331,47.0,20.0,39.916666666666664,10.697989049207447,60.0,20.0,38.708333333333336,9.261792326620952,60.0,20.0,29.9,28.0,26.6,81.0,90.0,95.0,1.33,0.66,1.6,1005.0,1005.0,1005.0,2325.0,124.5,51.46,0.0,0.7999680012799487,11.436789480893028,16.71003972058622,23.25,30.17,0.030876463270454912,961.0,5625,2.7556,1008016,372.5,62.083333333333336,-7.0,-21.0,1.1000000000000014
74,79.4,5.0,139.0,22.5,104.0,62,0.0,1003,69,32.2,3.8,2.0,2023,8,25,13,4,237,34,-0.2588190451025208,-0.9659258262890683,-0.8660254037844385,-0.5000000000000004,-0.433883739117558,-0.9009688679024191,2,1,0,20.0,27.0,29.0,40.0,41.0,41.0,21.666666666666668,4.72581562625367,27.0,18.0,30.333333333333332,11.518101695446896,47.0,18.0,38.0,12.409673645990576,60.0,18.0,37.75,10.160665846035263,60.0,18.0,31.0,28.7,26.6,75.0,87.0,96.0,1.66,1.0,1.2,1004.0,1006.0,1005.0,2221.8,138.0,64.4,0.0,0.7999644460246211,15.876824635072985,27.794441111777644,22.218000000000004,31.200000000000003,0.03210365692556638,1036.8400000000001,4761,4.0,1006009,367.9,61.31666666666666,-2.0,-11.0,1.2000000000000028
87,78.4,5.3,131.0,36.3,94.0,66,0.0,1002,69,32.4,3.5,2.0,2023,8,25,14,4,237,34,-0.4999999999999997,-0.8660254037844388,-0.8660254037844385,-0.5000000000000004,-0.433883739117558,-0.9009688679024191,2,1,0,18.0,20.0,27.0,47.0,43.0,25.0,22.333333333333332,5.8594652770831654,29.0,18.0,27.333333333333332,8.164965809276607,41.0,18.0,36.833333333333336,12.554125242566837,60.0,18.0,37.916666666666664,9.97351565360774,60.0,18.0,32.2,29.9,27.3,69.0,81.0,93.0,2.0,1.33,0.33,1003.0,1005.0,1005.0,2235.6,138.0,64.8,0.0,0.798876064020275,14.789662327862668,24.712318430484814,22.355999999999998,31.4,0.032335297070561805,1049.76,4761,4.0,1004004,374.0,62.333333333333336,11.0,2.0,0.19999999999999574
112,77.4,5.7,123.0,50.0,84.0,70,0.5,1002,68,32.5,2.2,2.0,2023,8,25,15,4,237,34,-0.7071067811865471,-0.7071067811865479,-0.8660254037844385,-0.5000000000000004,-0.433883739117558,-0.9009688679024191,2,1,0,29.0,18.0,20.0,41.0,60.0,27.0,29.0,11.000000000000414,40.0,18.0,27.166666666666668,7.833687935235612,40.0,18.0,35.166666666666664,10.329422524854095,48.0,18.0,38.458333333333336,9.704231110669236,60.0,18.0,32.4,31.0,28.0,69.0,75.0,90.0,2.0,1.66,0.66,1002.0,1004.0,1005.0,2210.0,136.0,65.0,35.0,0.7999840003199936,13.576565514821962,21.57516225223645,22.1,31.5,0.03243509737016231,1056.25,4624,4.0,1004004,380.1,63.35,11.0,20.0,0.10000000000000142
100,76.5,6.0,115.0,43.8,74.0,75,1.5,1001,67,32.7,1.2,2.0,2023,8,25,16,4,237,34,-0.8660254037844385,-0.5000000000000004,-0.8660254037844385,-0.5000000000000004,-0.433883739117558,-0.9009688679024191,2,1,0,40.0,29.0,18.0,29.0,37.0,50.0,34.666666666666664,5.507570547286864,40.0,29.0,28.166666666666668,8.471520918150189,40.0,18.0,35.0,10.313274764284614,48.0,18.0,37.833333333333336,9.407058712647292,60.0,18.0,32.5,32.2,28.7,68.0,69.0,87.0,2.0,2.0,1.0,1002.0,1003.0,1006.0,2190.9,134.0,65.4,112.5,0.7990685144174792,12.747875354107649,19.16347275454091,21.909000000000002,31.700000000000003,0.0326673000326673,1069.2900000000002,4489,4.0,1002001,350.3,58.38333333333333,-5.0,17.0,0.20000000000000284
118,113.8,10.3,100.7,52.5,73.7,75,1.5,1001,72,32.0,0.7,2.33,2023,8,25,17,4,237,34,-0.9659258262890683,-0.25881904510252063,-0.8660254037844385,-0.5000000000000004,-0.433883739117558,-0.9009688679024191,2,1,0,35.0,40.0,29.0,27.0,48.0,44.0,39.0,3.6055512754650842,42.0,35.0,30.666666666666668,10.112698288125516,42.0,18.0,34.5,9.756116962286365,47.0,18.0,37.75,9.358790334319067,60.0,18.0,32.7,32.4,29.9,67.0,69.0,81.0,2.0,2.0,1.33,1001.0,1002.0,1005.0,2304.0,167.76,74.56,112.5,0.7999847621950058,11.047471119308804,9.775749927191535,23.04,30.835,0.031968000031968,1024.0,5184,5.4289000000000005,1002001,393.0,65.5,7.0,13.0,-0.7000000000000028
131,151.2,14.7,86.3,58.8,73.3,75,1.5,1002,77,31.2,0.6,2.66,2023,8,25,18,4,237,34,-1.0,-1.8369701987210297e-16,-0.8660254037844385,-0.5000000000000004,-0.433883739117558,-0.9009688679024191,2,2,0,42.0,35.0,40.0,20.0,46.0,38.0,41.333333333333336,6.027713773342341,47.0,35.0,35.166666666666664,10.419532938988088,47.0,18.0,34.583333333333336,9.866917482479224,47.0,18.0,38.125,9.547649380641147,60.0,18.0,32.0,32.5,31.0,72.0,68.0,75.0,2.33,2.0,1.66,1001.0,1002.0,1004.0,2402.4,204.82000000000002,82.992,112.5,0.7993061342494175,10.285014624855451,5.870348955853344,24.024,29.869999999999997,0.031137693475355815,973.4399999999999,5929,7.0756000000000006,1004004,431.3,71.88333333333334,5.0,7.0,-0.8000000000000007
142,188.5,19.0,72.0,63.8,73.0,75,1.5,1002,83,30.5,0.0,3.0,2023,8,25,19,4,237,34,-0.9659258262890684,0.2588190451025203,-0.8660254037844385,-0.5000000000000004,-0.433883739117558,-0.9009688679024191,2,2,0,47.0,42.0,35.0,18.0,40.0,39.0,46.666666666666664,4.5092497528236715,51.0,42.0,40.666666666666664,7.966596931354001,51.0,29.0,35.5,10.87532653637217,51.0,18.0,38.625,9.903062767342155,60.0,18.0,31.2,32.7,32.2,77.0,67.0,69.0,2.66,2.0,2.0,1002.0,1001.0,1003.0,2531.5,249.0,91.5,112.5,0.7993605115907275,9.92053049839482,3.789274248723751,25.315,29.0,0.030439091378152316,930.25,6889,9.0,1004004,467.3,77.88333333333334,4.0,16.0,-0.6999999999999993
145,227.4,21.3,63.0,65.0,85.7,75,2.5,1003,85,30.2,0.0,2.66,2023,8,25,20,4,237,34,-0.8660254037844386,0.5000000000000001,-0.8660254037844385,-0.5000000000000004,-0.433883739117558,-0.9009688679024191,2,2,0,51.0,47.0,42.0,29.0,47.0,49.0,50.0,2.6457513110658435,52.0,47.0,44.5,6.655824516916982,52.0,35.0,35.916666666666664,11.437246436996949,52.0,18.0,38.75,10.057443706680587,60.0,18.0,30.5,32.0,32.4,83.0,72.0,69.0,3.0,2.33,2.0,1002.0,1001.0,1002.0,2567.0,226.10000000000002,80.33200000000001,187.5,0.7999876924970385,10.675555138256419,2.9576076240552083,25.67,28.869999999999997,0.030109640967456663,912.04,7225,7.0756000000000006,1006009,514.4000000000001,85.73333333333335,1.0,10.0,-0.3000000000000007
89,266.3,23.7,54.0,37.5,98.3,75,3.0,1004,87,29.8,0.0,2.33,2023,8,25,21,4,237,34,-0.7071067811865477,0.7071067811865474,-0.8660254037844385,-0.5000000000000004,-0.433883739117558,-0.9009688679024191,2,2,0,52.0,51.0,47.0,40.0,41.0,38.0,44.333333333333336,12.423096769056441,52.0,30.0,42.833333333333336,8.886319072971636,52.0,30.0,35.0,11.433602788590575,52.0,18.0,38.416666666666664,10.21472367272606,60.0,18.0,30.2,31.2,32.5,85.0,77.0,68.0,2.66,2.66,2.0,1003.0,1002.0,1002.0,2592.6,202.71,69.434,225.0,0.7999786672355405,11.23581283490148,2.2783848782751783,25.926,28.635,0.029681245337405043,888.0400000000001,7569,5.4289000000000005,1008016,509.8,84.96666666666667,-22.0,-17.0,-0.3999999999999986
82,305.2,26.0,45.0,33.8,111.0,75,2.75,1005,89,29.5,0.0,2.0,2023,8,25,22,4,237,34,-0.5000000000000004,0.8660254037844384,-0.8660254037844385,-0.5000000000000004,-0.433883739117558,-0.9009688679024191,2,3,0,30.0,52.0,51.0,35.0,29.0,31.0,36.333333333333336,13.650396819629146,52.0,27.0,41.5,10.709808588391883,52.0,27.0,34.833333333333336,11.54306823346452,52.0,18.0,38.25,10.37241324484058,60.0,18.0,29.8,30.5,32.7,87.0,83.0,67.0,2.33,3.0,2.0,1004.0,1002.0,1001.0,2625.5,178.0,59.0,206.25,0.7987929351202628,11.738010076535517,1.7307026652821045,26.255,28.5,0.029353204623676993,870.25,7921,4.0,1010025,548.0,91.33333333333333,-3.0,-24.0,-0.3000000000000007
100,345.9,29.0,35.3,43.8,106.7,75,2.5,1004,91,29.2,0.0,2.0,2023,8,25,23,4,237,34,-0.25881904510252157,0.9659258262890681,-0.8660254037844385,-0.5000000000000004,-0.433883739117558,-0.9009688679024191,2,3,0,27.0,30.0,52.0,42.0,27.0,34.0,30.666666666666668,4.041451884328472,35.0,27.0,40.333333333333336,11.021191708098492,52.0,27.0,35.5,11.277491661793041,52.0,18.0,38.291666666666664,10.356594902332509,60.0,18.0,29.5,30.2,32.0,89.0,85.0,72.0,2.0,2.66,2.33,1005.0,1003.0,1001.0,2657.2,182.0,58.4,187.5,0.7990685144174792,11.927174925002586,1.2171994069170027,26.572,28.2,0.029083636370880107,852.64,8281,4.0,1008016,595.7,99.28333333333335,8.0,-17.0,-0.3000000000000007
85,386.5,32.0,25.7,35.0,102.3,75,5.5,1004,92,29.0,0.0,2.0,2023,8,26,0,5,238,34,0.0,1.0,-0.8660254037844385,-0.5000000000000004,-0.9749279121818236,-0.2225209339563146,2,3,1,35.0,27.0,30.0,47.0,20.0,34.0,30.0,4.3588989435416945,35.0,27.0,37.166666666666664,11.44406687618778,52.0,27.0,36.166666666666664,10.48664374190762,52.0,18.0,38.041666666666664,10.535567778046047,60.0,18.0,29.2,29.8,31.2,91.0,87.0,77.0,2.0,2.33,2.66,1004.0,1004.0,1002.0,2668.0,184.0,58.0,412.5,0.7999771435101855,12.077747570388427,0.8030999031280273,26.68,28.0,0.028884433382038464,841.0,8464,4.0,1008016,609.5,101.58333333333333,-7.0,-2.0,-0.1999999999999993
89,427.2,35.0,16.0,37.5,98.0,75,7.5,1004,94,28.7,0.0,2.0,2023,8,26,1,5,238,34,0.25881904510252074,0.9659258262890683,-0.8660254037844385,-0.5000000000000004,-0.9749279121818236,-0.2225209339563146,2,3,1,28.0,35.0,27.0,51.0,18.0,41.0,31.0,3.6055512754652077,35.0,28.0,33.666666666666664,9.395034149307683,52.0,27.0,37.166666666666664,9.073771725877089,52.0,27.0,37.583333333333336,10.640025607466411,60.0,18.0,29.0,29.5,30.5,92.0,89.0,83.0,2.0,2.0,3.0,1004.0,1005.0,1002.0,2697.7999999999997,188.0,57.4,562.5,0.7999786672355405,12.205365560983973,0.45712979629153455,26.977999999999998,27.7,0.028585628898775996,823.6899999999999,8836,4.0,1008016,643.7,107.28333333333335,2.0,3.0,-0.3000000000000007
78,384.0,31.3,19.0,31.3,97.7,75,4.75,1003,94,28.2,0.0,1.66,2023,8,26,2,5,238,34,0.49999999999999994,0.8660254037844387,-0.8660254037844385,-0.5000000000000004,-0.9749279121818236,-0.2225209339563146,2,3,1,30.0,28.0,35.0,52.0,29.0,43.0,27.666666666666668,2.5166114784254043,30.0,25.0,29.166666666666668,3.430257521915315,35.0,25.0,36.833333333333336,9.466047781733083,52.0,25.0,36.833333333333336,10.873448581658687,60.0,18.0,28.7,29.2,30.2,94.0,91.0,85.0,2.0,2.0,2.66,1004.0,1004.0,1003.0,2650.7999999999997,156.04,46.812,356.25,0.7986965272674994,12.26797865882879,0.6070093607232996,26.507999999999996,27.37,0.02811562500934695,795.24,8836,2.7556,1006009,588.3000000000001,98.05000000000001,-5.0,-10.0,-0.5
82,340.8,27.7,22.0,33.8,97.3,75,4.5,1003,95,27.7,0.0,1.33,2023,8,26,3,5,238,34,0.7071067811865476,0.7071067811865476,-0.8660254037844385,-0.5000000000000004,-0.9749279121818236,-0.2225209339563146,2,3,1,25.0,30.0,28.0,30.0,40.0,60.0,27.333333333333332,2.516611478425412,30.0,25.0,28.666666666666668,3.5023801430822,35.0,25.0,35.75,9.80839158346254,52.0,25.0,35.458333333333336,9.855385491618746,52.0,18.0,28.2,29.0,29.8,94.0,92.0,87.0,1.66,2.0,2.33,1003.0,1004.0,1004.0,2631.5,126.35000000000001,36.841,337.5,0.7987929351202628,12.302804952889787,0.794195155409552,26.315,27.035,0.027617121019819522,767.29,9025,1.7689000000000001,1006009,548.6,91.43333333333334,2.0,-1.0,-0.5
69,297.6,24.0,25.0,26.3,97.0,75,5.25,1003,95,27.2,0.0,1.0,2023,8,26,4,5,238,34,0.8660254037844386,0.5000000000000001,-0.8660254037844385,-0.5000000000000004,-0.9749279121818236,-0.2225209339563146,2,3,1,27.0,25.0,30.0,27.0,35.0,37.0,24.333333333333332,3.0550504633054554,27.0,21.0,27.666666666666668,4.7187568984486035,35.0,21.0,34.583333333333336,10.697989049207484,52.0,21.0,34.791666666666664,10.278636209091342,52.0,18.0,27.7,28.7,29.5,95.0,94.0,89.0,1.33,2.0,2.0,1003.0,1004.0,1005.0,2584.0,95.0,27.2,393.75,0.79844872818524,12.399483354860214,1.0416232656972626,25.84,26.7,0.027118617030292093,739.8399999999999,9025,1.0,1006009,490.90000000000003,81.81666666666668,-6.0,-9.0,-0.5
76,269.0,21.3,30.0,30.0,83.0,79,2.25,1003,94,27.3,0.0,1.0,2023,8,26,5,5,238,34,0.9659258262890683,0.25881904510252074,-0.8660254037844385,-0.5000000000000004,-0.9749279121818236,-0.2225209339563146,2,3,1,21.0,27.0,25.0,35.0,42.0,48.0,24.0,3.0000000000015974,27.0,21.0,25.833333333333332,3.1885210782831432,30.0,21.0,33.083333333333336,10.82470518879088,52.0,21.0,33.791666666666664,10.103719361083751,52.0,18.0,27.2,28.2,29.2,95.0,94.0,91.0,1.0,1.66,2.0,1003.0,1003.0,1004.0,2566.2000000000003,94.0,27.3,177.75,0.7999733342221925,12.628515093188112,1.4083845828834325,25.662000000000003,26.8,0.02721831782819758,745.2900000000001,8836,1.0,1006009,457.3,76.21666666666667,3.0,-1.0,0.10000000000000142
78,240.4,18.7,35.0,31.3,69.0,83,0.0,1003,93,27.5,0.6,1.0,2023,8,26,6,5,238,34,1.0,6.123233995736766e-17,-0.8660254037844385,-0.5000000000000004,-0.9749279121818236,-0.2225209339563146,2,0,1,24.0,21.0,27.0,28.0,47.0,46.0,23.333333333333332,2.0816659994684534,25.0,21.0,25.333333333333332,3.0110906108345183,30.0,21.0,31.25,10.091625691180937,52.0,21.0,32.916666666666664,9.907909298467995,52.0,18.0,27.3,27.7,29.0,94.0,95.0,92.0,1.0,1.33,2.0,1003.0,1003.0,1004.0,2557.5,93.0,27.5,0.0,0.7986965272674994,12.854927543981605,1.871557670712796,25.575,27.0,0.02741771942400855,756.25,8649,1.0,1006009,419.40000000000003,69.9,1.0,-2.0,0.1999999999999993
74,211.8,16.0,40.0,28.8,55.0,87,0.5,1003,93,27.6,0.8,1.0,2023,8,26,7,5,238,34,0.9659258262890683,-0.25881904510252063,-0.8660254037844385,-0.5000000000000004,-0.9749279121818236,-0.2225209339563146,2,0,1,25.0,24.0,21.0,30.0,51.0,40.0,24.0,1.0000000000047935,25.0,23.0,24.166666666666668,2.041241452316592,27.0,21.0,28.916666666666668,8.162645887136247,52.0,21.0,32.208333333333336,9.986857305508133,52.0,18.0,27.5,27.2,28.7,93.0,95.0,94.0,1.0,1.0,2.0,1003.0,1003.0,1004.0,2566.8,93.0,27.6,43.5,0.7985833825214401,13.236672707955753,2.4998437597650147,25.668000000000003,27.1,0.027517420221914037,761.7600000000001,8649,1.0,1006009,374.6,62.43333333333334,-2.0,2.0,0.10000000000000142
76,179.6,13.0,64.3,30.0,61.3,83,0.0,1003,88,28.6,1.2,0.66,2023,8,26,8,5,238,34,0.8660254037844387,-0.4999999999999998,-0.8660254037844385,-0.5000000000000004,-0.9749279121818236,-0.2225209339563146,2,0,1,23.0,25.0,24.0,25.0,52.0,47.0,24.0,1.0000000000047935,25.0,23.0,24.0,1.9999999999972118,27.0,21.0,26.583333333333332,3.8009169547576853,35.0,21.0,31.25,9.601856704508453,52.0,18.0,27.6,27.3,28.2,93.0,94.0,94.0,1.0,1.0,1.66,1003.0,1003.0,1003.0,2516.8,58.080000000000005,18.876,0.0,0.7999733342221925,13.814321975232675,4.9457734020459965,25.168000000000003,28.270000000000003,0.028514428200968896,817.96,7744,0.43560000000000004,1006009,372.2,62.03333333333333,1.0,0.0,1.0
56,147.3,10.0,88.7,18.8,67.7,79,0.0,1003,83,29.7,2.0,0.33,2023,8,26,9,5,238,34,0.7071067811865476,-0.7071067811865475,-0.8660254037844385,-0.5000000000000004,-0.9749279121818236,-0.2225209339563146,2,0,1,24.0,23.0,25.0,27.0,30.0,41.0,20.666666666666668,4.932882862317257,24.0,15.0,22.0,3.6878177829155847,25.0,15.0,25.333333333333332,4.886592665527054,35.0,15.0,30.166666666666668,9.915585740626238,52.0,15.0,28.6,27.5,27.7,88.0,93.0,95.0,0.66,1.0,1.33,1003.0,1003.0,1003.0,2465.1,27.39,9.801,0.0,0.7978299026647518,14.728527147285273,8.869113088691131,24.651,29.535,0.029611136977929234,882.0899999999999,6889,0.10890000000000001,1006009,347.5,57.916666666666664,-9.0,-10.0,1.0999999999999979
61,115.0,7.0,113.0,21.3,74.0,75,0.0,1003,79,30.7,2.7,1.2,2023,8,26,10,5,238,34,0.49999999999999994,-0.8660254037844387,-0.8660254037844385,-0.5000000000000004,-0.9749279121818236,-0.2225209339563146,2,0,1,15.0,24.0,23.0,21.0,27.0,29.0,18.666666666666668,4.725815626253687,24.0,15.0,21.333333333333332,4.2268979957712425,25.0,15.0,24.5,5.402019824270662,35.0,15.0,29.666666666666668,10.2730828812026,52.0,15.0,29.7,27.6,27.2,83.0,93.0,95.0,0.33,1.0,1.0,1003.0,1003.0,1003.0,2425.2999999999997,94.8,36.839999999999996,0.0,0.7980845969672785,16.426224825024995,16.14055134980717,24.252999999999997,30.099999999999998,0.03060814495698409,942.49,6241,1.44,1006009,347.3,57.88333333333333,2.0,-6.0,1.0
63,112.4,6.0,130.7,17.5,76.3,70,0.5,1002,74,31.8,3.4,1.2,2023,8,26,11,5,238,34,0.258819045102521,-0.9659258262890682,-0.8660254037844385,-0.5000000000000004,-0.9749279121818236,-0.2225209339563146,2,0,1,17.0,15.0,24.0,24.0,35.0,27.0,15.333333333333334,1.5275252316554055,17.0,14.0,19.666666666666668,4.885352256148432,25.0,14.0,22.75,5.083395429327172,30.0,14.0,29.125,10.751390203334052,52.0,14.0,30.7,28.6,27.3,79.0,88.0,94.0,1.2,0.66,1.0,1003.0,1003.0,1003.0,2353.2000000000003,88.8,38.16,35.0,0.7999542883263813,18.730211631394766,21.779703382769537,23.532000000000004,31.2,0.03173649527295881,1011.24,5476,1.44,1004004,356.90000000000003,59.48333333333334,-3.0,-10.0,1.1000000000000014
85,109.9,5.0,148.3,21.3,78.7,66,1.5,1001,69,32.9,3.6,1.6,2023,8,26,12,5,238,34,1.2246467991473532e-16,-1.0,-0.8660254037844385,-0.5000000000000004,-0.9749279121818236,-0.2225209339563146,2,1,1,14.0,17.0,15.0,25.0,28.0,20.0,16.0,1.7320508075719057,17.0,14.0,18.333333333333332,4.17931413830718,24.0,14.0,21.833333333333332,5.042245771899448,30.0,14.0,29.0,10.87877870383234,52.0,14.0,31.8,29.7,27.5,74.0,83.0,93.0,1.2,0.33,1.0,1002.0,1003.0,1003.0,2270.1,110.4,52.64,99.0,0.7980845969672785,21.975604879024196,29.65406918616277,22.701,32.1,0.0328671000328671,1082.4099999999999,4761,2.5600000000000005,1002001,380.20000000000005,63.366666666666674,3.0,2.0,1.0999999999999979
102,107.4,4.0,166.0,17.5,81.0,62,2.5,1001,65,34.0,3.5,2.0,2023,8,26,13,5,238,34,-0.2588190451025208,-0.9659258262890683,-0.8660254037844385,-0.5000000000000004,-0.9749279121818236,-0.2225209339563146,2,1,1,17.0,14.0,17.0,23.0,30.0,18.0,15.0,1.7320508075719396,17.0,14.0,16.833333333333332,3.7638632635437173,24.0,14.0,20.5,4.795831523312264,27.0,14.0,28.833333333333332,11.083346954333983,52.0,14.0,32.9,30.7,27.6,69.0,79.0,93.0,1.6,1.2,1.0,1001.0,1003.0,1003.0,2210.0,130.0,68.0,155.0,0.7999542883263813,26.84328917770557,41.48962759310172,22.1,33.0,0.033966000033966,1156.0,4225,4.0,1002001,389.9,64.98333333333333,-3.0,-3.0,1.1000000000000014
102,106.4,4.3,165.3,26.3,81.3,66,1.0,1000,67,33.4,2.9,0.66,2023,8,26,14,5,238,34,-0.4999999999999997,-0.8660254037844388,-0.8660254037844385,-0.5000000000000004,-0.9749279121818236,-0.2225209339563146,2,1,1,14.0,17.0,14.0,24.0,25.0,29.0,17.333333333333332,3.5118845842857183,21.0,14.0,16.333333333333332,2.658320271647842,21.0,14.0,20.166666666666668,4.589183594126711,27.0,14.0,28.5,11.197825875937943,52.0,14.0,34.0,31.8,28.6,65.0,74.0,88.0,2.0,1.2,0.66,1001.0,1002.0,1003.0,2237.7999999999997,44.22,22.044,66.0,0.79844872818524,24.738432922576145,38.43292257614508,22.377999999999997,33.07,0.0333999666000334,1115.56,4489,0.43560000000000004,1000000,404.6,67.43333333333334,7.0,7.0,-0.6000000000000014
101,105.4,4.7,164.7,40.0,81.7,70,0.5,999,69,32.8,1.8,1.33,2023,8,26,15,5,238,34,-0.7071067811865471,-0.7071067811865479,-0.8660254037844385,-0.5000000000000004,-0.9749279121818236,-0.2225209339563146,2,1,1,21.0,14.0,17.0,15.0,27.0,40.0,22.333333333333332,9.073771725878006,32.0,14.0,19.166666666666668,6.794605703545606,32.0,14.0,20.583333333333332,5.418123347253755,32.0,14.0,28.166666666666668,10.957096833308164,52.0,14.0,33.4,32.9,29.7,67.0,69.0,83.0,0.66,1.6,0.33,1000.0,1001.0,1003.0,2263.2,91.77000000000001,43.623999999999995,35.0,0.7999800004999875,22.42076154009785,35.035098915124436,22.631999999999998,32.135,0.032832799967167196,1075.84,4761,1.7689000000000001,998001,428.5,71.41666666666667,11.0,15.0,-0.6000000000000014
104,104.5,5.0,164.0,46.3,82.0,75,0.0,999,71,32.2,1.1,2.0,2023,8,26,16,5,238,34,-0.8660254037844385,-0.5000000000000004,-0.8660254037844385,-0.5000000000000004,-0.9749279121818236,-0.2225209339563146,2,1,1,32.0,21.0,14.0,17.0,21.0,35.0,30.0,8.185352771872994,37.0,21.0,22.5,9.772410142845446,37.0,14.0,21.916666666666668,7.20427061898084,37.0,14.0,28.25,11.018758708595989,52.0,14.0,32.8,34.0,30.7,69.0,65.0,79.0,1.33,2.0,1.2,999.0,1001.0,1003.0,2286.2000000000003,142.0,64.4,0.0,0.799118809528952,20.895820835832833,32.79344131173765,22.862000000000002,31.200000000000003,0.032232199967767806,1036.8400000000001,5041,4.0,998001,438.8,73.13333333333334,5.0,23.0,-0.5999999999999943
104,145.7,10.3,140.3,46.3,90.7,83,0.0,999,75,31.0,0.7,2.0,2023,8,26,17,5,238,34,-0.9659258262890683,-0.25881904510252063,-0.8660254037844385,-0.5000000000000004,-0.9749279121818236,-0.2225209339563146,2,1,1,37.0,32.0,21.0,14.0,24.0,42.0,35.333333333333336,2.8867513459495635,37.0,32.0,26.333333333333332,10.269696522617211,37.0,14.0,23.0,8.420753583206562,37.0,14.0,28.041666666666668,10.792425551068735,52.0,14.0,32.2,33.4,31.8,71.0,67.0,74.0,2.0,0.66,1.2,999.0,1000.0,1002.0,2325.0,150.0,62.0,0.0,0.799118809528952,14.144257839044752,13.620036889622368,23.25,30.0,0.031030999968969002,961.0,5625,4.0,998001,470.3,78.38333333333334,0.0,16.0,-1.2000000000000028
112,186.9,15.7,116.7,50.0,99.3,91,1.0,1000,79,29.8,0.7,2.0,2023,8,26,18,5,238,34,-1.0,-1.8369701987210297e-16,-0.8660254037844385,-0.5000000000000004,-0.9749279121818236,-0.2225209339563146,2,2,1,37.0,37.0,32.0,17.0,25.0,47.0,38.0,1.7320508075711818,40.0,37.0,30.166666666666668,10.381072520055763,40.0,14.0,24.25,9.752622025057232,40.0,14.0,27.75,10.343029578878909,52.0,14.0,31.0,32.8,32.9,75.0,69.0,69.0,2.0,1.33,1.6,999.0,999.0,1001.0,2354.2000000000003,158.0,59.6,91.0,0.7999840003199936,11.90370040124833,7.432647602063564,23.542,28.8,0.0297999702000298,888.0400000000001,6241,4.0,1000000,508.6,84.76666666666667,3.0,8.0,-1.1999999999999993
121,228.2,21.0,93.0,53.8,108.0,100,0.25,1000,84,28.6,0.0,2.0,2023,8,26,19,5,238,34,-0.9659258262890684,0.2588190451025203,-0.8660254037844385,-0.5000000000000004,-0.9749279121818236,-0.2225209339563146,2,2,1,40.0,37.0,37.0,14.0,23.0,51.0,40.0,3.0000000000012936,43.0,37.0,35.0,7.771743691089619,43.0,21.0,25.916666666666668,11.13110574702756,43.0,14.0,27.416666666666668,9.668040881830828,52.0,14.0,29.8,32.2,34.0,79.0,71.0,65.0,2.0,2.0,2.0,1000.0,999.0,1001.0,2402.4,168.0,57.2,25.0,0.7992416497834613,10.866149230988999,4.428360554259321,24.024,27.6,0.028599971400028602,817.96,7056,4.0,1000000,547.0,91.16666666666667,3.0,6.0,-1.1999999999999993
91,214.2,18.7,84.7,38.8,93.0,79,0.5,1000,86,28.3,0.0,1.33,2023,8,26,20,5,238,34,-0.8660254037844386,0.5000000000000001,-0.8660254037844385,-0.5000000000000004,-0.9749279121818236,-0.2225209339563146,2,2,1,43.0,40.0,37.0,21.0,24.0,52.0,38.0,6.244997998399037,43.0,31.0,36.666666666666664,4.5898438608146925,43.0,31.0,26.5,11.204706803189866,43.0,14.0,26.541666666666668,8.182585785980224,43.0,14.0,28.6,31.0,33.4,84.0,75.0,67.0,2.0,2.0,0.66,1000.0,999.0,1000.0,2433.8,114.38000000000001,37.639,39.5,0.7989484807092602,11.453932944762311,4.529169563124967,24.338,27.635,0.028299971700028303,800.89,7396,1.7689000000000001,1000000,480.4,80.06666666666666,-12.0,-6.0,-0.3000000000000007
91,200.2,16.3,76.3,38.8,78.0,58,0.25,1000,89,27.9,0.0,0.66,2023,8,26,21,5,238,34,-0.7071067811865477,0.7071067811865474,-0.8660254037844385,-0.5000000000000004,-0.9749279121818236,-0.2225209339563146,2,2,1,31.0,43.0,40.0,32.0,15.0,30.0,35.0,6.928203230276108,43.0,31.0,36.5,4.8062459362782946,43.0,31.0,27.833333333333332,10.650081803640616,43.0,14.0,26.583333333333332,8.203481056799816,43.0,14.0,28.3,29.8,32.8,86.0,79.0,69.0,1.33,2.0,1.33,1000.0,1000.0,999.0,2483.1,58.74,18.414,14.5,0.7989484807092602,12.281455125452425,4.680694435924176,24.831,27.57,0.027899972100027898,778.41,7921,0.43560000000000004,1000000,440.6,73.43333333333334,0.0,-9.0,-0.40000000000000213
89,186.2,14.0,68.0,37.5,63.0,37,0.0,1000,92,27.6,0.0,2.4,2023,8,26,22,5,238,34,-0.5000000000000004,0.8660254037844384,-0.8660254037844385,-0.5000000000000004,-0.9749279121818236,-0.2225209339563146,2,3,1,31.0,31.0,43.0,37.0,17.0,27.0,30.666666666666668,0.5773502691972197,31.0,30.0,35.333333333333336,5.465040408510996,43.0,30.0,28.916666666666668,10.094628034331404,43.0,14.0,26.708333333333332,8.232909394706553,43.0,14.0,27.9,28.6,32.2,89.0,84.0,71.0,0.66,2.0,2.0,1000.0,1000.0,999.0,2539.2000000000003,220.79999999999998,66.24,0.0,0.7999786672355405,13.299050067852296,4.856795943146918,25.392000000000003,26.400000000000002,0.0275999724000276,761.7600000000001,8464,5.76,1000000,398.7,66.45,-1.0,-13.0,-0.29999999999999716
93,168.5,13.7,61.7,40.0,56.0,29,0.0,1000,91,27.4,0.0,2.0,2023,8,26,23,5,238,34,-0.25881904510252157,0.9659258262890681,-0.8660254037844385,-0.5000000000000004,-0.9749279121818236,-0.2225209339563146,2,3,1,30.0,31.0,31.0,37.0,14.0,35.0,31.0,1.0000000000043647,32.0,30.0,34.5,5.540758070877233,43.0,30.0,30.416666666666668,8.94892917243887,43.0,14.0,26.583333333333332,8.123592408730666,43.0,14.0,27.6,28.3,31.0,92.0,86.0,75.0,2.4,1.33,2.0,1000.0,1000.0,999.0,2493.4,182.0,54.8,0.0,0.7999800004999875,12.298372381577988,4.503320925479892,24.934,26.4,0.0273999726000274,750.7599999999999,8281,4.0,1000000,371.9,61.98333333333333,2.0,1.0,-0.20000000000000284
82,150.8,13.3,55.3,33.8,49.0,20,0.0,1000,90,27.2,0.0,2.0,2023,8,27,0,6,239,34,0.0,1.0,-0.8660254037844385,-0.5000000000000004,-0.7818314824680299,0.6234898018587334,2,3,1,32.0,30.0,31.0,40.0,17.0,28.0,29.666666666666668,2.5166114784253475,32.0,27.0,32.333333333333336,5.501514942873229,43.0,27.0,31.25,8.00142032846177,43.0,14.0,26.541666666666668,8.11857326653249,43.0,14.0,27.4,27.9,29.8,91.0,89.0,79.0,2.0,0.66,2.0,1000.0,1000.0,1000.0,2448.0,180.0,54.4,0.0,0.7987929351202628,11.337493421547252,4.1575821366814525,24.48,26.2,0.0271999728000272,739.8399999999999,8100,4.0,1000000,329.20000000000005,54.866666666666674,-5.0,-4.0,-0.1999999999999993
107,133.1,13.0,49.0,47.5,42.0,12,0.0,1000,89,27.0,0.0,2.0,2023,8,27,1,6,239,34,0.25881904510252074,0.9659258262890683,-0.8660254037844385,-0.5000000000000004,-0.7818314824680299,0.6234898018587334,2,3,1,27.0,32.0,30.0,43.0,14.0,30.0,32.333333333333336,5.507570547286881,38.0,27.0,31.5,3.6193922141694728,38.0,27.0,33.25,6.062177826490551,43.0,21.0,26.875,8.425182232579434,43.0,14.0,27.2,27.6,28.6,90.0,92.0,84.0,2.0,2.4,2.0,1000.0,1000.0,1000.0,2403.0,178.0,54.0,0.0,0.7999831582493001,10.237674025074995,3.768940850703792,24.03,26.0,0.026999973000027,729.0,7921,4.0,1000000,322.6,53.76666666666667,11.0,8.0,-0.1999999999999993
129,131.1,14.3,40.0,57.5,52.0,37,0.0,1000,92,26.9,0.0,2.0,2023,8,27,2,6,239,34,0.49999999999999994,0.8660254037844387,-0.8660254037844385,-0.5000000000000004,-0.7818314824680299,0.6234898018587334,2,3,1,38.0,27.0,32.0,31.0,21.0,25.0,37.0,9.539392014169879,46.0,27.0,34.0,6.899275324263492,46.0,27.0,35.333333333333336,5.757735244999423,46.0,27.0,27.75,9.270101542523387,46.0,14.0,27.0,27.4,28.3,89.0,91.0,86.0,2.0,2.0,1.33,1000.0,1000.0,1000.0,2474.7999999999997,184.0,53.8,0.0,0.7999860871984835,9.167191105517096,2.7970072022935457,24.747999999999998,25.9,0.0268999731000269,723.6099999999999,8464,4.0,1000000,340.9,56.81666666666666,8.0,14.0,-0.10000000000000142
61,129.2,15.7,31.0,21.3,62.0,62,0.0,1000,94,26.8,0.0,1.6,2023,8,27,3,6,239,34,0.7071067811865476,0.7071067811865476,-0.8660254037844385,-0.5000000000000004,-0.7818314824680299,0.6234898018587334,2,3,1,46.0,38.0,27.0,31.0,32.0,27.0,33.666666666666664,14.977761292440931,46.0,17.0,31.666666666666668,9.85224170768548,46.0,17.0,34.083333333333336,7.80976467266574,46.0,17.0,27.333333333333332,9.52646960780353,46.0,14.0,26.9,27.2,27.9,92.0,90.0,89.0,2.0,2.0,0.66,1000.0,1000.0,1000.0,2519.2000000000003,150.4,42.88,0.0,0.7980845969672785,8.228775237246035,1.974396535252532,25.192000000000004,26.0,0.026799973200026802,718.24,8836,2.5600000000000005,1000000,276.2,46.03333333333333,-29.0,-10.0,-0.09999999999999787
76,127.2,17.0,22.0,30.0,72.0,87,0.0,999,96,26.7,0.0,1.6,2023,8,27,4,6,239,34,0.8660254037844386,0.5000000000000001,-0.8660254037844385,-0.5000000000000004,-0.7818314824680299,0.6234898018587334,2,3,1,17.0,46.0,38.0,30.0,37.0,21.0,29.0,15.132745950421855,46.0,17.0,30.666666666666668,10.347302385967904,46.0,17.0,33.0,8.257228238447324,46.0,17.0,27.458333333333332,9.459199187846767,46.0,14.0,26.8,27.0,27.6,94.0,89.0,92.0,1.6,2.0,2.4,1000.0,1000.0,1000.0,2563.2,153.60000000000002,42.72,0.0,0.7999733342221925,7.481912828657137,1.2940415269690018,25.631999999999998,25.9,0.0267266999732733,712.89,9216,2.5600000000000005,998001,292.2,48.699999999999996,7.0,-14.0,-0.10000000000000142
85,138.3,16.3,27.3,35.0,75.3,87,0.0,999,95,27.0,0.0,1.2,2023,8,27,5,6,239,34,0.9659258262890683,0.25881904510252074,-0.8660254037844385,-0.5000000000000004,-0.7818314824680299,0.6234898018587334,2,3,1,24.0,17.0,46.0,32.0,37.0,24.0,23.0,5.567764362830897,28.0,17.0,30.0,10.373041983911483,46.0,17.0,32.25,8.269604805331234,46.0,17.0,27.625,9.430812127876532,46.0,14.0,26.7,26.9,27.4,96.0,92.0,91.0,1.6,2.0,2.0,999.0,1000.0,1000.0,2565.0,114.0,32.4,0.0,0.7999771435101855,8.484142077173178,1.6747438807435124,25.65,26.4,0.027026999972973,729.0,9025,1.44,998001,320.20000000000005,53.366666666666674,4.0,-18.0,0.3000000000000007
69,149.4,15.7,32.7,26.3,78.7,87,0.0,999,94,27.3,0.6,0.8,2023,8,27,6,6,239,34,1.0,6.123233995736766e-17,-0.8660254037844385,-0.5000000000000004,-0.7818314824680299,0.6234898018587334,2,0,1,28.0,24.0,17.0,27.0,40.0,25.0,24.333333333333332,3.5118845842856112,28.0,21.0,29.0,10.990905331226816,46.0,17.0,30.666666666666668,8.46740631462573,46.0,17.0,27.458333333333332,9.514196105621878,46.0,14.0,27.0,26.8,27.2,95.0,94.0,90.0,1.2,1.6,2.0,999.0,1000.0,1000.0,2566.2000000000003,75.2,21.840000000000003,0.0,0.79844872818524,9.515317495700913,2.0826698936373482,25.662000000000003,26.900000000000002,0.027327299972672702,745.2900000000001,8836,0.6400000000000001,998001,323.8,53.96666666666667,-7.0,4.0,0.3000000000000007
54,160.5,15.0,38.0,17.5,82.0,87,0.0,999,93,27.6,0.7,1.2,2023,8,27,7,6,239,34,0.9659258262890683,-0.25881904510252063,-0.8660254037844385,-0.5000000000000004,-0.7818314824680299,0.6234898018587334,2,0,1,21.0,28.0,24.0,38.0,43.0,23.0,21.0,7.000000000000712,28.0,14.0,25.0,11.419281938895686,46.0,14.0,28.25,8.76070773396729,46.0,14.0,27.083333333333332,9.86833612981504,46.0,14.0,27.3,26.7,27.0,94.0,96.0,89.0,0.8,1.6,2.0,999.0,999.0,1000.0,2566.8,111.6,33.12,0.0,0.7999542883263813,10.699286714219053,2.5331644557029533,25.668000000000003,27.0,0.0276275999723724,761.7600000000001,8649,1.44,998001,327.0,54.5,-7.0,-10.0,0.3000000000000007
56,150.6,13.0,72.0,18.8,91.0,85,0.0,1000,85,29.0,1.2,0.66,2023,8,27,8,6,239,34,0.8660254037844387,-0.4999999999999998,-0.8660254037844385,-0.5000000000000004,-0.7818314824680299,0.6234898018587334,2,0,1,14.0,21.0,28.0,46.0,31.0,24.0,16.666666666666668,3.7859388972015657,21.0,14.0,19.833333333333332,5.492419017760286,28.0,14.0,26.916666666666668,9.491224016602274,46.0,14.0,26.708333333333332,10.157366856093832,46.0,14.0,27.6,27.0,26.9,93.0,95.0,92.0,1.2,1.2,2.0,999.0,999.0,1000.0,2465.0,56.1,19.14,0.0,0.7978299026647518,11.583724328897777,5.538035535728021,24.65,28.67,0.028999971000029,841.0,7225,0.43560000000000004,1000000,360.4,60.06666666666666,1.0,-13.0,1.3999999999999986
69,140.6,11.0,106.0,26.3,100.0,83,0.0,1000,78,30.3,1.9,1.33,2023,8,27,9,6,239,34,0.7071067811865476,-0.7071067811865475,-0.8660254037844385,-0.5000000000000004,-0.7818314824680299,0.6234898018587334,2,0,1,15.0,14.0,21.0,17.0,31.0,15.0,16.666666666666668,3.7859388972015657,21.0,14.0,20.5,5.319774431307057,28.0,14.0,26.083333333333332,9.538994928314974,46.0,14.0,26.958333333333332,9.927910444655499,46.0,14.0,29.0,27.3,26.8,85.0,94.0,94.0,0.66,0.8,1.6,1000.0,999.0,1000.0,2363.4,103.74000000000001,40.29900000000001,0.0,0.79844872818524,12.780656303972366,9.635487682937915,23.634,29.635,0.0302999697000303,918.09,6084,1.7689000000000001,1000000,404.90000000000003,67.48333333333333,6.0,0.0,1.3000000000000007
91,130.7,9.0,140.0,38.8,109.0,81,0.0,1000,72,31.7,2.7,2.0,2023,8,27,10,6,239,34,0.49999999999999994,-0.8660254037844387,-0.8660254037844385,-0.5000000000000004,-0.7818314824680299,0.6234898018587334,2,0,1,21.0,15.0,14.0,24.0,30.0,17.0,22.333333333333332,8.082903768655369,31.0,15.0,21.666666666666668,6.801960501697671,31.0,14.0,26.166666666666668,9.580599082931785,46.0,14.0,27.541666666666668,9.726607016733517,46.0,14.0,30.3,27.6,26.7,78.0,93.0,96.0,1.33,1.2,1.6,1000.0,999.0,999.0,2282.4,144.0,63.4,0.0,0.7989484807092602,14.520608821242083,15.553827352516388,22.824,30.7,0.0316999683000317,1004.89,5184,4.0,1000000,458.5,76.41666666666667,10.0,17.0,1.3999999999999986
100,120.0,7.3,148.3,43.8,96.0,79,0.0,1000,65,32.8,3.4,2.0,2023,8,27,11,6,239,34,0.258819045102521,-0.9659258262890682,-0.8660254037844385,-0.5000000000000004,-0.7818314824680299,0.6234898018587334,2,0,1,31.0,21.0,15.0,28.0,32.0,14.0,29.0,7.211102550928607,35.0,21.0,22.833333333333332,8.49509662491578,35.0,14.0,26.416666666666668,9.783644360344027,46.0,14.0,28.416666666666668,9.394339954909286,46.0,14.0,31.7,29.0,27.0,72.0,85.0,95.0,2.0,0.66,1.2,1000.0,1000.0,999.0,2132.0,130.0,65.6,0.0,0.7990685144174792,16.43610464319956,20.312285988220793,21.32,31.799999999999997,0.032799967200032795,1075.84,4225,4.0,1000000,450.40000000000003,75.06666666666668,4.0,20.0,1.0999999999999979
96,109.3,5.7,156.7,37.5,83.0,77,0.0,999,59,33.9,3.6,2.0,2023,8,27,12,6,239,34,1.2246467991473532e-16,-1.0,-0.8660254037844385,-0.5000000000000004,-0.7818314824680299,0.6234898018587334,2,1,1,35.0,31.0,21.0,21.0,27.0,17.0,32.0,2.6457513110662374,35.0,30.0,24.333333333333332,8.891943919450672,35.0,14.0,26.666666666666668,9.838083085025929,46.0,14.0,28.958333333333332,9.076865800132927,46.0,14.0,32.8,30.3,27.3,65.0,78.0,94.0,2.0,1.33,0.8,1000.0,1000.0,999.0,2000.1,118.0,67.8,0.0,0.7999786672355405,19.172075074548324,27.486405893702855,20.000999999999998,32.9,0.0339338999660661,1149.2099999999998,3481,4.0,998001,422.2,70.36666666666666,-5.0,9.0,1.1000000000000014
101,98.6,4.0,165.0,36.3,70.0,75,0.0,999,54,35.0,3.3,2.0,2023,8,27,13,6,239,34,-0.2588190451025208,-0.9659258262890683,-0.8660254037844385,-0.5000000000000004,-0.7818314824680299,0.6234898018587334,2,1,1,30.0,35.0,31.0,14.0,38.0,14.0,31.333333333333332,3.214550253665686,35.0,29.0,26.833333333333332,7.3869253865634965,35.0,15.0,25.916666666666668,9.219133594997896,46.0,14.0,29.583333333333332,8.500213126057824,46.0,14.0,33.9,31.7,27.6,59.0,72.0,93.0,2.0,2.0,1.2,999.0,1000.0,999.0,1890.0,108.0,70.0,0.0,0.798876064020275,24.643839040239936,41.239690077480624,18.9,34.0,0.035034999964965,1225.0,2916,4.0,998001,402.90000000000003,67.15,-1.0,-2.0,1.1000000000000014
102,100.2,4.7,166.3,32.5,71.0,75,0.0,998,54,35.2,2.7,1.66,2023,8,27,14,6,239,34,-0.4999999999999997,-0.8660254037844388,-0.8660254037844385,-0.5000000000000004,-0.7818314824680299,0.6234898018587334,2,1,1,29.0,30.0,35.0,15.0,46.0,21.0,28.333333333333332,2.0816659994683264,30.0,26.0,28.666666666666668,4.760952285694179,35.0,21.0,24.25,6.7301897852474655,35.0,14.0,29.791666666666668,8.340467960318625,46.0,14.0,35.0,32.8,29.0,54.0,65.0,85.0,2.0,2.0,0.66,999.0,1000.0,1000.0,1900.8000000000002,89.64,58.432,0.0,0.7999753853727578,21.31461391193363,35.37545203148266,19.008000000000003,34.370000000000005,0.03527050574097622,1239.0400000000002,2916,2.7556,996004,400.70000000000005,66.78333333333335,-3.0,-9.0,0.20000000000000284
102,101.7,5.3,167.7,27.5,72.0,75,0.0,997,55,35.3,1.8,1.33,2023,8,27,15,6,239,34,-0.7071067811865471,-0.7071067811865479,-0.8660254037844385,-0.5000000000000004,-0.7818314824680299,0.6234898018587334,2,1,1,26.0,29.0,30.0,21.0,17.0,32.0,25.666666666666668,3.5118845842855895,29.0,22.0,28.833333333333332,4.445971959724517,35.0,22.0,24.666666666666668,6.386538873902946,35.0,14.0,29.375,8.474065294101496,46.0,14.0,35.2,33.9,30.3,54.0,59.0,78.0,1.66,2.0,1.33,998.0,999.0,1000.0,1941.4999999999998,73.15,46.949,0.0,0.7999709101487218,19.185059422750424,31.635540464063382,19.415,34.635,0.035406183143246596,1246.0899999999997,3025,1.7689000000000001,994009,396.2,66.03333333333333,-4.0,-8.0,0.09999999999999432
103,103.3,6.0,169.0,42.5,73.0,75,0.25,997,55,35.5,1.1,1.0,2023,8,27,16,6,239,34,-0.8660254037844385,-0.5000000000000004,-0.8660254037844385,-0.5000000000000004,-0.7818314824680299,0.6234898018587334,2,1,1,22.0,26.0,29.0,31.0,24.0,37.0,27.333333333333332,6.110100926608543,34.0,22.0,29.333333333333332,4.885352256148655,35.0,22.0,25.5,6.921639322377723,35.0,14.0,29.25,8.378284560332908,46.0,14.0,35.3,35.0,31.7,55.0,54.0,72.0,1.33,2.0,2.0,997.0,999.0,1000.0,1952.5,55.0,35.5,18.75,0.7999811769134845,17.213797700383267,28.16197300449925,19.525,35.0,0.035606784747457626,1260.25,3025,1.0,994009,427.8,71.3,12.0,5.0,0.20000000000000284
112,175.3,14.3,140.3,50.0,90.7,69,0.0,997,61,34.5,0.7,0.66,2023,8,27,17,6,239,34,-0.9659258262890683,-0.25881904510252063,-0.8660254037844385,-0.5000000000000004,-0.7818314824680299,0.6234898018587334,2,1,1,34.0,22.0,26.0,35.0,28.0,37.0,32.0,9.165151389912156,40.0,22.0,30.166666666666668,6.274286147973881,40.0,22.0,26.5,8.08477806520568,40.0,14.0,29.375,8.52011685978236,46.0,14.0,35.5,35.2,32.8,55.0,54.0,65.0,1.0,1.66,2.0,997.0,998.0,1000.0,2104.5,40.260000000000005,22.77,0.0,0.7999840003199936,12.257884064051465,9.810502762044614,21.045,34.17,0.03460377672640248,1190.25,3721,0.43560000000000004,994009,510.6,85.10000000000001,6.0,14.0,-1.0
110,247.3,22.7,111.7,48.8,108.3,63,0.0,997,66,33.5,0.6,0.33,2023,8,27,18,6,239,34,-1.0,-1.8369701987210297e-16,-0.8660254037844385,-0.5000000000000004,-0.7818314824680299,0.6234898018587334,2,2,1,40.0,34.0,22.0,30.0,21.0,40.0,37.666666666666664,3.2145502536655775,40.0,34.0,31.666666666666668,7.229568912919859,40.0,22.0,28.0,8.623435299440168,40.0,14.0,29.333333333333332,8.468184275719087,46.0,14.0,34.5,35.3,33.9,61.0,55.0,59.0,0.66,1.33,2.0,997.0,997.0,999.0,2211.0,21.78,11.055,0.0,0.7991639515583698,10.893793224968062,4.920488084225364,22.11,33.335,0.03360076870534734,1122.25,4356,0.10890000000000001,994009,577.8,96.3,-1.0,17.0,-1.0
67,319.2,31.0,83.0,25.0,126.0,58,0.0,997,73,32.5,0.0,2.4,2023,8,27,19,6,239,34,-0.9659258262890684,0.2588190451025203,-0.8660254037844385,-0.5000000000000004,-0.7818314824680299,0.6234898018587334,2,2,1,39.0,40.0,34.0,29.0,14.0,43.0,33.0,11.269427669585026,40.0,20.0,30.166666666666668,8.681397736923294,40.0,20.0,28.5,7.8797784925024015,40.0,15.0,28.375,8.149753263803067,46.0,14.0,33.5,35.5,35.0,66.0,55.0,54.0,0.33,1.0,2.0,997.0,997.0,999.0,2372.5,175.2,78.0,0.0,0.7999680012799487,10.296442050256443,2.677332989258411,23.725,31.3,0.032597760684292196,1056.25,5329,5.76,994009,604.2,100.7,-19.0,-14.0,-1.0
104,309.1,27.7,75.0,46.3,115.7,52,0.0,998,76,32.0,0.0,0.33,2023,8,27,20,6,239,34,-0.8660254037844386,0.5000000000000001,-0.8660254037844385,-0.5000000000000004,-0.7818314824680299,0.6234898018587334,2,2,1,20.0,39.0,40.0,26.0,15.0,31.0,32.0,10.440306508910966,39.0,20.0,32.0,8.786353054594986,40.0,20.0,30.333333333333332,6.95875293599626,40.0,20.0,28.625,8.32394398577142,46.0,14.0,32.5,34.5,35.2,73.0,61.0,54.0,2.4,0.66,1.66,997.0,997.0,998.0,2432.0,25.080000000000002,10.56,0.0,0.799118809528952,11.158441933504207,2.7074834843507456,24.32,31.835,0.03206409612816019,1024.0,5776,0.10890000000000001,996004,610.8000000000001,101.80000000000001,17.0,-3.0,-0.5
91,299.0,24.3,67.0,38.8,105.3,47,0.5,999,79,31.5,0.0,0.66,2023,8,27,21,6,239,34,-0.7071067811865477,0.7071067811865474,-0.8660254037844385,-0.5000000000000004,-0.7818314824680299,0.6234898018587334,2,2,1,37.0,20.0,39.0,22.0,21.0,31.0,29.333333333333332,8.621678104252227,37.0,20.0,33.5,7.395944834839628,40.0,20.0,31.166666666666668,6.307763374435731,40.0,20.0,28.625,8.32394398577142,46.0,14.0,32.0,33.5,35.3,76.0,66.0,55.0,0.33,0.33,1.33,998.0,997.0,997.0,2488.5,52.14,20.790000000000003,23.5,0.7989484807092602,12.304020410682687,2.757088185671371,24.885,31.17,0.0315314999684685,992.25,6241,0.43560000000000004,998001,565.4,94.23333333333333,-6.0,-8.0,-0.5
78,288.9,21.0,59.0,31.3,95.0,41,4.0,1000,82,31.0,0.0,1.0,2023,8,27,22,6,239,34,-0.5000000000000004,0.8660254037844384,-0.8660254037844385,-0.5000000000000004,-0.7818314824680299,0.6234898018587334,2,3,1,31.0,37.0,20.0,34.0,31.0,30.0,31.0,6.000000000000732,37.0,25.0,32.0,8.148619514984771,40.0,20.0,30.666666666666668,6.555127532679366,40.0,20.0,28.416666666666668,8.350561900732801,46.0,14.0,31.5,32.5,35.5,79.0,73.0,55.0,0.66,2.4,1.0,999.0,997.0,997.0,2542.0,82.0,31.0,164.0,0.7986965272674994,13.756487786295889,2.8093900290462357,25.42,30.5,0.030999969000031,961.0,6724,1.0,1000000,520.2,86.7,-6.0,5.0,-0.5
110,236.6,18.0,61.7,48.8,102.3,36,0.5,999,85,30.6,0.0,1.33,2023,8,27,23,6,239,34,-0.25881904510252157,0.9659258262890681,-0.8660254037844385,-0.5000000000000004,-0.7818314824680299,0.6234898018587334,2,3,1,25.0,31.0,37.0,40.0,35.0,32.0,31.666666666666668,7.023769168569112,39.0,25.0,31.833333333333332,7.960318251593794,39.0,20.0,31.0,6.888725967444163,40.0,20.0,28.708333333333332,8.599692444787017,46.0,14.0,31.0,32.0,34.5,82.0,76.0,61.0,1.0,0.33,0.66,1000.0,998.0,997.0,2601.0,113.05000000000001,40.69800000000001,18.0,0.7991639515583698,13.143714238097882,3.4275873562579857,26.01,29.935000000000002,0.030630599969369402,936.3600000000001,7225,1.7689000000000001,998001,506.40000000000003,84.4,14.0,2.0,-0.3999999999999986
110,184.2,15.0,64.3,48.8,109.7,30,1.0,999,87,30.1,0.0,1.66,2023,8,28,0,0,240,35,0.0,1.0,-0.8660254037844385,-0.5000000000000004,0.0,1.0,2,3,0,39.0,25.0,31.0,39.0,30.0,27.0,34.333333333333336,8.082903768655283,39.0,25.0,31.833333333333332,7.960318251593794,39.0,20.0,31.75,7.250391838940555,40.0,20.0,29.208333333333332,8.84149882368793,46.0,14.0,30.6,31.5,33.5,85.0,79.0,66.0,1.33,0.66,0.33,999.0,999.0,997.0,2618.7000000000003,144.42,49.966,30.0,0.7991639515583698,12.279181387907473,4.286380907939471,26.187,29.270000000000003,0.030130099969869904,906.0100000000001,7569,2.7556,998001,461.0,76.83333333333333,0.0,8.0,-0.5
82,131.9,12.0,67.0,33.8,117.0,25,1.0,999,90,29.7,0.0,2.0,2023,8,28,1,0,240,35,0.25881904510252074,0.9659258262890683,-0.8660254037844385,-0.5000000000000004,0.0,1.0,2,3,0,39.0,39.0,25.0,20.0,29.0,38.0,35.0,6.928203230276114,39.0,27.0,33.0,6.196773353931129,39.0,25.0,31.583333333333332,7.341765125057403,40.0,20.0,28.75,8.648950677746194,46.0,14.0,30.1,31.0,32.5,87.0,82.0,73.0,1.66,1.0,2.4,999.0,1000.0,997.0,2673.0,180.0,59.4,25.0,0.7987929351202628,10.990750770769104,5.582868094325473,26.73,28.7,0.0297296999702703,882.0899999999999,8100,4.0,998001,388.7,64.78333333333333,-12.0,2.0,-0.40000000000000213
46,123.5,12.7,61.3,13.8,120.3,37,8.0,999,91,28.9,0.0,1.83,2023,8,28,2,0,240,35,0.49999999999999994,0.8660254037844387,-0.8660254037844385,-0.5000000000000004,0.0,1.0,2,3,0,27.0,39.0,39.0,37.0,26.0,46.0,25.666666666666668,14.047538337137313,39.0,11.0,28.666666666666668,10.462631918721822,39.0,11.0,30.333333333333332,9.374368665610609,40.0,11.0,27.291666666666668,8.564228773961617,40.0,11.0,29.7,30.6,32.0,90.0,85.0,76.0,2.0,1.33,0.33,999.0,999.0,998.0,2629.9,166.53,52.887,296.0,0.7970436924860518,9.723643807574208,4.826391622706874,26.299,27.985,0.0289288999710711,835.2099999999999,8281,3.3489000000000004,998001,342.6,57.1,-16.0,-28.0,-0.8000000000000007
29,115.2,13.3,55.7,8.8,123.7,50,12.0,1000,92,28.1,0.0,1.66,2023,8,28,3,0,240,35,0.7071067811865476,0.7071067811865476,-0.8660254037844385,-0.5000000000000004,0.0,1.0,2,3,0,11.0,27.0,39.0,31.0,22.0,17.0,15.0,10.58300524425884,27.0,7.0,24.666666666666668,13.530213104997863,39.0,7.0,29.083333333333332,11.373480584502481,40.0,7.0,26.875,9.298492163879976,40.0,7.0,28.9,30.1,31.5,91.0,87.0,79.0,1.83,1.66,0.66,999.0,999.0,999.0,2585.2000000000003,152.72,46.646,600.0,0.7953641631632768,8.661002932110367,4.187655063529058,25.852000000000004,27.270000000000003,0.028099971900028102,789.6100000000001,8464,2.7556,1000000,323.7,53.949999999999996,-4.0,-32.0,-0.7999999999999972
33,106.8,14.0,50.0,10.0,127.0,62,14.75,1000,92,27.4,0.0,1.5,2023,8,28,4,0,240,35,0.8660254037844386,0.5000000000000001,-0.8660254037844385,-0.5000000000000004,0.0,1.0,2,3,0,7.0,11.0,27.0,25.0,34.0,24.0,8.666666666666666,2.081665999468693,11.0,7.0,21.833333333333332,15.131644546005411,39.0,7.0,26.916666666666668,12.745468594640379,40.0,7.0,26.208333333333332,10.056272827862395,40.0,7.0,28.1,29.7,31.0,92.0,90.0,82.0,1.66,2.0,1.0,1000.0,999.0,1000.0,2520.7999999999997,138.0,41.099999999999994,914.5,0.7999200079992002,7.628026569530748,3.571173487608028,25.208,26.65,0.0273999726000274,750.7599999999999,8464,2.25,1000000,315.8,52.63333333333333,1.0,-19.0,-0.7000000000000028
115,116.9,15.3,48.0,51.3,125.7,75,9.0,1001,93,26.6,0.0,1.33,2023,8,28,5,0,240,35,0.9659258262890683,0.25881904510252074,-0.8660254037844385,-0.5000000000000004,0.0,1.0,2,3,0,8.0,7.0,11.0,39.0,40.0,28.0,18.666666666666668,19.34769581457552,41.0,7.0,22.166666666666668,15.600213673749964,41.0,7.0,27.0,12.841693459551408,41.0,7.0,26.75,10.497411689264698,41.0,7.0,27.4,28.9,30.6,92.0,91.0,85.0,1.5,1.83,1.33,1000.0,999.0,999.0,2473.8,123.69000000000001,35.37800000000001,675.0,0.7992046938656168,7.640023527873995,3.1370498660218287,24.738000000000003,25.935000000000002,0.026573400026573404,707.5600000000001,8649,1.7689000000000001,1002001,398.2,66.36666666666666,33.0,30.0,-0.7999999999999972
115,127.0,16.7,46.0,51.3,124.3,87,1.75,1001,94,25.8,0.6,1.16,2023,8,28,6,0,240,35,1.0,6.123233995736766e-17,-0.8660254037844385,-0.5000000000000004,0.0,1.0,2,0,0,41.0,8.0,7.0,39.0,39.0,21.0,30.0,19.052558883257888,41.0,8.0,22.5,16.046806535880865,41.0,7.0,27.166666666666668,13.02328916234509,41.0,7.0,27.583333333333332,10.81028763912313,41.0,7.0,26.6,28.1,30.1,93.0,92.0,87.0,1.33,1.66,1.66,1001.0,1000.0,999.0,2425.2000000000003,109.03999999999999,29.927999999999997,152.25,0.7992046938656168,7.604335069756302,2.754326088258188,24.252000000000002,25.220000000000002,0.025774200025774203,665.64,8836,1.3456,1002001,406.3,67.71666666666667,0.0,34.0,-0.8000000000000007
110,137.1,18.0,44.0,48.8,123.0,100,0.0,1002,95,25.0,0.7,1.0,2023,8,28,7,0,240,35,0.9659258262890683,-0.25881904510252063,-0.8660254037844385,-0.5000000000000004,0.0,1.0,2,0,0,41.0,41.0,8.0,27.0,20.0,14.0,40.333333333333336,1.1547005383828164,41.0,39.0,24.5,17.40976737351735,41.0,7.0,28.75,13.226179273766572,41.0,7.0,28.625,10.647769719523396,41.0,7.0,25.8,27.4,29.7,94.0,92.0,90.0,1.16,1.5,2.0,1001.0,1000.0,999.0,2375.0,95.0,25.0,0.0,0.7991639515583698,7.616243542025442,2.444308649519471,23.75,24.5,0.024950074900124852,625.0,9025,1.0,1004004,409.9,68.31666666666666,-2.0,31.0,-0.8000000000000007
110,140.8,16.7,57.3,48.8,122.0,95,0.0,1002,91,26.0,1.2,1.66,2023,8,28,8,0,240,35,0.8660254037844387,-0.4999999999999998,-0.8660254037844385,-0.5000000000000004,0.0,1.0,2,0,0,39.0,41.0,41.0,11.0,37.0,15.0,39.666666666666664,1.1547005383828375,41.0,39.0,29.166666666666668,16.809719410705725,41.0,7.0,28.916666666666668,13.351597339462637,41.0,7.0,29.625,10.437443048529861,41.0,7.0,25.0,26.6,28.9,95.0,93.0,91.0,1.0,1.33,1.83,1002.0,1001.0,999.0,2366.0,151.06,43.16,0.0,0.7991639515583698,8.430632896233758,3.430932279504221,23.66,25.17,0.025948077896129844,676.0,8281,2.7556,1004004,424.6,70.76666666666667,0.0,-2.0,1.0
82,144.5,15.3,70.7,33.8,121.0,91,0.0,1002,88,27.0,1.9,2.33,2023,8,28,9,0,240,35,0.7071067811865476,-0.7071067811865475,-0.8660254037844385,-0.5000000000000004,0.0,1.0,2,0,0,39.0,39.0,41.0,7.0,31.0,21.0,35.0,6.928203230276135,39.0,27.0,32.5,13.111064030046945,41.0,8.0,28.583333333333332,13.344786747390446,41.0,7.0,29.875,10.292726431383693,41.0,7.0,26.0,25.8,28.1,91.0,94.0,92.0,1.66,1.16,1.66,1002.0,1001.0,1000.0,2376.0,205.04000000000002,62.910000000000004,0.0,0.7987929351202628,9.443827200836546,4.620613031827985,23.76,25.835,0.02694608089213484,729.0,7744,5.4289000000000005,1004004,412.3,68.71666666666667,-12.0,-14.0,1.0
46,148.2,14.0,84.0,13.8,120.0,87,0.0,1002,85,28.0,2.7,3.0,2023,8,28,10,0,240,35,0.49999999999999994,-0.8660254037844387,-0.8660254037844385,-0.5000000000000004,0.0,1.0,2,0,0,27.0,39.0,39.0,8.0,25.0,31.0,25.666666666666668,14.047538337137322,39.0,11.0,33.0,11.999999999999623,41.0,11.0,27.416666666666668,14.266670206739667,41.0,7.0,29.041666666666668,10.98409588081059,41.0,7.0,27.0,25.0,27.4,88.0,95.0,92.0,2.33,1.0,1.5,1002.0,1002.0,1000.0,2380.0,255.0,84.0,0.0,0.7970436924860518,10.584958217270195,5.999571459181487,23.8,26.5,0.027944083888139834,784.0,7225,9.0,1004004,391.0,65.16666666666667,-16.0,-28.0,1.0
50,141.2,11.3,108.0,8.8,116.0,87,0.0,1002,79,28.9,3.4,3.0,2023,8,28,11,0,240,35,0.258819045102521,-0.9659258262890682,-0.8660254037844385,-0.5000000000000004,0.0,1.0,2,0,0,11.0,27.0,39.0,41.0,39.0,35.0,15.0,10.583005244258853,27.0,7.0,27.333333333333332,15.095253117011866,41.0,7.0,24.75,14.882112508890245,41.0,7.0,27.875,11.781756346517037,41.0,7.0,28.0,26.0,26.6,85.0,91.0,93.0,3.0,1.66,1.33,1002.0,1002.0,1001.0,2283.1,237.0,86.69999999999999,0.0,0.7953641631632768,12.494469515972037,9.556676400318556,22.831,27.4,0.028842286584544324,835.2099999999999,6241,9.0,1004004,392.3,65.38333333333334,-4.0,-32.0,0.8999999999999986
65,134.2,8.7,132.0,10.0,112.0,87,0.0,1002,74,29.8,3.6,3.0,2023,8,28,12,0,240,35,1.2246467991473532e-16,-1.0,-0.8660254037844385,-0.5000000000000004,0.0,1.0,2,1,0,7.0,11.0,27.0,41.0,39.0,30.0,8.666666666666666,2.0816659994687607,11.0,7.0,21.833333333333332,15.131644546005413,39.0,7.0,22.166666666666668,14.874220122158315,41.0,7.0,26.958333333333332,12.446334074098132,41.0,7.0,28.9,27.0,25.8,79.0,88.0,94.0,3.0,2.33,1.16,1002.0,1002.0,1001.0,2205.2000000000003,222.0,89.4,0.0,0.7999200079992002,15.423514538558788,15.170670037926678,22.052000000000003,28.3,0.02974048928094882,888.0400000000001,5476,9.0,1004004,404.9,67.48333333333333,1.0,-19.0,0.9000000000000021
95,127.2,6.0,156.0,11.3,108.0,87,0.0,1001,69,30.7,3.3,3.0,2023,8,28,13,0,240,35,-0.2588190451025208,-0.9659258262890683,-0.8660254037844385,-0.5000000000000004,0.0,1.0,2,1,0,8.0,7.0,11.0,39.0,27.0,29.0,8.0,1.0000000000054985,9.0,7.0,16.833333333333332,13.151679233719713,39.0,7.0,20.666666666666668,15.245466290810448,41.0,7.0,26.125,12.962529610883873,41.0,7.0,29.8,28.0,25.0,74.0,85.0,95.0,3.0,3.0,1.0,1002.0,1002.0,1002.0,2118.2999999999997,207.0,92.1,0.0,0.7963897000265463,21.196467255457424,25.99566738876854,21.182999999999996,29.2,0.0306693000306693,942.49,4761,9.0,1002001,417.5,69.58333333333333,1.0,-2.0,0.8999999999999986
97,128.6,6.3,157.3,13.8,103.0,83,0.0,1001,66,31.2,2.7,2.0,2023,8,28,14,0,240,35,-0.4999999999999997,-0.8660254037844388,-0.8660254037844385,-0.5000000000000004,0.0,1.0,2,1,0,9.0,8.0,7.0,39.0,11.0,26.0,9.333333333333334,1.5275252316555088,11.0,8.0,12.166666666666666,7.440878084383147,27.0,7.0,20.666666666666668,15.245466290810448,41.0,7.0,25.5,13.325359934774808,41.0,7.0,30.7,28.9,26.0,69.0,79.0,91.0,3.0,3.0,1.66,1001.0,1002.0,1002.0,2059.2,132.0,62.4,0.0,0.7970436924860518,20.40945881606094,24.96429138232027,20.592,30.2,0.0311688000311688,973.4399999999999,4356,4.0,1002001,420.00000000000006,70.00000000000001,2.0,4.0,0.5
98,129.9,6.7,158.7,18.8,98.0,79,0.0,1000,64,31.7,1.8,1.0,2023,8,28,15,0,240,35,-0.7071067811865471,-0.7071067811865479,-0.8660254037844385,-0.5000000000000004,0.0,1.0,2,1,0,11.0,9.0,8.0,27.0,7.0,22.0,11.666666666666666,3.0550504633056423,15.0,9.0,10.166666666666666,2.857738033244654,15.0,7.0,21.333333333333332,14.760717729120865,41.0,7.0,25.208333333333332,13.480998436339085,41.0,7.0,31.2,29.8,27.0,66.0,74.0,88.0,2.0,3.0,2.33,1001.0,1002.0,1002.0,2028.8,64.0,31.7,0.0,0.7978299026647518,19.38516639307566,23.68303238322638,20.288,31.2,0.0316999683000317,1004.89,4096,1.0,1000000,427.09999999999997,71.18333333333332,4.0,7.0,0.5
100,131.3,7.0,160.0,23.8,93.0,75,0.0,1000,61,32.2,1.1,2.4,2023,8,28,16,0,240,35,-0.8660254037844385,-0.5000000000000004,-0.8660254037844385,-0.5000000000000004,0.0,1.0,2,1,0,15.0,11.0,9.0,11.0,8.0,34.0,15.0,4.0000000000013,19.0,11.0,11.5,4.63680924774641,19.0,7.0,22.25,14.18786293088038,41.0,7.0,24.583333333333332,13.40316856329982,41.0,7.0,31.7,30.7,28.0,64.0,69.0,85.0,1.0,3.0,3.0,1000.0,1001.0,1002.0,1964.2000000000003,146.4,77.28,0.0,0.7982857863114995,18.75446364805028,22.85387801742608,19.642000000000003,31.000000000000004,0.0321999678000322,1036.8400000000001,3721,5.76,1000000,434.1,72.35000000000001,4.0,10.0,0.5000000000000036
70,160.7,11.3,136.3,23.8,101.0,79,0.0,1000,66,31.5,0.7,1.6,2023,8,28,17,0,240,35,-0.9659258262890683,-0.25881904510252063,-0.8660254037844385,-0.5000000000000004,0.0,1.0,2,1,0,19.0,15.0,11.0,7.0,41.0,40.0,17.666666666666668,2.3094010767607056,19.0,15.0,13.5,4.888762624630799,19.0,8.0,20.416666666666668,12.90847736484761,41.0,7.0,23.708333333333332,13.033332406686503,41.0,7.0,32.2,31.2,28.9,61.0,66.0,79.0,2.4,2.0,3.0,1000.0,1001.0,1002.0,2079.0,105.60000000000001,50.400000000000006,0.0,0.7982857863114995,14.219980532696221,12.060879568179807,20.79,30.7,0.0314999685000315,992.25,4356,2.5600000000000005,1000000,452.1,75.35000000000001,0.0,8.0,-0.7000000000000028
74,190.1,15.7,112.7,28.8,109.0,83,0.0,1001,72,30.7,0.6,1.6,2023,8,28,18,0,240,35,-1.0,-1.8369701987210297e-16,-0.8660254037844385,-0.5000000000000004,0.0,1.0,2,2,0,19.0,19.0,15.0,8.0,41.0,39.0,20.333333333333332,2.3094010767606563,23.0,19.0,16.0,5.3291650377885205,23.0,9.0,18.916666666666668,11.23677674046908,39.0,7.0,23.041666666666668,12.61978834889913,41.0,7.0,31.5,31.7,29.8,66.0,64.0,74.0,1.6,1.0,3.0,1000.0,1000.0,1002.0,2210.4,115.2,49.120000000000005,0.0,0.7985833825214401,12.107509075855042,7.1778867588051725,22.104,29.9,0.0306693000306693,942.49,5184,2.5600000000000005,1002001,479.3,79.88333333333334,4.0,8.0,-0.8000000000000007
78,219.4,20.0,89.0,31.3,117.0,87,0.0,1001,78,30.0,0.0,1.6,2023,8,28,19,0,240,35,-0.9659258262890684,0.2588190451025203,-0.8660254037844385,-0.5000000000000004,0.0,1.0,2,2,0,23.0,19.0,19.0,9.0,39.0,20.0,22.333333333333332,3.055050463305494,25.0,19.0,18.666666666666668,5.12510162500752,25.0,11.0,17.75,9.564375187500136,39.0,7.0,23.25,12.60865817085867,41.0,7.0,30.7,32.2,30.7,72.0,61.0,69.0,1.6,2.4,3.0,1001.0,1000.0,1001.0,2340.0,124.80000000000001,48.0,0.0,0.7986965272674994,10.969451527423628,4.449777511124443,23.4,29.2,0.029970000029970002,900.0,6084,2.5600000000000005,1002001,501.7,83.61666666666666,2.0,6.0,-0.6999999999999993
56,225.7,19.7,78.3,18.8,118.7,79,0.0,1002,82,29.2,0.0,0.8,2023,8,28,20,0,240,35,-0.8660254037844386,0.5000000000000001,-0.8660254037844385,-0.5000000000000004,0.0,1.0,2,2,0,25.0,23.0,19.0,11.0,39.0,37.0,21.0,5.291502622130117,25.0,15.0,19.333333333333332,4.0824829046371836,25.0,15.0,15.75,6.837397165588364,27.0,7.0,22.333333333333332,12.362871014054146,41.0,7.0,30.0,31.5,31.2,78.0,66.0,66.0,1.6,1.6,2.0,1001.0,1000.0,1001.0,2394.4,65.60000000000001,23.36,0.0,0.7978299026647518,11.456271255266229,3.974417542256738,23.944000000000003,28.8,0.029141687483345825,852.64,6724,0.6400000000000001,1004004,476.2,79.36666666666666,-10.0,-4.0,-0.8000000000000007
56,231.9,19.3,67.7,18.8,120.3,70,0.0,1003,86,28.3,0.0,1.2,2023,8,28,21,0,240,35,-0.7071067811865477,0.7071067811865474,-0.8660254037844385,-0.5000000000000004,0.0,1.0,2,2,0,15.0,25.0,23.0,15.0,27.0,31.0,18.333333333333332,5.773502691897134,25.0,15.0,19.333333333333332,4.0824829046371836,25.0,15.0,14.75,5.848465222136605,25.0,7.0,21.666666666666668,12.306472905033095,41.0,7.0,29.2,30.7,31.7,82.0,72.0,64.0,0.8,1.6,1.0,1002.0,1001.0,1000.0,2433.8,103.2,33.96,0.0,0.7978299026647518,12.014921506657686,3.5075902802963577,24.338,27.7,0.028215325807252438,800.89,7396,1.44,1006009,473.00000000000006,78.83333333333334,0.0,-8.0,-0.8999999999999986
61,238.1,19.0,57.0,21.3,122.0,62,0.0,1003,90,27.5,0.0,1.2,2023,8,28,22,0,240,35,-0.5000000000000004,0.8660254037844384,-0.8660254037844385,-0.5000000000000004,0.0,1.0,2,3,0,15.0,15.0,25.0,19.0,11.0,25.0,15.666666666666666,1.154700538383729,17.0,15.0,19.0,4.195235392679191,25.0,15.0,15.25,5.7544449222867895,25.0,7.0,21.333333333333332,12.320596635279884,41.0,7.0,28.3,30.0,32.2,86.0,78.0,61.0,1.2,1.6,2.4,1003.0,1001.0,1000.0,2475.0,108.0,33.0,0.0,0.7980845969672785,12.530919425293405,2.99984211357297,24.75,26.9,0.02741771942400855,756.25,8100,1.44,1006009,474.40000000000003,79.06666666666668,2.0,-8.0,-0.8000000000000007
54,226.8,18.3,52.7,17.5,112.3,58,0.0,1003,91,27.5,0.0,1.6,2023,8,28,23,0,240,35,-0.25881904510252157,0.9659258262890681,-0.8660254037844385,-0.5000000000000004,0.0,1.0,2,3,0,17.0,15.0,15.0,19.0,7.0,39.0,15.333333333333334,1.5275252316553407,17.0,14.0,18.166666666666668,4.665476038589698,25.0,14.0,15.833333333333334,5.166911040163695,25.0,8.0,20.291666666666668,11.808173906853115,41.0,7.0,27.5,29.2,31.5,90.0,82.0,66.0,1.2,0.8,1.6,1003.0,1002.0,1000.0,2502.5,145.6,44.0,0.0,0.7999542883263813,12.392765422654499,2.8796240642587834,25.025,26.7,0.02741771942400855,756.25,8281,2.5600000000000005,1006009,441.6,73.60000000000001,-3.0,-1.0,0.0
63,215.5,17.7,48.3,22.5,102.7,54,0.0,1003,91,27.5,0.0,1.6,2023,8,29,0,1,241,35,0.0,1.0,-0.8660254037844385,-0.5000000000000004,0.7818314824680298,0.6234898018587336,2,3,0,14.0,17.0,15.0,23.0,8.0,39.0,16.333333333333332,2.081665999468603,18.0,14.0,17.333333333333332,4.033195589932931,25.0,14.0,16.666666666666668,4.559372630952034,25.0,9.0,19.416666666666668,11.119574071709101,41.0,7.0,27.5,28.3,30.7,91.0,86.0,72.0,1.6,1.2,1.6,1003.0,1003.0,1001.0,2502.5,145.6,44.0,0.0,0.7999644460246211,12.174453420710694,2.7286593977741367,25.025,26.7,0.02741771942400855,756.25,8281,2.5600000000000005,1006009,424.7,70.78333333333333,4.0,3.0,0.0
72,204.3,17.0,44.0,27.5,93.0,50,0.0,1003,92,27.5,0.0,1.2,2023,8,29,1,1,241,35,0.25881904510252074,0.9659258262890683,-0.8660254037844385,-0.5000000000000004,0.7818314824680298,0.6234898018587336,2,3,0,18.0,14.0,17.0,25.0,9.0,27.0,18.0,4.000000000001267,22.0,14.0,16.833333333333332,2.92688685579992,22.0,14.0,17.75,4.0926763859356825,25.0,11.0,19.208333333333332,11.017689991718612,41.0,7.0,27.5,27.5,30.0,91.0,90.0,78.0,1.6,1.2,1.6,1003.0,1003.0,1001.0,2530.0,110.39999999999999,33.0,0.0,0.7999709101487218,12.016940179989412,2.5880830539380035,25.3,26.9,0.02741771942400855,756.25,8464,1.44,1006009,407.8,67.96666666666667,4.0,5.0,0.0
67,194.3,16.0,43.3,25.0,90.0,41,0.0,1002,90,27.5,0.0,1.2,2023,8,29,2,1,241,35,0.49999999999999994,0.8660254037844387,-0.8660254037844385,-0.5000000000000004,0.7818314824680298,0.6234898018587336,2,3,0,22.0,18.0,14.0,15.0,11.0,11.0,20.0,2.000000000002493,22.0,18.0,17.666666666666668,3.011090610834306,22.0,14.0,18.5,3.5290998079596614,25.0,14.0,19.583333333333332,10.87844564770806,41.0,7.0,27.5,27.5,29.2,92.0,91.0,82.0,1.2,1.6,0.8,1003.0,1003.0,1002.0,2475.0,108.0,33.0,0.0,0.7999680012799487,12.142991063058558,2.706080869945628,24.75,26.9,0.027445082390137335,756.25,8100,1.44,1004004,388.6,64.76666666666667,-2.0,6.0,0.0
85,184.4,15.0,42.7,35.0,87.0,33,0.0,1002,87,27.5,0.0,1.2,2023,8,29,3,1,241,35,0.7071067811865476,0.7071067811865476,-0.8660254037844385,-0.5000000000000004,0.7818314824680298,0.6234898018587336,2,3,0,20.0,22.0,18.0,15.0,15.0,7.0,23.333333333333332,4.16333199893343,28.0,20.0,19.833333333333332,4.833908011811454,28.0,14.0,19.583333333333332,4.27377485545821,28.0,14.0,20.458333333333332,10.664769985357106,41.0,7.0,27.5,27.5,28.3,90.0,91.0,86.0,1.2,1.6,1.2,1002.0,1003.0,1003.0,2392.5,104.39999999999999,33.0,0.0,0.7999771435101855,12.292513832411174,2.846476901539898,23.925,26.9,0.027445082390137335,756.25,7569,1.44,1004004,392.1,65.35000000000001,8.0,10.0,0.0
91,174.5,14.0,42.0,38.8,84.0,25,1.5,1002,85,27.5,0.0,1.2,2023,8,29,4,1,241,35,0.8660254037844386,0.5000000000000001,-0.8660254037844385,-0.5000000000000004,0.7818314824680298,0.6234898018587336,2,3,0,28.0,20.0,22.0,17.0,19.0,8.0,26.333333333333332,5.686240703078157,31.0,20.0,22.166666666666668,6.33771778060963,31.0,14.0,20.583333333333332,5.384461369758302,31.0,14.0,21.416666666666668,10.5291176667646,41.0,7.0,27.5,27.5,27.5,87.0,92.0,90.0,1.2,1.2,1.2,1002.0,1003.0,1003.0,2337.5,102.0,33.0,37.5,0.7989484807092602,12.463395471752019,2.9997857295907435,23.375,26.9,0.027445082390137335,756.25,7225,1.44,1004004,384.3,64.05,3.0,9.0,0.0
112,179.2,13.7,44.0,50.0,82.7,45,0.0,1003,83,27.6,0.0,1.6,2023,8,29,5,1,241,35,0.9659258262890683,0.25881904510252074,-0.8660254037844385,-0.5000000000000004,0.7818314824680298,0.6234898018587336,2,3,0,31.0,28.0,20.0,14.0,19.0,41.0,33.0,6.24499799839911,40.0,28.0,26.5,8.240145629780441,40.0,18.0,22.333333333333332,7.726381410269926,40.0,14.0,21.375,10.44993239004523,41.0,7.0,27.5,27.5,27.5,85.0,90.0,91.0,1.2,1.2,1.6,1002.0,1002.0,1003.0,2290.8,132.8,44.160000000000004,0.0,0.7999840003199936,13.079337274651486,3.2114444201153205,22.908,26.8,0.027517420221914037,761.7600000000001,6889,2.5600000000000005,1006009,409.59999999999997,68.26666666666667,9.0,20.0,0.10000000000000142
118,183.8,13.3,46.0,52.5,81.3,66,0.0,1003,81,27.6,1.3,1.6,2023,8,29,6,1,241,35,1.0,6.123233995736766e-17,-0.8660254037844385,-0.5000000000000004,0.7818314824680298,0.6234898018587336,2,0,0,40.0,31.0,28.0,18.0,23.0,41.0,37.666666666666664,5.85946527708304,42.0,31.0,30.5,9.07193474403286,42.0,20.0,23.916666666666668,9.596006113656252,42.0,14.0,21.416666666666668,10.533246192998316,42.0,7.0,27.6,27.5,27.5,83.0,87.0,91.0,1.6,1.2,1.6,1003.0,1002.0,1003.0,2235.6,129.6,44.160000000000004,0.0,0.7999847621950058,13.818509886474702,3.458386587474626,22.355999999999998,26.8,0.027517420221914037,761.7600000000001,6561,2.5600000000000005,1006009,418.90000000000003,69.81666666666668,2.0,14.0,0.0
107,188.5,13.0,48.0,47.5,80.0,87,0.0,1004,80,27.7,1.8,1.6,2023,8,29,7,1,241,35,0.9659258262890683,-0.25881904510252063,-0.8660254037844385,-0.5000000000000004,0.7818314824680298,0.6234898018587336,2,0,0,42.0,40.0,31.0,22.0,25.0,39.0,40.0,2.0000000000020766,42.0,38.0,33.166666666666664,8.400396816023502,42.0,20.0,25.0,10.427237061046776,42.0,14.0,21.375,10.462406822607013,42.0,7.0,27.6,27.5,27.5,81.0,85.0,92.0,1.6,1.2,1.2,1003.0,1002.0,1003.0,2216.0,128.0,44.32,0.0,0.7999831582493001,14.498884701176832,3.6920236904853474,22.16,26.9,0.027589613954567774,767.29,6400,2.5600000000000005,1008016,415.0,69.16666666666667,-4.0,7.0,0.09999999999999787
107,174.7,10.3,77.3,47.5,90.0,91,0.0,1004,76,28.3,2.7,0.33,2023,8,29,8,1,241,35,0.8660254037844387,-0.4999999999999998,-0.8660254037844385,-0.5000000000000004,0.7818314824680298,0.6234898018587336,2,0,0,38.0,42.0,40.0,20.0,15.0,39.0,39.333333333333336,2.3094010767603144,42.0,38.0,36.166666666666664,5.4558836742234895,42.0,28.0,26.916666666666668,10.535294217173941,42.0,14.0,21.333333333333332,10.390910185962934,42.0,7.0,27.7,27.6,27.5,80.0,83.0,90.0,1.6,1.6,1.2,1004.0,1003.0,1002.0,2150.8,25.080000000000002,9.339,0.0,0.7999831582493001,16.95951849335016,7.504125813027861,21.508000000000003,28.135,0.02818722292109271,800.89,5776,0.10890000000000001,1008016,437.8,72.96666666666667,0.0,-2.0,0.6000000000000014
145,160.9,7.7,106.7,65.0,100.0,95,0.0,1005,73,28.9,3.9,0.66,2023,8,29,9,1,241,35,0.7071067811865476,-0.7071067811865475,-0.8660254037844385,-0.5000000000000004,0.7818314824680298,0.6234898018587336,2,0,0,38.0,38.0,42.0,28.0,15.0,27.0,42.666666666666664,8.082903768655262,52.0,38.0,40.166666666666664,6.882344561750685,52.0,31.0,30.0,12.037819192407111,52.0,14.0,22.375,12.096756661978686,52.0,7.0,28.3,27.6,27.5,76.0,81.0,87.0,0.33,1.6,1.2,1004.0,1003.0,1002.0,2109.7,48.18,19.074,0.0,0.7999876924970385,20.89339046877029,13.855343461888065,21.096999999999998,28.57,0.028756190292347966,835.2099999999999,5329,0.43560000000000004,1010025,492.3,82.05,14.0,10.0,0.5999999999999979
118,147.1,5.0,136.0,52.5,110.0,100,0.0,1005,70,29.5,5.3,1.0,2023,8,29,10,1,241,35,0.49999999999999994,-0.8660254037844387,-0.8660254037844385,-0.5000000000000004,0.7818314824680298,0.6234898018587336,2,0,0,52.0,38.0,38.0,31.0,17.0,11.0,44.0,7.211102550928533,52.0,38.0,42.0,5.215361924161443,52.0,38.0,32.083333333333336,11.743147582803726,52.0,14.0,23.666666666666668,12.47838711242492,52.0,7.0,28.9,27.7,27.5,73.0,80.0,85.0,0.66,1.6,1.2,1005.0,1004.0,1002.0,2065.0,70.0,29.5,0.0,0.7999847621950058,29.414117176564684,27.194561087782443,20.65,29.0,0.029353204623676993,870.25,4900,1.0,1010025,492.6,82.10000000000001,-10.0,4.0,0.6000000000000014
100,140.3,4.7,144.7,43.8,109.0,95,0.0,1004,64,30.1,8.0,1.33,2023,8,29,11,1,241,35,0.258819045102521,-0.9659258262890682,-0.8660254037844385,-0.5000000000000004,0.7818314824680298,0.6234898018587336,2,0,0,42.0,52.0,38.0,40.0,14.0,7.0,43.0,8.544003745318005,52.0,35.0,41.166666666666664,5.94698803316935,52.0,35.0,33.833333333333336,10.27648094466458,52.0,18.0,24.833333333333332,12.157183121483046,52.0,8.0,29.5,28.3,27.6,70.0,76.0,83.0,1.0,0.33,1.6,1005.0,1004.0,1003.0,1926.4,85.12,40.033,0.0,0.7990685144174792,29.84471389066156,30.780684960646663,19.264,29.435000000000002,0.02998004982066751,906.0100000000001,4096,1.7689000000000001,1008016,477.5,79.58333333333333,-7.0,-3.0,0.6000000000000014
100,133.4,4.3,153.3,43.8,108.0,91,0.0,1004,58,30.6,7.5,1.66,2023,8,29,12,1,241,35,1.2246467991473532e-16,-1.0,-0.8660254037844385,-0.5000000000000004,0.7818314824680298,0.6234898018587336,2,1,0,35.0,42.0,52.0,42.0,18.0,8.0,37.333333333333336,4.041451884328441,42.0,35.0,40.0,6.418722614351905,52.0,35.0,35.25,8.986100377805348,52.0,20.0,25.958333333333332,11.774988845805256,52.0,9.0,30.1,28.9,27.6,64.0,73.0,81.0,1.33,0.66,1.6,1004.0,1005.0,1003.0,1774.8000000000002,96.28,50.796,0.0,0.7990685144174792,31.016042780748663,35.64287375029063,17.748,29.770000000000003,0.030478057292771622,936.3600000000001,3364,2.7556,1008016,477.8,79.63333333333334,0.0,-17.0,0.5
101,126.6,4.0,162.0,26.3,107.0,87,0.0,1003,53,31.2,5.0,2.0,2023,8,29,13,1,241,35,-0.2588190451025208,-0.9659258262890683,-0.8660254037844385,-0.5000000000000004,0.7818314824680298,0.6234898018587336,2,1,0,35.0,35.0,42.0,38.0,22.0,9.0,30.333333333333332,8.082903768655328,35.0,21.0,37.166666666666664,10.147249216741386,52.0,21.0,35.166666666666664,9.123728637044051,52.0,20.0,26.458333333333332,11.267418078021487,52.0,11.0,30.6,29.5,27.7,58.0,70.0,80.0,1.66,1.0,1.6,1004.0,1005.0,1004.0,1653.6,106.0,62.4,0.0,0.79844872818524,31.642089477630588,40.48987753061734,16.535999999999998,30.2,0.03110664894651152,973.4399999999999,2809,4.0,1006009,446.90000000000003,74.48333333333333,-14.0,-21.0,0.5999999999999979
91,126.3,5.0,153.0,28.8,103.3,79,0.0,1003,52,31.5,5.1,2.33,2023,8,29,14,1,241,35,-0.4999999999999997,-0.8660254037844388,-0.8660254037844385,-0.5000000000000004,0.7818314824680298,0.6234898018587336,2,1,0,21.0,35.0,35.0,38.0,20.0,11.0,26.333333333333332,7.571877794400992,35.0,21.0,34.666666666666664,11.639014849490406,52.0,21.0,35.416666666666664,8.70170655502071,52.0,21.0,26.958333333333332,10.80852789987226,52.0,14.0,31.2,30.1,28.3,53.0,64.0,76.0,2.0,1.33,0.33,1003.0,1004.0,1004.0,1638.0,121.16,73.395,0.0,0.7985833825214401,25.254949010197958,30.593881223755247,16.38,30.335,0.03140575134022797,992.25,2704,5.4289000000000005,1006009,439.40000000000003,73.23333333333333,2.0,-12.0,0.3000000000000007
80,125.9,6.0,144.0,32.5,99.7,70,0.0,1002,52,31.9,5.1,2.66,2023,8,29,15,1,241,35,-0.7071067811865471,-0.7071067811865479,-0.8660254037844385,-0.5000000000000004,0.7818314824680298,0.6234898018587336,2,1,0,23.0,21.0,35.0,52.0,28.0,15.0,23.333333333333332,2.5166114784255207,26.0,21.0,30.333333333333332,8.238122763509741,42.0,21.0,35.25,8.874119674649053,52.0,21.0,27.416666666666668,10.508450705593216,52.0,14.0,31.5,30.6,28.9,52.0,58.0,73.0,2.33,1.66,0.66,1003.0,1004.0,1005.0,1658.8,138.32,84.854,0.0,0.7999753853727578,20.97983669388435,23.996000666555574,16.588,30.57,0.031836295572559306,1017.6099999999999,2704,7.0756000000000006,1004004,434.09999999999997,72.35,3.0,-9.0,0.3999999999999986
82,125.5,7.0,135.0,33.8,96.0,62,0.0,1002,51,32.2,2.5,3.0,2023,8,29,16,1,241,35,-0.8660254037844385,-0.5000000000000004,-0.8660254037844385,-0.5000000000000004,0.7818314824680298,0.6234898018587336,2,1,0,26.0,23.0,21.0,42.0,31.0,19.0,25.333333333333332,2.081665999468435,27.0,23.0,27.833333333333332,5.946988033169134,35.0,21.0,34.916666666666664,9.119991360973753,52.0,21.0,27.75,10.355632787752825,52.0,14.0,31.9,31.2,29.5,52.0,53.0,70.0,2.66,2.0,1.0,1002.0,1003.0,1005.0,1642.2,153.0,96.60000000000001,0.0,0.7987929351202628,17.92601056991858,19.282959577203254,16.422,30.700000000000003,0.03213569647136081,1036.8400000000001,2601,9.0,1004004,424.3,70.71666666666667,1.0,6.0,0.30000000000000426
74,157.8,11.7,114.7,28.8,104.0,62,0.0,1002,53,31.5,0.9,2.66,2023,8,29,17,1,241,35,-0.9659258262890683,-0.25881904510252063,-0.8660254037844385,-0.5000000000000004,0.7818314824680298,0.6234898018587336,2,1,0,27.0,26.0,23.0,35.0,40.0,19.0,25.333333333333332,2.081665999468435,27.0,23.0,25.833333333333332,4.99666555481318,35.0,21.0,33.5,9.567938887004253,52.0,21.0,27.916666666666668,10.240230409545408,52.0,14.0,32.2,31.5,30.1,51.0,52.0,64.0,3.0,2.33,1.33,1002.0,1003.0,1004.0,1669.5,140.98000000000002,83.79,0.0,0.7985833825214401,13.486026835313224,9.80258097598496,16.695,30.17,0.031437094374157315,992.25,2809,7.0756000000000006,1004004,440.0,73.33333333333333,-4.0,0.0,-0.7000000000000028
63,190.1,16.3,94.3,22.5,112.0,62,0.0,1002,55,30.7,0.9,2.33,2023,8,29,18,1,241,35,-1.0,-1.8369701987210297e-16,-0.8660254037844385,-0.5000000000000004,0.7818314824680298,0.6234898018587336,2,2,0,23.0,27.0,26.0,35.0,42.0,23.0,22.666666666666668,4.509249752823982,27.0,18.0,23.0,3.286335345029369,27.0,18.0,31.5,10.121983276736795,52.0,18.0,27.708333333333332,10.39430934053174,52.0,14.0,31.5,31.9,30.6,53.0,52.0,58.0,2.66,2.66,1.66,1002.0,1002.0,1004.0,1688.5,128.15,71.531,0.0,0.7999644460246211,11.661861235507022,5.784921170480338,16.885,29.535,0.030638691977353315,942.49,3025,5.4289000000000005,1004004,453.2,75.53333333333333,-5.0,-8.0,-0.8000000000000007
59,222.4,21.0,74.0,20.0,120.0,62,0.0,1003,57,30.0,0.0,2.0,2023,8,29,19,1,241,35,-0.9659258262890684,0.2588190451025203,-0.8660254037844385,-0.5000000000000004,0.7818314824680298,0.6234898018587336,2,2,0,18.0,23.0,27.0,21.0,38.0,25.0,19.0,3.6055512754653942,23.0,16.0,22.166666666666668,4.3550736694866385,27.0,16.0,29.666666666666668,10.806844071599853,52.0,16.0,27.333333333333332,10.655338187221297,52.0,14.0,30.7,32.2,31.2,55.0,51.0,53.0,2.33,3.0,2.0,1002.0,1002.0,1003.0,1710.0,114.0,60.0,0.0,0.7999600019998999,10.58997190609971,3.5236417313461263,17.1,29.0,0.02991023937164569,900.0,3249,4.0,1006009,473.4,78.89999999999999,-2.0,-11.0,-0.6999999999999993
61,252.9,22.7,62.3,21.3,123.3,70,0.0,1004,59,29.7,0.0,1.66,2023,8,29,20,1,241,35,-0.8660254037844386,0.5000000000000001,-0.8660254037844385,-0.5000000000000004,0.7818314824680298,0.6234898018587336,2,2,0,16.0,18.0,23.0,23.0,38.0,15.0,17.0,1.0000000000051505,18.0,16.0,21.166666666666668,4.792355023019019,27.0,16.0,27.916666666666668,11.032664998525574,52.0,16.0,27.416666666666668,10.562100691363023,52.0,14.0,30.0,31.5,31.5,57.0,53.0,52.0,2.0,2.66,2.33,1003.0,1002.0,1003.0,1752.3,97.94,49.302,0.0,0.7980845969672785,11.140478393022335,2.7443724946037618,17.523,28.87,0.029581643842984222,882.0899999999999,3481,2.7556,1008016,499.50000000000006,83.25000000000001,1.0,-6.0,-0.3000000000000007
46,283.4,24.3,50.7,13.8,126.7,79,0.0,1005,60,29.3,0.0,1.33,2023,8,29,21,1,241,35,-0.7071067811865477,0.7071067811865474,-0.8660254037844385,-0.5000000000000004,0.7818314824680298,0.6234898018587336,2,2,0,17.0,16.0,18.0,26.0,52.0,15.0,14.666666666666666,3.2145502536659514,17.0,11.0,18.666666666666668,5.609515724789009,27.0,11.0,24.5,9.070431482168972,42.0,11.0,27.25,10.795530476121492,52.0,11.0,29.7,30.7,31.9,59.0,55.0,52.0,1.66,2.33,2.66,1004.0,1002.0,1002.0,1758.0,79.80000000000001,38.969,0.0,0.7970436924860518,11.662071519690546,2.0863338957244557,17.58,28.635,0.02915419984656732,858.49,3600,1.7689000000000001,1010025,509.9,84.98333333333333,-6.0,-7.0,-0.3999999999999986
50,314.0,26.0,39.0,15.0,130.0,87,0.0,1006,62,29.0,0.0,1.0,2023,8,29,22,1,241,35,-0.5000000000000004,0.8660254037844384,-0.8660254037844385,-0.5000000000000004,0.7818314824680298,0.6234898018587336,2,3,0,11.0,17.0,16.0,27.0,42.0,17.0,13.333333333333334,3.214550253665969,17.0,11.0,16.166666666666668,4.355073669486511,23.0,11.0,22.0,7.862453931068648,35.0,11.0,27.041666666666668,11.047247017545363,52.0,11.0,29.3,30.0,32.2,60.0,57.0,51.0,1.33,2.0,3.0,1005.0,1003.0,1002.0,1798.0,62.0,29.0,0.0,0.7999466702219852,12.07645859774624,1.4999423099111573,17.98,28.5,0.028827009118281195,841.0,3844,1.0,1012036,536.0,89.33333333333333,1.0,-4.0,-0.3000000000000007
63,278.2,23.7,39.7,22.5,119.3,87,0.0,1006,63,28.8,0.0,1.0,2023,8,29,23,1,241,35,-0.25881904510252157,0.9659258262890681,-0.8660254037844385,-0.5000000000000004,0.7818314824680298,0.6234898018587336,2,3,0,12.0,11.0,17.0,23.0,35.0,14.0,13.666666666666666,3.785938897201581,18.0,11.0,15.333333333333334,3.076794869121851,18.0,11.0,20.583333333333332,6.7616341937206395,35.0,11.0,27.208333333333332,10.87069921620839,52.0,11.0,29.0,29.7,31.5,62.0,59.0,53.0,1.0,1.66,2.66,1006.0,1004.0,1002.0,1814.4,63.0,28.8,0.0,0.7999644460246211,11.737901354373232,1.6750348086578626,18.144000000000002,28.3,0.028628202158844773,829.44,3969,1.0,1012036,501.4,83.56666666666666,6.0,1.0,-0.1999999999999993
61,242.4,21.3,40.3,21.3,108.7,87,0.0,1006,64,28.5,0.0,1.0,2023,8,30,0,2,242,35,0.0,1.0,-0.8660254037844385,-0.5000000000000004,0.9749279121818236,-0.22252093395631434,2,3,0,18.0,12.0,11.0,18.0,35.0,18.0,15.666666666666666,3.214550253665939,18.0,12.0,15.166666666666666,2.9268868557999497,18.0,11.0,19.083333333333332,5.053501636278962,27.0,11.0,27.166666666666668,10.909376368684944,52.0,11.0,28.8,29.3,30.7,63.0,60.0,55.0,1.0,1.33,2.33,1006.0,1005.0,1002.0,1824.0,64.0,28.5,0.0,0.7980845969672785,11.379747429698135,1.8919299563400775,18.24,28.0,0.02832999171969014,812.25,4096,1.0,1012036,451.0,75.16666666666667,-1.0,6.0,-0.3000000000000007
59,206.6,19.0,41.0,20.0,98.0,87,0.0,1006,65,28.3,0.0,1.0,2023,8,30,1,2,242,35,0.25881904510252074,0.9659258262890683,-0.8660254037844385,-0.5000000000000004,0.9749279121818236,-0.22252093395631434,2,3,0,17.0,18.0,12.0,16.0,21.0,22.0,17.0,1.0000000000051532,18.0,16.0,15.166666666666666,2.9268868557999497,18.0,11.0,18.666666666666668,5.08711980189019,27.0,11.0,26.916666666666668,11.100006528265396,52.0,11.0,28.5,29.0,30.0,64.0,62.0,57.0,1.0,1.0,2.0,1006.0,1006.0,1003.0,1839.5,65.0,28.3,0.0,0.7999600019998999,10.873111941476763,2.1577811694121363,18.395,27.8,0.028131184760253718,800.89,4225,1.0,1012036,400.6,66.76666666666667,-1.0,4.0,-0.1999999999999993
89,191.8,17.3,42.0,37.5,90.3,87,0.0,1006,67,28.0,0.0,0.66,2023,8,30,2,2,242,35,0.49999999999999994,0.8660254037844387,-0.8660254037844385,-0.5000000000000004,0.9749279121818236,-0.22252093395631434,2,3,0,16.0,17.0,18.0,17.0,23.0,20.0,21.0,7.810249675907293,30.0,16.0,17.333333333333332,6.801960501697647,30.0,11.0,19.25,5.956280108194044,30.0,11.0,27.333333333333332,11.01645672803094,52.0,11.0,28.3,28.8,29.7,65.0,63.0,59.0,1.0,1.0,1.66,1006.0,1006.0,1004.0,1876.0,44.22,18.48,0.0,0.7999786672355405,11.086064389341656,2.4276053407317493,18.76,27.67,0.027832974321099085,784.0,4489,0.43560000000000004,1012036,408.90000000000003,68.15,14.0,12.0,-0.3000000000000007
78,177.0,15.7,43.0,31.3,82.7,87,0.0,1006,70,27.8,0.0,0.33,2023,8,30,3,2,242,35,0.7071067811865476,0.7071067811865476,-0.8660254037844385,-0.5000000000000004,0.9749279121818236,-0.22252093395631434,2,3,0,30.0,16.0,17.0,11.0,26.0,28.0,23.666666666666668,7.094598884598273,30.0,16.0,19.666666666666668,6.592925501373069,30.0,12.0,19.166666666666668,5.859465277081918,30.0,11.0,27.208333333333332,11.025579612750516,52.0,11.0,28.0,28.5,29.3,67.0,64.0,60.0,0.66,1.0,1.33,1006.0,1006.0,1005.0,1946.0,23.1,9.174000000000001,0.0,0.7986965272674994,11.27316731418381,2.7386790650277053,19.46,27.635,0.027634167361662663,772.84,4900,0.10890000000000001,1012036,374.7,62.449999999999996,-5.0,8.0,-0.1999999999999993
102,162.2,14.0,44.0,45.0,75.0,87,0.0,1006,73,27.5,0.0,2.0,2023,8,30,4,2,242,35,0.8660254037844386,0.5000000000000001,-0.8660254037844385,-0.5000000000000004,0.9749279121818236,-0.22252093395631434,2,3,0,25.0,30.0,16.0,12.0,27.0,31.0,30.333333333333332,5.507570547286933,36.0,25.0,23.666666666666668,8.115828156550387,36.0,16.0,19.916666666666668,7.3417651250574885,36.0,11.0,27.416666666666668,11.14691092583072,52.0,11.0,27.8,28.3,29.0,70.0,65.0,62.0,0.33,1.0,1.0,1006.0,1006.0,1006.0,2007.5,146.0,55.0,0.0,0.7999822226172753,11.584886793800443,3.1426326690950646,20.075,26.5,0.02733595692250803,756.25,5329,4.0,1012036,376.2,62.699999999999996,11.0,20.0,-0.3000000000000007
107,175.3,14.0,45.0,47.5,75.7,66,0.0,1006,74,27.4,0.0,0.66,2023,8,30,5,2,242,35,0.9659258262890683,0.25881904510252074,-0.8660254037844385,-0.5000000000000004,0.9749279121818236,-0.22252093395631434,2,3,0,36.0,25.0,30.0,18.0,23.0,40.0,33.0,7.000000000000638,38.0,25.0,27.0,9.338094023942467,38.0,16.0,21.166666666666668,9.003366373784928,38.0,11.0,27.333333333333332,11.055852932178931,52.0,11.0,27.5,28.0,28.8,73.0,67.0,63.0,2.0,0.66,1.0,1006.0,1006.0,1006.0,2027.6,48.84,18.084,0.0,0.7999831582493001,12.520534247553748,3.2140561388472255,20.276,27.07,0.02723655344278982,750.7599999999999,5476,0.43560000000000004,1012036,395.5,65.91666666666667,2.0,8.0,-0.10000000000000142
100,188.3,14.0,46.0,43.8,76.3,45,0.0,1006,75,27.2,2.0,1.33,2023,8,30,6,2,242,35,1.0,6.123233995736766e-17,-0.8660254037844385,-0.5000000000000004,0.9749279121818236,-0.22252093395631434,2,0,0,38.0,36.0,25.0,17.0,18.0,42.0,36.333333333333336,1.527525231654778,38.0,35.0,30.0,8.318653737233602,38.0,16.0,22.583333333333332,9.765042785674598,38.0,11.0,27.041666666666668,10.739926186559751,52.0,11.0,27.4,27.8,28.5,74.0,70.0,64.0,0.66,0.33,1.0,1006.0,1006.0,1006.0,2040.0,99.75,36.176,0.0,0.7990685144174792,13.449039354331834,3.285479608599386,20.4,26.535,0.027037746483353397,739.8399999999999,5625,1.7689000000000001,1012036,403.40000000000003,67.23333333333333,-3.0,10.0,-0.1999999999999993
85,201.3,14.0,47.0,35.0,77.0,25,0.0,1006,75,27.1,2.2,2.0,2023,8,30,7,2,242,35,0.9659258262890683,-0.25881904510252063,-0.8660254037844385,-0.5000000000000004,0.9749279121818236,-0.22252093395631434,2,0,0,35.0,38.0,36.0,16.0,16.0,38.0,33.666666666666664,5.131601439447748,38.0,28.0,32.0,5.099019513591899,38.0,25.0,23.583333333333332,9.64325796826047,38.0,11.0,26.625,10.487311173612229,52.0,11.0,27.2,27.5,28.3,75.0,73.0,65.0,1.33,2.0,1.0,1006.0,1006.0,1006.0,2032.5,150.0,54.2,0.0,0.7999771435101855,14.377544461109922,3.3569030783515466,20.325,26.1,0.026938343003635186,734.4100000000001,5625,4.0,1012036,402.3,67.05,-7.0,-8.0,-0.09999999999999787
145,186.0,11.3,79.7,65.0,88.7,20,0.0,1006,62,28.8,3.0,2.0,2023,8,30,8,2,242,35,0.8660254037844387,-0.4999999999999998,-0.8660254037844385,-0.5000000000000004,0.9749279121818236,-0.22252093395631434,2,0,0,28.0,35.0,38.0,30.0,17.0,38.0,38.333333333333336,12.342339054382759,52.0,28.0,35.666666666666664,9.437513796898966,52.0,25.0,26.5,12.376664259072903,52.0,11.0,27.208333333333332,11.489046453287386,52.0,11.0,27.1,27.4,28.0,75.0,74.0,67.0,2.0,0.66,0.66,1006.0,1006.0,1006.0,1785.6000000000001,124.0,57.6,0.0,0.7999876924970385,16.45872046721529,7.052473232457305,17.856,27.8,0.028628202158844773,829.44,3844,4.0,1012036,482.7,80.45,24.0,14.0,1.6999999999999993
76,170.6,8.7,112.3,30.0,100.3,16,0.0,1006,51,30.5,4.3,2.0,2023,8,30,9,2,242,35,0.7071067811865476,-0.7071067811865475,-0.8660254037844385,-0.5000000000000004,0.9749279121818236,-0.22252093395631434,2,0,0,52.0,28.0,35.0,25.0,11.0,52.0,34.666666666666664,15.14375558880102,52.0,24.0,35.5,9.669539802906426,52.0,24.0,27.583333333333332,11.429295161066678,52.0,12.0,26.041666666666668,10.212861314630766,52.0,11.0,28.8,27.2,27.8,62.0,75.0,70.0,2.0,1.33,0.33,1006.0,1006.0,1006.0,1555.5,102.0,61.0,0.0,0.7999733342221925,19.606941730835537,12.90656246408459,15.555,29.5,0.03031806131405436,930.25,2601,4.0,1012036,445.9,74.31666666666666,-28.0,-11.0,1.6999999999999993
89,155.2,6.0,145.0,37.5,112.0,12,0.0,1007,42,32.2,6.6,2.0,2023,8,30,10,2,242,35,0.49999999999999994,-0.8660254037844387,-0.8660254037844385,-0.5000000000000004,0.9749279121818236,-0.22252093395631434,2,0,0,24.0,52.0,28.0,36.0,12.0,42.0,35.333333333333336,14.742229591664284,52.0,24.0,34.5,9.914635646355919,52.0,24.0,29.083333333333332,10.326121628122632,52.0,16.0,25.541666666666668,9.67731172996085,52.0,11.0,30.5,27.1,27.5,51.0,75.0,73.0,2.0,2.0,2.0,1006.0,1006.0,1006.0,1352.4,84.0,64.4,0.0,0.7999786672355405,25.862356273954337,24.16263956007332,13.524000000000001,31.200000000000003,0.03197613507831671,1036.8400000000001,1764,4.0,1014049,485.7,80.95,6.0,2.0,1.7000000000000028
93,147.7,5.7,149.0,40.0,108.0,20,0.0,1006,41,32.6,9.6,1.66,2023,8,30,11,2,242,35,0.258819045102521,-0.9659258262890682,-0.8660254037844385,-0.5000000000000004,0.9749279121818236,-0.22252093395631434,2,0,0,30.0,24.0,52.0,38.0,18.0,35.0,28.666666666666668,4.163331998933391,32.0,24.0,33.5,9.792854537875627,52.0,24.0,30.25,9.733961166965582,52.0,16.0,25.416666666666668,9.568592948521216,52.0,11.0,32.2,28.8,27.4,42.0,62.0,74.0,2.0,2.0,0.66,1007.0,1006.0,1006.0,1336.6000000000001,68.06,54.116,0.0,0.7999800004999875,25.907735485002625,26.135765655148216,13.366000000000001,31.770000000000003,0.03240553438813679,1062.76,1681,2.7556,1012036,482.4,80.39999999999999,2.0,-20.0,0.3999999999999986
91,140.1,5.3,153.0,35.0,104.0,29,0.0,1006,40,33.1,6.4,1.33,2023,8,30,12,2,242,35,1.2246467991473532e-16,-1.0,-0.8660254037844385,-0.5000000000000004,0.9749279121818236,-0.22252093395631434,2,1,0,32.0,30.0,24.0,35.0,17.0,35.0,30.0,2.000000000002313,32.0,28.0,32.333333333333336,9.993331109627947,52.0,24.0,31.166666666666668,8.850612031567488,52.0,16.0,25.125,9.368367218882012,52.0,11.0,32.6,30.5,27.2,41.0,51.0,75.0,1.66,2.0,1.33,1006.0,1006.0,1006.0,1324.0,53.2,44.023,0.0,0.7999771435101855,26.42897566496887,28.862478777589132,13.24,32.435,0.03290255178672785,1095.6100000000001,1600,1.7689000000000001,1012036,465.4,77.56666666666666,-4.0,4.0,0.5
112,132.5,5.0,157.0,50.0,100.0,37,0.0,1005,40,33.5,5.4,1.0,2023,8,30,13,2,242,35,-0.2588190451025208,-0.9659258262890683,-0.8660254037844385,-0.5000000000000004,0.9749279121818236,-0.22252093395631434,2,1,0,28.0,32.0,30.0,28.0,16.0,21.0,33.333333333333336,6.11010092660852,40.0,28.0,34.333333333333336,10.152175464729622,52.0,24.0,33.166666666666664,7.755740786766198,52.0,24.0,25.916666666666668,9.797589174035924,52.0,11.0,33.1,32.2,27.1,40.0,42.0,75.0,1.33,2.0,2.0,1006.0,1007.0,1006.0,1340.0,40.0,33.5,0.0,0.7999840003199936,26.494701059788042,31.393721255748847,13.4,33.0,0.03333330016587048,1122.25,1600,1.0,1010025,484.5,80.75,12.0,10.0,0.3999999999999986
94,133.1,5.3,155.0,23.8,98.0,50,0.0,1005,39,33.7,4.3,1.0,2023,8,30,14,2,242,35,-0.4999999999999997,-0.8660254037844388,-0.8660254037844385,-0.5000000000000004,0.9749279121818236,-0.22252093395631434,2,1,0,40.0,28.0,32.0,52.0,30.0,23.0,29.0,10.53565375285318,40.0,19.0,28.833333333333332,7.167054253084527,40.0,19.0,32.25,8.75032466930088,52.0,19.0,25.75,9.883011334784337,52.0,11.0,33.5,32.6,28.8,40.0,41.0,62.0,1.0,1.66,2.0,1005.0,1006.0,1006.0,1314.3000000000002,39.0,33.7,0.0,0.7982857863114995,25.108470099981133,29.239766081871345,13.143000000000002,33.2,0.03353230494298016,1135.6900000000003,1521,1.0,1010025,434.2,72.36666666666666,-21.0,-13.0,0.20000000000000284
91,133.6,5.7,153.0,30.0,96.0,62,0.0,1004,39,33.8,2.0,1.0,2023,8,30,15,2,242,35,-0.7071067811865471,-0.7071067811865479,-0.8660254037844385,-0.5000000000000004,0.9749279121818236,-0.22252093395631434,2,1,0,19.0,40.0,28.0,24.0,25.0,26.0,27.666666666666668,10.96965511460332,40.0,19.0,28.833333333333332,7.167054253084527,40.0,19.0,32.166666666666664,8.830045128406237,52.0,19.0,25.666666666666668,9.889241702439714,52.0,11.0,33.7,33.1,30.5,39.0,40.0,51.0,1.0,1.33,2.0,1005.0,1006.0,1006.0,1318.1999999999998,39.0,33.8,0.0,0.7999733342221925,23.434485178038937,26.837396947903873,13.181999999999999,33.3,0.03366530511423793,1142.4399999999998,1521,1.0,1008016,442.29999999999995,73.71666666666665,5.0,-4.0,0.09999999999999432
89,134.2,6.0,151.0,20.0,94.0,75,0.0,1004,39,34.0,1.3,1.0,2023,8,30,16,2,242,35,-0.8660254037844385,-0.5000000000000004,-0.8660254037844385,-0.5000000000000004,0.9749279121818236,-0.22252093395631434,2,1,0,24.0,19.0,40.0,30.0,36.0,27.0,19.666666666666668,4.041451884328634,24.0,16.0,26.5,8.803408430828929,40.0,16.0,30.5,9.867301371886352,52.0,16.0,25.208333333333332,10.077867125394068,52.0,11.0,33.8,33.5,32.2,39.0,40.0,42.0,1.0,1.0,2.0,1004.0,1005.0,1007.0,1326.0,39.0,34.0,0.0,0.7999600019998999,22.36293951008165,25.162472921179802,13.26,33.5,0.03386450810307958,1156.0,1521,1.0,1008016,421.2,70.2,-8.0,-24.0,0.20000000000000284
72,165.4,11.0,129.7,27.5,106.7,70,0.0,1004,42,33.0,0.9,1.0,2023,8,30,17,2,242,35,-0.9659258262890683,-0.25881904510252063,-0.8660254037844385,-0.5000000000000004,0.9749279121818236,-0.22252093395631434,2,1,0,16.0,24.0,19.0,32.0,38.0,23.0,20.666666666666668,4.163331998933472,24.0,16.0,24.833333333333332,8.495096624915824,40.0,16.0,29.166666666666668,9.842702265068368,52.0,16.0,25.166666666666668,10.089454962943856,52.0,11.0,34.0,33.7,32.6,39.0,39.0,41.0,1.0,1.0,1.66,1004.0,1005.0,1006.0,1386.0,42.0,33.0,0.0,0.7999709101487218,15.034996818471049,11.789837287519315,13.86,32.5,0.03286849315887136,1089.0,1764,1.0,1008016,462.3,77.05,6.0,3.0,-1.0
63,196.5,16.0,108.3,22.5,119.3,66,0.0,1004,46,32.0,1.8,1.0,2023,8,30,18,2,242,35,-1.0,-1.8369701987210297e-16,-0.8660254037844385,-0.5000000000000004,0.9749279121818236,-0.22252093395631434,2,2,0,22.0,16.0,24.0,28.0,35.0,18.0,18.666666666666668,3.055050463305566,22.0,16.0,23.166666666666668,8.727351641056746,40.0,16.0,27.75,10.145531931930059,52.0,16.0,25.166666666666668,10.089454962943856,52.0,11.0,33.0,33.8,33.1,42.0,39.0,40.0,1.0,1.0,1.33,1004.0,1004.0,1006.0,1472.0,46.0,32.0,0.0,0.7999644460246211,12.280482469845634,6.768326979563777,14.72,31.5,0.03187247821466313,1024.0,2116,1.0,1008016,480.6,80.10000000000001,-4.0,-6.0,-1.0
63,227.6,21.0,87.0,22.5,132.0,62,0.0,1005,51,31.0,0.0,1.0,2023,8,30,19,2,242,35,-0.9659258262890684,0.2588190451025203,-0.8660254037844385,-0.5000000000000004,0.9749279121818236,-0.22252093395631434,2,2,0,18.0,22.0,16.0,40.0,28.0,16.0,19.333333333333332,2.3094010767607025,22.0,18.0,19.5,2.9495762407485686,24.0,16.0,26.916666666666668,10.526661676932552,52.0,16.0,25.25,10.018461220037157,52.0,11.0,32.0,34.0,33.5,46.0,39.0,40.0,1.0,1.0,1.0,1004.0,1004.0,1005.0,1581.0,51.0,31.0,0.0,0.7999644460246211,10.837579162897004,4.1426598733393645,15.81,30.5,0.030845740451999552,961.0,2601,1.0,1010025,508.1,84.68333333333334,0.0,2.0,-1.0
72,252.5,21.7,74.3,27.5,130.7,58,0.0,1005,56,30.5,0.0,1.33,2023,8,30,20,2,242,35,-0.8660254037844386,0.5000000000000001,-0.8660254037844385,-0.5000000000000004,0.9749279121818236,-0.22252093395631434,2,2,0,18.0,18.0,22.0,19.0,52.0,17.0,19.333333333333332,2.3094010767607025,22.0,18.0,20.0,3.0983866769640875,24.0,16.0,24.416666666666668,6.99945885354139,40.0,16.0,25.458333333333332,9.890615519891371,52.0,11.0,31.0,33.0,33.7,51.0,42.0,39.0,1.0,1.0,1.0,1005.0,1004.0,1005.0,1708.0,74.48,40.565000000000005,0.0,0.7999709101487218,11.635408506520436,3.4238053545919542,17.08,29.835,0.030348228509225365,930.25,3136,1.7689000000000001,1010025,528.7,88.11666666666667,4.0,0.0,-0.5
56,277.4,22.3,61.7,18.8,129.3,54,0.0,1006,63,30.0,0.0,1.66,2023,8,30,21,2,242,35,-0.7071067811865477,0.7071067811865474,-0.8660254037844385,-0.5000000000000004,0.9749279121818236,-0.22252093395631434,2,2,0,22.0,18.0,18.0,24.0,24.0,11.0,18.333333333333332,3.5118845842857045,22.0,15.0,18.5,2.9495762407485335,22.0,15.0,23.666666666666668,7.511607179840891,40.0,15.0,25.625,9.667572421333933,52.0,12.0,30.5,32.0,33.8,56.0,46.0,39.0,1.33,1.0,1.0,1005.0,1004.0,1004.0,1890.0,104.58,49.8,0.0,0.7978299026647518,12.438904085018606,2.7666920765884937,18.9,29.17,0.029821043915463304,900.0,3969,2.7556,1012036,524.5,87.41666666666667,-7.0,-3.0,-0.5
63,302.3,23.0,49.0,22.5,128.0,50,0.0,1007,69,29.5,0.0,2.0,2023,8,30,22,2,242,35,-0.5000000000000004,0.8660254037844384,-0.8660254037844385,-0.5000000000000004,0.9749279121818236,-0.22252093395631434,2,3,0,15.0,22.0,18.0,16.0,30.0,12.0,18.333333333333332,3.5118845842857045,22.0,15.0,18.833333333333332,2.7141603981074853,22.0,15.0,22.666666666666668,7.389591369355651,40.0,15.0,25.875,9.373007034541406,52.0,15.0,30.0,31.0,34.0,63.0,51.0,39.0,1.66,1.0,1.0,1006.0,1005.0,1004.0,2035.5,138.0,59.0,0.0,0.7999644460246211,13.14290683013782,2.1303421590365637,20.355,28.5,0.029294906360569653,870.25,4761,4.0,1014049,542.8,90.46666666666665,3.0,0.0,-0.5
69,285.8,22.0,45.3,26.3,116.7,45,0.0,1006,69,29.0,0.0,1.66,2023,8,30,23,2,242,35,-0.25881904510252157,0.9659258262890681,-0.8660254037844385,-0.5000000000000004,0.9749279121818236,-0.22252093395631434,2,3,0,18.0,15.0,22.0,22.0,32.0,18.0,18.0,3.000000000001711,21.0,15.0,18.666666666666668,2.503331114066805,22.0,15.0,21.75,6.784005252999315,40.0,15.0,26.0,9.282990522642788,52.0,15.0,29.5,30.5,33.0,69.0,56.0,42.0,2.0,1.33,1.0,1007.0,1005.0,1004.0,2001.0,114.53999999999999,48.14,0.0,0.79844872818524,12.990318621880823,2.0589973183037134,20.01,28.17,0.028827009118281195,841.0,4761,2.7556,1012036,517.1,86.18333333333334,3.0,-1.0,-0.5
69,269.2,21.0,41.7,26.3,105.3,41,0.0,1006,68,28.5,0.0,1.33,2023,8,31,0,3,243,35,0.0,1.0,-0.8660254037844385,-0.5000000000000004,0.43388373911755823,-0.900968867902419,2,3,0,21.0,18.0,15.0,18.0,28.0,17.0,20.0,1.7320508075717915,21.0,18.0,19.166666666666668,2.639444385975021,22.0,15.0,21.166666666666668,6.492419822493788,40.0,15.0,26.166666666666668,9.149324834518332,52.0,15.0,29.0,30.0,32.0,69.0,63.0,46.0,1.66,1.66,1.0,1006.0,1006.0,1004.0,1938.0,90.44,37.905,0.0,0.79844872818524,12.818437217275367,1.9856197323936955,19.38,27.835,0.02832999171969014,812.25,4624,1.7689000000000001,1012036,484.5,80.75,0.0,6.0,-0.5
74,252.7,20.0,38.0,28.8,94.0,37,0.0,1006,68,28.0,0.0,1.0,2023,8,31,1,3,243,35,0.25881904510252074,0.9659258262890683,-0.8660254037844385,-0.5000000000000004,0.43388373911755823,-0.900968867902419,2,3,0,21.0,21.0,18.0,18.0,40.0,16.0,21.666666666666668,1.1547005383835607,23.0,21.0,20.0,2.966479394836337,23.0,15.0,19.75,2.8324419275110584,24.0,15.0,26.458333333333332,8.91983216193552,52.0,15.0,28.5,29.5,31.0,68.0,69.0,51.0,1.33,2.0,1.0,1006.0,1007.0,1005.0,1904.0,68.0,28.0,0.0,0.7985833825214401,12.63436828158592,1.8999050047497623,19.04,27.5,0.027832974321099085,784.0,4624,1.0,1012036,456.5,76.08333333333333,2.0,5.0,-0.5
100,240.6,19.0,38.7,43.8,90.0,33,0.0,1006,74,27.2,0.0,0.66,2023,8,31,2,3,243,35,0.49999999999999994,0.8660254037844387,-0.8660254037844385,-0.5000000000000004,0.43388373911755823,-0.900968867902419,2,3,0,23.0,21.0,21.0,22.0,19.0,30.0,26.333333333333332,7.571877794400996,35.0,21.0,22.166666666666668,6.882344561750426,35.0,15.0,21.083333333333332,5.2128919444237045,35.0,15.0,26.666666666666668,9.063383889929295,52.0,15.0,28.0,29.0,30.5,68.0,69.0,56.0,1.0,1.66,1.33,1006.0,1006.0,1005.0,2012.8,48.84,17.952,0.0,0.7990685144174792,12.662491447818535,2.0367349086890165,20.128,26.87,0.027037746483353397,739.8399999999999,5476,0.43560000000000004,1012036,467.1,77.85000000000001,12.0,14.0,-0.8000000000000007
161,228.6,18.0,39.3,80.0,86.0,29,0.0,1006,80,26.4,0.0,0.33,2023,8,31,3,3,243,35,0.7071067811865476,0.7071067811865476,-0.8660254037844385,-0.5000000000000004,0.43388373911755823,-0.900968867902419,2,3,0,35.0,23.0,21.0,15.0,24.0,25.0,40.666666666666664,21.079215671683368,64.0,23.0,30.333333333333332,17.52331779848375,64.0,18.0,24.416666666666668,13.480344838678707,64.0,15.0,28.291666666666668,11.826569816442444,64.0,15.0,27.2,28.5,30.0,74.0,68.0,63.0,0.66,1.33,1.66,1006.0,1006.0,1006.0,2112.0,26.400000000000002,8.712,0.0,0.7999900001249984,12.699294483639797,2.1832120437753457,21.12,26.235,0.02624251864560771,696.9599999999999,6400,0.10890000000000001,1012036,515.9,85.98333333333333,29.0,43.0,-0.8000000000000007
131,216.5,17.0,40.0,58.8,82.0,25,0.0,1005,88,25.6,0.0,1.6,2023,8,31,4,3,243,35,0.8660254037844386,0.5000000000000001,-0.8660254037844385,-0.5000000000000004,0.43388373911755823,-0.900968867902419,2,3,0,64.0,35.0,23.0,18.0,16.0,36.0,48.666666666666664,14.571661996263195,64.0,35.0,35.166666666666664,17.440374613713384,64.0,21.0,27.0,14.641162397966587,64.0,15.0,28.75,12.340283979538377,64.0,15.0,26.4,28.0,29.5,80.0,68.0,69.0,0.33,1.0,2.0,1006.0,1006.0,1007.0,2252.8,140.8,40.96000000000001,0.0,0.7993061342494175,12.734545026763131,2.352802776307276,22.528000000000002,24.8,0.02547261147003834,655.3600000000001,7744,2.5600000000000005,1010025,461.3,76.88333333333334,-17.0,24.0,-0.7999999999999972
98,231.7,16.7,43.0,42.5,82.3,25,0.0,1006,87,26.0,0.0,2.0,2023,8,31,5,3,243,35,0.9659258262890683,0.25881904510252074,-0.8660254037844385,-0.5000000000000004,0.43388373911755823,-0.900968867902419,2,3,0,47.0,64.0,35.0,21.0,22.0,38.0,48.333333333333336,15.044378795195938,64.0,34.0,37.333333333333336,16.083117442419514,64.0,21.0,28.0,14.678369986294108,64.0,15.0,28.583333333333332,12.23649803080809,64.0,15.0,25.6,27.2,29.0,88.0,74.0,69.0,1.6,0.66,1.66,1005.0,1006.0,1006.0,2262.0,174.0,52.0,0.0,0.7999811769134845,13.873420753248308,2.57469612598048,22.62,25.0,0.025844904726734865,676.0,7569,4.0,1012036,450.2,75.03333333333333,-13.0,-1.0,0.3999999999999986
112,246.9,16.3,46.0,50.0,82.7,25,0.0,1006,87,26.3,2.0,1.6,2023,8,31,6,3,243,35,1.0,6.123233995736766e-17,-0.8660254037844385,-0.5000000000000004,0.43388373911755823,-0.900968867902419,2,0,0,34.0,47.0,64.0,21.0,18.0,35.0,40.333333333333336,6.506407098648368,47.0,34.0,40.5,13.953494186045042,64.0,23.0,29.833333333333332,14.68972017391321,64.0,15.0,28.791666666666668,12.39207027889613,64.0,15.0,26.0,26.4,28.5,87.0,80.0,68.0,2.0,0.33,1.33,1006.0,1006.0,1006.0,2288.1,139.20000000000002,42.080000000000005,0.0,0.7999840003199936,15.14631004232869,2.8219127660879697,22.881,25.5,0.026143115165889498,691.69,7569,2.5600000000000005,1012036,481.9,80.31666666666666,6.0,-24.0,0.3000000000000007
134,262.0,16.0,49.0,60.0,83.0,25,0.0,1006,87,26.7,2.3,1.6,2023,8,31,7,3,243,35,0.9659258262890683,-0.25881904510252063,-0.8660254037844385,-0.5000000000000004,0.43388373911755823,-0.900968867902419,2,0,0,40.0,34.0,47.0,23.0,18.0,28.0,40.666666666666664,7.023769168569101,48.0,34.0,44.666666666666664,11.129540272026526,64.0,34.0,32.333333333333336,15.041357127680264,64.0,15.0,29.625,12.99435496165797,64.0,15.0,26.3,25.6,28.0,87.0,88.0,68.0,1.6,1.6,1.0,1006.0,1005.0,1006.0,2322.9,139.20000000000002,42.72,0.0,0.7999866668888852,16.373976626460845,3.062308605712143,23.229,25.9,0.026540729084762342,712.89,7569,2.5600000000000005,1012036,518.0,86.33333333333333,8.0,1.0,0.3999999999999986
131,233.8,12.7,85.3,58.8,92.7,25,0.0,1006,66,28.6,3.6,1.0,2023,8,31,8,3,243,35,0.8660254037844387,-0.4999999999999998,-0.8660254037844385,-0.5000000000000004,0.43388373911755823,-0.900968867902419,2,0,0,48.0,40.0,34.0,35.0,22.0,52.0,45.0,4.358898943541613,48.0,40.0,46.666666666666664,10.073066398404245,64.0,34.0,34.416666666666664,15.210393177234241,64.0,15.0,29.416666666666668,12.655697004379745,64.0,15.0,26.7,26.0,27.2,87.0,87.0,74.0,1.6,2.0,0.66,1006.0,1006.0,1006.0,1887.6000000000001,66.0,28.6,0.0,0.7993061342494175,18.40799937012834,6.7160066136524685,18.876,28.1,0.028429395199408354,817.96,4356,1.0,1012036,530.3000000000001,88.38333333333334,-1.0,13.0,1.9000000000000021
150,205.6,9.3,121.7,67.5,102.3,25,0.0,1007,50,30.6,5.5,2.0,2023,8,31,9,3,243,35,0.7071067811865476,-0.7071067811865475,-0.8660254037844385,-0.5000000000000004,0.43388373911755823,-0.900968867902419,2,0,0,47.0,48.0,40.0,64.0,15.0,24.0,49.666666666666664,3.785938897201212,54.0,47.0,45.0,6.98569967862874,54.0,34.0,37.666666666666664,14.84669129551212,64.0,18.0,30.666666666666668,13.54755446138005,64.0,15.0,28.6,26.3,26.4,66.0,87.0,80.0,1.0,1.6,0.33,1006.0,1006.0,1006.0,1530.0,100.0,61.2,0.0,0.7999881483237284,22.1051499838727,13.084614557574454,15.3,29.6,0.030387258801133268,936.3600000000001,2500,4.0,1014049,560.4,93.39999999999999,7.0,14.0,2.0
163,177.4,6.0,158.0,81.3,112.0,25,0.0,1007,37,32.5,8.3,3.0,2023,8,31,10,3,243,35,0.49999999999999994,-0.8660254037844387,-0.8660254037844385,-0.5000000000000004,0.43388373911755823,-0.900968867902419,2,0,0,54.0,47.0,48.0,47.0,18.0,30.0,55.333333333333336,9.073771725877869,65.0,47.0,48.0,10.82589488217922,65.0,34.0,41.583333333333336,15.376832238694744,65.0,21.0,32.125,15.249554519509077,65.0,15.0,30.6,26.7,25.6,50.0,87.0,88.0,2.0,1.6,1.6,1007.0,1006.0,1005.0,1202.5,111.0,97.5,0.0,0.7994981611542293,29.561739710048325,26.32894517580403,12.025,31.0,0.0322740493802886,1056.25,1369,9.0,1014049,599.7,99.95,11.0,17.0,1.8999999999999986
153,162.4,5.3,161.3,72.5,100.3,25,0.0,1006,36,33.3,9.8,2.33,2023,8,31,11,3,243,35,0.258819045102521,-0.9659258262890682,-0.8660254037844385,-0.5000000000000004,0.43388373911755823,-0.900968867902419,2,0,0,65.0,54.0,47.0,34.0,21.0,32.0,59.0,5.567764362830648,65.0,54.0,52.0,8.876936408468575,65.0,40.0,44.666666666666664,14.562300850504291,65.0,21.0,33.208333333333336,16.137935773031657,65.0,15.0,32.5,28.6,26.0,37.0,66.0,87.0,3.0,1.0,2.0,1007.0,1006.0,1006.0,1198.8,83.88,77.589,0.0,0.799988965669439,30.635729107715527,30.42822109036031,11.988,32.135,0.03310135874616427,1108.8899999999999,1296,5.4289000000000005,1012036,559.8,93.3,-7.0,11.0,0.7999999999999972
148,147.5,4.7,164.7,66.3,88.7,25,0.0,1005,35,34.2,11.2,1.66,2023,8,31,12,3,243,35,1.2246467991473532e-16,-1.0,-0.8660254037844385,-0.5000000000000004,0.43388373911755823,-0.900968867902419,2,1,0,58.0,65.0,54.0,40.0,21.0,28.0,58.666666666666664,6.027713773342287,65.0,53.0,54.166666666666664,6.675827039900154,65.0,47.0,47.333333333333336,12.637126639270546,65.0,23.0,34.25,16.587711533332328,65.0,15.0,33.3,30.6,26.3,36.0,50.0,87.0,2.33,2.0,1.6,1006.0,1007.0,1006.0,1197.0,58.099999999999994,56.772,0.0,0.7993846246662946,31.376302914273555,35.035098915124436,11.97,33.370000000000005,0.03402981688575435,1169.64,1225,2.7556,1010025,524.9,87.48333333333333,-5.0,-1.0,0.9000000000000057
171,132.5,4.0,168.0,88.8,77.0,25,0.0,1005,34,35.0,10.4,1.0,2023,8,31,13,3,243,35,-0.2588190451025208,-0.9659258262890683,-0.8660254037844385,-0.5000000000000004,0.43388373911755823,-0.900968867902419,2,1,0,53.0,58.0,65.0,48.0,23.0,40.0,60.666666666666664,9.291573243177936,71.0,53.0,58.0,8.717797887081124,71.0,47.0,51.333333333333336,11.803954139750136,71.0,34.0,35.541666666666664,18.184989430288756,71.0,15.0,34.2,32.5,26.7,35.0,37.0,87.0,1.66,3.0,1.6,1005.0,1007.0,1006.0,1190.0,34.0,35.0,0.0,0.7995405457145752,33.11672081979505,41.98950262434391,11.9,34.5,0.03482583599419304,1225.0,1156,1.0,1010025,541.3,90.21666666666665,18.0,6.0,0.7999999999999972
159,135.6,5.0,162.7,77.5,75.7,20,0.0,1004,33,35.0,8.3,1.66,2023,8,31,14,3,243,35,-0.4999999999999997,-0.8660254037844388,-0.8660254037844385,-0.5000000000000004,0.43388373911755823,-0.900968867902419,2,1,0,71.0,53.0,58.0,47.0,35.0,19.0,62.0,9.000000000000373,71.0,53.0,60.5,6.892024376044863,71.0,53.0,53.583333333333336,10.949955029656785,71.0,34.0,37.333333333333336,18.59795843556543,71.0,15.0,35.0,33.3,28.6,34.0,36.0,66.0,1.0,2.33,1.0,1005.0,1006.0,1006.0,1155.0,54.779999999999994,58.099999999999994,0.0,0.7999896775525477,27.11457708458308,32.533493301339725,11.55,34.17,0.0348605230472878,1225.0,1089,2.7556,1008016,518.5,86.41666666666667,-9.0,4.0,0.0
156,138.7,6.0,157.3,75.0,74.3,16,0.0,1003,32,35.0,5.6,2.33,2023,8,31,15,3,243,35,-0.7071067811865471,-0.7071067811865479,-0.8660254037844385,-0.5000000000000004,0.43388373911755823,-0.900968867902419,2,1,0,62.0,71.0,53.0,54.0,64.0,24.0,64.33333333333333,5.859465277082871,71.0,60.0,61.5,6.156297588648292,71.0,53.0,53.25,10.661101768067018,71.0,34.0,38.833333333333336,18.924717370049088,71.0,15.0,35.0,34.2,30.6,33.0,35.0,50.0,1.66,1.66,2.0,1004.0,1005.0,1007.0,1120.0,74.56,81.55,0.0,0.7999893334755536,23.11281453091151,26.21229795034161,11.2,33.835,0.034895279266919974,1225.0,1024,5.4289000000000005,1006009,511.3,85.21666666666667,-2.0,7.0,0.0
159,141.8,7.0,152.0,77.5,73.0,12,0.0,1003,31,35.0,3.5,3.0,2023,8,31,16,3,243,35,-0.8660254037844385,-0.5000000000000004,-0.8660254037844385,-0.5000000000000004,0.43388373911755823,-0.900968867902419,2,1,0,60.0,62.0,71.0,65.0,47.0,16.0,61.333333333333336,1.1547005383821611,62.0,60.0,61.0,5.932958789676251,71.0,53.0,54.5,10.740746545916954,71.0,34.0,40.75,18.840866775962624,71.0,15.0,35.0,35.0,32.5,32.0,34.0,37.0,2.33,1.0,3.0,1003.0,1005.0,1007.0,1085.0,93.0,105.0,0.0,0.7999896775525477,20.254249392943866,21.711184116554776,10.85,33.5,0.034895279266919974,1225.0,961,9.0,1006009,513.3,85.55,2.0,-9.0,0.0
89,219.2,15.7,132.7,37.5,99.3,13,0.0,1003,36,33.8,2.3,2.66,2023,8,31,17,3,243,35,-0.9659258262890683,-0.25881904510252063,-0.8660254037844385,-0.5000000000000004,0.43388373911755823,-0.900968867902419,2,1,0,62.0,60.0,62.0,58.0,34.0,22.0,50.666666666666664,17.925772879665214,62.0,30.0,56.333333333333336,14.123266855322903,71.0,30.0,54.166666666666664,11.47196847128039,71.0,30.0,41.083333333333336,18.563443895876908,71.0,15.0,35.0,35.0,33.3,31.0,33.0,36.0,3.0,1.66,2.33,1003.0,1004.0,1006.0,1216.8,95.76,89.908,0.0,0.7999786672355405,13.960894210559838,8.451690975097128,12.168,32.47,0.03369886969205414,1142.4399999999998,1296,7.0756000000000006,1006009,534.4,89.06666666666666,-32.0,-32.0,-1.2000000000000028
67,296.7,24.3,113.3,25.0,125.7,14,0.0,1004,42,32.5,2.0,2.33,2023,8,31,18,3,243,35,-1.0,-1.8369701987210297e-16,-0.8660254037844385,-0.5000000000000004,0.43388373911755823,-0.900968867902419,2,2,0,30.0,62.0,60.0,53.0,40.0,18.0,37.333333333333336,21.939310229205976,62.0,20.0,50.833333333333336,20.6147196601521,71.0,20.0,52.5,14.712394280148162,71.0,20.0,41.166666666666664,18.45951308102175,71.0,15.0,33.8,35.0,34.2,36.0,32.0,35.0,2.66,2.33,1.66,1003.0,1003.0,1005.0,1365.0,97.86,75.72500000000001,0.0,0.7999680012799487,12.209374099831281,4.662359573680095,13.65,31.335,0.032370485686767245,1056.25,1764,5.4289000000000005,1008016,605.0,100.83333333333333,-10.0,-40.0,-1.2999999999999972
74,374.1,33.0,94.0,28.8,152.0,16,0.0,1004,49,31.3,0.0,2.0,2023,8,31,19,3,243,35,-0.9659258262890684,0.2588190451025203,-0.8660254037844385,-0.5000000000000004,0.43388373911755823,-0.900968867902419,2,2,0,20.0,30.0,62.0,71.0,48.0,18.0,24.333333333333332,5.131601439447843,30.0,20.0,42.833333333333336,20.536958554436925,62.0,20.0,50.416666666666664,16.999777182140225,71.0,20.0,41.375,18.213259622784825,71.0,15.0,32.5,35.0,35.0,42.0,31.0,34.0,2.33,3.0,1.0,1004.0,1003.0,1005.0,1533.7,98.0,62.6,0.0,0.7985833825214401,11.336020120602408,2.8483985333777766,15.337,30.3,0.03117526775371738,979.69,2401,4.0,1008016,704.9,117.48333333333333,3.0,-39.0,-1.1999999999999993
74,420.0,34.7,79.7,28.8,167.0,17,0.0,1004,56,30.0,0.0,1.66,2023,8,31,20,3,243,35,-0.8660254037844386,0.5000000000000001,-0.8660254037844385,-0.5000000000000004,0.43388373911755823,-0.900968867902419,2,2,0,23.0,20.0,30.0,62.0,47.0,22.0,22.0,1.7320508075717795,23.0,20.0,36.333333333333336,19.39759435256493,62.0,20.0,48.416666666666664,18.759038225652898,71.0,20.0,41.416666666666664,18.168095941648236,71.0,15.0,31.3,33.8,35.0,49.0,36.0,33.0,2.0,2.66,1.66,1004.0,1003.0,1004.0,1680.0,92.96,49.8,0.0,0.7985833825214401,12.103397596611048,2.296763782023573,16.8,29.17,0.029880448326246686,900.0,3136,2.7556,1008016,753.1999999999999,125.53333333333332,0.0,-7.0,-1.3000000000000007
69,465.9,36.3,65.3,26.3,182.0,18,0.0,1005,65,28.8,0.0,1.33,2023,8,31,21,3,243,35,-0.7071067811865477,0.7071067811865474,-0.8660254037844385,-0.5000000000000004,0.43388373911755823,-0.900968867902419,2,2,0,23.0,23.0,20.0,60.0,54.0,15.0,22.333333333333332,1.1547005383835915,23.0,21.0,29.833333333333332,16.142077520153894,62.0,20.0,45.666666666666664,20.227494040328054,71.0,20.0,41.666666666666664,17.826864599510568,71.0,18.0,30.0,32.5,35.0,56.0,42.0,32.0,1.66,2.33,2.33,1004.0,1004.0,1003.0,1872.0,86.45,38.304,0.0,0.79844872818524,12.83435718024297,1.7988485165697916,18.72,28.135,0.02865668790379313,829.44,4225,1.7689000000000001,1010025,796.8,132.79999999999998,-2.0,1.0,-1.1999999999999993
69,511.8,38.0,51.0,26.3,197.0,19,0.0,1005,75,27.5,0.0,1.0,2023,8,31,22,3,243,35,-0.5000000000000004,0.8660254037844384,-0.8660254037844385,-0.5000000000000004,0.43388373911755823,-0.900968867902419,2,3,0,21.0,23.0,23.0,62.0,65.0,18.0,21.666666666666668,1.1547005383836206,23.0,21.0,23.0,3.6331804249155732,30.0,20.0,42.0,20.39162038235741,71.0,20.0,41.791666666666664,17.663470451918695,71.0,20.0,28.8,31.3,35.0,65.0,49.0,31.0,1.33,2.0,3.0,1005.0,1004.0,1003.0,2062.5,75.0,27.5,0.0,0.79844872818524,13.468066629825532,1.3420699455277494,20.625,27.0,0.027363156852580246,756.25,5625,1.0,1010025,845.0999999999999,140.85,0.0,-2.0,-1.3000000000000007
63,506.0,37.7,43.7,22.5,181.7,0,0.0,1005,79,27.2,0.0,1.0,2023,8,31,23,3,243,35,-0.25881904510252157,0.9659258262890681,-0.8660254037844385,-0.5000000000000004,0.43388373911755823,-0.900968867902419,2,3,0,21.0,21.0,23.0,30.0,58.0,21.0,20.0,1.7320508075718373,21.0,18.0,21.0,1.8973665960982196,23.0,18.0,38.666666666666664,20.803554474845676,71.0,18.0,41.666666666666664,17.826864599510568,71.0,18.0,27.5,30.0,33.8,75.0,56.0,36.0,1.0,1.66,2.66,1005.0,1004.0,1003.0,2148.7999999999997,79.0,27.2,0.0,0.7999644460246211,13.421394657966632,1.159120447733482,21.487999999999996,26.7,0.027064649686915736,739.8399999999999,6241,1.0,1010025,809.6000000000001,134.93333333333337,-3.0,-5.0,-0.3000000000000007
74,500.1,37.3,36.3,28.8,166.3,0,0.0,1005,83,26.8,0.0,1.0,2023,9,1,0,4,244,35,0.0,1.0,-1.0,-1.8369701987210297e-16,-0.433883739117558,-0.9009688679024191,3,3,0,18.0,21.0,21.0,20.0,53.0,21.0,20.666666666666668,2.5166114784256073,23.0,18.0,21.5,1.9748417658104749,23.0,18.0,36.166666666666664,20.726940454540166,71.0,18.0,41.75,17.73046996606122,71.0,18.0,27.2,28.8,32.5,79.0,65.0,42.0,1.0,1.33,2.33,1005.0,1005.0,1004.0,2224.4,83.0,26.8,0.0,0.7985833825214401,13.407147261467523,0.9731642583308759,22.244,26.3,0.026666640132696387,718.24,6889,1.0,1010025,791.8,131.96666666666667,5.0,2.0,-0.3999999999999986
72,494.3,37.0,29.0,27.5,151.0,23,0.0,1005,87,26.5,0.0,1.0,2023,9,1,1,4,244,35,0.25881904510252074,0.9659258262890683,-1.0,-1.8369701987210297e-16,-0.433883739117558,-0.9009688679024191,3,3,0,23.0,18.0,21.0,23.0,71.0,23.0,21.0,2.6457513110665096,23.0,18.0,21.333333333333332,1.86189867249968,23.0,18.0,32.083333333333336,17.870536102928035,62.0,18.0,41.708333333333336,17.77756076256454,71.0,18.0,26.8,27.5,31.3,83.0,75.0,49.0,1.0,1.0,2.0,1005.0,1005.0,1004.0,2305.5,87.0,26.5,0.0,0.7999709101487218,13.359098402745873,0.7837626010107835,23.055,26.0,0.026368132967031874,702.25,7569,1.0,1010025,760.8,126.8,-1.0,1.0,-0.3000000000000007
145,423.5,31.3,33.0,65.0,135.0,22,0.0,1005,88,26.7,0.0,1.0,2023,9,1,2,4,244,35,0.49999999999999994,0.8660254037844387,-1.0,-1.8369701987210297e-16,-0.433883739117558,-0.9009688679024191,3,3,0,22.0,23.0,18.0,23.0,62.0,35.0,32.333333333333336,17.03917055884301,52.0,22.0,26.166666666666668,12.765839833973203,52.0,18.0,31.25,16.531650085380118,62.0,18.0,42.416666666666664,17.837226989268114,71.0,18.0,26.5,27.2,30.0,87.0,79.0,56.0,1.0,1.0,1.66,1005.0,1005.0,1004.0,2349.6,88.0,26.7,0.0,0.7999876924970385,13.52991917191144,1.0542794159930993,23.496,26.2,0.026567137744141548,712.89,7744,1.0,1010025,739.8,123.3,30.0,34.0,0.1999999999999993
161,352.7,25.7,37.0,80.0,119.0,8,0.0,1005,89,26.8,0.0,1.0,2023,9,1,3,4,244,35,0.7071067811865476,0.7071067811865476,-1.0,-1.8369701987210297e-16,-0.433883739117558,-0.9009688679024191,3,3,0,52.0,22.0,23.0,21.0,60.0,64.0,46.0,21.63330765278412,64.0,22.0,33.333333333333336,19.55164102234537,64.0,18.0,31.583333333333332,17.191215163212654,64.0,18.0,42.416666666666664,17.837226989268114,71.0,18.0,26.7,26.8,28.8,88.0,83.0,65.0,1.0,1.0,1.33,1005.0,1005.0,1005.0,2385.2000000000003,89.0,26.8,0.0,0.7999900001249984,13.7232014318509,1.4396326991167658,23.852000000000004,26.3,0.026666640132696387,718.24,7921,1.0,1010025,678.4,113.06666666666666,12.0,41.0,0.10000000000000142
156,281.9,20.0,41.0,75.0,103.0,0,0.0,1005,90,27.0,0.0,1.0,2023,9,1,4,4,244,35,0.8660254037844386,0.5000000000000001,-1.0,-1.8369701987210297e-16,-0.433883739117558,-0.9009688679024191,3,3,0,64.0,52.0,22.0,21.0,62.0,47.0,58.666666666666664,6.11010092660834,64.0,52.0,39.833333333333336,21.05627380774337,64.0,18.0,31.416666666666668,16.876332719539512,64.0,18.0,42.958333333333336,18.17661939838186,71.0,18.0,26.8,26.5,27.5,89.0,87.0,75.0,1.0,1.0,1.0,1005.0,1005.0,1005.0,2430.0,90.0,27.0,0.0,0.7999893334755536,14.094295285235736,2.0498975051247434,24.3,26.5,0.02686564490980606,729.0,8100,1.0,1010025,580.9,96.81666666666666,-4.0,38.0,0.1999999999999993
161,267.1,18.7,43.7,80.0,97.0,14,0.0,1005,83,27.1,0.0,1.66,2023,9,1,5,4,244,35,0.9659258262890683,0.25881904510252074,-1.0,-1.8369701987210297e-16,-0.433883739117558,-0.9009688679024191,3,3,0,60.0,64.0,52.0,18.0,30.0,34.0,62.666666666666664,2.3094010767598974,64.0,60.0,47.5,19.856988694159902,64.0,22.0,34.25,19.297314933336118,64.0,18.0,44.208333333333336,18.56124800589231,71.0,18.0,27.0,26.7,27.2,90.0,88.0,79.0,1.0,1.0,1.0,1005.0,1005.0,1005.0,2249.3,137.78,44.986,0.0,0.7999900001249984,14.282658681353938,2.3367734345756914,22.493000000000002,26.270000000000003,0.0269651472983609,734.4100000000001,6889,2.7556,1010025,570.5,95.08333333333333,4.0,12.0,0.10000000000000142
159,252.3,17.3,46.3,77.5,91.0,0,0.0,1005,76,27.1,1.5,2.33,2023,9,1,6,4,244,35,1.0,6.123233995736766e-17,-1.0,-1.8369701987210297e-16,-0.433883739117558,-0.9009688679024191,3,0,0,64.0,60.0,64.0,23.0,20.0,40.0,62.0,2.0000000000016236,64.0,60.0,54.0,16.297239029970545,64.0,22.0,37.75,20.262482123821226,64.0,18.0,45.125,18.88480525621663,71.0,18.0,27.1,26.8,26.8,83.0,89.0,83.0,1.66,1.0,1.0,1005.0,1005.0,1005.0,2059.6,177.08,63.14300000000001,0.0,0.7999896775525477,14.58297208253858,2.6761458875209523,20.596,25.935000000000002,0.0269651472983609,734.4100000000001,5776,5.4289000000000005,1010025,546.4000000000001,91.06666666666668,-2.0,-2.0,0.0
157,237.5,16.0,49.0,76.3,85.0,30,0.0,1005,70,27.2,1.9,3.0,2023,9,1,7,4,244,35,0.9659258262890683,-0.25881904510252063,-1.0,-1.8369701987210297e-16,-0.433883739117558,-0.9009688679024191,3,0,0,62.0,64.0,60.0,22.0,23.0,48.0,62.333333333333336,1.527525231654064,64.0,61.0,60.5,4.460941604638692,64.0,52.0,40.916666666666664,20.712132295889205,64.0,18.0,45.666666666666664,19.15535267834801,71.0,18.0,27.1,27.0,26.5,76.0,90.0,87.0,2.33,1.0,1.0,1005.0,1005.0,1005.0,1904.0,210.0,81.6,0.0,0.7994652756844602,14.842822323604773,3.062308605712143,19.04,25.7,0.027064649686915736,739.8399999999999,4900,9.0,1010025,524.8,87.46666666666665,-1.0,1.0,0.09999999999999787
184,220.2,13.3,81.0,101.3,97.3,31,0.0,1006,64,28.6,2.9,2.66,2023,9,1,8,4,244,35,0.8660254037844387,-0.4999999999999998,-1.0,-1.8369701987210297e-16,-0.433883739117558,-0.9009688679024191,3,0,0,61.0,62.0,64.0,52.0,23.0,47.0,68.0,11.26942766958491,81.0,61.0,65.33333333333333,7.840068026915578,81.0,60.0,45.75,22.811978512096562,81.0,18.0,47.083333333333336,20.47037449300987,81.0,18.0,27.2,27.1,26.7,70.0,83.0,88.0,3.0,1.66,1.0,1005.0,1005.0,1005.0,1830.4,170.24,76.07600000000001,0.0,0.7995972399087866,16.555146229606795,6.089767686640102,18.304000000000002,27.270000000000003,0.028429395199408354,817.96,4096,7.0756000000000006,1012036,594.1,99.01666666666667,20.0,17.0,1.4000000000000021
157,202.9,10.7,113.0,76.3,109.7,32,0.0,1006,59,30.1,4.6,2.33,2023,9,1,9,4,244,35,0.7071067811865476,-0.7071067811865475,-1.0,-1.8369701987210297e-16,-0.433883739117558,-0.9009688679024191,3,0,0,81.0,61.0,62.0,64.0,21.0,54.0,67.66666666666667,11.547005383792776,81.0,61.0,64.83333333333333,8.035338615557146,81.0,60.0,49.083333333333336,21.765102732808042,81.0,18.0,47.375,20.622513025290395,81.0,18.0,28.6,27.1,26.8,64.0,76.0,89.0,2.66,2.33,1.0,1006.0,1005.0,1005.0,1775.9,137.47,70.13300000000001,0.0,0.7994652756844602,18.960844780861603,10.559760770021494,17.759,28.935000000000002,0.02992044739518152,906.0100000000001,3481,5.4289000000000005,1012036,573.6,95.60000000000001,-20.0,-1.0,1.5
164,185.6,8.0,145.0,82.5,122.0,33,0.0,1006,54,31.5,7.8,2.0,2023,9,1,10,4,244,35,0.49999999999999994,-0.8660254037844387,-1.0,-1.8369701987210297e-16,-0.433883739117558,-0.9009688679024191,3,0,0,61.0,81.0,61.0,60.0,21.0,65.0,69.33333333333333,10.408329997330947,81.0,61.0,65.83333333333333,7.678975626127746,81.0,61.0,52.833333333333336,20.314944491604212,81.0,18.0,47.416666666666664,20.66064662203463,81.0,18.0,30.1,27.2,27.0,59.0,70.0,90.0,2.33,3.0,1.0,1006.0,1005.0,1005.0,1701.0,108.0,63.0,0.0,0.7999903031478406,23.197100362454695,18.12273465816773,17.01,30.5,0.03131209611123647,992.25,2916,4.0,1012036,609.1,101.51666666666667,5.0,5.0,1.3999999999999986
155,172.0,6.7,158.7,73.8,114.0,35,0.0,1005,49,32.6,8.8,2.0,2023,9,1,11,4,244,35,0.258819045102521,-0.9659258262890682,-1.0,-1.8369701987210297e-16,-0.433883739117558,-0.9009688679024191,3,0,0,66.0,61.0,81.0,64.0,18.0,58.0,62.0,3.6055512754649186,66.0,59.0,65.0,8.173126696680848,81.0,59.0,56.25,17.120561800467485,81.0,22.0,47.458333333333336,20.683913444083306,81.0,18.0,31.5,28.6,27.1,54.0,64.0,83.0,2.0,2.66,1.66,1006.0,1006.0,1005.0,1597.4,98.0,65.2,0.0,0.799447161962575,25.667810774511263,23.68303238322638,15.974,31.6,0.03243777866887695,1062.76,2401,4.0,1010025,584.2,97.36666666666667,-7.0,-22.0,1.1000000000000014
164,158.4,5.3,172.3,82.5,106.0,36,0.0,1004,45,33.6,9.5,2.0,2023,9,1,12,4,244,35,1.2246467991473532e-16,-1.0,-1.0,-1.8369701987210297e-16,-0.433883739117558,-0.9009688679024191,3,1,0,59.0,66.0,61.0,62.0,23.0,53.0,63.666666666666664,4.041451884328186,66.0,59.0,65.66666666666667,8.041558721209713,81.0,59.0,59.833333333333336,13.683655368446464,81.0,22.0,48.0,21.003105360460875,81.0,18.0,32.6,30.1,27.1,49.0,59.0,76.0,2.0,2.33,2.33,1005.0,1006.0,1005.0,1512.0,90.0,67.2,0.0,0.7999903031478406,29.881154499151105,32.50330126391247,15.12,32.6,0.033466102125396295,1128.96,2025,4.0,1008016,590.5,98.41666666666667,7.0,5.0,1.0
173,144.7,4.0,186.0,91.3,98.0,37,0.0,1004,41,34.7,8.9,2.0,2023,9,1,13,4,244,35,-0.2588190451025208,-0.9659258262890683,-1.0,-1.8369701987210297e-16,-0.433883739117558,-0.9009688679024191,3,1,0,66.0,59.0,66.0,61.0,22.0,71.0,66.0,7.000000000000445,73.0,59.0,67.66666666666667,8.140434058861016,81.0,59.0,64.08333333333333,7.292067088571748,81.0,52.0,48.083333333333336,21.10206391444418,81.0,18.0,33.6,31.5,27.2,45.0,54.0,70.0,2.0,2.0,3.0,1004.0,1006.0,1005.0,1422.7,82.0,69.4,0.0,0.7995531264717801,36.1659585103724,46.48837790552361,14.227,33.7,0.03456171856402534,1204.0900000000001,1681,4.0,1008016,597.0,99.5,7.0,7.0,1.1000000000000014
168,145.5,4.7,185.7,86.3,98.0,29,0.0,1003,40,34.8,7.2,2.33,2023,9,1,14,4,244,35,-0.4999999999999997,-0.8660254037844388,-1.0,-1.8369701987210297e-16,-0.433883739117558,-0.9009688679024191,3,1,0,73.0,66.0,59.0,81.0,52.0,62.0,69.33333333333333,3.5118845842850743,73.0,66.0,65.66666666666667,5.1251016250084245,73.0,59.0,65.5,6.317364237486985,81.0,59.0,48.375,21.3497021667448,81.0,18.0,34.7,32.6,28.6,41.0,49.0,64.0,2.0,2.0,2.66,1004.0,1005.0,1006.0,1392.0,93.2,81.08399999999999,0.0,0.7995272360691069,30.95086151882578,39.502233567326094,13.92,33.635,0.034695877671109,1211.0399999999997,1600,5.4289000000000005,1006009,589.2,98.2,-4.0,10.0,0.09999999999999432
152,146.3,5.3,185.3,71.3,98.0,20,0.0,1002,39,34.9,4.9,2.66,2023,9,1,15,4,244,35,-0.7071067811865471,-0.7071067811865479,-1.0,-1.8369701987210297e-16,-0.433883739117558,-0.9009688679024191,3,1,0,69.0,73.0,66.0,61.0,64.0,60.0,66.33333333333333,8.326663997864902,73.0,57.0,65.0,6.033241251599107,73.0,57.0,64.91666666666667,6.775065693519426,81.0,57.0,48.25,21.28737123068641,81.0,18.0,34.8,33.6,30.1,40.0,45.0,59.0,2.33,2.0,2.33,1003.0,1004.0,1006.0,1361.1,103.74000000000001,92.834,0.0,0.7994277780115285,27.59856630824373,34.95566874174684,13.610999999999999,33.57,0.03483030456057429,1218.01,1521,7.0756000000000006,1004004,563.2,93.86666666666667,-12.0,-9.0,0.10000000000000142
153,147.1,6.0,185.0,68.8,98.0,12,0.0,1002,38,35.0,3.1,3.0,2023,9,1,16,4,244,35,-0.8660254037844385,-0.5000000000000004,-1.0,-1.8369701987210297e-16,-0.433883739117558,-0.9009688679024191,3,1,0,57.0,69.0,73.0,66.0,60.0,62.0,60.333333333333336,7.571877794400817,69.0,55.0,63.166666666666664,7.222649560006591,73.0,55.0,64.5,7.242551032235411,81.0,55.0,47.958333333333336,21.138218358280117,81.0,18.0,34.9,34.7,31.5,39.0,41.0,54.0,2.66,2.0,2.0,1002.0,1004.0,1006.0,1330.0,114.0,105.0,0.0,0.7994069853635848,24.512581236460587,30.8281953007832,13.3,33.5,0.03493010486017479,1225.0,1444,9.0,1004004,559.9000000000001,93.31666666666668,-2.0,-18.0,0.10000000000000142
139,203.7,13.0,154.3,62.5,103.3,25,0.0,1002,42,33.8,1.8,2.33,2023,9,1,17,4,244,35,-0.9659258262890683,-0.25881904510252063,-1.0,-1.8369701987210297e-16,-0.433883739117558,-0.9009688679024191,3,1,0,55.0,57.0,69.0,59.0,64.0,30.0,54.0,3.6055512754650376,57.0,50.0,61.666666666666664,8.981462390204786,73.0,50.0,63.333333333333336,8.370221386593965,81.0,50.0,48.791666666666664,20.79084072304501,81.0,18.0,35.0,34.8,32.6,38.0,40.0,49.0,3.0,2.33,2.0,1002.0,1003.0,1005.0,1419.6,97.86,78.75399999999999,0.0,0.7999872002047967,15.668025536497192,11.868317821706023,14.196,32.635,0.033732501264968795,1142.4399999999998,1764,5.4289000000000005,1004004,586.8,97.8,-5.0,-19.0,-1.2000000000000028
139,260.3,20.0,123.7,62.5,108.7,37,0.0,1002,47,32.7,1.7,1.66,2023,9,1,18,4,244,35,-1.0,-1.8369701987210297e-16,-1.0,-1.8369701987210297e-16,-0.433883739117558,-0.9009688679024191,3,2,0,50.0,55.0,57.0,66.0,62.0,20.0,51.666666666666664,2.886751345949484,55.0,50.0,59.0,9.777525249264038,73.0,50.0,62.333333333333336,9.21790089823524,81.0,50.0,50.041666666666664,19.865808876530892,81.0,18.0,33.8,34.9,33.6,42.0,39.0,45.0,2.33,2.66,2.0,1002.0,1002.0,1004.0,1536.9,78.02,54.282000000000004,0.0,0.7999872002047967,13.014349282535873,6.184690765461727,15.369000000000002,31.870000000000005,0.03263469796936331,1069.2900000000002,2209,2.7556,1004004,625.2,104.2,0.0,-7.0,-1.0999999999999943
107,316.9,27.0,93.0,47.5,114.0,50,0.0,1002,52,31.5,0.0,1.0,2023,9,1,19,4,244,35,-0.9659258262890684,0.2588190451025203,-1.0,-1.8369701987210297e-16,-0.433883739117558,-0.9009688679024191,3,2,0,50.0,50.0,55.0,73.0,61.0,23.0,46.0,6.928203230276119,50.0,38.0,53.166666666666664,10.186592495366696,69.0,38.0,60.416666666666664,11.602964615940929,81.0,38.0,50.666666666666664,19.202958709230703,81.0,18.0,32.7,35.0,34.7,47.0,38.0,41.0,1.66,3.0,2.0,1002.0,1002.0,1004.0,1638.0,52.0,31.5,0.0,0.7999831582493001,11.736602348061181,3.4443168771526977,16.38,31.0,0.031437094374157315,992.25,2704,1.0,1004004,636.4,106.06666666666666,-12.0,-17.0,-1.2000000000000028
100,353.9,29.3,78.0,43.8,118.0,62,0.0,1003,57,30.9,0.0,1.0,2023,9,1,20,4,244,35,-0.8660254037844386,0.5000000000000001,-1.0,-1.8369701987210297e-16,-0.433883739117558,-0.9009688679024191,3,2,0,38.0,50.0,50.0,69.0,81.0,23.0,41.0,7.93725393319434,50.0,35.0,47.5,9.00555384193516,57.0,35.0,56.583333333333336,11.781791292524066,73.0,35.0,51.166666666666664,18.597958435565673,81.0,18.0,31.5,33.8,34.8,52.0,42.0,40.0,1.0,2.33,2.33,1002.0,1002.0,1003.0,1761.3,57.0,30.9,0.0,0.7990685144174792,12.078086072147707,2.6620251868536906,17.613,30.4,0.03080754655279506,954.81,3249,1.0,1006009,658.0,109.66666666666667,-3.0,-15.0,-0.6000000000000014
93,390.8,31.7,63.0,40.0,122.0,75,0.0,1003,62,30.3,0.0,1.0,2023,9,1,21,4,244,35,-0.7071067811865477,0.7071067811865474,-1.0,-1.8369701987210297e-16,-0.433883739117558,-0.9009688679024191,3,2,0,35.0,38.0,50.0,57.0,61.0,21.0,35.0,3.000000000001612,38.0,32.0,43.333333333333336,9.500877152487494,55.0,32.0,54.166666666666664,13.62373152282629,73.0,32.0,51.625,17.946326982809804,81.0,18.0,30.9,32.7,34.9,57.0,47.0,39.0,1.0,1.66,2.66,1003.0,1002.0,1002.0,1878.6000000000001,62.0,30.3,0.0,0.7999800004999875,12.327686823759503,1.9873190120185482,18.786,29.8,0.03020934176536215,918.09,3844,1.0,1006009,679.5,113.25,-3.0,-18.0,-0.5999999999999979
78,427.8,34.0,48.0,31.3,126.0,87,0.0,1004,68,29.7,0.0,1.0,2023,9,1,22,4,244,35,-0.5000000000000004,0.8660254037844384,-1.0,-1.8369701987210297e-16,-0.433883739117558,-0.9009688679024191,3,3,0,32.0,35.0,38.0,55.0,66.0,21.0,30.666666666666668,5.1316014394478735,35.0,25.0,38.333333333333336,10.013324456276138,50.0,25.0,50.75,15.410297619684808,73.0,25.0,51.791666666666664,17.665931759393576,81.0,18.0,30.3,31.5,35.0,62.0,52.0,38.0,1.0,1.0,3.0,1003.0,1002.0,1002.0,2019.6,68.0,29.7,0.0,0.7986965272674994,12.581982882856387,1.4117231846122174,20.195999999999998,29.2,0.029581643842984222,882.0899999999999,4624,1.0,1008016,692.1,115.35000000000001,-7.0,-13.0,-0.6000000000000014
85,407.7,32.7,45.3,35.0,121.0,87,0.0,1004,69,29.6,0.0,0.66,2023,9,1,23,4,244,35,-0.25881904510252157,0.9659258262890681,-1.0,-1.8369701987210297e-16,-0.433883739117558,-0.9009688679024191,3,3,0,25.0,32.0,35.0,50.0,59.0,18.0,28.333333333333332,3.5118845842857294,32.0,25.0,34.666666666666664,8.846845012017392,50.0,25.0,48.166666666666664,16.463918308245972,73.0,25.0,52.208333333333336,16.93717076796485,81.0,22.0,29.7,30.9,33.8,68.0,57.0,42.0,1.0,1.0,2.33,1004.0,1003.0,1002.0,2042.4,45.54,19.536,0.0,0.7999771435101855,12.467508638879545,1.3852787376532827,20.424,29.270000000000003,0.0294820423485634,876.1600000000001,4761,0.43560000000000004,1008016,669.7,111.61666666666667,3.0,-7.0,-0.09999999999999787
89,387.7,31.3,42.7,37.5,116.0,87,0.0,1003,71,29.6,0.0,0.33,2023,9,2,0,5,245,35,0.0,1.0,-1.0,-1.8369701987210297e-16,-0.9749279121818236,-0.2225209339563146,3,3,1,28.0,25.0,32.0,50.0,66.0,23.0,27.666666666666668,2.5166114784256686,30.0,25.0,31.333333333333332,4.718756898448606,38.0,25.0,45.166666666666664,16.19670748434152,73.0,25.0,52.5,16.466038830958208,81.0,22.0,29.6,30.3,32.7,69.0,62.0,47.0,0.66,1.0,1.66,1004.0,1003.0,1002.0,2101.6,23.43,9.768,0.0,0.7999786672355405,12.386185744864381,1.3641736685728891,21.016,29.435000000000002,0.02951143618002375,876.1600000000001,5041,0.10890000000000001,1006009,645.2,107.53333333333335,2.0,-2.0,0.0
89,367.7,30.0,40.0,37.5,111.0,87,0.0,1003,72,29.5,0.0,1.6,2023,9,2,1,5,245,35,0.25881904510252074,0.9659258262890683,-1.0,-1.8369701987210297e-16,-0.9749279121818236,-0.2225209339563146,3,3,1,30.0,28.0,25.0,38.0,73.0,22.0,29.333333333333332,1.1547005383837152,30.0,28.0,30.0,3.405877273183719,35.0,25.0,41.583333333333336,14.10002149149418,69.0,25.0,52.833333333333336,15.892756530726272,81.0,25.0,29.6,29.7,31.5,71.0,68.0,52.0,0.33,1.0,1.0,1003.0,1004.0,1002.0,2124.0,115.2,47.2,0.0,0.7999786672355405,12.256258124729175,1.3332888903703208,21.24,28.7,0.029411735382118265,870.25,5184,2.5600000000000005,1006009,616.2,102.7,0.0,5.0,-0.10000000000000142
95,345.1,28.0,39.7,41.3,108.0,87,0.0,1003,72,29.2,0.0,0.33,2023,9,2,2,5,245,35,0.49999999999999994,0.8660254037844387,-1.0,-1.8369701987210297e-16,-0.9749279121818236,-0.2225209339563146,3,3,1,30.0,30.0,28.0,35.0,69.0,52.0,31.0,1.732050807571798,33.0,30.0,29.666666666666668,2.8751811537111824,33.0,25.0,38.583333333333336,11.285214247237521,57.0,25.0,52.041666666666664,16.401164239340194,81.0,25.0,29.5,29.6,30.9,72.0,69.0,57.0,1.6,0.66,1.0,1003.0,1004.0,1003.0,2102.4,23.76,9.636000000000001,0.0,0.7990121304568898,12.324559837148673,1.4178065069104675,21.024,29.035,0.029112632988401808,852.64,5184,0.10890000000000001,1006009,595.1,99.18333333333334,3.0,5.0,-0.3000000000000007
151,322.5,26.0,39.3,70.0,105.0,87,0.0,1002,72,29.0,0.0,0.66,2023,9,2,3,5,245,35,0.7071067811865476,0.7071067811865476,-1.0,-1.8369701987210297e-16,-0.9749279121818236,-0.2225209339563146,3,3,1,33.0,30.0,30.0,32.0,57.0,64.0,39.666666666666664,14.224392195568232,56.0,30.0,33.666666666666664,11.254628677422316,56.0,25.0,38.5,11.139609916460326,56.0,25.0,51.708333333333336,16.227939317509414,81.0,25.0,29.2,29.6,30.3,72.0,71.0,62.0,0.33,0.33,1.0,1003.0,1003.0,1003.0,2088.0,47.52,19.14,0.0,0.7999885715918343,12.403369101188416,1.5114803276797044,20.88,28.67,0.028942086884144826,841.0,5184,0.43560000000000004,1004004,618.8,103.13333333333333,23.0,26.0,-0.1999999999999993
192,300.0,24.0,39.0,108.8,102.0,87,0.0,1002,73,28.7,0.0,1.0,2023,9,2,4,5,245,35,0.8660254037844386,0.5000000000000001,-1.0,-1.8369701987210297e-16,-0.9749279121818236,-0.2225209339563146,3,3,1,56.0,33.0,30.0,25.0,55.0,60.0,58.666666666666664,27.098585448937,87.0,33.0,44.0,23.50319127267598,87.0,28.0,41.166666666666664,17.476391001125897,87.0,25.0,52.833333333333336,17.697129874562044,87.0,25.0,29.0,29.5,29.7,72.0,72.0,68.0,0.66,1.6,1.0,1002.0,1003.0,1004.0,2095.1,73.0,28.7,0.0,0.7996250034466594,12.49947918836715,1.6249322944877296,20.951,28.2,0.02864268598534333,823.6899999999999,5329,1.0,1004004,660.8,110.13333333333333,31.0,57.0,-0.3000000000000007
157,289.3,22.0,44.7,76.3,97.7,87,0.0,1002,73,28.5,0.0,1.66,2023,9,2,5,5,245,35,0.9659258262890683,0.25881904510252074,-1.0,-1.8369701987210297e-16,-0.9749279121818236,-0.2225209339563146,3,3,1,87.0,56.0,33.0,28.0,50.0,64.0,68.0,16.643316977093413,87.0,56.0,49.5,22.862633269157637,87.0,30.0,42.083333333333336,18.253061179545586,87.0,25.0,52.708333333333336,17.625276233831215,87.0,25.0,28.7,29.2,29.6,73.0,72.0,69.0,1.0,0.33,0.66,1002.0,1003.0,1004.0,2080.5,121.17999999999999,47.309999999999995,0.0,0.7994652756844602,13.14940229989546,2.0317258306440618,20.805,27.67,0.02844308538614233,812.25,5329,2.7556,1004004,591.0,98.5,-26.0,28.0,-0.1999999999999993
177,278.6,20.0,50.3,95.0,93.3,87,0.0,1002,73,28.4,1.8,2.33,2023,9,2,6,5,245,35,1.0,6.123233995736766e-17,-1.0,-1.8369701987210297e-16,-0.9749279121818236,-0.2225209339563146,3,0,1,61.0,87.0,56.0,30.0,50.0,62.0,74.66666666666667,13.051181300301453,87.0,61.0,57.166666666666664,22.72810301513661,87.0,30.0,44.25,20.662328479186694,87.0,25.0,53.291666666666664,18.169442016430253,87.0,25.0,28.5,29.0,29.6,73.0,72.0,71.0,1.66,0.66,0.33,1002.0,1002.0,1003.0,2073.2,170.09,66.172,0.0,0.7999915790360101,13.929303534823259,2.5148742562871855,20.732,27.235,0.02834328508654183,806.56,5329,5.4289000000000005,1004004,613.2,102.2,15.0,20.0,-0.10000000000000142
193,267.9,18.0,56.0,110.0,89.0,87,0.0,1003,72,28.2,2.1,3.0,2023,9,2,7,5,245,35,0.9659258262890683,-0.25881904510252063,-1.0,-1.8369701987210297e-16,-0.9749279121818236,-0.2225209339563146,3,0,1,76.0,61.0,87.0,30.0,38.0,61.0,75.0,13.527749258468862,88.0,61.0,66.83333333333333,21.141586190886052,88.0,33.0,48.416666666666664,24.050924508154782,88.0,25.0,54.416666666666664,19.45768355368589,88.0,25.0,28.4,28.7,29.5,73.0,73.0,72.0,2.33,1.0,1.6,1002.0,1002.0,1003.0,2030.3999999999999,216.0,84.6,0.0,0.7999927273388423,14.882506527415142,3.1109382812065993,20.304,26.7,0.02811562500934695,795.24,5184,9.0,1006009,628.9,104.81666666666666,12.0,1.0,-0.1999999999999993
175,233.2,14.0,91.0,92.5,93.3,70,0.0,1003,66,29.8,3.0,2.66,2023,9,2,8,5,245,35,0.8660254037844387,-0.4999999999999998,-1.0,-1.8369701987210297e-16,-0.9749279121818236,-0.2225209339563146,3,0,1,88.0,76.0,61.0,33.0,35.0,81.0,79.33333333333333,7.57187779440065,88.0,74.0,73.66666666666667,13.125039682479644,88.0,56.0,51.666666666666664,24.699404973816602,88.0,25.0,54.125,19.090886740058856,88.0,25.0,28.2,28.5,29.2,72.0,73.0,72.0,3.0,1.66,0.33,1003.0,1002.0,1003.0,1966.8,175.56,79.268,0.0,0.7999913514448492,16.655953146203842,6.499535747446611,19.668,28.47,0.02971083777583472,888.0400000000001,4356,7.0756000000000006,1006009,598.0,99.66666666666667,-14.0,13.0,1.6000000000000014
197,198.6,10.0,126.0,113.8,97.7,54,0.0,1003,61,31.4,4.9,2.33,2023,9,2,9,5,245,35,0.7071067811865476,-0.7071067811865475,-1.0,-1.8369701987210297e-16,-0.9749279121818236,-0.2225209339563146,3,0,1,74.0,88.0,76.0,56.0,32.0,61.0,84.33333333333333,9.073771725877673,91.0,74.0,79.5,11.362218093312588,91.0,61.0,56.583333333333336,26.252128340845662,91.0,25.0,55.375,20.491382069798306,91.0,25.0,29.8,28.4,29.0,66.0,73.0,72.0,2.66,2.33,0.66,1003.0,1002.0,1002.0,1915.3999999999999,142.13,73.16199999999999,0.0,0.7996414794246096,19.858014198580143,12.598740125987401,19.154,30.235,0.03130605054232249,985.9599999999999,3721,5.4289000000000005,1006009,637.1000000000001,106.18333333333335,17.0,15.0,1.5999999999999979
196,164.0,6.0,161.0,112.5,102.0,37,0.0,1003,56,33.0,7.0,2.0,2023,9,2,10,5,245,35,0.49999999999999994,-0.8660254037844387,-1.0,-1.8369701987210297e-16,-0.9749279121818236,-0.2225209339563146,3,0,1,91.0,74.0,88.0,87.0,25.0,66.0,85.0,9.539392014169648,91.0,74.0,80.0,11.815244390193547,91.0,61.0,62.0,25.84569596663995,91.0,28.0,56.375,21.588669532278512,91.0,25.0,31.4,28.2,28.7,61.0,72.0,73.0,2.33,3.0,1.0,1003.0,1003.0,1002.0,1848.0,112.0,66.0,0.0,0.7999928889520982,27.328778536910512,26.82886185635727,18.48,32.0,0.03290126330881026,1089.0,3136,4.0,1006009,635.5,105.91666666666667,-1.0,2.0,1.6000000000000014
153,149.6,5.3,166.7,72.5,99.7,45,0.0,1003,50,34.1,9.7,1.66,2023,9,2,11,5,245,35,0.258819045102521,-0.9659258262890682,-1.0,-1.8369701987210297e-16,-0.9749279121818236,-0.2225209339563146,3,0,1,90.0,91.0,74.0,61.0,28.0,59.0,79.66666666666667,18.77054430040156,91.0,58.0,79.5,12.802343535462558,91.0,58.0,64.5,23.612400440138284,91.0,30.0,56.333333333333336,21.58434752247637,91.0,25.0,33.0,29.8,28.5,56.0,66.0,73.0,2.0,2.66,1.66,1003.0,1003.0,1002.0,1705.0,83.0,56.606,0.0,0.799988965669439,28.221090360309375,31.446896811922276,17.05,33.27,0.03399797208577061,1162.8100000000002,2500,2.7556,1006009,551.8000000000001,91.96666666666668,-32.0,-16.0,1.1000000000000014
139,135.2,4.7,172.3,62.5,97.3,54,0.0,1002,45,35.1,10.9,1.33,2023,9,2,12,5,245,35,1.2246467991473532e-16,-1.0,-1.0,-1.8369701987210297e-16,-0.9749279121818236,-0.2225209339563146,3,1,1,58.0,90.0,91.0,76.0,30.0,66.0,66.0,21.16601048851686,90.0,50.0,75.16666666666667,17.690863932173176,91.0,50.0,66.16666666666667,21.57369329586917,91.0,30.0,55.666666666666664,21.519792036062505,91.0,25.0,34.1,31.4,28.4,50.0,61.0,73.0,1.66,2.33,2.33,1003.0,1003.0,1002.0,1579.5,59.85,46.68300000000001,0.0,0.7999872002047967,28.759838332269723,36.65177621782599,15.795,34.435,0.03502990515977529,1232.01,2025,1.7689000000000001,1004004,522.0,87.0,-8.0,-41.0,1.0
129,120.8,4.0,178.0,57.5,95.0,62,0.0,1002,40,36.2,10.3,1.0,2023,9,2,13,5,245,35,-0.2588190451025208,-0.9659258262890683,-1.0,-1.8369701987210297e-16,-0.9749279121818236,-0.2225209339563146,3,1,1,50.0,58.0,90.0,88.0,30.0,73.0,51.333333333333336,6.110100926608406,58.0,46.0,68.16666666666667,19.782989325849226,91.0,46.0,67.5,19.53318854016011,91.0,33.0,54.541666666666664,21.278646505392807,91.0,25.0,35.1,33.0,28.2,45.0,56.0,72.0,1.33,2.0,3.0,1002.0,1003.0,1003.0,1448.0,40.0,36.2,0.0,0.7999860871984835,30.19245188702824,44.48887778055486,14.48,35.7,0.03612770845538079,1310.4400000000003,1600,1.0,1004004,501.3,83.55,-4.0,-44.0,1.1000000000000014
104,117.7,4.7,171.3,46.3,91.0,54,0.0,1001,40,36.4,8.1,1.33,2023,9,2,14,5,245,35,-0.4999999999999997,-0.8660254037844388,-1.0,-1.8369701987210297e-16,-0.9749279121818236,-0.2225209339563146,3,1,1,46.0,50.0,58.0,74.0,33.0,69.0,44.333333333333336,6.658328118480034,50.0,37.0,62.0,23.09112383579449,91.0,37.0,67.83333333333333,18.915281620633262,91.0,37.0,53.208333333333336,21.335781675630265,91.0,25.0,36.2,34.1,29.8,40.0,50.0,66.0,1.0,1.66,2.66,1002.0,1003.0,1003.0,1456.0,53.2,48.412,0.0,0.799118809528952,25.03722612210168,36.4390555201021,14.56,35.735,0.0363636000363636,1324.9599999999998,1600,1.7689000000000001,1002001,468.00000000000006,78.00000000000001,-9.0,-21.0,0.19999999999999574
115,114.6,5.3,164.7,51.3,87.0,45,0.0,1000,40,36.5,5.4,1.66,2023,9,2,15,5,245,35,-0.7071067811865471,-0.7071067811865479,-1.0,-1.8369701987210297e-16,-0.9749279121818236,-0.2225209339563146,3,1,1,37.0,46.0,50.0,91.0,56.0,57.0,41.333333333333336,4.509249752823887,46.0,37.0,53.666666666666664,19.231917914411486,90.0,37.0,66.58333333333333,20.219065410166564,91.0,37.0,52.541666666666664,21.461753983726165,91.0,25.0,36.4,35.1,31.4,40.0,45.0,61.0,1.33,1.33,2.33,1001.0,1002.0,1003.0,1460.0,66.39999999999999,60.589999999999996,0.0,0.7992046938656168,21.618562535370682,31.069609507640063,14.6,35.67,0.0364999635000365,1332.25,1600,2.7556,1000000,463.9,77.31666666666666,4.0,-9.0,0.10000000000000142
123,111.5,6.0,158.0,55.0,83.0,37,0.0,1000,40,36.7,3.0,2.0,2023,9,2,16,5,245,35,-0.8660254037844385,-0.5000000000000004,-1.0,-1.8369701987210297e-16,-0.9749279121818236,-0.2225209339563146,3,1,1,41.0,37.0,46.0,90.0,87.0,55.0,40.666666666666664,3.511884584285533,44.0,37.0,46.0,7.348469228349071,58.0,37.0,63.0,20.081651507600558,91.0,37.0,52.083333333333336,21.524337421841583,91.0,25.0,36.5,36.2,33.0,40.0,40.0,56.0,1.66,1.0,2.0,1000.0,1002.0,1003.0,1468.0,80.0,73.4,0.0,0.7999854548099126,18.580236627228793,26.32894517580403,14.68,35.7,0.036699963300036706,1346.89,1600,4.0,1000000,457.5,76.25,3.0,-2.0,0.20000000000000284
118,156.6,12.0,132.7,52.5,94.3,54,0.0,1000,43,35.3,1.1,1.66,2023,9,2,17,5,245,35,-0.9659258262890683,-0.25881904510252063,-1.0,-1.8369701987210297e-16,-0.9749279121818236,-0.2225209339563146,3,1,1,44.0,41.0,37.0,58.0,61.0,50.0,42.333333333333336,1.5275252316548278,44.0,41.0,43.333333333333336,4.457203906784978,50.0,37.0,61.416666666666664,20.98249631276365,91.0,37.0,51.75,21.619737359141883,91.0,25.0,36.7,36.4,34.1,40.0,40.0,50.0,2.0,1.33,1.66,1000.0,1001.0,1003.0,1517.8999999999999,71.38,58.59799999999999,0.0,0.7999847621950058,13.048912590617448,11.057411882343137,15.178999999999998,34.47,0.0352999647000353,1246.0899999999997,1849,2.7556,1000000,490.09999999999997,81.68333333333332,-2.0,5.0,-1.4000000000000057
110,201.7,18.0,107.3,48.8,105.7,70,0.0,1000,48,34.0,1.3,1.33,2023,9,2,18,5,245,35,-1.0,-1.8369701987210297e-16,-1.0,-1.8369701987210297e-16,-0.9749279121818236,-0.2225209339563146,3,2,1,42.0,44.0,41.0,50.0,76.0,50.0,41.666666666666664,2.5166114784253515,44.0,39.0,41.5,3.2710854467580335,46.0,37.0,58.333333333333336,21.359832027485922,91.0,37.0,51.291666666666664,21.774494786066104,91.0,25.0,35.3,36.5,35.1,43.0,40.0,45.0,1.66,1.66,1.33,1000.0,1000.0,1002.0,1632.0,63.84,45.22,0.0,0.7991639515583698,11.204933059274483,5.960779956669073,16.32,33.335,0.033999966000034,1156.0,2304,1.7689000000000001,1000000,520.5,86.75,-3.0,-2.0,-1.2999999999999972
89,246.9,24.0,82.0,37.5,117.0,87,0.0,1000,52,32.6,0.0,1.0,2023,9,2,19,5,245,35,-0.9659258262890684,0.2588190451025203,-1.0,-1.8369701987210297e-16,-0.9749279121818236,-0.2225209339563146,3,2,1,39.0,42.0,44.0,46.0,88.0,38.0,37.0,6.244997998399165,42.0,30.0,38.833333333333336,4.956477243633659,44.0,30.0,53.5,20.58463681310075,91.0,30.0,50.958333333333336,22.046352683985635,91.0,25.0,34.0,36.7,36.2,48.0,40.0,40.0,1.33,2.0,1.0,1000.0,1000.0,1002.0,1695.2,52.0,32.6,0.0,0.7999786672355405,10.287071372026166,3.4165243114870214,16.952,32.1,0.032599967400032605,1062.76,2704,1.0,1000000,537.4,89.56666666666666,-9.0,-14.0,-1.3999999999999986
72,287.3,26.0,70.3,27.5,131.3,87,0.0,1001,57,31.9,0.0,0.66,2023,9,2,20,5,245,35,-0.8660254037844386,0.5000000000000001,-1.0,-1.8369701987210297e-16,-0.9749279121818236,-0.2225209339563146,3,2,1,30.0,39.0,42.0,37.0,74.0,35.0,30.333333333333332,8.504900548116002,39.0,22.0,36.333333333333336,8.547904226572603,44.0,22.0,49.166666666666664,21.336410762881716,91.0,22.0,50.416666666666664,22.608033713833024,91.0,22.0,32.6,35.3,36.4,52.0,43.0,40.0,1.0,1.66,1.33,1000.0,1000.0,1001.0,1818.3,37.620000000000005,21.054,0.0,0.7999709101487218,11.049575016345525,2.7037421637629317,18.183,31.57,0.0318681000318681,1017.6099999999999,3249,0.43560000000000004,1002001,564.4000000000001,94.06666666666668,-8.0,-20.0,-0.7000000000000028
69,327.8,28.0,58.7,26.3,145.7,87,0.0,1001,63,31.2,0.0,0.33,2023,9,2,21,5,245,35,-0.7071067811865477,0.7071067811865474,-1.0,-1.8369701987210297e-16,-0.9749279121818236,-0.2225209339563146,3,2,1,22.0,30.0,39.0,41.0,91.0,32.0,24.333333333333332,4.9328828623174035,30.0,21.0,33.0,10.119288512538338,44.0,21.0,43.333333333333336,18.197568935204135,90.0,21.0,49.958333333333336,23.10369661118027,91.0,21.0,31.9,34.0,36.5,57.0,48.0,40.0,0.66,1.33,1.66,1001.0,1000.0,1000.0,1965.6,20.790000000000003,10.296,0.0,0.79844872818524,11.706724759830006,2.0963537016535123,19.656,31.035,0.0311688000311688,973.4399999999999,3969,0.10890000000000001,1002001,607.5,101.25,-1.0,-18.0,-0.6999999999999993
69,368.3,30.0,47.0,26.3,160.0,87,0.0,1002,69,30.5,0.0,1.2,2023,9,2,22,5,245,35,-0.5000000000000004,0.8660254037844384,-1.0,-1.8369701987210297e-16,-0.9749279121818236,-0.2225209339563146,3,3,1,21.0,22.0,30.0,44.0,90.0,25.0,21.333333333333332,0.5773502691998736,22.0,21.0,29.166666666666668,9.453394452082076,42.0,21.0,37.583333333333336,11.935114984656074,58.0,21.0,49.791666666666664,23.305120106715155,91.0,21.0,31.2,32.6,36.7,63.0,52.0,40.0,0.33,1.0,2.0,1001.0,1000.0,1000.0,2104.5,82.8,36.6,0.0,0.79844872818524,12.27625745808473,1.566614446185127,21.045,29.9,0.030439091378152316,930.25,4761,1.44,1004004,652.6,108.76666666666667,0.0,-9.0,-0.6999999999999993
74,369.4,31.0,41.3,28.8,152.7,87,0.0,1002,72,30.2,0.0,0.8,2023,9,2,23,5,245,35,-0.25881904510252157,0.9659258262890681,-1.0,-1.8369701987210297e-16,-0.9749279121818236,-0.2225209339563146,3,3,1,21.0,21.0,22.0,42.0,58.0,28.0,21.666666666666668,1.1547005383843552,23.0,21.0,26.0,7.211102550927204,39.0,21.0,34.666666666666664,10.70542201905433,50.0,21.0,49.583333333333336,23.52966059118246,91.0,21.0,30.5,31.9,35.3,69.0,57.0,43.0,1.2,0.66,1.66,1002.0,1001.0,1000.0,2174.4,57.6,24.16,0.0,0.7985833825214401,11.915744653398276,1.3322150898358116,21.744,29.8,0.03013969047935082,912.04,5184,0.6400000000000001,1004004,646.2,107.7,2.0,1.0,-0.3000000000000007
76,370.6,32.0,35.7,30.0,145.3,87,0.0,1002,75,29.8,0.0,0.8,2023,9,3,0,6,246,35,0.0,1.0,-1.0,-1.8369701987210297e-16,-0.7818314824680299,0.6234898018587334,3,3,1,23.0,21.0,21.0,39.0,50.0,30.0,22.666666666666668,1.5275252316557582,24.0,21.0,23.5,3.391164991560905,30.0,21.0,32.5,9.922426389474422,46.0,21.0,49.333333333333336,23.777348860640302,91.0,21.0,30.2,31.2,34.0,72.0,63.0,48.0,0.8,0.33,1.33,1002.0,1001.0,1000.0,2235.0,60.0,23.840000000000003,0.0,0.7999733342221925,11.580888097246962,1.1155901378081936,22.35,29.400000000000002,0.02974048928094882,888.0400000000001,5625,0.6400000000000001,1004004,637.6,106.26666666666667,1.0,3.0,-0.3999999999999986
85,371.8,33.0,30.0,35.0,138.0,87,0.0,1002,78,29.5,0.0,1.2,2023,9,3,1,6,246,35,0.25881904510252074,0.9659258262890683,-1.0,-1.8369701987210297e-16,-0.7818314824680299,0.6234898018587334,3,3,1,24.0,23.0,21.0,30.0,46.0,30.0,25.0,2.645751311066729,28.0,23.0,23.166666666666668,2.6394443859749845,28.0,21.0,31.0,9.01513878277647,44.0,21.0,49.25,23.851442395541593,91.0,21.0,29.8,30.5,32.6,75.0,69.0,52.0,0.8,1.2,1.0,1002.0,1002.0,1000.0,2301.0,93.6,35.4,0.0,0.7999771435101855,11.266325262870824,0.9090633617163117,23.01,28.9,0.029441088382147325,870.25,6084,1.44,1004004,635.8,105.96666666666665,4.0,7.0,-0.3000000000000007
107,293.2,25.7,39.3,47.5,120.3,87,0.0,1001,79,29.3,0.0,0.33,2023,9,3,2,6,246,35,0.49999999999999994,0.8660254037844387,-1.0,-1.8369701987210297e-16,-0.7818314824680299,0.6234898018587334,3,3,1,28.0,24.0,23.0,22.0,37.0,33.0,30.0,7.2111025509287145,38.0,24.0,25.833333333333332,6.493586579591855,38.0,21.0,31.083333333333332,9.080031370923937,44.0,21.0,49.458333333333336,23.72483411160553,91.0,21.0,29.5,30.2,31.9,78.0,72.0,57.0,1.2,0.8,0.66,1002.0,1002.0,1001.0,2314.7000000000003,26.07,9.669,0.0,0.7999831582493001,11.408116415703669,1.5291233804132134,23.147000000000002,29.135,0.0292707000292707,858.49,6241,0.10890000000000001,1002001,564.0,94.0,10.0,15.0,-0.1999999999999993
163,214.6,18.3,48.7,81.3,102.7,87,0.0,1001,80,29.2,0.0,0.66,2023,9,3,3,6,246,35,0.7071067811865476,0.7071067811865476,-1.0,-1.8369701987210297e-16,-0.7818314824680299,0.6234898018587334,3,3,1,38.0,28.0,24.0,21.0,41.0,56.0,43.666666666666664,19.13983629327435,65.0,28.0,33.166666666666664,16.726226910653132,65.0,21.0,33.083333333333336,13.180276816884,65.0,21.0,49.833333333333336,23.90318637421783,91.0,21.0,29.3,29.8,31.2,79.0,75.0,63.0,0.33,0.8,0.33,1001.0,1002.0,1001.0,2336.0,52.800000000000004,19.272000000000002,0.0,0.7994981611542293,11.726135183869733,2.6610567728539425,23.36,28.87,0.0291708000291708,852.64,6400,0.43560000000000004,1002001,530.6,88.43333333333334,27.0,41.0,-0.10000000000000142
155,136.0,11.0,58.0,73.8,85.0,87,0.0,1001,81,29.0,0.0,1.0,2023,9,3,4,6,246,35,0.8660254037844386,0.5000000000000001,-1.0,-1.8369701987210297e-16,-0.7818314824680299,0.6234898018587334,3,3,1,65.0,38.0,28.0,21.0,44.0,87.0,54.0,14.17744687875808,65.0,38.0,39.5,18.316659084013978,65.0,23.0,34.333333333333336,14.907797430955954,65.0,21.0,48.666666666666664,22.661337822027864,91.0,21.0,29.2,29.5,30.5,80.0,78.0,69.0,0.66,1.2,1.2,1001.0,1002.0,1002.0,2349.0,81.0,29.0,0.0,0.799447161962575,12.36251249886374,5.272247977456595,23.49,28.5,0.028971000028971,841.0,6561,1.0,1002001,422.8,70.46666666666667,-6.0,31.0,-0.1999999999999993
180,123.5,10.7,63.7,97.5,81.3,91,0.0,1001,81,29.0,0.0,0.66,2023,9,3,5,6,246,35,0.9659258262890683,0.25881904510252074,-1.0,-1.8369701987210297e-16,-0.7818314824680299,0.6234898018587334,3,3,1,59.0,65.0,38.0,23.0,42.0,61.0,67.33333333333333,9.712534856222579,78.0,59.0,48.666666666666664,21.832697191750277,78.0,24.0,37.333333333333336,19.504467242768637,78.0,21.0,49.375,23.3197294711733,91.0,21.0,29.0,29.3,30.2,81.0,79.0,72.0,1.0,0.33,0.8,1001.0,1001.0,1002.0,2349.0,53.46,19.14,0.0,0.7999917949559491,11.540977478740306,5.95271469956079,23.49,28.67,0.028971000028971,841.0,6561,0.43560000000000004,1002001,454.7,75.78333333333333,19.0,40.0,0.0
172,111.1,10.3,69.3,90.0,77.7,95,0.0,1001,80,29.0,0.7,0.33,2023,9,3,6,6,246,35,1.0,6.123233995736766e-17,-1.0,-1.8369701987210297e-16,-0.7818314824680299,0.6234898018587334,3,0,1,78.0,59.0,65.0,24.0,39.0,76.0,69.66666666666667,9.71253485622256,78.0,59.0,56.666666666666664,19.67400992849862,78.0,28.0,40.083333333333336,21.93568422512128,78.0,21.0,49.208333333333336,23.13472670489448,91.0,21.0,29.0,29.2,29.8,81.0,80.0,75.0,0.66,0.66,0.8,1001.0,1001.0,1002.0,2320.0,26.400000000000002,9.57,0.0,0.7999911112098754,10.785360644597612,6.7275021842539555,23.2,28.835,0.028971000028971,841.0,6400,0.10890000000000001,1002001,430.4,71.73333333333333,-6.0,7.0,0.0
157,98.6,10.0,75.0,76.3,74.0,100,0.0,1002,79,29.0,0.8,2.4,2023,9,3,7,6,246,35,0.9659258262890683,-0.25881904510252063,-1.0,-1.8369701987210297e-16,-0.7818314824680299,0.6234898018587334,3,0,1,72.0,78.0,59.0,28.0,30.0,88.0,70.33333333333333,8.621678104251977,78.0,61.0,62.166666666666664,13.790093062291625,78.0,38.0,42.666666666666664,22.459390962896435,78.0,21.0,48.083333333333336,21.78335356995418,91.0,21.0,29.0,29.0,29.5,80.0,81.0,78.0,0.33,1.0,1.2,1001.0,1001.0,1002.0,2291.0,189.6,69.6,0.0,0.7994652756844602,9.85901409859014,7.499250074992501,22.91,27.8,0.028942086884144826,841.0,6241,5.76,1004004,394.9,65.81666666666666,-11.0,2.0,0.0
104,101.0,9.0,91.0,46.3,82.0,100,0.0,1002,72,29.3,1.9,0.66,2023,9,3,8,6,246,35,0.8660254037844387,-0.4999999999999998,-1.0,-1.8369701987210297e-16,-0.7818314824680299,0.6234898018587334,3,0,1,61.0,72.0,78.0,38.0,22.0,74.0,56.666666666666664,17.897858344878593,72.0,37.0,62.0,14.142135623730843,78.0,37.0,43.916666666666664,21.60580028743665,78.0,21.0,46.541666666666664,21.170075612743727,91.0,21.0,29.0,29.0,29.3,79.0,81.0,79.0,2.4,0.66,0.33,1002.0,1001.0,1001.0,2109.6,47.52,19.338,0.0,0.799118809528952,11.220975447172536,10.109987779135652,21.096,28.970000000000002,0.029241487782946326,858.49,5184,0.43560000000000004,1004004,366.3,61.050000000000004,-24.0,-41.0,0.3000000000000007
110,103.3,8.0,107.0,48.8,90.0,100,0.0,1002,65,29.7,3.9,1.33,2023,9,3,9,6,246,35,0.7071067811865476,-0.7071067811865475,-1.0,-1.8369701987210297e-16,-0.7818314824680299,0.6234898018587334,3,0,1,37.0,61.0,72.0,65.0,21.0,91.0,45.666666666666664,13.316656236959114,61.0,37.0,57.666666666666664,16.77696833956191,78.0,37.0,45.416666666666664,20.464862717853677,78.0,21.0,44.375,18.96865263029258,90.0,21.0,29.3,29.0,29.2,72.0,80.0,80.0,0.66,0.33,0.66,1002.0,1001.0,1001.0,1930.5,86.45,39.501,0.0,0.7991639515583698,12.910886139232597,13.373328333958256,19.305,29.035,0.02964068898134832,882.0899999999999,4225,1.7689000000000001,1004004,396.1,66.01666666666667,2.0,-33.0,0.3999999999999986
93,105.6,7.0,123.0,40.0,98.0,100,0.0,1003,59,30.0,3.0,2.0,2023,9,3,10,6,246,35,0.49999999999999994,-0.8660254037844387,-1.0,-1.8369701987210297e-16,-0.7818314824680299,0.6234898018587334,3,0,1,39.0,37.0,61.0,59.0,21.0,90.0,36.0,3.605551275465424,39.0,32.0,53.166666666666664,19.712094426180638,78.0,32.0,46.333333333333336,19.495143140295156,78.0,23.0,41.958333333333336,16.427652103182517,78.0,21.0,29.7,29.0,29.0,65.0,79.0,81.0,1.33,2.4,1.0,1002.0,1002.0,1001.0,1770.0,118.0,60.0,0.0,0.7999800004999875,15.083559491501212,17.5689187258963,17.7,29.0,0.02991023937164569,900.0,3481,4.0,1006009,405.6,67.60000000000001,-7.0,-29.0,0.3000000000000007
89,107.6,8.0,110.7,37.5,91.0,100,0.0,1002,58,30.5,3.4,1.66,2023,9,3,11,6,246,35,0.258819045102521,-0.9659258262890682,-1.0,-1.8369701987210297e-16,-0.7818314824680299,0.6234898018587334,3,0,1,32.0,39.0,37.0,78.0,23.0,58.0,33.666666666666664,4.725815626253745,39.0,30.0,45.166666666666664,17.197868084930178,72.0,30.0,46.916666666666664,18.82676206087921,78.0,24.0,40.791666666666664,16.231957653818903,78.0,21.0,30.0,29.3,29.0,59.0,72.0,81.0,2.0,0.66,0.66,1003.0,1002.0,1001.0,1769.0,96.28,50.629999999999995,0.0,0.7999786672355405,13.448318960129985,13.835770528683916,17.69,29.67,0.030439091378152316,930.25,3364,2.7556,1004004,384.8,64.13333333333334,-2.0,-7.0,0.5
107,109.5,9.0,98.3,47.5,84.0,100,0.0,1002,57,31.1,3.6,1.33,2023,9,3,12,6,246,35,1.2246467991473532e-16,-1.0,-1.0,-1.8369701987210297e-16,-0.7818314824680299,0.6234898018587334,3,1,1,30.0,32.0,39.0,72.0,24.0,50.0,33.333333333333336,4.163331998933562,38.0,30.0,39.5,11.113055385446083,61.0,30.0,48.083333333333336,17.676169542549673,78.0,28.0,40.291666666666664,16.120414188946757,78.0,21.0,30.5,29.7,29.0,58.0,65.0,80.0,1.66,1.33,0.33,1002.0,1002.0,1001.0,1772.7,75.81,41.36300000000001,0.0,0.7999831582493001,12.165314965003889,10.921008776802578,17.727,30.435000000000002,0.031037893175755317,967.21,3249,1.7689000000000001,1004004,386.3,64.38333333333334,8.0,-1.0,0.6000000000000014
87,111.5,10.0,86.0,36.3,77.0,100,0.0,1001,55,31.6,3.3,1.0,2023,9,3,13,6,246,35,-0.2588190451025208,-0.9659258262890683,-1.0,-1.8369701987210297e-16,-0.7818314824680299,0.6234898018587334,3,1,1,38.0,30.0,32.0,61.0,28.0,46.0,32.333333333333336,4.932882862317357,38.0,29.0,34.166666666666664,4.355073669486859,39.0,29.0,48.166666666666664,17.574947734738185,78.0,29.0,39.583333333333336,16.23179024300033,78.0,21.0,31.1,30.0,29.0,57.0,59.0,79.0,1.33,2.0,2.4,1002.0,1003.0,1002.0,1738.0,55.0,31.6,0.0,0.798876064020275,11.148885111488852,8.599140085991401,17.38,31.1,0.031568400031568404,998.5600000000001,3025,1.0,1002001,349.8,58.300000000000004,-9.0,-3.0,0.5
91,118.7,10.7,86.3,38.8,79.3,100,1.5,1001,55,31.3,2.6,1.0,2023,9,3,14,6,246,35,-0.4999999999999997,-0.8660254037844388,-1.0,-1.8369701987210297e-16,-0.7818314824680299,0.6234898018587334,3,1,1,29.0,38.0,30.0,37.0,38.0,37.0,32.666666666666664,4.725815626253762,38.0,29.0,33.166666666666664,4.262237284180402,39.0,29.0,47.583333333333336,18.05274259362012,78.0,29.0,39.333333333333336,16.319278188073056,78.0,21.0,31.6,30.5,29.3,55.0,58.0,72.0,1.0,1.66,0.66,1001.0,1002.0,1002.0,1721.5,55.0,31.3,150.0,0.7989484807092602,11.092421269040278,8.064666853565088,17.215,30.8,0.0312687000312687,979.69,3025,1.0,1002001,364.8,60.800000000000004,2.0,1.0,-0.3000000000000007
104,125.9,11.3,86.7,46.3,81.7,100,0.5,1001,54,31.0,1.8,1.0,2023,9,3,15,6,246,35,-0.7071067811865471,-0.7071067811865479,-1.0,-1.8369701987210297e-16,-0.7818314824680299,0.6234898018587334,3,1,1,31.0,29.0,38.0,39.0,65.0,41.0,32.333333333333336,4.163331998933582,37.0,29.0,32.833333333333336,3.7638632635441813,38.0,29.0,45.25,17.394487109948745,78.0,29.0,39.166666666666664,16.321942197589603,78.0,21.0,31.3,31.1,29.7,55.0,57.0,65.0,1.0,1.33,1.33,1001.0,1002.0,1002.0,1674.0,54.0,31.0,50.0,0.799118809528952,11.14060702592691,7.671887443589063,16.74,30.5,0.030969000030969,961.0,2916,1.0,1002001,388.90000000000003,64.81666666666668,6.0,-1.0,-0.3000000000000007
95,133.1,12.0,87.0,41.3,84.0,100,0.0,1000,54,30.7,1.1,1.0,2023,9,3,16,6,246,35,-0.8660254037844385,-0.5000000000000004,-1.0,-1.8369701987210297e-16,-0.7818314824680299,0.6234898018587334,3,1,1,37.0,31.0,29.0,32.0,59.0,44.0,33.666666666666664,3.055050463305654,37.0,31.0,33.0,3.741657386772715,38.0,29.0,43.083333333333336,17.143556082432447,78.0,29.0,38.708333333333336,16.334756666761994,78.0,21.0,31.0,31.6,30.0,54.0,55.0,59.0,1.0,1.0,2.0,1001.0,1001.0,1003.0,1657.8,54.0,30.7,0.0,0.7990121304568898,11.090742438130157,7.24939588367636,16.578,30.2,0.0306999693000307,942.49,2916,1.0,1000000,390.4,65.06666666666666,-4.0,4.0,-0.3000000000000007
100,126.4,12.0,76.0,43.8,84.3,100,0.0,1001,63,29.4,0.7,0.66,2023,9,3,17,6,246,35,-0.9659258262890683,-0.25881904510252063,-1.0,-1.8369701987210297e-16,-0.7818314824680299,0.6234898018587334,3,1,1,33.0,37.0,31.0,30.0,78.0,42.0,35.0,2.0000000000026334,37.0,33.0,33.833333333333336,3.4880749227414345,38.0,29.0,39.5,13.228756555322644,72.0,29.0,38.416666666666664,16.335921120052767,78.0,21.0,30.7,31.3,30.5,54.0,55.0,58.0,1.0,1.0,1.66,1000.0,1001.0,1002.0,1852.1999999999998,41.580000000000005,19.404,0.0,0.7990685144174792,10.53245562869761,6.332805599533373,18.522,29.07,0.0293706000293706,864.3599999999999,3969,0.43560000000000004,1002001,377.5,62.916666666666664,2.0,4.0,-1.3000000000000007
110,119.8,12.0,65.0,48.8,84.7,100,0.25,1001,73,28.0,0.6,0.33,2023,9,3,18,6,246,35,-1.0,-1.8369701987210297e-16,-1.0,-1.8369701987210297e-16,-0.7818314824680299,0.6234898018587334,3,2,1,35.0,33.0,37.0,38.0,72.0,39.0,35.666666666666664,3.0550504633055997,39.0,33.0,34.0,3.741657386772742,39.0,29.0,36.75,8.411301920629889,61.0,29.0,38.416666666666664,16.335921120052767,78.0,21.0,29.4,31.0,31.1,63.0,54.0,57.0,0.66,1.0,1.33,1001.0,1001.0,1002.0,2044.0,24.09,9.24,25.0,0.7991639515583698,9.982501458211816,5.416215315390384,20.44,27.835,0.027972000027972,784.0,5329,0.10890000000000001,1002001,369.3,61.550000000000004,4.0,2.0,-1.3999999999999986
112,113.2,12.0,54.0,50.0,85.0,100,0.5,1002,85,26.7,0.0,1.6,2023,9,3,19,6,246,35,-0.9659258262890684,0.2588190451025203,-1.0,-1.8369701987210297e-16,-0.7818314824680299,0.6234898018587334,3,2,1,39.0,35.0,33.0,29.0,61.0,30.0,38.0,2.6457513110664865,40.0,35.0,35.833333333333336,3.4880749227414913,40.0,31.0,35.0,3.8612291966526837,40.0,29.0,38.833333333333336,16.239154686360457,78.0,21.0,28.0,30.7,31.6,73.0,54.0,55.0,0.33,1.0,1.0,1001.0,1000.0,1001.0,2269.5,136.0,42.72,50.0,0.7999840003199936,9.432547287726024,4.499625031247397,22.695,25.9,0.02664667999333334,712.89,7225,2.5600000000000005,1004004,354.2,59.03333333333333,1.0,7.0,-1.3000000000000007
98,110.3,11.7,50.3,42.5,84.7,100,0.75,1002,86,26.5,0.0,0.33,2023,9,3,20,6,246,35,-0.8660254037844386,0.5000000000000001,-1.0,-1.8369701987210297e-16,-0.7818314824680299,0.6234898018587334,3,2,1,40.0,39.0,35.0,31.0,37.0,22.0,37.666666666666664,3.2145502536658865,40.0,34.0,36.333333333333336,2.804757862393501,40.0,33.0,34.75,3.816828764586389,40.0,29.0,39.333333333333336,15.879071998584765,78.0,21.0,26.7,29.4,31.3,85.0,63.0,55.0,1.6,0.66,1.0,1002.0,1001.0,1001.0,2279.0,28.380000000000003,8.745000000000001,75.0,0.7999811769134845,9.426544739765832,4.298777882232288,22.79,26.335,0.026447079394132343,702.25,7396,0.10890000000000001,1004004,333.5,55.583333333333336,-6.0,-1.0,-0.1999999999999993
89,107.4,11.3,46.7,37.5,84.3,100,0.5,1003,87,26.2,0.0,0.66,2023,9,3,21,6,246,35,-0.7071067811865477,0.7071067811865474,-1.0,-1.8369701987210297e-16,-0.7818314824680299,0.6234898018587334,3,2,1,34.0,40.0,39.0,37.0,39.0,21.0,34.666666666666664,5.033222956848218,40.0,30.0,35.166666666666664,3.7638632635442453,40.0,30.0,34.0,3.7899388337582276,40.0,29.0,39.708333333333336,15.529716721475717,78.0,21.0,26.5,28.0,31.0,86.0,73.0,54.0,0.33,0.33,1.0,1002.0,1001.0,1001.0,2279.4,57.42,17.292,50.0,0.7999786672355405,9.503583753650119,4.132377665693301,22.794,25.87,0.026121609051237237,686.4399999999999,7569,0.43560000000000004,1006009,317.2,52.86666666666667,-4.0,-9.0,-0.3000000000000007
87,104.5,11.0,43.0,36.3,84.0,100,1.0,1004,89,26.0,0.0,1.0,2023,9,3,22,6,246,35,-0.5000000000000004,0.8660254037844384,-1.0,-1.8369701987210297e-16,-0.7818314824680299,0.6234898018587334,3,3,1,30.0,34.0,40.0,33.0,32.0,21.0,31.0,2.645751311066707,34.0,29.0,34.5,4.50555213042654,40.0,29.0,33.75,4.025486983526067,40.0,29.0,40.041666666666664,15.192902137588003,78.0,23.0,26.2,26.7,30.7,87.0,85.0,54.0,0.66,1.6,1.0,1003.0,1002.0,1000.0,2314.0,89.0,26.0,100.0,0.798876064020275,9.499136442141625,3.9087355694936825,23.14,25.5,0.025896388549413795,676.0,7921,1.0,1008016,307.8,51.300000000000004,-1.0,-11.0,-0.1999999999999993
85,101.4,11.3,41.0,35.0,78.0,100,2.0,1004,90,25.7,0.0,1.0,2023,9,3,23,6,246,35,-0.25881904510252157,0.9659258262890681,-1.0,-1.8369701987210297e-16,-0.7818314824680299,0.6234898018587334,3,3,1,29.0,30.0,34.0,35.0,30.0,23.0,29.0,1.0000000000057696,30.0,28.0,33.333333333333336,5.202563470699571,40.0,28.0,33.583333333333336,4.231018216872565,40.0,28.0,40.25,14.98187310516071,78.0,24.0,26.0,26.5,29.4,89.0,86.0,63.0,1.0,0.33,0.66,1004.0,1002.0,1001.0,2313.0,90.0,25.7,200.0,0.7999771435101855,8.972657286965756,3.6279975223431555,23.13,25.2,0.025597584066151327,660.49,8100,1.0,1008016,294.7,49.11666666666667,-1.0,-6.0,-0.3000000000000007
87,98.2,11.7,39.0,36.3,72.0,100,3.0,1004,92,25.3,0.0,1.0,2023,9,4,0,0,247,36,0.0,1.0,-1.0,-1.8369701987210297e-16,0.0,1.0,3,3,0,28.0,29.0,30.0,39.0,38.0,24.0,28.666666666666668,0.577350269199668,29.0,28.0,31.666666666666668,4.589843860814575,40.0,28.0,32.833333333333336,4.1742355496827,40.0,28.0,40.458333333333336,14.779478035928747,78.0,28.0,25.7,26.2,28.0,90.0,87.0,73.0,1.0,0.66,0.33,1004.0,1003.0,1001.0,2327.6,92.0,25.3,300.0,0.798876064020275,8.392445090163235,3.333048457396804,23.276,24.8,0.02519917808846804,640.09,8464,1.0,1008016,286.2,47.699999999999996,1.0,-1.0,-0.3999999999999986
137,95.1,12.0,37.0,61.3,66.0,100,2.5,1004,93,25.0,0.0,1.0,2023,9,4,1,0,247,36,0.25881904510252074,0.9659258262890683,-1.0,-1.8369701987210297e-16,0.0,1.0,3,3,0,29.0,28.0,29.0,40.0,29.0,28.0,35.333333333333336,11.846237095945014,49.0,28.0,33.166666666666664,8.035338615556755,49.0,28.0,34.5,6.067798762168542,49.0,28.0,41.333333333333336,14.63072011264315,78.0,28.0,25.3,26.0,26.7,92.0,89.0,85.0,1.0,1.0,1.6,1004.0,1004.0,1002.0,2325.0,93.0,25.0,250.0,0.7993344317384709,7.924339638363469,3.083076410299142,23.25,24.5,0.024900373605205573,625.0,8649,1.0,1008016,320.4,53.4,20.0,20.0,-0.3000000000000007
131,94.9,12.0,35.0,58.8,63.3,100,0.5,1003,94,24.5,0.0,1.0,2023,9,4,2,0,247,36,0.49999999999999994,0.8660254037844387,-1.0,-1.8369701987210297e-16,0.0,1.0,3,3,0,49.0,29.0,28.0,34.0,31.0,38.0,41.666666666666664,11.015141094572629,49.0,29.0,35.333333333333336,9.852241707685513,49.0,28.0,35.833333333333336,6.926015952168256,49.0,28.0,41.708333333333336,14.65688491332067,78.0,28.0,25.0,25.7,26.5,93.0,90.0,86.0,1.0,1.0,0.33,1004.0,1004.0,1002.0,2303.0,94.0,24.5,50.0,0.7993061342494175,7.9076743604699615,2.916423631364053,23.03,24.0,0.02442669548684398,600.25,8836,1.0,1006009,311.0,51.833333333333336,-2.0,19.0,-0.5
145,94.7,12.0,33.0,65.0,60.7,100,0.5,1003,94,24.0,0.0,1.0,2023,9,4,3,0,247,36,0.7071067811865476,0.7071067811865476,-1.0,-1.8369701987210297e-16,0.0,1.0,3,3,0,47.0,49.0,29.0,30.0,37.0,65.0,49.333333333333336,2.516611478425186,52.0,47.0,39.0,11.436782764396291,52.0,28.0,37.083333333333336,8.360712598308067,52.0,28.0,41.166666666666664,13.983427043613661,78.0,28.0,24.5,25.3,26.2,94.0,92.0,87.0,1.0,1.0,0.66,1003.0,1004.0,1003.0,2256.0,94.0,24.0,50.0,0.7999876924970385,7.891009082576453,2.7497708524289646,22.56,23.5,0.023928191497316554,576.0,8836,1.0,1006009,317.4,52.9,5.0,23.0,-0.5
112,94.5,12.0,31.0,50.0,58.0,100,0.5,1003,95,23.5,0.0,1.0,2023,9,4,4,0,247,36,0.8660254037844386,0.5000000000000001,-1.0,-1.8369701987210297e-16,0.0,1.0,3,3,0,52.0,47.0,49.0,29.0,33.0,59.0,46.333333333333336,6.027713773342421,52.0,40.0,40.833333333333336,10.342469079801935,52.0,28.0,37.666666666666664,8.293845838202614,52.0,28.0,40.375,13.457865002844622,78.0,28.0,24.0,25.0,26.0,94.0,93.0,89.0,1.0,1.0,1.0,1003.0,1004.0,1004.0,2232.5,95.0,23.5,50.0,0.7999840003199936,7.874343804682943,2.5831180734938757,22.325,23.0,0.023429687507789124,552.25,9025,1.0,1006009,285.5,47.583333333333336,-12.0,-9.0,-0.5
89,106.0,11.7,33.7,37.5,62.7,100,0.0,1004,95,23.4,0.0,1.66,2023,9,4,5,0,247,36,0.9659258262890683,0.25881904510252074,-1.0,-1.8369701987210297e-16,0.0,1.0,3,3,0,40.0,52.0,47.0,28.0,35.0,78.0,40.666666666666664,11.015141094572638,52.0,30.0,41.166666666666664,9.867454923467305,52.0,29.0,37.25,8.561276455380156,52.0,28.0,38.375,10.957675491358529,72.0,28.0,23.5,24.5,25.7,95.0,94.0,90.0,1.0,1.0,1.0,1003.0,1003.0,1004.0,2223.0,157.7,38.843999999999994,0.0,0.7999786672355405,9.059054781642596,2.8800957183146747,22.23,22.57,0.023306749694472415,547.56,9025,2.7556,1008016,281.6,46.93333333333334,-10.0,-17.0,-0.10000000000000142
89,117.5,11.3,36.3,37.5,67.3,100,0.0,1004,95,23.3,0.6,2.33,2023,9,4,6,0,247,36,1.0,6.123233995736766e-17,-1.0,-1.8369701987210297e-16,0.0,1.0,3,0,0,30.0,40.0,52.0,29.0,39.0,72.0,33.333333333333336,5.773502691897192,40.0,30.0,41.333333333333336,9.62635271879538,52.0,30.0,36.5,8.785318331273508,52.0,28.0,36.625,8.412271057677078,61.0,28.0,23.4,24.0,25.3,95.0,94.0,92.0,1.66,1.0,1.0,1004.0,1003.0,1004.0,2213.5,221.35,54.289,0.0,0.7999786672355405,10.397309972568799,3.212105123440403,22.135,22.135,0.023207148200051594,542.89,9025,5.4289000000000005,1008016,299.90000000000003,49.98333333333334,0.0,-22.0,-0.09999999999999787
98,129.0,11.0,39.0,42.5,72.0,100,0.0,1004,95,23.2,0.7,3.0,2023,9,4,7,0,247,36,0.9659258262890683,-0.25881904510252063,-1.0,-1.8369701987210297e-16,0.0,1.0,3,0,0,30.0,30.0,40.0,49.0,40.0,61.0,31.333333333333332,2.3094010767609148,34.0,30.0,38.833333333333336,9.174239296348153,52.0,30.0,36.0,8.738628975052583,52.0,28.0,35.5,6.626691744623824,52.0,28.0,23.3,23.5,25.0,95.0,95.0,93.0,2.33,1.0,1.0,1004.0,1003.0,1004.0,2204.0,285.0,69.6,0.0,0.7999811769134845,11.726206708481048,3.5451322607035727,22.04,21.7,0.023107546705630772,538.24,9025,9.0,1008016,327.5,54.583333333333336,4.0,-6.0,-0.10000000000000142
72,128.6,10.0,57.3,27.5,81.0,100,0.5,1005,94,23.7,1.1,2.33,2023,9,4,8,0,247,36,0.8660254037844387,-0.4999999999999998,-1.0,-1.8369701987210297e-16,0.0,1.0,3,0,0,34.0,30.0,30.0,47.0,34.0,37.0,28.666666666666668,6.110100926608736,34.0,22.0,34.666666666666664,10.327955589886018,52.0,22.0,35.0,9.629500128628953,52.0,22.0,34.875,7.164601994467993,52.0,22.0,23.2,23.4,24.5,95.0,95.0,94.0,3.0,1.66,1.0,1004.0,1004.0,1003.0,2227.7999999999997,219.02,55.221,50.0,0.7999709101487218,12.858714128587142,5.729427057294271,22.278,22.535,0.02358206608749643,561.6899999999999,8836,5.4289000000000005,1010025,326.4,54.4,-12.0,-8.0,0.5
61,128.2,9.0,75.7,21.3,90.0,100,0.5,1005,93,24.1,1.9,1.66,2023,9,4,9,0,247,36,0.7071067811865476,-0.7071067811865475,-1.0,-1.8369701987210297e-16,0.0,1.0,3,0,0,22.0,34.0,30.0,52.0,30.0,39.0,24.333333333333332,8.73689494805481,34.0,17.0,28.833333333333332,8.256310717666622,40.0,17.0,33.916666666666664,10.891684345351745,52.0,17.0,33.958333333333336,7.975392407773726,52.0,17.0,23.7,23.3,24.0,94.0,95.0,94.0,2.33,2.33,1.0,1005.0,1004.0,1003.0,2241.3,154.38,40.006,50.0,0.7980845969672785,14.242861904232862,8.410176647039219,22.413,23.270000000000003,0.02398007564171578,580.8100000000001,8649,2.7556,1010025,341.2,56.86666666666667,-5.0,-13.0,0.40000000000000213
67,127.8,8.0,94.0,25.0,99.0,100,0.5,1006,93,24.6,2.7,1.0,2023,9,4,10,0,247,36,0.49999999999999994,-0.8660254037844387,-1.0,-1.8369701987210297e-16,0.0,1.0,3,0,0,17.0,22.0,34.0,40.0,29.0,32.0,19.666666666666668,2.516611478426189,22.0,17.0,25.5,6.745368781615238,34.0,17.0,33.166666666666664,11.550941192138191,52.0,17.0,33.458333333333336,8.464653703421309,52.0,17.0,24.1,23.2,23.5,93.0,95.0,95.0,1.66,3.0,1.0,1005.0,1004.0,1003.0,2287.8,93.0,24.6,50.0,0.7999680012799487,15.973003374578179,11.748531433570804,22.878,24.1,0.02445325601067991,605.1600000000001,8649,1.0,1012036,373.8,62.300000000000004,3.0,-14.0,0.5
54,121.8,7.3,105.3,17.5,103.0,100,0.0,1005,91,25.1,3.3,1.66,2023,9,4,11,0,247,36,0.258819045102521,-0.9659258262890682,-1.0,-1.8369701987210297e-16,0.0,1.0,3,0,0,20.0,17.0,22.0,30.0,28.0,30.0,17.0,3.000000000002262,20.0,14.0,22.833333333333332,7.704976746665469,34.0,14.0,32.0,12.76358456347916,52.0,14.0,32.791666666666664,9.334271433186894,52.0,14.0,24.6,23.7,23.4,93.0,94.0,95.0,1.0,2.33,1.66,1006.0,1005.0,1004.0,2284.1,151.06,41.666,0.0,0.7999542883263813,16.682646212847555,14.422681824407615,22.840999999999998,24.270000000000003,0.024975099527264153,630.0100000000001,8281,2.7556,1010025,368.9,61.48333333333333,-6.0,-8.0,0.5
59,115.7,6.7,116.7,20.0,107.0,100,0.0,1005,89,25.5,3.5,2.33,2023,9,4,12,0,247,36,1.2246467991473532e-16,-1.0,-1.0,-1.8369701987210297e-16,0.0,1.0,3,1,0,14.0,20.0,17.0,30.0,29.0,38.0,16.666666666666668,3.055050463306124,20.0,14.0,20.5,7.204165461730352,34.0,14.0,30.916666666666668,13.567731325955936,52.0,14.0,31.875,9.86567391206161,52.0,14.0,25.1,24.1,23.3,91.0,93.0,95.0,1.66,1.66,2.33,1005.0,1005.0,1004.0,2269.5,207.37,59.415,0.0,0.7999600019998999,17.266079689598566,17.41531114758991,22.695,24.335,0.025373109081483502,650.25,7921,5.4289000000000005,1010025,382.1,63.68333333333334,2.0,-1.0,0.3999999999999986
60,109.7,6.0,128.0,13.8,111.0,100,0.5,1004,88,26.0,3.2,3.0,2023,9,4,13,0,247,36,-0.2588190451025208,-0.9659258262890683,-1.0,-1.8369701987210297e-16,0.0,1.0,3,1,0,16.0,14.0,20.0,34.0,49.0,29.0,13.666666666666666,2.516611478426395,16.0,11.0,16.666666666666668,3.983298465675706,22.0,11.0,27.75,13.396912805839479,52.0,11.0,31.125,10.739251451527364,52.0,11.0,25.5,24.6,23.2,89.0,93.0,95.0,2.33,1.0,3.0,1005.0,1006.0,1004.0,2288.0,264.0,78.0,50.0,0.7970436924860518,18.28028661889685,21.32977837027162,22.88,24.5,0.025896388549413795,676.0,7744,9.0,1008016,379.5,63.25,-5.0,-9.0,0.5
64,111.5,6.7,131.0,15.0,114.0,100,0.5,1004,86,26.4,2.6,3.0,2023,9,4,14,0,247,36,-0.4999999999999997,-0.8660254037844388,-1.0,-1.8369701987210297e-16,0.0,1.0,3,1,0,11.0,16.0,14.0,22.0,47.0,31.0,13.0,2.6457513110672872,16.0,11.0,15.0,3.346640106134427,20.0,11.0,24.833333333333332,12.611923170579479,52.0,11.0,30.333333333333332,11.42714794447544,52.0,11.0,26.0,25.1,23.7,88.0,91.0,94.0,3.0,1.66,2.33,1004.0,1005.0,1005.0,2270.4,258.0,79.19999999999999,50.0,0.7999466702219852,16.63930756603492,19.54932099686614,22.704,24.9,0.026294794527097085,696.9599999999999,7396,9.0,1008016,390.2,65.03333333333333,1.0,-2.0,0.3999999999999986
68,113.2,7.3,134.0,16.3,117.0,100,0.0,1004,85,26.8,1.7,3.0,2023,9,4,15,0,247,36,-0.7071067811865471,-0.7071067811865479,-1.0,-1.8369701987210297e-16,0.0,1.0,3,1,0,12.0,11.0,16.0,17.0,52.0,37.0,12.0,1.0000000000072229,13.0,11.0,14.333333333333334,3.2659863237089626,20.0,11.0,21.583333333333332,9.652680582316824,40.0,11.0,29.333333333333332,11.860297916438181,52.0,11.0,26.4,25.5,24.1,86.0,89.0,93.0,3.0,2.33,1.66,1004.0,1005.0,1005.0,2278.0,255.0,80.4,0.0,0.7974970860683392,15.50472538008492,18.353650184906176,22.78,25.3,0.026693200504780374,718.24,7225,9.0,1008016,400.8,66.8,1.0,-3.0,0.40000000000000213
71,115.0,8.0,137.0,16.3,120.0,100,0.0,1004,84,27.2,1.1,3.0,2023,9,4,16,0,247,36,-0.8660254037844385,-0.5000000000000004,-1.0,-1.8369701987210297e-16,0.0,1.0,3,1,0,13.0,12.0,11.0,20.0,40.0,33.0,12.666666666666666,0.5773502692020338,13.0,12.0,13.166666666666666,1.7224014243647627,16.0,11.0,19.333333333333332,7.969639359164606,34.0,11.0,28.5,12.286436494733985,52.0,11.0,26.8,26.0,24.6,85.0,88.0,93.0,3.0,3.0,1.0,1004.0,1004.0,1006.0,2284.7999999999997,252.0,81.6,0.0,0.7974970860683392,14.373203349581303,17.122859642544682,22.848,25.7,0.027091606482463663,739.8399999999999,7056,9.0,1008016,409.3,68.21666666666667,0.0,2.0,0.3999999999999986
69,131.7,11.3,113.3,26.3,118.7,95,0.0,1004,84,27.0,0.7,2.66,2023,9,4,17,0,247,36,-0.9659258262890683,-0.25881904510252063,-1.0,-1.8369701987210297e-16,0.0,1.0,3,1,0,13.0,13.0,12.0,14.0,30.0,35.0,15.666666666666666,4.618802153518499,21.0,13.0,14.333333333333334,3.669695718537708,21.0,11.0,18.583333333333332,7.267090618713948,34.0,11.0,27.916666666666668,12.296753430378956,52.0,11.0,27.2,26.4,25.1,84.0,86.0,91.0,3.0,3.0,1.66,1004.0,1004.0,1005.0,2268.0,223.44,71.82000000000001,0.0,0.79844872818524,11.653835943721793,10.025661445889744,22.68,25.67,0.02689240349362202,729.0,7056,7.0756000000000006,1008016,422.3,70.38333333333334,8.0,9.0,-0.1999999999999993
74,148.4,14.7,89.7,28.8,117.3,91,0.0,1004,85,26.7,0.8,2.33,2023,9,4,18,0,247,36,-1.0,-1.8369701987210297e-16,-1.0,-1.8369701987210297e-16,0.0,1.0,3,2,0,21.0,13.0,13.0,16.0,30.0,39.0,19.0,5.2915026221304275,23.0,13.0,15.5,5.12835256198202,23.0,11.0,18.0,6.508735388970015,34.0,11.0,27.25,12.101922233229333,52.0,11.0,27.0,26.8,25.5,84.0,85.0,89.0,2.66,3.0,2.33,1004.0,1004.0,1005.0,2269.5,198.05,62.211,0.0,0.7985833825214401,10.094551391061835,6.101625739745597,22.695,25.535,0.026593599010359553,712.89,7225,5.4289000000000005,1008016,421.90000000000003,70.31666666666668,2.0,10.0,-0.3000000000000007
72,165.2,18.0,66.0,27.5,116.0,87,0.5,1004,85,26.5,0.0,2.0,2023,9,4,19,0,247,36,-0.9659258262890684,0.2588190451025203,-1.0,-1.8369701987210297e-16,0.0,1.0,3,2,0,23.0,21.0,13.0,11.0,34.0,40.0,22.0,1.000000000006322,23.0,21.0,17.333333333333332,5.163977794942051,23.0,12.0,17.0,4.410730716620531,23.0,11.0,26.5,11.832159566199214,52.0,11.0,26.7,27.2,26.0,85.0,84.0,88.0,2.33,3.0,3.0,1004.0,1004.0,1004.0,2252.5,170.0,53.0,43.5,0.7999709101487218,9.177267929559468,3.6664629742792063,22.525,25.5,0.026394396021517906,702.25,7225,4.0,1008016,414.7,69.11666666666666,-1.0,9.0,-0.1999999999999993
67,183.1,19.3,55.7,25.0,113.7,87,0.5,1005,87,26.3,0.0,1.33,2023,9,4,20,0,247,36,-0.8660254037844386,0.5000000000000001,-1.0,-1.8369701987210297e-16,0.0,1.0,3,2,0,22.0,23.0,21.0,12.0,22.0,34.0,21.666666666666668,1.5275252316561059,23.0,20.0,18.666666666666668,4.501851470967788,23.0,13.0,16.833333333333332,4.239067936432654,23.0,11.0,25.916666666666668,11.79136259658133,52.0,11.0,26.5,27.0,26.4,85.0,84.0,86.0,2.0,2.66,3.0,1004.0,1004.0,1004.0,2288.1,115.71000000000001,34.979000000000006,43.5,0.7999680012799487,9.48655510077198,2.8858608362261022,22.881,25.635,0.0261691281899222,691.69,7569,1.7689000000000001,1010025,416.8,69.46666666666667,-2.0,-1.0,-0.1999999999999993
59,201.0,20.7,45.3,20.0,111.3,87,0.0,1005,88,26.2,0.0,0.66,2023,9,4,21,0,247,36,-0.7071067811865477,0.7071067811865474,-1.0,-1.8369701987210297e-16,0.0,1.0,3,2,0,20.0,22.0,23.0,13.0,17.0,30.0,19.333333333333332,3.055050463306044,22.0,16.0,19.166666666666668,3.8686776379862584,23.0,13.0,16.75,4.245318276963661,23.0,11.0,25.333333333333332,11.926100957897763,52.0,11.0,26.3,26.7,26.8,87.0,85.0,85.0,1.33,2.33,3.0,1005.0,1004.0,1004.0,2305.6,58.080000000000005,17.292,0.0,0.7999600019998999,9.709675861069513,2.1883000821216365,23.055999999999997,25.87,0.02606962580136736,686.4399999999999,7744,0.43560000000000004,1010025,414.3,69.05,-4.0,-7.0,-0.10000000000000142
54,218.9,22.0,35.0,17.5,109.0,87,0.0,1006,89,26.0,0.0,2.4,2023,9,4,22,0,247,36,-0.5000000000000004,0.8660254037844384,-1.0,-1.8369701987210297e-16,0.0,1.0,3,3,0,16.0,20.0,22.0,13.0,20.0,29.0,16.666666666666668,3.055050463306125,20.0,14.0,19.333333333333332,3.5590260840087935,23.0,14.0,16.25,4.180582821481621,23.0,11.0,24.708333333333332,12.117106724062365,52.0,11.0,26.2,26.5,27.2,88.0,85.0,84.0,0.66,2.0,3.0,1005.0,1004.0,1004.0,2314.0,213.6,62.4,0.0,0.7999542883263813,9.949547747829644,1.590836780146357,23.14,24.8,0.025844904726734865,676.0,7921,5.76,1012036,416.4,69.39999999999999,-2.0,-8.0,-0.1999999999999993
50,208.5,21.7,32.0,15.0,100.3,87,0.0,1006,87,26.2,0.0,0.33,2023,9,4,23,0,247,36,-0.25881904510252157,0.9659258262890681,-1.0,-1.8369701987210297e-16,0.0,1.0,3,3,0,14.0,16.0,20.0,21.0,14.0,28.0,14.0,2.0000000000035323,16.0,12.0,17.833333333333332,4.490731195101158,23.0,12.0,16.083333333333332,4.316107954949969,23.0,11.0,24.041666666666668,12.36572811782857,52.0,11.0,26.0,26.3,27.0,89.0,87.0,84.0,2.4,1.33,2.66,1006.0,1005.0,1004.0,2279.4,28.71,8.646,0.0,0.7999466702219852,9.607852172710935,1.4745864245887286,22.794,26.035,0.026043711686171287,686.4399999999999,7569,0.10890000000000001,1012036,389.5,64.91666666666667,-2.0,-8.0,0.1999999999999993
54,198.2,21.3,29.0,17.5,91.7,87,0.0,1005,85,26.3,0.0,0.66,2023,9,5,0,1,248,36,0.0,1.0,-1.0,-1.8369701987210297e-16,0.7818314824680298,0.6234898018587336,3,3,0,12.0,14.0,16.0,23.0,16.0,29.0,13.333333333333334,1.1547005383854239,14.0,12.0,16.333333333333332,3.8815804341343196,22.0,12.0,15.916666666666666,4.358029857908133,23.0,11.0,23.416666666666668,12.482741709244324,52.0,11.0,26.2,26.2,26.7,87.0,88.0,85.0,0.33,0.66,2.33,1006.0,1005.0,1004.0,2235.5,56.1,17.358,0.0,0.7999542883263813,9.30472747758321,1.3614384301206515,22.355,25.970000000000002,0.0261691281899222,691.69,7225,0.43560000000000004,1010025,371.7,61.949999999999996,2.0,-2.0,0.10000000000000142
69,187.9,21.0,26.0,26.3,83.0,87,0.0,1005,83,26.5,0.0,1.0,2023,9,5,1,1,248,36,0.25881904510252074,0.9659258262890683,-1.0,-1.8369701987210297e-16,0.7818314824680298,0.6234898018587336,3,3,0,14.0,12.0,14.0,22.0,11.0,49.0,15.666666666666666,4.725815626254071,21.0,12.0,16.166666666666668,3.6009258068799945,21.0,12.0,16.75,4.287932326466693,23.0,12.0,22.25,11.233683820275083,52.0,11.0,26.3,26.0,26.5,85.0,89.0,85.0,0.66,2.4,2.0,1005.0,1006.0,1004.0,2199.5,83.0,26.5,0.0,0.79844872818524,8.947192990809961,1.2380362839864767,21.995,26.0,0.026368132967031874,702.25,6889,1.0,1010025,365.2,60.86666666666667,7.0,7.0,0.1999999999999993
74,169.8,19.3,29.3,28.8,79.7,87,0.0,1005,84,26.3,0.0,0.66,2023,9,5,2,1,248,36,0.49999999999999994,0.8660254037844387,-1.0,-1.8369701987210297e-16,0.7818314824680298,0.6234898018587336,3,3,0,21.0,14.0,12.0,20.0,12.0,47.0,19.333333333333332,4.725815626253999,23.0,14.0,16.666666666666668,4.366539438348684,23.0,12.0,17.666666666666668,4.355421560502645,23.0,12.0,21.25,9.926906782118289,52.0,11.0,26.5,26.2,26.3,83.0,87.0,87.0,1.0,0.33,1.33,1005.0,1006.0,1005.0,2209.2000000000003,55.440000000000005,17.358,0.0,0.7985833825214401,8.797471633594114,1.5180560592715402,22.092000000000002,25.970000000000002,0.0261691281899222,691.69,7056,0.43560000000000004,1010025,349.90000000000003,58.31666666666667,2.0,11.0,-0.1999999999999993
87,151.7,17.7,32.7,36.3,76.3,87,0.0,1005,85,26.2,0.0,0.33,2023,9,5,3,1,248,36,0.7071067811865476,0.7071067811865476,-1.0,-1.8369701987210297e-16,0.7818314824680298,0.6234898018587336,3,3,0,23.0,21.0,14.0,16.0,13.0,52.0,24.333333333333332,4.163331998933732,29.0,21.0,18.833333333333332,6.615638039271412,29.0,12.0,19.0,5.1698426211314095,29.0,12.0,20.291666666666668,7.686686212376059,40.0,11.0,26.3,26.3,26.2,84.0,85.0,88.0,0.66,0.66,0.66,1005.0,1005.0,1005.0,2227.0,28.05,8.646,0.0,0.798876064020275,8.570137280379639,1.8473532568781426,22.27,26.035,0.02606962580136736,686.4399999999999,7225,0.10890000000000001,1010025,343.7,57.28333333333333,6.0,15.0,-0.10000000000000142
102,133.6,16.0,36.0,45.0,73.0,87,0.0,1005,86,26.0,0.0,2.0,2023,9,5,4,1,248,36,0.8660254037844386,0.5000000000000001,-1.0,-1.8369701987210297e-16,0.7818314824680298,0.6234898018587336,3,3,0,29.0,23.0,21.0,14.0,13.0,40.0,29.333333333333332,6.5064070986485785,36.0,23.0,22.5,9.049861877398405,36.0,12.0,20.916666666666668,6.761634193720545,36.0,12.0,20.125,7.273014445911039,36.0,11.0,26.2,26.5,26.0,85.0,83.0,89.0,0.33,1.0,2.4,1005.0,1005.0,1006.0,2236.0,172.0,52.0,0.0,0.7999822226172753,8.349478157615149,2.2498593837885132,22.36,25.0,0.02587062102425769,676.0,7396,4.0,1010025,339.6,56.6,7.0,15.0,-0.1999999999999993
82,145.3,16.3,35.0,33.8,73.3,83,0.0,1005,87,26.1,0.0,1.6,2023,9,5,5,1,248,36,0.9659258262890683,0.25881904510252074,-1.0,-1.8369701987210297e-16,0.7818314824680298,0.6234898018587336,3,3,0,36.0,29.0,23.0,12.0,21.0,30.0,30.666666666666668,4.725815626253775,36.0,27.0,25.0,7.509993342206735,36.0,14.0,21.416666666666668,6.986458763966185,36.0,12.0,20.0,7.120087933018022,36.0,11.0,26.0,26.3,26.2,86.0,84.0,87.0,2.0,0.66,0.33,1005.0,1005.0,1006.0,2270.7000000000003,139.20000000000002,41.760000000000005,0.0,0.7987929351202628,8.913563585056131,2.1471075394147596,22.707000000000004,25.3,0.025970123412812525,681.21,7569,2.5600000000000005,1010025,330.70000000000005,55.116666666666674,-9.0,4.0,0.10000000000000142
85,157.0,16.7,34.0,35.0,73.7,79,0.0,1006,87,26.1,0.9,2.0,2023,9,5,6,1,248,36,1.0,6.123233995736766e-17,-1.0,-1.8369701987210297e-16,0.7818314824680298,0.6234898018587336,3,0,0,27.0,36.0,29.0,14.0,23.0,30.0,30.333333333333332,4.9328828623173715,36.0,27.0,27.333333333333332,5.240865068541321,36.0,21.0,21.833333333333332,7.234178138069807,36.0,12.0,19.916666666666668,7.008793648395767,36.0,11.0,26.1,26.2,26.3,87.0,85.0,85.0,1.6,0.33,0.66,1005.0,1005.0,1005.0,2270.7000000000003,174.0,52.2,0.0,0.7999771435101855,9.40063469253338,2.0358062391473566,22.707000000000004,25.1,0.025944308206453076,681.21,7569,4.0,1012036,344.4,57.4,1.0,-1.0,0.0
80,168.7,17.0,33.0,32.5,74.0,75,0.0,1006,87,26.2,0.9,2.4,2023,9,5,7,1,248,36,0.9659258262890683,-0.25881904510252063,-1.0,-1.8369701987210297e-16,0.7818314824680298,0.6234898018587336,3,0,0,28.0,27.0,36.0,21.0,22.0,34.0,27.0,1.0000000000058527,28.0,26.0,28.166666666666668,4.355073669486751,36.0,23.0,22.166666666666668,7.334022006230453,36.0,12.0,19.583333333333332,6.480181604182398,36.0,11.0,26.1,26.0,26.5,87.0,86.0,83.0,2.0,2.0,1.0,1006.0,1005.0,1005.0,2279.4,208.79999999999998,62.879999999999995,0.0,0.7999753853727578,9.922945709075936,1.9410622904535026,22.794,25.0,0.026043711686171287,686.4399999999999,7569,5.76,1012036,351.2,58.53333333333333,-2.0,-10.0,0.09999999999999787
78,172.4,14.7,68.0,31.3,87.7,79,1.0,1006,82,27.3,1.5,1.0,2023,9,5,8,1,248,36,0.8660254037844387,-0.4999999999999998,-1.0,-1.8369701987210297e-16,0.7818314824680298,0.6234898018587336,3,0,0,26.0,28.0,27.0,23.0,20.0,22.0,26.333333333333332,1.5275252316558188,28.0,25.0,28.5,3.9370039370046617,36.0,25.0,22.583333333333332,7.341765125057383,36.0,12.0,19.708333333333332,6.557300390083768,36.0,11.0,26.2,26.1,26.3,87.0,87.0,84.0,2.4,1.6,0.66,1006.0,1005.0,1005.0,2238.6,82.0,27.3,79.0,0.7986965272674994,11.727093395007143,4.625535677845045,22.386,26.8,0.027137149963071608,745.2900000000001,6724,1.0,1012036,399.09999999999997,66.51666666666667,-1.0,-2.0,1.1000000000000014
82,176.1,12.3,103.0,33.8,101.3,83,0.5,1007,78,28.5,2.5,2.0,2023,9,5,9,1,248,36,0.7071067811865476,-0.7071067811865475,-1.0,-1.8369701987210297e-16,0.7818314824680298,0.6234898018587336,3,0,0,25.0,26.0,28.0,29.0,16.0,17.0,26.0,1.0000000000059466,27.0,25.0,28.166666666666668,3.9707262140138555,36.0,25.0,23.5,7.128687243677857,36.0,12.0,20.125,6.694010950744817,36.0,11.0,27.3,26.1,26.2,82.0,87.0,85.0,1.0,2.0,0.33,1006.0,1006.0,1005.0,2223.0,156.0,57.0,41.5,0.7987929351202628,14.315909275668645,8.373302983497277,22.23,27.5,0.028301858687330005,812.25,6084,4.0,1014049,453.5,75.58333333333333,2.0,-1.0,1.1999999999999993
72,179.7,10.0,138.0,27.5,115.0,87,0.0,1007,73,29.6,4.4,3.0,2023,9,5,10,1,248,36,0.49999999999999994,-0.8660254037844387,-1.0,-1.8369701987210297e-16,0.7818314824680298,0.6234898018587336,3,0,0,27.0,25.0,26.0,36.0,14.0,20.0,24.666666666666668,2.5166114784259954,27.0,22.0,25.833333333333332,2.1369760566408633,28.0,22.0,24.166666666666668,6.506407098647212,36.0,12.0,20.208333333333332,6.704827376221065,36.0,11.0,28.5,26.2,26.0,78.0,87.0,86.0,2.0,2.4,2.0,1007.0,1006.0,1005.0,2160.8,219.0,88.80000000000001,0.0,0.7999709101487218,17.968203179682032,13.798620137986202,21.608,28.1,0.02939421112789362,876.1600000000001,5329,9.0,1014049,492.2,82.03333333333333,-5.0,-4.0,1.1000000000000014
98,163.6,8.3,158.3,31.3,125.0,83,0.0,1006,69,30.5,6.3,2.66,2023,9,5,11,1,248,36,0.258819045102521,-0.9659258262890682,-1.0,-1.8369701987210297e-16,0.7818314824680298,0.6234898018587336,3,0,0,22.0,27.0,25.0,27.0,12.0,14.0,24.666666666666668,2.5166114784259954,27.0,22.0,25.5,2.073644135330265,28.0,22.0,25.25,5.259191088854277,36.0,14.0,20.666666666666668,6.637617871984567,36.0,11.0,29.6,27.3,26.1,73.0,82.0,87.0,3.0,1.0,1.6,1007.0,1006.0,1005.0,2104.5,183.54000000000002,81.13000000000001,0.0,0.7986965272674994,19.708468859173593,19.06999156728105,21.045,29.17,0.03031806131405436,930.25,4761,7.0756000000000006,1012036,511.50000000000006,85.25000000000001,3.0,0.0,0.8999999999999986
106,147.5,6.7,178.7,33.8,135.0,79,0.0,1005,65,31.3,7.0,2.33,2023,9,5,12,1,248,36,1.2246467991473532e-16,-1.0,-1.0,-1.8369701987210297e-16,0.7818314824680298,0.6234898018587336,3,1,0,25.0,22.0,27.0,28.0,14.0,16.0,24.666666666666668,2.5166114784259954,27.0,22.0,25.333333333333332,1.8618986724997246,27.0,22.0,26.333333333333332,3.8924947208067393,36.0,21.0,21.125,6.681008124917515,36.0,11.0,30.5,28.5,26.1,69.0,78.0,87.0,2.66,2.0,2.0,1006.0,1007.0,1006.0,2034.5,151.45000000000002,72.929,0.0,0.7987929351202628,22.011640053723323,26.66766154305327,20.345,30.135,0.031144247617664062,979.69,4225,5.4289000000000005,1010025,528.7,88.11666666666667,2.0,0.0,0.8000000000000007
112,131.3,5.0,199.0,40.0,145.0,75,0.0,1004,62,32.2,6.1,2.0,2023,9,5,13,1,248,36,-0.2588190451025208,-0.9659258262890683,-1.0,-1.8369701987210297e-16,0.7818314824680298,0.6234898018587336,3,1,0,27.0,25.0,22.0,26.0,21.0,11.0,28.0,3.605551275465588,32.0,25.0,26.333333333333332,3.326659986631702,32.0,22.0,27.25,3.8168287645864956,36.0,22.0,22.0,6.672461249826164,36.0,12.0,31.3,29.6,26.2,65.0,73.0,87.0,2.33,3.0,2.4,1005.0,1007.0,1006.0,1996.4,124.0,64.4,0.0,0.7999800004999875,26.25474905018996,39.79204159168166,19.964000000000002,31.200000000000003,0.03207168120350478,1036.8400000000001,3844,4.0,1008016,552.3,92.05,5.0,10.0,0.9000000000000021
111,126.8,5.7,196.0,36.3,145.3,70,0.0,1004,61,32.3,6.3,1.66,2023,9,5,14,1,248,36,-0.4999999999999997,-0.8660254037844388,-1.0,-1.8369701987210297e-16,0.7818314824680298,0.6234898018587336,3,1,0,32.0,27.0,25.0,25.0,23.0,12.0,29.333333333333332,2.5166114784258253,32.0,27.0,27.0,3.4058772731837976,32.0,22.0,27.75,3.5960837284205667,36.0,22.0,22.708333333333332,6.46380670359554,36.0,12.0,32.2,30.5,27.3,62.0,69.0,82.0,2.0,2.66,1.0,1004.0,1006.0,1006.0,1970.2999999999997,101.25999999999999,53.617999999999995,0.0,0.798876064020275,22.24171198035432,34.37993334502718,19.702999999999996,31.47,0.032171282697925595,1043.2899999999997,3721,2.7556,1008016,539.1,89.85000000000001,-3.0,4.0,0.09999999999999432
110,122.4,6.3,193.0,33.8,145.7,66,0.0,1003,60,32.4,4.5,1.33,2023,9,5,15,1,248,36,-0.7071067811865471,-0.7071067811865479,-1.0,-1.8369701987210297e-16,0.7818314824680298,0.6234898018587336,3,1,0,29.0,32.0,27.0,27.0,29.0,13.0,29.333333333333332,2.5166114784258253,32.0,27.0,27.0,3.4058772731837976,32.0,22.0,27.583333333333332,3.5791906991104945,36.0,22.0,23.291666666666668,6.174837907864748,36.0,12.0,32.3,31.3,28.5,61.0,65.0,78.0,1.66,2.33,2.0,1004.0,1005.0,1007.0,1944.0,79.80000000000001,43.092,0.0,0.7987929351202628,19.425488017774956,30.63005872083796,19.44,31.735,0.03230305852137735,1049.76,3600,1.7689000000000001,1006009,528.2,88.03333333333335,-2.0,0.0,0.10000000000000142
109,117.9,7.0,190.0,31.3,146.0,62,0.0,1003,59,32.5,2.7,1.0,2023,9,5,16,1,248,36,-0.8660254037844385,-0.5000000000000004,-1.0,-1.8369701987210297e-16,0.7818314824680298,0.6234898018587336,3,1,0,27.0,29.0,32.0,22.0,36.0,13.0,27.0,2.000000000002929,29.0,25.0,27.5,2.6645825188929693,32.0,25.0,26.666666666666668,2.4618298195852617,32.0,22.0,23.791666666666668,5.778364193577727,36.0,12.0,32.4,32.2,29.6,60.0,62.0,73.0,1.33,2.0,3.0,1003.0,1004.0,1007.0,1917.5,59.0,32.5,0.0,0.7986965272674994,16.840451364090843,27.13898014569347,19.175,32.0,0.03240275931928283,1056.25,3481,1.0,1006009,517.2,86.2,-2.0,-7.0,0.10000000000000142
98,175.5,14.0,158.7,33.8,150.7,62,0.0,1003,65,31.5,1.9,1.0,2023,9,5,17,1,248,36,-0.9659258262890683,-0.25881904510252063,-1.0,-1.8369701987210297e-16,0.7818314824680298,0.6234898018587336,3,1,0,25.0,27.0,29.0,25.0,27.0,21.0,26.333333333333332,1.1547005383843774,27.0,25.0,27.833333333333332,2.4013884872416487,32.0,25.0,26.666666666666668,2.4618298195852617,32.0,22.0,24.041666666666668,5.782125129612026,36.0,12.0,32.5,32.3,30.5,59.0,61.0,69.0,1.0,1.66,2.66,1003.0,1004.0,1006.0,2047.5,65.0,31.5,0.0,0.7987929351202628,12.534818941504179,11.33490464966788,20.475,31.0,0.03140575134022797,992.25,4225,1.0,1006009,559.7,93.28333333333335,2.0,-2.0,-1.0
87,233.1,21.0,127.3,36.3,155.3,62,0.0,1003,72,30.5,1.7,1.0,2023,9,5,18,1,248,36,-1.0,-1.8369701987210297e-16,-1.0,-1.8369701987210297e-16,0.7818314824680298,0.6234898018587336,3,2,0,27.0,25.0,27.0,27.0,28.0,23.0,27.0,2.000000000002929,29.0,25.0,28.166666666666668,2.4013884872416624,32.0,25.0,26.75,2.5271255679836653,32.0,22.0,24.291666666666668,5.864255515717359,36.0,12.0,31.5,32.4,31.3,65.0,60.0,65.0,1.0,1.33,2.33,1003.0,1003.0,1005.0,2196.0,72.0,30.5,0.0,0.798876064020275,11.099471453740296,6.0616161135184035,21.96,30.0,0.03040874336117312,930.25,5184,1.0,1006009,602.0,100.33333333333333,2.0,2.0,-1.0
65,290.6,28.0,96.0,23.8,160.0,62,0.0,1004,79,29.5,0.0,1.0,2023,9,5,19,1,248,36,-0.9659258262890684,0.2588190451025203,-1.0,-1.8369701987210297e-16,0.7818314824680298,0.6234898018587336,3,2,0,29.0,27.0,25.0,32.0,26.0,22.0,25.0,5.291502622130324,29.0,19.0,26.0,3.741657386772564,29.0,19.0,26.166666666666668,3.3799766898953076,32.0,19.0,24.166666666666668,5.946622473352241,36.0,12.0,30.5,32.5,32.2,72.0,59.0,62.0,1.0,1.0,2.0,1003.0,1003.0,1004.0,2330.5,79.0,29.5,0.0,0.7982857863114995,10.378200778543624,3.4284489839648584,23.305,29.0,0.029382440854142575,870.25,6241,1.0,1008016,617.4000000000001,102.90000000000002,-10.0,-6.0,-1.0
72,303.1,26.0,89.3,27.5,151.7,66,0.0,1004,82,28.9,0.0,0.66,2023,9,5,20,1,248,36,-0.8660254037844386,0.5000000000000001,-1.0,-1.8369701987210297e-16,0.7818314824680298,0.6234898018587336,3,2,0,19.0,29.0,27.0,29.0,25.0,20.0,23.333333333333332,5.131601439448092,29.0,19.0,24.833333333333332,3.7103458958237474,29.0,19.0,25.916666666666668,3.5791906991105287,32.0,19.0,24.25,5.89952098276506,36.0,12.0,29.5,31.5,32.3,79.0,65.0,61.0,1.0,1.0,1.66,1004.0,1003.0,1004.0,2369.7999999999997,54.120000000000005,19.074,0.0,0.7999709101487218,11.657243952155687,3.434483289104265,23.697999999999997,28.57,0.02878483188761764,835.2099999999999,6724,0.43560000000000004,1008016,619.6,103.26666666666667,3.0,-5.0,-0.6000000000000014
56,315.5,24.0,82.7,18.8,143.3,70,0.0,1005,86,28.3,0.0,0.33,2023,9,5,21,1,248,36,-0.7071067811865477,0.7071067811865474,-1.0,-1.8369701987210297e-16,0.7818314824680298,0.6234898018587336,3,2,0,22.0,19.0,29.0,27.0,27.0,16.0,18.666666666666668,3.511884584286134,22.0,15.0,22.833333333333332,5.231315959360104,29.0,15.0,24.916666666666668,4.737823307908718,32.0,15.0,24.208333333333332,5.96350616643428,36.0,12.0,28.9,30.5,32.4,82.0,72.0,60.0,0.66,1.0,1.33,1004.0,1003.0,1003.0,2433.8,28.380000000000003,9.339,0.0,0.7978299026647518,13.145285613099453,3.445689762926545,24.338,28.135,0.028159175961018947,800.89,7396,0.10890000000000001,1010025,599.3,99.88333333333333,-7.0,-14.0,-0.5999999999999979
61,328.0,22.0,76.0,21.3,135.0,75,0.0,1006,89,27.7,0.0,1.2,2023,9,5,22,1,248,36,-0.5000000000000004,0.8660254037844384,-1.0,-1.8369701987210297e-16,0.7818314824680298,0.6234898018587336,3,3,0,15.0,22.0,19.0,25.0,22.0,14.0,18.0,3.605551275465845,22.0,15.0,21.5,5.576737397438468,29.0,15.0,24.5,5.21361853052289,32.0,15.0,24.333333333333332,5.768480070073822,36.0,12.0,28.3,29.5,32.5,86.0,79.0,59.0,0.33,1.0,1.0,1005.0,1004.0,1003.0,2465.2999999999997,106.8,33.239999999999995,0.0,0.7980845969672785,14.908413253943001,3.454388436889232,24.653,27.099999999999998,0.027534763881944452,767.29,7921,1.44,1012036,599.3,99.88333333333333,2.0,-2.0,-0.6000000000000014
61,335.6,22.3,70.7,21.3,136.7,79,0.0,1006,91,27.5,0.0,1.2,2023,9,5,23,1,248,36,-0.25881904510252157,0.9659258262890681,-1.0,-1.8369701987210297e-16,0.7818314824680298,0.6234898018587336,3,3,0,17.0,15.0,22.0,27.0,25.0,12.0,16.333333333333332,1.154700538385178,17.0,15.0,19.833333333333332,5.0760877323638836,29.0,15.0,23.833333333333332,5.638074031783581,32.0,15.0,24.541666666666668,5.3809581065945835,36.0,14.0,27.7,28.9,31.5,89.0,82.0,65.0,1.2,0.66,1.0,1006.0,1004.0,1003.0,2502.5,109.2,33.0,0.0,0.7980845969672785,15.04865252679252,3.1702614232545625,25.025,26.9,0.02733595692250803,756.25,8281,1.44,1012036,603.6,100.60000000000001,0.0,-5.0,-0.1999999999999993
180,343.2,22.7,65.3,97.5,138.3,83,0.0,1006,92,27.4,0.0,1.2,2023,9,6,0,2,249,36,0.0,1.0,-1.0,-1.8369701987210297e-16,0.9749279121818236,-0.22252093395631434,3,3,0,17.0,17.0,15.0,29.0,27.0,14.0,37.333333333333336,35.21836642056731,78.0,17.0,28.0,24.608941464435038,78.0,15.0,28.083333333333332,16.67037837457531,78.0,15.0,27.208333333333332,11.872434886952528,78.0,15.0,27.5,28.3,30.5,91.0,86.0,72.0,1.2,0.33,1.0,1006.0,1005.0,1003.0,2520.7999999999997,110.39999999999999,32.879999999999995,0.0,0.7999917949559491,15.118276727897449,2.876525263204264,25.208,26.799999999999997,0.02723655344278982,750.7599999999999,8464,1.44,1012036,745.0,124.16666666666667,61.0,63.0,-0.10000000000000142
150,350.7,23.0,60.0,67.5,140.0,87,0.0,1006,94,27.2,0.0,1.2,2023,9,6,1,2,249,36,0.25881904510252074,0.9659258262890683,-1.0,-1.8369701987210297e-16,0.9749279121818236,-0.22252093395631434,3,3,0,78.0,17.0,17.0,19.0,32.0,21.0,49.666666666666664,30.730007050655562,78.0,17.0,33.833333333333336,26.14893241925295,78.0,15.0,29.916666666666668,18.272972258270077,78.0,15.0,28.583333333333332,12.98131321375553,78.0,15.0,27.4,27.7,29.5,92.0,89.0,79.0,1.2,1.2,1.0,1006.0,1006.0,1004.0,2556.7999999999997,112.8,32.64,0.0,0.7999881483237284,15.247163166818833,2.6085822355549757,25.567999999999998,26.599999999999998,0.027037746483353397,739.8399999999999,8836,1.44,1012036,695.2,115.86666666666667,-24.0,37.0,-0.1999999999999993
85,345.1,23.0,59.0,35.0,151.0,84,0.0,1005,94,27.0,0.0,1.6,2023,9,6,2,2,249,36,0.49999999999999994,0.8660254037844387,-1.0,-1.8369701987210297e-16,0.9749279121818236,-0.22252093395631434,3,3,0,54.0,78.0,17.0,22.0,29.0,23.0,53.333333333333336,25.006665778014867,78.0,28.0,34.833333333333336,25.717050115957274,78.0,15.0,29.833333333333332,18.279811682605153,78.0,15.0,28.791666666666668,12.927823606021498,78.0,15.0,27.2,27.5,28.9,94.0,91.0,82.0,1.2,1.2,0.66,1006.0,1006.0,1004.0,2538.0,150.4,43.2,0.0,0.7999771435101855,15.00369549150037,2.565105864962393,25.38,26.2,0.02686564490980606,729.0,8836,2.5600000000000005,1010025,641.1,106.85000000000001,-26.0,11.0,-0.1999999999999993
87,339.5,23.0,58.0,36.3,162.0,81,0.0,1005,94,26.7,0.0,1.6,2023,9,6,3,2,249,36,0.7071067811865476,0.7071067811865476,-1.0,-1.8369701987210297e-16,0.9749279121818236,-0.22252093395631434,3,3,0,28.0,54.0,78.0,15.0,27.0,29.0,37.0,14.730919862656567,54.0,28.0,37.166666666666664,24.14470266262682,78.0,17.0,30.0,18.260737812436226,78.0,15.0,28.791666666666668,12.927823606021498,78.0,15.0,27.0,27.4,28.3,94.0,92.0,86.0,1.6,1.2,0.33,1005.0,1006.0,1005.0,2509.7999999999997,150.4,42.72,0.0,0.798876064020275,14.760227816181905,2.52162949436981,25.098,25.9,0.026567137744141548,712.89,8836,2.5600000000000005,1010025,647.8,107.96666666666665,1.0,-49.0,-0.3000000000000007
100,333.8,23.0,57.0,43.8,173.0,79,0.0,1005,94,26.5,0.0,2.0,2023,9,6,4,2,249,36,0.8660254037844386,0.5000000000000001,-1.0,-1.8369701987210297e-16,0.9749279121818236,-0.22252093395631434,3,3,0,29.0,28.0,54.0,17.0,25.0,36.0,30.666666666666668,3.7859388972016323,35.0,28.0,40.166666666666664,22.17581264952108,78.0,17.0,30.833333333333332,18.239982721948017,78.0,15.0,28.75,12.905172538981043,78.0,15.0,26.7,27.2,27.7,94.0,94.0,89.0,1.6,1.2,1.2,1005.0,1006.0,1006.0,2491.0,188.0,53.0,0.0,0.7990685144174792,14.512412503804182,2.478153123777227,24.91,25.5,0.026368132967031874,702.25,8836,4.0,1010025,665.6,110.93333333333334,6.0,-19.0,-0.1999999999999993
100,371.6,24.3,55.0,43.8,165.0,76,0.0,1006,93,26.7,0.0,0.33,2023,9,6,5,2,249,36,0.9659258262890683,0.25881904510252074,-1.0,-1.8369701987210297e-16,0.9749279121818236,-0.22252093395631434,3,3,0,35.0,29.0,28.0,17.0,27.0,27.0,33.0,3.464101615139273,35.0,29.0,43.166666666666664,19.46706620594536,78.0,28.0,31.5,18.23333610326256,78.0,15.0,29.083333333333332,12.961201858747106,78.0,15.0,26.5,27.0,27.5,94.0,94.0,91.0,2.0,1.6,1.2,1005.0,1005.0,1006.0,2483.1,30.69,8.811,0.0,0.7990685144174792,15.291551787992264,2.263281346446648,24.831,26.535,0.026540729084762342,712.89,8649,0.10890000000000001,1012036,694.7,115.78333333333335,0.0,7.0,0.1999999999999993
155,409.3,25.7,53.0,73.8,157.0,73,0.0,1006,93,27.0,1.6,0.66,2023,9,6,6,2,249,36,1.0,6.123233995736766e-17,-1.0,-1.8369701987210297e-16,0.9749279121818236,-0.22252093395631434,3,0,0,35.0,35.0,29.0,78.0,29.0,28.0,43.0,13.856406460551327,59.0,35.0,40.0,13.20605921537506,59.0,28.0,34.0,19.844852778949353,78.0,15.0,30.375,14.321806116366202,78.0,15.0,26.7,26.7,27.4,93.0,94.0,92.0,0.33,1.6,1.2,1006.0,1005.0,1006.0,2511.0,61.38,17.82,0.0,0.799447161962575,15.925450371580872,2.062176569005097,25.11,26.67,0.026838939523916975,729.0,8649,0.43560000000000004,1012036,777.8,129.63333333333333,24.0,30.0,0.3000000000000007
176,447.0,27.0,51.0,93.8,149.0,70,0.0,1007,92,27.2,1.9,1.0,2023,9,6,7,2,249,36,0.9659258262890683,-0.25881904510252063,-1.0,-1.8369701987210297e-16,0.9749279121818236,-0.22252093395631434,3,0,0,59.0,35.0,35.0,54.0,19.0,26.0,56.333333333333336,20.132891827388814,75.0,35.0,43.5,19.118054294304986,75.0,28.0,38.666666666666664,22.414821936036738,78.0,15.0,32.416666666666664,16.926738987578975,78.0,15.0,27.0,26.5,27.2,93.0,94.0,94.0,0.66,2.0,1.2,1006.0,1005.0,1006.0,2502.4,92.0,27.2,0.0,0.7995650366200786,16.554942409540388,1.8888189326321247,25.024,26.7,0.027010896712118457,739.8399999999999,8464,1.0,1014049,842.8,140.46666666666667,16.0,40.0,0.1999999999999993
180,372.9,22.0,101.0,97.5,170.3,68,0.0,1007,84,28.8,2.6,0.66,2023,9,6,8,2,249,36,0.8660254037844387,-0.4999999999999998,-1.0,-1.8369701987210297e-16,0.9749279121818236,-0.22252093395631434,3,0,0,75.0,59.0,35.0,28.0,22.0,25.0,70.66666666666667,10.21436896402986,78.0,59.0,51.833333333333336,21.729396371428766,78.0,29.0,43.333333333333336,24.3733585305882,78.0,15.0,34.625,19.21913109378268,78.0,15.0,27.2,26.7,27.0,92.0,93.0,94.0,1.0,0.33,1.6,1007.0,1006.0,1005.0,2419.2000000000003,55.440000000000005,19.008000000000003,0.0,0.7999917949559491,16.949229580473613,4.590700422708059,24.192000000000004,28.470000000000002,0.0285997729893019,829.44,7056,0.43560000000000004,1014049,841.7,140.28333333333333,3.0,43.0,1.6000000000000014
150,298.8,17.0,151.0,67.5,191.7,65,0.0,1007,76,30.4,4.8,0.33,2023,9,6,9,2,249,36,0.7071067811865476,-0.7071067811865475,-1.0,-1.8369701987210297e-16,0.9749279121818236,-0.22252093395631434,3,0,0,78.0,75.0,59.0,29.0,15.0,27.0,69.0,13.076696830622149,78.0,54.0,56.0,18.65475810617752,78.0,35.0,46.583333333333336,22.80134897657385,78.0,17.0,35.75,19.540926950555885,78.0,15.0,28.8,27.0,26.7,84.0,93.0,94.0,0.66,0.66,1.6,1007.0,1006.0,1005.0,2310.4,25.080000000000002,10.032,0.0,0.7999881483237284,17.575436739015352,8.881830480559966,23.104,30.235,0.030188649266485335,924.16,5776,0.10890000000000001,1014049,780.0,130.0,-24.0,-5.0,1.5999999999999979
126,224.7,12.0,201.0,56.3,213.0,62,0.0,1007,69,32.0,5.7,2.8,2023,9,6,10,2,249,36,0.49999999999999994,-0.8660254037844387,-1.0,-1.8369701987210297e-16,0.9749279121818236,-0.22252093395631434,3,0,0,54.0,78.0,75.0,35.0,17.0,22.0,59.0,17.05872210923213,78.0,45.0,57.666666666666664,16.753109164171974,78.0,35.0,48.916666666666664,20.84775258580113,78.0,17.0,36.708333333333336,19.400760107625384,78.0,15.0,30.4,27.2,26.5,76.0,92.0,94.0,0.33,1.0,2.0,1007.0,1007.0,1005.0,2208.0,193.2,89.6,0.0,0.7992753237065062,18.72343971335722,16.74860428297642,22.08,30.6,0.03177752554366878,1024.0,4761,7.839999999999999,1014049,752.0,125.33333333333333,-9.0,-30.0,1.6000000000000014
153,198.4,9.7,216.7,72.5,211.7,70,0.0,1007,61,32.7,4.6,2.8,2023,9,6,11,2,249,36,0.258819045102521,-0.9659258262890682,-1.0,-1.8369701987210297e-16,0.9749279121818236,-0.22252093395631434,3,0,0,45.0,54.0,78.0,35.0,17.0,25.0,52.333333333333336,6.658328118479856,58.0,45.0,61.5,12.660963628413011,78.0,45.0,52.333333333333336,18.351781351897916,78.0,28.0,38.083333333333336,19.701945758393325,78.0,15.0,32.0,28.8,26.7,69.0,84.0,93.0,2.8,0.66,0.33,1007.0,1007.0,1006.0,1994.7000000000003,170.79999999999998,91.56,0.0,0.799988965669439,20.45149984537677,22.337903308937225,19.947000000000003,31.300000000000004,0.03247265891493653,1069.2900000000002,3721,7.839999999999999,1014049,767.0,127.83333333333333,13.0,-20.0,0.7000000000000028
205,172.2,7.3,232.3,121.3,210.3,79,0.0,1006,54,33.5,4.1,2.8,2023,9,6,12,2,249,36,1.2246467991473532e-16,-1.0,-1.0,-1.8369701987210297e-16,0.9749279121818236,-0.22252093395631434,3,1,0,58.0,45.0,54.0,59.0,78.0,27.0,66.66666666666667,27.061657993059793,97.0,45.0,67.83333333333333,19.051684090039526,97.0,45.0,53.916666666666664,21.343333356996226,97.0,28.0,41.0,22.910031977659894,97.0,15.0,32.7,30.4,27.0,61.0,76.0,93.0,2.8,0.33,0.66,1007.0,1007.0,1006.0,1809.0,151.2,93.8,0.0,0.7996636466311078,23.58581016299137,31.817559238460486,18.09,32.1,0.03330016570560069,1122.25,2916,7.839999999999999,1012036,840.4000000000001,140.0666666666667,39.0,43.0,0.7999999999999972
185,145.9,5.0,248.0,102.5,209.0,87,0.0,1006,48,34.2,5.5,2.8,2023,9,6,13,2,249,36,-0.2588190451025208,-0.9659258262890683,-1.0,-1.8369701987210297e-16,0.9749279121818236,-0.22252093395631434,3,1,0,97.0,58.0,45.0,75.0,54.0,32.0,79.0,19.672315572906037,97.0,58.0,69.0,19.778776504121755,97.0,45.0,56.25,22.83189555305129,97.0,28.0,43.083333333333336,24.287976389593638,97.0,15.0,33.5,32.0,27.2,54.0,69.0,92.0,2.8,2.8,1.0,1006.0,1007.0,1007.0,1641.6000000000001,134.39999999999998,95.76,0.0,0.7999921951980956,29.174165166966606,49.59008198360328,16.416,32.800000000000004,0.03399599006362817,1169.64,2304,7.839999999999999,1012036,792.4,132.06666666666666,-15.0,37.0,0.7000000000000028
172,141.0,5.3,244.3,90.0,201.3,79,0.0,1005,48,34.6,4.8,1.0,2023,9,6,14,2,249,36,-0.4999999999999997,-0.8660254037844388,-1.0,-1.8369701987210297e-16,0.9749279121818236,-0.22252093395631434,3,1,0,82.0,97.0,58.0,78.0,28.0,29.0,83.66666666666667,12.583057392117938,97.0,72.0,68.0,19.38040247260099,97.0,45.0,59.916666666666664,21.368874277293504,97.0,29.0,44.875,24.78483494958703,97.0,15.0,34.2,32.7,28.8,48.0,61.0,84.0,2.8,2.8,0.66,1006.0,1007.0,1007.0,1660.8000000000002,48.0,34.6,0.0,0.7999911112098754,26.598754951895867,46.08564421807206,16.608,34.1,0.03442782643997369,1197.16,2304,1.0,1010025,753.9000000000001,125.65000000000002,-10.0,14.0,0.3999999999999986
191,136.2,5.7,240.7,107.5,193.7,70,0.0,1004,49,35.1,3.8,2.0,2023,9,6,15,2,249,36,-0.7071067811865471,-0.7071067811865479,-1.0,-1.8369701987210297e-16,0.9749279121818236,-0.22252093395631434,3,1,0,72.0,82.0,97.0,54.0,29.0,27.0,80.0,7.211102550928065,86.0,72.0,73.33333333333333,19.158983967493327,97.0,45.0,64.66666666666667,20.173489955128844,97.0,35.0,47.333333333333336,25.83840529920158,97.0,15.0,34.6,33.5,30.4,48.0,54.0,76.0,1.0,2.8,0.33,1005.0,1006.0,1007.0,1719.9,98.0,70.2,0.0,0.7999925582087608,23.890545518330114,42.22066304157165,17.199,34.1,0.034960124541708625,1232.01,2401,4.0,1008016,769.8,128.29999999999998,14.0,-11.0,0.5
152,131.3,6.0,237.0,71.3,186.0,62,0.0,1003,49,35.5,2.5,3.0,2023,9,6,16,2,249,36,-0.8660254037844385,-0.5000000000000004,-1.0,-1.8369701987210297e-16,0.9749279121818236,-0.22252093395631434,3,1,0,86.0,72.0,82.0,45.0,35.0,25.0,71.66666666666667,14.502873278538155,86.0,57.0,75.33333333333333,15.970806700560459,97.0,57.0,66.5,18.128330415025832,97.0,35.0,48.666666666666664,25.45869060922505,97.0,15.0,35.1,34.2,32.0,49.0,48.0,69.0,2.0,2.8,2.8,1004.0,1006.0,1007.0,1739.5,147.0,106.5,0.0,0.7994277780115285,21.879686718880187,39.49341776370605,17.395,34.0,0.0353937832564474,1260.25,2401,9.0,1006009,688.6,114.76666666666667,-29.0,-25.0,0.3999999999999986
155,215.0,14.3,206.0,73.8,201.0,45,0.0,1003,55,34.3,1.4,2.0,2023,9,6,17,2,249,36,-0.9659258262890683,-0.25881904510252063,-1.0,-1.8369701987210297e-16,0.9749279121818236,-0.22252093395631434,3,1,0,57.0,86.0,72.0,58.0,35.0,27.0,67.33333333333333,16.196707484341896,86.0,57.0,75.5,15.757537878742358,97.0,57.0,68.5,15.465504136037884,97.0,45.0,50.0,25.11019193734782,97.0,15.0,35.5,34.6,32.7,49.0,48.0,61.0,3.0,1.0,2.8,1003.0,1005.0,1007.0,1886.4999999999998,110.0,68.6,0.0,0.799447161962575,15.03391371232781,14.404587091811761,18.865,33.3,0.03419737368158157,1176.4899999999998,3025,4.0,1006009,769.1,128.18333333333334,2.0,-13.0,-1.2000000000000028
139,298.6,22.7,175.0,62.5,216.0,29,0.0,1004,61,33.2,1.4,1.0,2023,9,6,18,2,249,36,-1.0,-1.8369701987210297e-16,-1.0,-1.8369701987210297e-16,0.9749279121818236,-0.22252093395631434,3,2,0,59.0,57.0,86.0,97.0,59.0,29.0,55.333333333333336,4.72581562625317,59.0,50.0,67.66666666666667,14.569374271624206,86.0,50.0,67.75,16.17025889487424,97.0,45.0,50.875,24.709287991431307,97.0,15.0,34.3,35.1,33.5,55.0,49.0,54.0,2.0,2.0,2.8,1003.0,1004.0,1006.0,2025.2000000000003,61.0,33.2,0.0,0.7999872002047967,13.153605568036651,7.70891150169596,20.252000000000002,32.7,0.033067696147713,1102.2400000000002,3721,1.0,1008016,824.8,137.46666666666667,-9.0,-36.0,-1.0999999999999943
107,382.3,31.0,144.0,47.5,231.0,12,0.0,1004,68,32.0,0.0,2.0,2023,9,6,19,2,249,36,-0.9659258262890684,0.2588190451025203,-1.0,-1.8369701987210297e-16,0.9749279121818236,-0.22252093395631434,3,2,0,50.0,59.0,57.0,82.0,75.0,19.0,49.0,10.535653752853037,59.0,38.0,60.333333333333336,16.81269361722457,86.0,38.0,64.66666666666667,18.07727520363249,97.0,38.0,51.666666666666664,23.93590475064391,97.0,15.0,33.2,35.5,34.2,61.0,49.0,48.0,1.0,3.0,2.8,1004.0,1003.0,1006.0,2176.0,136.0,64.0,0.0,0.7999831582493001,12.331860262572174,4.645011451243508,21.76,31.0,0.03187247821466313,1024.0,4624,4.0,1008016,873.8,145.63333333333333,-12.0,-19.0,-1.2000000000000028
89,373.1,26.3,139.0,37.5,209.0,33,0.0,1005,70,30.7,0.0,0.33,2023,9,6,20,2,249,36,-0.8660254037844386,0.5000000000000001,-1.0,-1.8369701987210297e-16,0.9749279121818236,-0.22252093395631434,3,2,0,38.0,50.0,59.0,72.0,78.0,22.0,39.333333333333336,10.066445913694713,50.0,30.0,53.333333333333336,19.51068083554909,86.0,30.0,60.666666666666664,20.06051451045636,97.0,30.0,52.0,23.557515186011116,97.0,15.0,32.0,34.3,34.6,68.0,55.0,48.0,2.0,2.0,1.0,1004.0,1003.0,1005.0,2149.0,23.1,10.131,0.0,0.7999786672355405,14.185772404091098,5.284970153226113,21.49,30.535,0.03054723328633504,942.49,4900,0.10890000000000001,1010025,814.9000000000001,135.8166666666667,-8.0,-29.0,-1.3000000000000007
89,364.0,21.7,134.0,37.5,187.0,54,0.5,1006,72,29.5,0.0,0.66,2023,9,6,21,2,249,36,-0.7071067811865477,0.7071067811865474,-1.0,-1.8369701987210297e-16,0.9749279121818236,-0.22252093395631434,3,2,0,30.0,38.0,50.0,86.0,54.0,15.0,32.666666666666664,4.618802153517936,38.0,30.0,44.0,13.09961831505002,59.0,30.0,58.666666666666664,21.897834402404722,97.0,30.0,52.625,22.71718847423526,97.0,17.0,30.7,33.2,35.1,70.0,61.0,49.0,0.33,1.0,2.0,1005.0,1004.0,1004.0,2124.0,47.52,19.470000000000002,27.0,0.7999786672355405,16.773420579696786,6.174830652965301,21.24,29.17,0.02932402651687225,870.25,5184,0.43560000000000004,1012036,774.2,129.03333333333333,0.0,-20.0,-1.1999999999999993
89,354.8,17.0,129.0,37.5,165.0,75,0.5,1007,74,28.2,0.0,1.0,2023,9,6,22,2,249,36,-0.5000000000000004,0.8660254037844384,-1.0,-1.8369701987210297e-16,0.9749279121818236,-0.22252093395631434,3,3,0,30.0,30.0,38.0,57.0,45.0,17.0,30.0,0.0,30.0,30.0,39.5,12.357184145265173,59.0,30.0,57.416666666666664,23.14169135538427,97.0,30.0,53.166666666666664,21.973633739328584,97.0,17.0,29.5,32.0,35.5,72.0,68.0,49.0,0.66,2.0,3.0,1006.0,1004.0,1003.0,2086.7999999999997,74.0,28.2,37.5,0.7999786672355405,20.869360625845538,7.587788953590965,20.868,27.7,0.02800394438535811,795.24,5476,1.0,1014049,733.3,122.21666666666665,0.0,-8.0,-1.3000000000000007
72,344.3,16.7,118.0,27.5,161.3,79,0.25,1007,78,28.0,0.0,0.66,2023,9,6,23,2,249,36,-0.25881904510252157,0.9659258262890681,-1.0,-1.8369701987210297e-16,0.9749279121818236,-0.22252093395631434,3,3,0,30.0,30.0,30.0,59.0,58.0,17.0,27.333333333333332,4.618802153518018,30.0,22.0,33.333333333333336,9.605553948974434,50.0,22.0,54.416666666666664,25.292680699555866,97.0,22.0,53.375,21.63695007841139,97.0,22.0,28.2,30.7,34.3,74.0,70.0,55.0,1.0,0.33,2.0,1007.0,1005.0,1003.0,2184.0,51.480000000000004,18.48,19.75,0.7999709101487218,20.615532004071614,7.065445182923178,21.84,27.67,0.02780533485071018,784.0,6084,0.43560000000000004,1014049,689.8,114.96666666666665,-8.0,-8.0,-0.1999999999999993
69,333.8,16.3,107.0,26.3,157.7,83,0.0,1006,83,27.9,0.0,0.33,2023,9,7,0,3,250,36,0.0,1.0,-1.0,-1.8369701987210297e-16,0.43388373911755823,-0.900968867902419,3,3,0,22.0,30.0,30.0,50.0,97.0,78.0,24.333333333333332,4.932882862317239,30.0,21.0,28.5,6.252999280344646,38.0,21.0,48.083333333333336,23.07875187003789,86.0,21.0,51.0,21.9426128997797,97.0,21.0,28.0,29.5,33.2,78.0,72.0,61.0,0.66,0.66,1.0,1007.0,1006.0,1004.0,2315.7,27.39,9.207,0.0,0.79844872818524,20.47727133304705,6.564014477639408,23.156999999999996,27.735,0.027733570841380874,778.41,6889,0.10890000000000001,1012036,662.1,110.35000000000001,-1.0,-9.0,-0.10000000000000142
59,323.3,16.0,96.0,20.0,154.0,87,0.0,1006,88,27.7,0.0,1.2,2023,9,7,1,3,250,36,0.25881904510252074,0.9659258262890683,-1.0,-1.8369701987210297e-16,0.43388373911755823,-0.900968867902419,3,3,0,21.0,22.0,30.0,38.0,82.0,54.0,19.666666666666668,3.214550253665944,22.0,16.0,24.833333333333332,6.013872850888731,30.0,16.0,42.583333333333336,22.10494939778823,86.0,16.0,49.416666666666664,23.059312306701244,97.0,16.0,27.9,28.2,32.0,83.0,74.0,68.0,0.33,1.0,2.0,1006.0,1007.0,1004.0,2437.6,105.6,33.239999999999995,0.0,0.7999600019998999,20.20498718830073,5.999625023436034,24.375999999999998,27.099999999999998,0.027534763881944452,767.29,7744,1.44,1012036,625.3,104.21666666666665,-5.0,-14.0,-0.1999999999999993
107,319.2,16.3,89.0,47.5,163.0,84,0.0,1006,90,27.5,0.0,1.2,2023,9,7,2,3,250,36,0.49999999999999994,0.8660254037844387,-1.0,-1.8369701987210297e-16,0.43388373911755823,-0.900968867902419,3,3,0,16.0,21.0,22.0,30.0,72.0,28.0,25.0,11.532562594671216,38.0,16.0,26.166666666666668,7.960318251593765,38.0,16.0,39.75,20.077690015627468,86.0,16.0,49.833333333333336,22.743688406211803,97.0,16.0,27.7,28.0,30.7,88.0,78.0,70.0,1.2,0.66,0.33,1006.0,1007.0,1005.0,2475.0,108.0,33.0,0.0,0.7999831582493001,19.581620759462606,5.459787743083246,24.75,26.9,0.02733595692250803,756.25,8100,1.44,1012036,673.0,112.16666666666667,22.0,16.0,-0.1999999999999993
104,315.1,16.7,82.0,46.3,172.0,81,0.0,1006,91,27.3,0.0,1.6,2023,9,7,3,3,250,36,0.7071067811865476,0.7071067811865476,-1.0,-1.8369701987210297e-16,0.43388373911755823,-0.900968867902419,3,3,0,38.0,16.0,21.0,30.0,86.0,29.0,30.333333333333332,12.423096769056508,38.0,16.0,27.333333333333332,9.070097390141797,38.0,16.0,35.666666666666664,13.825755500207078,59.0,16.0,50.166666666666664,22.48219907754425,97.0,16.0,27.5,27.9,29.5,90.0,83.0,72.0,1.2,0.33,0.66,1006.0,1006.0,1006.0,2484.3,145.6,43.68000000000001,0.0,0.799118809528952,18.86713370456859,4.909885635590683,24.843000000000004,26.5,0.027137149963071608,745.2900000000001,8281,2.5600000000000005,1012036,669.1,111.51666666666667,-1.0,16.0,-0.1999999999999993
137,311.1,17.0,75.0,61.3,181.0,78,0.0,1005,92,27.1,0.0,1.6,2023,9,7,4,3,250,36,0.8660254037844386,0.5000000000000001,-1.0,-1.8369701987210297e-16,0.43388373911755823,-0.900968867902419,3,3,0,37.0,38.0,16.0,30.0,57.0,35.0,41.333333333333336,6.658328118479947,49.0,37.0,30.5,12.755391017134324,49.0,16.0,35.0,12.862913567871653,59.0,16.0,50.75,22.252015052867833,97.0,16.0,27.3,27.7,28.2,91.0,88.0,74.0,1.6,1.2,1.0,1006.0,1006.0,1007.0,2493.2000000000003,147.20000000000002,43.36000000000001,0.0,0.7993344317384709,18.29892359272984,4.411505205576142,24.932000000000002,26.3,0.0269651472983609,734.4100000000001,8464,2.5600000000000005,1010025,694.4000000000001,115.73333333333335,12.0,33.0,-0.1999999999999993
148,310.9,18.0,70.7,66.3,171.7,75,0.0,1006,91,27.1,0.0,1.6,2023,9,7,5,3,250,36,0.9659258262890683,0.25881904510252074,-1.0,-1.8369701987210297e-16,0.43388373911755823,-0.900968867902419,3,3,0,49.0,37.0,38.0,22.0,59.0,35.0,46.333333333333336,8.326663997864932,53.0,37.0,35.666666666666664,14.746751054610593,53.0,16.0,34.5,11.927813180659669,53.0,16.0,51.5,22.00000000000031,97.0,16.0,27.1,27.5,28.0,92.0,90.0,78.0,1.6,1.2,0.66,1005.0,1006.0,1007.0,2466.1,145.6,43.36000000000001,0.0,0.7993846246662946,17.27126270762735,3.927559580023332,24.660999999999998,26.3,0.026938343003635186,734.4100000000001,8281,2.5600000000000005,1012036,690.5999999999999,115.09999999999998,4.0,15.0,0.0
72,310.7,19.0,66.3,27.5,162.3,71,0.0,1006,90,27.2,1.0,1.6,2023,9,7,6,3,250,36,1.0,6.123233995736766e-17,-1.0,-1.8369701987210297e-16,0.43388373911755823,-0.900968867902419,3,0,0,53.0,49.0,37.0,21.0,50.0,59.0,41.333333333333336,16.86218649325587,53.0,22.0,35.833333333333336,14.552204873030709,53.0,16.0,32.166666666666664,11.344468682885118,53.0,16.0,49.958333333333336,22.73568190937036,97.0,16.0,27.1,27.3,27.9,91.0,91.0,83.0,1.6,1.6,0.33,1006.0,1006.0,1006.0,2448.0,144.0,43.52,0.0,0.7999709101487218,16.351770959423188,3.489290037366454,24.48,26.4,0.027037746483353397,739.8399999999999,8100,2.5600000000000005,1012036,607.8,101.3,-31.0,-15.0,0.09999999999999787
56,310.5,20.0,62.0,18.8,153.0,68,0.0,1007,89,27.2,1.2,2.4,2023,9,7,7,3,250,36,0.9659258262890683,-0.25881904510252063,-1.0,-1.8369701987210297e-16,0.43388373911755823,-0.900968867902419,3,0,0,22.0,53.0,49.0,16.0,38.0,75.0,30.0,20.223748416156905,53.0,15.0,35.666666666666664,14.827901627224893,53.0,15.0,30.25,12.181394158155927,53.0,15.0,47.458333333333336,23.15726792976723,97.0,15.0,27.2,27.1,27.7,90.0,92.0,88.0,1.6,1.6,1.2,1006.0,1005.0,1006.0,2420.7999999999997,213.6,65.28,0.0,0.7978299026647518,15.52422378881056,3.0998450077496122,24.208,26.0,0.027010896712118457,739.8399999999999,7921,5.76,1014049,579.3,96.55,-7.0,-34.0,0.0
100,268.8,16.3,102.0,43.8,163.3,65,0.0,1007,81,29.0,1.6,1.0,2023,9,7,8,3,250,36,0.8660254037844387,-0.4999999999999998,-1.0,-1.8369701987210297e-16,0.43388373911755823,-0.900968867902419,3,0,0,15.0,22.0,53.0,38.0,30.0,78.0,24.0,10.148891565092702,35.0,15.0,35.166666666666664,14.784000360750083,53.0,15.0,30.666666666666668,12.25734164663839,53.0,15.0,45.666666666666664,22.340578534929946,97.0,15.0,27.2,27.1,27.5,89.0,91.0,90.0,2.4,1.6,1.2,1007.0,1006.0,1006.0,2349.0,81.0,29.0,0.0,0.7990685144174792,16.489785902705353,6.257284829151585,23.49,28.5,0.02879838252394983,841.0,6561,1.0,1014049,629.2,104.86666666666667,20.0,-18.0,1.8000000000000007
87,227.2,12.7,142.0,36.3,173.7,62,0.0,1007,74,30.7,2.9,2.0,2023,9,7,9,3,250,36,0.7071067811865476,-0.7071067811865475,-1.0,-1.8369701987210297e-16,0.43388373911755823,-0.900968867902419,3,0,0,35.0,15.0,22.0,37.0,30.0,54.0,26.333333333333332,10.26320287889423,35.0,15.0,33.833333333333336,14.94545638870417,53.0,15.0,30.583333333333332,12.265682602161258,53.0,15.0,44.625,22.517263908233907,97.0,15.0,29.0,27.2,27.3,81.0,90.0,91.0,1.0,1.6,1.6,1007.0,1006.0,1006.0,2271.7999999999997,148.0,61.4,0.0,0.798876064020275,17.8883552476183,11.180222029761437,22.717999999999996,29.7,0.03048656356845723,942.49,5476,4.0,1014049,620.9,103.48333333333333,-6.0,7.0,1.6999999999999993
107,185.6,9.0,182.0,41.3,184.0,59,0.0,1007,68,32.5,3.9,3.0,2023,9,7,10,3,250,36,0.49999999999999994,-0.8660254037844387,-1.0,-1.8369701987210297e-16,0.43388373911755823,-0.900968867902419,3,0,0,29.0,35.0,15.0,49.0,30.0,45.0,32.333333333333336,3.055050463305302,35.0,29.0,31.166666666666668,12.998717885493852,53.0,15.0,30.833333333333332,12.283272686005937,53.0,15.0,44.125,22.64146350316664,97.0,15.0,30.7,27.2,27.1,74.0,89.0,92.0,2.0,2.4,1.6,1007.0,1007.0,1005.0,2210.0,204.0,97.5,0.0,0.7990121304568898,20.619931118764583,20.219975558271305,22.1,31.0,0.0322740493802886,1056.25,4624,9.0,1014049,634.9000000000001,105.81666666666668,4.0,18.0,1.8000000000000007
111,170.4,7.3,197.0,46.3,177.0,56,0.0,1006,62,33.5,4.1,2.33,2023,9,7,11,3,250,36,0.258819045102521,-0.9659258262890682,-1.0,-1.8369701987210297e-16,0.43388373911755823,-0.900968867902419,3,0,0,33.0,29.0,35.0,53.0,22.0,58.0,33.0,4.000000000001066,37.0,29.0,28.5,8.479386770279476,37.0,15.0,32.083333333333336,12.063908105911214,53.0,15.0,43.25,22.487194423571108,97.0,15.0,32.5,29.0,27.1,68.0,81.0,91.0,3.0,1.0,1.6,1007.0,1007.0,1006.0,2077.0,144.46,78.055,0.0,0.799118809528952,23.339268593343377,26.982605122585948,20.77,32.335,0.03330016570560069,1122.25,3844,5.4289000000000005,1012036,635.0,105.83333333333333,4.0,2.0,1.0
115,155.2,5.7,212.0,40.0,170.0,53,0.0,1005,57,34.5,4.7,1.66,2023,9,7,12,3,250,36,1.2246467991473532e-16,-1.0,-1.0,-1.8369701987210297e-16,0.43388373911755823,-0.900968867902419,3,1,0,37.0,33.0,29.0,22.0,21.0,97.0,34.0,2.645751311066178,37.0,32.0,30.166666666666668,7.9099093968678025,37.0,15.0,33.0,11.552252830272407,53.0,15.0,40.541666666666664,19.43993909157294,86.0,15.0,33.5,30.7,27.2,62.0,74.0,90.0,2.33,2.0,1.6,1006.0,1007.0,1006.0,1966.5,94.61999999999999,57.269999999999996,0.0,0.7999800004999875,27.223294158919483,37.18645851604981,19.665,33.67,0.034328324051418856,1190.25,3249,2.7556,1010025,614.9,102.48333333333333,-5.0,3.0,1.0
120,140.1,4.0,227.0,48.8,163.0,50,0.0,1005,52,35.5,5.4,1.0,2023,9,7,13,3,250,36,-0.2588190451025208,-0.9659258262890683,-1.0,-1.8369701987210297e-16,0.43388373911755823,-0.900968867902419,3,1,0,32.0,37.0,33.0,15.0,16.0,82.0,36.0,3.6055512754651184,39.0,32.0,34.166666666666664,3.60092580688055,39.0,29.0,34.916666666666664,10.317314073777187,53.0,15.0,38.75,17.318625309437884,86.0,15.0,34.5,32.5,27.2,57.0,68.0,89.0,1.66,3.0,2.4,1005.0,1007.0,1007.0,1846.0,52.0,35.5,0.0,0.7991639515583698,35.01624593851537,56.7358160459885,18.46,35.0,0.03532334793696723,1260.25,2704,1.0,1010025,621.9000000000001,103.65000000000002,7.0,6.0,1.0
180,138.5,5.0,222.7,97.5,157.7,50,0.0,1004,51,35.7,3.2,1.0,2023,9,7,14,3,250,36,-0.4999999999999997,-0.8660254037844388,-1.0,-1.8369701987210297e-16,0.43388373911755823,-0.900968867902419,3,1,0,39.0,32.0,37.0,35.0,38.0,72.0,49.666666666666664,24.785748593361866,78.0,32.0,41.333333333333336,18.315749142927782,78.0,29.0,38.25,16.192731253699485,78.0,15.0,39.0,17.854484274144106,86.0,15.0,35.5,33.5,29.0,52.0,62.0,81.0,1.0,2.33,1.0,1005.0,1006.0,1007.0,1820.7,51.0,35.7,0.0,0.7999917949559491,27.69446110777844,44.53109378124375,18.207,35.2,0.03555773350823356,1274.4900000000002,2601,1.0,1008016,699.4000000000001,116.56666666666668,39.0,41.0,0.20000000000000284
177,137.0,6.0,218.3,95.0,152.3,50,0.0,1003,49,36.0,2.7,1.0,2023,9,7,15,3,250,36,-0.7071067811865471,-0.7071067811865479,-1.0,-1.8369701987210297e-16,0.43388373911755823,-0.900968867902419,3,1,0,78.0,39.0,32.0,29.0,37.0,86.0,64.33333333333333,21.962088546705615,78.0,39.0,49.166666666666664,21.720190299964255,78.0,32.0,41.5,19.4959203191565,78.0,15.0,38.583333333333336,16.795228791086302,78.0,15.0,35.7,34.5,30.7,51.0,57.0,74.0,1.0,1.66,2.0,1004.0,1005.0,1007.0,1764.0,49.0,36.0,0.0,0.7999915790360101,22.829528411931342,36.37727045492418,17.64,35.5,0.03589228724597483,1296.0,2401,1.0,1006009,684.5999999999999,114.09999999999998,-2.0,44.0,0.29999999999999716
157,135.4,7.0,214.0,76.3,147.0,50,0.0,1002,48,36.2,1.6,1.0,2023,9,7,16,3,250,36,-0.8660254037844385,-0.5000000000000004,-1.0,-1.8369701987210297e-16,0.43388373911755823,-0.900968867902419,3,1,0,76.0,78.0,39.0,33.0,49.0,57.0,71.66666666666667,9.291573243177774,78.0,61.0,53.833333333333336,20.527217703981762,78.0,32.0,42.5,20.21025842127051,78.0,15.0,38.75,17.00447511430595,78.0,15.0,36.0,35.5,32.5,49.0,52.0,68.0,1.0,1.0,3.0,1003.0,1005.0,1007.0,1737.6000000000001,48.0,36.2,0.0,0.7994652756844602,19.340094272246823,30.567061848307382,17.376,35.7,0.03612770845538079,1310.4400000000003,2304,1.0,1004004,640.7,106.78333333333335,-15.0,22.0,0.20000000000000284
160,180.3,11.7,187.7,78.8,150.3,55,0.0,1003,52,35.2,0.9,1.33,2023,9,7,17,3,250,36,-0.9659258262890683,-0.25881904510252063,-1.0,-1.8369701987210297e-16,0.43388373911755823,-0.900968867902419,3,1,0,61.0,76.0,78.0,37.0,53.0,59.0,66.66666666666667,8.144527815247343,76.0,61.0,58.166666666666664,18.946415668053504,78.0,32.0,43.333333333333336,20.877710312167324,78.0,15.0,38.916666666666664,17.22969294098379,78.0,15.0,36.2,35.7,33.5,48.0,51.0,62.0,1.0,1.0,2.33,1002.0,1004.0,1006.0,1830.4,69.16,46.81600000000001,0.0,0.7994822400730955,15.408939406888303,16.041363985984106,18.304000000000002,34.535000000000004,0.035094680862730945,1239.0400000000002,2704,1.7689000000000001,1006009,671.8,111.96666666666665,2.0,-15.0,-1.0
163,225.3,16.3,161.3,81.3,153.7,61,0.0,1003,57,34.1,0.8,1.66,2023,9,7,18,3,250,36,-1.0,-1.8369701987210297e-16,-1.0,-1.8369701987210297e-16,0.43388373911755823,-0.900968867902419,3,2,0,63.0,61.0,76.0,32.0,22.0,50.0,63.0,2.000000000001175,65.0,61.0,63.666666666666664,13.966626889362534,78.0,39.0,46.916666666666664,20.57119934335944,78.0,15.0,39.541666666666664,17.907926752690198,78.0,15.0,35.2,36.0,34.5,52.0,49.0,57.0,1.33,1.0,1.66,1003.0,1003.0,1005.0,1943.7,94.61999999999999,56.606,0.0,0.7994981611542293,13.821237960861296,9.895098460217165,19.437,33.27,0.03399797208577061,1162.8100000000002,3249,2.7556,1006009,702.9000000000001,117.15000000000002,2.0,-11.0,-1.1000000000000014
160,270.2,21.0,135.0,78.8,157.0,66,0.0,1004,63,33.1,0.0,2.0,2023,9,7,19,3,250,36,-0.9659258262890684,0.2588190451025203,-1.0,-1.8369701987210297e-16,0.43388373911755823,-0.900968867902419,3,2,0,65.0,63.0,61.0,39.0,15.0,38.0,63.666666666666664,1.154700538381256,65.0,63.0,67.66666666666667,7.366591251499263,78.0,61.0,50.916666666666664,18.347446358520216,78.0,29.0,40.583333333333336,18.530624867257508,78.0,15.0,34.1,36.2,35.5,57.0,48.0,52.0,1.66,1.0,1.0,1003.0,1002.0,1005.0,2085.3,126.0,66.2,0.0,0.7994822400730955,12.866053997428693,6.428265320699014,20.853,32.1,0.03296809465329218,1095.6100000000001,3969,4.0,1008016,725.0,120.83333333333333,-2.0,2.0,-1.0
145,275.3,19.0,129.0,65.0,148.0,72,0.0,1005,69,32.1,0.0,2.33,2023,9,7,20,3,250,36,-0.8660254037844386,0.5000000000000001,-1.0,-1.8369701987210297e-16,0.43388373911755823,-0.900968867902419,3,2,0,63.0,65.0,63.0,78.0,35.0,30.0,60.0,7.00000000000036,65.0,52.0,63.333333333333336,7.711463328491193,76.0,52.0,52.333333333333336,17.64979182639671,78.0,29.0,41.5,18.528473974563994,78.0,15.0,33.1,35.2,35.7,63.0,52.0,51.0,2.0,1.33,1.0,1004.0,1003.0,1004.0,2214.9,160.77,74.793,0.0,0.7999876924970385,14.488711120467343,6.7891163622967206,22.149,30.935000000000002,0.03194026672610276,1030.41,4761,5.4289000000000005,1010025,688.3,114.71666666666665,-11.0,-11.0,-1.0
110,280.3,17.0,123.0,48.8,139.0,77,0.0,1005,75,31.0,0.0,2.66,2023,9,7,21,3,250,36,-0.7071067811865477,0.7071067811865474,-1.0,-1.8369701987210297e-16,0.43388373911755823,-0.900968867902419,3,2,0,52.0,63.0,65.0,76.0,29.0,30.0,51.333333333333336,12.013880860626983,63.0,39.0,57.166666666666664,10.008329864001437,65.0,39.0,53.166666666666664,16.656057229255396,78.0,32.0,41.875,18.376053652133677,78.0,15.0,32.1,34.1,36.0,69.0,57.0,49.0,2.33,1.66,1.0,1005.0,1003.0,1003.0,2325.0,199.5,82.46000000000001,0.0,0.7991639515583698,16.487265454973237,7.234868537144873,23.25,29.67,0.030845740451999552,961.0,5625,7.0756000000000006,1010025,647.1,107.85000000000001,-13.0,-26.0,-1.1000000000000014
100,285.4,15.0,117.0,43.8,130.0,83,0.0,1006,83,30.0,0.0,3.0,2023,9,7,22,3,250,36,-0.5000000000000004,0.8660254037844384,-1.0,-1.8369701987210297e-16,0.43388373911755823,-0.900968867902419,3,3,0,39.0,52.0,63.0,61.0,33.0,30.0,42.0,8.888194417315985,52.0,35.0,52.833333333333336,13.151679233720005,65.0,35.0,53.333333333333336,16.444580944014078,78.0,32.0,42.083333333333336,18.26356950364581,78.0,15.0,31.0,33.1,36.2,75.0,63.0,48.0,2.66,2.0,1.0,1005.0,1004.0,1002.0,2490.0,249.0,90.0,0.0,0.7990685144174792,19.025398306779547,7.799480034664356,24.9,28.5,0.029821043915463304,900.0,6889,9.0,1012036,626.2,104.36666666666667,-4.0,-28.0,-1.0
98,287.5,15.3,106.3,42.5,133.7,88,0.75,1006,85,28.8,0.0,2.66,2023,9,7,23,3,250,36,-0.25881904510252157,0.9659258262890681,-1.0,-1.8369701987210297e-16,0.43388373911755823,-0.900968867902419,3,3,0,35.0,39.0,52.0,63.0,37.0,22.0,36.0,2.645751311066048,39.0,34.0,48.0,13.971399357258178,65.0,34.0,53.083333333333336,16.735690405039218,78.0,32.0,42.583333333333336,17.84941033410827,78.0,15.0,30.0,32.1,35.2,83.0,69.0,52.0,3.0,2.33,1.33,1006.0,1005.0,1003.0,2448.0,226.10000000000002,76.608,66.0,0.7999811769134845,18.78962159335991,6.947258349127508,24.48,27.47,0.028628202158844773,829.44,7225,7.0756000000000006,1012036,619.3,103.21666666666665,-1.0,-18.0,-1.1999999999999993
98,289.7,15.7,95.7,42.5,137.3,94,1.75,1006,88,27.7,0.0,2.33,2023,9,8,0,4,251,36,0.0,1.0,-1.0,-1.8369701987210297e-16,-0.433883739117558,-0.9009688679024191,3,3,0,34.0,35.0,39.0,65.0,32.0,21.0,34.333333333333336,0.5773502691964648,35.0,34.0,42.833333333333336,12.023587928179328,63.0,34.0,53.25,16.515144564913392,78.0,34.0,43.125,17.356398394177305,78.0,15.0,28.8,31.0,34.1,85.0,75.0,57.0,2.66,2.66,1.66,1006.0,1005.0,1003.0,2437.6,205.04000000000002,64.541,164.5,0.7999811769134845,18.45105407298898,6.09515317495701,24.375999999999998,26.535,0.027534763881944452,767.29,7744,5.4289000000000005,1012036,614.9,102.48333333333333,0.0,-5.0,-1.1000000000000014
98,291.8,16.0,85.0,42.5,141.0,100,3.0,1006,92,26.5,0.0,2.0,2023,9,8,1,4,251,36,0.25881904510252074,0.9659258262890683,-1.0,-1.8369701987210297e-16,-0.433883739117558,-0.9009688679024191,3,3,0,34.0,34.0,35.0,63.0,39.0,16.0,34.0,0.0,34.0,34.0,38.0,7.1274118724816145,52.0,34.0,52.833333333333336,16.964311916133447,78.0,34.0,43.875,16.501152792404245,78.0,15.0,27.7,30.0,33.1,88.0,83.0,63.0,2.33,3.0,2.0,1006.0,1006.0,1004.0,2438.0,184.0,53.0,300.0,0.7999811769134845,18.236360227485783,5.312167989500656,24.38,25.5,0.02634192212532592,702.25,8464,4.0,1012036,610.3,101.71666666666665,0.0,-1.0,-1.1999999999999993
126,286.5,16.7,76.3,56.3,143.3,100,2.5,1006,92,26.3,0.0,2.0,2023,9,8,2,4,251,36,0.49999999999999994,0.8660254037844387,-1.0,-1.8369701987210297e-16,-0.433883739117558,-0.9009688679024191,3,3,0,34.0,34.0,34.0,52.0,78.0,38.0,37.666666666666664,6.350852961086474,45.0,34.0,36.833333333333336,4.445971959724697,45.0,34.0,50.083333333333336,15.084358746326195,76.0,34.0,44.166666666666664,16.454592768841636,78.0,15.0,26.5,28.8,32.1,92.0,85.0,69.0,2.0,2.66,2.33,1006.0,1006.0,1005.0,2419.6,184.0,52.6,250.0,0.7992753237065062,17.154661397521107,4.568588707263038,24.195999999999998,25.3,0.026143115165889498,691.69,8464,4.0,1012036,624.1,104.01666666666667,11.0,11.0,-0.1999999999999993
163,281.3,17.3,67.7,81.3,145.7,100,1.25,1006,93,26.2,0.0,2.0,2023,9,8,3,4,251,36,0.7071067811865476,0.7071067811865476,-1.0,-1.8369701987210297e-16,-0.433883739117558,-0.9009688679024191,3,3,0,45.0,34.0,34.0,39.0,76.0,37.0,48.0,15.716233645501914,65.0,34.0,41.166666666666664,12.448560827126132,65.0,34.0,49.166666666666664,13.630402737552096,65.0,34.0,45.333333333333336,16.91067752908688,78.0,15.0,26.3,27.7,31.0,92.0,88.0,75.0,2.0,2.33,2.66,1006.0,1006.0,1005.0,2436.6,186.0,52.4,125.0,0.7994981611542293,16.259175770186694,3.913068608750939,24.366,25.2,0.026043711686171287,686.4399999999999,8649,4.0,1012036,658.3,109.71666666666665,20.0,31.0,-0.10000000000000142
183,276.0,18.0,59.0,100.0,148.0,100,0.75,1006,94,26.0,0.0,2.0,2023,9,8,4,4,251,36,0.8660254037844386,0.5000000000000001,-1.0,-1.8369701987210297e-16,-0.433883739117558,-0.9009688679024191,3,3,0,65.0,45.0,34.0,35.0,61.0,49.0,63.333333333333336,17.559422921421362,80.0,45.0,48.666666666666664,19.531171666509437,80.0,34.0,50.75,16.02342035896171,80.0,34.0,46.625,18.32748589224517,80.0,15.0,26.2,26.5,30.0,93.0,92.0,83.0,2.0,2.0,3.0,1006.0,1006.0,1006.0,2444.0,188.0,52.0,75.0,0.7999920000799992,15.332481528803955,3.2775956891283817,24.44,25.0,0.025844904726734865,676.0,8836,4.0,1012036,681.0,113.5,15.0,46.0,-0.1999999999999993
181,285.0,19.7,54.0,98.8,141.0,100,0.25,1006,94,26.0,0.0,2.0,2023,9,8,5,4,251,36,0.9659258262890683,0.25881904510252074,-1.0,-1.8369701987210297e-16,-0.433883739117558,-0.9009688679024191,3,3,0,80.0,65.0,45.0,34.0,63.0,53.0,74.66666666666667,8.386497083606285,80.0,65.0,56.166666666666664,21.32994764800567,80.0,34.0,52.083333333333336,17.71213417320695,80.0,34.0,47.708333333333336,19.454471189815823,80.0,15.0,26.0,26.3,28.8,94.0,92.0,85.0,2.0,2.0,2.66,1006.0,1006.0,1006.0,2444.0,188.0,52.0,25.0,0.7995870487140818,14.466270747677783,2.7409776153494745,24.44,25.0,0.025844904726734865,676.0,8836,4.0,1012036,677.5,112.91666666666667,-1.0,34.0,0.0
168,293.9,21.3,49.0,86.3,134.0,100,0.0,1007,94,26.0,0.6,2.0,2023,9,8,6,4,251,36,1.0,6.123233995736766e-17,-1.0,-1.8369701987210297e-16,-0.433883739117558,-0.9009688679024191,3,0,0,79.0,80.0,65.0,34.0,65.0,22.0,76.0,6.082762530298489,80.0,69.0,62.0,18.67618804788593,80.0,34.0,52.416666666666664,18.012411545846884,80.0,34.0,49.666666666666664,19.11672763216371,80.0,15.0,26.0,26.2,27.7,94.0,93.0,88.0,2.0,2.0,2.33,1006.0,1006.0,1006.0,2444.0,188.0,52.0,0.0,0.7995272360691069,13.79747429698136,2.300361485376273,24.44,25.0,0.02581923950423088,676.0,8836,4.0,1014049,653.5,108.91666666666667,-10.0,4.0,0.0
173,302.9,23.0,44.0,91.3,127.0,100,0.0,1007,94,26.0,0.7,2.0,2023,9,8,7,4,251,36,0.9659258262890683,-0.25881904510252063,-1.0,-1.8369701987210297e-16,-0.433883739117558,-0.9009688679024191,3,0,0,69.0,79.0,80.0,34.0,63.0,15.0,73.66666666666667,5.03322295684752,79.0,69.0,68.5,12.864680330268556,80.0,45.0,53.25,18.762268713370343,80.0,34.0,52.083333333333336,18.187230749040783,80.0,29.0,26.0,26.0,26.5,94.0,94.0,92.0,2.0,2.0,2.0,1007.0,1006.0,1006.0,2444.0,188.0,52.0,0.0,0.7995531264717801,13.168992652493369,1.9129603060736489,24.44,25.0,0.02581923950423088,676.0,8836,4.0,1014049,661.2,110.2,4.0,-7.0,0.0
76,260.1,18.3,85.0,30.0,131.0,91,0.0,1007,90,26.8,1.3,2.0,2023,9,8,8,4,251,36,0.8660254037844387,-0.4999999999999998,-1.0,-1.8369701987210297e-16,-0.433883739117558,-0.9009688679024191,3,0,0,73.0,69.0,79.0,45.0,52.0,35.0,55.333333333333336,27.209067116190127,73.0,24.0,65.0,20.89018908483114,80.0,24.0,50.916666666666664,20.584452797431503,80.0,24.0,51.625,18.765862855079856,80.0,24.0,26.0,26.0,26.3,94.0,94.0,92.0,2.0,2.0,2.0,1007.0,1006.0,1006.0,2412.0,180.0,53.6,0.0,0.7999733342221925,14.212338123599803,4.644554942352876,24.12,25.8,0.0266136776428226,718.24,8100,4.0,1014049,548.4000000000001,91.40000000000002,-49.0,-55.0,0.8000000000000007
61,217.3,13.7,126.0,21.3,135.0,83,0.0,1007,87,27.7,2.4,2.0,2023,9,8,9,4,251,36,0.7071067811865476,-0.7071067811865475,-1.0,-1.8369701987210297e-16,-0.433883739117558,-0.9009688679024191,3,0,0,24.0,73.0,69.0,65.0,39.0,29.0,38.0,30.51229260478484,73.0,17.0,57.0,28.642625577973753,80.0,17.0,49.083333333333336,22.62122226957876,80.0,17.0,51.125,19.538840916181275,80.0,17.0,26.8,26.0,26.2,90.0,94.0,93.0,2.0,2.0,2.0,1007.0,1007.0,1006.0,2409.9,174.0,55.4,0.0,0.7980845969672785,15.860156192978616,9.196409021239326,24.099,26.7,0.02750742054873828,767.29,7569,4.0,1014049,530.3,88.38333333333333,-7.0,-52.0,0.8999999999999986
102,174.5,9.0,167.0,30.0,139.0,75,0.0,1007,83,28.5,3.1,2.0,2023,9,8,10,4,251,36,0.49999999999999994,-0.8660254037844387,-1.0,-1.8369701987210297e-16,-0.433883739117558,-0.9009688679024191,3,0,0,17.0,24.0,73.0,80.0,35.0,33.0,21.666666666666668,4.0414518843285325,24.0,17.0,47.666666666666664,28.772672219775853,79.0,17.0,48.166666666666664,23.451432727440896,80.0,17.0,50.75,19.98314507169817,80.0,17.0,27.7,26.0,26.0,87.0,94.0,94.0,2.0,2.0,2.0,1007.0,1007.0,1006.0,2365.5,166.0,57.0,0.0,0.7999733342221925,19.38673480724364,18.55349405621598,23.655,27.5,0.028301858687330005,812.25,6889,4.0,1014049,543.5,90.58333333333333,7.0,-49.0,0.8000000000000007
106,159.9,7.3,180.7,33.8,129.3,70,0.0,1006,74,30.1,4.1,2.0,2023,9,8,11,4,251,36,0.258819045102521,-0.9659258262890682,-1.0,-1.8369701987210297e-16,-0.433883739117558,-0.9009688679024191,3,0,0,24.0,17.0,24.0,79.0,34.0,37.0,22.666666666666668,5.13160143944778,27.0,17.0,39.0,25.035974117257606,73.0,17.0,47.583333333333336,23.91826359360818,80.0,17.0,50.333333333333336,20.38257283471181,80.0,17.0,28.5,26.8,26.0,83.0,90.0,94.0,2.0,2.0,2.0,1007.0,1007.0,1006.0,2227.4,148.0,60.2,0.0,0.7987929351202628,21.901109437063415,24.75003424188467,22.274,29.1,0.02992044739518152,906.0100000000001,5476,4.0,1012036,538.0,89.66666666666667,3.0,3.0,1.6000000000000014
110,145.3,5.7,194.3,23.8,119.7,66,0.0,1005,67,31.6,4.7,2.0,2023,9,8,12,4,251,36,1.2246467991473532e-16,-1.0,-1.0,-1.8369701987210297e-16,-0.433883739117558,-0.9009688679024191,3,1,0,27.0,24.0,17.0,69.0,34.0,32.0,23.333333333333332,4.041451884328509,27.0,19.0,30.666666666666668,21.05864826304523,73.0,17.0,46.333333333333336,25.057509610469616,80.0,17.0,49.791666666666664,21.052685807520085,80.0,17.0,30.1,27.7,26.0,74.0,87.0,94.0,2.0,2.0,2.0,1006.0,1007.0,1007.0,2117.2000000000003,134.0,63.2,0.0,0.7982857863114995,25.486756709349237,34.08174004560603,21.172000000000004,30.6,0.03144275478332858,998.5600000000001,4489,4.0,1010025,507.8,84.63333333333334,-8.0,2.0,1.5
114,130.7,4.0,208.0,37.5,110.0,62,0.0,1005,60,33.2,4.0,2.0,2023,9,8,13,4,251,36,-0.2588190451025208,-0.9659258262890683,-1.0,-1.8369701987210297e-16,-0.433883739117558,-0.9009688679024191,3,1,0,19.0,27.0,24.0,73.0,34.0,39.0,25.333333333333332,5.686240703078109,30.0,19.0,23.5,4.847679857415279,30.0,17.0,46.0,25.26226074962032,80.0,17.0,49.416666666666664,21.33157827925703,80.0,17.0,31.6,28.5,26.0,67.0,83.0,94.0,2.0,2.0,2.0,1005.0,1007.0,1007.0,1992.0000000000002,120.0,66.4,0.0,0.7999786672355405,32.66683329167707,51.9870032491877,19.92,32.2,0.033034793000205974,1102.2400000000002,3600,4.0,1010025,520.2,86.7,11.0,6.0,1.6000000000000014
109,131.7,5.3,191.3,36.3,98.0,62,0.5,1004,58,33.4,3.5,2.33,2023,9,8,14,4,251,36,-0.4999999999999997,-0.8660254037844388,-1.0,-1.8369701987210297e-16,-0.433883739117558,-0.9009688679024191,3,1,0,30.0,19.0,27.0,24.0,45.0,78.0,26.0,6.082762530298944,30.0,19.0,24.333333333333332,5.3541261347354006,30.0,17.0,44.666666666666664,25.737603665147848,80.0,17.0,47.375,20.81557213910471,80.0,17.0,33.2,30.1,26.8,60.0,74.0,90.0,2.0,2.0,2.0,1005.0,1006.0,1007.0,1937.1999999999998,135.14000000000001,77.822,31.0,0.798876064020275,24.844368986983586,36.08753065459347,19.372,32.235,0.033266899136554645,1115.56,3364,5.4289000000000005,1008016,491.6,81.93333333333334,-1.0,2.0,0.19999999999999574
104,132.7,6.7,174.7,40.0,86.0,62,0.0,1003,56,33.5,2.1,2.66,2023,9,8,15,4,251,36,-0.7071067811865471,-0.7071067811865479,-1.0,-1.8369701987210297e-16,-0.433883739117558,-0.9009688679024191,3,1,0,29.0,30.0,19.0,17.0,65.0,76.0,30.333333333333332,1.5275252316546692,32.0,29.0,26.833333333333332,4.708148963940831,32.0,19.0,41.916666666666664,25.123181375459442,80.0,17.0,45.541666666666664,20.110518914600462,80.0,17.0,33.4,31.6,27.7,58.0,67.0,87.0,2.33,2.0,2.0,1004.0,1005.0,1007.0,1876.0,148.96,89.11,0.0,0.7999800004999875,19.803014475451423,26.070735711087895,18.76,32.17,0.03339976729833769,1122.25,3136,7.0756000000000006,1006009,472.09999999999997,78.68333333333332,3.0,13.0,0.10000000000000142
98,133.6,8.0,158.0,36.3,74.0,62,0.5,1003,55,33.7,1.3,3.0,2023,9,8,16,4,251,36,-0.8660254037844385,-0.5000000000000004,-1.0,-1.8369701987210297e-16,-0.433883739117558,-0.9009688679024191,3,1,0,32.0,29.0,30.0,24.0,80.0,61.0,30.0,1.7320508075712897,32.0,29.0,27.666666666666668,4.546060565660919,32.0,19.0,37.666666666666664,22.243827880737367,79.0,17.0,44.208333333333336,20.10186918989241,80.0,17.0,33.5,33.2,28.5,56.0,60.0,83.0,2.66,2.0,2.0,1003.0,1005.0,1007.0,1853.5000000000002,165.0,101.10000000000001,31.0,0.798876064020275,16.697912760904888,19.74753155855518,18.535000000000004,32.2,0.033599168894148664,1135.6900000000003,3025,9.0,1006009,438.90000000000003,73.15,-3.0,-1.0,0.20000000000000284
95,171.0,12.3,144.3,41.3,96.7,50,0.5,1003,60,32.5,0.9,2.66,2023,9,8,17,4,251,36,-0.9659258262890683,-0.25881904510252063,-1.0,-1.8369701987210297e-16,-0.433883739117558,-0.9009688679024191,3,1,0,29.0,32.0,29.0,27.0,79.0,63.0,31.333333333333332,2.081665999468103,33.0,29.0,28.666666666666668,5.006662228137371,33.0,19.0,33.833333333333336,18.039518907782245,73.0,17.0,42.958333333333336,19.813212909498304,80.0,17.0,33.7,33.4,30.1,55.0,58.0,74.0,3.0,2.33,2.0,1003.0,1004.0,1006.0,1950.0,159.60000000000002,86.45,25.0,0.7990121304568898,13.901308836679945,11.730753597268516,19.5,31.17,0.03240275931928283,1056.25,3600,7.0756000000000006,1006009,498.6,83.10000000000001,4.0,4.0,-1.2000000000000028
91,208.3,16.7,130.7,38.8,119.3,37,0.0,1003,67,31.4,0.8,2.33,2023,9,8,18,4,251,36,-1.0,-1.8369701987210297e-16,-1.0,-1.8369701987210297e-16,-0.433883739117558,-0.9009688679024191,3,2,0,33.0,29.0,32.0,19.0,69.0,65.0,31.0,2.00000000000206,33.0,29.0,30.666666666666668,1.6329931618527451,33.0,29.0,30.666666666666668,14.240360907921891,73.0,17.0,41.541666666666664,19.37945834632922,80.0,17.0,32.5,33.5,31.6,60.0,56.0,67.0,2.66,2.66,2.0,1003.0,1003.0,1005.0,2103.7999999999997,156.11,73.16199999999999,0.0,0.7989484807092602,12.472307047482188,7.825878689898808,21.037999999999997,30.235,0.03130605054232249,985.9599999999999,4489,5.4289000000000005,1006009,544.8,90.8,-2.0,-1.0,-1.1000000000000014
78,245.7,21.0,117.0,31.3,142.0,25,0.0,1004,74,30.2,0.0,2.0,2023,9,8,19,4,251,36,-0.9659258262890684,0.2588190451025203,-1.0,-1.8369701987210297e-16,-0.433883739117558,-0.9009688679024191,3,2,0,31.0,33.0,29.0,30.0,73.0,63.0,29.666666666666668,4.163331998933272,33.0,25.0,29.833333333333332,2.8577380332454676,33.0,25.0,26.666666666666668,5.033222956846344,33.0,17.0,39.958333333333336,19.1003736969287,80.0,17.0,31.4,33.7,33.2,67.0,55.0,60.0,2.33,3.0,2.0,1003.0,1003.0,1005.0,2234.7999999999997,148.0,60.4,0.0,0.7986965272674994,11.699442883672205,5.571163277939146,22.348,29.2,0.030079651315088333,912.04,5476,4.0,1008016,582.0,97.0,-6.0,-4.0,-1.1999999999999993
80,254.6,20.0,114.7,32.5,145.7,37,0.0,1004,76,29.9,0.0,1.33,2023,9,8,20,4,251,36,-0.8660254037844386,0.5000000000000001,-1.0,-1.8369701987210297e-16,-0.433883739117558,-0.9009688679024191,3,2,0,25.0,31.0,33.0,29.0,24.0,52.0,27.333333333333332,3.2145502536656636,31.0,25.0,29.333333333333332,3.2659863237095137,33.0,25.0,26.833333333333332,4.969604581549864,33.0,17.0,38.875,19.125017760719395,80.0,17.0,30.2,32.5,33.4,74.0,60.0,58.0,2.0,2.66,2.33,1004.0,1003.0,1004.0,2272.4,101.08000000000001,39.767,0.0,0.7999753853727578,12.729363531823408,5.734713264336783,22.724,29.235,0.029780846831825865,894.0099999999999,5776,1.7689000000000001,1008016,593.5,98.91666666666667,1.0,-7.0,-0.3000000000000007
82,263.6,19.0,112.3,33.8,149.3,50,0.5,1005,78,29.6,0.0,0.66,2023,9,8,21,4,251,36,-0.7071067811865477,0.7071067811865474,-1.0,-1.8369701987210297e-16,-0.433883739117558,-0.9009688679024191,3,2,0,26.0,25.0,31.0,32.0,17.0,39.0,26.0,1.0000000000043996,27.0,25.0,28.5,3.0822070014829897,33.0,25.0,27.666666666666668,3.8924947208065346,33.0,19.0,38.375,19.2778595690814,80.0,17.0,29.9,31.4,33.5,76.0,67.0,56.0,1.33,2.33,2.66,1004.0,1003.0,1003.0,2308.8,51.480000000000004,19.536,25.0,0.7987929351202628,13.872954055049734,5.91021525182885,23.088,29.270000000000003,0.02945270701223183,876.1600000000001,6084,0.43560000000000004,1010025,605.0,100.83333333333333,1.0,-4.0,-0.29999999999999716
78,272.5,18.0,110.0,31.3,153.0,62,0.5,1005,80,29.3,0.0,0.8,2023,9,8,22,4,251,36,-0.5000000000000004,0.8660254037844384,-1.0,-1.8369701987210297e-16,-0.433883739117558,-0.9009688679024191,3,3,0,27.0,26.0,25.0,29.0,24.0,35.0,26.0,1.0000000000043996,27.0,25.0,27.833333333333332,3.3714487489293536,33.0,25.0,27.75,3.816828764586302,33.0,19.0,37.958333333333336,19.461174652126868,80.0,17.0,29.6,30.2,33.7,78.0,74.0,55.0,0.66,2.0,3.0,1005.0,1004.0,1003.0,2344.0,64.0,23.44,31.0,0.7986965272674994,15.138047886228541,6.110771623798677,23.44,28.900000000000002,0.02915419984656732,858.49,6400,0.6400000000000001,1010025,609.8,101.63333333333333,-2.0,0.0,-0.3000000000000007
65,263.4,18.0,99.3,23.8,145.3,66,0.0,1005,79,29.2,0.0,0.33,2023,9,8,23,4,251,36,-0.25881904510252157,0.9659258262890681,-1.0,-1.8369701987210297e-16,-0.433883739117558,-0.9009688679024191,3,3,0,25.0,27.0,26.0,33.0,27.0,34.0,23.666666666666668,4.163331998933354,27.0,19.0,25.5,3.8858718455438277,31.0,19.0,27.083333333333332,4.581749037476398,33.0,19.0,37.333333333333336,19.831171481252586,80.0,17.0,29.3,29.9,32.5,80.0,76.0,60.0,0.8,1.33,2.66,1005.0,1004.0,1003.0,2306.7999999999997,26.07,9.636000000000001,0.0,0.7982857863114995,14.632520415532468,5.516360202210988,23.067999999999998,29.035,0.02905469745801248,852.64,6241,0.10890000000000001,1010025,568.8,94.8,-6.0,-7.0,-0.10000000000000142
61,254.3,18.0,88.7,21.3,137.7,70,0.0,1005,78,29.1,0.0,0.66,2023,9,9,0,5,252,36,0.0,1.0,-1.0,-1.8369701987210297e-16,-0.9749279121818236,-0.2225209339563146,3,3,1,19.0,25.0,27.0,31.0,19.0,34.0,20.333333333333332,4.163331998933399,25.0,17.0,23.166666666666668,4.11906138175391,27.0,17.0,26.916666666666668,4.925967063952336,33.0,17.0,36.625,20.2544949385907,80.0,17.0,29.2,29.6,31.4,79.0,78.0,67.0,0.33,0.66,2.33,1005.0,1005.0,1003.0,2269.8,51.480000000000004,19.206000000000003,0.0,0.7980845969672785,14.126992944836397,4.927504027554025,22.698,28.770000000000003,0.028955195069457644,846.8100000000001,6084,0.43560000000000004,1010025,537.0,89.5,-2.0,-10.0,-0.09999999999999787
72,245.1,18.0,78.0,27.5,130.0,75,0.0,1005,77,29.0,0.0,1.0,2023,9,9,1,5,252,36,0.25881904510252074,0.9659258262890683,-1.0,-1.8369701987210297e-16,-0.9749279121818236,-0.2225209339563146,3,3,1,17.0,19.0,25.0,25.0,30.0,34.0,19.333333333333332,2.5166114784254807,22.0,17.0,22.666666666666668,4.0331955899331655,27.0,17.0,26.25,5.011350752404797,33.0,17.0,36.125,20.469091226827306,80.0,17.0,29.1,29.3,30.2,78.0,80.0,74.0,0.66,0.8,2.0,1005.0,1005.0,1004.0,2233.0,77.0,29.0,0.0,0.7999709101487218,13.615910227209598,4.333092605966335,22.33,28.5,0.028855692680902805,841.0,5929,1.0,1010025,520.6,86.76666666666667,5.0,-3.0,-0.10000000000000142
80,237.5,18.3,71.0,32.5,133.3,79,0.0,1004,79,28.7,0.0,0.66,2023,9,9,2,5,252,36,0.49999999999999994,0.8660254037844387,-1.0,-1.8369701987210297e-16,-0.9749279121818236,-0.2225209339563146,3,3,1,22.0,17.0,19.0,26.0,29.0,45.0,21.666666666666668,4.509249752823925,26.0,17.0,22.666666666666668,4.0331955899331655,27.0,17.0,26.0,4.935953440180343,33.0,17.0,35.333333333333336,20.478337794864697,80.0,17.0,29.0,29.2,29.9,77.0,79.0,76.0,1.0,0.33,1.33,1005.0,1005.0,1004.0,2267.2999999999997,52.14,18.942,0.0,0.7999753853727578,12.977432927162448,3.879569422435932,22.673,28.37,0.028585628898775996,823.6899999999999,6241,0.43560000000000004,1008016,518.6,86.43333333333334,4.0,7.0,-0.3000000000000007
93,229.9,18.7,64.0,40.0,136.7,83,0.0,1004,81,28.5,0.0,0.33,2023,9,9,3,5,252,36,0.7071067811865476,0.7071067811865476,-1.0,-1.8369701987210297e-16,-0.9749279121818236,-0.2225209339563146,3,3,1,26.0,22.0,17.0,27.0,32.0,65.0,26.666666666666668,5.033222956848033,32.0,22.0,23.5,5.394441583703528,32.0,17.0,26.0,4.935953440180343,33.0,17.0,33.958333333333336,19.483502869298796,80.0,17.0,28.7,29.1,29.6,79.0,78.0,78.0,0.66,0.66,0.66,1004.0,1005.0,1005.0,2308.5,26.73,9.405000000000001,0.0,0.7999800004999875,12.293460242767766,3.4222768835891126,23.085,28.335,0.028386425909934353,812.25,6561,0.10890000000000001,1008016,521.3,86.88333333333333,6.0,15.0,-0.1999999999999993
100,222.4,19.0,57.0,43.8,140.0,87,0.0,1004,82,28.2,0.0,1.2,2023,9,9,4,5,252,36,0.8660254037844386,0.5000000000000001,-1.0,-1.8369701987210297e-16,-0.9749279121818236,-0.2225209339563146,3,3,1,32.0,26.0,22.0,25.0,29.0,80.0,31.0,4.582575694956739,35.0,26.0,25.166666666666668,7.194905605124838,35.0,17.0,26.5,5.53501252359517,35.0,17.0,32.083333333333336,16.84692377200397,79.0,17.0,28.5,29.0,29.3,81.0,77.0,80.0,0.33,1.0,0.8,1004.0,1005.0,1005.0,2312.4,98.39999999999999,33.839999999999996,0.0,0.7990685144174792,11.704647123835587,2.99984211357297,23.124000000000002,27.599999999999998,0.028087621426671885,795.24,6724,1.44,1008016,517.2,86.2,3.0,13.0,-0.3000000000000007
112,219.4,19.3,52.7,50.0,128.0,91,0.0,1004,84,28.2,0.0,0.33,2023,9,9,5,5,252,36,0.9659258262890683,0.25881904510252074,-1.0,-1.8369701987210297e-16,-0.9749279121818236,-0.2225209339563146,3,3,1,35.0,32.0,26.0,19.0,33.0,79.0,35.666666666666664,4.041451884328332,40.0,32.0,28.666666666666668,8.571269839799553,40.0,17.0,27.083333333333332,6.556860852756897,40.0,17.0,30.458333333333332,13.714413765361519,73.0,17.0,28.2,28.7,29.2,82.0,79.0,79.0,1.2,0.66,0.33,1004.0,1004.0,1005.0,2368.7999999999997,27.720000000000002,9.306000000000001,0.0,0.7999840003199936,11.367286669084503,2.730428475208538,23.688,28.035,0.028087621426671885,795.24,7056,0.10890000000000001,1008016,509.40000000000003,84.9,5.0,14.0,0.0
93,216.5,19.7,48.3,40.0,116.0,95,0.0,1004,86,28.2,0.6,0.66,2023,9,9,6,5,252,36,1.0,6.123233995736766e-17,-1.0,-1.8369701987210297e-16,-0.9749279121818236,-0.2225209339563146,3,0,1,40.0,35.0,32.0,17.0,31.0,69.0,35.666666666666664,4.041451884328332,40.0,32.0,31.166666666666668,6.400520812141613,40.0,22.0,27.166666666666668,6.617241025372314,40.0,17.0,28.916666666666668,11.005598048529551,73.0,17.0,28.2,28.5,29.1,84.0,81.0,78.0,0.33,0.33,0.66,1004.0,1004.0,1005.0,2425.2,56.760000000000005,18.612000000000002,0.0,0.7999800004999875,10.989289883762245,2.4516522003959187,24.252,27.87,0.028087621426671885,795.24,7396,0.43560000000000004,1008016,472.5,78.75,-8.0,0.0,0.0
76,213.6,20.0,44.0,30.0,104.0,100,0.0,1005,88,28.2,0.8,1.0,2023,9,9,7,5,252,36,0.9659258262890683,-0.25881904510252063,-1.0,-1.8369701987210297e-16,-0.9749279121818236,-0.2225209339563146,3,0,1,32.0,40.0,35.0,22.0,25.0,73.0,32.0,8.000000000000506,40.0,24.0,31.5,5.856620185737788,40.0,24.0,27.083333333333332,6.653206107971042,40.0,17.0,26.875,5.77334580110438,40.0,17.0,28.2,28.2,29.0,86.0,82.0,77.0,0.66,1.2,1.0,1004.0,1004.0,1005.0,2481.6,88.0,28.2,0.0,0.7999733342221925,10.679466026698664,2.199890005499725,24.816,27.7,0.028059673572464108,795.24,7744,1.0,1010025,435.6,72.60000000000001,-8.0,-11.0,0.0
59,197.1,17.0,73.3,20.0,116.3,100,0.0,1005,88,28.5,1.2,1.33,2023,9,9,8,5,252,36,0.8660254037844387,-0.4999999999999998,-1.0,-1.8369701987210297e-16,-0.9749279121818236,-0.2225209339563146,3,0,1,24.0,32.0,40.0,26.0,26.0,24.0,24.0,8.00000000000056,32.0,16.0,29.833333333333332,8.542052836798522,40.0,16.0,26.25,7.387027942154651,40.0,16.0,26.541666666666668,6.164267061524512,40.0,16.0,28.2,28.2,28.7,88.0,84.0,79.0,1.0,0.33,0.66,1005.0,1004.0,1004.0,2508.0,117.04,37.905,0.0,0.7999600019998999,11.593435680254101,4.311511087583082,25.08,27.835,0.02835818073812862,812.25,7744,1.7689000000000001,1010025,439.7,73.28333333333333,-8.0,-24.0,0.3000000000000007
164,180.5,14.0,102.7,82.5,128.7,100,0.0,1005,88,28.7,1.9,1.66,2023,9,9,9,5,252,36,0.7071067811865476,-0.7071067811865475,-1.0,-1.8369701987210297e-16,-0.9749279121818236,-0.2225209339563146,3,0,1,16.0,24.0,32.0,32.0,27.0,17.0,35.333333333333336,26.85764943797839,66.0,16.0,35.5,17.178474903203487,66.0,16.0,29.5,13.661491998912673,66.0,16.0,28.583333333333332,9.868336129815129,66.0,16.0,28.5,28.2,28.5,88.0,86.0,81.0,1.33,0.66,0.33,1005.0,1004.0,1004.0,2525.6,146.07999999999998,47.641999999999996,0.0,0.7999903031478406,12.891936290264981,7.33519034354689,25.256,27.87,0.028557185515238292,823.6899999999999,7744,2.7556,1010025,574.4,95.73333333333333,50.0,34.0,0.1999999999999993
65,164.0,11.0,132.0,21.3,141.0,100,0.0,1006,88,29.0,2.6,2.0,2023,9,9,10,5,252,36,0.49999999999999994,-0.8660254037844387,-1.0,-1.8369701987210297e-16,-0.9749279121818236,-0.2225209339563146,3,0,1,66.0,16.0,24.0,35.0,25.0,24.0,33.0,28.583211855913042,66.0,16.0,32.5,18.780308836650995,66.0,16.0,28.833333333333332,14.089540500496918,66.0,16.0,28.291666666666668,10.110172091025202,66.0,16.0,28.7,28.2,28.2,88.0,88.0,82.0,1.66,1.0,1.2,1005.0,1005.0,1004.0,2552.0,176.0,58.0,0.0,0.7980845969672785,14.90773566039451,11.99890919007363,25.52,28.0,0.028827009118281195,841.0,7744,4.0,1012036,486.3,81.05,-49.0,-7.0,0.3000000000000007
88,154.5,9.7,150.7,22.5,148.7,83,0.5,1005,87,29.2,3.3,2.0,2023,9,9,11,5,252,36,0.258819045102521,-0.9659258262890682,-1.0,-1.8369701987210297e-16,-0.9749279121818236,-0.2225209339563146,3,0,1,17.0,66.0,16.0,40.0,19.0,27.0,33.666666666666664,28.005951748393436,66.0,17.0,28.833333333333332,19.166811593654735,66.0,16.0,28.75,14.155789050291583,66.0,16.0,27.916666666666668,10.324797783751606,66.0,16.0,29.0,28.5,28.2,88.0,88.0,84.0,2.0,1.33,0.33,1006.0,1005.0,1004.0,2540.4,174.0,58.4,41.5,0.7999644460246211,15.926193175961243,15.534480981342131,25.404,28.2,0.02905469745801248,852.64,7569,4.0,1010025,504.09999999999997,84.01666666666667,1.0,2.0,0.1999999999999993
103,144.9,8.3,169.3,38.8,156.3,66,0.5,1004,86,29.4,3.5,2.0,2023,9,9,12,5,252,36,1.2246467991473532e-16,-1.0,-1.0,-1.8369701987210297e-16,-0.9749279121818236,-0.2225209339563146,3,1,1,18.0,17.0,66.0,32.0,17.0,19.0,22.0,7.8102496759072535,31.0,17.0,28.666666666666668,19.138094645670908,66.0,16.0,29.916666666666668,13.667867648634784,66.0,16.0,28.416666666666668,10.16351816298251,66.0,16.0,29.2,28.7,28.2,87.0,88.0,86.0,2.0,1.66,0.66,1005.0,1005.0,1004.0,2528.4,172.0,58.8,33.0,0.7989484807092602,17.455728225515,20.39513311649199,25.284000000000002,28.4,0.029282839359721754,864.3599999999999,7396,4.0,1008016,548.6,91.43333333333334,13.0,-35.0,0.1999999999999993
108,135.4,7.0,188.0,35.0,164.0,50,0.0,1003,84,29.6,3.2,2.0,2023,9,9,13,5,252,36,-0.2588190451025208,-0.9659258262890683,-1.0,-1.8369701987210297e-16,-0.9749279121818236,-0.2225209339563146,3,1,1,31.0,18.0,17.0,24.0,22.0,30.0,25.666666666666668,6.806859285554702,31.0,18.0,29.333333333333332,19.01227673548483,66.0,16.0,30.416666666666668,13.460098158046012,66.0,16.0,28.333333333333332,10.15816941171496,66.0,16.0,29.4,29.0,28.2,86.0,88.0,88.0,2.0,2.0,1.0,1004.0,1006.0,1005.0,2486.4,168.0,59.2,0.0,0.7999771435101855,19.340094272246823,26.853306670475646,24.864,28.6,0.02951143618002375,876.1600000000001,7056,4.0,1006009,557.4,92.89999999999999,-3.0,11.0,0.20000000000000284
106,137.7,8.0,180.0,38.8,154.3,58,0.0,1003,83,30.2,2.6,1.66,2023,9,9,14,5,252,36,-0.4999999999999997,-0.8660254037844388,-1.0,-1.8369701987210297e-16,-0.9749279121818236,-0.2225209339563146,3,1,1,28.0,31.0,18.0,16.0,26.0,29.0,30.0,1.732050807571316,31.0,28.0,31.833333333333332,17.859637920928243,66.0,17.0,30.833333333333332,13.388144914155038,66.0,16.0,28.416666666666668,10.172070314972938,66.0,16.0,29.6,29.2,28.5,84.0,87.0,88.0,2.0,2.0,1.33,1003.0,1005.0,1005.0,2506.6,137.78,50.132,0.0,0.7989484807092602,17.210348706411697,22.49718785151856,25.066,29.37,0.030109640967456663,912.04,6889,2.7556,1006009,549.8,91.63333333333333,3.0,13.0,0.5999999999999979
104,140.1,9.0,172.0,28.8,144.7,66,0.0,1002,81,30.7,1.7,1.33,2023,9,9,15,5,252,36,-0.7071067811865471,-0.7071067811865479,-1.0,-1.8369701987210297e-16,-0.9749279121818236,-0.2225209339563146,3,1,1,31.0,28.0,31.0,66.0,32.0,32.0,27.333333333333332,4.041451884328462,31.0,23.0,24.666666666666668,6.282250127673749,31.0,17.0,30.083333333333332,13.567731325955885,66.0,16.0,28.041666666666668,10.200081699019202,66.0,16.0,30.2,29.4,28.7,83.0,86.0,88.0,1.66,2.0,1.66,1003.0,1004.0,1005.0,2486.7,107.73,40.831,0.0,0.7985833825214401,15.564937229196756,19.10898789023442,24.866999999999997,30.035,0.030638691977353315,942.49,6561,1.7689000000000001,1004004,517.6,86.26666666666667,-8.0,-8.0,0.5
118,142.4,10.0,164.0,52.5,135.0,75,0.25,1001,79,31.3,1.0,1.0,2023,9,9,16,5,252,36,-0.8660254037844385,-0.5000000000000004,-1.0,-1.8369701987210297e-16,-0.9749279121818236,-0.2225209339563146,3,1,1,23.0,31.0,28.0,17.0,35.0,29.0,32.0,9.539392014169888,42.0,23.0,28.833333333333332,8.183316361149526,42.0,18.0,30.666666666666668,13.94360937577619,66.0,16.0,28.583333333333332,10.590876576878175,66.0,16.0,30.7,29.6,29.0,81.0,84.0,88.0,1.33,2.0,2.0,1002.0,1003.0,1006.0,2472.7000000000003,79.0,31.3,18.75,0.7999847621950058,14.238576142385762,16.398360163983604,24.727000000000004,30.8,0.0312687000312687,979.69,6241,1.0,1002001,545.9,90.98333333333333,19.0,14.0,0.6000000000000014
102,160.1,11.3,150.0,45.0,130.0,83,1.75,1002,79,30.5,0.7,1.33,2023,9,9,17,5,252,36,-0.9659258262890683,-0.25881904510252063,-1.0,-1.8369701987210297e-16,-0.9749279121818236,-0.2225209339563146,3,1,1,42.0,23.0,31.0,18.0,40.0,33.0,33.666666666666664,9.712534856222724,42.0,23.0,31.833333333333332,6.5548963887050125,42.0,23.0,30.333333333333332,13.746624930130604,66.0,16.0,28.708333333333332,10.662731384580143,66.0,16.0,31.3,30.2,29.2,79.0,83.0,87.0,1.0,1.66,2.0,1001.0,1003.0,1005.0,2409.5,105.07000000000001,40.565000000000005,145.25,0.7999822226172753,14.166887886027784,13.273161667109106,24.095,29.835,0.030439091378152316,930.25,6241,1.7689000000000001,1004004,532.4,88.73333333333333,-6.0,5.0,-0.8000000000000007
93,177.8,12.7,136.0,40.0,125.0,91,0.5,1002,80,29.7,0.7,1.66,2023,9,9,18,5,252,36,-1.0,-1.8369701987210297e-16,-1.0,-1.8369701987210297e-16,-0.9749279121818236,-0.2225209339563146,3,2,1,36.0,42.0,23.0,31.0,32.0,31.0,36.666666666666664,5.03322295684793,42.0,32.0,32.0,6.542170893517792,42.0,23.0,30.333333333333332,13.746624930130604,66.0,16.0,28.75,10.6740237309412,66.0,16.0,30.5,30.7,29.4,79.0,81.0,86.0,1.33,1.33,2.0,1002.0,1002.0,1004.0,2376.0,132.79999999999998,49.302,45.5,0.7999800004999875,13.998897724588618,10.707818282025038,23.76,28.87,0.02964068898134832,882.0899999999999,6400,2.7556,1004004,523.5,87.25,-4.0,9.0,-0.8000000000000007
98,195.5,14.0,122.0,42.5,120.0,100,0.5,1003,80,28.9,0.0,2.0,2023,9,9,19,5,252,36,-0.9659258262890684,0.2588190451025203,-1.0,-1.8369701987210297e-16,-0.9749279121818236,-0.2225209339563146,3,2,1,32.0,36.0,42.0,28.0,24.0,25.0,34.0,2.000000000002001,36.0,32.0,33.0,6.260990336998735,42.0,23.0,31.166666666666668,13.63040273755218,66.0,16.0,29.125,10.69462481810374,66.0,16.0,29.7,31.3,29.6,80.0,79.0,84.0,1.66,1.0,2.0,1002.0,1001.0,1003.0,2312.0,160.0,57.8,50.0,0.7999811769134845,13.96328833654739,8.71366330976359,23.12,27.9,0.02881353059468535,835.2099999999999,6400,4.0,1006009,528.0,88.0,2.0,-8.0,-0.8000000000000007
95,196.1,14.3,113.7,41.3,141.3,91,0.0,1003,85,28.7,0.0,1.66,2023,9,9,20,5,252,36,-0.8660254037844386,0.5000000000000001,-1.0,-1.8369701987210297e-16,-0.9749279121818236,-0.2225209339563146,3,2,1,34.0,32.0,36.0,31.0,16.0,26.0,33.0,1.0000000000040572,34.0,32.0,33.333333333333336,6.186005711819078,42.0,23.0,32.583333333333336,12.76684864179157,66.0,17.0,29.416666666666668,10.701144459992296,66.0,16.0,28.9,30.5,30.2,80.0,79.0,83.0,2.0,1.33,1.66,1003.0,1002.0,1003.0,2439.5,141.1,47.641999999999996,0.0,0.7990121304568898,13.712327809244108,7.950492972519404,24.395,27.87,0.028614128998874378,823.6899999999999,7225,2.7556,1006009,539.7,89.95,-1.0,-3.0,-0.1999999999999993
93,196.7,14.7,105.3,40.0,162.7,83,0.0,1004,89,28.5,0.0,1.33,2023,9,9,21,5,252,36,-0.7071067811865477,0.7071067811865474,-1.0,-1.8369701987210297e-16,-0.9749279121818236,-0.2225209339563146,3,2,1,33.0,34.0,32.0,23.0,66.0,27.0,33.0,1.0000000000040572,34.0,32.0,34.833333333333336,3.8166302763902267,42.0,32.0,29.75,7.262919523166379,42.0,17.0,29.625,10.700721227216857,66.0,16.0,28.7,29.7,30.7,85.0,80.0,81.0,1.66,1.66,1.33,1003.0,1002.0,1002.0,2536.5,118.37,37.905,0.0,0.7999800004999875,13.380042174001769,7.162778042310047,25.365,27.835,0.028386425909934353,812.25,7921,1.7689000000000001,1008016,551.4,91.89999999999999,-1.0,0.0,-0.1999999999999993
100,197.3,15.0,97.0,43.8,184.0,75,0.5,1005,93,28.3,0.0,1.0,2023,9,9,22,5,252,36,-0.5000000000000004,0.8660254037844384,-1.0,-1.8369701987210297e-16,-0.9749279121818236,-0.2225209339563146,3,3,1,32.0,33.0,34.0,42.0,17.0,25.0,33.333333333333336,1.5275252316545898,35.0,32.0,33.666666666666664,1.6329931618528983,36.0,32.0,31.25,6.166257152659012,42.0,18.0,30.041666666666668,10.70749094414007,66.0,16.0,28.5,28.9,31.3,89.0,80.0,79.0,1.33,2.0,1.0,1004.0,1003.0,1001.0,2631.9,93.0,28.3,37.5,0.7990685144174792,13.152456502899808,6.466235584294381,26.319000000000003,27.8,0.028159175961018947,800.89,8649,1.0,1010025,572.1,95.35000000000001,3.0,1.0,-0.1999999999999993
91,193.4,15.7,89.7,38.8,199.7,75,0.5,1004,94,28.0,0.0,1.33,2023,9,9,23,5,252,36,-0.25881904510252157,0.9659258262890681,-1.0,-1.8369701987210297e-16,-0.9749279121818236,-0.2225209339563146,3,3,1,35.0,32.0,33.0,36.0,18.0,19.0,32.666666666666664,2.0816659994680915,35.0,31.0,32.833333333333336,1.4719601443850863,35.0,31.0,32.333333333333336,4.559372630951525,42.0,23.0,30.541666666666668,10.446464626293773,66.0,16.0,28.3,28.7,30.5,93.0,85.0,79.0,1.0,1.66,1.33,1005.0,1003.0,1002.0,2632.0,125.02000000000001,37.24,37.5,0.7989484807092602,12.317686771543215,5.713011910069423,26.32,27.335,0.027888418437830242,784.0,8836,1.7689000000000001,1008016,568.3,94.71666666666665,-4.0,-2.0,-0.3000000000000007
100,189.5,16.3,82.3,43.8,215.3,75,0.0,1004,94,27.7,0.0,1.66,2023,9,10,0,6,253,36,0.0,1.0,-1.0,-1.8369701987210297e-16,-0.7818314824680299,0.6234898018587334,3,3,1,31.0,35.0,32.0,32.0,31.0,17.0,33.666666666666664,2.309401076760243,35.0,31.0,33.333333333333336,1.632993161852879,35.0,31.0,32.666666666666664,4.599077641387037,42.0,23.0,31.291666666666668,10.07139369772101,66.0,16.0,28.0,28.5,29.7,94.0,89.0,80.0,1.33,1.33,1.66,1004.0,1004.0,1002.0,2603.7999999999997,156.04,45.982,0.0,0.7990685144174792,11.625053677688484,5.0487700141095635,26.037999999999997,26.87,0.027589613954567774,767.29,8836,2.7556,1008016,582.2,97.03333333333335,4.0,3.0,-0.3000000000000007
82,185.6,17.0,75.0,33.8,231.0,75,0.0,1003,94,27.4,0.0,2.0,2023,9,10,1,6,253,36,0.25881904510252074,0.9659258262890683,-1.0,-1.8369701987210297e-16,-0.7818314824680299,0.6234898018587334,3,3,1,35.0,31.0,35.0,34.0,28.0,22.0,31.0,4.000000000001043,35.0,27.0,32.166666666666664,2.994439290861987,35.0,27.0,32.583333333333336,4.699290726622938,42.0,23.0,31.5,9.921430471897564,66.0,16.0,27.7,28.3,28.9,94.0,93.0,80.0,1.66,1.0,2.0,1004.0,1005.0,1003.0,2575.6,188.0,54.8,0.0,0.7987929351202628,10.91700488206576,4.411505205576142,25.756,26.4,0.027318018626103065,750.7599999999999,8836,4.0,1006009,569.4000000000001,94.90000000000002,-8.0,-8.0,-0.3000000000000007
151,173.9,16.0,75.7,70.0,209.0,79,0.0,1003,95,27.1,0.0,2.0,2023,9,10,2,6,253,36,0.49999999999999994,0.8660254037844387,-1.0,-1.8369701987210297e-16,-0.7818314824680299,0.6234898018587334,3,3,1,27.0,35.0,31.0,33.0,31.0,26.0,39.333333333333336,14.977761292440894,56.0,27.0,36.0,10.237187113655397,56.0,27.0,34.666666666666664,8.183501510336988,56.0,23.0,32.75,11.02664756495562,66.0,16.0,27.4,28.0,28.7,94.0,94.0,85.0,2.0,1.33,1.66,1003.0,1004.0,1003.0,2574.5,190.0,54.2,0.0,0.7999885715918343,10.8680707455784,4.73095431535529,25.745,26.1,0.02701891623238661,734.4100000000001,9025,4.0,1006009,600.6,100.10000000000001,29.0,25.0,-0.29999999999999716
187,162.2,15.0,76.3,103.8,187.0,83,0.0,1003,95,26.9,0.0,2.0,2023,9,10,3,6,253,36,0.7071067811865476,0.7071067811865476,-1.0,-1.8369701987210297e-16,-0.7818314824680299,0.6234898018587334,3,3,1,56.0,27.0,35.0,32.0,23.0,32.0,55.333333333333336,28.005951748393393,83.0,27.0,44.5,21.370540470469944,83.0,27.0,39.666666666666664,15.48215003469996,83.0,27.0,34.875,15.054430230507606,83.0,16.0,27.1,27.7,28.5,95.0,94.0,89.0,2.0,1.66,1.33,1003.0,1004.0,1004.0,2555.5,190.0,53.8,0.0,0.7996069402028883,10.8126124925005,5.086327578161456,25.555,25.9,0.026819514636575635,723.6099999999999,9025,4.0,1006009,627.3,104.55,27.0,48.0,-0.20000000000000284
193,150.6,14.0,77.0,110.0,165.0,87,0.0,1002,95,26.6,0.0,2.0,2023,9,10,4,6,253,36,0.8660254037844386,0.5000000000000001,-1.0,-1.8369701987210297e-16,-0.7818314824680299,0.6234898018587334,3,3,1,83.0,56.0,27.0,35.0,42.0,35.0,75.66666666666667,17.214335111567237,88.0,56.0,53.333333333333336,26.897335679703705,88.0,27.0,43.5,20.869725789895863,88.0,27.0,37.083333333333336,18.554072954163217,88.0,16.0,26.9,27.4,28.3,95.0,94.0,93.0,2.0,2.0,1.0,1003.0,1003.0,1005.0,2527.0,190.0,53.2,0.0,0.7999927273388423,10.75637454467538,5.499607170916363,25.27,25.6,0.02654687969373284,707.5600000000001,9025,4.0,1004004,604.6,100.76666666666667,5.0,61.0,-0.29999999999999716
150,159.9,15.7,71.3,67.5,159.0,87,0.0,1003,95,26.9,0.0,2.0,2023,9,10,5,6,253,36,0.9659258262890683,0.25881904510252074,-1.0,-1.8369701987210297e-16,-0.7818314824680299,0.6234898018587334,3,3,1,88.0,83.0,56.0,31.0,36.0,40.0,75.0,18.357559750685915,88.0,54.0,57.166666666666664,24.620452202724927,88.0,27.0,45.0,20.928449536456107,88.0,27.0,37.666666666666664,18.867194134071955,88.0,16.0,26.6,27.1,28.0,95.0,95.0,94.0,2.0,2.0,1.33,1002.0,1003.0,1004.0,2555.5,190.0,53.8,0.0,0.7999881483237284,10.184064709254189,4.541112031080823,25.555,25.9,0.026819514636575635,723.6099999999999,9025,4.0,1006009,527.4,87.89999999999999,-34.0,-2.0,0.29999999999999716
155,169.2,17.3,65.7,73.8,153.0,87,0.0,1003,95,27.2,0.7,2.0,2023,9,10,6,6,253,36,1.0,6.123233995736766e-17,-1.0,-1.8369701987210297e-16,-0.7818314824680299,0.6234898018587334,3,0,1,54.0,88.0,83.0,35.0,32.0,32.0,67.0,18.35755975068594,88.0,54.0,61.166666666666664,22.121633453853796,88.0,27.0,47.25,20.855019016577465,88.0,27.0,38.791666666666664,19.314286594815584,88.0,16.0,26.9,26.9,27.7,95.0,95.0,94.0,2.0,2.0,1.66,1003.0,1003.0,1004.0,2584.0,190.0,54.4,0.0,0.799447161962575,9.779781515519332,3.7974683544303796,25.84,26.2,0.027118617030292093,739.8399999999999,9025,4.0,1006009,538.0,89.66666666666667,5.0,-24.0,0.3000000000000007
134,178.6,19.0,60.0,60.0,147.0,87,0.0,1004,94,27.5,0.8,2.0,2023,9,10,7,6,253,36,0.9659258262890683,-0.25881904510252063,-1.0,-1.8369701987210297e-16,-0.7818314824680299,0.6234898018587334,3,0,1,59.0,54.0,88.0,27.0,34.0,24.0,53.666666666666664,5.507570547286661,59.0,48.0,64.66666666666667,16.609234379304304,88.0,48.0,48.416666666666664,20.43374363125534,88.0,27.0,39.791666666666664,19.13562388450615,88.0,16.0,27.2,26.6,27.4,95.0,95.0,94.0,2.0,2.0,2.0,1003.0,1002.0,1003.0,2585.0,188.0,55.0,0.0,0.7999866668888852,9.399505289195305,3.157728540603126,25.85,26.5,0.02739041096572613,756.25,8836,4.0,1008016,512.6,85.43333333333334,-11.0,-40.0,0.3000000000000007
137,175.9,17.7,69.7,61.3,140.3,83,0.0,1004,88,28.7,1.4,2.0,2023,9,10,8,6,253,36,0.8660254037844387,-0.4999999999999998,-1.0,-1.8369701987210297e-16,-0.7818314824680299,0.6234898018587334,3,0,1,48.0,59.0,54.0,56.0,33.0,16.0,52.0,6.082762530298741,59.0,48.0,63.5,17.558473737771095,88.0,48.0,49.75,19.850005724752737,88.0,27.0,41.166666666666664,18.527691769857583,88.0,17.0,27.5,26.9,27.1,94.0,95.0,95.0,2.0,2.0,2.0,1004.0,1003.0,1003.0,2525.6,176.0,57.4,0.0,0.7993344317384709,9.937291678436246,3.937630642336591,25.256,27.7,0.028585628898775996,823.6899999999999,7744,4.0,1008016,513.9000000000001,85.65000000000002,1.0,-5.0,1.1999999999999993
134,173.1,16.3,79.3,60.0,133.7,79,0.0,1004,83,29.8,1.9,2.0,2023,9,10,9,6,253,36,0.7071067811865476,-0.7071067811865475,-1.0,-1.8369701987210297e-16,-0.7818314824680299,0.6234898018587334,3,0,1,49.0,48.0,59.0,83.0,32.0,66.0,48.333333333333336,0.5773502691954634,49.0,48.0,57.666666666666664,15.474710551950979,88.0,48.0,51.083333333333336,19.07143667817624,88.0,27.0,40.416666666666664,17.82991298636807,88.0,17.0,28.7,27.2,26.9,88.0,95.0,95.0,2.0,2.0,2.0,1004.0,1003.0,1003.0,2473.4,166.0,59.6,0.0,0.7999866668888852,10.618980430648424,4.864732225016869,24.734,28.8,0.029681245337405043,888.0400000000001,6889,4.0,1008016,510.4,85.06666666666666,-1.0,-11.0,1.1000000000000014
142,170.4,15.0,89.0,63.8,127.0,75,0.0,1005,78,31.0,2.8,2.0,2023,9,10,10,6,253,36,0.49999999999999994,-0.8660254037844387,-1.0,-1.8369701987210297e-16,-0.7818314824680299,0.6234898018587334,3,0,1,48.0,49.0,48.0,88.0,35.0,17.0,49.333333333333336,1.527525231654116,51.0,48.0,51.5,4.324349662087399,59.0,48.0,52.416666666666664,18.3919860677182,88.0,27.0,41.833333333333336,17.22906206704686,88.0,18.0,29.8,27.5,26.6,83.0,94.0,95.0,2.0,2.0,2.0,1004.0,1004.0,1002.0,2418.0,156.0,62.0,0.0,0.7993605115907275,11.35924271715219,5.93293780414639,24.18,30.0,0.030845740451999552,961.0,6084,4.0,1010025,516.2,86.03333333333335,3.0,3.0,1.1999999999999993
180,161.9,13.3,109.7,97.5,132.0,75,0.0,1004,71,31.9,3.6,1.33,2023,9,10,11,6,253,36,0.258819045102521,-0.9659258262890682,-1.0,-1.8369701987210297e-16,-0.7818314824680299,0.6234898018587334,3,0,1,51.0,48.0,49.0,54.0,31.0,18.0,59.0,16.522711641858475,78.0,48.0,55.5,11.77709641634966,78.0,48.0,56.333333333333336,18.42100250619715,88.0,27.0,44.333333333333336,17.958083239120988,88.0,23.0,31.0,28.7,26.9,78.0,88.0,95.0,2.0,2.0,2.0,1005.0,1004.0,1003.0,2264.9,94.43,42.427,0.0,0.7999917949559491,12.172017141568304,8.247500187955794,22.649,31.235,0.03177287672024231,1017.6099999999999,5041,1.7689000000000001,1008016,592.4000000000001,98.73333333333335,27.0,29.0,0.8999999999999986
126,153.3,11.7,130.3,56.3,137.0,75,0.0,1003,64,32.9,4.1,0.66,2023,9,10,12,6,253,36,1.2246467991473532e-16,-1.0,-1.0,-1.8369701987210297e-16,-0.7818314824680299,0.6234898018587334,3,1,1,78.0,51.0,48.0,59.0,35.0,31.0,58.0,17.578395831247107,78.0,45.0,53.166666666666664,12.319361455313436,78.0,45.0,57.166666666666664,17.57494773473811,88.0,27.0,44.916666666666664,17.732104675753924,88.0,23.0,31.9,29.8,27.2,71.0,83.0,95.0,1.33,2.0,2.0,1004.0,1004.0,1003.0,2105.6,42.24,21.714,0.0,0.7992753237065062,13.101444320998208,11.135800358943682,21.055999999999997,32.57,0.032801562510904776,1082.4099999999999,4096,0.43560000000000004,1006009,533.6,88.93333333333334,-33.0,-3.0,1.0
191,144.7,10.0,151.0,107.5,142.0,75,0.0,1002,58,33.8,3.6,2.0,2023,9,10,13,6,253,36,-0.2588190451025208,-0.9659258262890683,-1.0,-1.8369701987210297e-16,-0.7818314824680299,0.6234898018587334,3,1,1,45.0,78.0,51.0,48.0,27.0,28.0,69.66666666666667,21.733231083604153,86.0,45.0,59.5,17.71722325873884,86.0,45.0,62.083333333333336,16.593856110200797,88.0,45.0,47.333333333333336,19.2165387705188,88.0,23.0,32.9,31.0,27.5,64.0,78.0,94.0,0.66,2.0,2.0,1003.0,1005.0,1004.0,1960.3999999999999,116.0,67.6,0.0,0.7999925582087608,14.468553144685531,15.098490150984903,19.604,32.8,0.033732501264968795,1142.4399999999998,3364,4.0,1004004,641.2,106.86666666666667,41.0,35.0,0.8999999999999986
167,146.7,11.3,149.3,85.0,151.3,66,1.0,1001,62,32.9,2.5,2.0,2023,9,10,14,6,253,36,-0.4999999999999997,-0.8660254037844388,-1.0,-1.8369701987210297e-16,-0.7818314824680299,0.6234898018587334,3,1,1,86.0,45.0,78.0,49.0,56.0,31.0,66.33333333333333,20.550750189064587,86.0,45.0,62.666666666666664,17.15420259489387,86.0,45.0,63.083333333333336,16.555462341273376,88.0,45.0,48.875,19.33303660441987,88.0,23.0,33.8,31.9,28.7,58.0,71.0,88.0,2.0,1.33,2.0,1002.0,1004.0,1004.0,2039.8,124.0,65.8,66.0,0.7999905883460194,12.981152110432705,13.21122024599593,20.398,31.9,0.0328671000328671,1082.4099999999999,3844,4.0,1002001,611.6,101.93333333333334,-18.0,-10.0,-0.8999999999999986
173,148.6,12.7,147.7,91.3,160.7,58,0.5,1001,67,31.9,1.7,2.4,2023,9,10,15,6,253,36,-0.7071067811865471,-0.7071067811865479,-1.0,-1.8369701987210297e-16,-0.7818314824680299,0.6234898018587334,3,1,1,68.0,86.0,45.0,48.0,83.0,23.0,75.66666666666667,9.29157324317777,86.0,68.0,66.83333333333333,15.867156855173024,86.0,45.0,62.25,15.690906457389044,88.0,45.0,50.958333333333336,19.116301185493665,88.0,27.0,32.9,32.9,29.8,62.0,64.0,83.0,2.0,0.66,2.0,1001.0,1003.0,1004.0,2137.2999999999997,160.79999999999998,76.55999999999999,29.0,0.7995531264717801,11.699866152271476,11.629005590111015,21.372999999999998,30.7,0.0318681000318681,1017.6099999999999,4489,5.76,1002001,634.0,105.66666666666667,5.0,28.0,-1.0
129,150.6,14.0,146.0,57.5,170.0,50,0.5,1001,71,31.0,1.0,2.4,2023,9,10,16,6,253,36,-0.8660254037844385,-0.5000000000000004,-1.0,-1.8369701987210297e-16,-0.7818314824680299,0.6234898018587334,3,1,1,73.0,68.0,86.0,51.0,88.0,42.0,62.333333333333336,14.364307617610342,73.0,46.0,66.0,16.95877354055999,86.0,45.0,58.75,14.02027752286559,86.0,45.0,51.125,19.052131000289382,88.0,27.0,31.9,33.8,31.0,67.0,58.0,78.0,2.4,2.0,2.0,1001.0,1002.0,1005.0,2201.0,170.4,74.39999999999999,25.0,0.7999860871984835,10.75637454467538,10.427826583815442,22.01,29.8,0.030969000030969,961.0,5041,5.76,1002001,584.1,97.35000000000001,-27.0,-40.0,-0.8999999999999986
165,190.4,16.7,131.0,83.8,163.3,54,0.0,1001,76,30.2,0.7,2.0,2023,9,10,17,6,253,36,-0.9659258262890683,-0.25881904510252063,-1.0,-1.8369701987210297e-16,-0.7818314824680299,0.6234898018587334,3,1,1,46.0,73.0,68.0,78.0,54.0,36.0,62.0,14.17744687875801,73.0,46.0,64.16666666666667,15.967675681409112,86.0,45.0,59.833333333333336,14.121764848071592,86.0,45.0,52.416666666666664,19.032961492852877,88.0,27.0,31.0,32.9,31.9,71.0,62.0,71.0,2.4,2.0,1.33,1001.0,1001.0,1004.0,2295.2,152.0,60.4,0.0,0.7995131323015239,11.400514939225197,7.843841686126579,22.951999999999998,29.2,0.0301698000301698,912.04,5776,4.0,1002001,652.2,108.7,21.0,-1.0,-0.8000000000000007
137,230.3,19.3,116.0,61.3,156.7,58,0.25,1001,81,29.5,0.6,1.6,2023,9,10,18,6,253,36,-1.0,-1.8369701987210297e-16,-1.0,-1.8369701987210297e-16,-0.7818314824680299,0.6234898018587334,3,2,1,67.0,46.0,73.0,45.0,59.0,32.0,54.0,11.357816691600815,67.0,46.0,64.83333333333333,15.065412927187362,86.0,46.0,59.0,14.46626168962512,86.0,45.0,53.125,18.55031348615968,88.0,27.0,30.2,31.9,32.9,76.0,67.0,64.0,2.0,2.4,0.66,1001.0,1001.0,1003.0,2389.5,129.6,47.2,14.5,0.7993344317384709,11.932024247448318,6.010051292679135,23.895,28.7,0.0294705000294705,870.25,6561,2.5600000000000005,1002001,632.6,105.43333333333334,-18.0,-24.0,-0.6999999999999993
145,270.2,22.0,101.0,65.0,150.0,62,0.0,1002,87,28.7,0.0,1.2,2023,9,10,19,6,253,36,-0.9659258262890684,0.2588190451025203,-1.0,-1.8369701987210297e-16,-0.7818314824680299,0.6234898018587334,3,2,1,49.0,67.0,46.0,86.0,48.0,34.0,56.0,9.64365076099326,67.0,49.0,59.166666666666664,11.47896627169291,73.0,46.0,59.333333333333336,14.233975572764228,86.0,45.0,53.875,18.101915584437535,88.0,27.0,29.5,31.0,33.8,81.0,71.0,58.0,1.6,2.4,2.0,1001.0,1001.0,1002.0,2496.9,104.39999999999999,34.44,0.0,0.7999876924970385,12.281259942729875,4.590700422708059,24.969,28.099999999999998,0.02864268598534333,823.6899999999999,7569,1.44,1004004,660.2,110.03333333333335,3.0,6.0,-0.8000000000000007
110,291.2,22.0,91.0,48.8,147.7,75,0.0,1003,88,28.5,0.0,1.2,2023,9,10,20,6,253,36,-0.8660254037844386,0.5000000000000001,-1.0,-1.8369701987210297e-16,-0.7818314824680299,0.6234898018587334,3,2,1,52.0,49.0,67.0,68.0,49.0,33.0,46.666666666666664,6.806859285554556,52.0,39.0,54.333333333333336,13.017936344392798,73.0,39.0,58.5,15.15675666913146,86.0,39.0,54.125,17.840629010163195,88.0,27.0,28.7,30.2,32.9,87.0,76.0,62.0,1.2,2.0,2.0,1002.0,1001.0,1001.0,2508.0,105.6,34.199999999999996,0.0,0.7991639515583698,13.23576201081769,4.136175628380528,25.08,27.9,0.028414727403063406,812.25,7744,1.44,1006009,639.7,106.61666666666667,-13.0,-28.0,-0.1999999999999993
89,312.2,22.0,81.0,37.5,145.3,87,0.0,1003,90,28.2,0.0,1.2,2023,9,10,21,6,253,36,-0.7071067811865477,0.7071067811865474,-1.0,-1.8369701987210297e-16,-0.7818314824680299,0.6234898018587334,3,2,1,39.0,52.0,49.0,73.0,48.0,32.0,40.333333333333336,11.060440015358386,52.0,30.0,47.166666666666664,12.512660255383834,67.0,30.0,57.0,17.061386493802242,86.0,30.0,54.041666666666664,17.95278630831158,88.0,27.0,28.5,29.5,31.9,88.0,81.0,67.0,1.2,1.6,2.4,1003.0,1001.0,1001.0,2538.0,108.0,33.839999999999996,0.0,0.7999786672355405,14.190264078905503,3.681650834052997,25.38,27.599999999999998,0.02811562500934695,795.24,8100,1.44,1006009,628.0,104.66666666666667,-9.0,-19.0,-0.3000000000000007
54,333.2,22.0,71.0,17.5,143.0,100,0.0,1004,92,28.0,0.0,1.2,2023,9,10,22,6,253,36,-0.5000000000000004,0.8660254037844384,-1.0,-1.8369701987210297e-16,-0.7818314824680299,0.6234898018587334,3,3,1,30.0,39.0,52.0,46.0,51.0,35.0,27.666666666666668,12.662279942148746,39.0,14.0,41.833333333333336,18.49774761063254,67.0,14.0,53.916666666666664,21.107768209544744,86.0,14.0,53.166666666666664,19.37651349862338,88.0,14.0,28.2,28.7,31.0,90.0,87.0,71.0,1.2,1.2,2.4,1003.0,1002.0,1001.0,2576.0,110.39999999999999,33.6,0.0,0.7999542883263813,15.144766146993318,3.2271260397254666,25.76,27.4,0.027888418437830242,784.0,8464,1.44,1008016,600.7,100.11666666666667,-16.0,-38.0,-0.1999999999999993
78,291.6,19.3,72.7,31.3,137.0,91,0.0,1004,93,28.0,0.0,1.2,2023,9,10,23,6,253,36,-0.25881904510252157,0.9659258262890681,-1.0,-1.8369701987210297e-16,-0.7818314824680299,0.6234898018587334,3,3,1,14.0,30.0,39.0,67.0,78.0,31.0,23.0,8.18535277187304,30.0,14.0,34.833333333333336,14.60707591089542,52.0,14.0,49.5,21.155270136432765,86.0,14.0,52.916666666666664,19.71077098323752,88.0,14.0,28.0,28.5,30.2,92.0,88.0,76.0,1.2,1.2,2.0,1004.0,1003.0,1001.0,2604.0,111.6,33.6,0.0,0.7986965272674994,15.108025490907206,3.7666442153256305,26.04,27.4,0.027888418437830242,784.0,8649,1.44,1008016,576.9000000000001,96.15000000000002,11.0,-14.0,0.0
80,250.0,16.7,74.3,32.5,131.0,83,0.0,1003,93,28.0,0.0,0.8,2023,9,11,0,0,254,37,0.0,1.0,-1.0,-1.8369701987210297e-16,0.0,1.0,3,3,0,25.0,14.0,30.0,49.0,45.0,35.0,21.666666666666668,6.65832811848013,26.0,14.0,31.0,13.084341787036683,52.0,14.0,47.916666666666664,22.207526706597296,86.0,14.0,52.541666666666664,20.147238815382934,88.0,14.0,28.0,28.2,29.5,93.0,90.0,81.0,1.2,1.2,1.6,1004.0,1003.0,1001.0,2604.0,74.4,22.400000000000002,0.0,0.7999753853727578,14.969163523142326,4.4488353990778995,26.04,27.6,0.02791622341353598,784.0,8649,0.6400000000000001,1006009,530.5,88.41666666666667,1.0,-4.0,0.0
110,208.3,14.0,76.0,48.8,125.0,75,0.0,1003,94,28.0,0.0,0.8,2023,9,11,1,0,254,37,0.25881904510252074,0.9659258262890683,-1.0,-1.8369701987210297e-16,0.0,1.0,3,3,0,26.0,25.0,14.0,52.0,86.0,27.0,30.0,7.810249675907222,39.0,25.0,28.833333333333332,9.495613022162434,39.0,14.0,44.0,18.756816942599084,73.0,14.0,53.041666666666664,19.628017168604412,88.0,14.0,28.0,28.0,28.7,93.0,92.0,87.0,0.8,1.2,1.2,1003.0,1004.0,1002.0,2632.0,75.2,22.400000000000002,0.0,0.7991639515583698,14.877508749375046,5.428183701164203,26.32,27.6,0.02791622341353598,784.0,8836,0.6400000000000001,1006009,511.1,85.18333333333334,13.0,25.0,0.0
110,189.5,13.3,75.3,48.8,129.3,70,0.0,1002,94,27.8,0.0,0.4,2023,9,11,2,0,254,37,0.49999999999999994,0.8660254037844387,-1.0,-1.8369701987210297e-16,0.0,1.0,3,3,0,39.0,26.0,25.0,39.0,68.0,56.0,34.666666666666664,7.50555349946569,39.0,26.0,28.833333333333332,9.495613022162434,39.0,14.0,41.583333333333336,17.185926236489298,73.0,14.0,52.333333333333336,19.82239986055923,88.0,14.0,28.0,28.0,28.5,94.0,93.0,88.0,0.8,1.2,1.2,1003.0,1004.0,1003.0,2613.2000000000003,37.6,11.120000000000001,0.0,0.7991639515583698,14.247049094053079,5.661228479061724,26.132,27.6,0.027744483288938835,772.84,8836,0.16000000000000003,1004004,495.20000000000005,82.53333333333335,0.0,14.0,-0.1999999999999993
134,170.6,12.7,74.7,60.0,133.7,66,0.75,1002,94,27.7,0.0,0.8,2023,9,11,3,0,254,37,0.7071067811865476,0.7071067811865476,-1.0,-1.8369701987210297e-16,0.0,1.0,3,3,0,39.0,39.0,26.0,30.0,73.0,83.0,42.0,5.196152422707353,48.0,39.0,31.833333333333332,12.351787994726148,48.0,14.0,39.5,14.305116694258546,67.0,14.0,50.875,18.72527355114555,88.0,14.0,27.8,28.0,28.2,94.0,93.0,90.0,0.4,0.8,1.2,1002.0,1003.0,1003.0,2603.7999999999997,75.2,22.16,49.5,0.7999866668888852,13.432013227304937,5.881426659318165,26.037999999999997,27.3,0.027644682989338334,767.29,8836,0.6400000000000001,1004004,499.7,83.28333333333333,9.0,22.0,-0.10000000000000142
131,151.7,12.0,74.0,58.8,138.0,62,1.0,1001,94,27.5,0.0,1.2,2023,9,11,4,0,254,37,0.8660254037844386,0.5000000000000001,-1.0,-1.8369701987210297e-16,0.0,1.0,3,3,0,48.0,39.0,39.0,14.0,46.0,88.0,44.666666666666664,4.932882862316976,48.0,39.0,37.333333333333336,9.933109617167297,48.0,25.0,39.583333333333336,14.349268801981028,67.0,14.0,49.166666666666664,16.9799540806129,86.0,14.0,27.7,28.0,28.0,94.0,94.0,92.0,0.8,0.8,1.2,1002.0,1003.0,1004.0,2585.0,112.8,33.0,62.0,0.7993061342494175,12.64061328222648,6.166152820598284,25.85,26.9,0.0274725000274725,756.25,8836,1.44,1002001,481.5,80.25,-1.0,8.0,-0.1999999999999993
118,159.7,14.0,70.3,52.5,140.7,75,5.0,1002,94,27.6,0.0,1.6,2023,9,11,5,0,254,37,0.9659258262890683,0.25881904510252074,-1.0,-1.8369701987210297e-16,0.0,1.0,3,3,0,47.0,48.0,39.0,25.0,67.0,54.0,45.666666666666664,3.2145502536654185,48.0,42.0,40.166666666666664,7.935153852740453,48.0,26.0,37.5,11.54831746894878,52.0,14.0,48.666666666666664,17.008096963471626,86.0,14.0,27.5,27.8,28.0,94.0,94.0,93.0,1.2,0.4,1.2,1001.0,1002.0,1004.0,2594.4,150.4,44.160000000000004,375.0,0.7999847621950058,11.40632811942004,5.021069923576888,25.944000000000003,26.8,0.027544882689737836,761.7600000000001,8836,2.5600000000000005,1004004,479.2,79.86666666666666,-5.0,3.0,0.10000000000000142
110,167.7,16.0,66.7,48.8,143.3,87,1.25,1002,94,27.6,0.6,1.2,2023,9,11,6,0,254,37,1.0,6.123233995736766e-17,-1.0,-1.8369701987210297e-16,0.0,1.0,3,0,0,42.0,47.0,48.0,26.0,49.0,59.0,42.666666666666664,4.041451884328299,47.0,39.0,42.333333333333336,4.179314138308081,48.0,39.0,36.666666666666664,10.990353897298762,52.0,14.0,47.833333333333336,16.969708733291956,86.0,14.0,27.6,27.7,28.0,94.0,94.0,93.0,1.6,0.8,0.8,1002.0,1002.0,1003.0,2594.4,112.8,33.12,108.75,0.7991639515583698,10.480594962814823,4.168489469408162,25.944000000000003,27.0,0.027544882689737836,761.7600000000001,8836,1.44,1004004,481.5,80.25,-3.0,-9.0,0.0
112,175.7,18.0,63.0,50.0,146.0,100,0.75,1002,94,27.7,0.7,0.8,2023,9,11,7,0,254,37,0.9659258262890683,-0.25881904510252063,-1.0,-1.8369701987210297e-16,0.0,1.0,3,0,0,39.0,42.0,47.0,39.0,52.0,48.0,40.333333333333336,1.5275252316544659,42.0,39.0,42.5,4.03732584763667,48.0,39.0,35.666666666666664,9.966610925150274,48.0,14.0,47.5,17.044698270443106,86.0,14.0,27.6,27.5,28.0,94.0,94.0,94.0,1.2,1.2,0.8,1002.0,1001.0,1003.0,2603.7999999999997,75.2,22.16,75.0,0.7999840003199936,9.760568857285705,3.4998055663574243,26.037999999999997,27.3,0.027644682989338334,767.29,8836,0.6400000000000001,1004004,492.7,82.11666666666666,1.0,-7.0,0.09999999999999787
118,166.5,15.3,81.7,52.5,132.0,93,0.0,1002,89,28.6,1.2,0.16,2023,9,11,8,0,254,37,0.8660254037844387,-0.4999999999999998,-1.0,-1.8369701987210297e-16,0.0,1.0,3,0,0,40.0,39.0,42.0,39.0,39.0,49.0,40.333333333333336,1.5275252316544659,42.0,39.0,43.0,3.687817782916504,48.0,39.0,35.916666666666664,10.09462803433126,48.0,14.0,47.208333333333336,17.077773927501553,86.0,14.0,27.7,27.6,27.8,94.0,94.0,94.0,0.8,1.6,0.4,1002.0,1002.0,1002.0,2545.4,14.24,4.5760000000000005,0.0,0.7999847621950058,10.881641722763218,5.339520292791321,25.454,28.520000000000003,0.02854288568574283,817.96,7921,0.0256,1004004,490.0,81.66666666666667,2.0,0.0,0.9000000000000021
134,157.4,12.7,100.3,60.0,118.0,87,0.0,1002,83,29.5,1.9,0.33,2023,9,11,9,0,254,37,0.7071067811865476,-0.7071067811865475,-1.0,-1.8369701987210297e-16,0.0,1.0,3,0,0,42.0,40.0,39.0,48.0,30.0,48.0,43.333333333333336,4.163331998933149,48.0,40.0,43.0,3.687817782916504,48.0,39.0,37.416666666666664,10.46603453022538,48.0,14.0,47.208333333333336,17.077773927501553,86.0,14.0,28.6,27.6,27.7,89.0,94.0,94.0,0.16,1.2,0.8,1002.0,1002.0,1002.0,2448.5,27.39,9.735000000000001,0.0,0.7999866668888852,12.39272498228486,7.897015982993466,24.485,29.335,0.029441088382147325,870.25,6889,0.10890000000000001,1004004,496.4,82.73333333333333,6.0,9.0,0.8999999999999986
148,148.2,10.0,119.0,66.3,104.0,81,0.0,1002,79,30.4,2.6,0.5,2023,9,11,10,0,254,37,0.49999999999999994,-0.8660254037844387,-1.0,-1.8369701987210297e-16,0.0,1.0,3,0,0,48.0,42.0,40.0,47.0,14.0,51.0,47.666666666666664,5.507570547286724,53.0,42.0,44.0,5.403702434442081,53.0,39.0,40.666666666666664,8.381075363127035,53.0,25.0,47.291666666666664,17.101942850897778,86.0,14.0,29.5,27.7,27.5,83.0,94.0,94.0,0.33,0.8,1.2,1002.0,1002.0,1001.0,2401.6,39.5,15.2,0.0,0.7993846246662946,14.81851814818518,11.898810118988102,24.016,30.15,0.03033929107855182,924.16,6241,0.25,1004004,500.5,83.41666666666667,5.0,13.0,0.8999999999999986
148,141.4,9.0,129.3,66.3,101.0,75,0.5,1001,74,31.2,3.5,0.66,2023,9,11,11,0,254,37,0.258819045102521,-0.9659258262890682,-1.0,-1.8369701987210297e-16,0.0,1.0,3,0,0,53.0,48.0,42.0,42.0,25.0,78.0,51.333333333333336,2.8867513459492415,53.0,48.0,45.833333333333336,6.3691967049748195,53.0,39.0,43.0,7.471156658655485,53.0,26.0,46.25,15.86697417799714,86.0,14.0,30.4,28.6,27.6,79.0,89.0,94.0,0.5,0.16,1.6,1002.0,1002.0,1002.0,2308.7999999999997,48.84,20.592,37.5,0.7993846246662946,15.709365626041553,14.365070547716922,23.087999999999997,30.87,0.0311688000311688,973.4399999999999,5476,0.43560000000000004,1002001,500.00000000000006,83.33333333333334,0.0,11.0,0.8000000000000007
241,134.6,8.0,139.7,155.0,98.0,68,0.0,1001,70,32.1,3.4,0.83,2023,9,11,12,0,254,37,1.2246467991473532e-16,-1.0,-1.0,-1.8369701987210297e-16,0.0,1.0,3,1,0,53.0,53.0,48.0,39.0,26.0,45.0,76.66666666666667,40.991869112463476,124.0,53.0,60.0,31.8182337661913,124.0,40.0,51.166666666666664,23.52110593153335,124.0,39.0,49.541666666666664,22.432467089247176,124.0,14.0,31.2,29.5,27.6,74.0,83.0,94.0,0.66,0.33,1.2,1001.0,1002.0,1002.0,2247.0,58.099999999999994,26.643,0.0,0.7999948387429758,16.82289713785777,17.46031746031746,22.47,31.685000000000002,0.0320679000320679,1030.41,4900,0.6889,1002001,659.3,109.88333333333333,71.0,76.0,0.9000000000000021
161,127.8,7.0,150.0,80.0,95.0,62,0.0,1001,65,33.0,3.1,1.0,2023,9,11,13,0,254,37,-0.2588190451025208,-0.9659258262890683,-1.0,-1.8369701987210297e-16,0.0,1.0,3,1,0,124.0,53.0,53.0,40.0,39.0,86.0,80.33333333333333,38.214307966170686,124.0,53.0,64.0,30.272099365587394,124.0,42.0,53.25,23.452563341193986,124.0,39.0,48.625,21.298729294613555,124.0,14.0,32.1,30.4,27.7,70.0,79.0,94.0,0.83,0.5,0.8,1001.0,1002.0,1002.0,2145.0,65.0,33.0,0.0,0.7999900001249984,18.25453506641908,21.425510641336952,21.45,32.5,0.032967000032967,1089.0,4225,1.0,1002001,523.8,87.3,-60.0,11.0,0.8999999999999986
83,132.7,8.3,146.3,30.0,101.7,66,0.0,1000,65,32.7,2.5,1.33,2023,9,11,14,0,254,37,-0.4999999999999997,-0.8660254037844388,-1.0,-1.8369701987210297e-16,0.0,1.0,3,1,0,64.0,124.0,53.0,42.0,39.0,68.0,70.66666666666667,50.3322295684717,124.0,24.0,61.0,33.59761896325388,124.0,24.0,52.0,24.65028120805831,124.0,24.0,46.791666666666664,21.451622350052833,124.0,14.0,33.0,31.2,28.6,65.0,74.0,89.0,1.0,0.66,0.16,1001.0,1001.0,1002.0,2125.5,86.45,43.49100000000001,0.0,0.7999733342221925,15.986025780026502,17.62438260450548,21.255,32.035000000000004,0.0326999673000327,1069.2900000000002,4225,1.7689000000000001,1000000,443.0,73.83333333333333,-40.0,-29.0,-0.29999999999999716
155,137.5,9.7,142.7,73.8,108.3,70,1.5,1000,64,32.3,1.7,1.66,2023,9,11,15,0,254,37,-0.7071067811865471,-0.7071067811865479,-1.0,-1.8369701987210297e-16,0.0,1.0,3,1,0,24.0,64.0,124.0,48.0,48.0,73.0,49.0,21.79449471770352,64.0,24.0,62.833333333333336,33.04189260116108,124.0,24.0,52.916666666666664,24.692502849441688,124.0,24.0,46.208333333333336,20.890978220622014,124.0,14.0,32.7,32.1,29.5,65.0,70.0,83.0,1.33,0.83,0.33,1000.0,1001.0,1002.0,2067.2,106.24,53.617999999999995,105.0,0.799447161962575,14.173796515823113,14.709823729512422,20.671999999999997,31.47,0.032299967700032295,1043.2899999999997,4096,2.7556,1000000,531.0,88.5,35.0,-65.0,-0.4000000000000057
115,142.4,11.0,139.0,51.3,115.0,75,1.25,1000,63,32.0,1.0,2.0,2023,9,11,16,0,254,37,-0.8660254037844385,-0.5000000000000004,-1.0,-1.8369701987210297e-16,0.0,1.0,3,1,0,59.0,24.0,64.0,53.0,47.0,46.0,41.333333333333336,17.502380790433655,59.0,24.0,60.833333333333336,34.10229708783066,124.0,24.0,52.416666666666664,24.88321206002616,124.0,24.0,46.0,20.91805959909558,124.0,14.0,32.3,33.0,30.4,64.0,65.0,79.0,1.66,1.0,0.5,1000.0,1001.0,1002.0,2016.0,126.0,64.0,93.75,0.7992046938656168,12.944277792927917,12.635214980456324,20.16,31.0,0.031999968000032,1024.0,3969,4.0,1000000,499.7,83.28333333333333,-18.0,-23.0,-0.29999999999999716
126,180.1,14.0,124.7,56.3,117.0,79,1.0,1000,70,30.6,0.7,1.33,2023,9,11,17,0,254,37,-0.9659258262890683,-0.25881904510252063,-1.0,-1.8369701987210297e-16,0.0,1.0,3,1,0,41.0,59.0,24.0,53.0,42.0,67.0,48.333333333333336,9.45163125250558,59.0,41.0,59.5,34.6222471829891,124.0,24.0,52.666666666666664,24.78391462708047,124.0,24.0,45.083333333333336,20.434235268649097,124.0,14.0,32.0,32.7,31.2,63.0,65.0,74.0,2.0,1.33,0.66,1000.0,1000.0,1001.0,2142.0,93.10000000000001,40.69800000000001,79.0,0.7992753237065062,12.863366902364117,8.906506678094422,21.42,29.935000000000002,0.030599969400030604,936.3600000000001,4900,1.7689000000000001,1000000,537.1,89.51666666666667,4.0,21.0,-1.3999999999999986
179,217.9,17.0,110.3,96.3,119.0,83,0.0,1001,79,29.2,0.6,0.66,2023,9,11,18,0,254,37,-1.0,-1.8369701987210297e-16,-1.0,-1.8369701987210297e-16,0.0,1.0,3,2,0,45.0,41.0,59.0,124.0,39.0,49.0,54.333333333333336,19.731531449265145,77.0,41.0,51.666666666666664,18.82197297486803,77.0,24.0,55.833333333333336,25.301215685249268,124.0,24.0,46.25,21.442035107825657,124.0,14.0,30.6,32.3,32.1,70.0,64.0,70.0,1.33,1.66,0.83,1000.0,1000.0,1001.0,2306.7999999999997,52.14,19.272000000000002,0.0,0.7995763283870365,12.816893123933886,6.487853655667313,23.067999999999998,28.87,0.0291708000291708,852.64,6241,0.43560000000000004,1002001,637.5,106.25,32.0,18.0,-1.4000000000000021
164,255.6,20.0,96.0,82.5,121.0,87,0.0,1001,89,27.8,0.0,1.6,2023,9,11,19,0,254,37,-0.9659258262890684,0.2588190451025203,-1.0,-1.8369701987210297e-16,0.0,1.0,3,2,0,77.0,45.0,41.0,64.0,40.0,52.0,62.666666666666664,16.258331197676426,77.0,45.0,52.0,19.099738218101205,77.0,24.0,58.0,24.932636515947358,124.0,24.0,46.833333333333336,21.792832221441415,124.0,14.0,29.2,32.0,33.0,79.0,63.0,65.0,0.66,2.0,1.0,1001.0,1000.0,1001.0,2474.2000000000003,142.4,44.480000000000004,0.0,0.7999903031478406,12.779361031948401,4.7997600119994,24.742000000000004,27.0,0.0277722000277722,772.84,7921,2.5600000000000005,1002001,641.1,106.85000000000001,-11.0,25.0,-1.3999999999999986
145,249.8,19.3,85.3,65.0,114.7,91,0.0,1002,89,27.8,0.0,0.66,2023,9,11,20,0,254,37,-0.8660254037844386,0.5000000000000001,-1.0,-1.8369701987210297e-16,0.0,1.0,3,2,0,66.0,77.0,45.0,24.0,42.0,39.0,65.0,12.529964086141867,77.0,52.0,56.666666666666664,13.485794995722827,77.0,41.0,58.833333333333336,24.512829046823132,124.0,24.0,47.375,21.751186874163764,124.0,14.0,27.8,30.6,32.7,89.0,70.0,65.0,1.6,1.33,1.33,1001.0,1000.0,1000.0,2474.2000000000003,58.74,18.348000000000003,0.0,0.7999876924970385,12.942334594062483,4.419460131599398,24.742000000000004,27.470000000000002,0.027744483288938835,772.84,7921,0.43560000000000004,1004004,586.1,97.68333333333334,-14.0,7.0,0.0
134,243.9,18.7,74.7,60.0,108.3,95,0.0,1003,89,27.8,0.0,1.33,2023,9,11,21,0,254,37,-0.7071067811865477,0.7071067811865474,-1.0,-1.8369701987210297e-16,0.0,1.0,3,2,0,52.0,66.0,77.0,59.0,48.0,30.0,55.333333333333336,9.451631252505548,66.0,48.0,54.833333333333336,13.847984209503661,77.0,41.0,58.833333333333336,24.512829046823132,124.0,24.0,48.125,21.43404950682165,124.0,14.0,27.8,29.2,32.3,89.0,79.0,64.0,0.66,0.66,1.66,1002.0,1001.0,1000.0,2474.2000000000003,118.37,36.974000000000004,0.0,0.7999866668888852,13.042083311052885,3.9944388000641675,24.742000000000004,27.135,0.02771682181772501,772.84,7921,1.7689000000000001,1006009,553.6,92.26666666666667,-4.0,-29.0,0.0
107,238.1,18.0,64.0,47.5,102.0,100,0.0,1004,89,27.8,0.0,2.0,2023,9,11,22,0,254,37,-0.5000000000000004,0.8660254037844384,-1.0,-1.8369701987210297e-16,0.0,1.0,3,3,0,48.0,52.0,66.0,41.0,53.0,14.0,46.0,7.211102550928505,52.0,38.0,54.333333333333336,14.486775578667004,77.0,38.0,57.583333333333336,25.20987661191278,124.0,24.0,49.125,20.30273594756466,124.0,24.0,27.8,27.8,32.0,89.0,89.0,63.0,1.33,1.6,2.0,1003.0,1001.0,1000.0,2474.2000000000003,178.0,55.6,0.0,0.7999831582493001,13.227042942058773,3.555358035664685,24.742000000000004,26.8,0.0276892154489886,772.84,7921,4.0,1008016,507.6,84.60000000000001,-10.0,-28.0,0.0
102,227.0,18.0,57.7,45.0,98.7,75,0.0,1003,90,27.8,0.0,1.33,2023,9,11,23,0,254,37,-0.25881904510252157,0.9659258262890681,-1.0,-1.8369701987210297e-16,0.0,1.0,3,3,0,38.0,48.0,52.0,45.0,53.0,25.0,40.666666666666664,6.429100507329287,48.0,36.0,52.833333333333336,16.030179870065794,77.0,36.0,56.166666666666664,25.957424348110255,124.0,24.0,49.583333333333336,19.85363107007581,124.0,24.0,27.8,27.8,30.6,89.0,89.0,70.0,2.0,0.66,1.33,1004.0,1002.0,1000.0,2502.0,119.7,36.974000000000004,0.0,0.7999822226172753,12.61041053274818,3.2053774790289427,25.02,27.135,0.02771682181772501,772.84,8100,1.7689000000000001,1006009,482.4,80.39999999999999,-2.0,-16.0,0.0
110,215.9,18.0,51.3,48.8,95.3,50,0.0,1003,91,27.8,0.0,0.66,2023,9,12,0,1,255,37,0.0,1.0,-1.0,-1.8369701987210297e-16,0.7818314824680298,0.6234898018587336,3,3,0,36.0,38.0,48.0,77.0,124.0,26.0,37.666666666666664,1.527525231654823,39.0,36.0,46.5,11.414902540100604,66.0,36.0,49.083333333333336,15.08435874632622,77.0,24.0,50.125,19.353266211249498,124.0,24.0,27.8,27.8,29.2,90.0,89.0,79.0,1.33,1.33,0.66,1003.0,1003.0,1001.0,2529.8,60.06,18.348000000000003,0.0,0.7991639515583698,11.993778123437586,2.849841675462474,25.298000000000002,27.470000000000002,0.02771682181772501,772.84,8281,0.43560000000000004,1006009,468.3,78.05,3.0,-9.0,0.0
93,204.8,18.0,45.0,40.0,92.0,25,0.0,1002,93,27.8,0.0,1.2,2023,9,12,1,1,255,37,0.25881904510252074,0.9659258262890683,-1.0,-1.8369701987210297e-16,0.7818314824680298,0.6234898018587336,3,3,0,39.0,36.0,38.0,66.0,64.0,39.0,35.666666666666664,3.5118845842855375,39.0,32.0,40.833333333333336,7.600438583835893,52.0,32.0,46.416666666666664,15.036067748361717,77.0,24.0,49.833333333333336,19.57964041652943,124.0,24.0,27.8,27.8,27.8,91.0,89.0,89.0,0.66,2.0,1.6,1003.0,1004.0,1001.0,2585.4,111.6,33.36,0.0,0.7999800004999875,11.377145714126993,2.4998611188267317,25.854,27.2,0.027744483288938835,772.84,8649,1.44,1004004,431.8,71.96666666666667,-7.0,-6.0,0.0
80,200.6,17.7,41.7,32.5,90.7,25,0.0,1002,93,27.6,0.0,0.8,2023,9,12,2,1,255,37,0.49999999999999994,0.8660254037844387,-1.0,-1.8369701987210297e-16,0.7818314824680298,0.6234898018587336,3,3,0,32.0,39.0,36.0,52.0,24.0,39.0,32.333333333333336,6.506407098648444,39.0,26.0,36.5,7.3688533707758275,48.0,26.0,46.583333333333336,14.773799494887614,77.0,26.0,49.291666666666664,20.066149663521728,124.0,24.0,27.8,27.8,27.8,93.0,90.0,89.0,1.2,1.33,0.66,1002.0,1003.0,1002.0,2566.8,74.4,22.080000000000002,0.0,0.7999753853727578,11.332693068188238,2.3557991073950624,25.668000000000003,27.200000000000003,0.027544882689737836,761.7600000000001,8649,0.6400000000000001,1004004,409.2,68.2,-6.0,-10.0,-0.1999999999999993
100,196.3,17.3,38.3,43.8,89.3,25,0.0,1002,94,27.4,0.0,0.4,2023,9,12,3,1,255,37,0.7071067811865476,0.7071067811865476,-1.0,-1.8369701987210297e-16,0.7818314824680298,0.6234898018587336,3,3,0,26.0,32.0,39.0,48.0,59.0,48.0,31.0,4.582575694956899,35.0,26.0,34.333333333333336,4.760952285694608,39.0,26.0,44.583333333333336,14.563081175813164,77.0,26.0,48.75,20.276887678168357,124.0,24.0,27.6,27.8,27.8,93.0,91.0,89.0,0.8,0.66,1.33,1002.0,1003.0,1003.0,2575.6,37.6,10.96,0.0,0.7990685144174792,11.346164961562915,2.213744870238714,25.756,27.2,0.027345282090536834,750.7599999999999,8836,0.16000000000000003,1004004,420.00000000000006,70.00000000000001,9.0,-4.0,-0.20000000000000284
89,192.0,17.0,35.0,37.5,88.0,25,0.5,1001,94,27.2,0.0,0.8,2023,9,12,4,1,255,37,0.8660254037844386,0.5000000000000001,-1.0,-1.8369701987210297e-16,0.7818314824680298,0.6234898018587336,3,3,0,35.0,26.0,32.0,38.0,41.0,47.0,30.333333333333332,4.509249752823981,35.0,26.0,33.0,4.647580015448244,39.0,26.0,43.666666666666664,15.143755588800419,77.0,26.0,48.041666666666664,20.634456549700094,124.0,24.0,27.4,27.8,27.8,94.0,93.0,89.0,0.4,1.2,2.0,1002.0,1002.0,1004.0,2556.7999999999997,75.2,21.76,12.5,0.7999786672355405,11.293453326274925,2.0587024292688665,25.567999999999998,26.8,0.0271728000271728,739.8399999999999,8836,0.6400000000000001,1002001,399.5,66.58333333333333,-5.0,-2.0,-0.1999999999999993
121,182.5,18.0,40.3,53.8,112.0,25,0.5,1002,94,27.3,0.0,0.8,2023,9,12,5,1,255,37,0.9659258262890683,0.25881904510252074,-1.0,-1.8369701987210297e-16,0.7818314824680298,0.6234898018587336,3,3,0,30.0,35.0,26.0,36.0,45.0,42.0,36.0,6.557438524302685,43.0,30.0,34.166666666666664,6.177917664283062,43.0,26.0,43.5,15.138752200290776,77.0,26.0,48.083333333333336,20.62273263777832,124.0,24.0,27.2,27.6,27.8,94.0,93.0,90.0,0.8,0.8,1.33,1001.0,1002.0,1003.0,2566.2000000000003,75.2,21.840000000000003,12.5,0.7992416497834613,10.138325648575078,2.2387645130826064,25.662000000000003,26.900000000000002,0.02724548179093634,745.2900000000001,8836,0.6400000000000001,1004004,449.6,74.93333333333334,13.0,17.0,0.10000000000000142
148,172.9,19.0,45.7,66.3,136.0,25,1.0,1002,94,27.4,0.6,0.4,2023,9,12,6,1,255,37,1.0,6.123233995736766e-17,-1.0,-1.8369701987210297e-16,0.7818314824680298,0.6234898018587336,3,0,0,43.0,30.0,35.0,39.0,77.0,39.0,42.0,11.532562594671148,53.0,30.0,36.5,9.894442884770939,53.0,26.0,41.5,11.445523142259203,66.0,26.0,48.666666666666664,20.55251315779804,124.0,24.0,27.3,27.4,27.8,94.0,94.0,91.0,0.8,0.4,0.66,1002.0,1002.0,1003.0,2575.6,37.6,10.96,25.0,0.7993846246662946,9.09952107783801,2.405136571759381,25.756,27.2,0.027345282090536834,750.7599999999999,8836,0.16000000000000003,1004004,492.90000000000003,82.15,10.0,18.0,0.09999999999999787
107,163.4,20.0,51.0,47.5,160.0,25,1.5,1002,94,27.5,0.7,1.2,2023,9,12,7,1,255,37,0.9659258262890683,-0.25881904510252063,-1.0,-1.8369701987210297e-16,0.7818314824680298,0.6234898018587336,3,0,0,53.0,43.0,30.0,32.0,66.0,40.0,44.666666666666664,7.637626158260239,53.0,38.0,37.5,9.648834126462864,53.0,26.0,39.166666666666664,8.462036433746432,53.0,26.0,48.583333333333336,20.593195724436256,124.0,24.0,27.4,27.2,27.8,94.0,94.0,93.0,0.4,0.8,1.2,1002.0,1001.0,1002.0,2585.0,112.8,33.0,37.5,0.7999831582493001,8.169591520423978,2.549872506374681,25.85,26.9,0.027445082390137335,756.25,8836,1.44,1004004,479.9,79.98333333333333,-15.0,8.0,0.10000000000000142
104,158.5,20.0,57.3,46.3,164.0,45,2.0,1003,90,28.2,1.1,0.33,2023,9,12,8,1,255,37,0.8660254037844387,-0.4999999999999998,-1.0,-1.8369701987210297e-16,0.7818314824680298,0.6234898018587336,3,0,0,38.0,53.0,43.0,26.0,52.0,42.0,42.666666666666664,8.962886439832948,53.0,37.0,39.333333333333336,7.9162280580249345,53.0,30.0,37.916666666666664,7.440165361472301,53.0,26.0,48.375,20.68776681162532,124.0,24.0,27.5,27.3,27.6,94.0,94.0,93.0,1.2,0.8,0.8,1002.0,1002.0,1002.0,2538.0,29.700000000000003,9.306000000000001,90.0,0.799118809528952,7.924603769811509,2.8648567571621415,25.38,28.035,0.02811562500934695,795.24,8100,0.10890000000000001,1006009,483.1,80.51666666666667,-1.0,-6.0,0.6999999999999993
91,153.7,20.0,63.7,38.8,168.0,66,2.0,1003,87,28.9,1.8,0.66,2023,9,12,9,1,255,37,0.7071067811865476,-0.7071067811865475,-1.0,-1.8369701987210297e-16,0.7818314824680298,0.6234898018587336,3,0,0,37.0,38.0,53.0,35.0,48.0,48.0,35.333333333333336,3.7859388972013766,38.0,31.0,38.666666666666664,8.50098033562372,53.0,30.0,36.5,6.947857747012326,53.0,26.0,47.666666666666664,20.989990713312363,124.0,24.0,28.2,27.4,27.4,90.0,94.0,94.0,0.33,0.4,0.4,1003.0,1002.0,1002.0,2514.2999999999997,57.42,19.074,132.0,0.7989484807092602,7.684615769211538,3.184840757962102,25.142999999999997,28.57,0.02881353059468535,835.2099999999999,7569,0.43560000000000004,1006009,475.2,79.2,-6.0,-22.0,0.6999999999999993
98,148.8,20.0,70.0,42.5,172.0,87,2.0,1004,83,29.6,2.7,1.0,2023,9,12,10,1,255,37,0.49999999999999994,-0.8660254037844387,-1.0,-1.8369701987210297e-16,0.7818314824680298,0.6234898018587336,3,0,0,31.0,37.0,38.0,30.0,38.0,53.0,34.0,3.000000000001538,37.0,31.0,39.333333333333336,7.814516406449042,53.0,31.0,36.166666666666664,6.96528186903757,53.0,26.0,46.875,21.13787554624889,124.0,24.0,28.9,27.5,27.2,87.0,94.0,94.0,0.66,1.2,0.8,1003.0,1002.0,1001.0,2456.8,83.0,29.6,174.0,0.7999811769134845,7.43962801859907,3.4998250087495624,24.568,29.1,0.0294820423485634,876.1600000000001,6889,1.0,1008016,487.3,81.21666666666667,3.0,-4.0,0.7000000000000028
134,150.0,19.0,78.0,60.0,164.3,91,0.5,1003,80,29.8,3.2,1.33,2023,9,12,11,1,255,37,0.258819045102521,-0.9659258262890682,-1.0,-1.8369701987210297e-16,0.7818314824680298,0.6234898018587336,3,0,0,34.0,31.0,37.0,43.0,36.0,53.0,37.666666666666664,9.073771725877947,48.0,31.0,40.166666666666664,8.518607084885494,53.0,31.0,37.166666666666664,7.75574078676608,53.0,26.0,46.666666666666664,21.099488282826016,124.0,24.0,29.6,28.2,27.3,83.0,90.0,94.0,1.0,0.33,0.8,1004.0,1003.0,1002.0,2384.0,106.4,39.634,45.5,0.7999866668888852,7.8943213515078146,4.105047102784064,23.84,29.135,0.02971083777583472,888.0400000000001,6400,1.7689000000000001,1006009,519.3,86.55,14.0,11.0,0.1999999999999993
102,151.2,18.0,86.0,45.0,156.7,95,0.5,1003,78,30.0,3.4,1.66,2023,9,12,12,1,255,37,1.2246467991473532e-16,-1.0,-1.0,-1.8369701987210297e-16,0.7818314824680298,0.6234898018587336,3,1,0,48.0,34.0,31.0,53.0,39.0,124.0,39.333333333333336,7.571877794400924,48.0,34.0,37.333333333333336,5.785038173310618,48.0,31.0,36.916666666666664,7.739606911950179,53.0,26.0,43.0,13.26977605394106,77.0,24.0,29.8,28.9,27.4,80.0,87.0,94.0,1.33,0.66,0.4,1003.0,1003.0,1002.0,2340.0,129.48,49.8,47.5,0.7999822226172753,8.399533359257818,4.777512360424421,23.4,29.17,0.02991023937164569,900.0,6084,2.7556,1006009,492.9,82.14999999999999,-12.0,5.0,0.1999999999999993
95,152.3,17.0,94.0,41.3,149.0,100,0.25,1002,76,30.2,3.1,2.0,2023,9,12,13,1,255,37,-0.2588190451025208,-0.9659258262890683,-1.0,-1.8369701987210297e-16,0.7818314824680298,0.6234898018587336,3,1,0,36.0,48.0,34.0,38.0,32.0,64.0,39.0,7.93725393319431,48.0,33.0,36.5,6.0249481325563545,48.0,31.0,37.0,7.687061147857542,53.0,26.0,41.708333333333336,12.630119854389326,77.0,24.0,30.0,29.6,27.5,78.0,83.0,94.0,1.66,1.0,1.2,1003.0,1004.0,1002.0,2295.2,152.0,60.4,25.0,0.7990121304568898,8.958296570789953,5.529086524322098,22.951999999999998,29.2,0.03013969047935082,912.04,5776,4.0,1004004,486.6,81.10000000000001,-3.0,-1.0,0.1999999999999993
102,151.5,15.0,107.0,45.0,134.0,95,0.75,1001,79,30.3,2.4,1.66,2023,9,12,14,1,255,37,-0.4999999999999997,-0.8660254037844388,-1.0,-1.8369701987210297e-16,0.7818314824680298,0.6234898018587336,3,1,0,33.0,36.0,48.0,37.0,26.0,24.0,35.0,1.7320508075715146,36.0,33.0,36.333333333333336,6.022181221672174,48.0,31.0,37.833333333333336,6.886526150697032,53.0,30.0,42.208333333333336,12.126073835610377,77.0,26.0,30.2,29.8,28.2,76.0,80.0,90.0,2.0,1.33,0.33,1002.0,1003.0,1003.0,2393.7000000000003,131.14,50.298,71.25,0.7999822226172753,10.099326711552564,7.132857809479368,23.937,29.470000000000002,0.0302697000302697,918.09,6241,2.7556,1002001,488.5,81.41666666666667,3.0,-12.0,0.10000000000000142
137,150.8,13.0,120.0,61.3,119.0,91,1.25,1001,82,30.3,1.6,1.33,2023,9,12,15,1,255,37,-0.7071067811865471,-0.7071067811865479,-1.0,-1.8369701987210297e-16,0.7818314824680298,0.6234898018587336,3,1,0,36.0,33.0,36.0,31.0,35.0,59.0,39.333333333333336,8.504900548115884,49.0,33.0,39.333333333333336,7.201851613763036,49.0,33.0,39.0,7.519671172694054,53.0,30.0,41.791666666666664,11.68789476586689,77.0,26.0,30.3,30.0,28.9,79.0,78.0,87.0,1.66,1.66,0.66,1001.0,1003.0,1003.0,2484.6,109.06,40.29900000000001,113.75,0.7993344317384709,11.599107760941468,9.230059226213369,24.846,29.635,0.0302697000302697,918.09,6724,1.7689000000000001,1002001,513.1,85.51666666666667,13.0,13.0,0.0
134,150.0,11.0,133.0,60.0,104.0,87,0.5,1000,86,30.4,1.0,1.0,2023,9,12,16,1,255,37,-0.8660254037844385,-0.5000000000000004,-1.0,-1.8369701987210297e-16,0.7818314824680298,0.6234898018587336,3,1,0,49.0,36.0,33.0,34.0,30.0,41.0,44.333333333333336,7.234178138070777,49.0,36.0,41.666666666666664,7.393691004272595,49.0,33.0,40.5,7.3546522073379,53.0,31.0,42.083333333333336,11.754431788337303,77.0,26.0,30.3,30.2,29.6,82.0,76.0,83.0,1.33,2.0,1.0,1001.0,1002.0,1004.0,2614.4,86.0,30.4,43.5,0.7999866668888852,13.635124079629126,12.089810017271157,26.144000000000002,29.9,0.0303999696000304,924.16,7396,1.0,1000000,506.0,84.33333333333333,-1.0,15.0,0.09999999999999787
153,214.0,17.0,112.7,68.8,113.0,91,0.5,1001,84,30.1,0.7,1.0,2023,9,12,17,1,255,37,-0.9659258262890683,-0.25881904510252063,-1.0,-1.8369701987210297e-16,0.7818314824680298,0.6234898018587336,3,1,0,48.0,49.0,36.0,48.0,43.0,45.0,50.666666666666664,3.7859388972011017,55.0,48.0,42.833333333333336,8.975893641674995,55.0,33.0,41.5,8.458454619222444,55.0,31.0,42.5,12.036177350695668,77.0,26.0,30.4,30.3,29.8,86.0,79.0,80.0,1.0,1.66,1.33,1000.0,1001.0,1003.0,2528.4,84.0,30.1,45.5,0.7994069853635848,12.587494853243927,6.6290218222457495,25.284000000000002,29.6,0.0300699000300699,906.0100000000001,7056,1.0,1002001,580.5,96.75,7.0,19.0,-0.29999999999999716
153,278.0,23.0,92.3,68.8,122.0,95,0.5,1002,82,29.7,0.0,1.0,2023,9,12,18,1,255,37,-1.0,-1.8369701987210297e-16,-1.0,-1.8369701987210297e-16,0.7818314824680298,0.6234898018587336,3,2,0,55.0,48.0,49.0,36.0,53.0,77.0,52.666666666666664,4.041451884328207,55.0,48.0,46.0,9.423375191511544,55.0,33.0,41.666666666666664,8.721273190343082,55.0,31.0,41.583333333333336,9.951694925190656,66.0,26.0,30.1,30.3,30.0,84.0,82.0,78.0,1.0,1.33,1.66,1001.0,1001.0,1003.0,2435.4,82.0,29.7,47.5,0.7994069853635848,12.086431024738054,4.012869005695404,24.354,29.2,0.02964068898134832,882.0899999999999,6724,1.0,1004004,639.1,106.51666666666667,0.0,6.0,-0.40000000000000213
155,342.0,29.0,72.0,73.8,131.0,100,0.0,1002,81,29.4,0.0,1.0,2023,9,12,19,1,255,37,-0.9659258262890684,0.2588190451025203,-1.0,-1.8369701987210297e-16,0.7818314824680298,0.6234898018587336,3,2,0,55.0,55.0,48.0,33.0,38.0,66.0,56.333333333333336,2.309401076759837,59.0,55.0,50.333333333333336,8.140434058860887,59.0,36.0,43.416666666666664,9.940352411287876,59.0,31.0,41.291666666666664,9.285234499470231,59.0,26.0,29.7,30.4,30.2,82.0,86.0,76.0,1.0,1.0,2.0,1002.0,1000.0,1002.0,2381.4,81.0,29.4,0.0,0.799447161962575,11.792696803558497,2.482673011275473,23.814,28.9,0.029341288082546824,864.3599999999999,6561,1.0,1004004,706.8,117.8,4.0,11.0,-0.3000000000000007
176,356.6,28.3,65.3,93.8,129.3,95,0.5,1003,83,29.1,0.0,0.66,2023,9,12,20,1,255,37,-0.8660254037844386,0.5000000000000001,-1.0,-1.8369701987210297e-16,0.7818314824680298,0.6234898018587336,3,2,0,59.0,55.0,55.0,36.0,37.0,52.0,63.0,10.583005244258608,75.0,55.0,56.833333333333336,9.806460455570244,75.0,48.0,46.583333333333336,13.221596199422976,75.0,31.0,42.25,11.387445413414115,75.0,26.0,29.4,30.1,30.3,81.0,84.0,79.0,1.0,1.0,1.66,1002.0,1001.0,1001.0,2415.3,54.78,19.206000000000003,47.5,0.7995650366200786,12.600261474859545,2.307338963287516,24.153000000000002,28.770000000000003,0.029012932190496322,846.8100000000001,6889,0.43560000000000004,1006009,748.3,124.71666666666665,16.0,20.0,-0.29999999999999716
189,371.2,27.7,58.7,106.3,127.7,91,1.0,1003,86,28.9,0.0,0.33,2023,9,12,21,1,255,37,-0.7071067811865477,0.7071067811865474,-1.0,-1.8369701987210297e-16,0.7818314824680298,0.6234898018587336,3,2,0,75.0,59.0,55.0,49.0,31.0,48.0,73.0,13.114877048604146,85.0,59.0,62.833333333333336,14.119726154096034,85.0,48.0,51.083333333333336,16.2730023677438,85.0,33.0,43.791666666666664,14.325347455128405,85.0,26.0,29.1,29.7,30.3,83.0,82.0,82.0,0.66,1.0,1.33,1003.0,1002.0,1001.0,2485.4,28.380000000000003,9.537,91.0,0.7996161842315689,13.400238258546622,2.11905707375185,24.854,28.735,0.02881353059468535,835.2099999999999,7396,0.10890000000000001,1006009,776.6,129.43333333333334,10.0,30.0,-0.20000000000000284
157,385.8,27.0,52.0,76.3,126.0,87,1.0,1004,88,28.6,0.0,2.0,2023,9,12,22,1,255,37,-0.5000000000000004,0.8660254037844384,-1.0,-1.8369701987210297e-16,0.7818314824680298,0.6234898018587336,3,3,0,85.0,75.0,59.0,48.0,34.0,38.0,73.66666666666667,12.055427546683566,85.0,61.0,65.0,12.263767773404593,85.0,55.0,53.333333333333336,15.546606372355301,85.0,33.0,44.75,14.685840563055553,85.0,26.0,28.9,29.4,30.4,86.0,81.0,86.0,0.33,1.0,1.0,1003.0,1002.0,1000.0,2516.8,176.0,57.2,87.0,0.7994652756844602,14.288359690381837,1.9258545979778525,25.168000000000003,27.6,0.02848602740435518,817.96,7744,4.0,1008016,728.1,121.35000000000001,-24.0,2.0,-0.29999999999999716
159,319.0,23.0,56.7,77.5,112.7,91,2.0,1004,90,28.4,0.0,1.6,2023,9,12,23,1,255,37,-0.25881904510252157,0.9659258262890681,-1.0,-1.8369701987210297e-16,0.7818314824680298,0.6234898018587336,3,3,0,61.0,85.0,75.0,55.0,48.0,36.0,69.33333333333333,13.576941236277685,85.0,61.0,66.16666666666667,11.426577206962017,85.0,55.0,54.5,15.635042227462451,85.0,33.0,45.833333333333336,14.968566097475838,85.0,26.0,28.6,29.1,30.1,88.0,83.0,84.0,2.0,0.66,1.0,1004.0,1003.0,1001.0,2556.0,144.0,45.44,182.0,0.7999896775525477,13.868962219033953,2.4651102125994524,25.56,27.599999999999998,0.02828682441551353,806.56,8100,2.5600000000000005,1008016,650.9000000000001,108.48333333333335,1.0,-13.0,-0.20000000000000284
163,252.3,19.0,61.3,81.3,99.3,95,0.5,1003,91,28.3,0.0,1.6,2023,9,13,0,2,256,37,0.0,1.0,-1.0,-1.8369701987210297e-16,0.9749279121818236,-0.22252093395631434,3,3,0,62.0,61.0,85.0,55.0,36.0,39.0,62.666666666666664,2.0816659994673015,65.0,61.0,67.83333333333333,10.127520262466232,85.0,59.0,56.916666666666664,14.730662722444377,85.0,33.0,46.916666666666664,15.387506695980726,85.0,26.0,28.4,28.9,29.7,90.0,86.0,82.0,1.6,0.33,1.0,1004.0,1003.0,1002.0,2575.3,145.6,45.28,47.5,0.7994981611542293,13.278248513236145,3.2261459923161935,25.753,27.5,0.028215325807252438,800.89,8281,2.5600000000000005,1006009,578.2,96.36666666666667,3.0,-20.0,-0.09999999999999787
168,185.6,15.0,66.0,86.3,86.0,100,0.5,1003,92,28.1,0.0,1.6,2023,9,13,1,2,256,37,0.25881904510252074,0.9659258262890683,-1.0,-1.8369701987210297e-16,0.9749279121818236,-0.22252093395631434,3,3,0,65.0,62.0,61.0,59.0,33.0,32.0,65.33333333333333,3.5118845842848954,69.0,62.0,69.5,9.15969431804346,85.0,61.0,59.916666666666664,12.978712174054762,85.0,36.0,48.458333333333336,15.678784243758535,85.0,26.0,28.3,28.6,29.4,91.0,88.0,81.0,1.6,2.0,1.0,1003.0,1004.0,1002.0,2585.2000000000003,147.20000000000002,44.96000000000001,50.0,0.7995272360691069,12.372508499433371,4.399706686220918,25.852000000000004,27.3,0.028015924211441466,789.6100000000001,8464,2.5600000000000005,1006009,507.90000000000003,84.65,4.0,8.0,-0.1999999999999993
153,167.5,14.0,62.3,72.5,77.0,87,1.5,1003,93,27.3,0.0,1.6,2023,9,13,2,2,256,37,0.49999999999999994,0.8660254037844387,-1.0,-1.8369701987210297e-16,0.9749279121818236,-0.22252093395631434,3,3,0,69.0,65.0,62.0,75.0,36.0,26.0,64.0,5.567764362830447,69.0,58.0,66.66666666666667,9.72967967955081,85.0,58.0,61.75,10.635489474566914,85.0,48.0,49.791666666666664,15.033236125525672,85.0,30.0,28.1,28.4,29.1,92.0,90.0,83.0,1.6,1.6,0.66,1003.0,1004.0,1003.0,2538.9,148.8,43.68000000000001,130.5,0.799988965669439,11.963431183486895,4.449682165559603,25.389,26.5,0.02721831782819758,745.2900000000001,8649,2.5600000000000005,1006009,451.3,75.21666666666667,-11.0,-4.0,-0.8000000000000007
107,149.4,13.0,58.7,47.5,68.0,75,0.75,1003,95,26.4,0.0,2.0,2023,9,13,3,2,256,37,0.7071067811865476,0.7071067811865476,-1.0,-1.8369701987210297e-16,0.9749279121818236,-0.22252093395631434,3,3,0,58.0,69.0,65.0,85.0,49.0,35.0,55.0,15.716233645501898,69.0,38.0,58.833333333333336,10.870449239413379,69.0,38.0,60.833333333333336,12.194136693384943,85.0,38.0,49.916666666666664,14.916919680471443,85.0,30.0,27.3,28.3,28.9,93.0,91.0,86.0,1.6,1.6,0.33,1003.0,1003.0,1003.0,2508.0,190.0,52.8,56.25,0.7999831582493001,11.491423736635644,4.515037304822706,25.08,25.4,0.02632101064704821,696.9599999999999,9025,4.0,1006009,374.6,62.43333333333334,-20.0,-27.0,-0.9000000000000021
102,131.3,12.0,55.0,45.0,59.0,62,1.75,1003,96,25.6,0.0,2.4,2023,9,13,4,2,256,37,0.8660254037844386,0.5000000000000001,-1.0,-1.8369701987210297e-16,0.9749279121818236,-0.22252093395631434,3,3,0,38.0,58.0,69.0,61.0,48.0,30.0,44.0,12.165525060596739,58.0,36.0,54.666666666666664,14.1656862405837,69.0,36.0,59.833333333333336,13.73670155812367,85.0,36.0,50.166666666666664,14.615854008774525,85.0,31.0,26.4,28.1,28.6,95.0,92.0,88.0,2.0,1.6,2.0,1003.0,1003.0,1004.0,2457.6000000000004,230.39999999999998,61.44,108.5,0.7999822226172753,10.940754937088577,4.582951420714941,24.576000000000004,24.400000000000002,0.025523404263804325,655.3600000000001,9216,5.76,1006009,338.3,56.38333333333333,-2.0,-33.0,-0.7999999999999972
107,132.7,13.0,50.3,47.5,60.7,66,3.5,1004,96,25.5,0.0,2.4,2023,9,13,5,2,256,37,0.9659258262890683,0.25881904510252074,-1.0,-1.8369701987210297e-16,0.9749279121818236,-0.22252093395631434,3,3,0,36.0,38.0,58.0,62.0,55.0,43.0,37.333333333333336,1.1547005383827647,38.0,36.0,50.666666666666664,15.042162965034711,69.0,36.0,58.416666666666664,15.090384255203203,85.0,36.0,49.958333333333336,14.757398046453257,85.0,31.0,25.6,27.3,28.4,96.0,93.0,90.0,2.4,1.6,1.6,1003.0,1003.0,1004.0,2448.0,230.39999999999998,61.199999999999996,231.0,0.7999831582493001,10.206907160987615,3.8689331589877702,24.48,24.3,0.025398381077309684,650.25,9216,5.76,1008016,342.2,57.03333333333333,2.0,-20.0,-0.10000000000000142
131,134.0,14.0,45.7,58.8,62.3,70,3.5,1004,95,25.4,0.6,3.6,2023,9,13,6,2,256,37,1.0,6.123233995736766e-17,-1.0,-1.8369701987210297e-16,0.9749279121818236,-0.22252093395631434,3,0,0,38.0,36.0,38.0,65.0,55.0,53.0,40.333333333333336,5.859465277082972,47.0,36.0,47.666666666666664,13.306639946532766,69.0,36.0,57.75,15.427985198097488,85.0,36.0,49.708333333333336,14.754451551302173,85.0,31.0,25.5,26.4,28.3,96.0,95.0,91.0,2.4,2.0,1.6,1004.0,1003.0,1003.0,2413.0,342.0,91.44,245.0,0.7993061342494175,9.570744946789516,3.2640525676737377,24.13,23.599999999999998,0.02529877958288886,645.16,9025,12.96,1008016,361.8,60.300000000000004,9.0,9.0,-0.10000000000000142
126,135.4,15.0,41.0,56.3,64.0,75,3.0,1004,95,25.3,0.7,4.4,2023,9,13,7,2,256,37,0.9659258262890683,-0.25881904510252063,-1.0,-1.8369701987210297e-16,0.9749279121818236,-0.22252093395631434,3,0,0,47.0,38.0,36.0,69.0,59.0,38.0,43.333333333333336,4.725815626253379,47.0,38.0,43.666666666666664,8.262364471908812,58.0,36.0,56.583333333333336,15.848477605884753,85.0,36.0,50.0,14.58110749059162,85.0,31.0,25.4,25.6,28.1,95.0,96.0,92.0,3.6,2.4,1.6,1004.0,1003.0,1003.0,2403.5,418.00000000000006,111.32000000000001,225.0,0.7992753237065062,9.026064929004734,2.7331511232584496,24.035,23.1,0.02519917808846804,640.09,9025,19.360000000000003,1008016,356.7,59.449999999999996,-2.0,9.0,-0.09999999999999787
100,133.4,15.0,48.3,43.8,80.0,83,2.0,1004,89,26.1,1.1,1.0,2023,9,13,8,2,256,37,0.8660254037844387,-0.4999999999999998,-1.0,-1.8369701987210297e-16,0.9749279121818236,-0.22252093395631434,3,0,0,45.0,47.0,38.0,58.0,75.0,37.0,42.333333333333336,6.429100507329213,47.0,35.0,39.833333333333336,4.956477243633883,47.0,35.0,53.25,15.829345590332231,85.0,35.0,49.916666666666664,14.664113743560197,85.0,31.0,25.3,25.5,27.3,95.0,96.0,93.0,4.4,2.4,1.6,1004.0,1004.0,1003.0,2322.9,89.0,26.1,166.0,0.7990685144174792,8.892740483967737,3.2197853476434903,23.229,25.6,0.02599599004383462,681.21,7921,1.0,1008016,355.5,59.25,-10.0,-3.0,0.8000000000000007
107,131.5,15.0,55.7,47.5,96.0,91,2.0,1005,84,26.8,1.8,2.0,2023,9,13,9,2,256,37,0.7071067811865476,-0.7071067811865475,-1.0,-1.8369701987210297e-16,0.9749279121818236,-0.22252093395631434,3,0,0,35.0,45.0,47.0,38.0,85.0,31.0,39.333333333333336,5.131601439447648,45.0,35.0,39.833333333333336,4.956477243633883,47.0,35.0,49.333333333333336,12.780193008453457,69.0,35.0,50.208333333333336,14.337482547404015,85.0,33.0,26.1,25.4,26.4,89.0,95.0,95.0,1.0,3.6,2.0,1004.0,1004.0,1003.0,2251.2000000000003,168.0,53.6,182.0,0.7999831582493001,8.766082261182587,3.7130857942803814,22.512000000000004,25.8,0.026666640132696387,718.24,7056,4.0,1010025,383.7,63.949999999999996,3.0,-9.0,0.6999999999999993
91,129.6,15.0,63.0,38.8,112.0,100,2.0,1005,79,27.6,2.6,3.0,2023,9,13,10,2,256,37,0.49999999999999994,-0.8660254037844387,-1.0,-1.8369701987210297e-16,0.9749279121818236,-0.22252093395631434,3,0,0,38.0,35.0,45.0,36.0,61.0,34.0,34.666666666666664,3.511884584285455,38.0,31.0,39.0,6.033241251598827,47.0,31.0,46.833333333333336,13.217298123934386,69.0,31.0,50.083333333333336,14.497126151988878,85.0,31.0,26.8,25.3,25.6,84.0,95.0,96.0,2.0,4.4,2.4,1005.0,1004.0,1003.0,2180.4,237.0,82.80000000000001,200.0,0.7989484807092602,8.63942403839744,4.199720018665422,21.804000000000002,26.1,0.027462659241135084,761.7600000000001,6241,9.0,1010025,389.4,64.89999999999999,-7.0,-14.0,0.8000000000000007
54,129.8,15.0,69.3,17.5,114.3,100,2.5,1005,77,27.5,3.2,3.33,2023,9,13,11,2,256,37,0.258819045102521,-0.9659258262890682,-1.0,-1.8369701987210297e-16,0.9749279121818236,-0.22252093395631434,3,0,0,31.0,38.0,35.0,38.0,62.0,48.0,27.666666666666668,12.342339054382796,38.0,14.0,35.0,11.916375287812706,47.0,14.0,42.833333333333336,15.307950004273065,69.0,14.0,48.666666666666664,16.263233184800633,85.0,14.0,27.6,26.1,25.5,79.0,89.0,96.0,3.0,1.0,2.4,1005.0,1004.0,1004.0,2117.5,256.41,91.575,250.0,0.7999542883263813,8.652756482901141,4.619692020531964,21.175,25.835,0.027363156852580246,756.25,5929,11.0889,1010025,359.90000000000003,59.98333333333334,-17.0,-21.0,-0.10000000000000142
37,129.9,15.0,75.7,11.3,116.7,100,2.5,1005,74,27.5,3.4,3.66,2023,9,13,12,2,256,37,1.2246467991473532e-16,-1.0,-1.0,-1.8369701987210297e-16,0.9749279121818236,-0.22252093395631434,3,1,0,14.0,31.0,38.0,47.0,65.0,36.0,18.0,11.532562594671266,31.0,9.0,28.666666666666668,14.151560573543096,45.0,9.0,38.166666666666664,16.43075460743323,69.0,9.0,47.541666666666664,18.01685000375988,85.0,9.0,27.5,26.8,25.4,77.0,84.0,95.0,3.33,2.0,3.6,1005.0,1005.0,1004.0,2035.0,270.84000000000003,100.65,250.0,0.7963897000265463,8.659422705152991,5.046330244650357,20.35,25.67,0.027363156852580246,756.25,5476,13.395600000000002,1010025,357.6,59.6,-5.0,-29.0,0.0
38,130.1,15.0,82.0,7.5,119.0,100,2.5,1005,71,27.4,3.1,4.0,2023,9,13,13,2,256,37,-0.2588190451025208,-0.9659258262890683,-1.0,-1.8369701987210297e-16,0.9749279121818236,-0.22252093395631434,3,1,0,9.0,14.0,31.0,45.0,69.0,33.0,9.666666666666666,4.041451884328864,14.0,6.0,22.166666666666668,14.105554461511208,38.0,6.0,32.916666666666664,15.733336543399528,58.0,6.0,46.416666666666664,19.726205626166625,85.0,6.0,27.5,27.6,25.3,74.0,79.0,95.0,3.66,3.0,4.4,1005.0,1005.0,1004.0,1945.3999999999999,284.0,109.6,250.0,0.7998933475536595,8.67275514965669,5.466302246516899,19.453999999999997,25.4,0.027263654464025407,750.7599999999999,5041,16.0,1010025,359.6,59.93333333333334,-3.0,-25.0,-0.10000000000000142
46,133.8,14.7,80.0,13.8,107.7,100,1.0,1004,73,27.3,2.4,3.66,2023,9,13,14,2,256,37,-0.4999999999999997,-0.8660254037844388,-1.0,-1.8369701987210297e-16,0.9749279121818236,-0.22252093395631434,3,1,0,6.0,9.0,14.0,35.0,58.0,36.0,8.666666666666666,2.5166114784259923,11.0,6.0,18.166666666666668,13.10597827965003,38.0,6.0,29.0,14.740173922743253,47.0,6.0,45.375,20.923904573685704,85.0,6.0,27.4,27.5,26.1,71.0,77.0,89.0,4.0,3.33,1.0,1005.0,1005.0,1004.0,1992.9,267.18,99.918,100.0,0.7970436924860518,9.101421671995103,5.4418066798177,19.929000000000002,25.47,0.027191207976884485,745.2900000000001,5329,13.395600000000002,1008016,361.0,60.166666666666664,5.0,-3.0,-0.09999999999999787
67,137.5,14.3,78.0,25.0,96.3,100,0.5,1004,74,27.3,1.6,3.33,2023,9,13,15,2,256,37,-0.7071067811865471,-0.7071067811865479,-1.0,-1.8369701987210297e-16,0.9749279121818236,-0.22252093395631434,3,1,0,11.0,6.0,9.0,38.0,38.0,49.0,12.333333333333334,7.094598884598407,20.0,6.0,15.166666666666666,9.108603991098638,31.0,6.0,27.5,14.656677038748416,47.0,6.0,44.166666666666664,21.53393008550797,85.0,6.0,27.3,27.5,26.8,73.0,74.0,84.0,3.66,3.66,2.0,1004.0,1005.0,1005.0,2020.2,246.42000000000002,90.909,50.0,0.7999680012799487,9.614712257884063,5.454164044472415,20.202,25.635,0.027191207976884485,745.2900000000001,5476,11.0889,1008016,371.1,61.85,9.0,11.0,0.0
65,141.2,14.0,76.0,23.8,85.0,100,0.25,1003,75,27.2,1.0,3.0,2023,9,13,16,2,256,37,-0.8660254037844385,-0.5000000000000004,-1.0,-1.8369701987210297e-16,0.9749279121818236,-0.22252093395631434,3,1,0,20.0,11.0,6.0,31.0,36.0,48.0,16.666666666666668,4.932882862317368,20.0,11.0,13.166666666666666,5.564770136012615,20.0,6.0,26.083333333333332,14.581796455813713,47.0,6.0,42.958333333333336,22.115269497058915,85.0,6.0,27.3,27.4,27.6,74.0,71.0,79.0,3.33,4.0,3.0,1004.0,1005.0,1005.0,2040.0,225.0,81.6,25.0,0.7982857863114995,10.084993929005071,5.428183701164203,20.4,25.7,0.027118617030292093,739.8399999999999,5625,9.0,1006009,359.0,59.833333333333336,-1.0,13.0,-0.10000000000000142
72,147.1,14.7,67.7,27.5,82.7,100,0.75,1004,80,26.6,0.7,2.66,2023,9,13,17,2,256,37,-0.9659258262890683,-0.25881904510252063,-1.0,-1.8369701987210297e-16,0.9749279121818236,-0.22252093395631434,3,1,0,19.0,20.0,11.0,14.0,38.0,55.0,20.333333333333332,1.527525231655409,22.0,19.0,14.5,6.655824516916843,22.0,6.0,24.75,14.117204204283802,47.0,6.0,41.583333333333336,22.358573234923927,85.0,6.0,27.2,27.3,27.5,75.0,73.0,77.0,3.0,3.66,3.33,1003.0,1004.0,1005.0,2128.0,212.8,70.75600000000001,75.0,0.7999709101487218,10.006122032514796,4.6051289027957285,21.28,25.270000000000003,0.02649399751593873,707.5600000000001,6400,7.0756000000000006,1008016,361.7,60.28333333333333,3.0,11.0,-0.5999999999999979
74,152.9,15.3,59.3,28.8,80.3,100,0.5,1004,84,26.0,0.0,2.33,2023,9,13,18,2,256,37,-1.0,-1.8369701987210297e-16,-1.0,-1.8369701987210297e-16,0.9749279121818236,-0.22252093395631434,3,2,0,22.0,19.0,20.0,9.0,47.0,55.0,21.333333333333332,2.081665999468643,23.0,19.0,16.833333333333332,6.79460570354588,23.0,6.0,22.75,12.255796402296324,45.0,6.0,40.25,22.477525006877183,85.0,6.0,26.6,27.3,27.5,80.0,74.0,74.0,2.66,3.33,3.66,1004.0,1004.0,1005.0,2184.0,195.72,60.58,50.0,0.7985833825214401,9.992810927390368,3.8755636886478007,21.84,24.835,0.025896388549413795,676.0,7056,5.4289000000000005,1008016,359.6,59.93333333333334,1.0,3.0,-0.6000000000000014
69,158.7,16.0,51.0,26.3,78.0,100,1.5,1005,89,25.4,0.0,2.0,2023,9,13,19,2,256,37,-0.9659258262890684,0.2588190451025203,-1.0,-1.8369701987210297e-16,0.9749279121818236,-0.22252093395631434,3,2,0,23.0,22.0,19.0,6.0,45.0,59.0,22.0,1.0000000000051843,23.0,21.0,19.333333333333332,4.3204937989376235,23.0,11.0,20.75,10.055527652173742,38.0,6.0,38.666666666666664,22.437675355578268,85.0,6.0,26.0,27.2,27.4,84.0,75.0,71.0,2.33,3.0,4.0,1004.0,1003.0,1005.0,2260.6,178.0,50.8,150.0,0.79844872818524,9.918130116867694,3.1873007937003934,22.605999999999998,24.4,0.025273606692928663,645.16,7921,4.0,1010025,351.0,58.5,-2.0,2.0,-0.6000000000000014
67,169.0,17.3,46.3,25.0,82.0,100,2.0,1005,89,25.2,0.0,2.33,2023,9,13,20,2,256,37,-0.8660254037844386,0.5000000000000001,-1.0,-1.8369701987210297e-16,0.9749279121818236,-0.22252093395631434,3,2,0,21.0,23.0,22.0,11.0,35.0,75.0,21.333333333333332,1.527525231655368,23.0,20.0,20.833333333333332,1.4719601443852357,23.0,19.0,19.5,8.999999999999702,38.0,6.0,36.375,21.34766558869987,85.0,6.0,25.4,26.6,27.3,89.0,80.0,73.0,2.0,2.66,3.66,1005.0,1004.0,1004.0,2242.7999999999997,207.37,58.716,200.0,0.7999680012799487,9.768221490087278,2.6761458875209523,22.427999999999997,24.035,0.02507460191581899,635.04,7921,5.4289000000000005,1010025,359.6,59.93333333333334,-1.0,-2.0,-0.1999999999999993
56,179.4,18.7,41.7,18.8,86.0,100,1.5,1006,90,25.0,0.0,2.66,2023,9,13,21,2,256,37,-0.7071067811865477,0.7071067811865474,-1.0,-1.8369701987210297e-16,0.9749279121818236,-0.22252093395631434,3,2,0,20.0,21.0,23.0,20.0,38.0,85.0,18.666666666666668,3.2145502536659976,21.0,15.0,20.0,2.8284271247447497,23.0,15.0,17.583333333333332,6.9079444822386895,31.0,6.0,33.458333333333336,19.076457529742257,69.0,6.0,25.2,26.0,27.3,89.0,84.0,74.0,2.33,2.33,3.33,1005.0,1004.0,1004.0,2250.0,239.4,66.5,150.0,0.7978299026647518,9.593069889310732,2.2298272819635314,22.5,23.67,0.024850869929552755,625.0,8100,7.0756000000000006,1012036,359.6,59.93333333333334,-5.0,-8.0,-0.1999999999999993
74,189.7,20.0,37.0,28.8,90.0,100,1.0,1007,91,24.8,0.0,3.0,2023,9,13,22,2,256,37,-0.5000000000000004,0.8660254037844384,-1.0,-1.8369701987210297e-16,0.9749279121818236,-0.22252093395631434,3,3,0,15.0,20.0,21.0,19.0,31.0,61.0,19.333333333333332,4.041451884328707,23.0,15.0,20.666666666666668,3.0110906108349824,23.0,15.0,16.916666666666668,5.791189755816493,23.0,6.0,31.875,18.25022334586385,69.0,6.0,25.0,25.4,27.2,90.0,89.0,75.0,2.66,2.0,3.0,1006.0,1005.0,1003.0,2256.8,273.0,74.4,100.0,0.7985833825214401,9.484525773711313,1.8499075046247686,22.568,23.3,0.024627582296343303,615.0400000000001,8281,9.0,1014049,388.5,64.75,8.0,2.0,-0.1999999999999993
61,178.2,19.0,37.7,21.3,85.3,100,1.0,1006,92,24.6,0.0,2.66,2023,9,13,23,2,256,37,-0.25881904510252157,0.9659258262890681,-1.0,-1.8369701987210297e-16,0.9749279121818236,-0.22252093395631434,3,3,0,23.0,15.0,20.0,22.0,14.0,62.0,18.333333333333332,4.163331998933567,23.0,15.0,19.833333333333332,3.250640962434717,23.0,15.0,17.166666666666668,5.718126414916407,23.0,6.0,30.0,17.307952432084623,69.0,6.0,24.8,25.2,26.6,91.0,89.0,80.0,3.0,2.33,2.66,1007.0,1005.0,1004.0,2263.2000000000003,244.72000000000003,65.436,100.0,0.7980845969672785,9.378453765591283,1.9841060996789643,22.632,23.270000000000003,0.02445325601067991,605.1600000000001,8464,7.0756000000000006,1012036,358.5,59.75,-6.0,-3.0,-0.1999999999999993
63,166.7,18.0,38.3,22.5,80.7,100,2.0,1006,93,24.3,0.0,2.33,2023,9,14,0,3,257,37,0.0,1.0,-1.0,-1.8369701987210297e-16,0.43388373911755823,-0.900968867902419,3,3,0,17.0,23.0,15.0,23.0,9.0,65.0,19.333333333333332,3.214550253665985,23.0,17.0,19.0,2.8982753492364637,23.0,15.0,17.916666666666668,5.1071844820143575,23.0,6.0,28.041666666666668,15.765893751928553,69.0,6.0,24.6,25.0,26.0,92.0,90.0,84.0,2.66,2.66,2.33,1006.0,1006.0,1004.0,2259.9,216.69,56.61900000000001,200.0,0.7999644460246211,9.26059663352036,2.1276595744680846,22.599,23.135,0.02415504557152528,590.49,8649,5.4289000000000005,1012036,344.2,57.36666666666667,1.0,3.0,-0.3000000000000007
76,155.2,17.0,39.0,30.0,76.0,100,3.0,1006,95,24.1,0.0,2.0,2023,9,14,1,3,257,37,0.25881904510252074,0.9659258262890683,-1.0,-1.8369701987210297e-16,0.43388373911755823,-0.900968867902419,3,3,0,18.0,17.0,23.0,21.0,6.0,69.0,19.666666666666668,3.785938897201591,24.0,17.0,19.5,3.5071355833488673,24.0,15.0,19.416666666666668,3.752776749731856,24.0,11.0,26.166666666666668,13.140268896284573,58.0,6.0,24.3,24.8,25.4,93.0,91.0,89.0,2.33,3.0,2.0,1006.0,1007.0,1005.0,2289.5,190.0,48.2,300.0,0.7999733342221925,9.12887477207223,2.293982706899594,22.895,23.1,0.023956238612088857,580.8100000000001,9025,4.0,1012036,341.2,56.86666666666667,6.0,1.0,-0.1999999999999993
63,147.8,15.3,40.3,22.5,71.7,100,0.5,1006,95,24.2,0.0,2.0,2023,9,14,2,3,257,37,0.49999999999999994,0.8660254037844387,-1.0,-1.8369701987210297e-16,0.43388373911755823,-0.900968867902419,3,3,0,24.0,18.0,17.0,20.0,11.0,58.0,20.0,3.4641016151392874,24.0,18.0,19.166666666666668,3.54494945897095,24.0,15.0,20.0,2.7303013486683128,24.0,15.0,24.5,11.340577395008154,47.0,6.0,24.1,24.6,25.2,95.0,92.0,89.0,2.0,2.66,2.33,1006.0,1006.0,1005.0,2299.0,190.0,48.4,50.0,0.7999644460246211,9.659499379125547,2.633814783347493,22.99,23.2,0.024055642091807064,585.64,9025,4.0,1012036,315.6,52.6,-6.0,1.0,0.09999999999999787
72,140.5,13.7,41.7,27.5,67.3,100,1.5,1005,94,24.3,0.0,2.0,2023,9,14,3,3,257,37,0.7071067811865476,0.7071067811865476,-1.0,-1.8369701987210297e-16,0.43388373911755823,-0.900968867902419,3,3,0,18.0,24.0,18.0,15.0,20.0,38.0,21.333333333333332,3.0550504633056037,24.0,18.0,20.333333333333332,3.0110906108349766,24.0,17.0,20.166666666666668,2.790677119960909,24.0,15.0,23.833333333333332,10.976919131668229,47.0,6.0,24.2,24.3,25.0,95.0,93.0,90.0,2.0,2.33,2.66,1006.0,1006.0,1006.0,2284.2000000000003,188.0,48.6,150.0,0.7999709101487218,10.254725932413693,3.0435734617911105,22.842000000000002,23.3,0.024179080418825456,590.49,8836,4.0,1010025,312.7,52.11666666666667,4.0,4.0,0.10000000000000142
67,133.1,12.0,43.0,25.0,63.0,100,1.5,1005,94,24.4,0.0,2.0,2023,9,14,4,3,257,37,0.8660254037844386,0.5000000000000001,-1.0,-1.8369701987210297e-16,0.43388373911755823,-0.900968867902419,3,3,0,22.0,18.0,24.0,23.0,19.0,36.0,20.0,2.0000000000026548,22.0,18.0,19.833333333333332,2.7141603981081333,24.0,17.0,20.25,2.7675062617969663,24.0,15.0,23.166666666666668,10.687931701595316,47.0,6.0,24.3,24.1,24.8,94.0,95.0,91.0,2.0,2.0,3.0,1005.0,1006.0,1007.0,2293.6,188.0,48.8,150.0,0.7999680012799487,11.090742438130157,3.583034747104408,22.936,23.4,0.02427858280738029,595.3599999999999,8836,4.0,1010025,296.1,49.35,-2.0,-4.0,0.09999999999999787
54,147.1,13.3,39.7,17.5,70.7,91,1.5,1005,94,24.3,0.0,1.66,2023,9,14,5,3,257,37,0.9659258262890683,0.25881904510252074,-1.0,-1.8369701987210297e-16,0.43388373911755823,-0.900968867902419,3,3,0,20.0,22.0,18.0,17.0,22.0,38.0,18.666666666666668,4.163331998933562,22.0,14.0,19.333333333333332,3.5023801430824792,24.0,14.0,19.583333333333332,3.2321772378637164,24.0,14.0,22.166666666666668,10.357382020512475,47.0,6.0,24.4,24.2,24.6,94.0,95.0,92.0,2.0,2.0,2.66,1005.0,1006.0,1006.0,2284.2000000000003,156.04,40.338,136.5,0.7999542883263813,11.059318848206901,2.9847379896248403,22.842000000000002,23.470000000000002,0.024179080418825456,590.49,8836,2.7556,1010025,302.3,50.38333333333333,-6.0,-4.0,-0.09999999999999787
50,161.1,14.7,36.3,15.0,78.3,83,0.75,1005,95,24.3,0.6,1.33,2023,9,14,6,3,257,37,1.0,6.123233995736766e-17,-1.0,-1.8369701987210297e-16,0.43388373911755823,-0.900968867902419,3,0,0,14.0,20.0,22.0,18.0,23.0,47.0,15.333333333333334,4.163331998933614,20.0,12.0,18.333333333333332,4.633213427704184,24.0,12.0,18.666666666666668,3.700941731095545,24.0,12.0,20.708333333333332,9.096005653064054,45.0,6.0,24.3,24.3,24.3,94.0,94.0,93.0,1.66,2.0,2.33,1005.0,1005.0,1006.0,2308.5,126.35000000000001,32.319,62.25,0.7999466702219852,10.958438201482894,2.4692197809672813,23.085,23.635,0.024179080418825456,590.49,9025,1.7689000000000001,1010025,317.4,52.9,-2.0,-10.0,0.0
33,175.1,16.0,33.0,10.0,86.0,75,2.25,1006,95,24.2,0.7,1.0,2023,9,14,7,3,257,37,0.9659258262890683,-0.25881904510252063,-1.0,-1.8369701987210297e-16,0.43388373911755823,-0.900968867902419,3,0,0,12.0,14.0,20.0,24.0,21.0,45.0,11.333333333333334,3.0550504633058155,14.0,8.0,15.666666666666666,5.278888771953626,22.0,8.0,17.583333333333332,4.718596350096764,24.0,8.0,19.166666666666668,7.850043847380066,38.0,6.0,24.3,24.4,24.1,95.0,94.0,95.0,1.33,2.0,2.0,1005.0,1005.0,1006.0,2299.0,95.0,24.2,168.75,0.7999200079992002,10.94306605837135,2.062371101806137,22.99,23.7,0.024055642091807064,585.64,9025,1.0,1012036,328.1,54.68333333333334,-4.0,-12.0,-0.10000000000000142
25,171.8,15.3,42.0,7.5,94.3,75,5.0,1006,95,24.2,1.1,1.33,2023,9,14,8,3,257,37,0.8660254037844387,-0.4999999999999998,-1.0,-1.8369701987210297e-16,0.43388373911755823,-0.900968867902419,3,0,0,8.0,12.0,14.0,18.0,20.0,35.0,8.666666666666666,3.055050463305871,12.0,6.0,13.666666666666666,6.377042156568972,22.0,6.0,16.416666666666668,5.696224161404193,24.0,6.0,17.958333333333332,7.532417861521719,38.0,6.0,24.2,24.3,24.2,95.0,94.0,95.0,1.0,1.66,2.0,1006.0,1005.0,1006.0,2299.0,126.35000000000001,32.186,375.0,0.7998933475536595,11.228024312136462,2.7449186327691,22.99,23.535,0.024055642091807064,585.64,9025,1.7689000000000001,1012036,336.90000000000003,56.150000000000006,-2.0,-8.0,0.0
59,168.5,14.7,51.0,20.0,102.7,75,7.0,1007,95,24.1,1.8,1.66,2023,9,14,9,3,257,37,0.7071067811865476,-0.7071067811865475,-1.0,-1.8369701987210297e-16,0.43388373911755823,-0.900968867902419,3,0,0,6.0,8.0,12.0,22.0,15.0,38.0,10.0,5.291502622130307,16.0,6.0,12.666666666666666,5.163977794942358,20.0,6.0,16.5,5.680909018169755,24.0,6.0,17.041666666666668,6.209944105794558,31.0,6.0,24.2,24.3,24.3,95.0,95.0,94.0,1.33,1.33,2.0,1006.0,1005.0,1005.0,2289.5,157.7,40.006,525.0,0.7999600019998999,11.46180531936603,3.469151758383784,22.895,23.270000000000003,0.02393244892507555,580.8100000000001,9025,2.7556,1014049,372.9,62.15,10.0,4.0,-0.09999999999999787
46,165.2,14.0,60.0,13.8,111.0,75,6.5,1008,95,24.1,2.6,2.0,2023,9,14,10,3,257,37,0.49999999999999994,-0.8660254037844387,-1.0,-1.8369701987210297e-16,0.43388373911755823,-0.900968867902419,3,0,0,16.0,6.0,8.0,20.0,23.0,31.0,11.0,5.000000000001179,16.0,6.0,11.166666666666666,3.710345895823943,16.0,6.0,15.5,5.485518124197974,24.0,6.0,16.208333333333332,5.563695727204904,24.0,6.0,24.1,24.2,24.4,95.0,95.0,94.0,1.66,1.0,2.0,1007.0,1006.0,1005.0,2289.5,190.0,48.2,487.5,0.7970436924860518,11.799157203056923,4.285408185129634,22.895,23.1,0.02390870643977536,580.8100000000001,9025,4.0,1016064,375.0,62.5,-5.0,3.0,0.0
56,156.6,12.3,77.0,18.8,115.7,75,4.5,1007,94,24.3,3.2,2.0,2023,9,14,11,3,257,37,0.258819045102521,-0.9659258262890682,-1.0,-1.8369701987210297e-16,0.43388373911755823,-0.900968867902419,3,0,0,11.0,16.0,6.0,14.0,17.0,14.0,14.0,2.645751311066745,16.0,11.0,11.333333333333334,3.8815804341347344,16.0,6.0,15.333333333333334,5.46614927337182,24.0,6.0,16.25,5.550166468321248,24.0,6.0,24.1,24.2,24.3,95.0,95.0,94.0,2.0,1.33,1.66,1008.0,1006.0,1005.0,2284.2000000000003,188.0,48.6,337.5,0.7978299026647518,12.730672303064791,6.259653686692139,22.842000000000002,23.3,0.02413105845972348,590.49,8836,4.0,1014049,395.4,65.89999999999999,4.0,9.0,0.1999999999999993
54,148.0,10.7,94.0,17.5,120.3,75,4.25,1006,94,24.6,3.4,2.0,2023,9,14,12,3,257,37,1.2246467991473532e-16,-1.0,-1.0,-1.8369701987210297e-16,0.43388373911755823,-0.900968867902419,3,1,0,15.0,11.0,16.0,12.0,18.0,9.0,13.333333333333334,2.0816659994688913,15.0,11.0,11.666666666666666,4.033195589933325,16.0,6.0,15.0,5.410427642314675,24.0,6.0,16.458333333333332,5.356663194536398,24.0,6.0,24.3,24.1,24.3,94.0,95.0,95.0,2.0,1.66,1.33,1007.0,1007.0,1005.0,2312.4,188.0,49.2,318.75,0.7999542883263813,13.830483132417532,8.784225773292217,23.124000000000002,23.6,0.02445325601067991,605.1600000000001,8836,4.0,1012036,404.5,67.41666666666667,-1.0,-2.0,0.3000000000000007
56,139.5,9.0,111.0,18.8,125.0,75,2.0,1006,93,24.8,3.1,2.0,2023,9,14,13,3,257,37,-0.2588190451025208,-0.9659258262890683,-1.0,-1.8369701987210297e-16,0.43388373911755823,-0.900968867902419,3,1,0,14.0,15.0,11.0,8.0,24.0,6.0,14.666666666666666,0.5773502691994238,15.0,14.0,12.833333333333334,3.76386326354422,16.0,6.0,14.25,4.614699832648937,22.0,6.0,16.833333333333332,4.887131875753455,24.0,6.0,24.6,24.1,24.2,94.0,95.0,95.0,2.0,2.0,1.0,1006.0,1008.0,1006.0,2306.4,186.0,49.6,150.0,0.7978299026647518,15.498277969114543,12.331963115209422,23.064,23.8,0.024652062970116333,615.0400000000001,8649,4.0,1012036,418.3,69.71666666666667,1.0,4.0,0.1999999999999993
53,139.7,9.0,114.7,12.5,121.0,79,0.25,1006,93,24.8,2.4,2.0,2023,9,14,14,3,257,37,-0.4999999999999997,-0.8660254037844388,-1.0,-1.8369701987210297e-16,0.43388373911755823,-0.900968867902419,3,1,0,15.0,14.0,15.0,6.0,18.0,11.0,13.0,2.645751311066769,15.0,10.0,13.5,2.4289915602964016,16.0,10.0,13.583333333333334,4.601547829180755,22.0,6.0,16.791666666666668,4.942971880810543,24.0,6.0,24.8,24.3,24.2,93.0,94.0,95.0,2.0,2.0,1.33,1006.0,1007.0,1006.0,2306.4,186.0,49.6,19.75,0.7999360051195905,15.52049772247528,12.74302855238307,23.064,23.8,0.024652062970116333,615.0400000000001,8649,4.0,1012036,406.9,67.81666666666666,-5.0,-5.0,0.0
55,139.9,9.0,118.3,10.0,117.0,83,3.5,1005,93,24.7,1.6,2.0,2023,9,14,15,3,257,37,-0.7071067811865471,-0.7071067811865479,-1.0,-1.8369701987210297e-16,0.43388373911755823,-0.900968867902419,3,1,0,10.0,15.0,14.0,16.0,22.0,20.0,11.0,3.6055512754656234,15.0,8.0,12.166666666666666,2.9268868558004897,15.0,8.0,12.416666666666666,4.0104031385048104,20.0,6.0,16.291666666666668,5.204339048095047,24.0,6.0,24.8,24.6,24.1,93.0,94.0,95.0,2.0,2.0,1.66,1006.0,1006.0,1007.0,2297.1,186.0,49.4,290.5,0.7999200079992002,15.54271747583602,13.142984112876347,22.971,23.7,0.024577089973044804,610.0899999999999,8649,4.0,1010025,402.2,67.03333333333333,-2.0,-6.0,-0.10000000000000142
52,140.1,9.0,122.0,12.5,113.0,87,1.5,1005,93,24.7,1.0,2.0,2023,9,14,16,3,257,37,-0.8660254037844385,-0.5000000000000004,-1.0,-1.8369701987210297e-16,0.43388373911755823,-0.900968867902419,3,1,0,8.0,10.0,15.0,11.0,20.0,19.0,9.333333333333334,1.1547005383844458,10.0,8.0,12.0,3.0331501776191354,15.0,8.0,11.583333333333334,3.260182184906838,16.0,6.0,15.916666666666666,5.32358710928405,24.0,6.0,24.7,24.8,24.1,93.0,93.0,95.0,2.0,2.0,2.0,1005.0,1006.0,1008.0,2297.1,186.0,49.4,130.5,0.7999360051195905,15.564937229196756,13.554049550049996,22.971,23.7,0.024577089973044804,610.0899999999999,8649,4.0,1010025,406.6,67.76666666666667,2.0,-5.0,0.0
54,149.8,11.0,102.7,17.5,109.7,89,1.0,1005,93,24.6,0.7,2.0,2023,9,14,17,3,257,37,-0.9659258262890683,-0.25881904510252063,-1.0,-1.8369701987210297e-16,0.43388373911755823,-0.900968867902419,3,1,0,10.0,8.0,10.0,15.0,14.0,22.0,10.666666666666666,3.0550504633058293,14.0,8.0,11.833333333333334,2.8577380332454623,15.0,8.0,11.583333333333334,3.260182184906838,16.0,6.0,15.583333333333334,5.174491503406951,24.0,6.0,24.7,24.8,24.3,93.0,93.0,94.0,2.0,2.0,2.0,1005.0,1006.0,1007.0,2287.8,186.0,49.2,89.0,0.7999542883263813,13.616943914189621,9.335514953186074,22.878,23.6,0.02447758758448997,605.1600000000001,8649,4.0,1010025,404.7,67.45,4.0,4.0,-0.09999999999999787
65,159.5,13.0,83.3,23.8,106.3,91,1.0,1006,94,24.6,0.0,2.0,2023,9,14,18,3,257,37,-1.0,-1.8369701987210297e-16,-1.0,-1.8369701987210297e-16,0.43388373911755823,-0.900968867902419,3,2,0,14.0,10.0,8.0,14.0,12.0,23.0,14.333333333333334,4.509249752824154,19.0,10.0,12.666666666666666,4.082482904637535,19.0,8.0,12.166666666666666,3.90415474109572,19.0,6.0,15.416666666666666,4.98621287557699,24.0,6.0,24.6,24.7,24.6,93.0,93.0,94.0,2.0,2.0,2.0,1005.0,1005.0,1006.0,2312.4,188.0,49.2,91.0,0.7982857863114995,12.268287054841936,6.407199446196446,23.124000000000002,23.6,0.02445325601067991,605.1600000000001,8836,4.0,1012036,404.90000000000003,67.48333333333333,5.0,11.0,0.0
59,169.2,15.0,64.0,20.0,103.0,93,1.0,1006,94,24.5,0.0,2.0,2023,9,14,19,3,257,37,-0.9659258262890684,0.2588190451025203,-1.0,-1.8369701987210297e-16,0.43388373911755823,-0.900968867902419,3,2,0,19.0,14.0,10.0,15.0,8.0,21.0,16.333333333333332,2.5166114784257885,19.0,14.0,12.833333333333334,4.21505239192323,19.0,8.0,12.833333333333334,3.8098755248888843,19.0,6.0,15.208333333333334,4.845250176755812,24.0,6.0,24.6,24.7,24.8,94.0,93.0,93.0,2.0,2.0,2.0,1006.0,1005.0,1006.0,2303.0,188.0,49.0,93.0,0.7999600019998999,11.279248050129992,4.266382241183921,23.03,23.5,0.0243538525309617,600.25,8836,4.0,1012036,387.2,64.53333333333333,-3.0,6.0,-0.10000000000000142
56,170.2,14.7,59.7,18.8,98.3,95,1.0,1007,95,24.4,0.0,2.0,2023,9,14,20,3,257,37,-0.8660254037844386,0.5000000000000001,-1.0,-1.8369701987210297e-16,0.43388373911755823,-0.900968867902419,3,2,0,16.0,19.0,14.0,10.0,6.0,20.0,16.666666666666668,2.081665999468789,19.0,15.0,13.666666666666666,4.033195589933351,19.0,8.0,13.583333333333334,3.1754264805422654,19.0,8.0,15.0,4.736536984832423,24.0,6.0,24.5,24.6,24.8,94.0,93.0,93.0,2.0,2.0,2.0,1006.0,1005.0,1006.0,2318.0,190.0,48.8,95.0,0.7978299026647518,11.577443711312156,4.060948234813959,23.18,23.4,0.02423036322704744,595.3599999999999,9025,4.0,1014049,376.7,62.78333333333333,-1.0,1.0,-0.10000000000000142
69,171.2,14.3,55.3,26.3,93.7,97,0.5,1007,95,24.4,0.0,2.0,2023,9,14,21,3,257,37,-0.7071067811865477,0.7071067811865474,-1.0,-1.8369701987210297e-16,0.43388373911755823,-0.900968867902419,3,2,0,15.0,16.0,19.0,8.0,16.0,15.0,17.333333333333332,3.214550253666024,21.0,15.0,15.833333333333334,3.868677637986663,21.0,10.0,14.0,3.789938833758666,21.0,8.0,15.25,4.8923187353938395,24.0,6.0,24.4,24.6,24.7,95.0,94.0,93.0,2.0,2.0,2.0,1007.0,1006.0,1005.0,2318.0,190.0,48.8,48.5,0.79844872818524,11.971190825816375,3.8668624571708268,23.18,23.4,0.02423036322704744,595.3599999999999,9025,4.0,1014049,381.8,63.63333333333333,6.0,2.0,0.0
63,172.2,14.0,51.0,22.5,89.0,100,0.5,1008,96,24.3,0.0,2.0,2023,9,14,22,3,257,37,-0.5000000000000004,0.8660254037844384,-1.0,-1.8369701987210297e-16,0.43388373911755823,-0.900968867902419,3,3,0,21.0,15.0,16.0,10.0,11.0,23.0,18.0,3.000000000001813,21.0,15.0,17.166666666666668,2.6394443859756187,21.0,14.0,14.583333333333334,3.8247598458966556,21.0,8.0,15.041666666666666,4.64832056316696,24.0,6.0,24.4,24.5,24.7,95.0,94.0,93.0,2.0,2.0,2.0,1007.0,1006.0,1005.0,2332.8,192.0,48.6,50.0,0.7999644460246211,12.299121491322047,3.6425969573601886,23.328000000000003,23.3,0.02410711894135026,590.49,9216,4.0,1016064,366.7,61.11666666666667,-3.0,2.0,-0.09999999999999787
63,161.9,13.3,49.0,22.5,83.7,100,1.0,1007,95,24.3,0.0,2.0,2023,9,14,23,3,257,37,-0.25881904510252157,0.9659258262890681,-1.0,-1.8369701987210297e-16,0.43388373911755823,-0.900968867902419,3,3,0,18.0,21.0,15.0,14.0,15.0,17.0,19.0,1.7320508075719772,21.0,18.0,17.833333333333332,2.136976056641319,21.0,15.0,14.833333333333334,3.9504506839164684,21.0,8.0,15.083333333333334,4.671064180644488,24.0,6.0,24.3,24.4,24.6,96.0,95.0,93.0,2.0,2.0,2.0,1008.0,1007.0,1005.0,2308.5,190.0,48.6,100.0,0.7999644460246211,12.172017141568304,3.683933538831667,23.085,23.3,0.02413105845972348,590.49,9025,4.0,1014049,348.40000000000003,58.06666666666667,0.0,3.0,0.0
61,151.5,12.7,47.0,21.3,78.3,100,1.5,1007,94,24.2,0.0,2.0,2023,9,15,0,4,258,37,0.0,1.0,-1.0,-1.8369701987210297e-16,-0.433883739117558,-0.9009688679024191,3,3,0,18.0,18.0,21.0,19.0,14.0,18.0,17.666666666666668,0.5773502691990878,18.0,17.0,17.5,2.073644135330742,21.0,15.0,15.083333333333334,3.987670391533206,21.0,8.0,15.041666666666666,4.64832056316696,24.0,6.0,24.3,24.4,24.6,95.0,95.0,94.0,2.0,2.0,2.0,1007.0,1007.0,1006.0,2274.7999999999997,188.0,48.4,150.0,0.7980845969672785,11.928194630344068,3.7004960239351234,22.747999999999998,23.2,0.024031753692399512,585.64,8836,4.0,1014049,327.8,54.63333333333333,-1.0,-4.0,-0.10000000000000142
59,141.2,12.0,45.0,20.0,73.0,100,1.5,1007,93,24.2,0.0,2.0,2023,9,15,1,4,258,37,0.25881904510252074,0.9659258262890683,-1.0,-1.8369701987210297e-16,-0.433883739117558,-0.9009688679024191,3,3,0,17.0,18.0,18.0,16.0,15.0,24.0,17.0,1.0000000000055098,18.0,16.0,17.5,2.073644135330742,21.0,15.0,15.166666666666666,3.9962103260079287,21.0,8.0,14.708333333333334,4.247548312456992,22.0,6.0,24.2,24.3,24.5,94.0,96.0,94.0,2.0,2.0,2.0,1007.0,1008.0,1006.0,2250.6,186.0,48.4,150.0,0.7999600019998999,11.765686192817265,3.749687526039497,22.506,23.2,0.024031753692399512,585.64,8649,4.0,1014049,307.2,51.199999999999996,-1.0,-2.0,0.0
69,137.1,11.7,45.0,26.3,71.7,87,0.5,1007,93,24.2,0.0,1.33,2023,9,15,2,4,258,37,0.49999999999999994,0.8660254037844387,-1.0,-1.8369701987210297e-16,-0.433883739117558,-0.9009688679024191,3,3,0,16.0,17.0,18.0,15.0,10.0,18.0,18.0,2.6457513110666464,21.0,16.0,18.5,2.0736441353307664,21.0,16.0,16.083333333333332,3.964807305493198,21.0,8.0,14.833333333333334,4.390371546786243,22.0,6.0,24.2,24.3,24.4,93.0,95.0,95.0,2.0,2.0,2.0,1007.0,1007.0,1007.0,2250.6,123.69000000000001,32.186,43.5,0.79844872818524,11.71694726946415,3.8458251431501584,22.506,23.535,0.024031753692399512,585.64,8649,1.7689000000000001,1014049,312.8,52.13333333333333,5.0,3.0,0.0
76,133.1,11.3,45.0,30.0,70.3,75,0.5,1006,93,24.2,0.0,0.66,2023,9,15,3,4,258,37,0.7071067811865476,0.7071067811865476,-1.0,-1.8369701987210297e-16,-0.433883739117558,-0.9009688679024191,3,3,0,21.0,16.0,17.0,21.0,8.0,22.0,20.333333333333332,4.041451884328685,24.0,16.0,19.0,2.9664793948368717,24.0,16.0,17.416666666666668,3.679385653594064,24.0,10.0,14.916666666666666,4.54845092279681,24.0,6.0,24.2,24.2,24.4,93.0,94.0,95.0,1.33,2.0,2.0,1007.0,1007.0,1007.0,2250.6,61.38,15.972,37.5,0.7999733342221925,11.777718785948146,3.9819485001327317,22.506,23.87,0.024055642091807064,585.64,8649,0.43560000000000004,1012036,313.7,52.28333333333333,3.0,7.0,0.0
74,129.0,11.0,45.0,28.8,69.0,62,0.5,1006,94,24.2,0.0,2.4,2023,9,15,4,4,258,37,0.8660254037844386,0.5000000000000001,-1.0,-1.8369701987210297e-16,-0.433883739117558,-0.9009688679024191,3,3,0,24.0,21.0,16.0,18.0,10.0,20.0,22.666666666666668,1.5275252316552892,24.0,21.0,19.833333333333332,3.3115957885373755,24.0,16.0,18.5,3.1766191290275785,24.0,14.0,15.041666666666666,4.731753665778997,24.0,6.0,24.2,24.2,24.3,93.0,93.0,96.0,0.66,2.0,2.0,1006.0,1007.0,1008.0,2274.7999999999997,225.6,58.08,31.0,0.7985833825214401,11.726206708481048,4.090537223888737,22.747999999999998,23.0,0.024055642091807064,585.64,8836,5.76,1012036,305.8,50.96666666666667,-1.0,7.0,0.0
67,135.2,11.3,45.0,25.0,70.7,75,1.0,1007,94,24.2,0.0,2.4,2023,9,15,5,4,258,37,0.9659258262890683,0.25881904510252074,-1.0,-1.8369701987210297e-16,-0.433883739117558,-0.9009688679024191,3,3,0,23.0,24.0,21.0,18.0,14.0,14.0,22.333333333333332,2.0816659994685973,24.0,20.0,20.166666666666668,3.188521078283553,24.0,16.0,19.0,2.8603877677358596,24.0,15.0,15.291666666666666,4.831771361803409,24.0,6.0,24.2,24.2,24.3,94.0,93.0,95.0,2.4,1.33,2.0,1006.0,1007.0,1007.0,2274.7999999999997,225.6,58.08,75.0,0.7999680012799487,11.963543049287672,3.9819485001327317,22.747999999999998,23.0,0.024031753692399512,585.64,8836,5.76,1014049,307.2,51.199999999999996,-3.0,-1.0,0.0
69,141.4,11.7,45.0,26.3,72.3,87,1.0,1007,94,24.3,0.6,2.4,2023,9,15,6,4,258,37,1.0,6.123233995736766e-17,-1.0,-1.8369701987210297e-16,-0.433883739117558,-0.9009688679024191,3,0,0,20.0,23.0,24.0,17.0,19.0,12.0,21.333333333333332,1.5275252316553525,23.0,20.0,20.833333333333332,2.7868739954756787,24.0,16.0,19.166666666666668,2.918073253903376,24.0,15.0,15.666666666666666,4.913748827140239,24.0,6.0,24.2,24.2,24.2,94.0,93.0,94.0,2.4,0.66,2.0,1007.0,1006.0,1007.0,2284.2000000000003,225.6,58.32,87.0,0.79844872818524,12.084437227587388,3.8458251431501584,22.842000000000002,23.1,0.02413105845972348,590.49,8836,5.76,1014049,317.7,52.949999999999996,1.0,-3.0,0.10000000000000142
72,147.7,12.0,45.0,27.5,74.0,100,1.0,1008,95,24.3,0.7,2.4,2023,9,15,7,4,258,37,0.9659258262890683,-0.25881904510252063,-1.0,-1.8369701987210297e-16,-0.433883739117558,-0.9009688679024191,3,0,0,21.0,20.0,23.0,16.0,16.0,8.0,21.0,1.0000000000052272,22.0,20.0,21.833333333333332,1.4719601443852555,24.0,20.0,19.666666666666668,2.839120649180075,24.0,15.0,16.25,4.793564526482959,24.0,6.0,24.3,24.2,24.2,94.0,94.0,93.0,2.4,2.4,2.0,1007.0,1006.0,1007.0,2308.5,228.0,58.32,100.0,0.7999709101487218,12.307307724356303,3.749687526039497,23.085,23.1,0.02410711894135026,590.49,9025,5.76,1016064,328.2,54.699999999999996,1.0,-1.0,0.0
67,144.9,11.3,56.0,25.0,82.7,87,1.0,1008,91,25.0,1.1,0.33,2023,9,15,8,4,258,37,0.8660254037844387,-0.4999999999999998,-1.0,-1.8369701987210297e-16,-0.433883739117558,-0.9009688679024191,3,0,0,22.0,21.0,20.0,21.0,15.0,6.0,21.0,1.0000000000052272,22.0,20.0,21.666666666666668,1.632993161852997,24.0,20.0,20.083333333333332,2.4293034292796167,24.0,16.0,16.833333333333332,4.320493798937528,24.0,8.0,24.3,24.2,24.2,95.0,94.0,93.0,2.4,2.4,1.33,1008.0,1007.0,1007.0,2275.0,30.03,8.25,87.0,0.7999680012799487,12.821874170427396,4.955313689054066,22.75,24.835,0.024801562696862404,625.0,8281,0.10890000000000001,1016064,339.90000000000003,56.650000000000006,-2.0,0.0,0.6999999999999993
61,142.2,10.7,67.0,21.3,91.3,75,1.0,1009,87,25.8,1.8,0.66,2023,9,15,9,4,258,37,0.7071067811865476,-0.7071067811865475,-1.0,-1.8369701987210297e-16,-0.433883739117558,-0.9009688679024191,3,0,0,20.0,22.0,21.0,24.0,21.0,16.0,19.666666666666668,2.516611478425698,22.0,17.0,20.5,2.073644135330816,23.0,17.0,19.75,2.5628464289099404,24.0,16.0,16.875,4.31692825574023,24.0,8.0,25.0,24.3,24.2,91.0,94.0,93.0,0.33,2.4,0.66,1008.0,1007.0,1006.0,2244.6,57.42,17.028000000000002,75.0,0.7980845969672785,13.288477712363331,6.261097093729559,22.445999999999998,25.470000000000002,0.025569845817794038,665.64,7569,0.43560000000000004,1018081,349.5,58.25,-3.0,-4.0,0.8000000000000007
61,139.5,10.0,78.0,21.3,100.0,62,1.0,1009,83,26.5,2.6,1.0,2023,9,15,10,4,258,37,0.49999999999999994,-0.8660254037844387,-1.0,-1.8369701987210297e-16,-0.433883739117558,-0.9009688679024191,3,0,0,17.0,20.0,22.0,23.0,18.0,11.0,18.0,1.7320508075720182,20.0,17.0,19.5,2.0736441353307975,22.0,17.0,19.666666666666668,2.640018365408014,24.0,16.0,17.125,4.131664576645132,24.0,8.0,25.8,24.3,24.2,87.0,95.0,94.0,0.66,2.4,2.4,1009.0,1008.0,1006.0,2199.5,83.0,26.5,62.0,0.7980845969672785,13.948605139486052,7.799220077992201,21.995,26.0,0.026263601324478372,702.25,6889,1.0,1018081,365.8,60.96666666666667,0.0,-5.0,0.6999999999999993
67,141.2,10.0,86.7,25.0,106.0,58,0.5,1009,83,26.5,3.2,1.66,2023,9,15,11,4,258,37,0.258819045102521,-0.9659258262890682,-1.0,-1.8369701987210297e-16,-0.433883739117558,-0.9009688679024191,3,0,0,17.0,17.0,20.0,20.0,18.0,15.0,18.0,1.7320508075720182,20.0,17.0,19.5,2.0736441353307975,22.0,17.0,19.833333333333332,2.5878504008084198,24.0,16.0,17.333333333333332,4.145890229744722,24.0,8.0,26.5,25.0,24.2,83.0,91.0,94.0,1.0,0.33,2.4,1009.0,1008.0,1007.0,2199.5,137.78,43.989999999999995,29.0,0.7999680012799487,14.118588141185882,8.669133086691332,21.995,25.67,0.026263601324478372,702.25,6889,2.7556,1018081,388.9,64.81666666666666,3.0,0.0,0.0
65,143.0,10.0,95.3,23.8,112.0,54,0.5,1008,83,26.6,3.4,2.33,2023,9,15,12,4,258,37,1.2246467991473532e-16,-1.0,-1.0,-1.8369701987210297e-16,-0.433883739117558,-0.9009688679024191,3,1,0,20.0,17.0,17.0,21.0,17.0,14.0,18.666666666666668,1.5275252316554773,20.0,17.0,19.166666666666668,1.9407902170658355,22.0,17.0,20.0,2.44948974278207,24.0,16.0,17.541666666666668,4.096437122847207,24.0,8.0,26.5,25.8,24.3,83.0,87.0,94.0,1.66,0.66,2.4,1009.0,1009.0,1007.0,2207.8,193.39000000000001,61.97800000000001,27.0,0.7982857863114995,14.298570142985703,9.529047095290471,22.078000000000003,25.435000000000002,0.0263888627094616,707.5600000000001,6889,5.4289000000000005,1016064,403.1,67.18333333333334,-1.0,2.0,0.10000000000000142
72,144.7,10.0,104.0,27.5,118.0,50,0.5,1008,84,26.6,3.1,3.0,2023,9,15,13,4,258,37,-0.2588190451025208,-0.9659258262890683,-1.0,-1.8369701987210297e-16,-0.433883739117558,-0.9009688679024191,3,1,0,19.0,20.0,17.0,22.0,16.0,15.0,20.333333333333332,1.5275252316553993,22.0,19.0,19.166666666666668,1.9407902170658355,22.0,17.0,20.5,2.153221687694538,24.0,17.0,17.833333333333332,4.156364074384269,24.0,8.0,26.6,26.5,24.3,83.0,83.0,95.0,2.33,1.0,2.4,1008.0,1009.0,1008.0,2234.4,252.0,79.80000000000001,25.0,0.7999709101487218,14.468553144685531,10.398960103989602,22.344,25.1,0.0263888627094616,707.5600000000001,7056,9.0,1016064,426.2,71.03333333333333,3.0,5.0,0.0
82,145.3,10.7,108.3,33.8,121.0,62,0.5,1007,81,26.9,2.4,2.66,2023,9,15,14,4,258,37,-0.4999999999999997,-0.8660254037844388,-1.0,-1.8369701987210297e-16,-0.433883739117558,-0.9009688679024191,3,1,0,22.0,19.0,20.0,20.0,21.0,10.0,22.666666666666668,4.041451884328644,27.0,19.0,20.333333333333332,3.777124126456338,27.0,17.0,21.0,2.860387767735795,27.0,17.0,18.541666666666668,4.211569640950009,27.0,8.0,26.6,26.5,25.0,84.0,83.0,91.0,3.0,1.66,0.33,1008.0,1009.0,1008.0,2178.9,215.46,71.554,31.0,0.7987929351202628,13.578170264461267,10.120549481356884,21.789,25.57,0.026712982410146562,723.6099999999999,6561,7.0756000000000006,1014049,446.1,74.35000000000001,5.0,7.0,0.29999999999999716
80,145.9,11.3,112.7,32.5,124.0,75,0.0,1007,79,27.3,1.6,2.33,2023,9,15,15,4,258,37,-0.7071067811865471,-0.7071067811865479,-1.0,-1.8369701987210297e-16,-0.433883739117558,-0.9009688679024191,3,1,0,27.0,22.0,19.0,17.0,24.0,8.0,25.0,2.645751311066459,27.0,22.0,21.833333333333332,3.9707262140140918,27.0,17.0,21.166666666666668,3.0993645487510757,27.0,17.0,19.291666666666668,3.8389215725998205,27.0,10.0,26.9,26.6,25.8,81.0,83.0,87.0,2.66,2.33,0.66,1007.0,1008.0,1009.0,2156.7000000000003,184.07,63.609,0.0,0.7999753853727578,12.910361914874791,9.972568799221309,21.567000000000004,26.135,0.027110201479442424,745.2900000000001,6241,5.4289000000000005,1014049,452.40000000000003,75.4,-1.0,7.0,0.40000000000000213
74,146.5,12.0,117.0,28.8,127.0,87,0.0,1006,76,27.6,1.2,2.0,2023,9,15,16,4,258,37,-0.8660254037844385,-0.5000000000000004,-1.0,-1.8369701987210297e-16,-0.433883739117558,-0.9009688679024191,3,1,0,26.0,27.0,22.0,17.0,23.0,10.0,25.333333333333332,2.081665999468497,27.0,23.0,22.833333333333332,3.188521078283594,27.0,19.0,21.166666666666668,3.0993645487510757,27.0,17.0,19.833333333333332,3.3578806290327687,27.0,14.0,27.3,26.6,26.5,79.0,84.0,83.0,2.33,3.0,1.0,1007.0,1008.0,1009.0,2097.6,152.0,55.2,0.0,0.7985833825214401,12.207316056995252,9.749187567702691,20.976,26.6,0.02743536040222624,761.7600000000001,5776,4.0,1012036,454.3,75.71666666666667,-3.0,1.0,0.3000000000000007
56,204.3,18.7,95.3,18.8,135.3,87,0.0,1006,78,27.2,0.7,1.66,2023,9,15,17,4,258,37,-0.9659258262890683,-0.25881904510252063,-1.0,-1.8369701987210297e-16,-0.433883739117558,-0.9009688679024191,3,1,0,23.0,26.0,27.0,20.0,20.0,14.0,21.333333333333332,5.686240703078243,26.0,15.0,22.0,4.472135954998689,27.0,15.0,20.75,3.5707142142706445,27.0,15.0,19.875,3.28782338465566,27.0,15.0,27.6,26.9,26.5,76.0,81.0,83.0,2.0,2.66,1.66,1006.0,1007.0,1009.0,2121.6,129.48,45.151999999999994,0.0,0.7978299026647518,10.924549489332122,5.0959841719694134,21.215999999999998,26.37,0.027037746483353397,739.8399999999999,6084,2.7556,1012036,487.40000000000003,81.23333333333333,-8.0,-12.0,-0.40000000000000213
61,262.0,25.3,73.7,21.3,143.7,87,0.0,1007,81,26.8,0.0,1.33,2023,9,15,18,4,258,37,-1.0,-1.8369701987210297e-16,-1.0,-1.8369701987210297e-16,-0.433883739117558,-0.9009688679024191,3,2,0,15.0,23.0,26.0,19.0,21.0,19.0,18.333333333333332,4.163331998933568,23.0,15.0,21.666666666666668,4.802776974486601,27.0,15.0,20.416666666666668,3.728473568567925,27.0,15.0,19.791666666666668,3.3359591107204376,27.0,15.0,27.2,27.3,26.6,78.0,79.0,83.0,1.66,2.33,2.33,1006.0,1007.0,1008.0,2170.8,107.73,35.644000000000005,0.0,0.7980845969672785,10.355321924034623,2.9129283427532506,21.708000000000002,26.135,0.0266136776428226,718.24,6561,1.7689000000000001,1014049,543.0,90.5,2.0,-9.0,-0.3999999999999986
54,319.8,32.0,52.0,17.5,152.0,87,0.0,1007,83,26.4,0.0,1.0,2023,9,15,19,4,258,37,-0.9659258262890684,0.2588190451025203,-1.0,-1.8369701987210297e-16,-0.433883739117558,-0.9009688679024191,3,2,0,17.0,15.0,23.0,22.0,22.0,16.0,15.333333333333334,1.5275252316556382,17.0,14.0,20.333333333333332,5.715476066493374,27.0,14.0,19.75,4.114829058638133,27.0,14.0,19.708333333333332,3.4575584080273143,27.0,14.0,26.8,27.6,26.6,81.0,76.0,84.0,1.33,2.0,3.0,1007.0,1006.0,1008.0,2191.2,83.0,26.4,0.0,0.7999542883263813,9.993437705071718,1.6249492203368645,21.912,25.9,0.026216458573526738,696.9599999999999,6889,1.0,1014049,587.3,97.88333333333333,-3.0,-9.0,-0.40000000000000213
59,362.2,33.7,43.7,20.0,153.0,79,0.0,1007,85,26.1,0.0,1.0,2023,9,15,20,4,258,37,-0.8660254037844386,0.5000000000000001,-1.0,-1.8369701987210297e-16,-0.433883739117558,-0.9009688679024191,3,2,0,14.0,17.0,15.0,27.0,20.0,15.0,15.666666666666666,1.5275252316556227,17.0,14.0,18.5,4.8476798574154785,26.0,14.0,19.416666666666668,4.252450274057062,27.0,14.0,19.75,3.4039618860574796,27.0,14.0,26.4,27.2,26.9,83.0,78.0,81.0,1.0,1.66,2.66,1007.0,1006.0,1007.0,2218.5,85.0,26.1,0.0,0.7999600019998999,10.747455565116761,1.2966974273760423,22.185,25.6,0.025918544271554846,681.21,7225,1.0,1014049,628.5999999999999,104.76666666666665,2.0,1.0,-0.29999999999999716
67,404.6,35.3,35.3,25.0,154.0,70,0.0,1008,88,25.7,0.0,1.0,2023,9,15,21,4,258,37,-0.7071067811865477,0.7071067811865474,-1.0,-1.8369701987210297e-16,-0.433883739117558,-0.9009688679024191,3,2,0,16.0,14.0,17.0,26.0,17.0,21.0,16.666666666666668,3.055050463305708,20.0,14.0,17.5,3.3911649915614075,23.0,14.0,19.666666666666668,4.185110693296669,27.0,14.0,19.708333333333332,3.3941018747563723,27.0,14.0,26.1,26.8,27.3,85.0,81.0,79.0,1.0,1.33,2.33,1007.0,1007.0,1007.0,2261.6,88.0,25.7,0.0,0.7999680012799487,11.46143168748761,0.9999716721905896,22.616,25.2,0.025496006452374553,660.49,7744,1.0,1016064,674.2,112.36666666666667,4.0,3.0,-0.40000000000000213
87,447.0,37.0,27.0,36.3,155.0,62,0.0,1009,90,25.4,0.0,1.0,2023,9,15,22,4,258,37,-0.5000000000000004,0.8660254037844384,-1.0,-1.8369701987210297e-16,-0.433883739117558,-0.9009688679024191,3,3,0,20.0,16.0,14.0,23.0,17.0,18.0,21.666666666666668,6.658328118480172,29.0,16.0,18.5,5.540758070877283,29.0,14.0,20.666666666666668,4.86795333759108,29.0,14.0,20.166666666666668,3.8636169882478253,29.0,14.0,25.7,26.4,27.6,88.0,83.0,76.0,1.0,1.0,2.0,1008.0,1007.0,1006.0,2286.0,90.0,25.4,0.0,0.798876064020275,12.080754574200698,0.7297100078376261,22.86,24.9,0.0251734140996887,645.16,8100,1.0,1018081,731.3,121.88333333333333,9.0,15.0,-0.3000000000000007
69,430.5,35.3,25.3,26.3,144.3,62,0.0,1008,89,25.5,0.0,1.0,2023,9,15,23,4,258,37,-0.25881904510252157,0.9659258262890681,-1.0,-1.8369701987210297e-16,-0.433883739117558,-0.9009688679024191,3,3,0,29.0,20.0,16.0,15.0,20.0,18.0,23.333333333333332,4.932882862317276,29.0,20.0,19.5,5.319774431307387,29.0,14.0,20.75,4.86406115392121,29.0,14.0,20.291666666666668,3.838921572599905,29.0,14.0,25.4,26.1,27.2,90.0,85.0,78.0,1.0,1.0,1.66,1009.0,1007.0,1006.0,2269.5,89.0,25.5,0.0,0.79844872818524,12.195121951219514,0.7166935780856067,22.695,25.0,0.02529759395079965,650.25,7921,1.0,1016064,682.7,113.78333333333335,-8.0,5.0,0.10000000000000142
80,414.0,33.7,23.7,32.5,133.7,62,0.0,1008,87,25.6,0.0,1.0,2023,9,16,0,5,259,37,0.0,1.0,-1.0,-1.8369701987210297e-16,-0.9749279121818236,-0.2225209339563146,3,3,1,21.0,29.0,20.0,17.0,19.0,17.0,25.333333333333332,4.041451884328599,29.0,21.0,21.0,5.7271284253098385,29.0,14.0,21.333333333333332,5.051252469947017,29.0,14.0,20.666666666666668,3.9416027049984925,29.0,14.0,25.5,25.7,26.8,89.0,88.0,81.0,1.0,1.0,1.33,1008.0,1008.0,1007.0,2227.2000000000003,87.0,25.6,0.0,0.7999753853727578,12.284501943562505,0.7032432272039405,22.272000000000002,25.1,0.025396800201587105,655.3600000000001,7569,1.0,1016064,663.5999999999999,110.59999999999998,5.0,6.0,0.10000000000000142
87,397.4,32.0,22.0,36.3,123.0,62,0.0,1008,86,25.7,0.0,1.0,2023,9,16,1,5,259,37,0.25881904510252074,0.9659258262890683,-1.0,-1.8369701987210297e-16,-0.9749279121818236,-0.2225209339563146,3,3,1,26.0,21.0,29.0,14.0,22.0,16.0,25.333333333333332,4.041451884328599,29.0,21.0,23.5,5.319774431307415,29.0,16.0,21.916666666666668,5.517877281796318,29.0,14.0,21.208333333333332,4.159631742339444,29.0,14.0,25.6,25.4,26.4,87.0,90.0,83.0,1.0,1.0,1.0,1008.0,1009.0,1007.0,2210.2,86.0,25.7,0.0,0.798876064020275,12.418361926189807,0.6874785162963658,22.101999999999997,25.2,0.025496006452374553,660.49,7396,1.0,1016064,639.7,106.61666666666667,3.0,0.0,0.09999999999999787
91,357.0,29.0,23.7,38.8,117.0,66,0.0,1008,87,25.6,0.0,1.0,2023,9,16,2,5,259,37,0.49999999999999994,0.8660254037844387,-1.0,-1.8369701987210297e-16,-0.9749279121818236,-0.2225209339563146,3,3,1,29.0,26.0,21.0,16.0,27.0,21.0,28.666666666666668,2.516611478425446,31.0,26.0,26.0,4.560701700395711,31.0,20.0,22.25,5.956280108193948,31.0,14.0,21.625,4.6138967780234275,31.0,14.0,25.7,25.5,26.1,86.0,89.0,85.0,1.0,1.0,1.0,1008.0,1008.0,1007.0,2227.2000000000003,87.0,25.6,0.0,0.7989484807092602,12.309920347574222,0.8172131995448432,22.272000000000002,25.1,0.025396800201587105,655.3600000000001,7569,1.0,1016064,596.5,99.41666666666667,2.0,10.0,-0.09999999999999787
89,316.5,26.0,25.3,37.5,111.0,70,0.0,1008,88,25.5,0.0,1.0,2023,9,16,3,5,259,37,0.7071067811865476,0.7071067811865476,-1.0,-1.8369701987210297e-16,-0.9749279121818236,-0.2225209339563146,3,3,1,31.0,29.0,26.0,20.0,26.0,24.0,30.0,1.0000000000045937,31.0,29.0,27.666666666666668,3.6696957185384087,31.0,21.0,22.583333333333332,6.28791529744739,31.0,14.0,21.875,4.901752126845842,31.0,14.0,25.6,25.6,25.7,87.0,87.0,88.0,1.0,1.0,1.0,1008.0,1008.0,1008.0,2244.0,88.0,25.5,0.0,0.7999786672355405,12.172608745817469,0.9730394984808276,22.44,25.0,0.02529759395079965,650.25,7744,1.0,1016064,546.3,91.05,-1.0,4.0,-0.10000000000000142
100,276.0,23.0,27.0,43.8,105.0,75,0.0,1007,89,25.4,0.0,1.0,2023,9,16,4,5,259,37,0.8660254037844386,0.5000000000000001,-1.0,-1.8369701987210297e-16,-0.9749279121818236,-0.2225209339563146,3,3,1,30.0,31.0,29.0,29.0,23.0,23.0,32.0,2.6457513110662725,35.0,30.0,28.666666666666668,4.76095228569445,35.0,21.0,23.583333333333332,7.242028009954368,35.0,14.0,22.375,5.585793314876261,35.0,14.0,25.5,25.7,25.4,88.0,86.0,90.0,1.0,1.0,1.0,1008.0,1008.0,1009.0,2260.6,89.0,25.4,0.0,0.7990685144174792,11.999478283552888,1.173862005999739,22.605999999999998,24.9,0.02522341090028709,645.16,7921,1.0,1014049,509.8,84.96666666666667,5.0,6.0,-0.10000000000000142
89,244.5,21.0,32.0,37.5,99.7,83,0.5,1008,89,25.4,0.0,1.33,2023,9,16,5,5,259,37,0.9659258262890683,0.25881904510252074,-1.0,-1.8369701987210297e-16,-0.9749279121818236,-0.2225209339563146,3,3,1,35.0,30.0,31.0,21.0,15.0,20.0,31.666666666666668,2.886751345949678,35.0,30.0,30.166666666666668,2.9268868558007726,35.0,26.0,24.833333333333332,6.912877750103245,35.0,14.0,22.791666666666668,5.7708349683454765,35.0,14.0,25.4,25.6,25.5,89.0,87.0,89.0,1.0,1.0,1.0,1007.0,1008.0,1008.0,2260.6,118.37,33.782,41.5,0.7999786672355405,11.642302747488214,1.523736964906433,22.605999999999998,24.735,0.0251983877000122,645.16,7921,1.7689000000000001,1016064,464.7,77.45,-5.0,-1.0,0.0
91,213.0,19.0,37.0,38.8,94.3,91,0.5,1008,89,25.4,0.6,1.66,2023,9,16,6,5,259,37,1.0,6.123233995736766e-17,-1.0,-1.8369701987210297e-16,-0.9749279121818236,-0.2225209339563146,3,0,1,30.0,35.0,30.0,26.0,17.0,21.0,32.0,2.6457513110662725,35.0,30.0,31.0,2.0976176963385718,35.0,29.0,26.0,6.6469405128834795,35.0,14.0,23.208333333333332,5.992598091316747,35.0,14.0,25.4,25.5,25.6,89.0,88.0,87.0,1.33,1.0,1.0,1008.0,1008.0,1008.0,2260.6,147.73999999999998,42.163999999999994,45.5,0.7989484807092602,11.209936319141097,1.9472659333719278,22.605999999999998,24.57,0.0251983877000122,645.16,7921,2.7556,1016064,433.1,72.18333333333334,1.0,1.0,0.0
82,181.5,17.0,42.0,33.8,89.0,100,0.5,1009,89,25.4,0.7,2.0,2023,9,16,7,5,259,37,0.9659258262890683,-0.25881904510252063,-1.0,-1.8369701987210297e-16,-0.9749279121818236,-0.2225209339563146,3,0,1,31.0,30.0,35.0,29.0,14.0,22.0,29.333333333333332,2.0816659994683655,31.0,27.0,30.666666666666668,2.5819888974701986,35.0,27.0,27.083333333333332,5.468227788919228,35.0,16.0,23.416666666666668,6.0355228631726145,35.0,14.0,25.4,25.4,25.7,89.0,89.0,86.0,1.66,1.0,1.0,1008.0,1007.0,1008.0,2260.6,178.0,50.8,50.0,0.7987929351202628,10.675842597494265,2.4704429151226397,22.605999999999998,24.4,0.0251734140996887,645.16,7921,4.0,1018081,390.3,65.05,-4.0,-8.0,0.0
87,156.8,16.0,51.0,36.3,100.0,95,0.5,1010,87,26.1,1.1,1.33,2023,9,16,8,5,259,37,0.8660254037844387,-0.4999999999999998,-1.0,-1.8369701987210297e-16,-0.9749279121818236,-0.2225209339563146,3,0,1,27.0,31.0,30.0,31.0,16.0,20.0,29.0,2.000000000002336,31.0,27.0,30.333333333333332,2.658320271648874,35.0,27.0,28.166666666666668,4.217567875905725,35.0,20.0,23.791666666666668,6.093326118664693,35.0,14.0,25.4,25.4,25.6,89.0,89.0,87.0,2.0,1.33,1.0,1009.0,1008.0,1008.0,2270.7000000000003,115.71000000000001,34.713,47.5,0.798876064020275,9.799387538278857,3.1873007937003934,22.707000000000004,25.435000000000002,0.025841558572714286,681.21,7569,1.7689000000000001,1020100,389.1,64.85000000000001,2.0,-1.0,0.7000000000000028
95,132.1,15.0,60.0,41.3,111.0,91,0.5,1010,84,26.7,1.8,0.66,2023,9,16,9,5,259,37,0.7071067811865476,-0.7071067811865475,-1.0,-1.8369701987210297e-16,-0.9749279121818236,-0.2225209339563146,3,0,1,29.0,27.0,31.0,30.0,20.0,17.0,29.666666666666668,3.0550504633054065,33.0,27.0,30.833333333333332,2.8577380332457674,35.0,27.0,29.25,3.5451631581881777,35.0,21.0,24.458333333333332,6.192415884995905,35.0,14.0,26.1,25.4,25.5,87.0,89.0,88.0,1.33,1.66,1.0,1010.0,1008.0,1008.0,2242.7999999999997,55.440000000000005,17.622,45.5,0.7990121304568898,8.806079594693687,3.999733351109926,22.427999999999997,26.37,0.026435617390477832,712.89,7056,0.43560000000000004,1020100,392.4,65.39999999999999,4.0,2.0,0.5999999999999979
93,107.4,14.0,69.0,40.0,122.0,87,0.5,1011,82,27.4,2.6,2.4,2023,9,16,10,5,259,37,0.49999999999999994,-0.8660254037844387,-1.0,-1.8369701987210297e-16,-0.9749279121818236,-0.2225209339563146,3,0,1,33.0,29.0,27.0,35.0,29.0,17.0,31.333333333333332,2.0816659994682967,33.0,29.0,30.333333333333332,2.160246899467592,33.0,27.0,29.5,3.6306773723109984,35.0,21.0,25.083333333333332,6.1638262161732635,35.0,14.0,26.7,25.4,25.4,84.0,89.0,89.0,0.66,2.0,1.0,1010.0,1009.0,1007.0,2246.7999999999997,196.79999999999998,65.75999999999999,43.5,0.7999800004999875,7.670880651382045,4.928219412899079,22.467999999999996,26.2,0.02710185252042283,750.7599999999999,6724,5.76,1022121,384.4,64.06666666666666,-1.0,5.0,0.6999999999999993
112,105.2,12.7,84.0,50.0,127.7,91,0.5,1010,80,28.0,3.2,0.33,2023,9,16,11,5,259,37,0.258819045102521,-0.9659258262890682,-1.0,-1.8369701987210297e-16,-0.9749279121818236,-0.2225209339563146,3,0,1,32.0,33.0,29.0,30.0,21.0,20.0,35.0,4.358898943541646,40.0,32.0,32.0,4.472135954998777,40.0,27.0,31.083333333333332,3.7284735685676793,40.0,26.0,25.916666666666668,6.76896155844507,40.0,14.0,27.4,26.1,25.4,82.0,87.0,89.0,2.4,1.33,1.33,1011.0,1010.0,1008.0,2240.0,26.400000000000002,9.24,45.5,0.7999840003199936,8.282812376978193,6.613652468309582,22.4,27.835,0.027722744828965515,784.0,6400,0.10890000000000001,1020100,419.59999999999997,69.93333333333332,8.0,11.0,0.6000000000000014
104,103.1,11.3,99.0,46.3,133.3,95,0.5,1009,77,28.5,3.4,0.66,2023,9,16,12,5,259,37,1.2246467991473532e-16,-1.0,-1.0,-1.8369701987210297e-16,-0.9749279121818236,-0.2225209339563146,3,1,1,40.0,32.0,33.0,31.0,26.0,19.0,36.333333333333336,4.0414518843284055,40.0,32.0,33.0,4.857983120595717,40.0,27.0,32.0,3.7172815091373317,40.0,27.0,26.666666666666668,6.963673859622223,40.0,14.0,28.0,26.7,25.4,80.0,84.0,89.0,0.33,0.66,1.66,1010.0,1010.0,1008.0,2194.5,50.82,18.810000000000002,47.5,0.799118809528952,9.123086452526325,8.76028670029201,21.945,28.17,0.02824575991500504,812.25,5929,0.43560000000000004,1018081,430.0,71.66666666666667,-3.0,4.0,0.5
110,101.0,10.0,114.0,48.8,139.0,100,0.0,1008,74,29.1,3.1,1.0,2023,9,16,13,5,259,37,-0.2588190451025208,-0.9659258262890683,-1.0,-1.8369701987210297e-16,-0.9749279121818236,-0.2225209339563146,3,1,1,37.0,40.0,32.0,27.0,29.0,22.0,38.666666666666664,1.527525231654552,40.0,37.0,35.0,4.335896677734961,40.0,29.0,32.833333333333336,4.086192567288289,40.0,27.0,27.375,7.323651382009888,40.0,14.0,28.5,27.4,25.4,77.0,82.0,89.0,0.66,2.4,2.0,1009.0,1011.0,1009.0,2153.4,74.0,29.1,0.0,0.7991639515583698,10.098990100989901,11.398860113988603,21.534000000000002,28.6,0.02886901897914784,846.8100000000001,5476,1.0,1016064,451.8,75.3,2.0,7.0,0.6000000000000014
112,111.3,11.3,113.7,50.0,136.0,95,1.0,1007,77,28.9,2.4,1.0,2023,9,16,14,5,259,37,-0.4999999999999997,-0.8660254037844388,-1.0,-1.8369701987210297e-16,-0.9749279121818236,-0.2225209339563146,3,1,1,39.0,37.0,40.0,29.0,31.0,27.0,38.666666666666664,1.527525231654552,40.0,37.0,36.833333333333336,3.5449494589711548,40.0,32.0,33.583333333333336,4.5218325595893,40.0,27.0,27.916666666666668,7.762320734703256,40.0,14.0,29.1,28.0,26.1,74.0,80.0,87.0,1.0,0.33,1.33,1008.0,1010.0,1010.0,2225.2999999999997,77.0,28.9,95.0,0.7999840003199936,9.848685956994956,10.061056543668702,22.252999999999997,28.4,0.028699077756625863,835.2099999999999,5929,1.0,1014049,462.3,77.05,1.0,0.0,-0.20000000000000284
118,121.6,12.7,113.3,52.5,133.0,91,0.5,1007,80,28.8,1.6,1.0,2023,9,16,15,5,259,37,-0.7071067811865471,-0.7071067811865479,-1.0,-1.8369701987210297e-16,-0.9749279121818236,-0.2225209339563146,3,1,1,40.0,39.0,37.0,33.0,30.0,26.0,40.333333333333336,1.5275252316544754,42.0,39.0,38.333333333333336,3.5023801430827013,42.0,32.0,34.583333333333336,4.962739956796037,42.0,27.0,28.583333333333332,8.261575103356778,42.0,14.0,28.9,28.5,26.7,77.0,77.0,84.0,1.0,0.66,0.66,1007.0,1009.0,1010.0,2304.0,80.0,28.8,45.5,0.7999847621950058,9.574049287457681,8.92055743642233,23.04,28.3,0.0285997729893019,829.44,6400,1.0,1014049,475.09999999999997,79.18333333333332,2.0,5.0,-0.09999999999999787
118,131.9,14.0,113.0,52.5,130.0,87,0.0,1006,83,28.6,1.0,1.0,2023,9,16,16,5,259,37,-0.8660254037844385,-0.5000000000000004,-1.0,-1.8369701987210297e-16,-0.9749279121818236,-0.2225209339563146,3,1,1,42.0,40.0,39.0,32.0,35.0,23.0,41.333333333333336,1.1547005383825368,42.0,40.0,40.0,1.8973665960993078,42.0,37.0,35.166666666666664,5.40762648880414,42.0,27.0,29.375,8.60643086150771,42.0,14.0,28.8,29.1,27.4,80.0,74.0,82.0,1.0,1.0,2.4,1007.0,1008.0,1011.0,2373.8,83.0,28.6,0.0,0.7999847621950058,9.420755660309979,8.070852081994143,23.738000000000003,28.1,0.028429395199408354,817.96,6889,1.0,1012036,483.4,80.56666666666666,0.0,3.0,-0.1999999999999993
121,161.3,17.3,97.3,53.8,130.0,75,0.0,1006,86,28.1,0.7,1.33,2023,9,16,17,5,259,37,-0.9659258262890683,-0.25881904510252063,-1.0,-1.8369701987210297e-16,-0.9749279121818236,-0.2225209339563146,3,1,1,42.0,42.0,40.0,40.0,30.0,15.0,42.333333333333336,0.5773502691960763,43.0,42.0,40.5,2.2583179581258075,43.0,37.0,36.25,5.577959874687889,43.0,27.0,30.541666666666668,8.469788594798562,43.0,14.0,28.6,28.9,28.0,83.0,77.0,80.0,1.0,1.0,0.33,1006.0,1007.0,1010.0,2416.6,114.38000000000001,37.373000000000005,0.0,0.7992416497834613,9.323160510953123,5.623952372695219,24.166,27.435000000000002,0.0279323778008173,789.6100000000001,7396,1.7689000000000001,1012036,502.70000000000005,83.78333333333335,1.0,3.0,-0.5
82,190.6,20.7,81.7,33.8,130.0,62,1.25,1007,89,27.7,0.0,1.66,2023,9,16,18,5,259,37,-1.0,-1.8369701987210297e-16,-1.0,-1.8369701987210297e-16,-0.9749279121818236,-0.2225209339563146,3,2,1,43.0,42.0,42.0,37.0,31.0,17.0,37.333333333333336,8.962886439832957,43.0,27.0,38.833333333333336,5.980523945831172,43.0,27.0,35.916666666666664,6.0220554227890775,43.0,27.0,30.958333333333332,8.008034914284913,43.0,14.0,28.1,28.8,28.5,86.0,80.0,77.0,1.33,1.0,0.66,1006.0,1007.0,1009.0,2465.2999999999997,147.73999999999998,45.982,77.5,0.7987929351202628,9.207284672238055,3.946669243031738,24.653,26.87,0.02750742054873828,767.29,7921,2.7556,1014049,483.8,80.63333333333334,-16.0,-15.0,-0.40000000000000213
78,220.0,24.0,66.0,31.3,130.0,50,2.0,1007,93,27.2,0.0,2.0,2023,9,16,19,5,259,37,-0.9659258262890684,0.2588190451025203,-1.0,-1.8369701987210297e-16,-0.9749279121818236,-0.2225209339563146,3,2,1,27.0,43.0,42.0,39.0,27.0,14.0,31.666666666666668,9.865765724632947,43.0,25.0,36.5,8.215838362577077,43.0,25.0,35.75,6.311965548931723,43.0,25.0,31.416666666666668,7.276625272907731,43.0,16.0,27.7,28.6,29.1,89.0,83.0,74.0,1.66,1.0,1.0,1007.0,1006.0,1008.0,2529.6,186.0,54.4,100.0,0.7986965272674994,9.16628473813591,2.7498854214407733,25.296,26.2,0.027010896712118457,739.8399999999999,8649,4.0,1014049,496.3,82.71666666666667,-2.0,-17.0,-0.5
82,235.2,24.3,58.0,33.8,122.3,66,2.0,1008,93,26.6,0.0,1.66,2023,9,16,20,5,259,37,-0.8660254037844386,0.5000000000000001,-1.0,-1.8369701987210297e-16,-0.9749279121818236,-0.2225209339563146,3,2,1,25.0,27.0,43.0,40.0,29.0,16.0,26.333333333333332,1.1547005383834459,27.0,25.0,34.333333333333336,8.801515021100613,43.0,25.0,35.583333333333336,6.529072512905624,43.0,25.0,31.875,6.5760600071313435,43.0,20.0,27.2,28.1,28.9,93.0,86.0,77.0,2.0,1.33,1.0,1007.0,1006.0,1007.0,2473.8,154.38,44.156,132.0,0.7987929351202628,9.678614048804574,2.386733056252829,24.738000000000003,25.770000000000003,0.0263888627094616,707.5600000000001,8649,2.7556,1016064,500.6,83.43333333333334,2.0,-16.0,-0.5999999999999979
76,250.4,24.7,50.0,30.0,114.7,83,1.5,1009,93,26.0,0.0,1.33,2023,9,16,21,5,259,37,-0.7071067811865477,0.7071067811865474,-1.0,-1.8369701987210297e-16,-0.9749279121818236,-0.2225209339563146,3,2,1,27.0,25.0,27.0,42.0,33.0,20.0,25.333333333333332,1.5275252316551644,27.0,24.0,31.333333333333332,8.73307887669976,43.0,24.0,34.833333333333336,7.321615983241174,43.0,24.0,32.041666666666664,6.307202002588023,43.0,21.0,26.6,27.7,28.8,93.0,89.0,80.0,1.66,1.66,1.0,1008.0,1007.0,1007.0,2418.0,123.69000000000001,34.58,124.5,0.7999733342221925,10.137241407230476,2.02420954617222,24.18,25.335,0.025768061676846702,676.0,8649,1.7689000000000001,1018081,493.8,82.3,-3.0,-3.0,-0.6000000000000014
72,265.5,25.0,42.0,27.5,107.0,100,1.0,1009,93,25.4,0.0,1.0,2023,9,16,22,5,259,37,-0.5000000000000004,0.8660254037844384,-1.0,-1.8369701987210297e-16,-0.9749279121818236,-0.2225209339563146,3,3,1,24.0,27.0,25.0,42.0,32.0,29.0,24.333333333333332,2.5166114784255647,27.0,22.0,28.0,7.589466384403628,43.0,22.0,34.0,8.190904046007454,43.0,22.0,31.75,6.6086241414896,43.0,21.0,26.0,27.2,28.6,93.0,93.0,83.0,1.33,2.0,1.0,1009.0,1007.0,1006.0,2362.2,93.0,25.4,100.0,0.7999709101487218,10.61957521699132,1.6799328026878924,23.622,24.9,0.0251734140996887,645.16,8649,1.0,1018081,489.0,81.5,-2.0,-3.0,-0.6000000000000014
67,247.3,24.0,41.0,25.0,97.3,91,0.75,1009,94,25.3,0.0,0.66,2023,9,16,23,5,259,37,-0.25881904510252157,0.9659258262890681,-1.0,-1.8369701987210297e-16,-0.9749279121818236,-0.2225209339563146,3,3,1,22.0,24.0,27.0,43.0,40.0,21.0,22.0,2.000000000002576,24.0,20.0,24.166666666666668,2.7868739954757697,27.0,20.0,32.333333333333336,8.866005899279171,43.0,20.0,31.708333333333332,6.68209266015082,43.0,20.0,25.4,26.6,28.1,93.0,93.0,86.0,1.0,1.66,1.33,1009.0,1008.0,1006.0,2378.2000000000003,62.040000000000006,16.698,68.25,0.7999680012799487,10.303737344277321,1.7082621557435107,23.782000000000004,24.970000000000002,0.02507430617016237,640.09,8836,0.43560000000000004,1018081,454.6,75.76666666666667,-2.0,-7.0,-0.09999999999999787
112,229.0,23.0,40.0,50.0,87.7,83,0.5,1009,94,25.3,0.0,0.33,2023,9,17,0,6,260,37,0.0,1.0,-1.0,-1.8369701987210297e-16,-0.7818314824680299,0.6234898018587334,3,3,1,20.0,22.0,24.0,27.0,37.0,26.0,27.333333333333332,11.015141094572636,40.0,20.0,26.333333333333332,7.118052168020354,40.0,20.0,32.583333333333336,9.04994558831751,43.0,20.0,32.291666666666664,6.772573633648414,43.0,20.0,25.3,26.0,27.7,94.0,93.0,89.0,0.66,1.33,1.66,1009.0,1009.0,1007.0,2378.2000000000003,31.020000000000003,8.349,41.5,0.7999840003199936,9.95608886570149,1.7390548237033172,23.782000000000004,25.135,0.02507430617016237,640.09,8836,0.10890000000000001,1018081,469.7,78.28333333333333,20.0,16.0,0.0
121,210.7,22.0,39.0,53.8,78.0,75,1.0,1008,95,25.2,0.0,0.4,2023,9,17,1,6,260,37,0.25881904510252074,0.9659258262890683,-1.0,-1.8369701987210297e-16,-0.7818314824680299,0.6234898018587334,3,3,1,40.0,20.0,22.0,25.0,39.0,29.0,34.333333333333336,12.50333288900771,43.0,20.0,29.333333333333332,9.750213672871968,43.0,20.0,32.916666666666664,9.375580790090154,43.0,20.0,32.875,7.072989036683511,43.0,20.0,25.3,25.4,27.2,94.0,93.0,93.0,0.33,1.0,2.0,1009.0,1009.0,1007.0,2394.0,38.0,10.08,75.0,0.7992416497834613,9.576837416481068,1.7726466978773692,23.94,25.0,0.024999975198437302,635.04,9025,0.16000000000000003,1016064,446.5,74.41666666666667,3.0,21.0,-0.10000000000000142
131,208.9,22.0,34.7,58.8,77.0,83,0.0,1008,95,25.2,0.0,0.4,2023,9,17,2,6,260,37,0.49999999999999994,0.8660254037844387,-1.0,-1.8369701987210297e-16,-0.7818314824680299,0.6234898018587334,3,3,1,43.0,40.0,20.0,27.0,40.0,31.0,43.333333333333336,3.5118845842852866,47.0,40.0,32.666666666666664,11.96104789166316,47.0,20.0,33.5,10.049875621120506,47.0,20.0,33.541666666666664,7.621361094157548,47.0,20.0,25.2,25.3,26.6,95.0,94.0,93.0,0.4,0.66,1.66,1008.0,1009.0,1008.0,2394.0,38.0,10.08,0.0,0.7993061342494175,9.495022953502113,1.5772010363165312,23.94,25.0,0.024999975198437302,635.04,9025,0.16000000000000003,1016064,448.40000000000003,74.73333333333333,4.0,27.0,0.0
155,207.2,22.0,30.3,73.8,76.0,91,0.0,1008,94,25.2,0.0,1.2,2023,9,17,3,6,260,37,0.7071067811865476,0.7071067811865476,-1.0,-1.8369701987210297e-16,-0.7818314824680299,0.6234898018587334,3,3,1,47.0,43.0,40.0,24.0,42.0,30.0,49.666666666666664,8.326663997864916,59.0,43.0,38.5,15.029970059850202,59.0,20.0,34.916666666666664,12.302685097410754,59.0,20.0,34.75,9.175818883016161,59.0,20.0,25.2,25.3,26.0,95.0,94.0,93.0,0.4,0.33,1.33,1008.0,1009.0,1009.0,2368.7999999999997,112.8,30.24,0.0,0.799447161962575,9.417753738466432,1.3772101268124175,23.688,24.599999999999998,0.024999975198437302,635.04,8836,1.44,1016064,468.3,78.05,12.0,19.0,0.0
78,205.4,22.0,26.0,31.3,75.0,100,0.0,1007,94,25.2,0.0,1.2,2023,9,17,4,6,260,37,0.8660254037844386,0.5000000000000001,-1.0,-1.8369701987210297e-16,-0.7818314824680299,0.6234898018587334,3,3,1,59.0,47.0,43.0,22.0,42.0,35.0,43.666666666666664,17.24335620850363,59.0,25.0,39.0,14.408330923462076,59.0,20.0,33.5,12.391345953747187,59.0,20.0,34.333333333333336,9.388553005454808,59.0,20.0,25.2,25.2,25.4,94.0,95.0,93.0,1.2,0.4,1.0,1008.0,1008.0,1009.0,2368.7999999999997,112.8,30.24,0.0,0.7986965272674994,9.335939275487478,1.1817644652515793,23.688,24.599999999999998,0.02502480136563916,635.04,8836,1.44,1014049,384.7,64.11666666666666,-34.0,-18.0,0.0
74,182.1,20.7,28.7,28.8,73.7,95,0.0,1008,94,25.4,0.0,1.2,2023,9,17,5,6,260,37,0.9659258262890683,0.25881904510252074,-1.0,-1.8369701987210297e-16,-0.7818314824680299,0.6234898018587334,3,3,1,25.0,59.0,47.0,20.0,43.0,30.0,35.666666666666664,20.231987873991567,59.0,23.0,39.5,13.649175799292555,59.0,23.0,31.833333333333332,12.34233905438211,59.0,20.0,34.041666666666664,9.634535555091448,59.0,20.0,25.2,25.2,25.3,94.0,95.0,94.0,1.2,0.4,0.66,1007.0,1008.0,1009.0,2387.6,112.8,30.479999999999997,0.0,0.7985833825214401,8.796676489058498,1.3864064537945027,23.875999999999998,24.799999999999997,0.0251983877000122,645.16,8836,1.44,1016064,356.99999999999994,59.49999999999999,-2.0,-24.0,0.1999999999999993
82,158.7,19.3,31.3,33.8,72.3,91,0.0,1008,95,25.6,0.7,1.2,2023,9,17,6,6,260,37,1.0,6.123233995736766e-17,-1.0,-1.8369701987210297e-16,-0.7818314824680299,0.6234898018587334,3,0,1,23.0,25.0,59.0,40.0,27.0,31.0,25.0,2.0000000000024944,27.0,23.0,37.333333333333336,14.555640372950275,59.0,23.0,31.833333333333332,12.34233905438211,59.0,20.0,33.875,9.723626537639165,59.0,20.0,25.4,25.2,25.3,94.0,94.0,94.0,1.2,1.2,0.33,1008.0,1008.0,1009.0,2432.0,114.0,30.72,0.0,0.7987929351202628,8.222371897829127,1.6216776332832494,24.32,25.0,0.025396800201587105,655.3600000000001,9025,1.44,1016064,342.40000000000003,57.06666666666667,4.0,-32.0,0.20000000000000284
76,135.4,18.0,34.0,30.0,71.0,87,0.0,1008,95,25.8,0.8,1.2,2023,9,17,7,6,260,37,0.9659258262890683,-0.25881904510252063,-1.0,-1.8369701987210297e-16,-0.7818314824680299,0.6234898018587334,3,0,1,27.0,23.0,25.0,43.0,25.0,27.0,24.666666666666668,2.081665999468541,27.0,23.0,34.166666666666664,15.13164454600556,59.0,23.0,31.75,12.395930417241114,59.0,20.0,33.75,9.83450005360466,59.0,20.0,25.6,25.2,25.2,95.0,94.0,95.0,1.2,1.2,0.4,1008.0,1007.0,1008.0,2451.0,114.0,30.96,0.0,0.7999733342221925,7.521804344203099,1.888783956446864,24.51,25.2,0.025595212703162003,665.64,9025,1.44,1016064,312.4,52.06666666666666,-3.0,-1.0,0.1999999999999993
67,118.9,15.7,46.0,25.0,95.0,83,0.0,1009,86,27.3,1.2,0.33,2023,9,17,8,6,260,37,0.8660254037844387,-0.4999999999999998,-1.0,-1.8369701987210297e-16,-0.7818314824680299,0.6234898018587334,3,0,1,24.0,27.0,23.0,47.0,27.0,29.0,23.666666666666668,3.511884584285694,27.0,20.0,29.666666666666668,14.555640372950256,59.0,20.0,31.166666666666668,12.797963853202251,59.0,20.0,33.375,10.188708583952025,59.0,20.0,25.8,25.4,25.2,95.0,94.0,95.0,1.2,1.2,0.4,1008.0,1008.0,1008.0,2347.8,28.380000000000003,9.009,0.0,0.7999680012799487,7.572766065855679,2.929749697471499,23.478,27.135,0.02705646476068904,745.2900000000001,7396,0.10890000000000001,1018081,320.6,53.43333333333334,-4.0,-3.0,1.5
93,102.3,13.3,58.0,40.0,119.0,79,0.0,1009,79,28.7,2.3,0.66,2023,9,17,9,6,260,37,0.7071067811865476,-0.7071067811865475,-1.0,-1.8369701987210297e-16,-0.7818314824680299,0.6234898018587334,3,0,1,20.0,24.0,27.0,59.0,24.0,33.0,25.333333333333332,6.110100926608599,32.0,20.0,25.166666666666668,4.070217029429649,32.0,20.0,31.833333333333332,12.597498549194686,59.0,20.0,33.333333333333336,10.192352916329796,59.0,20.0,27.3,25.6,25.2,86.0,95.0,94.0,0.33,1.2,1.2,1009.0,1008.0,1008.0,2267.2999999999997,52.14,18.942,0.0,0.7999800004999875,7.691151041275091,4.360574392902789,22.673,28.37,0.028443975774057707,823.6899999999999,6241,0.43560000000000004,1018081,364.6,60.76666666666667,12.0,5.0,1.3999999999999986
104,85.8,11.0,70.0,46.3,143.0,75,0.0,1010,72,30.2,3.4,1.0,2023,9,17,10,6,260,37,0.49999999999999994,-0.8660254037844387,-1.0,-1.8369701987210297e-16,-0.7818314824680299,0.6234898018587334,3,0,1,32.0,20.0,24.0,25.0,22.0,32.0,29.666666666666668,8.736894948054637,37.0,20.0,27.166666666666668,6.306081720582066,37.0,20.0,33.083333333333336,12.273092026004703,59.0,20.0,33.541666666666664,10.214989696164933,59.0,20.0,28.7,25.8,25.2,79.0,95.0,94.0,0.66,1.2,1.2,1009.0,1008.0,1007.0,2174.4,72.0,30.2,0.0,0.799118809528952,7.799290973547859,6.363057903826925,21.744,29.7,0.02990096049409852,912.04,5184,1.0,1020100,393.1,65.51666666666667,5.0,13.0,1.5
129,84.0,10.7,77.0,57.5,141.7,66,0.0,1009,70,30.7,3.2,1.33,2023,9,17,11,6,260,37,0.258819045102521,-0.9659258262890682,-1.0,-1.8369701987210297e-16,-0.7818314824680299,0.6234898018587334,3,0,1,37.0,32.0,20.0,23.0,20.0,40.0,38.333333333333336,7.094598884598157,46.0,32.0,31.0,9.465727652959009,46.0,20.0,35.25,12.04631214785788,59.0,20.0,33.791666666666664,10.450625804713669,59.0,20.0,30.2,27.3,25.4,72.0,86.0,94.0,1.0,0.33,1.2,1010.0,1009.0,1008.0,2149.0,93.10000000000001,40.831,0.0,0.7999860871984835,7.849733669750491,7.195589197271284,21.49,30.035,0.030426134364584377,942.49,4900,1.7689000000000001,1018081,416.9,69.48333333333333,9.0,26.0,0.5
228,82.3,10.3,84.0,142.5,140.3,58,0.0,1008,68,31.3,3.4,1.66,2023,9,17,12,6,260,37,1.2246467991473532e-16,-1.0,-1.0,-1.8369701987210297e-16,-0.7818314824680299,0.6234898018587334,3,1,1,46.0,37.0,32.0,27.0,40.0,37.0,65.66666666666667,42.09908945967047,114.0,37.0,45.5,34.81235412895821,114.0,20.0,41.416666666666664,25.794496711625364,114.0,20.0,37.0,19.43551209602636,114.0,20.0,30.7,28.7,25.6,70.0,79.0,95.0,1.33,0.66,1.2,1009.0,1009.0,1008.0,2128.4,112.88,51.958,0.0,0.7999943860043087,7.989515581011552,8.154548102126007,21.284000000000002,30.470000000000002,0.031051556496471733,979.69,4624,2.7556,1016064,573.4000000000001,95.56666666666668,68.0,82.0,0.6000000000000014
152,80.5,10.0,91.0,71.3,139.0,50,0.0,1007,67,31.8,3.2,2.0,2023,9,17,13,6,260,37,-0.2588190451025208,-0.9659258262890683,-1.0,-1.8369701987210297e-16,-0.7818314824680299,0.6234898018587334,3,1,1,114.0,46.0,37.0,24.0,43.0,39.0,72.33333333333333,36.50114153466076,114.0,46.0,51.0,33.31065895475492,114.0,20.0,42.583333333333336,26.186250150979767,114.0,20.0,37.75,19.858740272670776,114.0,20.0,31.3,30.2,25.8,68.0,72.0,95.0,1.66,1.0,1.2,1008.0,1010.0,1008.0,2130.6,134.0,63.6,0.0,0.7994277780115285,8.049195080491952,9.099090090990902,21.305999999999997,30.8,0.031578916009020845,1011.24,4489,4.0,1014049,448.8,74.8,-57.0,20.0,0.5
107,91.0,11.3,91.3,47.5,135.7,58,4.5,1006,72,31.1,2.4,1.66,2023,9,17,14,6,260,37,-0.4999999999999997,-0.8660254037844388,-1.0,-1.8369701987210297e-16,-0.7818314824680299,0.6234898018587334,3,1,1,57.0,114.0,46.0,20.0,47.0,40.0,69.66666666666667,39.55165398985657,114.0,38.0,54.0,30.665942020423806,114.0,32.0,41.833333333333336,26.177135524010552,114.0,20.0,37.666666666666664,19.853083577526103,114.0,20.0,31.8,30.7,27.3,67.0,70.0,86.0,2.0,1.33,0.33,1007.0,1009.0,1009.0,2239.2000000000003,119.52,51.626,261.0,0.7999831582493001,8.052384744712857,8.078931068047075,22.392000000000003,30.270000000000003,0.03091448219236363,967.21,5184,2.7556,1012036,414.8,69.13333333333334,-19.0,-8.0,-0.6999999999999993
129,101.5,12.7,91.7,57.5,132.3,66,0.5,1006,78,30.4,1.6,1.33,2023,9,17,15,6,260,37,-0.7071067811865471,-0.7071067811865479,-1.0,-1.8369701987210297e-16,-0.7818314824680299,0.6234898018587334,3,1,1,38.0,57.0,114.0,32.0,59.0,42.0,47.0,9.539392014169866,57.0,38.0,56.333333333333336,29.15247273674501,114.0,37.0,40.75,25.666125535421028,114.0,20.0,37.833333333333336,19.90775830121802,114.0,20.0,31.1,31.3,28.7,72.0,68.0,79.0,1.66,1.66,0.66,1006.0,1008.0,1009.0,2371.2,103.74000000000001,40.432,33.0,0.7999860871984835,7.991496732540746,7.2199039445712945,23.712,29.735,0.030218657834336148,924.16,6084,1.7689000000000001,1012036,441.7,73.61666666666666,8.0,-68.0,-0.7000000000000028
153,112.1,14.0,92.0,72.5,129.0,75,0.0,1005,85,29.7,1.0,1.0,2023,9,17,16,6,260,37,-0.8660254037844385,-0.5000000000000004,-1.0,-1.8369701987210297e-16,-0.7818314824680299,0.6234898018587334,3,1,1,46.0,38.0,57.0,37.0,25.0,42.0,47.333333333333336,10.066445913694718,58.0,38.0,59.833333333333336,27.585624275456617,114.0,38.0,43.5,25.592967784139276,114.0,20.0,38.5,20.31705216550023,114.0,20.0,30.4,31.8,30.2,78.0,67.0,72.0,1.33,2.0,1.0,1006.0,1007.0,1010.0,2524.5,85.0,29.7,0.0,0.799988965669439,8.006570959217198,6.570959217198772,25.245,29.2,0.029552209400786667,882.0899999999999,7225,1.0,1010025,477.6,79.60000000000001,12.0,1.0,-0.6999999999999993
134,150.0,17.7,78.7,60.0,127.0,83,0.5,1006,85,28.9,0.7,2.0,2023,9,17,17,6,260,37,-0.9659258262890683,-0.25881904510252063,-1.0,-1.8369701987210297e-16,-0.7818314824680299,0.6234898018587334,3,1,1,58.0,46.0,38.0,46.0,23.0,43.0,50.666666666666664,6.4291005073291885,58.0,46.0,60.166666666666664,27.396471792306787,114.0,38.0,45.583333333333336,24.77703604452126,114.0,20.0,38.708333333333336,20.390703693140527,114.0,20.0,29.7,31.1,30.7,85.0,72.0,70.0,1.0,1.66,1.33,1005.0,1006.0,1009.0,2456.5,170.0,57.8,41.5,0.7999866668888852,8.474097508615332,4.4460764928535115,24.565,27.9,0.028727605638562984,835.2099999999999,7225,4.0,1012036,481.4,80.23333333333333,-10.0,10.0,-0.8000000000000007
145,187.9,21.3,65.3,65.0,125.0,91,3.5,1006,85,28.0,0.0,3.0,2023,9,17,18,6,260,37,-1.0,-1.8369701987210297e-16,-1.0,-1.8369701987210297e-16,-0.7818314824680299,0.6234898018587334,3,2,1,48.0,58.0,46.0,114.0,27.0,27.0,52.666666666666664,5.033222956847831,58.0,48.0,49.833333333333336,7.494442385305287,58.0,38.0,47.666666666666664,24.114625261760583,114.0,20.0,39.75,20.405135755916877,114.0,20.0,28.9,30.4,31.3,85.0,78.0,68.0,2.0,1.33,1.66,1006.0,1006.0,1008.0,2380.0,255.0,84.0,318.5,0.7999876924970385,8.821182104126565,3.0655837754096047,23.8,26.5,0.027832974321099085,784.0,7225,9.0,1012036,516.5,86.08333333333333,4.0,6.0,-0.8999999999999986
112,225.9,25.0,52.0,50.0,123.0,100,1.5,1007,85,27.2,0.0,4.0,2023,9,17,19,6,260,37,-0.9659258262890684,0.2588190451025203,-1.0,-1.8369701987210297e-16,-0.7818314824680299,0.6234898018587334,3,2,1,52.0,48.0,58.0,57.0,24.0,25.0,46.666666666666664,6.110100926608434,52.0,40.0,47.0,7.456540752922464,58.0,38.0,49.0,23.10844001658247,114.0,20.0,40.375,20.161979932105258,114.0,20.0,28.0,29.7,31.8,85.0,85.0,67.0,3.0,1.0,2.0,1006.0,1005.0,1007.0,2312.0,340.0,108.8,150.0,0.7999840003199936,9.035638574457021,2.0799168033278668,23.12,25.2,0.027010896712118457,739.8399999999999,7225,16.0,1014049,515.9,85.98333333333333,-12.0,-18.0,-0.8000000000000007
80,264.4,27.0,44.7,32.5,125.0,100,0.5,1008,88,26.8,0.0,3.0,2023,9,17,20,6,260,37,-0.8660254037844386,0.5000000000000001,-1.0,-1.8369701987210297e-16,-0.7818314824680299,0.6234898018587334,3,2,1,40.0,52.0,48.0,38.0,20.0,27.0,39.333333333333336,13.012814197295784,52.0,26.0,45.0,11.081516141755756,58.0,26.0,49.5,22.480294401177808,114.0,26.0,40.333333333333336,20.191833619746937,114.0,20.0,27.2,28.9,31.1,85.0,85.0,72.0,4.0,2.0,1.66,1007.0,1006.0,1006.0,2358.4,264.0,80.4,50.0,0.7999753853727578,9.792229917410465,1.6554942409540387,23.584,25.3,0.026587275211036498,718.24,7744,9.0,1016064,519.5999999999999,86.59999999999998,-14.0,-22.0,-0.3999999999999986
89,302.9,29.0,37.3,37.5,127.0,100,0.25,1008,91,26.5,0.0,2.0,2023,9,17,21,6,260,37,-0.7071067811865477,0.7071067811865474,-1.0,-1.8369701987210297e-16,-0.7818314824680299,0.6234898018587334,3,2,1,26.0,40.0,52.0,46.0,32.0,24.0,32.0,7.211102550928729,40.0,26.0,42.333333333333336,12.612163441165036,58.0,26.0,49.333333333333336,22.62875617572906,114.0,26.0,40.583333333333336,20.017202746565466,114.0,20.0,26.8,28.0,30.4,88.0,85.0,78.0,3.0,3.0,1.33,1008.0,1006.0,1006.0,2411.5,182.0,53.0,25.0,0.7999786672355405,10.444467432157511,1.286162546119099,24.115,25.5,0.02628965645867415,702.25,8281,4.0,1016064,563.7,93.95,4.0,-22.0,-0.3000000000000007
98,341.4,31.0,30.0,42.5,129.0,100,1.0,1009,94,26.1,0.0,1.0,2023,9,17,22,6,260,37,-0.5000000000000004,0.8660254037844384,-1.0,-1.8369701987210297e-16,-0.7818314824680299,0.6234898018587334,3,3,1,30.0,26.0,40.0,58.0,37.0,22.0,30.0,4.0000000000014,34.0,26.0,38.333333333333336,10.230672835481526,52.0,26.0,49.083333333333336,22.79337357189297,114.0,26.0,41.083333333333336,19.679865381889233,114.0,20.0,26.5,27.2,29.7,91.0,85.0,85.0,2.0,4.0,1.0,1008.0,1007.0,1005.0,2453.4,94.0,26.1,100.0,0.7999811769134845,11.01254798232315,0.9677107190090641,24.534000000000002,25.6,0.025867169606373037,681.21,8836,1.0,1018081,607.9,101.31666666666666,4.0,-6.0,-0.3999999999999986
134,298.0,28.3,31.3,60.0,119.3,79,0.75,1008,94,26.1,0.0,1.0,2023,9,17,23,6,260,37,-0.25881904510252157,0.9659258262890681,-1.0,-1.8369701987210297e-16,-0.7818314824680299,0.6234898018587334,3,3,1,34.0,30.0,26.0,48.0,46.0,20.0,37.333333333333336,9.451631252505733,48.0,30.0,38.333333333333336,10.230672835481526,52.0,26.0,49.25,22.776083947860528,114.0,26.0,42.25,19.19975090418145,114.0,20.0,26.1,26.8,28.9,94.0,88.0,85.0,1.0,3.0,2.0,1009.0,1008.0,1006.0,2453.4,94.0,26.1,59.25,0.7999866668888852,10.529663262782233,1.105967986996926,24.534000000000002,25.6,0.025892831455524352,681.21,8836,1.0,1016064,584.9,97.48333333333333,14.0,22.0,0.0
131,254.6,25.7,32.7,58.8,109.7,58,0.0,1008,94,26.1,0.0,1.0,2023,9,18,0,0,261,38,0.0,1.0,-1.0,-1.8369701987210297e-16,0.0,1.0,3,3,0,48.0,34.0,30.0,52.0,114.0,40.0,43.0,7.810249675907207,48.0,34.0,37.5,9.027735042633502,48.0,26.0,43.666666666666664,10.201010050999702,58.0,26.0,42.541666666666664,19.217245802452855,114.0,20.0,26.1,26.5,28.0,94.0,91.0,85.0,1.0,2.0,3.0,1008.0,1008.0,1006.0,2453.4,94.0,26.1,0.0,0.7993061342494175,9.90622932959807,1.272324034084277,24.534000000000002,25.6,0.025892831455524352,681.21,8836,1.0,1016064,528.5,88.08333333333333,-1.0,17.0,0.0
98,211.3,23.0,34.0,42.5,100.0,37,0.0,1008,94,26.1,0.0,1.0,2023,9,18,1,0,261,38,0.25881904510252074,0.9659258262890683,-1.0,-1.8369701987210297e-16,0.0,1.0,3,3,0,47.0,48.0,34.0,40.0,57.0,43.0,43.0,7.810249675907207,48.0,34.0,36.5,9.027735042633498,48.0,26.0,41.75,9.611782542086294,58.0,26.0,42.166666666666664,19.295565308632906,114.0,20.0,26.1,26.1,27.2,94.0,94.0,85.0,1.0,1.0,4.0,1008.0,1009.0,1007.0,2453.4,94.0,26.1,0.0,0.7999811769134845,9.186557106212774,1.4781966001478195,24.534000000000002,25.6,0.025892831455524352,681.21,8836,1.0,1016064,444.8,74.13333333333334,-13.0,0.0,0.0
123,193.6,22.0,31.7,55.0,95.7,58,0.0,1008,94,26.1,0.0,0.66,2023,9,18,2,0,261,38,0.49999999999999994,0.8660254037844387,-1.0,-1.8369701987210297e-16,0.0,1.0,3,3,0,34.0,47.0,48.0,26.0,38.0,47.0,41.666666666666664,6.806859285554698,47.0,34.0,39.5,7.73950902835529,48.0,30.0,42.25,9.554865490703973,58.0,26.0,42.041666666666664,19.272596374502843,114.0,20.0,26.1,26.1,26.8,94.0,94.0,88.0,1.0,1.0,3.0,1008.0,1008.0,1008.0,2453.4,62.040000000000006,17.226000000000003,0.0,0.7999854548099126,8.79960001818099,1.4408435980182719,24.534000000000002,25.770000000000003,0.025892831455524352,681.21,8836,0.43560000000000004,1016064,441.99999999999994,73.66666666666666,10.0,-4.0,0.0
80,175.9,21.0,29.3,32.5,91.3,79,0.0,1008,94,26.0,0.0,0.33,2023,9,18,3,0,261,38,0.7071067811865476,0.7071067811865476,-1.0,-1.8369701987210297e-16,0.0,1.0,3,3,0,44.0,34.0,47.0,30.0,46.0,59.0,34.666666666666664,9.018499505646359,44.0,26.0,38.833333333333336,8.81854107359373,48.0,26.0,40.583333333333336,10.535294217173798,58.0,26.0,40.666666666666664,19.187103156449606,114.0,20.0,26.1,26.1,26.5,94.0,94.0,91.0,0.66,1.0,2.0,1008.0,1008.0,1008.0,2444.0,31.020000000000003,8.58,0.0,0.7999753853727578,8.375791628970049,1.3951716584924527,24.44,25.835,0.0257936252047369,676.0,8836,0.10890000000000001,1016064,376.00000000000006,62.66666666666668,-18.0,-21.0,-0.10000000000000142
74,158.2,20.0,27.0,28.8,87.0,100,0.0,1007,94,26.0,0.0,1.2,2023,9,18,4,0,261,38,0.8660254037844386,0.5000000000000001,-1.0,-1.8369701987210297e-16,0.0,1.0,3,3,0,26.0,44.0,34.0,34.0,58.0,25.0,31.0,11.357816691601032,44.0,23.0,37.0,10.917875251164617,48.0,23.0,37.666666666666664,10.111499604035798,52.0,23.0,40.583333333333336,19.262300794143584,114.0,20.0,26.0,26.1,26.1,94.0,94.0,94.0,0.33,1.0,1.0,1008.0,1008.0,1009.0,2444.0,112.8,31.2,0.0,0.7985833825214401,7.90960451977401,1.3499325033748313,24.44,25.4,0.02581923950423088,676.0,8836,1.44,1014049,344.0,57.333333333333336,-3.0,-11.0,0.0
74,152.9,20.0,29.7,28.8,87.3,95,0.0,1008,94,25.6,0.0,0.8,2023,9,18,5,0,261,38,0.9659258262890683,0.25881904510252074,-1.0,-1.8369701987210297e-16,0.0,1.0,3,3,0,23.0,26.0,44.0,48.0,48.0,23.0,24.0,1.732050807572467,26.0,23.0,32.833333333333336,10.647378394077073,47.0,23.0,35.583333333333336,10.361276977576306,52.0,23.0,40.583333333333336,19.262300794143584,114.0,20.0,26.0,26.1,26.1,94.0,94.0,94.0,1.2,0.66,1.0,1007.0,1008.0,1008.0,2406.4,75.2,20.480000000000004,0.0,0.7985833825214401,7.6446177691115444,1.4849257537123142,24.064,25.200000000000003,0.025396800201587105,655.3600000000001,8836,0.6400000000000001,1016064,341.7,56.949999999999996,0.0,-21.0,-0.3999999999999986
69,147.7,20.0,32.3,26.3,87.7,91,0.0,1008,94,25.1,0.6,0.8,2023,9,18,6,0,261,38,1.0,6.123233995736766e-17,-1.0,-1.8369701987210297e-16,0.0,1.0,3,0,0,23.0,23.0,26.0,47.0,52.0,27.0,22.333333333333332,1.1547005383847806,23.0,21.0,28.5,8.871302046486317,44.0,21.0,33.0,9.742129690631485,48.0,21.0,40.333333333333336,19.483921278988056,114.0,20.0,25.6,26.0,26.1,94.0,94.0,94.0,0.8,0.33,1.0,1008.0,1008.0,1008.0,2359.4,75.2,20.080000000000002,0.0,0.79844872818524,7.384630768461576,1.6149192540372979,23.594,24.700000000000003,0.024900768947649855,630.0100000000001,8836,0.6400000000000001,1016064,335.0,55.833333333333336,-2.0,-5.0,-0.5
82,142.4,20.0,35.0,33.8,88.0,87,0.5,1009,93,24.7,0.8,0.8,2023,9,18,7,0,261,38,0.9659258262890683,-0.25881904510252063,-1.0,-1.8369701987210297e-16,0.0,1.0,3,0,0,21.0,23.0,23.0,34.0,40.0,24.0,23.666666666666668,3.0550504633059403,27.0,21.0,27.333333333333332,8.4537959915448,44.0,21.0,31.916666666666668,9.614934721409316,48.0,21.0,40.458333333333336,19.383944873027943,114.0,20.0,25.1,26.0,26.1,94.0,94.0,94.0,0.8,1.2,1.0,1008.0,1007.0,1008.0,2297.1,74.4,19.76,43.5,0.7987929351202628,7.11964401779911,1.7499125043747812,22.971,24.3,0.02447965859300437,610.0899999999999,8649,0.6400000000000001,1018081,346.2,57.699999999999996,6.0,4.0,-0.40000000000000213
80,129.0,17.3,50.3,32.5,99.0,79,0.5,1009,86,26.1,1.8,1.2,2023,9,18,8,0,261,38,0.8660254037844387,-0.4999999999999998,-1.0,-1.8369701987210297e-16,0.0,1.0,3,0,0,27.0,21.0,23.0,44.0,26.0,20.0,24.666666666666668,3.2145502536662334,27.0,21.0,24.333333333333332,2.3380903888983244,27.0,21.0,31.916666666666668,9.614934721409316,48.0,21.0,40.708333333333336,19.145845653747138,114.0,21.0,24.7,25.6,26.1,93.0,94.0,94.0,0.8,0.8,0.66,1009.0,1008.0,1008.0,2244.6,103.2,31.32,39.5,0.7999753853727578,7.456216403676088,2.907346396162071,22.445999999999998,25.5,0.025867169606373037,681.21,7396,1.44,1018081,354.1,59.01666666666667,-1.0,3.0,1.4000000000000021
76,115.6,14.7,65.7,30.0,110.0,70,0.0,1009,80,27.6,2.3,1.2,2023,9,18,9,0,261,38,0.7071067811865476,-0.7071067811865475,-1.0,-1.8369701987210297e-16,0.0,1.0,3,0,0,26.0,27.0,21.0,26.0,30.0,32.0,25.666666666666668,1.5275252316559118,27.0,24.0,24.0,2.1908902300188458,27.0,21.0,31.416666666666668,9.876126709792237,48.0,21.0,40.375,19.37235255404638,114.0,21.0,26.1,25.1,26.0,86.0,94.0,94.0,1.2,0.8,0.33,1009.0,1008.0,1008.0,2208.0,96.0,33.12,0.0,0.7999733342221925,7.863410652336576,4.469083735800286,22.08,27.0,0.02735378854926804,761.7600000000001,6400,1.44,1018081,360.0,60.0,-2.0,3.0,1.5
87,102.1,12.0,81.0,36.3,121.0,62,0.0,1010,74,29.0,2.7,1.2,2023,9,18,10,0,261,38,0.49999999999999994,-0.8660254037844387,-1.0,-1.8369701987210297e-16,0.0,1.0,3,0,0,24.0,26.0,27.0,23.0,34.0,37.0,26.333333333333332,2.5166114784259634,29.0,24.0,25.0,2.8982753492365245,29.0,21.0,31.0,9.862693712810927,48.0,21.0,40.041666666666664,19.501347036343162,114.0,21.0,27.6,24.7,26.0,80.0,93.0,94.0,1.2,0.8,1.2,1009.0,1009.0,1007.0,2146.0,88.8,34.8,0.0,0.798876064020275,8.50762436463628,6.7494375468710945,21.46,28.4,0.028712842858571428,841.0,5476,1.44,1020100,381.4,63.56666666666666,5.0,2.0,1.3999999999999986
85,97.9,10.7,91.7,35.0,115.7,70,0.0,1009,72,29.7,3.9,1.0,2023,9,18,11,0,261,38,0.258819045102521,-0.9659258262890682,-1.0,-1.8369701987210297e-16,0.0,1.0,3,0,0,29.0,24.0,26.0,23.0,48.0,46.0,27.0,2.6457513110668294,29.0,24.0,25.833333333333332,2.926886855800685,29.0,21.0,29.333333333333332,8.293845838202682,47.0,21.0,39.291666666666664,19.60807102382506,114.0,21.0,29.0,26.1,25.6,74.0,86.0,94.0,1.2,1.2,0.8,1010.0,1009.0,1008.0,2138.4,72.0,29.7,0.0,0.7999771435101855,9.14867769367349,8.56929258947762,21.384,29.2,0.02943505506932104,882.0899999999999,5184,1.0,1018081,379.0,63.166666666666664,-1.0,2.0,0.6999999999999993
78,93.6,9.3,102.3,31.3,110.3,79,0.0,1009,71,30.3,3.9,2.0,2023,9,18,12,0,261,38,1.2246467991473532e-16,-1.0,-1.0,-1.8369701987210297e-16,0.0,1.0,3,1,0,28.0,29.0,24.0,21.0,47.0,114.0,27.333333333333332,2.0816659994689615,29.0,25.0,26.5,1.8708286933848848,29.0,24.0,27.5,6.201172909582421,44.0,21.0,35.583333333333336,11.676496893766906,58.0,21.0,29.7,27.6,25.1,72.0,80.0,94.0,1.0,1.2,0.8,1009.0,1009.0,1008.0,2151.3,142.0,60.6,0.0,0.7986965272674994,10.063434039350607,10.998817331469734,21.513,29.3,0.030029702646479042,918.09,5041,4.0,1018081,371.8,61.96666666666667,-3.0,1.0,0.6000000000000014
59,89.3,8.0,113.0,20.0,105.0,87,0.0,1008,69,31.0,4.0,3.0,2023,9,18,13,0,261,38,-0.2588190451025208,-0.9659258262890683,-1.0,-1.8369701987210297e-16,0.0,1.0,3,1,0,25.0,28.0,29.0,27.0,34.0,57.0,23.0,6.244997998399411,28.0,16.0,24.666666666666668,4.633213427704227,29.0,16.0,26.0,6.646940512883492,44.0,16.0,33.875,11.402945843642584,58.0,16.0,30.3,29.0,24.7,71.0,74.0,93.0,2.0,1.2,0.8,1009.0,1010.0,1009.0,2139.0,207.0,93.0,0.0,0.7999600019998999,11.161104861892264,14.123234595675541,21.39,29.5,0.03075393774410938,961.0,4761,9.0,1016064,351.3,58.550000000000004,-9.0,-13.0,0.6999999999999993
51,91.4,8.7,111.3,12.5,102.7,83,0.0,1007,66,31.4,5.1,2.66,2023,9,18,14,0,261,38,-0.4999999999999997,-0.8660254037844388,-1.0,-1.8369701987210297e-16,0.0,1.0,3,1,0,16.0,25.0,28.0,26.0,44.0,38.0,17.0,7.549834435271667,25.0,10.0,22.0,7.456540752922359,29.0,10.0,23.166666666666668,5.407626488804341,29.0,10.0,32.708333333333336,12.35517552764193,58.0,10.0,31.0,29.7,26.1,69.0,72.0,86.0,3.0,1.0,1.2,1008.0,1009.0,1009.0,2072.4,175.56,83.524,0.0,0.7999360051195905,10.504539708079534,12.791633145615448,20.724,30.07,0.031181696939724984,985.9599999999999,4356,7.0756000000000006,1014049,336.6,56.1,-6.0,-18.0,0.3999999999999986
76,93.6,9.3,109.7,30.0,100.3,79,0.0,1006,64,31.7,3.1,2.33,2023,9,18,15,0,261,38,-0.7071067811865471,-0.7071067811865479,-1.0,-1.8369701987210297e-16,0.0,1.0,3,1,0,10.0,16.0,25.0,24.0,26.0,46.0,16.666666666666668,7.023769168569483,24.0,10.0,22.0,7.456540752922359,29.0,10.0,23.0,5.342794638150403,29.0,10.0,31.791666666666668,12.140407437710815,58.0,10.0,31.4,30.3,27.6,66.0,71.0,80.0,2.66,2.0,1.2,1007.0,1009.0,1009.0,2028.8,149.12,73.861,0.0,0.7999733342221925,10.063434039350607,11.794430706375659,20.288,30.535,0.03151090307067289,1004.89,4096,5.4289000000000005,1012036,366.90000000000003,61.150000000000006,14.0,-1.0,0.3000000000000007
118,95.7,10.0,108.0,52.5,98.0,75,1.5,1006,61,32.1,1.2,2.0,2023,9,18,16,0,261,38,-0.8660254037844385,-0.5000000000000004,-1.0,-1.8369701987210297e-16,0.0,1.0,3,1,0,24.0,10.0,16.0,29.0,23.0,58.0,25.333333333333332,16.041612554021665,42.0,10.0,24.166666666666668,10.96205576826987,42.0,10.0,24.583333333333332,7.656943768814146,42.0,10.0,31.125,11.026894000775934,52.0,10.0,31.7,31.0,29.0,64.0,69.0,74.0,2.33,3.0,1.2,1006.0,1008.0,1010.0,1958.1000000000001,122.0,64.2,112.5,0.7999847621950058,9.569043095690432,10.798920107989202,19.581000000000003,31.1,0.031908516989545735,1030.41,3721,4.0,1012036,406.2,67.7,18.0,26.0,0.40000000000000213
145,118.5,12.7,90.7,65.0,98.7,62,0.0,1006,67,31.2,0.9,1.33,2023,9,18,17,0,261,38,-0.9659258262890683,-0.25881904510252063,-1.0,-1.8369701987210297e-16,0.0,1.0,3,1,0,42.0,24.0,10.0,28.0,23.0,48.0,39.333333333333336,14.189197769195506,52.0,24.0,28.166666666666668,15.904925861715261,52.0,10.0,27.0,10.971036248396496,52.0,10.0,31.291666666666668,11.31939146723031,52.0,10.0,32.1,31.4,29.7,61.0,66.0,72.0,2.0,2.66,1.0,1006.0,1007.0,1009.0,2090.4,89.11,41.496,0.0,0.7999876924970385,9.329974017793875,7.141169986615228,20.904,30.535,0.031013885672081836,973.4399999999999,4489,1.7689000000000001,1012036,437.59999999999997,72.93333333333332,10.0,42.0,-0.9000000000000021
151,141.2,15.3,73.3,70.0,99.3,50,0.0,1007,73,30.4,0.0,0.66,2023,9,18,18,0,261,38,-1.0,-1.8369701987210297e-16,-1.0,-1.8369701987210297e-16,0.0,1.0,3,2,0,52.0,42.0,24.0,25.0,21.0,52.0,50.0,7.211102550928482,56.0,42.0,33.333333333333336,19.335632047250467,56.0,10.0,29.916666666666668,13.574430062258399,56.0,10.0,31.458333333333332,11.661826117971309,56.0,10.0,31.2,31.7,30.3,67.0,64.0,71.0,1.33,2.33,2.0,1006.0,1006.0,1009.0,2219.2,48.18,20.064,0.0,0.7999885715918343,9.228155022547545,4.790536566237501,22.191999999999997,30.07,0.030188649266485335,924.16,5329,0.43560000000000004,1014049,455.1,75.85000000000001,4.0,32.0,-0.8000000000000007
145,164.0,18.0,56.0,65.0,100.0,37,0.0,1007,80,29.5,0.0,2.0,2023,9,18,19,0,261,38,-0.9659258262890684,0.2588190451025203,-1.0,-1.8369701987210297e-16,0.0,1.0,3,2,0,56.0,52.0,42.0,16.0,27.0,40.0,53.333333333333336,2.3094010767599347,56.0,52.0,39.333333333333336,18.446318512555823,56.0,10.0,32.0,14.936228074413625,56.0,10.0,31.958333333333332,12.284593273041601,56.0,10.0,30.4,32.1,31.0,73.0,61.0,69.0,0.66,2.0,3.0,1007.0,1006.0,1008.0,2360.0,160.0,59.0,0.0,0.7999876924970385,9.110604966390756,3.1109382812065993,23.6,28.5,0.029294906360569653,870.25,6400,4.0,1014049,455.0,75.83333333333333,-4.0,10.0,-0.8999999999999986
104,174.9,18.0,47.3,46.3,89.7,45,0.0,1008,82,29.2,0.0,1.2,2023,9,18,20,0,261,38,-0.8660254037844386,0.5000000000000001,-1.0,-1.8369701987210297e-16,0.0,1.0,3,2,0,52.0,56.0,52.0,10.0,26.0,26.0,48.333333333333336,10.016652800878193,56.0,37.0,43.833333333333336,12.040210407906498,56.0,24.0,32.916666666666664,14.871927999564647,56.0,10.0,32.416666666666664,12.257798464178103,56.0,10.0,29.5,31.2,31.4,80.0,67.0,66.0,2.0,1.33,2.66,1007.0,1006.0,1007.0,2394.4,98.39999999999999,35.04,0.0,0.799118809528952,9.716126881839898,2.627631798233431,23.944000000000003,28.599999999999998,0.028968225229935286,852.64,6724,1.44,1016064,413.2,68.86666666666666,-15.0,-15.0,-0.3000000000000007
118,185.8,18.0,38.7,52.5,79.3,54,0.0,1009,84,28.8,0.0,1.2,2023,9,18,21,0,261,38,-0.7071067811865477,0.7071067811865474,-1.0,-1.8369701987210297e-16,0.0,1.0,3,2,0,37.0,52.0,56.0,24.0,24.0,30.0,43.666666666666664,7.637626158260293,52.0,37.0,46.833333333333336,7.494442385305271,56.0,37.0,34.416666666666664,14.798392623606677,56.0,10.0,32.916666666666664,12.398866240829143,56.0,10.0,29.2,30.4,31.7,82.0,73.0,64.0,1.2,0.66,2.33,1008.0,1007.0,1006.0,2419.2000000000003,100.8,34.56,0.0,0.7999847621950058,10.32164879728904,2.1498805621909893,24.192000000000004,28.2,0.028543083703584042,829.44,7056,1.44,1018081,416.3,69.38333333333334,5.0,-14.0,-0.3999999999999986
87,196.7,18.0,30.0,36.3,69.0,62,0.0,1010,87,28.5,0.0,1.2,2023,9,18,22,0,261,38,-0.5000000000000004,0.8660254037844384,-1.0,-1.8369701987210297e-16,0.0,1.0,3,3,0,42.0,37.0,52.0,42.0,29.0,34.0,36.0,6.557438524302769,42.0,29.0,44.666666666666664,10.462631918721982,56.0,29.0,34.416666666666664,14.798392623606677,56.0,10.0,32.708333333333336,12.421857197371313,56.0,10.0,28.8,29.5,32.1,84.0,80.0,61.0,1.2,2.0,2.0,1009.0,1007.0,1006.0,2479.5,104.39999999999999,34.199999999999996,0.0,0.798876064020275,10.92717071273818,1.6665740792178212,24.795,27.9,0.028217793843768473,812.25,7569,1.44,1020100,379.0,63.166666666666664,-13.0,-23.0,-0.3000000000000007
93,189.1,17.7,26.7,40.0,62.0,66,0.0,1010,89,28.1,0.0,1.2,2023,9,18,23,0,261,38,-0.25881904510252157,0.9659258262890681,-1.0,-1.8369701987210297e-16,0.0,1.0,3,3,0,29.0,42.0,37.0,52.0,28.0,48.0,34.333333333333336,6.806859285554809,42.0,29.0,41.333333333333336,10.83820403326399,56.0,29.0,34.75,14.685335914070304,56.0,10.0,32.041666666666664,11.987236569773334,56.0,10.0,28.5,29.2,31.2,87.0,82.0,67.0,1.2,1.2,1.33,1010.0,1008.0,1006.0,2500.9,106.8,33.72,0.0,0.7999800004999875,10.683012259194395,1.5083893565335291,25.009,27.5,0.02782175463192611,789.6100000000001,7921,1.44,1020100,367.5,61.25,3.0,-5.0,-0.3999999999999986
102,181.5,17.3,23.3,45.0,55.0,70,0.0,1009,91,27.7,0.0,1.6,2023,9,19,0,1,262,38,0.0,1.0,-1.0,-1.8369701987210297e-16,0.7818314824680298,0.6234898018587336,3,3,0,32.0,29.0,42.0,56.0,25.0,47.0,32.333333333333336,3.5118845842857835,36.0,29.0,38.0,8.173126696680592,52.0,29.0,35.666666666666664,14.36114285989859,56.0,10.0,31.583333333333332,11.59428894895607,56.0,10.0,28.1,28.8,30.4,89.0,84.0,73.0,1.2,1.2,0.66,1010.0,1009.0,1007.0,2520.7,145.6,44.32,0.0,0.7999822226172753,10.490723079590774,1.3467429628345182,25.206999999999997,26.9,0.027452896478794373,767.29,8281,2.5600000000000005,1018081,358.1,59.68333333333334,4.0,-6.0,-0.40000000000000213
65,173.9,17.0,20.0,23.8,48.0,75,0.5,1009,93,27.3,0.0,1.6,2023,9,19,1,1,262,38,0.25881904510252074,0.9659258262890683,-1.0,-1.8369701987210297e-16,0.7818314824680298,0.6234898018587336,3,3,0,36.0,32.0,29.0,52.0,16.0,34.0,29.0,8.888194417316235,36.0,19.0,32.5,7.968688725254157,42.0,19.0,35.916666666666664,14.009466496449587,56.0,10.0,30.958333333333332,11.85961054667652,56.0,10.0,27.7,28.5,29.5,91.0,87.0,80.0,1.6,1.2,2.0,1009.0,1010.0,1007.0,2538.9,148.8,43.68000000000001,37.5,0.7982857863114995,10.228810069995882,1.176401388153638,25.389,26.5,0.02705646476068904,745.2900000000001,8649,2.5600000000000005,1018081,301.70000000000005,50.28333333333334,-17.0,-10.0,-0.3999999999999986
82,167.5,17.3,19.3,33.8,50.0,68,0.0,1009,94,27.0,0.0,0.8,2023,9,19,2,1,262,38,0.49999999999999994,0.8660254037844387,-1.0,-1.8369701987210297e-16,0.7818314824680298,0.6234898018587336,3,3,0,19.0,36.0,32.0,37.0,10.0,44.0,27.333333333333332,8.504900548116078,36.0,19.0,30.833333333333332,7.884584115009448,42.0,19.0,37.333333333333336,11.842399429271754,56.0,19.0,30.25,11.550456418612244,56.0,10.0,27.3,28.1,29.2,93.0,89.0,82.0,1.6,1.2,1.2,1009.0,1010.0,1008.0,2538.0,75.2,21.6,0.0,0.7987929351202628,9.681521299346857,1.1155424541933991,25.38,26.6,0.02675914097211004,729.0,8836,0.6400000000000001,1018081,314.90000000000003,52.48333333333334,8.0,-5.0,-0.3000000000000007
67,161.1,17.7,18.7,25.0,52.0,62,0.0,1008,95,26.8,0.0,1.2,2023,9,19,3,1,262,38,0.7071067811865476,0.7071067811865476,-1.0,-1.8369701987210297e-16,0.7818314824680298,0.6234898018587336,3,3,0,27.0,19.0,36.0,42.0,24.0,26.0,22.0,4.358898943542151,27.0,19.0,27.166666666666668,6.675827039899934,36.0,19.0,37.0,12.299297836572585,56.0,19.0,30.0,11.710270482896988,56.0,10.0,27.0,27.7,28.8,94.0,91.0,84.0,0.8,1.6,1.2,1009.0,1009.0,1009.0,2546.0,114.0,32.16,0.0,0.7999680012799487,9.101180724252867,1.056437489407378,25.46,26.2,0.026587275211036498,718.24,9025,1.44,1016064,294.5,49.083333333333336,-7.0,-16.0,-0.1999999999999993
61,154.7,18.0,18.0,21.3,54.0,56,0.0,1008,95,26.5,0.0,1.6,2023,9,19,4,1,262,38,0.8660254037844386,0.5000000000000001,-1.0,-1.8369701987210297e-16,0.7818314824680298,0.6234898018587336,3,3,0,20.0,27.0,19.0,29.0,42.0,23.0,21.333333333333332,5.131601439448152,27.0,17.0,25.166666666666668,7.730890418746019,36.0,17.0,34.916666666666664,13.43982097644087,56.0,17.0,29.75,11.928227391178112,56.0,10.0,26.8,27.3,28.5,95.0,93.0,87.0,1.2,1.6,1.2,1008.0,1009.0,1010.0,2517.5,152.0,42.400000000000006,0.0,0.7980845969672785,8.59396700183323,0.9999444475306927,25.175,25.7,0.02628965645867415,702.25,9025,2.5600000000000005,1016064,283.0,47.166666666666664,-3.0,-2.0,-0.3000000000000007
72,147.3,16.3,21.7,27.5,53.7,50,0.0,1009,95,26.7,0.0,1.6,2023,9,19,5,1,262,38,0.9659258262890683,0.25881904510252074,-1.0,-1.8369701987210297e-16,0.7818314824680298,0.6234898018587336,3,3,0,17.0,20.0,27.0,32.0,52.0,23.0,19.666666666666668,2.5166114784262343,22.0,17.0,23.5,7.007139216541386,36.0,17.0,32.416666666666664,12.745468594640304,56.0,17.0,29.708333333333332,11.954548585540884,56.0,10.0,26.5,27.0,28.1,95.0,94.0,89.0,1.6,0.8,1.2,1008.0,1009.0,1010.0,2536.5,152.0,42.72,0.0,0.7999709101487218,9.03625544445126,1.331206674437151,25.365,25.9,0.026461817183531036,712.89,9025,2.5600000000000005,1018081,288.5,48.083333333333336,5.0,-5.0,0.1999999999999993
56,139.9,14.7,25.3,18.8,53.3,43,0.0,1009,94,26.8,0.7,1.6,2023,9,19,6,1,262,38,1.0,6.123233995736766e-17,-1.0,-1.8369701987210297e-16,0.7818314824680298,0.6234898018587336,3,0,0,22.0,17.0,20.0,36.0,56.0,21.0,18.0,3.6055512754658863,22.0,15.0,20.0,4.19523539267966,27.0,15.0,29.0,11.257320850329613,52.0,15.0,29.458333333333332,12.204700329992825,56.0,10.0,26.7,26.8,27.7,95.0,95.0,91.0,1.6,1.2,1.6,1009.0,1008.0,1009.0,2519.2000000000003,150.4,42.88,0.0,0.7978299026647518,9.516359431331203,1.7209713624923477,25.192000000000004,26.0,0.02656092511305737,718.24,8836,2.5600000000000005,1018081,267.0,44.5,-7.0,-5.0,0.10000000000000142
52,132.5,13.0,29.0,16.3,53.0,37,0.0,1010,94,27.0,0.8,1.6,2023,9,19,7,1,262,38,0.9659258262890683,-0.25881904510252063,-1.0,-1.8369701987210297e-16,0.7818314824680298,0.6234898018587336,3,0,0,15.0,22.0,17.0,19.0,52.0,27.0,16.666666666666668,4.725815626254083,22.0,13.0,19.0,5.099019513592001,27.0,13.0,25.75,9.507174324496068,42.0,13.0,28.875,12.653621238000673,56.0,10.0,26.8,26.5,27.3,94.0,95.0,93.0,1.6,1.6,1.6,1009.0,1008.0,1009.0,2538.0,150.4,43.2,0.0,0.7974970860683392,10.191523728943928,2.2305976463348975,25.38,26.2,0.026732646799359605,729.0,8836,2.5600000000000005,1020100,256.8,42.800000000000004,-2.0,-4.0,0.1999999999999993
69,115.6,10.7,43.7,26.3,53.0,54,0.0,1010,86,28.4,1.2,0.66,2023,9,19,8,1,262,38,0.8660254037844387,-0.4999999999999998,-1.0,-1.8369701987210297e-16,0.7818314824680298,0.6234898018587336,3,0,0,13.0,15.0,22.0,27.0,37.0,26.0,16.333333333333332,4.163331998933947,21.0,13.0,18.0,3.5777087639985394,22.0,13.0,24.416666666666668,8.887768237438356,42.0,13.0,28.666666666666668,12.743853306651337,56.0,10.0,27.0,26.7,27.0,94.0,95.0,94.0,1.6,1.6,0.8,1010.0,1009.0,1009.0,2442.4,56.760000000000005,18.744,0.0,0.79844872818524,10.802728716942342,4.083730492477339,24.424,28.07,0.02811878404080788,806.56,7396,0.43560000000000004,1020100,270.3,45.050000000000004,8.0,-1.0,1.3999999999999986
46,98.6,8.3,58.3,13.8,53.0,70,0.0,1010,79,29.7,2.1,1.33,2023,9,19,9,1,262,38,0.7071067811865476,-0.7071067811865475,-1.0,-1.8369701987210297e-16,0.7818314824680298,0.6234898018587336,3,0,0,21.0,13.0,15.0,20.0,42.0,24.0,15.0,5.291502622130529,21.0,11.0,16.5,4.370354676681502,22.0,11.0,21.833333333333332,7.744010393180735,36.0,11.0,28.125,13.218276214656553,56.0,10.0,28.4,26.8,26.8,86.0,94.0,95.0,0.66,1.6,1.2,1010.0,1009.0,1008.0,2346.2999999999997,105.07000000000001,39.501,0.0,0.7970436924860518,11.878086977472593,7.023250210817973,23.462999999999997,29.035,0.029405911479295565,882.0899999999999,6241,1.7689000000000001,1020100,243.0,40.5,-10.0,-4.0,1.3000000000000007
74,81.7,6.0,73.0,28.8,53.0,87,0.0,1010,72,31.1,2.8,2.0,2023,9,19,10,1,262,38,0.49999999999999994,-0.8660254037844387,-1.0,-1.8369701987210297e-16,0.7818314824680298,0.6234898018587336,3,0,0,11.0,21.0,13.0,17.0,29.0,29.0,18.333333333333332,6.429100507329694,23.0,11.0,17.5,5.128352561982447,23.0,11.0,21.333333333333332,7.426406610973406,36.0,11.0,27.875,13.257688499426457,56.0,10.0,29.7,27.0,26.5,79.0,94.0,95.0,1.33,1.6,1.6,1010.0,1010.0,1008.0,2239.2000000000003,144.0,62.2,0.0,0.7985833825214401,13.614397600399933,12.164639226795533,22.392000000000003,30.1,0.030792048720743842,967.21,5184,4.0,1020100,265.5,44.25,12.0,10.0,1.4000000000000021
72,80.3,5.3,79.7,27.5,50.0,70,0.0,1009,68,31.9,3.9,2.0,2023,9,19,11,1,262,38,0.258819045102521,-0.9659258262890682,-1.0,-1.8369701987210297e-16,0.7818314824680298,0.6234898018587336,3,0,0,23.0,11.0,21.0,22.0,32.0,28.0,18.666666666666668,6.6583281184804095,23.0,11.0,17.5,5.128352561982447,23.0,11.0,20.5,6.6400985753905495,36.0,11.0,27.625,13.311689861040186,56.0,10.0,31.1,28.4,26.7,72.0,86.0,95.0,2.0,0.66,1.6,1010.0,1010.0,1009.0,2169.2,136.0,63.8,0.0,0.7999709101487218,15.148085266930767,15.034899075646104,21.691999999999997,30.9,0.031615429518900375,1017.6099999999999,4624,4.0,1018081,264.8,44.13333333333333,-1.0,1.0,0.7999999999999972
78,79.0,4.7,86.3,31.3,47.0,54,0.0,1009,65,32.6,5.5,2.0,2023,9,19,12,1,262,38,1.2246467991473532e-16,-1.0,-1.0,-1.8369701987210297e-16,0.7818314824680298,0.6234898018587336,3,1,0,22.0,23.0,11.0,15.0,36.0,25.0,23.333333333333332,1.5275252316560766,25.0,22.0,19.166666666666668,5.741660619251078,25.0,11.0,19.583333333333332,4.813963276162074,27.0,11.0,27.625,13.311689861040186,56.0,10.0,31.9,29.7,26.8,68.0,79.0,94.0,2.0,1.33,1.6,1009.0,1010.0,1009.0,2119.0,130.0,65.2,0.0,0.7986965272674994,16.804935120187192,18.35779621357158,21.19,31.6,0.03230918502558471,1062.76,4225,4.0,1018081,273.3,45.550000000000004,3.0,14.0,0.7000000000000028
102,77.6,4.0,93.0,45.0,44.0,37,0.0,1008,61,33.4,5.2,2.0,2023,9,19,13,1,262,38,-0.2588190451025208,-0.9659258262890683,-1.0,-1.8369701987210297e-16,0.7818314824680298,0.6234898018587336,3,1,0,25.0,22.0,23.0,13.0,19.0,16.0,27.666666666666668,7.371114795832791,36.0,22.0,23.0,8.024961059095064,36.0,11.0,21.0,6.741998624632007,36.0,11.0,28.458333333333332,13.177646311797847,56.0,10.0,32.6,31.1,27.0,65.0,72.0,94.0,2.0,2.0,1.6,1009.0,1010.0,1010.0,2037.3999999999999,122.0,66.8,0.0,0.7999822226172753,19.395151212196946,23.244188952761807,20.374,32.4,0.03313488776300817,1115.56,3721,4.0,1016064,299.6,49.93333333333334,11.0,13.0,0.7999999999999972
98,79.0,4.3,92.7,42.5,43.3,37,0.0,1007,60,33.3,3.8,2.0,2023,9,19,14,1,262,38,-0.4999999999999997,-0.8660254037844388,-1.0,-1.8369701987210297e-16,0.7818314824680298,0.6234898018587336,3,1,0,36.0,25.0,22.0,21.0,27.0,10.0,31.666666666666668,5.859465277083252,36.0,25.0,25.166666666666668,9.06458309392434,36.0,11.0,21.583333333333332,7.5613651164480045,36.0,11.0,29.458333333333332,12.614619423050595,56.0,11.0,33.4,31.9,28.4,61.0,68.0,86.0,2.0,2.0,0.66,1008.0,1009.0,1010.0,1997.9999999999998,120.0,66.6,0.0,0.7999811769134845,18.367821436875143,21.553127179725646,19.979999999999997,32.3,0.033068487518880314,1108.8899999999999,3600,4.0,1014049,295.8,49.300000000000004,-2.0,12.0,-0.10000000000000142
87,80.3,4.7,92.3,36.3,42.7,37,0.0,1007,59,33.3,2.9,2.0,2023,9,19,15,1,262,38,-0.7071067811865471,-0.7071067811865479,-1.0,-1.8369701987210297e-16,0.7818314824680298,0.6234898018587336,3,1,0,34.0,36.0,25.0,11.0,20.0,24.0,33.0,3.605551275465474,36.0,29.0,28.166666666666668,5.845225972249413,36.0,22.0,22.333333333333332,7.831560082980117,36.0,11.0,29.666666666666668,12.56173162622395,56.0,11.0,33.3,32.6,29.7,60.0,65.0,79.0,2.0,2.0,1.33,1007.0,1009.0,1010.0,1964.6999999999998,118.0,66.6,0.0,0.798876064020275,17.081472027228248,19.63412039991491,19.647,32.3,0.033068487518880314,1108.8899999999999,3481,4.0,1014049,285.3,47.550000000000004,-5.0,4.0,0.0
67,81.7,5.0,92.0,25.0,42.0,37,0.0,1006,58,33.2,1.7,2.0,2023,9,19,16,1,262,38,-0.8660254037844385,-0.5000000000000004,-1.0,-1.8369701987210297e-16,0.7818314824680298,0.6234898018587336,3,1,0,29.0,34.0,36.0,23.0,17.0,42.0,27.666666666666668,7.0945988845984145,34.0,20.0,27.666666666666668,6.470445631226575,36.0,20.0,22.583333333333332,7.692479601808287,36.0,11.0,28.75,12.42455493035426,56.0,11.0,33.3,33.4,31.1,59.0,61.0,72.0,2.0,2.0,2.0,1007.0,1008.0,1010.0,1925.6000000000001,116.0,66.4,0.0,0.7999680012799487,16.336732653469305,18.39632073585283,19.256,32.2,0.03300195526644606,1102.2400000000002,3364,4.0,1012036,265.7,44.28333333333333,-9.0,-16.0,-0.09999999999999432
63,90.7,7.0,79.7,22.5,43.7,29,0.0,1006,64,32.1,1.3,2.33,2023,9,19,17,1,262,38,-0.9659258262890683,-0.25881904510252063,-1.0,-1.8369701987210297e-16,0.7818314824680298,0.6234898018587336,3,1,0,20.0,29.0,34.0,22.0,22.0,52.0,22.333333333333332,5.859465277083406,29.0,18.0,27.0,7.3212020870887295,36.0,18.0,22.25,7.805883561891786,36.0,11.0,27.333333333333332,11.567069700199507,56.0,11.0,33.2,33.3,31.9,58.0,60.0,68.0,2.0,2.0,2.0,1006.0,1007.0,1009.0,2054.4,149.12,74.793,0.0,0.7999644460246211,12.95529210112841,11.384087987430368,20.544,30.935000000000002,0.031908516989545735,1030.41,4096,5.4289000000000005,1012036,261.6,43.6,-2.0,-16.0,-1.1000000000000014
76,99.6,9.0,67.3,30.0,45.3,20,0.0,1007,71,30.9,0.0,2.66,2023,9,19,18,1,262,38,-1.0,-1.8369701987210297e-16,-1.0,-1.8369701987210297e-16,0.7818314824680298,0.6234898018587336,3,2,0,18.0,20.0,29.0,25.0,15.0,56.0,20.666666666666668,3.055050463306041,24.0,18.0,26.833333333333332,7.386925386563682,36.0,18.0,23.0,7.471156658655733,36.0,11.0,26.0,9.833394743114424,52.0,11.0,32.1,33.3,32.6,64.0,59.0,65.0,2.33,2.0,2.0,1006.0,1007.0,1009.0,2193.9,188.86,82.194,0.0,0.7999733342221925,11.065437173647373,7.476947005888235,21.939,29.57,0.03068517310310516,954.81,5041,7.0756000000000006,1014049,275.2,45.86666666666667,6.0,-5.0,-1.2000000000000028
61,108.5,11.0,55.0,21.3,47.0,12,0.0,1007,79,29.8,0.0,3.0,2023,9,19,19,1,262,38,-0.9659258262890684,0.2588190451025203,-1.0,-1.8369701987210297e-16,0.7818314824680298,0.6234898018587336,3,2,0,24.0,18.0,20.0,36.0,13.0,52.0,19.666666666666668,3.7859388972019414,24.0,17.0,23.666666666666668,6.713171133425606,34.0,17.0,23.333333333333332,7.0624916197318,36.0,11.0,24.541666666666668,8.282927263834173,42.0,11.0,30.9,33.2,33.4,71.0,58.0,61.0,2.66,2.0,2.0,1007.0,1006.0,1008.0,2354.2000000000003,237.0,89.4,0.0,0.7980845969672785,9.862739750931734,4.999545495864012,23.542,28.3,0.029592820662541548,888.0400000000001,6241,9.0,1014049,259.8,43.300000000000004,-7.0,-3.0,-1.0999999999999979
78,115.9,11.3,52.3,31.3,44.7,12,0.0,1007,80,29.6,0.0,2.83,2023,9,19,20,1,262,38,-0.8660254037844386,0.5000000000000001,-1.0,-1.8369701987210297e-16,0.7818314824680298,0.6234898018587336,3,2,0,17.0,24.0,18.0,34.0,21.0,37.0,22.0,4.358898943542148,25.0,17.0,22.166666666666668,4.622409184252164,29.0,17.0,23.666666666666668,7.03670032864449,36.0,11.0,24.041666666666668,7.8490052909886066,42.0,11.0,29.8,32.1,33.3,79.0,64.0,60.0,3.0,2.33,2.0,1007.0,1006.0,1007.0,2368.0,226.4,83.768,0.0,0.7986965272674994,10.25572958145297,4.627909034598708,23.68,28.185000000000002,0.02939421112789362,876.1600000000001,6400,8.0089,1014049,280.5,46.75,8.0,7.0,-0.1999999999999993
74,123.3,11.7,49.7,28.8,42.3,12,0.0,1008,81,29.4,0.0,2.66,2023,9,19,21,1,262,38,-0.7071067811865477,0.7071067811865474,-1.0,-1.8369701987210297e-16,0.7818314824680298,0.6234898018587336,3,2,0,25.0,17.0,24.0,29.0,11.0,42.0,21.666666666666668,4.163331998933817,25.0,17.0,21.166666666666668,3.3115957885374083,25.0,17.0,24.666666666666668,5.8205487609659,36.0,17.0,23.25,6.854068927984373,36.0,11.0,29.6,30.9,33.3,80.0,71.0,59.0,2.83,2.66,2.0,1007.0,1007.0,1007.0,2381.4,215.46,78.204,0.0,0.7985833825214401,10.537560892231435,4.247500213656953,23.814,28.07,0.029166637731510188,864.3599999999999,6561,7.0756000000000006,1016064,278.8,46.46666666666667,-2.0,-1.0,-0.20000000000000284
65,130.7,12.0,47.0,23.8,40.0,12,0.0,1008,83,29.0,0.0,3.6,2023,9,19,22,1,262,38,-0.5000000000000004,0.8660254037844384,-1.0,-1.8369701987210297e-16,0.7818314824680298,0.6234898018587336,3,3,0,23.0,25.0,17.0,20.0,23.0,29.0,22.333333333333332,3.0550504633059865,25.0,19.0,21.0,3.4058772731841094,25.0,17.0,24.333333333333332,6.035249988545319,36.0,17.0,22.833333333333332,6.793005780670826,36.0,11.0,29.4,29.8,33.2,81.0,79.0,58.0,2.66,3.0,2.0,1008.0,1007.0,1006.0,2407.0,298.8,104.4,0.0,0.7982857863114995,10.89075910340805,3.9163403049745855,24.07,27.2,0.028769812728360388,841.0,6889,12.96,1016064,272.5,45.416666666666664,-4.0,2.0,-0.3999999999999986
65,123.9,11.3,46.3,23.8,37.0,12,0.0,1008,88,28.0,0.0,2.6,2023,9,19,23,1,262,38,-0.25881904510252157,0.9659258262890681,-1.0,-1.8369701987210297e-16,0.7818314824680298,0.6234898018587336,3,3,0,19.0,23.0,25.0,18.0,22.0,32.0,20.333333333333332,2.3094010767613584,23.0,19.0,21.166666666666668,3.2506409624347476,25.0,17.0,24.083333333333332,6.200562046860235,36.0,17.0,22.291666666666668,6.544025929220779,36.0,11.0,29.0,29.6,32.1,83.0,80.0,64.0,3.6,2.83,2.33,1008.0,1007.0,1006.0,2464.0,228.8,72.8,0.0,0.7982857863114995,10.963631537032121,4.096982567914344,24.64,26.7,0.027777750220485894,784.0,7744,6.760000000000001,1016064,261.3,43.550000000000004,0.0,-6.0,-1.0
65,117.1,10.7,45.7,23.8,34.0,12,0.0,1008,88,28.0,0.0,2.6,2023,9,20,0,2,263,38,0.0,1.0,-1.0,-1.8369701987210297e-16,0.9749279121818236,-0.22252093395631434,3,3,0,19.0,19.0,23.0,24.0,25.0,36.0,19.0,0.0,19.0,19.0,20.333333333333332,3.011090610834994,25.0,17.0,23.583333333333332,6.359793211808358,36.0,17.0,21.583333333333332,5.882299658752256,36.0,11.0,28.0,29.4,30.9,88.0,81.0,71.0,2.6,2.66,2.66,1008.0,1008.0,1007.0,2464.0,228.8,72.8,0.0,0.7982857863114995,10.942902532473601,4.270628913185685,24.64,26.7,0.027777750220485894,784.0,7744,6.760000000000001,1016064,250.3,41.71666666666667,0.0,-4.0,0.0
72,110.3,10.0,45.0,27.5,31.0,12,0.0,1008,88,28.0,0.0,3.1,2023,9,20,1,2,263,38,0.25881904510252074,0.9659258262890683,-1.0,-1.8369701987210297e-16,0.9749279121818236,-0.22252093395631434,3,3,0,19.0,19.0,19.0,17.0,36.0,19.0,20.0,1.732050807572703,22.0,19.0,21.166666666666668,2.5625508125027885,25.0,19.0,22.416666666666668,5.0173939873440885,34.0,17.0,21.708333333333332,5.856836708657561,36.0,11.0,28.0,29.0,29.8,88.0,83.0,79.0,2.6,3.6,3.0,1008.0,1008.0,1007.0,2464.0,272.8,86.8,0.0,0.7999709101487218,11.028897110288971,4.499550044995501,24.64,26.45,0.027777750220485894,784.0,7744,9.610000000000001,1016064,245.8,40.96666666666667,3.0,3.0,0.0
61,111.7,11.0,42.0,21.3,33.3,12,0.0,1008,88,28.0,0.0,2.1,2023,9,20,2,2,263,38,0.49999999999999994,0.8660254037844387,-1.0,-1.8369701987210297e-16,0.9749279121818236,-0.22252093395631434,3,3,0,22.0,19.0,19.0,25.0,34.0,27.0,19.333333333333332,2.5166114784262423,22.0,17.0,19.833333333333332,2.2286019533910992,23.0,17.0,21.0,3.6680438185141524,29.0,17.0,21.291666666666668,5.819600813044037,36.0,11.0,28.0,28.0,29.6,88.0,88.0,80.0,3.1,2.6,2.83,1008.0,1008.0,1007.0,2464.0,184.8,58.800000000000004,0.0,0.7980845969672785,10.153622397963822,3.817834742296155,24.64,26.95,0.027777750220485894,784.0,7744,4.41,1016064,236.3,39.38333333333333,-5.0,-2.0,0.0
69,113.0,12.0,39.0,26.3,35.7,12,0.0,1009,88,28.4,0.0,2.6,2023,9,20,3,2,263,38,0.7071067811865476,0.7071067811865476,-1.0,-1.8369701987210297e-16,0.9749279121818236,-0.22252093395631434,3,3,0,17.0,22.0,19.0,23.0,29.0,20.0,20.0,2.645751311067095,22.0,17.0,19.5,1.7606816861636108,22.0,17.0,20.333333333333332,2.6742316936850656,25.0,17.0,21.333333333333332,5.813527453213736,36.0,11.0,28.0,28.0,29.4,88.0,88.0,81.0,2.1,2.6,2.66,1008.0,1008.0,1008.0,2499.2,228.8,73.84,0.0,0.79844872818524,9.415882009832515,3.249729189234231,24.991999999999997,27.099999999999998,0.028146651985478704,806.56,7744,6.760000000000001,1018081,247.0,41.166666666666664,4.0,2.0,0.3999999999999986
76,114.4,13.0,36.0,30.0,38.0,12,0.0,1009,90,28.2,0.0,1.5,2023,9,20,4,2,263,38,0.8660254037844386,0.5000000000000001,-1.0,-1.8369701987210297e-16,0.9749279121818236,-0.22252093395631434,3,3,0,21.0,17.0,22.0,19.0,20.0,17.0,20.666666666666668,3.5118845842861144,24.0,17.0,20.333333333333332,2.503331114067546,24.0,17.0,20.666666666666668,2.870962250260133,25.0,17.0,21.625,5.762038437611845,36.0,11.0,28.4,28.0,29.0,88.0,88.0,83.0,2.6,3.1,3.6,1009.0,1008.0,1008.0,2538.0,135.0,42.3,0.0,0.7999733342221925,8.799323128990078,2.7690177678640104,25.38,27.45,0.02794843612642604,795.24,8100,2.25,1018081,255.4,42.56666666666667,3.0,2.0,-0.1999999999999993
50,122.6,13.0,36.7,15.0,40.3,12,0.0,1009,91,28.1,0.0,1.33,2023,9,20,5,2,263,38,0.9659258262890683,0.25881904510252074,-1.0,-1.8369701987210297e-16,0.9749279121818236,-0.22252093395631434,3,3,0,24.0,21.0,17.0,19.0,18.0,22.0,19.0,6.244997998399477,24.0,12.0,19.166666666666668,4.262237284180525,24.0,12.0,20.166666666666668,3.761849963981781,25.0,12.0,21.208333333333332,6.08618654550294,36.0,11.0,28.2,28.0,28.0,90.0,88.0,88.0,1.5,2.1,2.6,1009.0,1008.0,1008.0,2557.1,121.03,37.373000000000005,0.0,0.7999466702219852,9.430043842781325,2.822859780016922,25.570999999999998,27.435000000000002,0.027849328196899708,789.6100000000001,8281,1.7689000000000001,1018081,239.60000000000002,39.93333333333334,-12.0,-5.0,-0.09999999999999787
54,130.7,13.0,37.3,17.5,42.7,12,0.0,1009,92,27.9,1.5,1.16,2023,9,20,6,2,263,38,1.0,6.123233995736766e-17,-1.0,-1.8369701987210297e-16,0.9749279121818236,-0.22252093395631434,3,0,0,12.0,24.0,21.0,19.0,24.0,15.0,16.666666666666668,6.42910050732972,24.0,12.0,18.333333333333332,4.760952285694379,24.0,12.0,19.333333333333332,3.9389277113379784,25.0,12.0,21.166666666666668,6.133774401279479,36.0,11.0,28.1,28.4,28.0,91.0,88.0,88.0,1.33,2.6,2.6,1009.0,1009.0,1008.0,2566.7999999999997,106.72,32.364,0.0,0.7999542883263813,10.053072840550726,2.8690100761479886,25.667999999999996,27.32,0.027651112337847037,778.41,8464,1.3456,1018081,255.2,42.53333333333333,2.0,-7.0,-0.20000000000000284
56,138.9,13.0,38.0,18.8,45.0,12,0.0,1009,94,27.7,1.8,1.0,2023,9,20,7,2,263,38,0.9659258262890683,-0.25881904510252063,-1.0,-1.8369701987210297e-16,0.9749279121818236,-0.22252093395631434,3,0,0,14.0,12.0,24.0,22.0,17.0,13.0,13.666666666666666,1.5275252316566976,15.0,12.0,17.166666666666668,4.535048695070259,24.0,12.0,19.166666666666668,4.086192567288582,25.0,12.0,21.25,6.030718466102168,36.0,11.0,27.9,28.2,28.0,92.0,90.0,88.0,1.16,1.5,3.1,1009.0,1009.0,1008.0,2603.7999999999997,94.0,27.7,0.0,0.7978299026647518,10.683793554341975,2.9228520883009,26.037999999999997,27.2,0.027452896478794373,767.29,8836,1.0,1018081,268.70000000000005,44.78333333333334,1.0,-9.0,-0.1999999999999993
63,116.1,10.3,52.0,22.5,45.0,29,0.0,1010,86,29.0,2.9,1.0,2023,9,20,8,2,263,38,0.8660254037844387,-0.4999999999999998,-1.0,-1.8369701987210297e-16,0.9749279121818236,-0.22252093395631434,3,0,0,15.0,14.0,12.0,17.0,25.0,21.0,15.666666666666666,2.0816659994695255,18.0,14.0,17.333333333333332,4.54606056566105,24.0,12.0,18.583333333333332,3.6545944516533524,24.0,12.0,21.125,6.067106609306445,36.0,11.0,27.7,28.1,28.0,94.0,91.0,88.0,1.0,1.33,2.1,1009.0,1009.0,1008.0,2494.0,86.0,29.0,0.0,0.7999644460246211,11.270750412581302,5.0480535870303855,24.94,28.5,0.028712842858571428,841.0,7396,1.0,1020100,263.9,43.98333333333333,3.0,6.0,1.3000000000000007
59,93.4,7.7,66.0,20.0,45.0,45,0.0,1010,80,30.3,4.8,1.0,2023,9,20,9,2,263,38,0.7071067811865476,-0.7071067811865475,-1.0,-1.8369701987210297e-16,0.9749279121818236,-0.22252093395631434,3,0,0,18.0,15.0,14.0,21.0,23.0,11.0,16.333333333333332,1.5275252316565269,18.0,15.0,16.5,4.183300132669392,24.0,12.0,18.0,3.4377582547609107,24.0,12.0,21.333333333333332,5.783534850099312,36.0,12.0,29.0,27.9,28.4,86.0,92.0,88.0,1.0,1.16,2.6,1010.0,1009.0,1009.0,2424.0,80.0,30.3,0.0,0.7999600019998999,12.12829502661992,8.570315543435918,24.24,29.8,0.029999970297059114,918.09,6400,1.0,1020100,248.10000000000002,41.35,-2.0,2.0,1.3000000000000007
52,70.6,5.0,80.0,16.3,45.0,62,0.0,1010,74,31.6,7.0,1.0,2023,9,20,10,2,263,38,0.49999999999999994,-0.8660254037844387,-1.0,-1.8369701987210297e-16,0.9749279121818236,-0.22252093395631434,3,0,0,16.0,18.0,15.0,24.0,19.0,23.0,15.666666666666666,2.5166114784263898,18.0,13.0,14.666666666666666,2.1602468994673525,18.0,12.0,17.5,3.7050334313293014,24.0,12.0,20.916666666666668,6.013872850889086,36.0,12.0,30.3,27.7,28.2,80.0,94.0,90.0,1.0,1.0,1.5,1010.0,1009.0,1009.0,2338.4,74.0,31.6,0.0,0.7974970860683392,14.11717656468706,15.996800639872024,23.384,31.1,0.0312870977355468,998.5600000000001,5476,1.0,1020100,229.9,38.31666666666667,-3.0,-2.0,1.3000000000000007
61,70.4,4.3,87.0,21.3,44.7,54,0.75,1009,69,32.1,7.8,2.0,2023,9,20,11,2,263,38,0.258819045102521,-0.9659258262890682,-1.0,-1.8369701987210297e-16,0.9749279121818236,-0.22252093395631434,3,0,0,13.0,16.0,18.0,12.0,19.0,22.0,15.333333333333334,2.081665999469542,17.0,13.0,15.5,1.8708286933847509,18.0,13.0,17.333333333333332,3.6762958960272214,24.0,12.0,20.708333333333332,6.061131811846179,36.0,12.0,31.6,29.0,28.1,74.0,86.0,91.0,1.0,1.0,1.33,1010.0,1010.0,1009.0,2214.9,138.0,64.2,40.5,0.7980845969672785,16.36828644501279,20.227853987444778,22.149,31.1,0.031813645377953045,1030.41,4761,4.0,1018081,244.7,40.78333333333333,4.0,-1.0,0.5
54,70.2,3.7,94.0,17.5,44.3,45,0.0,1008,65,32.7,8.2,3.0,2023,9,20,12,2,263,38,1.2246467991473532e-16,-1.0,-1.0,-1.8369701987210297e-16,0.9749279121818236,-0.22252093395631434,3,1,0,17.0,13.0,16.0,14.0,19.0,25.0,14.666666666666666,2.081665999469574,17.0,13.0,15.5,1.8708286933847509,18.0,13.0,16.916666666666668,3.752776749731921,24.0,12.0,20.25,6.137907871862529,36.0,12.0,32.1,30.3,27.9,69.0,80.0,92.0,2.0,1.0,1.16,1009.0,1010.0,1009.0,2125.5,195.0,98.10000000000001,0.0,0.7999542883263813,18.967846527965417,25.398540934882465,21.255,31.200000000000003,0.03244044400749603,1069.2900000000002,4225,9.0,1016064,243.7,40.61666666666667,-3.0,-2.0,0.6000000000000014
67,70.0,3.0,101.0,25.0,44.0,37,0.0,1007,61,33.2,7.0,4.0,2023,9,20,13,2,263,38,-0.2588190451025208,-0.9659258262890683,-1.0,-1.8369701987210297e-16,0.9749279121818236,-0.22252093395631434,3,1,0,14.0,17.0,13.0,15.0,22.0,36.0,17.0,3.0000000000023097,20.0,14.0,16.333333333333332,2.581988897470013,20.0,13.0,16.75,3.5451631581884904,24.0,12.0,19.583333333333332,5.140771949024521,34.0,12.0,32.7,31.6,27.7,65.0,74.0,94.0,3.0,1.0,1.0,1008.0,1010.0,1009.0,2025.2000000000003,244.0,132.8,0.0,0.7999680012799487,23.32555814728424,33.65544818393869,20.252000000000002,31.200000000000003,0.03296918275155636,1102.2400000000002,3721,16.0,1014049,263.0,43.833333333333336,6.0,7.0,0.5
100,72.9,4.0,100.0,43.8,50.0,33,0.0,1007,60,33.4,5.3,3.33,2023,9,20,14,2,263,38,-0.4999999999999997,-0.8660254037844388,-1.0,-1.8369701987210297e-16,0.9749279121818236,-0.22252093395631434,3,1,0,20.0,14.0,17.0,18.0,17.0,34.0,23.0,10.816653826392553,35.0,14.0,19.166666666666668,8.134289561274457,35.0,13.0,18.25,6.355026643245373,35.0,12.0,19.625,5.265247011010012,35.0,12.0,33.2,32.1,29.0,61.0,69.0,86.0,4.0,2.0,1.0,1007.0,1009.0,1010.0,2004.0,199.8,111.222,0.0,0.7990685144174792,18.220444888777806,24.99375156210947,20.04,31.735,0.033167792286204284,1115.56,3600,11.0889,1014049,305.7,50.949999999999996,15.0,18.0,0.19999999999999574
152,75.9,5.0,99.0,71.3,56.0,29,1.0,1006,60,33.6,3.8,2.66,2023,9,20,15,2,263,38,-0.7071067811865471,-0.7071067811865479,-1.0,-1.8369701987210297e-16,0.9749279121818236,-0.22252093395631434,3,1,0,35.0,20.0,14.0,16.0,21.0,29.0,37.333333333333336,18.61003313627741,57.0,20.0,26.0,17.15808847162155,57.0,13.0,21.25,12.899083829340672,57.0,12.0,20.791666666666668,9.122257380174002,57.0,12.0,33.4,32.7,30.3,60.0,65.0,80.0,3.33,3.0,1.0,1007.0,1008.0,1010.0,2016.0,159.60000000000002,89.376,29.0,0.7994277780115285,15.176964607078585,19.79604079184163,20.16,32.27,0.0333995691853189,1128.96,3600,7.0756000000000006,1012036,364.2,60.699999999999996,22.0,43.0,0.20000000000000284
89,78.8,6.0,98.0,37.5,62.0,25,0.5,1005,60,33.8,2.1,2.0,2023,9,20,16,2,263,38,-0.8660254037844385,-0.5000000000000004,-1.0,-1.8369701987210297e-16,0.9749279121818236,-0.22252093395631434,3,1,0,57.0,35.0,20.0,13.0,24.0,20.0,40.666666666666664,14.364307617610482,57.0,30.0,28.833333333333332,15.942605391423925,57.0,14.0,21.75,13.12959876143814,57.0,12.0,21.208333333333332,9.310952721376289,57.0,12.0,33.6,33.2,31.6,60.0,61.0,74.0,2.66,4.0,1.0,1006.0,1007.0,1010.0,2027.9999999999998,120.0,67.6,12.5,0.7999786672355405,13.131144809198465,16.330611564739208,20.279999999999998,32.8,0.033631807331534994,1142.4399999999998,3600,4.0,1010025,312.3,52.050000000000004,-27.0,10.0,0.19999999999999574
63,92.2,8.7,79.7,22.5,60.3,22,0.0,1006,66,32.7,0.8,2.0,2023,9,20,17,2,263,38,-0.9659258262890683,-0.25881904510252063,-1.0,-1.8369701987210297e-16,0.9749279121818236,-0.22252093395631434,3,1,0,30.0,57.0,35.0,17.0,12.0,18.0,35.0,19.974984355438433,57.0,18.0,29.0,15.798734126504963,57.0,14.0,22.25,12.835497652993212,57.0,13.0,21.208333333333332,9.310952721376289,57.0,12.0,33.8,33.4,32.1,60.0,60.0,69.0,2.0,3.33,2.0,1005.0,1007.0,1009.0,2158.2000000000003,132.0,65.4,0.0,0.7999644460246211,10.596483162854845,9.159866681990577,21.582000000000004,31.700000000000003,0.03250493786785501,1069.2900000000002,4356,4.0,1012036,281.40000000000003,46.900000000000006,-12.0,-17.0,-1.0999999999999943
63,105.6,11.3,61.3,22.5,58.7,20,0.0,1006,73,31.5,0.0,2.0,2023,9,20,18,2,263,38,-1.0,-1.8369701987210297e-16,-1.0,-1.8369701987210297e-16,0.9749279121818236,-0.22252093395631434,3,2,0,18.0,30.0,57.0,14.0,14.0,24.0,22.0,6.928203230276432,30.0,18.0,29.666666666666668,15.108496505829402,57.0,18.0,22.583333333333332,12.652404251102931,57.0,13.0,20.958333333333332,9.313287219911878,57.0,12.0,32.7,33.6,32.7,66.0,60.0,65.0,2.0,2.66,3.0,1006.0,1006.0,1008.0,2299.5,146.0,63.0,0.0,0.7999644460246211,9.344305813644809,5.424298734625254,22.995,30.5,0.03131209611123647,992.25,5329,4.0,1012036,277.4,46.23333333333333,0.0,-39.0,-1.2000000000000028
61,119.1,14.0,43.0,21.3,57.0,18,0.0,1006,81,30.4,0.0,2.0,2023,9,20,19,2,263,38,-0.9659258262890684,0.2588190451025203,-1.0,-1.8369701987210297e-16,0.9749279121818236,-0.22252093395631434,3,2,0,18.0,18.0,30.0,20.0,15.0,17.0,17.666666666666668,0.5773502692014102,18.0,17.0,29.166666666666668,15.535979745952917,57.0,17.0,22.75,12.556237131763842,57.0,13.0,20.958333333333332,9.313287219911878,57.0,12.0,31.5,33.8,33.2,73.0,60.0,61.0,2.0,2.0,4.0,1006.0,1005.0,1007.0,2462.4,162.0,60.8,0.0,0.7980845969672785,8.506535247482322,3.071209199342904,24.624000000000002,29.4,0.030218657834336148,924.16,6561,4.0,1012036,271.4,45.23333333333333,-1.0,-13.0,-1.1000000000000014
72,130.5,14.7,37.3,27.5,54.7,16,0.0,1007,83,29.9,0.0,2.0,2023,9,20,20,2,263,38,-0.8660254037844386,0.5000000000000001,-1.0,-1.8369701987210297e-16,0.9749279121818236,-0.22252093395631434,3,2,0,17.0,18.0,18.0,35.0,18.0,25.0,19.0,2.6457513110671114,22.0,17.0,27.0,15.466091943344718,57.0,17.0,23.083333333333332,12.471482621880723,57.0,13.0,20.833333333333332,9.276743556576676,57.0,12.0,30.4,32.7,33.4,81.0,66.0,60.0,2.0,2.0,3.33,1006.0,1006.0,1007.0,2481.7,166.0,59.8,0.0,0.7999709101487218,8.876947146452624,2.5372423644650026,24.816999999999997,28.9,0.02969212542986551,894.0099999999999,6889,4.0,1014049,286.7,47.78333333333333,5.0,4.0,-0.5
67,142.0,15.3,31.7,25.0,52.3,14,0.0,1008,86,29.4,0.0,2.0,2023,9,20,21,2,263,38,-0.7071067811865477,0.7071067811865474,-1.0,-1.8369701987210297e-16,0.9749279121818236,-0.22252093395631434,3,2,0,22.0,17.0,18.0,57.0,16.0,23.0,19.666666666666668,2.516611478426207,22.0,17.0,20.833333333333332,4.833908011811835,30.0,17.0,23.416666666666668,12.317454971287331,57.0,13.0,20.708333333333332,9.266485505475227,57.0,12.0,29.9,31.5,33.6,83.0,73.0,60.0,2.0,2.0,2.66,1007.0,1006.0,1006.0,2528.4,172.0,58.8,0.0,0.7999680012799487,9.280439186981242,2.0717600156852494,25.284000000000002,28.4,0.029166637731510188,864.3599999999999,7396,4.0,1016064,286.3,47.71666666666667,-2.0,2.0,-0.5
183,153.5,16.0,26.0,100.0,50.0,12,0.0,1009,88,28.9,0.0,2.0,2023,9,20,22,2,263,38,-0.5000000000000004,0.8660254037844384,-1.0,-1.8369701987210297e-16,0.9749279121818236,-0.22252093395631434,3,3,0,20.0,22.0,17.0,30.0,13.0,19.0,40.666666666666664,34.078341117685625,80.0,20.0,29.166666666666668,24.96731196317816,80.0,17.0,29.0,19.9727086522856,80.0,14.0,23.25,15.226550038894306,80.0,12.0,29.4,30.4,33.8,86.0,81.0,60.0,2.0,2.0,2.0,1008.0,1006.0,1005.0,2543.2,176.0,57.8,0.0,0.7999920000799992,9.593150428098243,1.6248984438472593,25.432,27.9,0.028642191633110374,835.2099999999999,7744,4.0,1018081,425.5,70.91666666666667,60.0,63.0,-0.5
65,146.7,16.0,25.0,23.8,48.0,18,0.0,1009,89,28.7,0.0,1.66,2023,9,20,23,2,263,38,-0.25881904510252157,0.9659258262890681,-1.0,-1.8369701987210297e-16,0.9749279121818236,-0.22252093395631434,3,3,0,80.0,20.0,22.0,18.0,17.0,19.0,39.666666666666664,34.933269720043995,80.0,19.0,29.333333333333332,24.88105035296258,80.0,17.0,29.166666666666668,19.871557258523577,80.0,14.0,23.25,15.226550038894306,80.0,12.0,28.9,29.9,32.7,88.0,83.0,66.0,2.0,2.0,2.0,1009.0,1007.0,1006.0,2554.2999999999997,147.73999999999998,47.641999999999996,0.0,0.7982857863114995,9.16817698893819,1.562402349853134,25.542999999999996,27.87,0.028443975774057707,823.6899999999999,7921,2.7556,1018081,278.5,46.416666666666664,-61.0,-3.0,-0.1999999999999993
50,139.9,16.0,24.0,15.0,46.0,23,0.0,1008,91,28.4,0.0,1.33,2023,9,21,0,3,264,38,0.0,1.0,-1.0,-1.8369701987210297e-16,0.43388373911755823,-0.900968867902419,3,3,0,19.0,80.0,20.0,18.0,14.0,19.0,37.0,37.40320841853022,80.0,12.0,28.333333333333332,25.539511872129804,80.0,12.0,29.0,20.01817356122346,80.0,12.0,22.958333333333332,15.377790780061932,80.0,12.0,28.7,29.4,31.5,89.0,86.0,73.0,1.66,2.0,2.0,1009.0,1008.0,1006.0,2584.4,121.03,37.772,0.0,0.7999466702219852,8.743203549778139,1.4999062558590086,25.844,27.735,0.02817457522363569,806.56,8281,1.7689000000000001,1016064,252.9,42.15,-7.0,-8.0,-0.3000000000000007
50,133.1,16.0,23.0,15.0,44.0,29,0.0,1008,92,28.2,0.0,1.0,2023,9,21,1,3,264,38,0.25881904510252074,0.9659258262890683,-1.0,-1.8369701987210297e-16,0.43388373911755823,-0.900968867902419,3,3,0,12.0,19.0,80.0,17.0,20.0,22.0,14.333333333333334,4.0414518843291525,19.0,12.0,27.5,26.059547194838064,80.0,12.0,28.333333333333332,20.473190155701396,80.0,12.0,22.541666666666668,15.539512517301098,80.0,12.0,28.4,28.9,30.4,91.0,88.0,81.0,1.33,2.0,2.0,1008.0,1009.0,1006.0,2594.4,92.0,28.2,0.0,0.7999466702219852,8.318230110618085,1.4374101618648834,25.944000000000003,27.7,0.027976162722060792,795.24,8464,1.0,1016064,243.1,40.516666666666666,0.0,-68.0,-0.1999999999999993
69,126.1,15.7,23.0,26.3,42.3,34,0.0,1008,93,28.0,0.0,0.66,2023,9,21,2,3,264,38,0.49999999999999994,0.8660254037844387,-1.0,-1.8369701987210297e-16,0.43388373911755823,-0.900968867902419,3,3,0,12.0,12.0,19.0,22.0,35.0,17.0,15.0,5.196152422707998,21.0,12.0,27.333333333333332,26.10491652288241,80.0,12.0,27.166666666666668,20.45764286312441,80.0,12.0,22.708333333333332,15.498889628297256,80.0,12.0,28.2,28.7,29.9,92.0,89.0,83.0,1.0,1.66,2.0,1008.0,1009.0,1007.0,2604.0,61.38,18.48,0.0,0.79844872818524,8.031335583720782,1.4648748487357495,26.04,27.67,0.027777750220485894,784.0,8649,0.43560000000000004,1016064,254.39999999999998,42.4,9.0,2.0,-0.1999999999999993
87,119.1,15.3,23.0,36.3,40.7,40,0.0,1008,94,27.8,0.0,0.33,2023,9,21,3,3,264,38,0.7071067811865476,0.7071067811865476,-1.0,-1.8369701987210297e-16,0.43388373911755823,-0.900968867902419,3,3,0,21.0,12.0,12.0,20.0,57.0,21.0,20.666666666666668,8.504900548116153,29.0,12.0,28.833333333333332,25.856656138539243,80.0,12.0,24.833333333333332,18.2200355918887,80.0,12.0,23.041666666666668,15.546505735363999,80.0,12.0,28.0,28.4,29.4,93.0,91.0,86.0,0.66,1.33,2.0,1008.0,1008.0,1008.0,2613.2000000000003,31.020000000000003,9.174000000000001,0.0,0.798876064020275,7.7838049800666615,1.503169727468793,26.132,27.635,0.027579337718910996,772.84,8836,0.10890000000000001,1016064,263.4,43.9,8.0,17.0,-0.1999999999999993
78,112.1,15.0,23.0,31.3,39.0,45,0.0,1008,94,27.6,0.0,1.2,2023,9,21,4,3,264,38,0.8660254037844386,0.5000000000000001,-1.0,-1.8369701987210297e-16,0.43388373911755823,-0.900968867902419,3,3,0,29.0,21.0,12.0,80.0,30.0,24.0,25.0,4.00000000000153,29.0,21.0,19.666666666666668,6.860515043832965,29.0,12.0,24.416666666666668,18.14816962137104,80.0,12.0,23.083333333333332,15.550525411692872,80.0,12.0,27.8,28.2,28.9,94.0,92.0,88.0,0.33,1.0,2.0,1008.0,1008.0,1009.0,2594.4,112.8,33.12,0.0,0.7986965272674994,7.472835144323712,1.5332311179254716,25.944000000000003,27.0,0.027380925217336097,761.7600000000001,8836,1.44,1016064,245.4,40.9,-4.0,13.0,-0.1999999999999993
69,125.7,15.0,25.7,26.3,45.0,51,0.0,1009,94,27.7,0.0,0.33,2023,9,21,5,3,264,38,0.9659258262890683,0.25881904510252074,-1.0,-1.8369701987210297e-16,0.43388373911755823,-0.900968867902419,3,3,0,25.0,29.0,21.0,19.0,18.0,12.0,25.0,4.00000000000153,29.0,21.0,20.0,6.870225614926469,29.0,12.0,24.666666666666668,18.07224558836158,80.0,12.0,23.458333333333332,15.379204385670532,80.0,12.0,27.6,28.0,28.7,94.0,93.0,89.0,1.2,0.66,1.66,1008.0,1008.0,1009.0,2603.7999999999997,31.020000000000003,9.141,0.0,0.79844872818524,8.379441370575295,1.7132191187254182,26.037999999999997,27.535,0.027452896478794373,767.29,8836,0.10890000000000001,1018081,258.7,43.11666666666667,-4.0,0.0,0.09999999999999787
67,139.3,15.0,28.3,25.0,51.0,56,0.0,1009,93,27.8,2.0,0.66,2023,9,21,6,3,264,38,1.0,6.123233995736766e-17,-1.0,-1.8369701987210297e-16,0.43388373911755823,-0.900968867902419,3,0,0,21.0,25.0,29.0,12.0,18.0,14.0,22.0,2.645751311067018,25.0,20.0,21.333333333333332,5.6803755744368285,29.0,12.0,24.833333333333332,18.014304080789397,80.0,12.0,23.708333333333332,15.267126282556656,80.0,12.0,27.7,27.8,28.4,94.0,94.0,91.0,0.33,0.33,1.33,1009.0,1008.0,1008.0,2585.4,61.38,18.348000000000003,0.0,0.7999680012799487,9.28604759682688,1.8865408972735151,25.854,27.470000000000002,0.027552004408320705,772.84,8649,0.43560000000000004,1018081,278.6,46.43333333333334,-1.0,-9.0,0.10000000000000142
65,152.9,15.0,31.0,23.8,57.0,62,0.0,1010,93,27.9,2.3,1.0,2023,9,21,7,3,264,38,0.9659258262890683,-0.25881904510252063,-1.0,-1.8369701987210297e-16,0.43388373911755823,-0.900968867902419,3,0,0,20.0,21.0,25.0,12.0,17.0,15.0,20.0,1.0000000000066231,21.0,19.0,22.5,3.781534080236741,29.0,19.0,25.0,17.94435844492619,80.0,12.0,23.875,15.189563064385776,80.0,12.0,27.8,27.6,28.2,93.0,94.0,92.0,0.66,1.2,1.0,1009.0,1008.0,1008.0,2594.7,93.0,27.9,0.0,0.7982857863114995,10.192653823078462,2.0665288980734617,25.947,27.4,0.027623735026004924,778.41,8649,1.0,1020100,298.70000000000005,49.78333333333334,-1.0,-6.0,0.09999999999999787
50,125.5,12.0,47.3,15.0,58.3,70,0.0,1010,84,29.2,3.2,1.0,2023,9,21,8,3,264,38,0.8660254037844387,-0.4999999999999998,-1.0,-1.8369701987210297e-16,0.43388373911755823,-0.900968867902419,3,0,0,19.0,20.0,21.0,21.0,22.0,18.0,17.0,4.358898943542262,20.0,12.0,21.0,5.761944116354464,29.0,12.0,24.166666666666668,18.32451578590476,80.0,12.0,23.625,15.339101781990262,80.0,12.0,27.9,27.7,28.0,93.0,94.0,93.0,1.0,0.33,0.66,1010.0,1009.0,1008.0,2452.7999999999997,84.0,29.2,0.0,0.7999466702219852,10.457461878176819,3.9413382218148487,24.528,28.7,0.02891086246449261,852.64,7056,1.0,1020100,270.1,45.01666666666667,-7.0,-9.0,1.3000000000000007
59,98.0,9.0,63.7,20.0,59.7,79,0.0,1010,76,30.5,5.0,1.0,2023,9,21,9,3,264,38,0.7071067811865476,-0.7071067811865475,-1.0,-1.8369701987210297e-16,0.43388373911755823,-0.900968867902419,3,0,0,12.0,19.0,20.0,29.0,20.0,16.0,15.666666666666666,3.5118845842862565,19.0,12.0,18.833333333333332,4.445971959724707,25.0,12.0,23.833333333333332,18.44319698836157,80.0,12.0,23.625,15.339101781990262,80.0,12.0,29.2,27.8,27.8,84.0,93.0,94.0,1.0,0.66,0.33,1010.0,1009.0,1008.0,2318.0,76.0,30.5,0.0,0.7999600019998999,10.88767914676147,7.076991445394957,23.18,30.0,0.030197989902980296,930.25,5776,1.0,1020100,266.4,44.4,4.0,-4.0,1.3000000000000007
54,70.6,6.0,80.0,17.5,61.0,87,0.0,1011,69,31.8,6.8,1.0,2023,9,21,10,3,264,38,0.49999999999999994,-0.8660254037844387,-1.0,-1.8369701987210297e-16,0.43388373911755823,-0.900968867902419,3,0,0,16.0,12.0,19.0,25.0,80.0,13.0,14.0,2.000000000003613,16.0,12.0,17.0,3.5777087639984853,21.0,12.0,18.333333333333332,5.3992143087221764,29.0,12.0,23.666666666666668,15.310316688476606,80.0,12.0,30.5,27.9,27.6,76.0,93.0,94.0,1.0,1.0,1.2,1010.0,1010.0,1008.0,2194.2000000000003,69.0,31.8,0.0,0.7999542883263813,11.76470588235294,13.331111481419763,21.942000000000004,31.3,0.031453974822972484,1011.24,4761,1.0,1022121,249.1,41.516666666666666,-2.0,-5.0,1.3000000000000007
59,69.6,5.0,90.7,20.0,60.3,70,0.0,1010,66,32.5,7.9,1.0,2023,9,21,11,3,264,38,0.258819045102521,-0.9659258262890682,-1.0,-1.8369701987210297e-16,0.43388373911755823,-0.900968867902419,3,0,0,14.0,16.0,12.0,21.0,19.0,17.0,15.333333333333334,1.1547005383853952,16.0,14.0,16.166666666666668,2.9944392908620117,20.0,12.0,18.083333333333332,5.434876152027198,29.0,12.0,23.625,15.330596006451916,80.0,12.0,31.8,29.2,27.7,69.0,84.0,94.0,1.0,1.0,0.33,1011.0,1010.0,1009.0,2145.0,66.0,32.5,0.0,0.7999600019998999,13.91721655668866,18.13637272545491,21.45,32.0,0.032178185962192116,1056.25,4356,1.0,1020100,261.6,43.6,2.0,4.0,0.6999999999999993
59,68.7,4.0,101.3,20.0,59.7,54,0.5,1009,62,33.1,8.0,1.0,2023,9,21,12,3,264,38,1.2246467991473532e-16,-1.0,-1.0,-1.8369701987210297e-16,0.43388373911755823,-0.900968867902419,3,1,0,16.0,14.0,16.0,20.0,12.0,14.0,15.333333333333334,1.1547005383853952,16.0,14.0,15.5,2.345207879909899,19.0,12.0,18.416666666666668,5.142661732698818,29.0,12.0,23.708333333333332,15.281358824928752,80.0,12.0,32.5,30.5,27.8,66.0,76.0,93.0,1.0,1.0,0.66,1010.0,1010.0,1009.0,2052.2000000000003,62.0,33.1,27.0,0.7999600019998999,17.170707323169207,25.318670332416893,20.522000000000002,32.6,0.03280472467321638,1095.6100000000001,3844,1.0,1018081,269.7,44.949999999999996,0.0,0.0,0.6000000000000014
61,67.7,3.0,112.0,21.3,59.0,37,0.0,1008,59,33.8,7.1,1.0,2023,9,21,13,3,264,38,-0.2588190451025208,-0.9659258262890683,-1.0,-1.8369701987210297e-16,0.43388373911755823,-0.900968867902419,3,1,0,16.0,16.0,14.0,19.0,12.0,20.0,16.333333333333332,0.5773502692017407,17.0,16.0,15.166666666666666,1.8348478592673922,17.0,12.0,18.833333333333332,4.764133677486888,29.0,12.0,23.583333333333332,15.325218394547454,80.0,12.0,33.1,31.8,27.9,62.0,69.0,93.0,1.0,1.0,1.0,1009.0,1011.0,1010.0,1994.1999999999998,59.0,33.8,0.0,0.7980845969672785,22.55914695101633,37.320893035654784,19.941999999999997,33.3,0.03353171276615797,1142.4399999999998,3481,1.0,1016064,280.0,46.666666666666664,1.0,3.0,0.6999999999999957
56,68.7,3.7,109.7,18.8,60.0,33,0.0,1007,57,34.1,5.0,1.33,2023,9,21,14,3,264,38,-0.4999999999999997,-0.8660254037844388,-1.0,-1.8369701987210297e-16,0.43388373911755823,-0.900968867902419,3,1,0,17.0,16.0,16.0,12.0,21.0,35.0,16.0,1.0000000000070282,17.0,15.0,15.666666666666666,1.0327955589845264,17.0,14.0,18.333333333333332,4.830458915395976,29.0,12.0,22.75,15.220838118956316,80.0,12.0,33.8,32.5,29.2,59.0,66.0,84.0,1.0,1.0,1.0,1008.0,1010.0,1010.0,1943.7,75.81,45.353,0.0,0.7978299026647518,18.56255066198325,29.640637665495813,19.437,33.435,0.03386292565747204,1162.8100000000002,3249,1.7689000000000001,1014049,275.90000000000003,45.98333333333334,-2.0,-1.0,0.30000000000000426
54,69.6,4.3,107.3,17.5,61.0,29,0.0,1006,55,34.4,2.7,1.66,2023,9,21,15,3,264,38,-0.7071067811865471,-0.7071067811865479,-1.0,-1.8369701987210297e-16,0.43388373911755823,-0.900968867902419,3,1,0,15.0,17.0,16.0,16.0,29.0,57.0,15.333333333333334,1.5275252316565913,17.0,14.0,15.333333333333334,1.2110601416354767,17.0,14.0,17.083333333333332,3.604500553810416,25.0,12.0,20.958333333333332,13.440623583704545,80.0,12.0,34.1,33.1,30.5,57.0,62.0,76.0,1.33,1.0,1.0,1007.0,1009.0,1010.0,1892.0,91.3,57.10399999999999,0.0,0.7999542883263813,16.18228318995582,24.94768658451523,18.92,33.57,0.03419479702306459,1183.36,3025,2.7556,1012036,273.7,45.61666666666667,-1.0,-2.0,0.29999999999999716
56,70.6,5.0,105.0,18.8,62.0,25,0.0,1006,53,34.7,2.1,2.0,2023,9,21,16,3,264,38,-0.8660254037844385,-0.5000000000000004,-1.0,-1.8369701987210297e-16,0.43388373911755823,-0.900968867902419,3,1,0,14.0,15.0,17.0,14.0,25.0,30.0,14.666666666666666,0.5773502692020288,15.0,14.0,15.5,1.0488088481660915,17.0,14.0,16.25,2.632834628649069,21.0,12.0,20.333333333333332,13.350351458218798,80.0,12.0,34.4,33.8,31.8,55.0,59.0,69.0,1.66,1.0,1.0,1006.0,1008.0,1011.0,1839.1000000000001,106.0,69.4,0.0,0.7978299026647518,14.11717656468706,20.995800839832032,18.391000000000002,33.7,0.03449300746221923,1204.0900000000001,2809,4.0,1012036,276.4,46.06666666666666,1.0,-2.0,0.30000000000000426
69,97.1,9.0,86.3,26.3,64.7,24,0.5,1006,57,33.6,0.7,2.0,2023,9,21,17,3,264,38,-0.9659258262890683,-0.25881904510252063,-1.0,-1.8369701987210297e-16,0.43388373911755823,-0.900968867902419,3,1,0,15.0,14.0,15.0,16.0,21.0,18.0,16.666666666666668,3.785938897202022,21.0,14.0,16.333333333333332,2.5033311140674543,21.0,14.0,16.25,2.632834628649069,21.0,12.0,20.458333333333332,13.341596171590226,80.0,12.0,34.7,34.1,32.5,53.0,57.0,66.0,2.0,1.33,1.0,1006.0,1007.0,1010.0,1915.2,114.0,67.2,12.0,0.79844872818524,10.787690256638152,9.587823575158316,19.152,32.6,0.0333995691853189,1128.96,3249,4.0,1012036,304.4,50.73333333333333,6.0,6.0,-1.1000000000000014
65,123.5,13.0,67.7,23.8,67.3,23,0.0,1006,62,32.6,0.0,2.0,2023,9,21,18,3,264,38,-1.0,-1.8369701987210297e-16,-1.0,-1.8369701987210297e-16,0.43388373911755823,-0.900968867902419,3,2,0,21.0,15.0,14.0,16.0,20.0,18.0,18.333333333333332,3.055050463306119,21.0,15.0,16.833333333333332,2.7141603981080835,21.0,14.0,16.166666666666668,2.5166114784226923,21.0,12.0,20.5,13.335144804482464,80.0,12.0,33.6,34.4,33.1,57.0,55.0,62.0,2.0,1.66,1.0,1006.0,1006.0,1009.0,2021.2,124.0,65.2,0.0,0.7982857863114995,9.499269286977926,5.207291746788709,20.212,31.6,0.03240553438813679,1062.76,3844,4.0,1012036,314.3,52.38333333333333,-2.0,5.0,-1.0
65,150.0,17.0,49.0,23.8,70.0,22,0.0,1007,68,31.5,0.0,2.0,2023,9,21,19,3,264,38,-0.9659258262890684,0.2588190451025203,-1.0,-1.8369701987210297e-16,0.43388373911755823,-0.900968867902419,3,2,0,19.0,21.0,15.0,17.0,19.0,17.0,19.666666666666668,1.1547005383850242,21.0,19.0,17.166666666666668,2.857738033245569,21.0,14.0,16.166666666666668,2.5166114784226923,21.0,12.0,20.583333333333332,13.318560656880624,80.0,12.0,32.6,34.7,33.8,62.0,53.0,59.0,2.0,2.0,1.0,1006.0,1006.0,1008.0,2142.0,136.0,63.0,0.0,0.7982857863114995,8.823010411152284,2.882183400976413,21.42,30.5,0.03128100170704895,992.25,4624,4.0,1014049,328.8,54.800000000000004,0.0,4.0,-1.1000000000000014
69,157.6,17.3,42.3,26.3,66.0,21,0.0,1008,72,30.8,0.0,1.66,2023,9,21,20,3,264,38,-0.8660254037844386,0.5000000000000001,-1.0,-1.8369701987210297e-16,0.43388373911755823,-0.900968867902419,3,2,0,19.0,19.0,21.0,15.0,12.0,22.0,19.666666666666668,1.1547005383850242,21.0,19.0,18.166666666666668,2.994439290862034,21.0,14.0,16.916666666666668,2.50302846870484,21.0,14.0,20.541666666666668,13.31549984911862,80.0,12.0,31.5,33.6,34.1,68.0,57.0,57.0,2.0,2.0,1.33,1007.0,1006.0,1007.0,2217.6,119.52,51.128,0.0,0.79844872818524,9.109300040460088,2.444945378879833,22.176,29.970000000000002,0.030555525242534482,948.6400000000001,5184,2.7556,1016064,330.5,55.083333333333336,2.0,0.0,-0.6999999999999993
61,165.2,17.7,35.7,21.3,62.0,20,0.0,1008,77,30.0,0.0,1.33,2023,9,21,21,3,264,38,-0.7071067811865477,0.7071067811865474,-1.0,-1.8369701987210297e-16,0.43388373911755823,-0.900968867902419,3,2,0,21.0,19.0,19.0,14.0,16.0,20.0,19.0,2.0000000000033666,21.0,17.0,18.666666666666668,2.3380903888982463,21.0,15.0,17.0,2.486326242031312,21.0,14.0,20.416666666666668,13.334873099497573,80.0,12.0,30.8,32.6,34.4,72.0,62.0,55.0,1.66,2.0,1.66,1008.0,1006.0,1006.0,2310.0,102.41000000000001,39.900000000000006,0.0,0.7980845969672785,9.332806056155018,2.016835207050449,23.1,29.335,0.029761875236234886,900.0,5929,1.7689000000000001,1016064,318.9,53.15,-4.0,-2.0,-0.8000000000000007
61,172.7,18.0,29.0,21.3,58.0,20,0.0,1009,82,29.3,0.0,1.0,2023,9,21,22,3,264,38,-0.5000000000000004,0.8660254037844384,-1.0,-1.8369701987210297e-16,0.43388373911755823,-0.900968867902419,3,3,0,17.0,21.0,19.0,15.0,14.0,80.0,18.333333333333332,2.3094010767614472,21.0,17.0,19.0,1.7888543819975136,21.0,17.0,17.25,2.3011854652439174,21.0,14.0,17.791666666666668,4.096437122847292,29.0,12.0,30.0,31.5,34.7,77.0,68.0,53.0,1.33,2.0,2.0,1008.0,1007.0,1006.0,2402.6,82.0,29.3,0.0,0.7980845969672785,9.593911449363922,1.6110216099105603,24.026,28.8,0.02903862335121571,858.49,6724,1.0,1018081,316.0,52.666666666666664,0.0,-2.0,-0.6999999999999993
118,170.6,18.3,26.3,52.5,57.3,0,0.0,1009,85,29.0,0.0,0.66,2023,9,21,23,3,264,38,-0.25881904510252157,0.9659258262890681,-1.0,-1.8369701987210297e-16,0.43388373911755823,-0.900968867902419,3,3,0,17.0,17.0,21.0,21.0,16.0,19.0,25.333333333333332,14.433756729741066,42.0,17.0,22.5,9.669539802906442,42.0,17.0,19.416666666666668,7.464562744708621,42.0,14.0,18.75,6.421770039076093,42.0,12.0,29.3,30.8,33.6,82.0,72.0,57.0,1.0,1.66,2.0,1009.0,1008.0,1006.0,2465.0,56.1,19.14,0.0,0.7999847621950058,9.321894978416479,1.4370799409868311,24.65,28.67,0.028741299562636706,841.0,7225,0.43560000000000004,1018081,367.00000000000006,61.16666666666668,25.0,21.0,-0.3000000000000007
153,168.5,18.7,23.7,72.5,56.7,0,0.0,1009,88,28.6,0.0,0.33,2023,9,22,0,4,265,38,0.0,1.0,-1.0,-1.8369701987210297e-16,-0.433883739117558,-0.9009688679024191,3,3,0,42.0,17.0,17.0,19.0,16.0,12.0,39.0,20.663978319772053,58.0,17.0,29.0,17.09970759983902,58.0,17.0,22.916666666666668,13.290176367482193,58.0,14.0,20.666666666666668,10.119574946678508,58.0,12.0,29.0,30.0,32.6,85.0,77.0,62.0,0.66,1.33,2.0,1009.0,1008.0,1006.0,2516.8,29.040000000000003,9.438,0.0,0.799988965669439,9.010213357574461,1.2673119084540934,25.168000000000003,28.435000000000002,0.028344867844531375,817.96,7744,0.10890000000000001,1018081,398.09999999999997,66.35,16.0,41.0,-0.3999999999999986
221,166.3,19.0,21.0,136.3,56.0,17,0.0,1008,91,28.3,0.0,2.0,2023,9,22,1,4,265,38,0.25881904510252074,0.9659258262890683,-1.0,-1.8369701987210297e-16,-0.433883739117558,-0.9009688679024191,3,3,0,58.0,42.0,17.0,19.0,17.0,12.0,69.66666666666667,34.99047489436714,109.0,42.0,44.0,35.81061295202853,109.0,17.0,30.583333333333332,27.982001791194588,109.0,14.0,24.708333333333332,20.526714654146442,109.0,12.0,28.6,29.3,31.5,88.0,82.0,68.0,0.33,1.0,2.0,1009.0,1009.0,1007.0,2575.3,182.0,56.6,0.0,0.7997006625043103,8.752170938371664,1.105204989211094,25.753,27.3,0.028075368972848243,800.89,8281,4.0,1016064,507.6,84.60000000000001,51.0,92.0,-0.3000000000000007
72,172.0,21.0,19.7,27.5,62.7,16,0.0,1008,91,28.1,0.0,1.6,2023,9,22,2,4,265,38,0.49999999999999994,0.8660254037844387,-1.0,-1.8369701987210297e-16,-0.433883739117558,-0.9009688679024191,3,3,0,109.0,58.0,42.0,21.0,15.0,21.0,63.0,43.71498598878884,109.0,22.0,44.166666666666664,35.6842635718696,109.0,17.0,31.166666666666668,27.699141218500202,109.0,14.0,24.75,20.519873717723048,109.0,12.0,28.3,29.0,30.8,91.0,85.0,72.0,2.0,0.66,1.66,1008.0,1009.0,1008.0,2557.1,145.6,44.96000000000001,0.0,0.7999709101487218,8.190086186372078,0.9380505690205228,25.570999999999998,27.3,0.027876956471273345,789.6100000000001,8281,2.5600000000000005,1016064,324.9,54.15,-87.0,-20.0,-0.1999999999999993
89,177.6,23.0,18.3,37.5,69.3,15,0.0,1008,92,27.8,0.0,1.2,2023,9,22,3,4,265,38,0.7071067811865476,0.7071067811865476,-1.0,-1.8369701987210297e-16,-0.433883739117558,-0.9009688679024191,3,3,0,22.0,109.0,58.0,17.0,14.0,29.0,53.666666666666664,48.08672720547053,109.0,22.0,46.333333333333336,34.062687308353404,109.0,17.0,32.5,27.17786532523031,109.0,15.0,24.791666666666668,20.52989160408206,109.0,12.0,28.1,28.6,30.0,91.0,88.0,77.0,1.6,0.33,1.33,1008.0,1009.0,1008.0,2557.6,110.39999999999999,33.36,0.0,0.7999786672355405,7.721403417242728,0.7956175818442677,25.576,27.2,0.027579337718910996,772.84,8464,1.44,1016064,355.7,59.28333333333333,8.0,-28.0,-0.3000000000000007
78,183.3,25.0,17.0,31.3,76.0,15,0.0,1008,92,27.6,0.0,1.2,2023,9,22,4,4,265,38,0.8660254037844386,0.5000000000000001,-1.0,-1.8369701987210297e-16,-0.433883739117558,-0.9009688679024191,3,3,0,30.0,22.0,109.0,17.0,15.0,25.0,25.666666666666668,4.041451884328681,30.0,22.0,47.666666666666664,32.818693859851585,109.0,22.0,33.333333333333336,26.74231693686071,109.0,17.0,24.791666666666668,20.52989160408206,109.0,12.0,27.8,28.3,29.3,92.0,91.0,82.0,1.2,2.0,1.0,1008.0,1008.0,1009.0,2539.2000000000003,110.39999999999999,33.12,0.0,0.7986965272674994,7.331706731730731,0.6799728010879564,25.392000000000003,27.0,0.027380925217336097,761.7600000000001,8464,1.44,1016064,357.6,59.6,-5.0,-84.0,-0.1999999999999993
85,186.9,23.0,21.0,35.0,75.3,14,0.0,1009,92,27.7,0.0,1.2,2023,9,22,5,4,265,38,0.9659258262890683,0.25881904510252074,-1.0,-1.8369701987210297e-16,-0.433883739117558,-0.9009688679024191,3,3,0,25.0,30.0,22.0,42.0,21.0,21.0,27.666666666666668,2.5166114784256077,30.0,25.0,45.333333333333336,33.78559850981865,109.0,22.0,33.916666666666664,26.524288469021574,109.0,17.0,25.083333333333332,20.52340480835315,109.0,12.0,27.6,28.1,29.0,92.0,91.0,85.0,1.2,1.6,0.66,1008.0,1008.0,1009.0,2548.4,110.39999999999999,33.239999999999995,0.0,0.7999771435101855,8.12573366375375,0.9130037824442415,25.484,27.099999999999998,0.027452896478794373,767.29,8464,1.44,1018081,369.2,61.53333333333333,3.0,6.0,0.09999999999999787
61,190.6,21.0,25.0,21.3,74.7,13,0.0,1009,92,27.9,1.1,1.6,2023,9,22,6,4,265,38,1.0,6.123233995736766e-17,-1.0,-1.8369701987210297e-16,-0.433883739117558,-0.9009688679024191,3,0,0,28.0,25.0,30.0,58.0,19.0,20.0,23.333333333333332,5.686240703078286,28.0,17.0,38.5,34.84106772187088,109.0,17.0,33.75,26.632601347698778,109.0,17.0,24.958333333333332,20.564805661227503,109.0,12.0,27.7,27.8,28.6,92.0,92.0,88.0,1.2,1.2,0.33,1009.0,1008.0,1009.0,2566.7999999999997,147.20000000000002,44.64,0.0,0.7980845969672785,9.07575829722394,1.1904195038331506,25.667999999999996,27.099999999999998,0.027651112337847037,778.41,8464,2.5600000000000005,1018081,349.59999999999997,58.26666666666666,-11.0,-13.0,0.1999999999999993
59,194.3,19.0,29.0,20.0,74.0,12,0.0,1010,92,28.0,1.0,1.6,2023,9,22,7,4,265,38,0.9659258262890683,-0.25881904510252063,-1.0,-1.8369701987210297e-16,-0.433883739117558,-0.9009688679024191,3,0,0,17.0,28.0,25.0,109.0,19.0,19.0,20.333333333333332,6.65832811848025,28.0,16.0,23.0,5.727128425309831,30.0,16.0,33.5,26.79721830882641,109.0,16.0,24.833333333333332,20.61166125546754,109.0,12.0,27.9,27.6,28.3,92.0,92.0,91.0,1.6,1.2,2.0,1009.0,1008.0,1008.0,2576.0,147.20000000000002,44.800000000000004,0.0,0.7999600019998999,10.225777590653124,1.5262354612915108,25.76,27.2,0.027722744828965515,784.0,8464,2.5600000000000005,1020100,352.3,58.71666666666667,-1.0,-9.0,0.10000000000000142
56,156.4,15.3,45.0,18.8,76.7,16,0.0,1010,83,29.5,1.4,0.66,2023,9,22,8,4,265,38,0.8660254037844387,-0.4999999999999998,-1.0,-1.8369701987210297e-16,-0.433883739117558,-0.9009688679024191,3,0,0,16.0,17.0,28.0,22.0,21.0,12.0,16.0,1.000000000006068,17.0,15.0,21.833333333333332,6.615638039271682,30.0,15.0,33.0,27.10585310827285,109.0,15.0,24.958333333333332,20.539419505506608,109.0,14.0,28.0,27.7,28.1,92.0,92.0,91.0,1.6,1.2,1.6,1010.0,1009.0,1008.0,2448.5,54.78,19.470000000000002,0.0,0.7978299026647518,10.221554146787792,2.940984249395464,24.485,29.17,0.029207891873374383,870.25,6889,0.43560000000000004,1020100,327.20000000000005,54.53333333333334,-1.0,-13.0,1.5
85,118.5,11.7,61.0,35.0,79.3,20,0.0,1010,74,31.0,2.4,1.33,2023,9,22,9,4,265,38,0.7071067811865476,-0.7071067811865475,-1.0,-1.8369701987210297e-16,-0.433883739117558,-0.9009688679024191,3,0,0,15.0,16.0,17.0,30.0,17.0,16.0,19.666666666666668,7.23417813807103,28.0,15.0,21.5,6.156297588647886,28.0,15.0,33.916666666666664,26.698513180710982,109.0,15.0,25.458333333333332,20.457759592297226,109.0,14.0,29.5,27.9,27.8,83.0,92.0,92.0,0.66,1.6,1.2,1010.0,1009.0,1008.0,2294.0,98.42,41.230000000000004,0.0,0.7999771435101855,10.12733954362875,5.213229638492437,22.94,30.335,0.03069303891778325,961.0,5476,1.7689000000000001,1020100,333.5,55.583333333333336,13.0,11.0,1.5
74,80.5,8.0,77.0,28.8,82.0,25,0.0,1010,67,32.5,2.8,2.0,2023,9,22,10,4,265,38,0.49999999999999994,-0.8660254037844387,-1.0,-1.8369701987210297e-16,-0.433883739117558,-0.9009688679024191,3,0,0,28.0,15.0,16.0,25.0,17.0,14.0,22.0,6.557438524302848,28.0,15.0,21.166666666666668,5.9805239458310355,28.0,15.0,34.416666666666664,26.40750008247756,109.0,15.0,25.833333333333332,20.320618500229795,109.0,14.0,31.0,28.0,27.6,74.0,92.0,92.0,1.33,1.6,1.2,1010.0,1010.0,1008.0,2177.5,134.0,65.0,0.0,0.7985833825214401,10.061242344706912,9.623797025371829,21.775,31.5,0.032178185962192116,1056.25,4489,4.0,1020100,299.3,49.88333333333333,-5.0,7.0,1.5
78,79.2,6.7,94.3,31.3,79.7,37,0.0,1009,61,33.1,4.4,2.0,2023,9,22,11,4,265,38,0.258819045102521,-0.9659258262890682,-1.0,-1.8369701987210297e-16,-0.433883739117558,-0.9009688679024191,3,0,0,23.0,28.0,15.0,28.0,42.0,16.0,25.333333333333332,2.5166114784256766,28.0,23.0,20.666666666666668,5.39135109844076,28.0,15.0,33.0,26.419689627245663,109.0,15.0,26.208333333333332,20.21402691345712,109.0,14.0,32.5,29.5,27.7,67.0,83.0,92.0,2.0,0.66,1.2,1010.0,1010.0,1009.0,2019.1000000000001,122.0,66.2,0.0,0.7986965272674994,11.81913147291449,14.072526488583792,20.191000000000003,32.1,0.03280472467321638,1095.6100000000001,3721,4.0,1018081,316.2,52.699999999999996,2.0,10.0,0.6000000000000014
69,77.8,5.3,111.7,26.3,77.3,50,0.0,1008,56,33.6,5.1,2.0,2023,9,22,12,4,265,38,1.2246467991473532e-16,-1.0,-1.0,-1.8369701987210297e-16,-0.433883739117558,-0.9009688679024191,3,1,0,25.0,23.0,28.0,17.0,58.0,16.0,23.0,2.000000000002733,25.0,21.0,21.333333333333332,5.08592829940203,28.0,15.0,29.916666666666668,25.375214583358854,109.0,15.0,26.416666666666668,20.129832213099395,109.0,14.0,33.1,31.0,27.9,61.0,74.0,92.0,2.0,1.33,1.6,1009.0,1010.0,1009.0,1881.6000000000001,112.0,67.2,0.0,0.79844872818524,14.676476136578003,21.07149594416148,18.816000000000003,32.6,0.033333300264583074,1128.96,3136,4.0,1016064,319.40000000000003,53.23333333333334,-4.0,-7.0,0.5
85,76.5,4.0,129.0,35.0,75.0,62,0.0,1008,51,34.2,6.4,2.0,2023,9,22,13,4,265,38,-0.2588190451025208,-0.9659258262890683,-1.0,-1.8369701987210297e-16,-0.433883739117558,-0.9009688679024191,3,1,0,21.0,25.0,23.0,16.0,109.0,17.0,24.666666666666668,3.5118845842857622,28.0,21.0,23.333333333333332,4.926120853842156,28.0,15.0,23.166666666666668,5.096047190685256,30.0,15.0,26.875,20.03108996578542,109.0,14.0,33.6,32.5,28.0,56.0,67.0,92.0,2.0,2.0,1.6,1008.0,1010.0,1010.0,1744.2,102.0,68.4,0.0,0.7999771435101855,19.120219945013744,32.24193951512122,17.442,33.2,0.03392853776930777,1169.64,2601,4.0,1016064,347.5,57.916666666666664,7.0,5.0,0.6000000000000014
87,77.8,4.7,126.3,36.3,75.7,50,0.0,1007,50,34.5,5.2,2.33,2023,9,22,14,4,265,38,-0.4999999999999997,-0.8660254037844388,-1.0,-1.8369701987210297e-16,-0.433883739117558,-0.9009688679024191,3,1,0,28.0,21.0,25.0,15.0,22.0,15.0,26.0,4.358898943541869,29.0,21.0,25.666666666666668,3.2041639575182073,29.0,21.0,23.75,5.344921123662707,30.0,15.0,27.458333333333332,19.873467491731937,109.0,14.0,34.2,33.1,29.5,51.0,61.0,83.0,2.0,2.0,0.66,1008.0,1009.0,1010.0,1725.0,116.5,80.385,0.0,0.798876064020275,16.549670282918527,26.866624122527117,17.25,33.335,0.0342601447267679,1190.25,2500,5.4289000000000005,1014049,349.8,58.300000000000004,1.0,4.0,0.29999999999999716
95,79.2,5.3,123.7,41.3,76.3,37,0.0,1006,49,34.7,3.5,2.66,2023,9,22,15,4,265,38,-0.7071067811865471,-0.7071067811865479,-1.0,-1.8369701987210297e-16,-0.433883739117558,-0.9009688679024191,3,1,0,29.0,28.0,21.0,28.0,30.0,14.0,30.0,2.645751311066431,33.0,28.0,26.5,4.370354676681531,33.0,21.0,24.0,5.720775535473025,33.0,15.0,28.25,19.691644663796275,109.0,15.0,34.5,33.6,31.0,50.0,56.0,74.0,2.33,2.0,1.33,1007.0,1008.0,1010.0,1700.3000000000002,130.34,92.302,0.0,0.7990121304568898,14.940577249575552,23.335219769854746,17.003,33.370000000000005,0.03449300746221923,1204.0900000000001,2401,7.0756000000000006,1012036,358.8,59.800000000000004,4.0,12.0,0.20000000000000284
67,80.5,6.0,121.0,25.0,77.0,25,0.5,1005,48,35.0,1.8,3.0,2023,9,22,16,4,265,38,-0.8660254037844385,-0.5000000000000004,-1.0,-1.8369701987210297e-16,-0.433883739117558,-0.9009688679024191,3,1,0,33.0,29.0,28.0,23.0,25.0,15.0,27.333333333333332,6.658328118480158,33.0,20.0,26.0,4.9799598391946995,33.0,20.0,23.583333333333332,5.822500764406063,33.0,15.0,28.458333333333332,19.571450295434566,109.0,15.0,34.7,34.2,32.5,49.0,51.0,67.0,2.66,2.0,2.0,1006.0,1008.0,1010.0,1680.0,144.0,105.0,12.5,0.7999680012799487,13.414430928178636,20.16330611564739,16.8,33.5,0.03482583599419304,1225.0,2304,9.0,1010025,329.5,54.916666666666664,-13.0,-8.0,0.29999999999999716
76,98.0,9.0,98.7,30.0,69.3,27,0.0,1005,55,33.7,0.8,2.66,2023,9,22,17,4,265,38,-0.9659258262890683,-0.25881904510252063,-1.0,-1.8369701987210297e-16,-0.433883739117558,-0.9009688679024191,3,1,0,20.0,33.0,29.0,25.0,28.0,21.0,25.666666666666668,6.6583281184801795,33.0,20.0,25.833333333333332,5.036533199201486,33.0,20.0,23.25,5.658862719020613,33.0,15.0,28.583333333333332,19.53128297098664,109.0,15.0,35.0,34.5,33.1,48.0,50.0,61.0,3.0,2.33,2.0,1005.0,1007.0,1009.0,1853.5000000000002,146.3,89.64200000000001,0.0,0.7999733342221925,10.88767914676147,10.965448283524054,18.535000000000004,32.370000000000005,0.03353230494298016,1135.6900000000003,3025,7.0756000000000006,1010025,329.0,54.833333333333336,4.0,-5.0,-1.2999999999999972
67,115.6,12.0,76.3,25.0,61.7,29,0.0,1006,65,32.4,0.0,2.33,2023,9,22,18,4,265,38,-1.0,-1.8369701987210297e-16,-1.0,-1.8369701987210297e-16,-0.433883739117558,-0.9009688679024191,3,2,0,24.0,20.0,33.0,21.0,17.0,19.0,21.333333333333332,2.3094010767609303,24.0,20.0,25.666666666666668,5.240865068541523,33.0,20.0,23.5,5.418822414845351,33.0,15.0,28.625,19.511005812773625,109.0,15.0,33.7,34.7,33.6,55.0,49.0,56.0,2.66,2.66,2.0,1005.0,1006.0,1008.0,2106.0,151.45000000000002,75.492,0.0,0.7999680012799487,9.63253062244813,6.357803516373636,21.06,31.235,0.03220672742870037,1049.76,4225,5.4289000000000005,1012036,310.59999999999997,51.76666666666666,-4.0,-13.0,-1.3000000000000043
61,133.1,15.0,54.0,21.3,54.0,31,0.0,1006,75,31.1,0.0,2.0,2023,9,22,19,4,265,38,-0.9659258262890684,0.2588190451025203,-1.0,-1.8369701987210297e-16,-0.433883739117558,-0.9009688679024191,3,2,0,20.0,24.0,20.0,28.0,16.0,19.0,20.333333333333332,3.5118845842858666,24.0,17.0,23.833333333333332,6.112828041639862,33.0,17.0,23.583333333333332,5.299371031860985,33.0,15.0,28.541666666666668,19.55811666639278,109.0,15.0,32.4,35.0,34.2,65.0,48.0,51.0,2.33,3.0,2.0,1006.0,1005.0,1008.0,2332.5,150.0,62.2,0.0,0.7980845969672785,8.872741817212185,3.5997600159989336,23.325,30.1,0.03091448219236363,967.21,5625,4.0,1012036,294.4,49.06666666666666,-3.0,-3.0,-1.2999999999999972
69,137.5,15.0,48.7,26.3,51.0,33,0.0,1007,77,30.5,0.0,1.66,2023,9,22,20,4,265,38,-0.8660254037844386,0.5000000000000001,-1.0,-1.8369701987210297e-16,-0.433883739117558,-0.9009688679024191,3,2,0,17.0,20.0,24.0,29.0,15.0,21.0,19.333333333333332,2.0816659994689064,21.0,17.0,22.5,5.612486080160188,33.0,17.0,24.083333333333332,4.660439568290839,33.0,17.0,28.541666666666668,19.55811666639278,109.0,15.0,31.1,33.7,34.5,75.0,55.0,50.0,2.0,2.66,2.33,1006.0,1005.0,1007.0,2348.5,127.82,50.629999999999995,0.0,0.79844872818524,9.16605559629358,3.2464502366508903,23.485,29.67,0.0302879540338093,930.25,5929,2.7556,1014049,299.5,49.916666666666664,4.0,-3.0,-0.6000000000000014
59,142.0,15.0,43.3,20.0,48.0,35,0.0,1008,80,29.9,0.0,1.33,2023,9,22,21,4,265,38,-0.7071067811865477,0.7071067811865474,-1.0,-1.8369701987210297e-16,-0.433883739117558,-0.9009688679024191,3,2,0,21.0,17.0,20.0,33.0,28.0,17.0,18.0,2.6457513110668156,21.0,16.0,19.666666666666668,2.875181153711601,24.0,16.0,23.083333333333332,5.017393987344081,33.0,16.0,28.5,19.584821096739777,109.0,15.0,30.5,32.4,34.7,77.0,65.0,49.0,1.66,2.33,2.66,1007.0,1006.0,1006.0,2392.0,106.4,39.767,0.0,0.7999600019998999,9.466035597626826,2.8864742350509967,23.92,29.235,0.029662668985447435,894.0099999999999,6400,1.7689000000000001,1016064,284.3,47.38333333333333,-5.0,-4.0,-0.6000000000000014
54,146.5,15.0,38.0,17.5,45.0,37,0.0,1009,82,29.3,0.0,1.0,2023,9,22,22,4,265,38,-0.5000000000000004,0.8660254037844384,-1.0,-1.8369701987210297e-16,-0.433883739117558,-0.9009688679024191,3,3,0,16.0,21.0,17.0,20.0,23.0,17.0,17.0,3.6055512754656456,21.0,14.0,18.666666666666668,3.6696957185382986,24.0,14.0,22.333333333333332,5.662208585048799,33.0,14.0,28.375,19.67079605382821,109.0,14.0,29.9,31.1,35.0,80.0,75.0,48.0,1.33,2.0,3.0,1008.0,1006.0,1005.0,2402.6,82.0,29.3,0.0,0.7999542883263813,9.76601559896007,2.5331644557029533,24.026,28.8,0.02903862335121571,858.49,6724,1.0,1018081,276.0,46.0,-2.0,-3.0,-0.5999999999999979
59,143.0,15.3,35.7,20.0,45.0,0,0.0,1008,84,29.0,0.0,0.66,2023,9,22,23,4,265,38,-0.25881904510252157,0.9659258262890681,-1.0,-1.8369701987210297e-16,-0.433883739117558,-0.9009688679024191,3,3,0,14.0,16.0,21.0,24.0,25.0,42.0,15.333333333333334,1.1547005383845466,16.0,14.0,17.333333333333332,2.6583202716486674,21.0,14.0,21.583333333333332,5.869154087001303,33.0,14.0,27.291666666666668,19.60363579114554,109.0,14.0,29.3,30.5,33.7,82.0,77.0,55.0,1.0,1.66,2.66,1009.0,1007.0,1005.0,2436.0,55.440000000000005,19.14,0.0,0.7999600019998999,9.345794392523365,2.3331808378537353,24.36,28.67,0.028769812728360388,841.0,7056,0.43560000000000004,1016064,275.0,45.833333333333336,2.0,-5.0,-0.3000000000000007
74,139.5,15.7,33.3,28.8,45.0,0,0.0,1008,87,28.7,0.0,0.33,2023,9,23,0,5,266,38,0.0,1.0,-1.0,-1.8369701987210297e-16,-0.9749279121818236,-0.2225209339563146,3,3,1,16.0,14.0,16.0,20.0,21.0,58.0,17.666666666666668,4.725815626253859,23.0,14.0,17.833333333333332,3.430257521915559,23.0,14.0,21.75,5.879471219265913,33.0,14.0,25.833333333333332,18.490107029733817,109.0,14.0,29.0,29.9,32.4,84.0,80.0,65.0,0.66,1.33,2.33,1008.0,1008.0,1006.0,2496.9,28.71,9.471,0.0,0.7985833825214401,8.884784408636394,2.1208840201261068,24.969,28.535,0.02847219397599804,823.6899999999999,7569,0.10890000000000001,1016064,285.3,47.550000000000004,7.0,7.0,-0.3000000000000007
104,136.0,16.0,31.0,46.3,45.0,0,0.0,1008,89,28.4,0.0,1.6,2023,9,23,1,5,266,38,0.25881904510252074,0.9659258262890683,-1.0,-1.8369701987210297e-16,-0.9749279121818236,-0.2225209339563146,3,3,1,23.0,16.0,14.0,17.0,28.0,109.0,25.333333333333332,10.692676621564118,37.0,16.0,21.166666666666668,8.47152091815032,37.0,14.0,22.5,7.179516316956788,37.0,14.0,22.833333333333332,6.098229726494153,37.0,14.0,28.7,29.3,31.1,87.0,82.0,75.0,0.33,1.0,2.0,1008.0,1009.0,1006.0,2527.6,142.4,45.44,0.0,0.799118809528952,8.49946878320105,1.9373789138178863,25.276,27.599999999999998,0.02817457522363569,806.56,7921,2.5600000000000005,1016064,311.3,51.88333333333333,14.0,23.0,-0.3000000000000007
91,138.7,17.0,29.0,38.8,48.3,0,0.0,1008,90,28.3,0.0,1.6,2023,9,23,2,5,266,38,0.49999999999999994,0.8660254037844387,-1.0,-1.8369701987210297e-16,-0.9749279121818236,-0.2225209339563146,3,3,1,37.0,23.0,16.0,21.0,29.0,22.0,30.333333333333332,7.023769168569181,37.0,23.0,22.833333333333332,9.368386556214391,37.0,14.0,22.666666666666668,7.364945637438095,37.0,14.0,23.208333333333332,6.317533686815901,37.0,14.0,28.4,29.0,30.5,89.0,84.0,77.0,1.6,0.66,1.66,1008.0,1008.0,1007.0,2547.0,144.0,45.28,0.0,0.7989484807092602,8.158343626845479,1.705782012822775,25.47,27.5,0.028075368972848243,800.89,8100,2.5600000000000005,1016064,302.8,50.46666666666667,-6.0,15.0,-0.09999999999999787
87,141.4,18.0,27.0,36.3,51.7,0,0.0,1008,91,28.1,0.0,2.0,2023,9,23,3,5,266,38,0.7071067811865476,0.7071067811865476,-1.0,-1.8369701987210297e-16,-0.9749279121818236,-0.2225209339563146,3,3,1,31.0,37.0,23.0,16.0,33.0,30.0,32.333333333333336,4.163331998933388,37.0,29.0,25.0,8.966604708583514,37.0,14.0,22.333333333333332,6.932575716182284,37.0,14.0,23.166666666666668,6.273939658665472,37.0,14.0,28.3,28.7,29.9,90.0,87.0,80.0,1.6,0.33,1.33,1008.0,1008.0,1008.0,2557.1,182.0,56.2,0.0,0.798876064020275,7.855119160046664,1.499916671296039,25.570999999999998,27.1,0.027876956471273345,789.6100000000001,8281,4.0,1016064,303.4,50.56666666666666,-2.0,6.0,-0.1999999999999993
100,144.1,19.0,25.0,43.8,55.0,50,0.0,1008,92,28.0,0.0,2.0,2023,9,23,4,5,266,38,0.8660254037844386,0.5000000000000001,-1.0,-1.8369701987210297e-16,-0.9749279121818236,-0.2225209339563146,3,3,1,29.0,31.0,37.0,14.0,20.0,25.0,31.666666666666668,3.0550504633054434,35.0,29.0,28.5,7.8421935706785675,37.0,16.0,23.583333333333332,7.774764928727022,37.0,14.0,23.583333333333332,6.7173795788084725,37.0,14.0,28.1,28.4,29.3,91.0,89.0,82.0,2.0,1.6,1.0,1008.0,1008.0,1009.0,2576.0,184.0,56.0,0.0,0.7990685144174792,7.583811378348507,1.3157202252513025,25.76,27.0,0.027777750220485894,784.0,8464,4.0,1016064,321.9,53.65,6.0,-2.0,-0.10000000000000142
82,158.0,19.0,28.0,33.8,60.3,52,0.0,1009,91,28.1,0.0,0.33,2023,9,23,5,5,266,38,0.9659258262890683,0.25881904510252074,-1.0,-1.8369701987210297e-16,-0.9749279121818236,-0.2225209339563146,3,3,1,35.0,29.0,31.0,16.0,24.0,28.0,30.333333333333332,4.16333199893343,35.0,27.0,30.333333333333332,5.163977794942485,37.0,23.0,23.833333333333332,7.837361955673373,37.0,14.0,23.541666666666668,6.691845567662574,37.0,14.0,28.0,28.3,29.0,92.0,90.0,84.0,2.0,1.6,0.66,1008.0,1008.0,1008.0,2557.1,30.03,9.273000000000001,0.0,0.7987929351202628,8.315351823588232,1.4736066522814588,25.570999999999998,27.935000000000002,0.027849328196899708,789.6100000000001,8281,0.10890000000000001,1018081,326.1,54.35,-8.0,-4.0,0.10000000000000142
67,171.8,19.0,31.0,25.0,65.7,54,0.0,1009,91,28.1,1.9,0.66,2023,9,23,6,5,266,38,1.0,6.123233995736766e-17,-1.0,-1.8369701987210297e-16,-0.9749279121818236,-0.2225209339563146,3,0,1,27.0,35.0,29.0,23.0,20.0,17.0,27.333333333333332,7.505553499465814,35.0,20.0,29.833333333333332,6.080021929784382,37.0,20.0,23.833333333333332,7.837361955673373,37.0,14.0,23.666666666666668,6.591606432601606,37.0,14.0,28.1,28.1,28.7,91.0,91.0,87.0,0.33,2.0,0.33,1009.0,1008.0,1008.0,2557.1,60.06,18.546000000000003,0.0,0.7999680012799487,9.041629387926951,1.6314930793116151,25.570999999999998,27.770000000000003,0.027849328196899708,789.6100000000001,8281,0.43560000000000004,1018081,332.5,55.416666666666664,-7.0,-9.0,0.0
61,185.6,19.0,34.0,21.3,71.0,56,0.0,1009,90,28.2,2.2,1.0,2023,9,23,7,5,266,38,0.9659258262890683,-0.25881904510252063,-1.0,-1.8369701987210297e-16,-0.9749279121818236,-0.2225209339563146,3,0,1,20.0,27.0,35.0,37.0,17.0,16.0,21.333333333333332,5.1316014394479765,27.0,17.0,26.5,6.80441033448102,35.0,17.0,23.833333333333332,7.837361955673373,37.0,14.0,23.708333333333332,6.544025929220857,37.0,14.0,28.1,28.0,28.4,91.0,92.0,89.0,0.66,2.0,1.6,1009.0,1008.0,1008.0,2538.0,90.0,28.2,0.0,0.7980845969672785,9.767906952265669,1.7893795063417715,25.38,27.7,0.02794843612642604,795.24,8100,1.0,1018081,347.9,57.98333333333333,-3.0,-18.0,0.09999999999999787
63,150.4,15.7,53.0,22.5,85.3,58,0.0,1009,81,29.5,3.1,0.66,2023,9,23,8,5,266,38,0.8660254037844387,-0.4999999999999998,-1.0,-1.8369701987210297e-16,-0.9749279121818236,-0.2225209339563146,3,0,1,17.0,20.0,27.0,31.0,21.0,15.0,18.333333333333332,1.5275252316557806,20.0,17.0,24.333333333333332,7.146094504458963,35.0,17.0,23.583333333333332,7.982461836406796,37.0,14.0,23.833333333333332,6.397463265379505,37.0,14.0,28.2,28.1,28.3,90.0,91.0,90.0,1.0,0.33,1.6,1009.0,1009.0,1008.0,2389.5,53.46,19.470000000000002,0.0,0.7999644460246211,9.57900770651551,3.3755811731736833,23.895,29.17,0.029236839210268376,870.25,6561,0.43560000000000004,1018081,344.90000000000003,57.48333333333334,1.0,-9.0,1.3000000000000007
54,115.2,12.3,72.0,17.5,99.7,60,0.0,1010,72,30.7,5.1,0.33,2023,9,23,9,5,266,38,0.7071067811865476,-0.7071067811865475,-1.0,-1.8369701987210297e-16,-0.9749279121818236,-0.2225209339563146,3,0,1,18.0,17.0,20.0,29.0,16.0,28.0,16.333333333333332,2.081665999469027,18.0,14.0,21.833333333333332,7.782458908767742,35.0,14.0,23.416666666666668,8.173775508331513,37.0,14.0,23.25,6.634888026970051,37.0,14.0,29.5,28.1,28.1,81.0,91.0,91.0,0.66,0.66,2.0,1009.0,1009.0,1008.0,2210.4,23.76,10.131,0.0,0.7999542883263813,9.365092268921225,5.853182668075766,22.104,30.535,0.030396009508901475,942.49,5184,0.10890000000000001,1020100,330.7,55.11666666666667,-4.0,-6.0,1.1999999999999993
74,80.0,9.0,91.0,28.8,114.0,62,0.0,1010,65,32.0,7.6,1.6,2023,9,23,10,5,266,38,0.49999999999999994,-0.8660254037844387,-1.0,-1.8369701987210297e-16,-0.9749279121818236,-0.2225209339563146,3,0,1,14.0,18.0,17.0,35.0,14.0,23.0,18.333333333333332,4.509249752824194,23.0,14.0,19.833333333333332,4.622409184252108,27.0,14.0,24.166666666666668,7.6257140748594185,37.0,14.0,23.25,6.634888026970051,37.0,14.0,30.7,28.2,28.0,72.0,90.0,92.0,0.33,1.0,2.0,1010.0,1009.0,1008.0,2080.0,104.0,51.2,0.0,0.7985833825214401,8.887901344295079,10.109987779135652,20.8,31.2,0.03168313694738916,1024.0,4225,2.5600000000000005,1020100,345.8,57.63333333333333,9.0,6.0,1.3000000000000007
65,80.1,8.0,106.3,23.8,115.0,58,0.0,1009,60,32.7,8.7,0.66,2023,9,23,11,5,266,38,0.258819045102521,-0.9659258262890682,-1.0,-1.8369701987210297e-16,-0.9749279121818236,-0.2225209339563146,3,0,1,23.0,14.0,18.0,27.0,16.0,25.0,18.666666666666668,4.5092497528241875,23.0,14.0,18.5,3.0166206257982564,23.0,14.0,24.416666666666668,7.378818990662634,37.0,14.0,23.0,6.678974146691205,37.0,14.0,32.0,29.5,28.1,65.0,81.0,91.0,1.6,0.66,0.33,1010.0,1009.0,1009.0,1962.0000000000002,39.6,21.582000000000004,0.0,0.7982857863114995,10.011248593925758,13.28583927009124,19.62,32.370000000000005,0.03240829295511105,1069.2900000000002,3600,0.43560000000000004,1018081,352.2,58.699999999999996,-4.0,1.0,0.7000000000000028
74,80.3,7.0,121.7,28.8,116.0,54,0.0,1008,56,33.3,9.4,1.33,2023,9,23,12,5,266,38,1.2246467991473532e-16,-1.0,-1.0,-1.8369701987210297e-16,-0.9749279121818236,-0.2225209339563146,3,1,1,19.0,23.0,14.0,20.0,23.0,21.0,21.666666666666668,2.3094010767609148,23.0,19.0,19.0,3.521363372330596,23.0,14.0,24.416666666666668,7.378818990662634,37.0,14.0,23.083333333333332,6.665398430092511,37.0,14.0,32.7,30.7,28.1,60.0,72.0,91.0,0.66,0.33,0.66,1009.0,1010.0,1009.0,1864.7999999999997,74.48,44.289,0.0,0.7985833825214401,11.469790029995714,17.383230967004714,18.647999999999996,32.635,0.03303568151222072,1108.8899999999999,3136,1.7689000000000001,1016064,376.8,62.800000000000004,4.0,9.0,0.5999999999999943
76,80.5,6.0,137.0,30.0,117.0,50,0.0,1007,52,34.0,8.6,2.0,2023,9,23,13,5,266,38,-0.2588190451025208,-0.9659258262890683,-1.0,-1.8369701987210297e-16,-0.9749279121818236,-0.2225209339563146,3,1,1,23.0,19.0,23.0,17.0,37.0,28.0,22.0,2.6457513110666855,24.0,19.0,20.166666666666668,3.8686776379866905,24.0,14.0,23.333333333333332,6.227991553291706,35.0,14.0,22.916666666666668,6.586657572017089,37.0,14.0,33.3,32.0,28.2,56.0,65.0,90.0,1.33,1.6,1.0,1008.0,1010.0,1009.0,1768.0,104.0,68.0,0.0,0.7999733342221925,13.414430928178636,22.829528411931342,17.68,33.0,0.033763620890148074,1156.0,2704,4.0,1014049,394.5,65.75,1.0,1.0,0.7000000000000028
126,85.2,6.3,137.0,56.3,111.3,50,0.0,1007,52,34.1,6.4,2.0,2023,9,23,14,5,266,38,-0.4999999999999997,-0.8660254037844388,-1.0,-1.8369701987210297e-16,-0.9749279121818236,-0.2225209339563146,3,1,1,24.0,23.0,19.0,18.0,31.0,29.0,30.666666666666668,12.423096769056535,45.0,23.0,24.666666666666668,10.63328108660063,45.0,14.0,24.5,8.639233972775449,45.0,14.0,23.583333333333332,7.906610699510831,45.0,14.0,34.0,32.7,29.5,52.0,60.0,81.0,2.0,0.66,0.66,1007.0,1009.0,1009.0,1773.2,104.0,68.2,0.0,0.7992753237065062,13.521663228059039,21.742580542770988,17.732,33.1,0.03386292565747204,1162.8100000000002,2704,4.0,1014049,441.1,73.51666666666667,21.0,26.0,0.10000000000000142
102,89.9,6.7,137.0,45.0,105.7,50,0.0,1006,52,34.2,4.2,2.0,2023,9,23,15,5,266,38,-0.7071067811865471,-0.7071067811865479,-1.0,-1.8369701987210297e-16,-0.9749279121818236,-0.2225209339563146,3,1,1,45.0,24.0,23.0,14.0,29.0,33.0,35.0,10.535653752853158,45.0,24.0,28.333333333333332,9.99333110962801,45.0,19.0,25.083333333333332,9.189503234504214,45.0,14.0,23.708333333333332,8.08368817389375,45.0,14.0,34.1,33.3,30.7,52.0,56.0,72.0,2.0,1.33,0.33,1007.0,1008.0,1010.0,1778.4,104.0,68.4,0.0,0.7999822226172753,13.415908073421877,20.444709744814205,17.784000000000002,33.2,0.03399599006362817,1169.64,2704,4.0,1012036,420.3,70.05,-9.0,13.0,0.10000000000000142
72,94.5,7.0,137.0,27.5,100.0,50,0.0,1005,53,34.3,2.2,2.0,2023,9,23,16,5,266,38,-0.8660254037844385,-0.5000000000000004,-1.0,-1.8369701987210297e-16,-0.9749279121818236,-0.2225209339563146,3,1,1,36.0,45.0,24.0,23.0,35.0,20.0,34.333333333333336,11.59022576714286,45.0,22.0,28.166666666666668,10.107752800037156,45.0,19.0,24.0,8.665501087121449,45.0,14.0,23.791666666666668,8.054052000278153,45.0,14.0,34.2,34.0,32.0,52.0,52.0,65.0,2.0,2.0,1.6,1006.0,1007.0,1010.0,1817.8999999999999,106.0,68.6,0.0,0.7999709101487218,13.498071704042278,19.56863305242108,18.179,33.3,0.03412931927430918,1176.4899999999998,2809,4.0,1010025,388.0,64.66666666666667,-14.0,-2.0,0.09999999999999432
61,108.2,9.7,120.7,21.3,91.3,50,0.0,1006,59,32.9,0.9,1.66,2023,9,23,17,5,266,38,-0.9659258262890683,-0.25881904510252063,-1.0,-1.8369701987210297e-16,-0.9749279121818236,-0.2225209339563146,3,1,1,22.0,36.0,45.0,19.0,27.0,24.0,25.0,9.848857801796644,36.0,17.0,27.833333333333332,10.496030995888825,45.0,17.0,23.166666666666668,8.830045128406256,45.0,14.0,23.5,8.172062695283739,45.0,14.0,34.3,34.1,32.7,53.0,52.0,60.0,2.0,2.0,0.66,1005.0,1007.0,1009.0,1941.1,97.94,54.614,0.0,0.7980845969672785,11.153489330996806,12.442016286980726,19.410999999999998,32.07,0.03270374482729142,1082.4099999999999,3481,2.7556,1012036,368.20000000000005,61.366666666666674,-5.0,-28.0,-1.3999999999999986
80,121.8,12.3,104.3,32.5,82.7,50,0.0,1007,67,31.6,0.0,1.33,2023,9,23,18,5,266,38,-1.0,-1.8369701987210297e-16,-1.0,-1.8369701987210297e-16,-0.9749279121818236,-0.2225209339563146,3,2,1,17.0,22.0,36.0,23.0,20.0,20.0,21.666666666666668,4.50924975282414,26.0,17.0,28.333333333333332,10.28915286438388,45.0,17.0,23.666666666666668,8.80426893700695,45.0,14.0,23.75,8.152086956057726,45.0,14.0,32.9,34.2,33.3,59.0,52.0,56.0,1.66,2.0,1.33,1006.0,1006.0,1008.0,2117.2000000000003,89.11,42.028000000000006,0.0,0.7999753853727578,9.901634013494837,8.478985448337534,21.172000000000004,30.935000000000002,0.03138030647437292,998.5600000000001,4489,1.7689000000000001,1014049,379.59999999999997,63.26666666666666,9.0,-10.0,-1.2999999999999972
63,135.4,15.0,88.0,22.5,74.0,50,0.0,1007,75,30.2,0.0,1.0,2023,9,23,19,5,266,38,-0.9659258262890684,0.2588190451025203,-1.0,-1.8369701987210297e-16,-0.9749279121818236,-0.2225209339563146,3,2,1,26.0,17.0,22.0,24.0,17.0,17.0,20.333333333333332,4.9328828623174115,26.0,17.0,27.333333333333332,11.057425860780569,45.0,17.0,23.75,8.739929269528307,45.0,14.0,23.791666666666668,8.11857326653237,45.0,14.0,31.6,34.3,34.0,67.0,53.0,52.0,1.33,2.0,2.0,1007.0,1005.0,1007.0,2265.0,75.0,30.2,0.0,0.7999644460246211,9.026064929004734,5.8662755816278915,22.65,29.7,0.029990039731837406,912.04,5625,1.0,1014049,352.9,58.81666666666666,-8.0,-4.0,-1.4000000000000021
72,143.8,15.0,80.3,27.5,69.3,50,0.0,1008,77,29.6,0.0,1.33,2023,9,23,20,5,266,38,-0.8660254037844386,0.5000000000000001,-1.0,-1.8369701987210297e-16,-0.9749279121818236,-0.2225209339563146,3,2,1,18.0,26.0,17.0,45.0,18.0,21.0,22.0,4.000000000001396,26.0,18.0,23.5,6.920982589198723,36.0,17.0,24.083333333333332,8.575422950961235,45.0,14.0,23.833333333333332,8.10617942853058,45.0,14.0,30.2,32.9,34.1,75.0,59.0,52.0,1.0,1.66,2.0,1007.0,1006.0,1007.0,2279.2000000000003,102.41000000000001,39.368,0.0,0.7999709101487218,9.586027598160124,5.352976468235451,22.792,28.935000000000002,0.02936505023308509,876.1600000000001,5929,1.7689000000000001,1016064,357.90000000000003,59.650000000000006,4.0,5.0,-0.5999999999999979
67,152.1,15.0,72.7,25.0,64.7,50,0.0,1008,79,29.1,0.0,1.66,2023,9,23,21,5,266,38,-0.7071067811865477,0.7071067811865474,-1.0,-1.8369701987210297e-16,-0.9749279121818236,-0.2225209339563146,3,2,1,22.0,18.0,26.0,36.0,14.0,16.0,20.0,2.000000000002885,22.0,18.0,20.833333333333332,3.250640962434679,26.0,17.0,24.583333333333332,8.095546849217326,45.0,17.0,24.0,7.9782312521660925,45.0,14.0,29.6,31.6,34.2,77.0,67.0,52.0,1.33,1.33,2.0,1008.0,1007.0,1006.0,2298.9,131.14,48.306,0.0,0.7999680012799487,10.139324045063663,4.846343577094861,22.989,28.270000000000003,0.02886901897914784,846.8100000000001,6241,2.7556,1016064,349.5,58.25,-2.0,-6.0,-0.5
72,160.5,15.0,65.0,27.5,60.0,50,0.0,1009,80,28.5,0.0,2.0,2023,9,23,22,5,266,38,-0.5000000000000004,0.8660254037844384,-1.0,-1.8369701987210297e-16,-0.9749279121818236,-0.2225209339563146,3,3,1,20.0,22.0,18.0,22.0,23.0,14.0,21.333333333333332,1.154700538384142,22.0,20.0,20.833333333333332,3.250640962434679,26.0,17.0,24.5,8.118441408859507,45.0,17.0,24.333333333333332,7.7046945974889995,45.0,14.0,29.1,30.2,34.3,79.0,75.0,53.0,1.66,1.0,2.0,1008.0,1007.0,1005.0,2280.0,160.0,57.0,0.0,0.7999709101487218,10.699286714219053,4.33304446370242,22.8,27.5,0.02824575991500504,812.25,6400,4.0,1018081,350.0,58.333333333333336,2.0,4.0,-0.6000000000000014
67,152.1,15.0,61.7,25.0,56.0,0,0.0,1009,83,28.2,0.0,1.66,2023,9,23,23,5,266,38,-0.25881904510252157,0.9659258262890681,-1.0,-1.8369701987210297e-16,-0.9749279121818236,-0.2225209339563146,3,3,1,22.0,20.0,22.0,17.0,19.0,16.0,20.666666666666668,1.1547005383841957,22.0,20.0,21.333333333333332,2.7325202042543624,26.0,18.0,24.583333333333332,8.061787906067613,45.0,17.0,24.5,7.55846775362608,45.0,14.0,28.5,29.6,32.9,80.0,77.0,59.0,2.0,1.33,1.66,1009.0,1008.0,1006.0,2340.6,137.78,46.812,0.0,0.7999680012799487,10.139324045063663,4.113059129391374,23.406,27.37,0.02794843612642604,795.24,6889,2.7556,1018081,329.8,54.96666666666667,-2.0,-2.0,-0.3000000000000007
74,143.8,15.0,58.3,28.8,52.0,0,0.0,1008,86,27.8,0.0,1.33,2023,9,24,0,6,267,38,0.0,1.0,-1.0,-1.8369701987210297e-16,-0.7818314824680299,0.6234898018587334,3,3,1,20.0,22.0,20.0,26.0,23.0,23.0,21.666666666666668,1.5275252316556236,23.0,20.0,20.833333333333332,1.8348478592674258,23.0,18.0,24.583333333333332,8.061787906067613,45.0,17.0,24.5,7.55846775362608,45.0,14.0,28.2,29.1,31.6,83.0,79.0,67.0,1.66,1.66,1.33,1009.0,1008.0,1007.0,2390.8,114.38000000000001,36.974000000000004,0.0,0.7985833825214401,9.586027598160124,3.886407572828478,23.908,27.135,0.027579337718910996,772.84,7396,1.7689000000000001,1016064,320.90000000000003,53.48333333333334,3.0,3.0,-0.3999999999999986
74,135.4,15.0,55.0,28.8,48.0,0,0.0,1008,88,27.5,0.0,1.0,2023,9,24,1,6,267,38,0.25881904510252074,0.9659258262890683,-1.0,-1.8369701987210297e-16,-0.7818314824680299,0.6234898018587334,3,3,1,23.0,20.0,22.0,18.0,24.0,37.0,22.0,1.7320508075721026,23.0,20.0,21.666666666666668,1.366260102124897,23.0,20.0,24.5,8.073525759035638,45.0,17.0,23.916666666666668,7.076701925680051,45.0,14.0,27.8,28.5,30.2,86.0,80.0,75.0,1.33,2.0,1.0,1008.0,1009.0,1007.0,2420.0,88.0,27.5,0.0,0.7985833825214401,9.026064929004734,3.6664222385174323,24.2,27.0,0.027281718966548647,756.25,7744,1.0,1016064,305.20000000000005,50.866666666666674,0.0,1.0,-0.3000000000000007
91,131.3,15.3,51.0,38.8,48.7,0,0.0,1008,89,27.3,0.0,0.66,2023,9,24,2,6,267,38,0.49999999999999994,0.8660254037844387,-1.0,-1.8369701987210297e-16,-0.7818314824680299,0.6234898018587334,3,3,1,23.0,23.0,20.0,22.0,45.0,31.0,25.666666666666668,4.618802153518143,31.0,23.0,23.166666666666668,4.070217029429569,31.0,20.0,23.333333333333332,5.416025603090089,36.0,17.0,23.916666666666668,7.07670192568005,45.0,14.0,27.5,28.2,29.6,88.0,83.0,77.0,1.0,1.66,1.33,1008.0,1009.0,1008.0,2429.7000000000003,58.74,18.018,0.0,0.7989484807092602,8.581138487680544,3.333115482648193,24.297000000000004,26.970000000000002,0.027083306464973745,745.2900000000001,7921,0.43560000000000004,1016064,316.1,52.68333333333334,8.0,11.0,-0.1999999999999993
157,127.2,15.7,47.0,76.3,49.3,0,0.0,1007,90,27.2,0.0,0.33,2023,9,24,3,6,267,38,0.7071067811865476,0.7071067811865476,-1.0,-1.8369701987210297e-16,-0.7818314824680299,0.6234898018587334,3,3,1,31.0,23.0,23.0,20.0,36.0,29.0,38.333333333333336,20.03330560175583,61.0,23.0,30.0,15.646085772486114,61.0,20.0,25.416666666666668,11.789504834488081,61.0,17.0,25.25,10.338825095136446,61.0,14.0,27.3,27.8,29.1,89.0,86.0,79.0,0.66,1.33,1.66,1008.0,1008.0,1008.0,2448.0,29.700000000000003,8.976,0.0,0.7994652756844602,8.10139481561684,2.9934399082860965,24.48,27.035,0.027010896712118457,739.8399999999999,8100,0.10890000000000001,1014049,376.5,62.75,30.0,38.0,-0.10000000000000142
80,123.1,16.0,43.0,32.5,50.0,50,0.0,1007,91,27.0,0.0,1.2,2023,9,24,4,6,267,38,0.8660254037844386,0.5000000000000001,-1.0,-1.8369701987210297e-16,-0.7818314824680299,0.6234898018587334,3,3,1,61.0,31.0,23.0,22.0,22.0,35.0,39.333333333333336,18.92969448600112,61.0,26.0,30.666666666666668,15.318833724101165,61.0,20.0,25.75,11.740566813016423,61.0,17.0,24.875,10.130936263012131,61.0,14.0,27.2,27.5,28.5,90.0,88.0,80.0,0.33,1.0,2.0,1007.0,1008.0,1009.0,2457.0,109.2,32.4,0.0,0.7999753853727578,7.693269170676832,2.6873320417473905,24.57,26.4,0.02681228717747053,729.0,8281,1.44,1014049,290.6,48.43333333333334,-35.0,3.0,-0.1999999999999993
69,135.8,17.0,42.0,26.3,56.0,50,0.0,1008,90,27.2,0.0,0.66,2023,9,24,5,6,267,38,0.9659258262890683,0.25881904510252074,-1.0,-1.8369701987210297e-16,-0.7818314824680299,0.6234898018587334,3,3,1,26.0,61.0,31.0,20.0,17.0,27.0,36.0,21.794494717703564,61.0,21.0,30.833333333333332,15.184421841698788,61.0,21.0,26.083333333333332,11.524348400694919,61.0,18.0,24.625,10.150230239410343,61.0,14.0,27.0,27.3,28.2,91.0,89.0,83.0,1.2,0.66,1.66,1007.0,1008.0,1009.0,2448.0,59.400000000000006,17.952,0.0,0.79844872818524,7.987765425563202,2.4704429151226397,24.48,26.87,0.026984100214186294,739.8399999999999,8100,0.43560000000000004,1016064,298.1,49.68333333333334,-5.0,-10.0,0.1999999999999993
72,148.4,18.0,41.0,27.5,62.0,50,0.0,1008,89,27.5,1.5,1.33,2023,9,24,6,6,267,38,1.0,6.123233995736766e-17,-1.0,-1.8369701987210297e-16,-0.7818314824680299,0.6234898018587334,3,0,1,21.0,26.0,61.0,23.0,26.0,20.0,23.0,2.6457513110666153,26.0,21.0,30.666666666666668,15.292699783447631,61.0,21.0,25.75,11.584668551777344,61.0,18.0,24.708333333333332,10.118769329993638,61.0,14.0,27.2,27.2,27.8,90.0,90.0,86.0,0.66,0.33,1.33,1008.0,1007.0,1008.0,2447.5,118.37,36.575,0.0,0.7999709101487218,8.24398644519749,2.277651241597689,24.475,26.835,0.027281718966548647,756.25,7921,1.7689000000000001,1016064,318.9,53.15,1.0,-39.0,0.3000000000000007
74,161.1,19.0,40.0,28.8,68.0,50,0.0,1009,87,27.7,1.6,2.0,2023,9,24,7,6,267,38,0.9659258262890683,-0.25881904510252063,-1.0,-1.8369701987210297e-16,-0.7818314824680299,0.6234898018587334,3,0,1,22.0,21.0,26.0,23.0,18.0,17.0,22.0,1.0000000000054428,23.0,21.0,30.666666666666668,15.292699783447631,61.0,21.0,26.166666666666668,11.368483814582211,61.0,20.0,24.958333333333332,9.9933854935745,61.0,14.0,27.5,27.0,27.5,89.0,91.0,88.0,1.33,1.2,1.0,1008.0,1007.0,1008.0,2409.9,174.0,55.4,0.0,0.7985833825214401,8.478501131519392,2.105152360402084,24.099,26.7,0.027452896478794373,767.29,7569,4.0,1018081,339.9,56.65,1.0,-3.0,0.1999999999999993
89,134.8,16.0,59.3,37.5,94.7,50,0.0,1009,79,29.1,2.9,2.0,2023,9,24,8,6,267,38,0.8660254037844387,-0.4999999999999998,-1.0,-1.8369701987210297e-16,-0.7818314824680299,0.6234898018587334,3,0,1,23.0,22.0,21.0,31.0,22.0,18.0,25.0,4.358898943541863,30.0,22.0,30.5,15.293789589241527,61.0,21.0,26.833333333333332,11.33645233373937,61.0,20.0,25.458333333333332,9.93009990171137,61.0,14.0,27.7,27.2,27.3,87.0,90.0,89.0,2.0,0.66,0.66,1009.0,1008.0,1008.0,2298.9,158.0,58.2,0.0,0.7999786672355405,8.424473470408099,3.706018373851634,22.989,28.1,0.02884040749216304,846.8100000000001,6241,4.0,1018081,372.3,62.050000000000004,7.0,9.0,1.4000000000000021
74,108.5,13.0,78.7,28.8,121.3,50,0.0,1009,71,30.6,5.0,2.0,2023,9,24,9,6,267,38,0.7071067811865476,-0.7071067811865475,-1.0,-1.8369701987210297e-16,-0.7818314824680299,0.6234898018587334,3,0,1,30.0,23.0,22.0,61.0,20.0,14.0,25.333333333333332,4.041451884328657,30.0,23.0,24.166666666666668,3.311595788537394,30.0,21.0,27.083333333333332,11.204368736696953,61.0,20.0,25.833333333333332,9.644402145992286,61.0,17.0,29.1,27.5,27.2,79.0,89.0,90.0,2.0,1.33,0.33,1009.0,1008.0,1007.0,2172.6,142.0,61.2,0.0,0.7985833825214401,8.345511883701255,6.0533805091916015,21.726,29.6,0.030327026435058045,936.3600000000001,5041,4.0,1018081,373.3,62.21666666666667,-7.0,1.0,1.5
67,82.3,10.0,98.0,25.0,148.0,50,0.0,1010,65,32.0,7.0,2.0,2023,9,24,10,6,267,38,0.49999999999999994,-0.8660254037844387,-1.0,-1.8369701987210297e-16,-0.7818314824680299,0.6234898018587334,3,0,1,23.0,30.0,23.0,26.0,22.0,23.0,24.333333333333332,5.1316014394479055,30.0,20.0,23.166666666666668,3.5449494589709616,30.0,20.0,26.916666666666668,11.301313948815434,61.0,20.0,25.708333333333332,9.701990681731411,61.0,17.0,30.6,27.7,27.0,71.0,87.0,91.0,2.0,2.0,1.2,1009.0,1009.0,1007.0,2080.0,130.0,64.0,0.0,0.7999680012799487,8.229177082291772,9.799020097990201,20.8,31.0,0.03168313694738916,1024.0,4225,4.0,1020100,383.3,63.88333333333333,-3.0,-3.0,1.3999999999999986
59,82.7,8.3,119.0,20.0,147.7,54,0.0,1009,60,32.5,8.4,1.66,2023,9,24,11,6,267,38,0.258819045102521,-0.9659258262890682,-1.0,-1.8369701987210297e-16,-0.7818314824680299,0.6234898018587334,3,0,1,20.0,23.0,30.0,21.0,20.0,19.0,19.666666666666668,3.511884584285852,23.0,16.0,22.333333333333332,4.589843860814706,30.0,16.0,26.583333333333332,11.579435795120878,61.0,16.0,25.583333333333332,9.810893088215927,61.0,16.0,32.0,29.1,27.2,65.0,79.0,90.0,2.0,2.0,0.66,1010.0,1009.0,1008.0,1950.0,99.6,53.949999999999996,0.0,0.7999600019998999,9.962655101794965,14.33562221419106,19.5,31.67,0.03221007709605838,1056.25,3600,2.7556,1018081,393.7,65.61666666666666,-4.0,-14.0,0.5
76,83.1,6.7,140.0,30.0,147.3,58,0.0,1008,56,33.1,7.3,1.33,2023,9,24,12,6,267,38,1.2246467991473532e-16,-1.0,-1.0,-1.8369701987210297e-16,-0.7818314824680299,0.6234898018587334,3,1,1,16.0,20.0,23.0,22.0,23.0,23.0,20.0,4.000000000001402,24.0,16.0,22.666666666666668,4.633213427704197,30.0,16.0,26.666666666666668,11.554875659873838,61.0,16.0,25.625,9.801563761661214,61.0,16.0,32.5,30.6,27.5,60.0,71.0,89.0,1.66,2.0,1.33,1009.0,1009.0,1008.0,1853.6000000000001,74.48,44.023,0.0,0.7999733342221925,12.401134159080732,20.89240411878824,18.536,32.435,0.03283726901064583,1095.6100000000001,3136,1.7689000000000001,1016064,431.1,71.85000000000001,8.0,1.0,0.6000000000000014
100,83.5,5.0,161.0,36.3,147.0,62,0.0,1007,52,33.6,5.1,1.0,2023,9,24,13,6,267,38,-0.2588190451025208,-0.9659258262890683,-1.0,-1.8369701987210297e-16,-0.7818314824680299,0.6234898018587334,3,1,1,24.0,16.0,20.0,23.0,23.0,24.0,23.0,6.5574385243028175,29.0,16.0,23.666666666666668,5.316640543299741,30.0,16.0,27.166666666666668,11.511522554169138,61.0,16.0,25.833333333333332,9.81864538016557,61.0,16.0,33.1,32.0,27.7,56.0,65.0,87.0,1.33,2.0,2.0,1008.0,1010.0,1009.0,1747.2,52.0,33.6,0.0,0.798876064020275,16.696660667866425,32.19356128774245,17.472,33.1,0.033366401820852216,1128.96,2704,1.0,1014049,461.8,76.96666666666667,5.0,9.0,0.5
107,88.7,6.3,153.0,47.5,133.0,66,0.0,1007,56,32.7,3.7,0.66,2023,9,24,14,6,267,38,-0.4999999999999997,-0.8660254037844388,-1.0,-1.8369701987210297e-16,-0.7818314824680299,0.6234898018587334,3,1,1,29.0,24.0,16.0,30.0,31.0,45.0,30.333333333333332,7.0945988845982555,38.0,24.0,25.0,7.694153624668019,38.0,16.0,27.75,11.894421916481098,61.0,16.0,25.541666666666668,9.315621133421354,61.0,16.0,33.6,32.5,29.1,52.0,60.0,79.0,1.0,1.66,2.0,1007.0,1009.0,1009.0,1831.2000000000003,36.96,21.582000000000004,0.0,0.7999831582493001,14.077130614188224,24.281860022218694,18.312,32.370000000000005,0.03247265891493653,1069.2900000000002,3136,0.43560000000000004,1014049,466.5,77.75,9.0,22.0,-0.8999999999999986
104,94.0,7.7,145.0,46.3,119.0,70,0.5,1006,62,31.7,1.6,0.33,2023,9,24,15,6,267,38,-0.7071067811865471,-0.7071067811865479,-1.0,-1.8369701987210297e-16,-0.7818314824680299,0.6234898018587334,3,1,1,38.0,29.0,24.0,23.0,61.0,36.0,34.666666666666664,4.9328828623171335,38.0,29.0,27.333333333333332,8.981462390204552,38.0,16.0,25.75,6.6623091819846625,38.0,16.0,25.583333333333332,9.36652999023482,61.0,16.0,32.7,33.1,30.6,56.0,56.0,71.0,0.66,1.33,2.0,1007.0,1008.0,1009.0,1965.3999999999999,20.46,10.461,35.0,0.799118809528952,12.2062069861057,18.82872354239709,19.654,31.535,0.03151090307067289,1004.89,3844,0.10890000000000001,1012036,449.0,74.83333333333333,-1.0,13.0,-1.0000000000000036
102,99.2,9.0,137.0,45.0,105.0,75,0.25,1005,68,30.8,0.9,3.2,2023,9,24,16,6,267,38,-0.8660254037844385,-0.5000000000000004,-1.0,-1.8369701987210297e-16,-0.7818314824680299,0.6234898018587334,3,1,1,37.0,38.0,29.0,20.0,26.0,22.0,37.0,1.0000000000041762,38.0,36.0,30.0,8.74070935336443,38.0,16.0,26.583333333333332,7.292067088572058,38.0,16.0,26.166666666666668,9.56745691832765,61.0,16.0,31.7,33.6,32.0,62.0,52.0,65.0,0.33,1.0,2.0,1006.0,1007.0,1010.0,2094.4,217.60000000000002,98.56,18.75,0.7999822226172753,11.020997666925899,15.220531052105322,20.944000000000003,29.2,0.030646735674889878,948.6400000000001,4624,10.240000000000002,1010025,431.2,71.86666666666666,-1.0,7.0,-0.8999999999999986
98,120.6,11.7,123.3,42.5,105.7,75,0.0,1006,69,30.5,0.7,2.4,2023,9,24,17,6,267,38,-0.9659258262890683,-0.25881904510252063,-1.0,-1.8369701987210297e-16,-0.7818314824680299,0.6234898018587334,3,1,1,36.0,37.0,38.0,16.0,21.0,17.0,35.666666666666664,1.527525231654754,37.0,34.0,33.0,5.440588203493509,38.0,24.0,27.666666666666668,7.352591792055316,38.0,16.0,26.875,9.488265063384432,61.0,16.0,30.8,32.7,32.5,68.0,56.0,60.0,3.2,0.66,1.66,1005.0,1007.0,1009.0,2104.5,165.6,73.2,0.0,0.7999811769134845,10.306811383642424,10.537560892231435,21.045,29.3,0.03031806131405436,930.25,4761,5.76,1012036,437.79999999999995,72.96666666666665,-2.0,-4.0,-0.3000000000000007
76,142.0,14.3,109.7,30.0,106.3,75,0.0,1006,70,30.1,0.0,1.6,2023,9,24,18,6,267,38,-1.0,-1.8369701987210297e-16,-1.0,-1.8369701987210297e-16,-0.7818314824680299,0.6234898018587334,3,2,1,34.0,36.0,37.0,24.0,22.0,26.0,31.333333333333332,6.429100507329361,36.0,24.0,33.0,5.440588203493509,38.0,24.0,27.833333333333332,7.234178138069759,38.0,16.0,26.791666666666668,9.505052051028004,61.0,16.0,30.5,31.7,33.1,69.0,62.0,56.0,2.4,0.33,1.33,1006.0,1006.0,1008.0,2107.0,112.0,48.160000000000004,0.0,0.7999733342221925,9.929375568142088,7.67079225229005,21.07,29.3,0.02992044739518152,906.0100000000001,4900,2.5600000000000005,1012036,426.3,71.05,-10.0,-13.0,-0.3999999999999986
82,163.4,17.0,96.0,33.8,107.0,75,0.0,1006,71,29.8,0.0,1.6,2023,9,24,19,6,267,38,-0.9659258262890684,0.2588190451025203,-1.0,-1.8369701987210297e-16,-0.7818314824680299,0.6234898018587334,3,2,1,24.0,34.0,36.0,29.0,23.0,18.0,28.333333333333332,5.131601439447841,34.0,24.0,32.666666666666664,5.785038173310472,38.0,24.0,28.166666666666668,7.081773446779288,38.0,16.0,27.166666666666668,9.318829310065896,61.0,16.0,30.1,30.8,33.6,70.0,68.0,52.0,1.6,3.2,1.0,1006.0,1005.0,1007.0,2115.8,113.60000000000001,47.68000000000001,0.0,0.7987929351202628,9.611199341215222,5.646726663137462,21.158,29.0,0.029622236956026882,888.0400000000001,5041,2.5600000000000005,1012036,444.2,74.03333333333333,3.0,-9.0,-0.3000000000000007
80,172.2,17.7,89.7,32.5,103.7,75,0.0,1007,76,29.2,0.0,1.2,2023,9,24,20,6,267,38,-0.8660254037844386,0.5000000000000001,-1.0,-1.8369701987210297e-16,-0.7818314824680299,0.6234898018587334,3,2,1,27.0,24.0,34.0,38.0,30.0,22.0,25.666666666666668,1.5275252316553063,27.0,24.0,30.666666666666668,5.645056834670417,37.0,24.0,27.833333333333332,7.081773446779294,38.0,16.0,27.333333333333332,9.257977366981118,61.0,16.0,29.8,30.5,32.7,71.0,69.0,56.0,1.6,2.4,0.66,1006.0,1006.0,1007.0,2219.2,91.2,35.04,0.0,0.7999753853727578,9.7282639398904,5.0675103101519685,22.191999999999997,28.599999999999998,0.028996992058597758,852.64,5776,1.44,1014049,441.79999999999995,73.63333333333333,-1.0,-8.0,-0.6000000000000014
85,180.9,18.3,83.3,35.0,100.3,75,0.0,1007,80,28.6,0.0,1.2,2023,9,24,21,6,267,38,-0.7071067811865477,0.7071067811865474,-1.0,-1.8369701987210297e-16,-0.7818314824680299,0.6234898018587334,3,2,1,26.0,27.0,24.0,37.0,23.0,20.0,27.0,1.0000000000050173,28.0,26.0,29.166666666666668,4.75043857624315,36.0,24.0,28.25,6.916712303609435,38.0,16.0,27.666666666666668,9.125533536119365,61.0,16.0,29.2,30.1,31.7,76.0,70.0,62.0,1.2,1.6,0.33,1007.0,1006.0,1006.0,2288.0,96.0,34.32,0.0,0.7999771435101855,9.884705753783946,4.5516638435058185,22.88,28.0,0.02840116345465397,817.96,6400,1.44,1014049,445.8,74.3,2.0,4.0,-0.5999999999999979
100,189.7,19.0,77.0,43.8,97.0,75,0.0,1008,85,28.0,0.0,1.2,2023,9,24,22,6,267,38,-0.5000000000000004,0.8660254037844384,-1.0,-1.8369701987210297e-16,-0.7818314824680299,0.6234898018587334,3,3,1,28.0,26.0,27.0,36.0,20.0,22.0,29.666666666666668,4.725815626253621,35.0,26.0,29.0,4.472135954998726,35.0,24.0,29.5,6.640098575390421,38.0,16.0,28.208333333333332,9.160307412093598,61.0,16.0,28.6,29.8,30.8,80.0,71.0,68.0,1.2,1.6,3.2,1007.0,1006.0,1005.0,2380.0,102.0,33.6,0.0,0.7990685144174792,9.983685069206883,4.052418293774012,23.8,27.4,0.027777750220485894,784.0,7225,1.44,1016064,461.5,76.91666666666667,7.0,8.0,-0.6000000000000014
104,185.0,19.0,69.3,46.3,94.0,75,0.0,1008,88,27.6,0.0,0.8,2023,9,24,23,6,267,38,-0.25881904510252157,0.9659258262890681,-1.0,-1.8369701987210297e-16,-0.7818314824680299,0.6234898018587334,3,3,1,35.0,28.0,26.0,34.0,16.0,20.0,33.333333333333336,4.725815626253554,37.0,28.0,29.5,5.244044240850035,37.0,24.0,31.25,5.412527556091237,38.0,24.0,28.916666666666668,9.155262998937252,61.0,16.0,28.0,29.2,30.5,85.0,76.0,69.0,1.2,1.2,2.4,1008.0,1007.0,1006.0,2428.8,70.4,22.080000000000002,0.0,0.799118809528952,9.736329666859639,3.6471764643966105,24.288,27.200000000000003,0.027380925217336097,761.7600000000001,7744,0.6400000000000001,1016064,450.6,75.10000000000001,2.0,11.0,-0.3999999999999986
89,180.3,19.0,61.7,37.5,91.0,75,0.5,1008,91,27.2,0.0,0.4,2023,9,25,0,0,268,39,0.0,1.0,-1.0,-1.8369701987210297e-16,0.0,1.0,3,3,0,37.0,35.0,28.0,24.0,24.0,23.0,34.0,3.6055512754652117,37.0,30.0,30.5,4.505552130426693,37.0,26.0,31.75,4.9382551206226655,38.0,24.0,29.208333333333332,9.069677941967623,61.0,16.0,27.6,28.6,30.1,88.0,80.0,70.0,0.8,1.2,1.6,1008.0,1007.0,1006.0,2475.2,36.4,10.88,37.5,0.7999786672355405,9.488974264512395,3.247197515920215,24.752,27.0,0.026984100214186294,739.8399999999999,8281,0.16000000000000003,1016064,419.5,69.91666666666667,-7.0,2.0,-0.40000000000000213
107,175.7,19.0,54.0,47.5,88.0,75,0.0,1008,94,26.8,0.0,1.2,2023,9,25,1,0,268,39,0.25881904510252074,0.9659258262890683,-1.0,-1.8369701987210297e-16,0.0,1.0,3,3,0,30.0,37.0,35.0,27.0,29.0,23.0,35.0,4.358898943541665,38.0,30.0,32.333333333333336,5.006662228137559,38.0,26.0,32.5,5.161042882630973,38.0,24.0,29.833333333333332,9.13981574672367,61.0,16.0,27.2,28.0,29.8,91.0,85.0,71.0,0.4,1.2,1.6,1008.0,1008.0,1006.0,2519.2000000000003,112.8,32.16,0.0,0.7999831582493001,9.246881743066153,2.8419556865428133,25.192000000000004,26.2,0.026587275211036498,718.24,8836,1.44,1016064,422.2,70.36666666666666,8.0,3.0,-0.3999999999999986
110,159.7,18.0,52.3,48.8,89.3,75,0.5,1007,92,26.9,0.0,0.33,2023,9,25,2,0,268,39,0.49999999999999994,0.8660254037844387,-1.0,-1.8369701987210297e-16,0.0,1.0,3,3,0,38.0,30.0,37.0,26.0,38.0,31.0,35.666666666666664,4.932882862317112,39.0,30.0,34.5,4.505552130426736,39.0,28.0,32.583333333333336,5.2649498544325315,39.0,24.0,30.166666666666668,9.328155913878337,61.0,16.0,26.8,27.6,29.2,94.0,88.0,76.0,1.2,0.8,1.2,1008.0,1008.0,1007.0,2474.7999999999997,30.360000000000003,8.877,37.5,0.7991639515583698,8.871729348369534,2.9053941447697347,24.747999999999998,26.735,0.026712982410146562,723.6099999999999,8464,0.10890000000000001,1014049,407.1,67.85000000000001,1.0,2.0,0.09999999999999787
153,143.8,17.0,50.7,68.8,90.7,75,0.5,1007,91,26.9,0.0,0.66,2023,9,25,3,0,268,39,0.7071067811865476,0.7071067811865476,-1.0,-1.8369701987210297e-16,0.0,1.0,3,3,0,39.0,38.0,30.0,28.0,37.0,61.0,44.0,9.53939201416983,55.0,38.0,39.0,8.46167832052208,55.0,30.0,34.083333333333336,8.317105411393696,55.0,24.0,29.916666666666668,8.510436900176401,55.0,16.0,26.9,27.2,28.6,92.0,91.0,80.0,0.33,0.4,1.2,1007.0,1008.0,1007.0,2447.9,60.06,17.754,37.5,0.7994069853635848,8.458325980824657,2.9821775189694724,24.479,26.57,0.026712982410146562,723.6099999999999,8281,0.43560000000000004,1014049,426.0,71.0,16.0,25.0,0.0
98,127.8,16.0,49.0,42.5,92.0,75,0.0,1007,90,27.0,0.0,1.0,2023,9,25,4,0,268,39,0.8660254037844386,0.5000000000000001,-1.0,-1.8369701987210297e-16,0.0,1.0,3,3,0,55.0,39.0,38.0,35.0,36.0,26.0,42.666666666666664,10.969655114603224,55.0,34.0,38.833333333333336,8.565434412022544,55.0,30.0,33.916666666666664,8.295215853767637,55.0,24.0,30.25,8.507030340688317,55.0,16.0,26.9,26.8,28.0,91.0,94.0,85.0,0.66,1.2,1.2,1007.0,1008.0,1008.0,2430.0,90.0,27.0,0.0,0.7999811769134845,7.987000812449221,3.062308605712143,24.3,26.5,0.02681228717747053,729.0,8100,1.0,1014049,361.3,60.21666666666667,-21.0,-4.0,0.10000000000000142
85,150.4,17.7,46.0,35.0,98.7,75,0.0,1007,87,27.4,0.0,1.0,2023,9,25,5,0,268,39,0.9659258262890683,0.25881904510252074,-1.0,-1.8369701987210297e-16,0.0,1.0,3,3,0,34.0,55.0,39.0,37.0,34.0,21.0,39.0,14.177446878758106,55.0,28.0,37.333333333333336,9.667816023624976,55.0,28.0,33.416666666666664,8.468748252822785,55.0,24.0,30.541666666666668,8.293418903048954,55.0,16.0,27.0,26.9,27.6,90.0,92.0,88.0,1.0,0.33,0.8,1007.0,1007.0,1008.0,2383.7999999999997,87.0,27.4,0.0,0.7999771435101855,8.49669510197164,2.5987232359753687,23.837999999999997,26.9,0.027209506246766386,750.7599999999999,7569,1.0,1014049,375.8,62.63333333333333,-6.0,-11.0,0.3999999999999986
98,172.9,19.3,43.0,42.5,105.3,75,0.0,1008,85,27.8,1.0,1.0,2023,9,25,6,0,268,39,1.0,6.123233995736766e-17,-1.0,-1.8369701987210297e-16,0.0,1.0,3,0,0,28.0,34.0,55.0,30.0,24.0,22.0,32.0,3.4641016151390756,34.0,28.0,38.0,9.186947262284313,55.0,28.0,34.25,7.932957719653497,55.0,26.0,31.041666666666668,8.115895121500104,55.0,16.0,27.4,26.9,27.2,87.0,91.0,91.0,1.0,0.66,0.4,1007.0,1007.0,1008.0,2363.0,85.0,27.8,0.0,0.7999811769134845,8.958085073312263,2.2278638412517484,23.63,27.3,0.027579337718910996,772.84,7225,1.0,1016064,417.00000000000006,69.50000000000001,6.0,-21.0,0.40000000000000213
112,195.5,21.0,40.0,50.0,112.0,75,0.0,1008,82,28.2,1.8,1.0,2023,9,25,7,0,268,39,0.9659258262890683,-0.25881904510252063,-1.0,-1.8369701987210297e-16,0.0,1.0,3,0,0,34.0,28.0,34.0,38.0,27.0,23.0,34.0,6.0000000000007345,40.0,28.0,38.333333333333336,9.223159256277642,55.0,28.0,35.333333333333336,7.738138528016894,55.0,26.0,31.75,8.125376245469253,55.0,16.0,27.8,27.0,26.8,85.0,90.0,94.0,1.0,1.0,1.2,1008.0,1007.0,1008.0,2312.4,82.0,28.2,0.0,0.7999840003199936,9.30908051997524,1.904671206133041,23.124000000000002,27.7,0.027976162722060792,795.24,6724,1.0,1016064,458.5,76.41666666666667,6.0,6.0,0.3999999999999986
115,173.1,19.3,60.3,51.3,132.0,66,0.0,1008,75,29.6,3.0,1.33,2023,9,25,8,0,268,39,0.8660254037844387,-0.4999999999999998,-1.0,-1.8369701987210297e-16,0.0,1.0,3,0,0,40.0,34.0,28.0,39.0,26.0,30.0,38.333333333333336,3.7859388972012478,41.0,34.0,38.666666666666664,9.2879850703293,55.0,28.0,36.583333333333336,7.292067088571918,55.0,28.0,32.208333333333336,8.330035579373279,55.0,16.0,28.2,27.4,26.9,82.0,87.0,92.0,1.0,1.0,0.33,1008.0,1007.0,1007.0,2220.0,99.75,39.368,0.0,0.7992046938656168,8.968447230713434,3.124190456453033,22.2,28.935000000000002,0.02936505023308509,876.1600000000001,5625,1.7689000000000001,1016064,477.0,79.5,1.0,13.0,1.4000000000000021
139,150.8,17.7,80.7,62.5,152.0,58,0.0,1008,69,31.1,4.3,1.66,2023,9,25,9,0,268,39,0.7071067811865476,-0.7071067811865475,-1.0,-1.8369701987210297e-16,0.0,1.0,3,0,0,41.0,40.0,34.0,55.0,28.0,23.0,43.666666666666664,5.507570547286752,50.0,40.0,37.833333333333336,7.600438583835795,50.0,28.0,38.416666666666664,7.692479601808076,55.0,28.0,33.333333333333336,8.839961964637299,55.0,16.0,29.6,27.8,26.9,75.0,85.0,91.0,1.33,1.0,0.66,1008.0,1008.0,1007.0,2145.9,114.53999999999999,51.626,0.0,0.7999872002047967,8.519292695327948,4.5590644596350485,21.459,30.270000000000003,0.03085314399489683,967.21,4761,2.7556,1016064,513.7,85.61666666666667,9.0,16.0,1.5
157,128.4,16.0,101.0,76.3,172.0,50,0.0,1009,63,32.5,6.7,2.0,2023,9,25,10,0,268,39,0.49999999999999994,-0.8660254037844387,-1.0,-1.8369701987210297e-16,0.0,1.0,3,0,0,50.0,41.0,40.0,34.0,35.0,20.0,50.666666666666664,10.016652800878113,61.0,41.0,42.333333333333336,11.74166370948599,61.0,28.0,40.583333333333336,9.967751030500864,61.0,28.0,35.041666666666664,10.032465415781104,61.0,16.0,31.1,28.2,27.0,69.0,82.0,90.0,1.66,1.0,1.0,1008.0,1008.0,1007.0,2047.5,126.0,65.0,0.0,0.7994652756844602,8.024498468845698,6.312105493406661,20.475,31.5,0.03221007709605838,1056.25,3969,4.0,1018081,554.7,92.45,11.0,21.0,1.3999999999999986
148,113.8,13.7,103.3,66.3,151.3,58,0.0,1008,58,32.9,5.6,2.0,2023,9,25,11,0,268,39,0.258819045102521,-0.9659258262890682,-1.0,-1.8369701987210297e-16,0.0,1.0,3,0,0,61.0,50.0,41.0,28.0,37.0,16.0,54.666666666666664,5.686240703077797,61.0,50.0,46.5,9.934787365615534,61.0,34.0,41.916666666666664,10.500721475934006,61.0,28.0,36.583333333333336,9.81975235084309,61.0,24.0,32.5,29.6,27.4,63.0,75.0,87.0,2.0,1.33,1.0,1009.0,1008.0,1007.0,1908.1999999999998,116.0,65.8,0.0,0.7993846246662946,8.30596306838917,7.539595649952559,19.081999999999997,31.9,0.032638856509070925,1082.4099999999999,3364,4.0,1016064,501.40000000000003,83.56666666666668,-8.0,12.0,0.3999999999999986
177,99.2,11.3,105.7,95.0,130.7,66,0.0,1007,53,33.4,4.0,2.0,2023,9,25,12,0,268,39,1.2246467991473532e-16,-1.0,-1.0,-1.8369701987210297e-16,0.0,1.0,3,1,0,53.0,61.0,50.0,34.0,30.0,24.0,63.333333333333336,11.676186592091494,76.0,53.0,53.5,13.516656391282378,76.0,40.0,45.75,13.672301129722362,76.0,28.0,38.75,12.336760197633685,76.0,24.0,32.9,31.1,27.8,58.0,69.0,85.0,2.0,1.66,1.0,1008.0,1008.0,1008.0,1770.1999999999998,106.0,66.8,0.0,0.7999915790360101,8.777984249181488,9.35315458808955,17.701999999999998,32.4,0.033167792286204284,1115.56,2809,4.0,1014049,517.9,86.31666666666666,23.0,26.0,0.5
131,84.6,9.0,108.0,58.8,110.0,75,2.0,1006,48,33.8,3.7,2.0,2023,9,25,13,0,268,39,-0.2588190451025208,-0.9659258262890683,-1.0,-1.8369701987210297e-16,0.0,1.0,3,1,0,76.0,53.0,61.0,40.0,38.0,29.0,58.666666666666664,15.307950004273529,76.0,47.0,54.666666666666664,12.372011423639309,76.0,41.0,46.5,13.453624047073303,76.0,28.0,39.5,12.265185795930766,76.0,24.0,33.4,32.5,28.2,53.0,63.0,82.0,2.0,2.0,1.0,1007.0,1009.0,1008.0,1622.3999999999999,96.0,67.6,150.0,0.7993061342494175,9.398955671592045,11.998666814798357,16.224,32.8,0.03359837614475532,1142.4399999999998,2304,4.0,1012036,417.4,69.56666666666666,-29.0,-14.0,0.3999999999999986
129,87.9,9.7,111.3,57.5,115.0,75,4.0,1006,59,30.8,2.3,2.33,2023,9,25,14,0,268,39,-0.4999999999999997,-0.8660254037844388,-1.0,-1.8369701987210297e-16,0.0,1.0,3,1,0,47.0,76.0,53.0,41.0,39.0,38.0,56.333333333333336,17.03917055884289,76.0,46.0,55.5,11.397368117245092,76.0,46.0,47.083333333333336,13.24907086507834,76.0,28.0,39.833333333333336,12.331178816905508,76.0,24.0,33.8,32.9,29.6,48.0,58.0,75.0,2.0,2.0,1.33,1006.0,1008.0,1008.0,1817.2,137.47,71.76400000000001,300.0,0.7999860871984835,9.060921554478922,11.473044016080818,18.172,29.635,0.030616271753208996,948.6400000000001,3481,5.4289000000000005,1012036,427.4,71.23333333333333,-1.0,-7.0,-2.9999999999999964
131,91.2,10.3,114.7,58.8,120.0,75,2.0,1006,73,27.7,1.5,2.66,2023,9,25,15,0,268,39,-0.7071067811865471,-0.7071067811865479,-1.0,-1.8369701987210297e-16,0.0,1.0,3,1,0,46.0,47.0,76.0,50.0,55.0,37.0,46.666666666666664,0.5773502691954597,47.0,46.0,55.0,11.747340124470513,76.0,46.0,46.416666666666664,13.013687433085584,76.0,28.0,40.25,12.400035063064298,76.0,24.0,30.8,33.4,31.1,59.0,53.0,69.0,2.33,2.0,1.66,1006.0,1007.0,1008.0,2022.1,194.18,73.682,150.0,0.7993061342494175,8.853509368022522,11.134841277545869,20.221,26.369999999999997,0.027534763881944452,767.29,5329,7.0756000000000006,1012036,442.0,73.66666666666667,1.0,-29.0,-3.1000000000000014
148,94.5,11.0,118.0,66.3,125.0,75,2.75,1006,91,24.7,0.9,3.0,2023,9,25,16,0,268,39,-0.8660254037844385,-0.5000000000000004,-1.0,-1.8369701987210297e-16,0.0,1.0,3,1,0,47.0,46.0,47.0,61.0,34.0,36.0,48.666666666666664,3.785938897201028,53.0,46.0,53.666666666666664,11.378341999898817,76.0,46.0,48.0,12.51181260031668,76.0,28.0,40.958333333333336,12.630119854389305,76.0,24.0,27.7,33.8,32.5,73.0,48.0,63.0,2.66,2.0,2.0,1006.0,1006.0,1009.0,2247.7,273.0,74.1,206.25,0.7993846246662946,8.590128170166349,10.726297609308245,22.476999999999997,23.2,0.024552659490398122,610.0899999999999,8281,9.0,1012036,467.8,77.96666666666667,6.0,6.0,-3.0
85,123.9,14.7,101.3,35.0,123.3,62,1.75,1007,92,25.0,0.7,2.0,2023,9,25,17,0,268,39,-0.9659258262890683,-0.25881904510252063,-1.0,-1.8369701987210297e-16,0.0,1.0,3,1,0,53.0,47.0,46.0,53.0,28.0,34.0,42.666666666666664,13.051181300301545,53.0,28.0,49.5,15.501612819316392,76.0,28.0,48.0,12.51181260031668,76.0,28.0,40.708333333333336,12.831615732979516,76.0,24.0,24.7,30.8,32.9,91.0,59.0,58.0,3.0,2.33,2.0,1006.0,1006.0,1008.0,2300.0,184.0,50.0,108.5,0.7999771435101855,8.427998095367663,6.890687708319162,23.0,24.0,0.02482619183099123,625.0,8464,4.0,1014049,426.2,71.03333333333333,-25.0,-18.0,0.3000000000000007
76,153.3,18.3,84.7,30.0,121.7,50,0.25,1007,93,25.3,0.0,1.0,2023,9,25,18,0,268,39,-1.0,-1.8369701987210297e-16,-1.0,-1.8369701987210297e-16,0.0,1.0,3,2,0,28.0,53.0,47.0,76.0,34.0,24.0,35.0,15.716233645501987,53.0,24.0,40.833333333333336,11.822295321411154,53.0,24.0,47.166666666666664,13.796134724382847,76.0,24.0,40.708333333333336,12.831615732979516,76.0,24.0,25.0,27.7,33.4,92.0,73.0,53.0,2.0,2.66,2.0,1007.0,1006.0,1007.0,2352.9,93.0,25.3,12.5,0.7999733342221925,8.376591443090541,4.6281623954975135,23.529,24.8,0.025124106132963127,640.09,8649,1.0,1014049,432.0,72.0,-4.0,-23.0,0.3000000000000007
85,182.7,22.0,68.0,35.0,120.0,37,0.0,1007,94,25.6,0.0,1.2,2023,9,25,19,0,268,39,-0.9659258262890684,0.2588190451025203,-1.0,-1.8369701987210297e-16,0.0,1.0,3,2,0,24.0,28.0,53.0,47.0,40.0,27.0,26.666666666666668,2.3094010767606936,28.0,24.0,37.666666666666664,12.372011423639234,53.0,24.0,46.166666666666664,14.763796834476086,76.0,24.0,40.75,12.786711852544691,76.0,24.0,25.3,24.7,33.8,93.0,91.0,48.0,1.0,3.0,2.0,1007.0,1006.0,1006.0,2406.4,112.8,30.72,0.0,0.7999771435101855,8.304167992363983,3.0907686014272078,24.064,25.0,0.025422020434935022,655.3600000000001,8836,1.44,1014049,455.7,75.95,4.0,-25.0,0.3000000000000007
85,170.2,20.3,63.3,35.0,108.3,33,0.0,1007,94,25.8,0.0,1.2,2023,9,25,20,0,268,39,-0.8660254037844386,0.5000000000000001,-1.0,-1.8369701987210297e-16,0.0,1.0,3,2,0,28.0,24.0,28.0,46.0,41.0,26.0,26.666666666666668,2.3094010767606936,28.0,24.0,34.666666666666664,12.1271046283381,53.0,24.0,45.083333333333336,15.628984340485497,76.0,24.0,40.833333333333336,12.692574572377712,76.0,24.0,25.6,25.0,30.8,94.0,92.0,59.0,1.2,2.0,2.33,1007.0,1007.0,1006.0,2425.2000000000003,112.8,30.96,0.0,0.7999771435101855,8.38382345697256,3.118073001329983,24.252000000000002,25.2,0.02562062996958295,665.64,8836,1.44,1014049,425.1,70.85000000000001,0.0,0.0,0.1999999999999993
82,157.8,18.7,58.7,33.8,96.7,29,1.5,1007,94,26.0,0.0,1.2,2023,9,25,21,0,268,39,-0.7071067811865477,0.7071067811865474,-1.0,-1.8369701987210297e-16,0.0,1.0,3,2,0,28.0,28.0,24.0,47.0,50.0,28.0,27.666666666666668,0.5773502691982381,28.0,27.0,31.333333333333332,10.726913193769166,53.0,24.0,43.166666666666664,16.364225578617173,76.0,24.0,40.791666666666664,12.738094754358732,76.0,24.0,25.8,25.3,27.7,94.0,93.0,73.0,1.2,1.0,2.66,1007.0,1007.0,1006.0,2444.0,112.8,31.2,43.5,0.7987929351202628,8.438051441099407,3.1388695791668897,24.44,25.4,0.02581923950423088,676.0,8836,1.44,1014049,392.7,65.45,-1.0,3.0,0.1999999999999993
82,145.3,17.0,54.0,33.8,85.0,25,0.5,1008,94,26.2,0.0,1.2,2023,9,25,22,0,268,39,-0.5000000000000004,0.8660254037844384,-1.0,-1.8369701987210297e-16,0.0,1.0,3,3,0,27.0,28.0,28.0,53.0,61.0,35.0,27.333333333333332,0.5773502691982872,28.0,27.0,27.0,1.549193338480347,28.0,24.0,40.333333333333336,15.933574234263268,76.0,24.0,40.458333333333336,12.998257965778887,76.0,24.0,26.0,25.6,24.7,94.0,94.0,91.0,1.2,1.2,3.0,1007.0,1007.0,1006.0,2462.7999999999997,112.8,31.439999999999998,12.5,0.7987929351202628,8.54655608493618,3.1762837480148223,24.627999999999997,25.599999999999998,0.0259920377063118,686.4399999999999,8836,1.44,1016064,362.1,60.35,0.0,-1.0,0.1999999999999993
61,137.3,17.0,50.0,21.3,86.3,25,0.0,1007,93,26.2,0.0,0.33,2023,9,25,23,0,268,39,-0.25881904510252157,0.9659258262890681,-1.0,-1.8369701987210297e-16,0.0,1.0,3,3,0,27.0,27.0,28.0,28.0,53.0,37.0,23.666666666666668,5.773502691897179,27.0,17.0,25.166666666666668,4.2622372841804985,28.0,17.0,37.333333333333336,16.702385966372834,76.0,17.0,39.625,13.843260799581275,76.0,17.0,26.2,25.8,25.0,94.0,94.0,92.0,1.2,1.2,2.0,1008.0,1007.0,1007.0,2436.6,30.69,8.646,0.0,0.7980845969672785,8.075995529674724,2.941003470384095,24.366,26.035,0.02601784903887881,686.4399999999999,8649,0.10890000000000001,1014049,328.90000000000003,54.81666666666667,-10.0,-11.0,0.0
98,129.4,17.0,46.0,42.5,87.7,25,0.0,1007,92,26.3,0.0,0.66,2023,9,26,0,1,269,39,0.0,1.0,-1.0,-1.8369701987210297e-16,0.7818314824680298,0.6234898018587336,3,3,0,17.0,27.0,27.0,24.0,76.0,30.0,26.0,8.54400374531813,34.0,17.0,26.833333333333332,5.4924190177606205,34.0,17.0,33.833333333333336,11.432277537610855,53.0,17.0,39.791666666666664,13.746079810074356,76.0,17.0,26.2,26.0,25.3,93.0,94.0,93.0,0.33,1.2,1.0,1007.0,1007.0,1007.0,2419.6,60.720000000000006,17.358,0.0,0.7999811769134845,7.611316981354038,2.7057231927533674,24.195999999999998,25.970000000000002,0.026117153806202775,691.69,8464,0.43560000000000004,1014049,356.59999999999997,59.43333333333333,17.0,7.0,0.10000000000000142
107,121.4,17.0,42.0,47.5,89.0,25,0.0,1007,91,26.3,0.0,1.0,2023,9,26,1,1,269,39,0.25881904510252074,0.9659258262890683,-1.0,-1.8369701987210297e-16,0.7818314824680298,0.6234898018587336,3,3,0,34.0,17.0,27.0,28.0,47.0,38.0,29.666666666666668,11.15048578911892,38.0,17.0,28.5,7.176350047203108,38.0,17.0,33.083333333333336,10.765756599120534,53.0,17.0,39.791666666666664,13.746079810074356,76.0,17.0,26.3,26.2,25.6,92.0,94.0,94.0,0.66,1.2,1.2,1007.0,1008.0,1007.0,2393.3,91.0,26.3,0.0,0.7999831582493001,7.140756426092582,2.4704429151226397,23.933000000000003,25.8,0.026117153806202775,691.69,8281,1.0,1014049,354.9,59.15,4.0,11.0,0.0
121,118.3,16.7,41.0,53.8,86.7,41,0.5,1007,92,26.3,0.0,1.0,2023,9,26,2,1,269,39,0.49999999999999994,0.8660254037844387,-1.0,-1.8369701987210297e-16,0.7818314824680298,0.6234898018587336,3,3,0,38.0,34.0,17.0,28.0,46.0,39.0,38.333333333333336,4.509249752823795,43.0,34.0,31.0,9.27361849549529,43.0,17.0,32.833333333333336,10.469291313458271,53.0,17.0,39.958333333333336,13.760305755787552,76.0,17.0,26.3,26.2,25.8,91.0,93.0,94.0,1.0,0.33,1.2,1007.0,1007.0,1007.0,2419.6,92.0,26.3,20.5,0.7992416497834613,7.083408179150949,2.4549428177953416,24.195999999999998,25.8,0.026117153806202775,691.69,8464,1.0,1014049,359.5,59.916666666666664,5.0,26.0,0.0
110,115.2,16.3,40.0,48.8,84.3,58,0.5,1007,93,26.2,0.0,1.0,2023,9,26,3,1,269,39,0.7071067811865476,0.7071067811865476,-1.0,-1.8369701987210297e-16,0.7818314824680298,0.6234898018587336,3,3,0,43.0,38.0,34.0,27.0,47.0,55.0,40.0,2.64575131106607,43.0,38.0,33.0,9.528903399656885,43.0,17.0,32.166666666666664,9.712534856221918,53.0,17.0,39.291666666666664,13.382269797293066,76.0,17.0,26.3,26.3,26.0,92.0,92.0,94.0,1.0,0.66,1.2,1007.0,1007.0,1007.0,2436.6,93.0,26.2,29.0,0.7991639515583698,7.0670511011594375,2.4538371879025824,24.366,25.7,0.02601784903887881,686.4399999999999,8649,1.0,1014049,343.6,57.26666666666667,-4.0,5.0,-0.10000000000000142
126,112.1,16.0,39.0,56.3,82.0,75,0.0,1006,94,26.2,0.0,1.0,2023,9,26,4,1,269,39,0.8660254037844386,0.5000000000000001,-1.0,-1.8369701987210297e-16,0.7818314824680298,0.6234898018587336,3,3,0,39.0,43.0,38.0,27.0,53.0,34.0,42.333333333333336,3.0550504633051085,45.0,39.0,36.0,10.07968253468297,45.0,17.0,31.5,8.328483437194848,45.0,17.0,39.75,13.381525226644033,76.0,17.0,26.2,26.3,26.2,93.0,91.0,94.0,1.0,1.0,1.2,1007.0,1007.0,1008.0,2462.7999999999997,94.0,26.2,0.0,0.7992753237065062,7.0058121367414525,2.437347665770889,24.627999999999997,25.7,0.026043711686171287,686.4399999999999,8836,1.0,1012036,350.4,58.4,6.0,7.0,0.0
129,116.7,16.3,39.0,57.5,81.3,83,0.0,1007,93,26.3,0.0,1.33,2023,9,26,5,1,269,39,0.9659258262890683,0.25881904510252074,-1.0,-1.8369701987210297e-16,0.7818314824680298,0.6234898018587336,3,3,0,45.0,39.0,43.0,17.0,28.0,28.0,43.333333333333336,3.7859388972011403,46.0,39.0,40.833333333333336,4.622409184252315,46.0,34.0,33.0,9.214612900663983,46.0,17.0,40.5,13.197496468780926,76.0,17.0,26.2,26.3,26.2,94.0,92.0,93.0,1.0,1.0,0.33,1006.0,1007.0,1007.0,2445.9,123.69000000000001,34.979000000000006,0.0,0.7999860871984835,7.159069995705784,2.392491258205018,24.459,25.635,0.026117153806202775,691.69,8649,1.7689000000000001,1014049,356.8,59.46666666666667,1.0,3.0,0.10000000000000142
118,121.4,16.7,39.0,52.5,80.7,91,1.0,1007,92,26.3,0.6,1.66,2023,9,26,6,1,269,39,1.0,6.123233995736766e-17,-1.0,-1.8369701987210297e-16,0.7818314824680298,0.6234898018587336,3,0,0,46.0,45.0,39.0,34.0,24.0,34.0,44.333333333333336,2.0816659994678326,46.0,42.0,42.166666666666664,3.188521078283833,46.0,38.0,34.5,9.080448527167437,46.0,17.0,40.833333333333336,13.127027103640684,76.0,17.0,26.3,26.2,26.3,93.0,93.0,92.0,1.33,1.0,0.66,1007.0,1007.0,1007.0,2419.6,152.72,43.658,91.0,0.7999847621950058,7.269025806837914,2.335189509610203,24.195999999999998,25.470000000000002,0.026117153806202775,691.69,8464,2.7556,1014049,352.3,58.71666666666667,-4.0,3.0,0.0
134,126.1,17.0,39.0,60.0,80.0,100,1.5,1007,90,26.4,0.7,2.0,2023,9,26,7,1,269,39,0.9659258262890683,-0.25881904510252063,-1.0,-1.8369701987210297e-16,0.7818314824680298,0.6234898018587336,3,0,0,42.0,46.0,45.0,38.0,28.0,40.0,45.333333333333336,3.0550504633050233,48.0,42.0,43.833333333333336,3.188521078283862,48.0,39.0,36.166666666666664,9.59955807063568,48.0,17.0,41.166666666666664,13.206278699976632,76.0,17.0,26.3,26.2,26.3,92.0,94.0,91.0,1.66,1.0,1.0,1007.0,1006.0,1007.0,2376.0,180.0,52.8,150.0,0.7999866668888852,7.417210752308687,2.293982706899594,23.76,25.4,0.026216458573526738,696.9599999999999,8100,4.0,1014049,370.1,61.68333333333334,6.0,3.0,0.09999999999999787
157,122.4,16.7,42.3,76.3,88.3,83,0.5,1008,86,27.1,1.1,2.0,2023,9,26,8,1,269,39,0.8660254037844387,-0.4999999999999998,-1.0,-1.8369701987210297e-16,0.7818314824680298,0.6234898018587336,3,0,0,48.0,42.0,46.0,43.0,28.0,41.0,50.333333333333336,9.712534856222621,61.0,42.0,46.833333333333336,7.626707459097983,61.0,39.0,38.916666666666664,11.571582223339469,61.0,17.0,42.0,13.812407780530515,76.0,17.0,26.4,26.3,26.3,90.0,93.0,92.0,2.0,1.33,1.0,1007.0,1007.0,1007.0,2330.6,172.0,54.2,41.5,0.7994652756844602,7.328902460930483,2.5327824681156814,23.305999999999997,26.1,0.026884893963398847,734.4100000000001,7396,4.0,1016064,407.0,67.83333333333333,13.0,15.0,0.7000000000000028
150,118.7,16.3,45.7,67.5,96.7,66,3.0,1008,82,27.7,1.7,2.0,2023,9,26,9,1,269,39,0.7071067811865476,-0.7071067811865475,-1.0,-1.8369701987210297e-16,0.7818314824680298,0.6234898018587336,3,0,0,61.0,48.0,42.0,39.0,27.0,50.0,54.333333333333336,6.506407098648122,61.0,48.0,49.333333333333336,6.976149845485051,61.0,42.0,41.166666666666664,11.668398139912158,61.0,17.0,42.166666666666664,13.936709943813097,76.0,17.0,27.1,26.3,26.2,86.0,92.0,93.0,2.0,1.66,1.0,1008.0,1007.0,1007.0,2271.4,164.0,55.4,198.0,0.7999881483237284,7.281761855100913,2.8035089871787005,22.714000000000002,26.7,0.027480131468123545,767.29,6724,4.0,1016064,398.9,66.48333333333333,-7.0,12.0,0.5999999999999979
150,115.0,16.0,49.0,67.5,105.0,50,2.5,1009,78,28.4,2.5,2.0,2023,9,26,10,1,269,39,0.49999999999999994,-0.8660254037844387,-1.0,-1.8369701987210297e-16,0.7818314824680298,0.6234898018587336,3,0,0,54.0,61.0,48.0,45.0,27.0,61.0,56.333333333333336,4.041451884327998,61.0,54.0,50.833333333333336,6.823977334858409,61.0,42.0,43.416666666666664,11.285214247237418,61.0,17.0,41.875,13.594476180004264,76.0,17.0,27.7,26.4,26.2,82.0,90.0,94.0,2.0,2.0,1.0,1008.0,1007.0,1006.0,2215.2,156.0,56.8,125.0,0.7999881483237284,7.1870508093244165,3.062308605712143,22.151999999999997,27.4,0.028146651985478704,806.56,6084,4.0,1018081,406.5,67.75,0.0,6.0,0.6999999999999993
148,106.2,14.3,52.0,66.3,99.3,58,3.0,1008,76,28.9,3.1,2.33,2023,9,26,11,1,269,39,0.258819045102521,-0.9659258262890682,-1.0,-1.8369701987210297e-16,0.7818314824680298,0.6234898018587336,3,0,0,54.0,54.0,61.0,46.0,17.0,53.0,53.666666666666664,0.5773502691943475,54.0,53.0,52.0,6.418722614352076,61.0,42.0,46.416666666666664,7.902339507826706,61.0,34.0,41.875,13.594476180004264,76.0,17.0,28.4,27.1,26.3,78.0,86.0,93.0,2.0,2.0,1.33,1009.0,1008.0,1007.0,2196.4,177.08,67.337,174.0,0.7993846246662946,7.426054122089364,3.6361093629816095,21.964000000000002,27.735,0.028670606477572937,835.2099999999999,5776,5.4289000000000005,1016064,391.1,65.18333333333334,-1.0,-8.0,0.5
107,97.5,12.7,55.0,47.5,93.7,66,0.25,1007,75,29.3,3.2,2.66,2023,9,26,12,1,269,39,1.2246467991473532e-16,-1.0,-1.0,-1.8369701987210297e-16,0.7818314824680298,0.6234898018587336,3,1,0,53.0,54.0,54.0,42.0,34.0,76.0,48.333333333333336,8.962886439832857,54.0,38.0,51.333333333333336,7.737355275975205,61.0,38.0,46.75,7.39932429347363,61.0,38.0,40.291666666666664,11.498503368271525,61.0,17.0,28.9,27.7,26.3,76.0,82.0,92.0,2.33,2.0,1.66,1008.0,1008.0,1007.0,2197.5,199.5,77.938,16.5,0.7999831582493001,7.6765609007164795,4.330367687583656,21.975,27.97,0.029096296825921724,858.49,5625,7.0756000000000006,1014049,344.4,57.4,-15.0,-16.0,0.40000000000000213
121,88.7,11.0,58.0,53.8,88.0,75,0.25,1006,73,29.8,2.9,3.0,2023,9,26,13,1,269,39,-0.2588190451025208,-0.9659258262890683,-1.0,-1.8369701987210297e-16,0.7818314824680298,0.6234898018587336,3,1,0,38.0,53.0,54.0,48.0,38.0,47.0,44.666666666666664,7.6376261582601925,53.0,38.0,50.5,8.40832920383084,61.0,38.0,47.166666666666664,6.991336630343072,61.0,38.0,40.125,11.425800323981022,61.0,17.0,29.3,28.4,26.4,75.0,78.0,90.0,2.66,2.0,2.0,1007.0,1009.0,1007.0,2175.4,219.0,89.4,18.75,0.7992416497834613,8.06290337242069,5.272247977456595,21.754,28.3,0.029622236956026882,888.0400000000001,5329,9.0,1012036,342.5,57.083333333333336,5.0,-11.0,0.5
129,89.5,11.7,54.7,57.5,84.7,75,1.5,1006,77,29.1,2.2,2.33,2023,9,26,14,1,269,39,-0.4999999999999997,-0.8660254037844388,-1.0,-1.8369701987210297e-16,0.7818314824680298,0.6234898018587336,3,1,0,43.0,38.0,53.0,61.0,43.0,46.0,42.333333333333336,4.0414518843282945,46.0,38.0,48.0,6.723094525588219,54.0,38.0,47.416666666666664,6.881573991903995,61.0,38.0,40.125,11.425800323981022,61.0,17.0,29.8,28.9,27.1,73.0,76.0,86.0,3.0,2.33,2.0,1006.0,1008.0,1008.0,2240.7000000000003,179.41,67.80300000000001,112.5,0.7999860871984835,7.648918895820871,4.674814118451415,22.407000000000004,27.935000000000002,0.02892641259799941,846.8100000000001,5929,5.4289000000000005,1012036,344.09999999999997,57.349999999999994,3.0,-7.0,-0.6999999999999993
139,90.3,12.3,51.3,62.5,81.3,75,2.0,1006,81,28.4,1.5,1.66,2023,9,26,15,1,269,39,-0.7071067811865471,-0.7071067811865479,-1.0,-1.8369701987210297e-16,0.7818314824680298,0.6234898018587336,3,1,0,46.0,43.0,38.0,54.0,39.0,47.0,46.333333333333336,3.5118845842851996,50.0,43.0,47.333333333333336,6.186005711819289,54.0,38.0,48.333333333333336,6.372288490491409,61.0,38.0,40.25,11.520303438032977,61.0,17.0,29.1,29.3,27.7,77.0,75.0,82.0,2.33,2.66,2.0,1006.0,1007.0,1008.0,2300.4,134.45999999999998,47.144,150.0,0.7999872002047967,7.34086659621169,4.170392651003983,23.004,27.57,0.02823058823997193,806.56,6561,2.7556,1012036,347.7,57.949999999999996,4.0,12.0,-0.7000000000000028
89,91.0,13.0,48.0,37.5,78.0,75,4.5,1005,85,27.7,0.9,1.0,2023,9,26,16,1,269,39,-0.8660254037844385,-0.5000000000000004,-1.0,-1.8369701987210297e-16,0.7818314824680298,0.6234898018587336,3,1,0,50.0,46.0,43.0,54.0,45.0,53.0,42.0,10.583005244258713,50.0,30.0,43.333333333333336,8.38252149813291,53.0,30.0,47.083333333333336,8.273268380571167,61.0,30.0,39.291666666666664,11.369215363032776,61.0,17.0,28.4,29.8,28.4,81.0,73.0,78.0,1.66,3.0,2.0,1006.0,1006.0,1009.0,2354.5,85.0,27.7,337.5,0.7999786672355405,6.999461579878472,3.6920236904853474,23.545,27.2,0.02756216162968992,767.29,7225,1.0,1010025,297.5,49.583333333333336,-20.0,-13.0,-0.6999999999999993
134,87.7,13.0,44.0,60.0,73.7,75,5.0,1006,88,27.3,0.7,0.66,2023,9,26,17,1,269,39,-0.9659258262890683,-0.25881904510252063,-1.0,-1.8369701987210297e-16,0.7818314824680298,0.6234898018587336,3,1,0,30.0,50.0,46.0,53.0,46.0,28.0,42.666666666666664,11.015141094572536,50.0,30.0,42.5,7.422937423957825,50.0,30.0,47.25,8.269604805330939,61.0,30.0,40.125,11.237795312171663,61.0,17.0,27.7,29.1,28.9,85.0,77.0,76.0,1.0,2.33,2.33,1005.0,1006.0,1008.0,2402.4,58.080000000000005,18.018,375.0,0.7999866668888852,6.745634951157604,3.3843550496115684,24.024,26.970000000000002,0.027137149963071608,745.2900000000001,7744,0.43560000000000004,1012036,326.4,54.4,18.0,2.0,-0.3999999999999986
98,84.4,13.0,40.0,42.5,69.3,75,2.5,1006,92,26.8,0.0,0.33,2023,9,26,18,1,269,39,-1.0,-1.8369701987210297e-16,-1.0,-1.8369701987210297e-16,0.7818314824680298,0.6234898018587336,3,2,0,48.0,30.0,50.0,38.0,42.0,24.0,37.333333333333336,9.451631252505651,48.0,30.0,41.833333333333336,8.060190237622201,50.0,30.0,46.583333333333336,9.019759453890645,61.0,30.0,40.541666666666664,10.790411067911155,61.0,17.0,27.3,28.4,29.3,88.0,81.0,75.0,0.66,1.66,2.66,1006.0,1006.0,1007.0,2465.6,30.360000000000003,8.844000000000001,187.5,0.7999811769134845,6.491808322436737,3.0766864087377894,24.656,26.635,0.026640132564480553,718.24,8464,0.10890000000000001,1012036,283.2,47.199999999999996,-14.0,-16.0,-0.5
102,81.1,13.0,36.0,45.0,65.0,75,1.0,1007,95,26.4,0.0,3.6,2023,9,26,19,1,269,39,-0.9659258262890684,0.2588190451025203,-1.0,-1.8369701987210297e-16,0.7818314824680298,0.6234898018587336,3,2,0,34.0,48.0,30.0,43.0,48.0,28.0,39.333333333333336,7.571877794400884,48.0,34.0,40.666666666666664,8.35862827661693,50.0,30.0,45.583333333333336,9.500797414698452,61.0,30.0,40.875,10.50595069472568,61.0,17.0,26.8,27.7,29.8,92.0,85.0,73.0,0.33,1.0,3.0,1006.0,1005.0,1006.0,2508.0,342.0,95.03999999999999,75.0,0.7999822226172753,6.237981693715867,2.7690177678640104,25.08,24.599999999999998,0.026216458573526738,696.9599999999999,9025,12.96,1014049,276.1,46.01666666666667,2.0,6.0,-0.40000000000000213
112,80.9,12.7,35.7,50.0,64.7,70,0.5,1008,96,26.1,0.0,3.2,2023,9,26,20,1,269,39,-0.8660254037844386,0.5000000000000001,-1.0,-1.8369701987210297e-16,0.7818314824680298,0.6234898018587336,3,2,0,36.0,34.0,48.0,46.0,61.0,28.0,36.666666666666664,3.055050463305258,40.0,34.0,39.666666666666664,7.941452428029775,50.0,30.0,43.833333333333336,8.255393094911033,54.0,30.0,41.375,10.145945859864996,61.0,17.0,26.4,27.3,29.1,95.0,88.0,77.0,3.6,0.66,2.33,1007.0,1006.0,1006.0,2505.6000000000004,307.20000000000005,83.52000000000001,35.0,0.7999840003199936,6.369577198645777,2.8108022990315726,25.056000000000004,24.5,0.025892831455524352,681.21,9216,10.240000000000002,1016064,284.0,47.333333333333336,4.0,-8.0,-0.29999999999999716
102,80.7,12.3,35.3,45.0,64.3,66,0.5,1008,96,25.8,0.0,2.8,2023,9,26,21,1,269,39,-0.7071067811865477,0.7071067811865474,-1.0,-1.8369701987210297e-16,0.7818314824680298,0.6234898018587336,3,2,0,40.0,36.0,34.0,50.0,54.0,27.0,37.333333333333336,2.309401076760286,40.0,36.0,37.333333333333336,6.153589738247079,48.0,30.0,42.333333333333336,7.866307130971802,54.0,30.0,41.75,9.750139352404759,61.0,17.0,26.1,26.8,28.4,96.0,92.0,81.0,3.2,0.33,1.66,1008.0,1006.0,1006.0,2476.8,268.79999999999995,72.24,33.0,0.7999822226172753,6.560442240468255,2.8696853914315907,24.768,24.400000000000002,0.025595212703162003,665.64,9216,7.839999999999999,1016064,273.6,45.6,-4.0,2.0,-0.3000000000000007
89,80.5,12.0,35.0,37.5,64.0,62,1.0,1009,97,25.5,0.0,2.4,2023,9,26,22,1,269,39,-0.5000000000000004,0.8660254037844384,-1.0,-1.8369701987210297e-16,0.7818314824680298,0.6234898018587336,3,3,0,36.0,40.0,36.0,30.0,54.0,27.0,35.333333333333336,5.033222956848019,40.0,30.0,37.333333333333336,6.153589738247079,48.0,30.0,40.333333333333336,7.679172935263752,53.0,30.0,41.875,9.570391387208542,61.0,17.0,25.8,26.4,27.7,96.0,95.0,85.0,2.8,3.6,1.0,1008.0,1007.0,1005.0,2473.5,232.79999999999998,61.199999999999996,62.0,0.7999786672355405,6.7077743521373225,2.916423631364053,24.735,24.3,0.025272522029215035,650.25,9409,5.76,1018081,259.0,43.166666666666664,-6.0,-6.0,-0.3000000000000007
91,73.5,11.7,34.0,38.8,60.3,75,1.0,1008,96,25.4,0.0,2.4,2023,9,26,23,1,269,39,-0.25881904510252157,0.9659258262890681,-1.0,-1.8369701987210297e-16,0.7818314824680298,0.6234898018587336,3,3,0,30.0,36.0,40.0,48.0,53.0,17.0,32.333333333333336,3.2145502536657347,36.0,30.0,34.5,3.674234614173784,40.0,30.0,38.5,6.973977605094124,50.0,30.0,42.458333333333336,8.335253401989066,61.0,30.0,25.5,26.1,27.3,97.0,96.0,88.0,2.4,3.2,0.66,1009.0,1008.0,1006.0,2438.3999999999996,230.39999999999998,60.959999999999994,75.0,0.7989484807092602,6.281514400478592,2.905734552602342,24.383999999999997,24.2,0.0251983877000122,645.16,9216,5.76,1016064,249.3,41.550000000000004,1.0,-9.0,-0.10000000000000142
98,66.5,11.3,33.0,42.5,56.7,87,1.0,1008,95,25.4,0.0,2.4,2023,9,27,0,2,270,39,0.0,1.0,-1.0,-1.8369701987210297e-16,0.9749279121818236,-0.22252093395631434,3,3,0,31.0,30.0,36.0,34.0,38.0,34.0,31.666666666666668,2.0816659994683486,34.0,30.0,34.5,3.674234614173784,40.0,30.0,38.166666666666664,7.094598884596939,50.0,30.0,42.458333333333336,8.335253401989066,61.0,30.0,25.4,25.8,26.8,96.0,96.0,92.0,2.4,2.8,0.33,1008.0,1008.0,1006.0,2413.0,228.0,60.959999999999994,87.0,0.7999811769134845,5.884435005751703,2.920095566764003,24.13,24.2,0.0251983877000122,645.16,9025,5.76,1016064,244.0,40.666666666666664,3.0,-2.0,0.0
74,59.5,11.0,32.0,28.8,53.0,100,1.0,1007,95,25.3,0.0,2.4,2023,9,27,1,2,270,39,0.25881904510252074,0.9659258262890683,-1.0,-1.8369701987210297e-16,0.9749279121818236,-0.22252093395631434,3,3,0,34.0,31.0,30.0,36.0,43.0,38.0,29.333333333333332,5.686240703078172,34.0,23.0,32.333333333333336,5.819507424744744,40.0,23.0,36.5,8.129631547056745,50.0,23.0,41.833333333333336,9.201449161228586,61.0,23.0,25.4,25.5,26.4,95.0,97.0,95.0,2.4,2.4,3.6,1008.0,1009.0,1007.0,2403.5,228.0,60.72,100.0,0.7985833825214401,5.408599218252887,2.90882647032088,24.035,24.1,0.025124106132963127,640.09,9025,5.76,1014049,207.3,34.550000000000004,-11.0,-7.0,-0.09999999999999787
95,57.4,10.7,32.3,41.3,51.3,100,1.0,1007,94,25.5,0.0,2.8,2023,9,27,2,2,270,39,0.49999999999999994,0.8660254037844387,-1.0,-1.8369701987210297e-16,0.9749279121818236,-0.22252093395631434,3,3,0,23.0,34.0,31.0,40.0,46.0,43.0,30.0,6.082762530299001,34.0,23.0,31.166666666666668,4.535048695070326,36.0,23.0,35.416666666666664,7.597348022151438,50.0,23.0,41.416666666666664,9.371170715535891,61.0,23.0,25.3,25.4,26.1,95.0,96.0,96.0,2.4,2.4,3.2,1007.0,1008.0,1008.0,2397.0,263.2,71.39999999999999,100.0,0.7990121304568898,5.363984674329503,3.018409494439772,23.97,24.1,0.025322715667611056,650.25,8836,7.839999999999999,1014049,226.0,37.666666666666664,10.0,2.0,0.1999999999999993
87,55.2,10.3,32.7,36.3,49.7,100,1.0,1006,93,25.6,0.0,2.8,2023,9,27,3,2,270,39,0.7071067811865476,0.7071067811865476,-1.0,-1.8369701987210297e-16,0.9749279121818236,-0.22252093395631434,3,3,0,33.0,23.0,34.0,36.0,50.0,39.0,28.333333333333332,5.033222956848139,33.0,23.0,30.0,3.898717737922595,34.0,23.0,33.666666666666664,6.227991553291526,48.0,23.0,41.0,9.699843118408989,61.0,23.0,25.5,25.4,25.8,94.0,95.0,96.0,2.8,2.4,2.8,1007.0,1008.0,1008.0,2380.8,260.4,71.67999999999999,100.0,0.798876064020275,5.3587030385399474,3.174449082613339,23.808000000000003,24.200000000000003,0.02544729080786202,655.3600000000001,8649,7.839999999999999,1012036,213.2,35.53333333333333,-4.0,-5.0,0.10000000000000142
104,53.1,10.0,33.0,46.3,48.0,100,1.0,1006,93,25.8,0.0,2.8,2023,9,27,4,2,270,39,0.8660254037844386,0.5000000000000001,-1.0,-1.8369701987210297e-16,0.9749279121818236,-0.22252093395631434,3,3,0,29.0,33.0,23.0,30.0,30.0,45.0,33.0,4.000000000001124,37.0,29.0,31.166666666666668,4.83390801181188,37.0,23.0,34.25,6.1809825638434805,48.0,23.0,40.666666666666664,9.693864786181026,61.0,23.0,25.6,25.3,25.5,93.0,95.0,97.0,2.8,2.4,2.4,1006.0,1007.0,1009.0,2399.4,260.4,72.24,100.0,0.799118809528952,5.309469053094691,3.2996700329967004,23.994,24.400000000000002,0.025646097767298443,665.64,8649,7.839999999999999,1012036,227.39999999999998,37.9,8.0,14.0,0.1999999999999993
87,62.8,10.7,33.3,36.3,48.7,100,1.5,1006,90,25.8,0.0,0.66,2023,9,27,5,2,270,39,0.9659258262890683,0.25881904510252074,-1.0,-1.8369701987210297e-16,0.9749279121818236,-0.22252093395631434,3,3,0,37.0,29.0,33.0,31.0,48.0,46.0,31.666666666666668,4.618802153518005,37.0,29.0,30.833333333333332,4.9159604012501,37.0,23.0,32.666666666666664,4.559372630951634,40.0,23.0,39.958333333333336,9.905989258444219,61.0,23.0,25.8,25.5,25.4,93.0,94.0,96.0,2.8,2.8,2.4,1006.0,1007.0,1008.0,2322.0,59.400000000000006,17.028000000000002,150.0,0.798876064020275,5.868610410242034,3.1118587047939448,23.22,25.470000000000002,0.025646097767298443,665.64,8100,0.43560000000000004,1012036,220.8,36.800000000000004,-8.0,-4.0,0.0
65,72.6,11.3,33.7,23.8,49.3,100,2.0,1007,88,25.8,0.6,1.33,2023,9,27,6,2,270,39,1.0,6.123233995736766e-17,-1.0,-1.8369701987210297e-16,0.9749279121818236,-0.22252093395631434,3,0,0,29.0,37.0,29.0,34.0,34.0,42.0,28.333333333333332,9.01849950564633,37.0,19.0,28.333333333333332,6.5319726474212025,37.0,19.0,31.416666666666668,5.99178730860062,40.0,19.0,39.0,10.774365713198387,61.0,19.0,25.8,25.6,25.4,90.0,93.0,95.0,0.66,2.8,2.4,1006.0,1006.0,1008.0,2270.4,117.04,34.314,200.0,0.7982857863114995,6.424210246880806,2.982036987877179,22.704,25.135,0.02562062996958295,665.64,7744,1.7689000000000001,1014049,209.7,34.949999999999996,-10.0,-10.0,0.0
82,82.3,12.0,34.0,33.8,50.0,100,3.0,1008,86,25.8,0.7,2.0,2023,9,27,7,2,270,39,0.9659258262890683,-0.25881904510252063,-1.0,-1.8369701987210297e-16,0.9749279121818236,-0.22252093395631434,3,0,0,19.0,29.0,37.0,23.0,36.0,48.0,25.0,5.291502622130158,29.0,19.0,29.0,6.066300355240593,37.0,19.0,30.666666666666668,5.928871321888142,40.0,19.0,38.125,10.86403119992983,61.0,19.0,25.8,25.8,25.3,88.0,93.0,95.0,1.33,2.8,2.4,1007.0,1006.0,1007.0,2218.8,172.0,51.6,300.0,0.7987929351202628,6.857761853178902,2.8330972418965086,22.188000000000002,24.8,0.025595212703162003,665.64,7396,4.0,1016064,239.10000000000002,39.85,8.0,-10.0,0.0
74,81.9,12.0,37.0,28.8,57.0,100,3.5,1008,82,27.0,1.1,2.33,2023,9,27,8,2,270,39,0.8660254037844387,-0.4999999999999998,-1.0,-1.8369701987210297e-16,0.9749279121818236,-0.22252093395631434,3,0,0,27.0,19.0,29.0,33.0,40.0,61.0,23.0,4.000000000001336,27.0,19.0,27.333333333333332,6.121002096606292,37.0,19.0,29.25,5.512382754885263,37.0,19.0,36.541666666666664,10.129505617648638,54.0,19.0,25.8,25.8,25.5,86.0,90.0,94.0,2.0,0.66,2.8,1008.0,1006.0,1007.0,2214.0,191.06,62.910000000000004,350.0,0.7985833825214401,6.824431297391885,3.083076410299142,22.14,25.835,0.026785687712611396,729.0,6724,5.4289000000000005,1016064,239.70000000000002,39.95,-4.0,-6.0,1.1999999999999993
69,81.5,12.0,40.0,26.3,64.0,100,3.0,1008,77,28.1,1.7,2.66,2023,9,27,9,2,270,39,0.7071067811865476,-0.7071067811865475,-1.0,-1.8369701987210297e-16,0.9749279121818236,-0.22252093395631434,3,0,0,23.0,27.0,19.0,29.0,36.0,54.0,23.666666666666668,3.055050463305624,27.0,21.0,26.0,6.542170893517823,37.0,19.0,28.0,5.543218625245248,37.0,19.0,35.166666666666664,9.893637246787348,54.0,19.0,27.0,25.8,25.6,82.0,88.0,93.0,2.33,1.33,2.8,1008.0,1007.0,1006.0,2163.7000000000003,204.82000000000002,74.74600000000001,300.0,0.79844872818524,6.7911007416048665,3.333055578701775,21.637000000000004,26.770000000000003,0.027876956471273345,789.6100000000001,5929,7.0756000000000006,1016064,244.8,40.800000000000004,-2.0,2.0,1.1000000000000014
69,81.1,12.0,43.0,26.3,71.0,100,0.5,1009,73,29.3,2.5,3.0,2023,9,27,10,2,270,39,0.49999999999999994,-0.8660254037844387,-1.0,-1.8369701987210297e-16,0.9749279121818236,-0.22252093395631434,3,0,0,21.0,23.0,27.0,37.0,30.0,54.0,21.666666666666668,1.15470053838398,23.0,21.0,23.333333333333332,3.8815804341348046,29.0,19.0,27.25,5.848465222136379,37.0,19.0,33.791666666666664,9.445399923250866,53.0,19.0,28.1,25.8,25.8,77.0,86.0,93.0,2.66,2.0,2.8,1008.0,1008.0,1006.0,2138.9,219.0,87.9,50.0,0.79844872818524,6.757770185817848,3.583034747104408,21.389,27.8,0.02903862335121571,858.49,5329,9.0,1018081,254.4,42.4,0.0,-6.0,1.1999999999999993
67,78.0,11.3,49.3,25.0,72.0,91,1.25,1008,78,28.5,3.0,3.0,2023,9,27,11,2,270,39,0.258819045102521,-0.9659258262890682,-1.0,-1.8369701987210297e-16,0.9749279121818236,-0.22252093395631434,3,0,0,21.0,21.0,23.0,29.0,31.0,53.0,20.666666666666668,0.5773502691992318,21.0,20.0,21.833333333333332,2.8577380332455165,27.0,19.0,26.333333333333332,6.065301211635927,37.0,19.0,32.416666666666664,8.91465167534634,50.0,19.0,29.3,27.0,25.8,73.0,82.0,90.0,3.0,2.33,0.66,1009.0,1008.0,1006.0,2223.0,234.0,85.5,113.75,0.7999680012799487,6.902044066896734,4.362445801256525,22.23,27.0,0.02827378147442314,812.25,6084,9.0,1016064,255.6,42.6,-1.0,-3.0,-0.8000000000000007
65,74.9,10.7,55.7,23.8,73.0,83,3.0,1008,83,27.8,3.2,3.0,2023,9,27,12,2,270,39,1.2246467991473532e-16,-1.0,-1.0,-1.8369701987210297e-16,0.9749279121818236,-0.22252093395631434,3,1,0,20.0,21.0,21.0,19.0,34.0,38.0,20.0,1.000000000005603,21.0,19.0,21.833333333333332,2.8577380332455165,27.0,19.0,25.083333333333332,5.884623002264599,37.0,19.0,31.625,9.235152596371218,50.0,19.0,28.5,28.1,25.8,78.0,77.0,88.0,3.0,2.66,1.33,1008.0,1008.0,1007.0,2307.4,249.0,83.4,249.0,0.7982857863114995,6.9993458555275225,5.20512101672741,23.074,26.3,0.027579337718910996,772.84,6889,9.0,1016064,257.1,42.85,-1.0,-2.0,-0.6999999999999993
95,71.8,10.0,62.0,41.3,74.0,75,4.0,1008,89,27.0,2.8,3.0,2023,9,27,13,2,270,39,-0.2588190451025208,-0.9659258262890683,-1.0,-1.8369701987210297e-16,0.9749279121818236,-0.22252093395631434,3,1,0,19.0,20.0,21.0,27.0,23.0,43.0,24.0,7.810249675907328,33.0,19.0,22.833333333333332,5.154286242212211,33.0,19.0,25.916666666666668,6.258933010045401,37.0,19.0,31.208333333333332,8.919832161935693,50.0,19.0,27.8,29.3,25.8,83.0,73.0,86.0,3.0,3.0,2.0,1008.0,1009.0,1008.0,2403.0,267.0,81.0,300.0,0.7990121304568898,7.179282071792821,6.199380061993801,24.03,25.5,0.026785687712611396,729.0,7921,9.0,1016064,292.1,48.68333333333334,14.0,12.0,-0.8000000000000007
82,74.3,10.3,60.7,33.8,71.3,83,1.0,1007,88,27.3,2.2,2.33,2023,9,27,14,2,270,39,-0.4999999999999997,-0.8660254037844388,-1.0,-1.8369701987210297e-16,0.9749279121818236,-0.22252093395631434,3,1,0,33.0,19.0,20.0,23.0,33.0,46.0,26.333333333333332,7.023769168569213,33.0,19.0,23.5,5.4313902455993235,33.0,19.0,25.416666666666668,5.869154087001241,37.0,19.0,30.416666666666668,8.376554582086067,50.0,19.0,27.0,28.5,27.0,89.0,78.0,82.0,3.0,3.0,2.33,1008.0,1008.0,1008.0,2402.4,205.04000000000002,63.609,83.0,0.7987929351202628,7.212891952237646,5.892631783322008,24.024,26.135,0.027110201479442424,745.2900000000001,7744,5.4289000000000005,1014049,277.40000000000003,46.23333333333334,-6.0,7.0,0.3000000000000007
102,76.8,10.7,59.3,45.0,68.7,91,0.5,1007,86,27.7,1.4,1.66,2023,9,27,15,2,270,39,-0.7071067811865471,-0.7071067811865479,-1.0,-1.8369701987210297e-16,0.9749279121818236,-0.22252093395631434,3,1,0,27.0,33.0,19.0,21.0,29.0,50.0,32.0,4.58257569495684,36.0,27.0,26.0,7.21110255092741,36.0,19.0,26.0,6.564366617648853,37.0,19.0,29.833333333333332,7.381920727235458,48.0,19.0,27.3,27.8,28.1,88.0,83.0,77.0,2.33,3.0,2.66,1007.0,1008.0,1008.0,2382.2,142.76,45.982,45.5,0.7999822226172753,7.176899355200449,5.54153817400243,23.822,26.87,0.02750742054873828,767.29,7396,2.7556,1014049,296.5,49.416666666666664,9.0,17.0,0.3999999999999986
69,79.4,11.0,58.0,26.3,66.0,100,2.5,1007,85,28.0,0.9,1.0,2023,9,27,16,2,270,39,-0.8660254037844385,-0.5000000000000004,-1.0,-1.8369701987210297e-16,0.9749279121818236,-0.22252093395631434,3,1,0,36.0,27.0,33.0,21.0,37.0,30.0,28.0,7.549834435271402,36.0,21.0,26.0,7.21110255092741,36.0,19.0,24.666666666666668,5.694228870025885,36.0,19.0,29.458333333333332,7.5985076719431905,48.0,19.0,27.7,27.0,29.3,86.0,89.0,73.0,1.66,3.0,3.0,1007.0,1008.0,1009.0,2380.0,85.0,28.0,250.0,0.79844872818524,7.217525679483685,5.272247977456595,23.8,27.5,0.02780533485071018,784.0,7225,1.0,1014049,261.70000000000005,43.616666666666674,-15.0,-12.0,0.3000000000000007
54,104.1,14.7,51.0,17.5,73.3,91,1.5,1007,86,27.6,0.7,1.0,2023,9,27,17,2,270,39,-0.9659258262890683,-0.25881904510252063,-1.0,-1.8369701987210297e-16,0.9749279121818236,-0.22252093395631434,3,1,0,21.0,36.0,27.0,20.0,29.0,48.0,23.666666666666668,11.239810200058715,36.0,14.0,25.0,8.50881895447257,36.0,14.0,23.416666666666668,6.273440890456745,36.0,14.0,28.041666666666668,7.1473872798061775,40.0,14.0,28.0,27.3,28.5,85.0,88.0,78.0,1.0,2.33,3.0,1007.0,1007.0,1008.0,2373.6,86.0,27.6,136.5,0.7999542883263813,7.081150942112782,3.469151758383784,23.736,27.1,0.02740811578141432,761.7600000000001,7396,1.0,1014049,274.6,45.76666666666667,-7.0,-13.0,-0.3999999999999986
65,128.8,18.3,44.0,23.8,80.7,83,0.75,1007,87,27.2,0.0,1.0,2023,9,27,18,2,270,39,-1.0,-1.8369701987210297e-16,-1.0,-1.8369701987210297e-16,0.9749279121818236,-0.22252093395631434,3,2,0,14.0,21.0,36.0,19.0,19.0,34.0,18.0,3.6055512754655936,21.0,14.0,25.0,8.50881895447257,36.0,14.0,23.416666666666668,6.273440890456745,36.0,14.0,27.416666666666668,7.258677964829406,40.0,14.0,27.6,27.7,27.8,86.0,86.0,83.0,1.0,1.66,3.0,1007.0,1007.0,1008.0,2366.4,87.0,27.2,62.25,0.7982857863114995,7.037866783235889,2.4042402054532537,23.664,26.7,0.027010896712118457,739.8399999999999,7569,1.0,1014049,314.6,52.43333333333334,5.0,-17.0,-0.40000000000000213
54,153.5,22.0,37.0,17.5,88.0,75,1.0,1008,87,26.8,0.0,1.0,2023,9,27,19,2,270,39,-0.9659258262890684,0.2588190451025203,-1.0,-1.8369701987210297e-16,0.9749279121818236,-0.22252093395631434,3,2,0,19.0,14.0,21.0,33.0,27.0,36.0,15.666666666666666,2.886751345950201,19.0,14.0,21.833333333333332,8.471520918150292,36.0,14.0,22.333333333333332,6.705944897603269,36.0,14.0,26.5,7.512308740240486,40.0,14.0,27.2,28.0,27.0,87.0,85.0,89.0,1.0,1.0,3.0,1007.0,1007.0,1008.0,2331.6,87.0,26.8,75.0,0.7999542883263813,6.9769555929275935,1.681741739011863,23.316,26.3,0.026587275211036498,718.24,7569,1.0,1016064,332.0,55.333333333333336,-5.0,-7.0,-0.3999999999999986
72,137.3,20.0,36.0,27.5,84.0,75,1.75,1009,89,26.7,0.0,1.0,2023,9,27,20,2,270,39,-0.8660254037844386,0.5000000000000001,-1.0,-1.8369701987210297e-16,0.9749279121818236,-0.22252093395631434,3,2,0,14.0,19.0,14.0,27.0,23.0,40.0,18.333333333333332,4.041451884328804,22.0,14.0,21.0,8.099382692526092,36.0,14.0,22.25,6.703120033373455,36.0,14.0,25.75,6.98601086644477,37.0,14.0,26.8,27.6,27.3,87.0,86.0,88.0,1.0,1.0,2.33,1008.0,1007.0,1007.0,2376.2999999999997,89.0,26.7,131.25,0.7999709101487218,6.864656767161642,1.799910004499775,23.762999999999998,26.2,0.026461817183531036,712.89,7921,1.0,1018081,326.8,54.46666666666667,8.0,8.0,-0.10000000000000142
50,121.2,18.0,35.0,15.0,80.0,75,1.5,1009,92,26.5,0.0,1.0,2023,9,27,21,2,270,39,-0.7071067811865477,0.7071067811865474,-1.0,-1.8369701987210297e-16,0.9749279121818236,-0.22252093395631434,3,2,0,22.0,14.0,19.0,36.0,21.0,36.0,16.0,5.291502622130307,22.0,12.0,17.0,4.195235392679503,22.0,12.0,21.5,7.329888998290988,36.0,12.0,24.75,7.170288939663289,37.0,12.0,26.7,27.2,27.7,89.0,87.0,86.0,1.0,1.0,1.66,1009.0,1007.0,1007.0,2438.0,92.0,26.5,112.5,0.7999466702219852,6.7329592800399976,1.9443364257541247,24.38,26.0,0.026263601324478372,702.25,8464,1.0,1018081,281.2,46.86666666666667,-10.0,-7.0,-0.1999999999999993
59,105.0,16.0,34.0,20.0,76.0,75,0.5,1010,94,26.4,0.0,1.0,2023,9,27,22,2,270,39,-0.5000000000000004,0.8660254037844384,-1.0,-1.8369701987210297e-16,0.9749279121818236,-0.22252093395631434,3,3,0,12.0,22.0,14.0,21.0,21.0,30.0,16.666666666666668,5.033222956848339,22.0,12.0,16.166666666666668,3.710345895823908,22.0,12.0,21.083333333333332,7.501010032998633,36.0,12.0,24.166666666666668,7.293038173292246,37.0,12.0,26.5,26.8,28.0,92.0,87.0,85.0,1.0,1.0,1.0,1009.0,1008.0,1007.0,2481.6,94.0,26.4,37.5,0.7999600019998999,6.562089869383163,2.1248671958002623,24.816,25.9,0.026138587981596056,696.9599999999999,8836,1.0,1020100,267.0,44.5,4.0,2.0,-0.10000000000000142
76,94.3,15.0,34.3,30.0,71.0,75,0.5,1009,94,26.1,0.0,1.0,2023,9,27,23,2,270,39,-0.25881904510252157,0.9659258262890681,-1.0,-1.8369701987210297e-16,0.9749279121818236,-0.22252093395631434,3,3,0,16.0,12.0,22.0,14.0,20.0,31.0,17.333333333333332,6.110100926608742,24.0,12.0,17.833333333333332,4.665476038590008,24.0,12.0,21.416666666666668,7.537281078784353,36.0,12.0,23.875,7.14637335813833,37.0,12.0,26.4,26.7,27.6,94.0,89.0,86.0,1.0,1.0,1.0,1010.0,1009.0,1007.0,2453.4,94.0,26.1,37.5,0.7999733342221925,6.286247583494434,2.2865142323845076,24.534000000000002,25.6,0.025867169606373037,681.21,8836,1.0,1018081,268.6,44.76666666666667,8.0,2.0,-0.29999999999999716
69,83.6,14.0,34.7,26.3,66.0,75,1.5,1009,94,25.8,0.0,1.0,2023,9,28,0,3,271,39,0.0,1.0,-1.0,-1.8369701987210297e-16,0.43388373911755823,-0.900968867902419,3,3,0,24.0,16.0,12.0,19.0,19.0,34.0,20.333333333333332,4.041451884328759,24.0,16.0,18.166666666666668,4.833908011811721,24.0,12.0,21.583333333333332,7.501010032998625,36.0,12.0,23.333333333333332,6.831300510639434,37.0,12.0,26.1,26.5,27.2,94.0,92.0,87.0,1.0,1.0,1.0,1009.0,1009.0,1007.0,2425.2000000000003,94.0,25.8,112.5,0.79844872818524,5.971002071280623,2.4783944003999716,24.252000000000002,25.3,0.025569845817794038,665.64,8836,1.0,1018081,245.60000000000002,40.93333333333334,-3.0,9.0,-0.3000000000000007
72,73.0,13.0,35.0,27.5,61.0,75,2.25,1009,95,25.5,0.0,1.0,2023,9,28,1,3,271,39,0.25881904510252074,0.9659258262890683,-1.0,-1.8369701987210297e-16,0.43388373911755823,-0.900968867902419,3,3,0,21.0,24.0,16.0,14.0,33.0,23.0,22.333333333333332,1.5275252316554782,24.0,21.0,19.5,4.549725266429943,24.0,12.0,20.666666666666668,6.596601512532513,36.0,12.0,23.291666666666668,6.836469764474615,37.0,12.0,25.8,26.4,26.8,94.0,94.0,87.0,1.0,1.0,1.0,1009.0,1010.0,1008.0,2422.5,95.0,25.5,168.75,0.7999709101487218,5.6149526959464655,2.692100607645566,24.225,25.0,0.025272522029215035,650.25,9025,1.0,1018081,231.5,38.583333333333336,1.0,6.0,-0.3000000000000007
72,74.7,13.0,34.0,27.5,58.0,70,2.25,1009,95,25.5,0.0,1.0,2023,9,28,2,3,271,39,0.49999999999999994,0.8660254037844387,-1.0,-1.8369701987210297e-16,0.43388373911755823,-0.900968867902419,3,3,0,22.0,21.0,24.0,22.0,27.0,33.0,21.666666666666668,0.5773502691990721,22.0,21.0,19.5,4.549725266429943,24.0,12.0,20.25,6.311965548931958,36.0,12.0,22.833333333333332,6.518646609779059,37.0,12.0,25.5,26.1,26.7,95.0,94.0,89.0,1.0,1.0,1.0,1009.0,1009.0,1009.0,2422.5,95.0,25.5,157.5,0.7999709101487218,5.745711868317822,2.615183447427121,24.225,25.0,0.025272522029215035,650.25,9025,1.0,1018081,229.2,38.199999999999996,0.0,-2.0,0.0
76,76.5,13.0,33.0,30.0,55.0,66,2.5,1009,96,25.6,0.0,1.0,2023,9,28,3,3,271,39,0.7071067811865476,0.7071067811865476,-1.0,-1.8369701987210297e-16,0.43388373911755823,-0.900968867902419,3,3,0,22.0,22.0,21.0,12.0,36.0,29.0,22.666666666666668,1.1547005383839,24.0,22.0,21.5,2.949576240749036,24.0,16.0,19.25,4.1805828214816865,24.0,12.0,22.625,6.391655565623095,37.0,12.0,25.5,25.8,26.5,95.0,94.0,92.0,1.0,1.0,1.0,1009.0,1009.0,1009.0,2457.6000000000004,96.0,25.6,165.0,0.7999733342221925,5.884162756711023,2.5382662872086765,24.576000000000004,25.1,0.02537162995874137,655.3600000000001,9216,1.0,1018081,231.5,38.583333333333336,2.0,3.0,0.10000000000000142
95,78.2,13.0,32.0,41.3,52.0,62,2.25,1009,96,25.6,0.0,1.0,2023,9,28,4,3,271,39,0.8660254037844386,0.5000000000000001,-1.0,-1.8369701987210297e-16,0.43388373911755823,-0.900968867902419,3,3,0,24.0,22.0,22.0,16.0,21.0,37.0,26.333333333333332,5.859465277083179,33.0,22.0,24.333333333333332,4.412104562072184,33.0,21.0,20.25,5.77022136017756,33.0,12.0,22.458333333333332,6.043171976390152,36.0,12.0,25.6,25.5,26.4,96.0,95.0,94.0,1.0,1.0,1.0,1009.0,1009.0,1010.0,2457.6000000000004,96.0,25.6,139.5,0.7990121304568898,6.014921929082378,2.4613491269902315,24.576000000000004,25.1,0.02537162995874137,655.3600000000001,9216,1.0,1018081,249.5,41.583333333333336,9.0,11.0,0.0
80,78.6,13.0,31.3,32.5,52.0,70,2.0,1009,96,25.5,0.0,1.33,2023,9,28,5,3,271,39,0.9659258262890683,0.25881904510252074,-1.0,-1.8369701987210297e-16,0.43388373911755823,-0.900968867902419,3,3,0,33.0,24.0,22.0,24.0,14.0,29.0,27.666666666666668,4.725815626253656,33.0,24.0,24.666666666666668,4.4572039067848594,33.0,21.0,21.25,5.626641174722759,33.0,12.0,22.333333333333332,5.931981607953344,36.0,12.0,25.6,25.5,26.1,96.0,95.0,94.0,1.0,1.0,1.0,1009.0,1009.0,1009.0,2448.0,127.68,33.915,140.0,0.7999753853727578,6.045688793169756,2.4075071148373204,24.48,24.835,0.025272522029215035,650.25,9216,1.7689000000000001,1018081,233.39999999999998,38.9,-7.0,4.0,-0.10000000000000142
69,79.0,13.0,30.7,26.3,52.0,79,4.75,1010,96,25.3,0.6,1.66,2023,9,28,6,3,271,39,1.0,6.123233995736766e-17,-1.0,-1.8369701987210297e-16,0.43388373911755823,-0.900968867902419,3,0,0,26.0,33.0,24.0,21.0,19.0,19.0,26.666666666666668,6.027713773342543,33.0,21.0,24.666666666666668,4.4572039067848594,33.0,21.0,21.416666666666668,5.583389868550913,33.0,12.0,22.416666666666668,5.897063872711227,36.0,12.0,25.5,25.6,25.8,96.0,96.0,94.0,1.33,1.0,1.0,1009.0,1009.0,1009.0,2428.8,159.35999999999999,41.998,375.25,0.79844872818524,6.076455657257134,2.3613568187062532,24.288,24.470000000000002,0.025049480149029555,640.09,9216,2.7556,1020100,222.0,37.0,-5.0,-3.0,-0.1999999999999993
76,79.4,13.0,30.0,30.0,52.0,87,9.25,1010,97,25.2,0.7,2.0,2023,9,28,7,3,271,39,0.9659258262890683,-0.25881904510252063,-1.0,-1.8369701987210297e-16,0.43388373911755823,-0.900968867902419,3,0,0,21.0,26.0,33.0,22.0,14.0,27.0,23.666666666666668,2.5166114784256868,26.0,21.0,25.0,4.289522117904462,33.0,21.0,22.25,5.101247619232147,33.0,12.0,22.291666666666668,5.827067027666904,36.0,12.0,25.3,25.6,25.5,96.0,96.0,95.0,1.66,1.0,1.0,1010.0,1009.0,1009.0,2444.4,194.0,50.4,804.75,0.7999733342221925,6.107222521344513,2.307514806553342,24.444000000000003,24.2,0.024950470346068964,635.04,9409,4.0,1020100,228.4,38.06666666666667,3.0,-9.0,-0.10000000000000142
50,79.4,12.7,32.7,15.0,63.3,83,13.5,1011,96,24.9,1.1,1.66,2023,9,28,8,3,271,39,0.8660254037844387,-0.4999999999999998,-1.0,-1.8369701987210297e-16,0.43388373911755823,-0.900968867902419,3,0,0,24.0,21.0,26.0,22.0,22.0,23.0,19.0,6.24499799839931,24.0,12.0,23.333333333333332,6.8605150438329385,33.0,12.0,21.416666666666668,5.900051360844295,33.0,12.0,21.833333333333332,6.190221367584937,36.0,12.0,25.2,25.5,25.5,97.0,96.0,95.0,2.0,1.33,1.0,1010.0,1009.0,1009.0,2390.3999999999996,159.35999999999999,41.333999999999996,1120.5,0.7999466702219852,6.2514762617116775,2.5746004251633736,23.903999999999996,24.07,0.024629055757610527,620.0099999999999,9216,2.7556,1022121,215.10000000000002,35.85,-12.0,-14.0,-0.3000000000000007
37,79.4,12.3,35.3,11.3,74.7,79,18.5,1012,95,24.7,1.7,1.33,2023,9,28,9,3,271,39,0.7071067811865476,-0.7071067811865475,-1.0,-1.8369701987210297e-16,0.43388373911755823,-0.900968867902419,3,0,0,12.0,24.0,21.0,24.0,12.0,21.0,15.0,7.9372539331945315,24.0,9.0,20.833333333333332,8.975893641674784,33.0,9.0,21.166666666666668,6.379417661273192,33.0,9.0,21.333333333333332,6.722232203449694,36.0,9.0,24.9,25.3,25.6,96.0,96.0,96.0,1.66,1.66,1.0,1011.0,1010.0,1009.0,2346.5,126.35000000000001,32.851,1461.5,0.7963897000265463,6.454759775627998,2.8696853914315907,23.465,24.035,0.024407090506827562,610.0899999999999,9025,1.7689000000000001,1024144,222.0,37.0,-3.0,-12.0,-0.1999999999999993
150,79.4,12.0,38.0,67.5,86.0,75,15.25,1012,95,24.4,2.5,1.0,2023,9,28,10,3,271,39,0.49999999999999994,-0.8660254037844387,-1.0,-1.8369701987210297e-16,0.43388373911755823,-0.900968867902419,3,0,0,9.0,12.0,24.0,33.0,16.0,21.0,25.0,25.159491250818455,54.0,9.0,24.333333333333332,16.008331164323724,54.0,9.0,24.333333333333332,11.195237082497504,54.0,9.0,22.708333333333332,9.46609127665514,54.0,9.0,24.7,25.2,25.6,95.0,97.0,96.0,1.33,2.0,1.0,1012.0,1010.0,1009.0,2318.0,95.0,24.4,1143.75,0.7999881483237284,6.616115323723024,3.1664027997666864,23.18,23.9,0.024110648112007794,595.3599999999999,9025,1.0,1024144,336.9,56.15,45.0,30.0,-0.3000000000000007
72,77.6,11.7,46.0,27.5,87.3,75,9.0,1012,95,24.6,3.0,1.0,2023,9,28,11,3,271,39,0.258819045102521,-0.9659258262890682,-1.0,-1.8369701987210297e-16,0.43388373911755823,-0.900968867902419,3,0,0,54.0,9.0,12.0,26.0,24.0,20.0,28.333333333333332,23.15887159024254,54.0,9.0,23.666666666666668,16.008331164323724,54.0,9.0,24.166666666666668,11.215519550510031,54.0,9.0,22.791666666666668,9.450001917030475,54.0,9.0,24.4,24.9,25.5,95.0,96.0,96.0,1.0,1.66,1.33,1012.0,1011.0,1009.0,2337.0,95.0,24.6,675.0,0.7999709101487218,6.631911802410051,3.931287924109051,23.37,24.1,0.024308276375220976,605.1600000000001,9025,1.0,1024144,272.1,45.35,-32.0,10.0,0.20000000000000284
61,75.9,11.3,54.0,21.3,88.7,75,5.75,1011,95,24.8,3.2,1.0,2023,9,28,12,3,271,39,1.2246467991473532e-16,-1.0,-1.0,-1.8369701987210297e-16,0.43388373911755823,-0.900968867902419,3,1,0,22.0,54.0,9.0,21.0,21.0,19.0,31.0,20.074859899884963,54.0,17.0,23.0,16.223439832538332,54.0,9.0,23.833333333333332,11.376477593009026,54.0,9.0,22.708333333333332,9.49360959742928,54.0,9.0,24.6,24.7,25.3,95.0,95.0,96.0,1.0,1.33,1.66,1012.0,1012.0,1010.0,2356.0,95.0,24.8,431.25,0.7980845969672785,6.716219803557208,4.778338200159278,23.56,24.3,0.024530143887098035,615.0400000000001,9025,1.0,1022121,268.2,44.699999999999996,-5.0,8.0,0.1999999999999993
69,74.1,11.0,62.0,26.3,90.0,75,3.25,1010,95,25.0,2.8,1.0,2023,9,28,13,3,271,39,-0.2588190451025208,-0.9659258262890683,-1.0,-1.8369701987210297e-16,0.43388373911755823,-0.900968867902419,3,1,0,17.0,22.0,54.0,24.0,22.0,33.0,20.0,2.645751311066691,22.0,17.0,22.5,16.23268308074766,54.0,9.0,23.75,11.39477551735457,54.0,9.0,22.208333333333332,9.240643524864403,54.0,9.0,24.8,24.4,25.2,95.0,95.0,97.0,1.0,1.0,2.0,1011.0,1012.0,1010.0,2375.0,95.0,25.0,243.75,0.79844872818524,6.7357512953367875,5.635851286246705,23.75,24.5,0.024752450740147782,625.0,9025,1.0,1020100,284.4,47.4,4.0,-33.0,0.1999999999999993
54,83.3,12.7,61.3,17.5,93.0,75,1.25,1010,95,25.2,2.2,0.66,2023,9,28,14,3,271,39,-0.4999999999999997,-0.8660254037844388,-1.0,-1.8369701987210297e-16,0.43388373911755823,-0.900968867902419,3,1,0,21.0,17.0,22.0,12.0,22.0,27.0,17.333333333333332,3.511884584285893,21.0,14.0,22.833333333333332,15.992706671062844,54.0,9.0,23.083333333333332,11.735403570806211,54.0,9.0,21.666666666666668,9.328155913878051,54.0,9.0,25.0,24.6,24.9,95.0,95.0,96.0,1.0,1.0,1.66,1010.0,1012.0,1011.0,2394.0,62.7,16.632,93.75,0.7999542883263813,6.558538697740336,4.826391622706874,23.94,24.87,0.024950470346068964,635.04,9025,0.43560000000000004,1020100,281.8,46.96666666666667,-7.0,-8.0,0.1999999999999993
91,92.4,14.3,60.7,38.8,96.0,75,1.75,1009,94,25.4,1.4,0.33,2023,9,28,15,3,271,39,-0.7071067811865471,-0.7071067811865479,-1.0,-1.8369701987210297e-16,0.43388373911755823,-0.900968867902419,3,1,0,14.0,21.0,17.0,9.0,24.0,36.0,22.0,8.544003745318161,31.0,14.0,26.5,14.652644812455932,54.0,14.0,23.666666666666668,11.956993642621503,54.0,9.0,21.458333333333332,9.045677164387063,54.0,9.0,25.2,24.8,24.7,95.0,95.0,95.0,0.66,1.0,1.33,1010.0,1011.0,1012.0,2387.6,31.020000000000003,8.382,131.25,0.7989484807092602,6.4610866372980915,4.244458429480456,23.875999999999998,25.235,0.0251734140996887,645.16,8836,0.10890000000000001,1018081,333.2,55.53333333333333,17.0,14.0,0.1999999999999993
82,101.5,16.0,60.0,33.8,99.0,75,1.75,1009,94,25.6,0.9,1.2,2023,9,28,16,3,271,39,-0.8660254037844385,-0.5000000000000004,-1.0,-1.8369701987210297e-16,0.43388373911755823,-0.900968867902419,3,1,0,31.0,14.0,21.0,54.0,33.0,21.0,24.0,8.888194417316175,31.0,14.0,22.0,6.26099033699871,31.0,14.0,23.166666666666668,11.652805618728607,54.0,9.0,21.708333333333332,9.11510531631594,54.0,9.0,25.4,25.0,24.4,94.0,95.0,95.0,0.33,1.0,1.0,1009.0,1010.0,1012.0,2406.4,112.8,30.72,131.25,0.7987929351202628,6.343353540403724,3.7497656396475216,24.064,25.0,0.02537162995874137,655.3600000000001,8836,1.44,1018081,337.3,56.21666666666667,-4.0,6.0,0.20000000000000284
50,162.0,23.0,52.7,15.0,119.3,72,1.5,1009,94,25.5,0.7,1.2,2023,9,28,17,3,271,39,-0.9659258262890683,-0.25881904510252063,-1.0,-1.8369701987210297e-16,0.43388373911755823,-0.900968867902419,3,1,0,27.0,31.0,14.0,22.0,26.0,14.0,23.333333333333332,10.016652800878338,31.0,12.0,20.333333333333332,7.474400756358847,31.0,12.0,22.0,12.037819192407127,54.0,9.0,21.625,9.197412206938573,54.0,9.0,25.6,25.2,24.6,94.0,95.0,95.0,1.2,0.66,1.0,1009.0,1010.0,1012.0,2397.0,112.8,30.599999999999998,108.0,0.7999466702219852,7.043172035998435,2.2912047302291203,23.97,24.9,0.025272522029215035,650.25,8836,1.44,1018081,384.0,64.0,-15.0,-2.0,-0.10000000000000142
52,222.5,30.0,45.3,16.3,139.7,70,0.0,1010,94,25.5,0.0,1.2,2023,9,28,18,3,271,39,-1.0,-1.8369701987210297e-16,-1.0,-1.8369701987210297e-16,0.43388373911755823,-0.900968867902419,3,2,0,12.0,27.0,31.0,17.0,21.0,19.0,17.333333333333332,8.386497083606772,27.0,12.0,19.666666666666668,7.9916623218613045,31.0,12.0,21.333333333333332,12.316532373073368,54.0,9.0,21.375,9.352109736403536,54.0,9.0,25.5,25.4,24.8,94.0,94.0,95.0,1.2,0.33,1.0,1009.0,1009.0,1011.0,2397.0,112.8,30.599999999999998,0.0,0.7974970860683392,7.41641945268491,1.5099496683443883,23.97,24.9,0.025247499754950737,650.25,8836,1.44,1020100,466.8,77.8,1.0,-18.0,0.0
52,283.0,37.0,38.0,16.3,160.0,68,0.0,1010,94,25.4,0.0,1.2,2023,9,28,19,3,271,39,-0.9659258262890684,0.2588190451025203,-1.0,-1.8369701987210297e-16,0.43388373911755823,-0.900968867902419,3,2,0,13.0,12.0,27.0,21.0,24.0,14.0,12.666666666666666,0.5773502692002963,13.0,12.0,18.333333333333332,8.382521498132736,31.0,12.0,20.416666666666668,12.507876306430461,54.0,9.0,21.333333333333332,9.388553005454384,54.0,9.0,25.5,25.6,25.0,94.0,94.0,95.0,1.2,1.2,1.0,1010.0,1009.0,1010.0,2387.6,112.8,30.479999999999997,0.0,0.7974970860683392,7.648441934001784,1.0269992702899922,23.875999999999998,24.799999999999997,0.025148489951990146,645.16,8836,1.44,1020100,547.3,91.21666666666665,0.0,-14.0,-0.10000000000000142
76,319.8,38.7,33.3,30.0,159.7,66,0.0,1011,94,25.3,0.0,1.2,2023,9,28,20,3,271,39,-0.8660254037844386,0.5000000000000001,-1.0,-1.8369701987210297e-16,0.43388373911755823,-0.900968867902419,3,2,0,13.0,13.0,12.0,14.0,12.0,22.0,16.666666666666668,6.350852961086799,24.0,13.0,20.0,8.342661445845144,31.0,12.0,21.416666666666668,12.25085031062448,54.0,9.0,21.416666666666668,9.403591666585633,54.0,9.0,25.4,25.5,25.2,94.0,94.0,95.0,1.2,1.2,0.66,1010.0,1009.0,1010.0,2378.2000000000003,112.8,30.36,0.0,0.7999733342221925,8.263352368155862,0.8604428826128523,23.782000000000004,24.7,0.025024703239660495,640.09,8836,1.44,1022121,605.5,100.91666666666667,11.0,12.0,-0.09999999999999787
110,356.6,40.3,28.7,48.8,159.3,64,0.5,1011,94,25.3,0.0,1.6,2023,9,28,21,3,271,39,-0.7071067811865477,0.7071067811865474,-1.0,-1.8369701987210297e-16,0.43388373911755823,-0.900968867902419,3,2,0,24.0,13.0,13.0,31.0,9.0,12.0,25.333333333333332,13.051181300301652,39.0,13.0,21.333333333333332,10.745541711177609,39.0,12.0,23.916666666666668,12.544164404457343,54.0,12.0,22.541666666666668,9.833302628298673,54.0,9.0,25.3,25.5,25.4,94.0,94.0,94.0,1.2,1.2,0.33,1011.0,1010.0,1009.0,2378.2000000000003,150.4,40.480000000000004,32.0,0.7991639515583698,8.848415672067693,0.7121411379370239,23.782000000000004,24.5,0.025024703239660495,640.09,8836,2.5600000000000005,1022121,672.7,112.11666666666667,15.0,26.0,0.0
82,393.3,42.0,24.0,33.8,159.0,62,1.0,1012,94,25.2,0.0,1.6,2023,9,28,22,3,271,39,-0.5000000000000004,0.8660254037844384,-1.0,-1.8369701987210297e-16,0.43388373911755823,-0.900968867902419,3,3,0,39.0,24.0,13.0,27.0,54.0,16.0,30.0,7.937253933194362,39.0,24.0,21.333333333333332,10.745541711177609,39.0,12.0,21.666666666666668,8.391915301302616,39.0,12.0,23.0,9.771297808866585,54.0,9.0,25.3,25.4,25.6,94.0,94.0,94.0,1.6,1.2,1.2,1011.0,1010.0,1009.0,2368.7999999999997,150.4,40.32,62.0,0.7987929351202628,9.364062760410468,0.571414966310326,23.688,24.4,0.02490116116486051,635.04,8836,2.5600000000000005,1024144,679.1,113.18333333333334,-12.0,14.0,-0.10000000000000142
85,340.0,36.7,23.7,35.0,137.0,70,0.5,1011,94,25.1,0.0,0.66,2023,9,28,23,3,271,39,-0.25881904510252157,0.9659258262890681,-1.0,-1.8369701987210297e-16,0.43388373911755823,-0.900968867902419,3,3,0,27.0,39.0,24.0,12.0,22.0,24.0,31.333333333333332,6.658328118480079,39.0,27.0,24.0,9.919677414109366,39.0,13.0,22.166666666666668,8.589987123847928,39.0,12.0,23.166666666666668,9.823072514401195,54.0,9.0,25.2,25.3,25.5,94.0,94.0,94.0,1.6,1.2,1.2,1012.0,1011.0,1009.0,2359.4,62.040000000000006,16.566000000000003,35.0,0.7999771435101855,9.26405275060625,0.6457589711452004,23.594,24.770000000000003,0.024826879498635514,630.0100000000001,8836,0.43560000000000004,1022121,600.4,100.06666666666666,1.0,4.0,-0.09999999999999787
93,286.7,31.3,23.3,40.0,115.0,79,1.0,1011,94,25.0,0.0,1.33,2023,9,29,0,4,272,39,0.0,1.0,-1.0,-1.8369701987210297e-16,-0.433883739117558,-0.9009688679024191,3,3,0,28.0,27.0,39.0,13.0,17.0,21.0,29.0,2.6457513110663897,32.0,27.0,27.166666666666668,8.658329323065653,39.0,13.0,23.416666666666668,8.857029394608773,39.0,12.0,23.625,9.973061542060956,54.0,9.0,25.1,25.3,25.5,94.0,94.0,94.0,0.66,1.6,1.2,1011.0,1011.0,1010.0,2350.0,125.02000000000001,33.25,79.0,0.7999800004999875,9.159451774703683,0.7443851634133094,23.5,24.335,0.02472796762812302,625.0,8836,1.7689000000000001,1022121,528.3,88.05,4.0,-7.0,-0.10000000000000142
69,233.4,26.0,23.0,26.3,93.0,87,1.5,1011,94,24.9,0.0,2.0,2023,9,29,1,4,272,39,0.25881904510252074,0.9659258262890683,-1.0,-1.8369701987210297e-16,-0.433883739117558,-0.9009688679024191,3,3,0,32.0,28.0,27.0,13.0,21.0,22.0,27.0,5.567764362830908,32.0,21.0,28.5,6.348228099240923,39.0,21.0,23.416666666666668,8.857029394608773,39.0,12.0,23.583333333333332,9.982230589213414,54.0,9.0,25.0,25.2,25.4,94.0,94.0,94.0,1.33,1.6,1.2,1011.0,1012.0,1010.0,2340.6,188.0,49.8,130.5,0.79844872818524,8.97657782392985,0.8845813622552978,23.406,23.9,0.024629055757610527,620.0099999999999,8836,4.0,1022121,422.7,70.45,-11.0,-6.0,-0.10000000000000142
59,208.9,24.3,23.7,20.0,94.3,87,0.0,1011,94,24.8,0.0,1.33,2023,9,29,2,4,272,39,0.49999999999999994,0.8660254037844387,-1.0,-1.8369701987210297e-16,-0.433883739117558,-0.9009688679024191,3,3,0,21.0,32.0,28.0,24.0,14.0,22.0,23.0,8.185352771873093,32.0,16.0,27.166666666666668,8.084965470962663,39.0,16.0,23.583333333333332,8.680786865604679,39.0,12.0,23.333333333333332,10.098069839961969,54.0,9.0,24.9,25.1,25.3,94.0,94.0,94.0,2.0,0.66,1.2,1011.0,1011.0,1011.0,2331.2000000000003,125.02000000000001,32.984,0.0,0.7999600019998999,8.596354059503724,0.9752685074688283,23.312,24.135,0.024530143887098035,615.0400000000001,8836,1.7689000000000001,1022121,387.20000000000005,64.53333333333335,-5.0,-12.0,-0.09999999999999787
93,184.4,22.7,24.3,40.0,95.7,87,0.5,1011,95,24.8,0.0,0.66,2023,9,29,3,4,272,39,0.7071067811865476,0.7071067811865476,-1.0,-1.8369701987210297e-16,-0.433883739117558,-0.9009688679024191,3,3,0,16.0,21.0,32.0,39.0,31.0,24.0,23.0,8.185352771873093,32.0,16.0,26.0,6.3560994328276275,32.0,16.0,23.666666666666668,8.762869323907145,39.0,12.0,23.666666666666668,10.251899788593258,54.0,9.0,24.8,25.0,25.3,94.0,94.0,94.0,1.33,1.33,1.6,1011.0,1011.0,1011.0,2356.0,62.7,16.368000000000002,43.5,0.7999800004999875,8.122990176644201,1.0704374256640676,23.56,24.470000000000002,0.024530143887098035,615.0400000000001,9025,0.43560000000000004,1022121,399.09999999999997,66.51666666666667,16.0,0.0,0.0
76,159.9,21.0,25.0,30.0,97.0,87,0.5,1010,95,24.7,0.0,1.2,2023,9,29,4,4,272,39,0.8660254037844386,0.5000000000000001,-1.0,-1.8369701987210297e-16,-0.433883739117558,-0.9009688679024191,3,3,0,32.0,16.0,21.0,27.0,27.0,33.0,24.0,8.000000000000648,32.0,16.0,25.5,6.379655163093975,32.0,16.0,23.416666666666668,8.70170655502075,39.0,12.0,23.291666666666668,10.058434343836584,54.0,9.0,24.8,24.9,25.2,95.0,94.0,94.0,0.66,2.0,1.6,1011.0,1011.0,1012.0,2346.5,114.0,29.639999999999997,43.5,0.7999733342221925,7.613923146516832,1.1904195038331506,23.465,24.099999999999998,0.02445542133126601,610.0899999999999,9025,1.44,1020100,356.9,59.48333333333333,-8.0,3.0,-0.10000000000000142
82,163.8,21.0,29.3,33.8,101.0,91,0.5,1011,94,24.9,0.0,0.8,2023,9,29,5,4,272,39,0.9659258262890683,0.25881904510252074,-1.0,-1.8369701987210297e-16,-0.433883739117558,-0.9009688679024191,3,3,0,24.0,32.0,16.0,28.0,12.0,26.0,27.666666666666668,4.041451884328587,32.0,24.0,25.333333333333332,6.314005596026841,32.0,16.0,24.666666666666668,7.958224257541829,39.0,13.0,23.333333333333332,10.072203103706496,54.0,9.0,24.7,24.8,25.1,95.0,94.0,94.0,1.2,1.33,0.66,1010.0,1011.0,1011.0,2340.6,75.2,19.92,45.5,0.7987929351202628,7.799628589114804,1.3951716584924527,23.406,24.5,0.024629055757610527,620.0099999999999,8836,0.6400000000000001,1022121,375.90000000000003,62.650000000000006,3.0,11.0,0.1999999999999993
74,167.7,21.0,33.7,28.8,105.0,95,0.5,1011,93,25.0,0.7,0.8,2023,9,29,6,4,272,39,1.0,6.123233995736766e-17,-1.0,-1.8369701987210297e-16,-0.433883739117558,-0.9009688679024191,3,0,0,27.0,24.0,32.0,32.0,13.0,21.0,24.666666666666668,2.0816659994685986,27.0,23.0,23.833333333333332,5.41910201663136,32.0,16.0,25.5,7.103136311133212,39.0,13.0,23.416666666666668,10.060325289349855,54.0,9.0,24.9,24.8,25.0,94.0,95.0,94.0,0.8,0.66,1.33,1011.0,1011.0,1011.0,2325.0,74.4,20.0,47.5,0.7985833825214401,7.985334031712775,1.6046854911670874,23.25,24.6,0.02472796762812302,625.0,8649,0.6400000000000001,1022121,379.2,63.199999999999996,-4.0,-9.0,0.10000000000000142
72,171.6,21.0,38.0,27.5,109.0,100,0.5,1012,93,25.2,0.7,1.2,2023,9,29,7,4,272,39,0.9659258262890683,-0.25881904510252063,-1.0,-1.8369701987210297e-16,-0.433883739117558,-0.9009688679024191,3,0,0,23.0,27.0,24.0,21.0,13.0,24.0,24.0,2.6457513110665523,27.0,22.0,24.0,5.329165037788887,32.0,16.0,26.25,6.062177826490535,39.0,16.0,23.333333333333332,10.06356608359266,54.0,9.0,25.0,24.7,24.9,93.0,95.0,94.0,0.8,1.2,2.0,1011.0,1010.0,1011.0,2343.6,111.6,30.24,50.0,0.7999709101487218,8.171039474310746,1.8094376458263892,23.436,24.599999999999998,0.02490116116486051,635.04,8649,1.44,1024144,389.1,64.85000000000001,-1.0,-2.0,0.1999999999999993
89,151.5,19.0,56.3,37.5,122.3,87,0.5,1012,89,26.1,1.1,0.33,2023,9,29,8,4,272,39,0.8660254037844387,-0.4999999999999998,-1.0,-1.8369701987210297e-16,-0.433883739117558,-0.9009688679024191,3,0,0,22.0,23.0,27.0,16.0,24.0,12.0,25.0,4.358898943541845,30.0,22.0,26.333333333333332,4.03319558993342,32.0,22.0,26.75,6.107000454023885,39.0,16.0,24.083333333333332,9.850697025289854,54.0,9.0,25.2,24.9,24.8,93.0,94.0,94.0,1.2,0.8,1.33,1012.0,1011.0,1011.0,2322.9,29.37,8.613000000000001,43.5,0.7999786672355405,7.973264565022893,2.963001947265933,23.229,25.935000000000002,0.025790488349319816,681.21,7921,0.10890000000000001,1024144,416.6,69.43333333333334,8.0,3.0,0.9000000000000021
87,131.5,17.0,74.7,36.3,135.7,75,0.5,1012,86,27.1,2.2,0.66,2023,9,29,9,4,272,39,0.7071067811865476,-0.7071067811865475,-1.0,-1.8369701987210297e-16,-0.433883739117558,-0.9009688679024191,3,0,0,30.0,22.0,23.0,32.0,39.0,9.0,27.0,4.3588989435418055,30.0,22.0,25.833333333333332,3.311595788537352,30.0,22.0,25.916666666666668,4.832810839051555,32.0,16.0,24.916666666666668,9.352593998070832,54.0,12.0,26.1,25.0,24.8,89.0,93.0,95.0,0.33,0.8,0.66,1012.0,1011.0,1011.0,2330.6,56.760000000000005,17.886000000000003,37.5,0.798876064020275,7.7348391271101695,4.393859184753838,23.305999999999997,26.770000000000003,0.026778629665385707,734.4100000000001,7396,0.43560000000000004,1024144,424.2,70.7,-1.0,6.0,1.0
98,111.5,15.0,93.0,42.5,149.0,62,0.5,1013,82,28.0,2.8,1.0,2023,9,29,10,4,272,39,0.49999999999999994,-0.8660254037844387,-1.0,-1.8369701987210297e-16,-0.433883739117558,-0.9009688679024191,3,0,0,29.0,30.0,22.0,24.0,27.0,54.0,31.0,2.6457513110663267,34.0,29.0,27.5,4.50555213042662,34.0,22.0,26.5,5.368256869615617,34.0,16.0,24.083333333333332,7.3183311632153645,39.0,12.0,27.1,25.2,24.7,86.0,93.0,95.0,0.66,1.2,1.2,1012.0,1012.0,1010.0,2296.0,82.0,28.0,31.0,0.7999811769134845,7.432837810812613,6.199586694220385,22.96,27.5,0.027640643987518275,784.0,6724,1.0,1026169,445.0,74.16666666666667,5.0,12.0,0.8999999999999986
98,106.6,12.7,110.0,42.5,146.0,75,0.5,1012,83,27.9,3.3,1.33,2023,9,29,11,4,272,39,0.258819045102521,-0.9659258262890682,-1.0,-1.8369701987210297e-16,-0.433883739117558,-0.9009688679024191,3,0,0,34.0,29.0,30.0,27.0,28.0,22.0,32.333333333333336,2.8867513459496803,34.0,29.0,28.666666666666668,5.202563470699677,34.0,22.0,27.0,5.783990443849194,34.0,16.0,24.583333333333332,7.575226595357474,39.0,12.0,28.0,26.1,24.9,82.0,89.0,94.0,1.0,0.33,0.8,1013.0,1012.0,1011.0,2315.7,110.39,37.107,37.5,0.7999811769134845,8.393039918116685,8.660735375167311,23.156999999999996,27.235,0.02756914271823842,778.41,6889,1.7689000000000001,1024144,451.8,75.3,0.0,4.0,-0.10000000000000142
95,101.7,10.3,127.0,41.3,143.0,87,0.25,1012,84,27.8,3.6,1.66,2023,9,29,12,4,272,39,1.2246467991473532e-16,-1.0,-1.0,-1.8369701987210297e-16,-0.433883739117558,-0.9009688679024191,3,1,0,34.0,34.0,29.0,23.0,32.0,17.0,33.666666666666664,0.5773502691971797,34.0,33.0,30.333333333333332,4.589843860814751,34.0,22.0,27.083333333333332,5.8691540870012116,34.0,16.0,25.25,7.582875444051361,39.0,12.0,27.9,27.1,25.0,83.0,86.0,93.0,1.33,0.66,0.8,1012.0,1012.0,1011.0,2335.2000000000003,139.44,46.147999999999996,21.75,0.7990121304568898,9.872827880788273,12.328900106785749,23.352000000000004,26.970000000000002,0.027470328586631832,772.84,7056,2.7556,1024144,456.3,76.05,-1.0,4.0,-0.09999999999999787
118,96.9,8.0,144.0,52.5,140.0,100,0.25,1011,85,27.7,2.9,2.0,2023,9,29,13,4,272,39,-0.2588190451025208,-0.9659258262890683,-1.0,-1.8369701987210297e-16,-0.433883739117558,-0.9009688679024191,3,1,0,33.0,34.0,34.0,22.0,21.0,21.0,36.333333333333336,4.932882862317085,42.0,33.0,33.666666666666664,4.589843860814796,42.0,29.0,28.833333333333332,6.92601595216831,42.0,16.0,26.125,8.253128524067723,42.0,12.0,27.8,28.0,25.2,84.0,82.0,93.0,1.66,1.0,1.2,1012.0,1013.0,1012.0,2354.5,170.0,55.4,25.0,0.7999847621950058,12.11098612673416,17.99775028121485,23.545,26.7,0.027398588131960305,767.29,7225,4.0,1022121,483.4,80.56666666666666,9.0,8.0,-0.10000000000000142
131,99.0,9.0,136.7,58.8,132.7,95,0.0,1010,82,28.3,2.3,1.66,2023,9,29,14,4,272,39,-0.4999999999999997,-0.8660254037844388,-1.0,-1.8369701987210297e-16,-0.433883739117558,-0.9009688679024191,3,1,0,42.0,33.0,34.0,30.0,16.0,14.0,40.666666666666664,7.094598884598118,47.0,33.0,36.5,6.655824516916967,47.0,29.0,31.416666666666668,7.4645627447084495,47.0,22.0,27.5,8.871056993048324,47.0,12.0,27.7,27.9,26.1,85.0,83.0,89.0,2.0,1.33,0.33,1011.0,1012.0,1012.0,2320.6,136.12,46.978,0.0,0.7993061342494175,10.99877791356516,15.187201422064215,23.206,27.470000000000002,0.02801977423784729,800.89,6724,2.7556,1020100,483.2,80.53333333333333,5.0,13.0,0.6000000000000014
115,101.2,10.0,129.3,51.3,125.3,91,4.0,1010,79,28.8,1.5,1.33,2023,9,29,15,4,272,39,-0.7071067811865471,-0.7071067811865479,-1.0,-1.8369701987210297e-16,-0.433883739117558,-0.9009688679024191,3,1,0,47.0,42.0,33.0,29.0,32.0,31.0,43.333333333333336,3.2145502536654207,47.0,41.0,38.5,5.6833088953525355,47.0,33.0,32.166666666666664,7.963933853582326,47.0,22.0,27.916666666666668,9.268538023952216,47.0,12.0,28.3,27.8,27.1,82.0,84.0,86.0,1.66,1.66,0.66,1010.0,1012.0,1012.0,2275.2000000000003,105.07000000000001,38.304,364.0,0.7992046938656168,10.118988101189881,12.928707129287073,22.752000000000002,28.135,0.028514823252650246,829.44,6241,1.7689000000000001,1020100,458.1,76.35000000000001,-6.0,8.0,0.5
134,103.3,11.0,122.0,60.0,118.0,87,1.0,1009,75,29.4,0.9,1.0,2023,9,29,16,4,272,39,-0.8660254037844385,-0.5000000000000004,-1.0,-1.8369701987210297e-16,-0.433883739117558,-0.9009688679024191,3,1,0,41.0,47.0,42.0,34.0,24.0,27.0,45.333333333333336,3.7859388972010724,48.0,41.0,40.833333333333336,6.306081720582142,48.0,33.0,34.166666666666664,8.705623400301127,48.0,22.0,28.791666666666668,10.129505617648393,48.0,12.0,28.8,27.7,28.0,79.0,85.0,82.0,1.33,2.0,1.0,1010.0,1011.0,1013.0,2205.0,75.0,29.4,87.0,0.7999866668888852,9.39005544950459,11.089900918098355,22.05,28.9,0.02913773128074204,864.3599999999999,5625,1.0,1018081,462.3,77.05,7.0,6.0,0.5999999999999979
123,162.8,16.7,104.3,55.0,122.7,87,0.0,1009,77,29.1,0.7,0.91,2023,9,29,17,4,272,39,-0.9659258262890683,-0.25881904510252063,-1.0,-1.8369701987210297e-16,-0.433883739117558,-0.9009688679024191,3,1,0,48.0,41.0,47.0,34.0,27.0,12.0,44.333333333333336,3.5118845842852306,48.0,41.0,42.5,5.3944415837038955,48.0,33.0,35.583333333333336,8.815877549608343,48.0,22.0,30.125,9.927180518328376,48.0,13.0,29.4,28.3,27.9,75.0,82.0,83.0,1.0,1.66,1.33,1009.0,1010.0,1012.0,2240.7000000000003,70.07000000000001,26.481,0.0,0.7999854548099126,9.747919286270283,6.245135021854979,22.407000000000004,28.645000000000003,0.02884040749216304,846.8100000000001,5929,0.8281000000000001,1018081,505.5,84.25,-4.0,-3.0,-0.29999999999999716
98,222.4,22.3,86.7,42.5,127.3,87,2.5,1009,78,28.8,0.0,0.83,2023,9,29,18,4,272,39,-1.0,-1.8369701987210297e-16,-1.0,-1.8369701987210297e-16,-0.433883739117558,-0.9009688679024191,3,2,0,44.0,48.0,41.0,33.0,23.0,13.0,42.0,7.211102550928485,48.0,34.0,42.666666666666664,5.046450898072872,48.0,34.0,36.5,7.914313844949216,48.0,22.0,31.0,9.254845969169027,48.0,13.0,29.1,28.8,27.8,77.0,79.0,84.0,0.91,1.33,1.66,1009.0,1010.0,1012.0,2246.4,64.74,23.904,217.5,0.7999811769134845,9.972646966503744,3.887718039549796,22.464000000000002,28.385,0.028543083703584042,829.44,6084,0.6889,1018081,535.2,89.2,-10.0,-7.0,-0.3000000000000007
110,281.9,28.0,69.0,48.8,132.0,87,0.5,1009,88,27.0,0.0,2.1,2023,9,29,19,4,272,39,-0.9659258262890684,0.2588190451025203,-1.0,-1.8369701987210297e-16,-0.433883739117558,-0.9009688679024191,3,2,0,34.0,44.0,48.0,42.0,22.0,13.0,39.0,5.000000000000782,44.0,34.0,42.166666666666664,5.269408568962976,48.0,34.0,37.916666666666664,6.473137967902895,48.0,29.0,32.083333333333336,8.551209762706005,48.0,16.0,28.8,29.4,27.7,78.0,75.0,85.0,0.83,1.0,2.0,1009.0,1009.0,1011.0,2376.0,184.8,56.7,43.5,0.7991639515583698,10.067497589371808,2.464197707224742,23.76,25.95,0.02675914097211004,729.0,7744,4.41,1018081,598.7,99.78333333333335,5.0,-9.0,-1.8000000000000007
102,360.5,31.7,56.7,45.0,144.0,87,0.0,1009,94,26.0,0.0,1.0,2023,9,29,20,4,272,39,-0.8660254037844386,0.5000000000000001,-1.0,-1.8369701987210297e-16,-0.433883739117558,-0.9009688679024191,3,2,0,39.0,34.0,44.0,47.0,30.0,24.0,36.333333333333336,2.5166114784252267,39.0,34.0,40.333333333333336,5.163977794942598,48.0,34.0,38.416666666666664,6.022055422788988,48.0,29.0,32.583333333333336,8.407639728074887,48.0,16.0,27.0,29.1,28.3,88.0,77.0,82.0,2.1,0.91,1.66,1009.0,1009.0,1010.0,2444.0,94.0,26.0,0.0,0.7999822226172753,11.371881013217248,1.7885871108166935,24.44,25.5,0.025768061676846702,676.0,8836,1.0,1018081,673.9,112.31666666666666,-3.0,-8.0,-1.0
107,439.1,35.3,44.3,47.5,156.0,87,0.0,1009,94,26.0,0.0,2.1,2023,9,29,21,4,272,39,-0.7071067811865477,0.7071067811865474,-1.0,-1.8369701987210297e-16,-0.433883739117558,-0.9009688679024191,3,2,0,36.0,39.0,34.0,41.0,29.0,39.0,37.666666666666664,1.5275252316545784,39.0,36.0,39.833333333333336,5.231315959360527,48.0,34.0,39.166666666666664,5.254146991287088,48.0,33.0,32.541666666666664,8.376878980221514,48.0,16.0,26.0,28.8,28.8,94.0,78.0,79.0,1.0,0.83,1.33,1009.0,1009.0,1010.0,2444.0,197.4,54.6,0.0,0.7999831582493001,12.438741112149799,1.2549219568850742,24.44,24.95,0.025768061676846702,676.0,8836,4.41,1018081,760.2,126.7,2.0,4.0,0.0
95,517.7,39.0,32.0,41.3,168.0,87,0.0,1010,94,26.0,0.0,1.0,2023,9,29,22,4,272,39,-0.5000000000000004,0.8660254037844384,-1.0,-1.8369701987210297e-16,-0.433883739117558,-0.9009688679024191,3,3,0,38.0,36.0,39.0,48.0,34.0,27.0,35.666666666666664,2.516611478425247,38.0,33.0,37.333333333333336,3.983298465676389,44.0,33.0,39.083333333333336,5.350587619951519,48.0,33.0,32.791666666666664,8.293418903049037,48.0,16.0,26.0,27.0,29.4,94.0,88.0,75.0,2.1,2.1,1.0,1009.0,1009.0,1009.0,2444.0,94.0,26.0,0.0,0.7990121304568898,13.274018614907312,0.8204917822619934,24.44,25.5,0.025742548769753695,676.0,8836,1.0,1020100,831.0,138.5,-5.0,-6.0,0.0
110,487.5,36.7,30.3,48.8,161.7,87,0.0,1010,94,26.0,0.0,1.5,2023,9,29,23,4,272,39,-0.25881904510252157,0.9659258262890681,-1.0,-1.8369701987210297e-16,-0.433883739117558,-0.9009688679024191,3,3,0,33.0,38.0,36.0,44.0,34.0,28.0,36.666666666666664,3.2145502536655948,39.0,33.0,36.5,2.5884358211076273,39.0,33.0,39.5,5.1079261046827575,48.0,33.0,33.25,8.321005374038927,48.0,16.0,26.0,26.0,29.1,94.0,94.0,77.0,1.0,1.0,0.91,1010.0,1009.0,1009.0,2444.0,141.0,39.0,0.0,0.7991639515583698,13.28301681153102,0.8255905833628512,24.44,25.25,0.025742548769753695,676.0,8836,2.25,1020100,804.0,134.0,6.0,3.0,0.0
118,457.3,34.3,28.7,52.5,155.3,87,0.0,1010,88,27.0,0.0,0.5,2023,9,30,0,5,273,39,0.0,1.0,-1.0,-1.8369701987210297e-16,-0.9749279121818236,-0.2225209339563146,3,3,1,39.0,33.0,38.0,34.0,33.0,32.0,38.0,4.58257569495671,42.0,33.0,37.833333333333336,3.060501048302375,42.0,33.0,40.25,4.712169930566569,48.0,33.0,33.666666666666664,8.504048481735772,48.0,16.0,26.0,26.0,28.8,94.0,94.0,78.0,1.5,2.1,0.83,1010.0,1009.0,1009.0,2376.0,44.0,13.5,0.0,0.7999847621950058,13.331972828780504,0.836710299991254,23.76,26.75,0.026732646799359605,729.0,7744,0.25,1020100,770.1000000000001,128.35000000000002,3.0,4.0,1.0
123,427.2,32.0,27.0,55.0,149.0,87,0.0,1010,90,26.7,0.0,0.25,2023,9,30,1,5,273,39,0.25881904510252074,0.9659258262890683,-1.0,-1.8369701987210297e-16,-0.9749279121818236,-0.2225209339563146,3,3,1,42.0,39.0,33.0,39.0,42.0,21.0,41.666666666666664,2.516611478425045,44.0,39.0,38.666666666666664,3.9832984656764077,44.0,33.0,40.416666666666664,4.813963276161615,48.0,33.0,34.625,8.308259379259077,48.0,16.0,27.0,26.0,27.0,88.0,94.0,88.0,0.5,1.0,2.1,1010.0,1010.0,1009.0,2403.0,22.5,6.675,0.0,0.7999854548099126,13.349582825536702,0.843723633636449,24.03,26.575,0.026435617390477832,712.89,8100,0.0625,1020100,734.2,122.36666666666667,2.0,11.0,-0.3000000000000007
102,402.3,30.0,26.3,45.0,148.7,87,0.5,1010,91,26.4,0.0,0.16,2023,9,30,2,5,273,39,0.49999999999999994,0.8660254037844387,-1.0,-1.8369701987210297e-16,-0.9749279121818236,-0.2225209339563146,3,3,1,44.0,42.0,39.0,36.0,47.0,16.0,40.666666666666664,4.163331998933169,44.0,36.0,38.666666666666664,3.9832984656764077,44.0,33.0,39.5,4.482288376588411,48.0,33.0,35.458333333333336,7.300858595527479,48.0,22.0,26.7,26.0,26.0,90.0,94.0,94.0,0.25,1.5,1.0,1010.0,1010.0,1009.0,2402.4,14.56,4.224,43.5,0.7999822226172753,13.409553014899503,0.876637445418486,24.024,26.32,0.026138587981596056,696.9599999999999,8281,0.0256,1020100,688.3,114.71666666666665,-8.0,-3.0,-0.3000000000000007
188,377.4,28.0,25.7,105.0,148.3,87,1.5,1010,93,26.1,0.0,0.08,2023,9,30,3,5,273,39,0.7071067811865476,0.7071067811865476,-1.0,-1.8369701987210297e-16,-0.9749279121818236,-0.2225209339563146,3,3,1,36.0,44.0,42.0,38.0,41.0,32.0,54.666666666666664,25.716402029314647,84.0,36.0,46.333333333333336,18.87502759379866,84.0,33.0,43.083333333333336,13.634570589186323,84.0,33.0,37.625,12.26097556229255,84.0,22.0,26.4,27.0,26.0,91.0,88.0,94.0,0.16,0.5,2.1,1010.0,1010.0,1009.0,2427.3,7.44,2.088,130.5,0.7999923810249426,13.478090068211849,0.9178243634155923,24.273000000000003,26.060000000000002,0.025841558572714286,681.21,8649,0.0064,1020100,768.3999999999999,128.06666666666663,48.0,42.0,-0.29999999999999716
183,352.5,26.0,25.0,100.0,148.0,87,2.5,1010,95,25.8,0.0,0.8,2023,9,30,4,5,273,39,0.8660254037844386,0.5000000000000001,-1.0,-1.8369701987210297e-16,-0.9749279121818236,-0.2225209339563146,3,3,1,84.0,36.0,44.0,33.0,48.0,24.0,66.66666666666667,26.63331247391763,84.0,36.0,54.166666666666664,21.76618171996783,84.0,36.0,45.75,17.31591490770551,84.0,33.0,39.958333333333336,14.650950901523311,84.0,22.0,26.1,26.7,26.0,93.0,90.0,94.0,0.08,0.25,1.0,1010.0,1010.0,1010.0,2451.0,76.0,20.64,217.5,0.7999920000799992,13.557170878043152,0.9615014807122803,24.51,25.400000000000002,0.025544529163832513,665.64,9025,0.6400000000000001,1020100,731.5,121.91666666666667,-4.0,36.0,-0.3000000000000007
164,389.1,26.7,25.3,82.5,148.3,79,2.0,1010,95,25.9,0.0,1.2,2023,9,30,5,5,273,39,0.9659258262890683,0.25881904510252074,-1.0,-1.8369701987210297e-16,-0.9749279121818236,-0.2225209339563146,3,3,1,80.0,84.0,36.0,39.0,44.0,27.0,76.66666666666667,9.451631252505285,84.0,66.0,58.666666666666664,20.77177572251978,84.0,36.0,47.583333333333336,18.253061179545494,84.0,33.0,41.583333333333336,15.299663726531202,84.0,22.0,25.8,26.4,26.0,95.0,91.0,94.0,0.8,0.16,1.5,1010.0,1010.0,1010.0,2460.5,114.0,31.08,158.0,0.7999903031478406,14.572487921800683,0.9475300550541178,24.605,25.299999999999997,0.0256435389667931,670.81,9025,1.44,1020100,737.9000000000001,122.98333333333335,-14.0,30.0,0.09999999999999787
148,425.6,27.3,25.7,66.3,148.7,70,0.5,1011,95,26.1,0.7,0.8,2023,9,30,6,5,273,39,1.0,6.123233995736766e-17,-1.0,-1.8369701987210297e-16,-0.9749279121818236,-0.2225209339563146,3,0,1,66.0,80.0,84.0,42.0,34.0,23.0,66.33333333333333,13.503086067019508,80.0,53.0,60.5,19.449935732541526,84.0,36.0,49.166666666666664,17.78576209593846,84.0,33.0,42.833333333333336,14.93658090981233,84.0,22.0,25.9,26.1,27.0,95.0,93.0,88.0,1.2,0.08,0.5,1010.0,1010.0,1010.0,2479.5,76.0,20.880000000000003,35.0,0.7993846246662946,15.589172557781765,0.9413574594337203,24.795,25.700000000000003,0.025815998203760432,681.21,9025,0.6400000000000001,1022121,746.5999999999999,124.43333333333332,-13.0,-31.0,0.20000000000000284
139,462.2,28.0,26.0,62.5,149.0,62,0.5,1011,95,26.2,0.8,0.8,2023,9,30,7,5,273,39,0.9659258262890683,-0.25881904510252063,-1.0,-1.8369701987210297e-16,-0.9749279121818236,-0.2225209339563146,3,0,1,53.0,66.0,80.0,44.0,39.0,22.0,56.333333333333336,8.504900548115652,66.0,50.0,61.5,18.56609813611885,84.0,36.0,50.083333333333336,17.495237447183193,84.0,33.0,44.0,14.31933930950999,84.0,29.0,26.1,25.8,26.7,95.0,95.0,90.0,0.8,0.8,0.25,1011.0,1010.0,1010.0,2489.0,76.0,20.96,31.0,0.7999872002047967,16.506553337380808,0.9285382664904824,24.89,25.8,0.025914910074272924,686.4399999999999,9025,0.6400000000000001,1022121,777.7,129.61666666666667,-3.0,-30.0,0.09999999999999787
137,358.5,23.7,61.7,61.3,189.3,70,0.5,1011,89,27.3,1.4,0.4,2023,9,30,8,5,273,39,0.8660254037844387,-0.4999999999999998,-1.0,-1.8369701987210297e-16,-0.9749279121818236,-0.2225209339563146,3,0,1,50.0,53.0,66.0,36.0,36.0,30.0,50.666666666666664,2.0816659994674485,53.0,49.0,63.666666666666664,15.500537625084581,84.0,49.0,51.166666666666664,16.937496505646145,84.0,33.0,44.791666666666664,14.034055370595361,84.0,29.0,26.2,25.9,26.4,95.0,95.0,91.0,0.8,1.2,0.16,1011.0,1010.0,1010.0,2429.7000000000003,35.6,10.920000000000002,35.0,0.7993344317384709,15.125944052993544,2.6032656849921945,24.297000000000004,27.1,0.027002940649910337,745.2900000000001,7921,0.16000000000000003,1022121,743.5,123.91666666666667,-1.0,-17.0,1.1000000000000014
139,254.8,19.3,97.3,62.5,229.7,79,0.5,1011,83,28.5,2.8,0.4,2023,9,30,9,5,273,39,0.7071067811865476,-0.7071067811865475,-1.0,-1.8369701987210297e-16,-0.9749279121818236,-0.2225209339563146,3,0,1,49.0,50.0,53.0,84.0,38.0,29.0,49.666666666666664,0.5773502691945137,50.0,49.0,58.0,12.505998560690601,80.0,49.0,52.166666666666664,16.436286537764612,84.0,33.0,45.666666666666664,13.656234972465795,84.0,33.0,27.3,26.1,26.1,89.0,95.0,93.0,0.4,0.8,0.08,1011.0,1011.0,1010.0,2365.5,33.2,11.4,39.5,0.7999872002047967,13.201388529091757,5.041189575669653,23.655,28.3,0.028189883096060242,812.25,6889,0.16000000000000003,1022121,713.6,118.93333333333334,1.0,-3.0,1.1999999999999993
142,151.2,15.0,133.0,63.8,270.0,87,0.0,1012,78,29.6,3.9,0.4,2023,9,30,10,5,273,39,0.49999999999999994,-0.8660254037844387,-1.0,-1.8369701987210297e-16,-0.9749279121818236,-0.2225209339563146,3,0,1,50.0,49.0,50.0,80.0,33.0,34.0,50.0,1.0000000000027933,51.0,49.0,53.166666666666664,6.431692364118595,66.0,49.0,53.666666666666664,15.310919058770743,84.0,36.0,46.375,13.464324843016477,84.0,33.0,28.5,26.2,25.8,83.0,95.0,95.0,0.4,0.8,0.8,1011.0,1011.0,1010.0,2308.8,31.200000000000003,11.840000000000002,0.0,0.7993605115907275,10.079328044797013,8.866075594960336,23.088,29.400000000000002,0.02924898295555044,876.1600000000001,6084,0.16000000000000003,1024144,684.0,114.0,1.0,1.0,1.1000000000000014
139,142.4,13.0,150.3,62.5,251.0,83,0.0,1011,73,30.3,6.2,0.8,2023,9,30,11,5,273,39,0.258819045102521,-0.9659258262890682,-1.0,-1.8369701987210297e-16,-0.9749279121818236,-0.2225209339563146,3,0,1,51.0,50.0,49.0,66.0,39.0,34.0,50.333333333333336,0.5773502691944152,51.0,50.0,50.5,1.3784048752070044,53.0,49.0,54.583333333333336,14.668818712637666,84.0,36.0,47.041666666666664,13.218824412200577,84.0,33.0,29.6,27.3,25.9,78.0,89.0,95.0,0.4,0.4,1.2,1012.0,1011.0,1010.0,2211.9,58.400000000000006,24.240000000000002,0.0,0.7999872002047967,10.953003615106532,11.560649180832245,22.119,29.900000000000002,0.0299702967652851,918.09,5329,0.6400000000000001,1022121,669.2,111.53333333333335,-1.0,1.0,0.6999999999999993
150,133.6,11.0,167.7,67.5,232.0,79,0.0,1010,67,31.0,6.9,0.4,2023,9,30,12,5,273,39,1.2246467991473532e-16,-1.0,-1.0,-1.8369701987210297e-16,-0.9749279121818236,-0.2225209339563146,3,1,1,50.0,51.0,50.0,53.0,42.0,33.0,51.666666666666664,2.081665999467407,54.0,50.0,50.666666666666664,1.7511900715402424,54.0,49.0,55.583333333333336,14.132221940292448,84.0,36.0,47.916666666666664,12.94105924925639,84.0,33.0,30.3,28.5,26.1,73.0,83.0,95.0,0.8,0.4,0.8,1011.0,1011.0,1011.0,2077.0,26.8,12.4,0.0,0.7999881483237284,12.144350513589673,15.24406872102536,20.77,30.8,0.03069303891778325,961.0,4489,0.16000000000000003,1020100,665.8,110.96666666666665,4.0,4.0,0.6999999999999993
148,124.9,9.0,185.0,66.3,213.0,75,0.0,1009,63,31.7,7.0,0.4,2023,9,30,13,5,273,39,-0.2588190451025208,-0.9659258262890683,-1.0,-1.8369701987210297e-16,-0.9749279121818236,-0.2225209339563146,3,1,1,54.0,50.0,51.0,50.0,44.0,42.0,52.333333333333336,2.08166599946738,54.0,50.0,51.166666666666664,1.9407902170665363,54.0,49.0,56.333333333333336,13.693617181560816,84.0,36.0,48.375,12.917169228185262,84.0,33.0,31.0,29.6,26.2,67.0,78.0,95.0,0.4,0.4,0.8,1010.0,1012.0,1011.0,1997.1,25.200000000000003,12.68,0.0,0.7993846246662946,13.876235973780693,20.55327185868237,19.971,31.5,0.03141721365984771,1004.89,3969,0.16000000000000003,1018081,651.2,108.53333333333335,-1.0,2.0,0.6999999999999993
151,122.0,9.3,180.0,70.0,202.3,70,0.0,1008,63,31.8,4.7,1.2,2023,9,30,14,5,273,39,-0.4999999999999997,-0.8660254037844388,-1.0,-1.8369701987210297e-16,-0.9749279121818236,-0.2225209339563146,3,1,1,53.0,54.0,50.0,49.0,36.0,47.0,54.333333333333336,1.5275252316535324,56.0,53.0,52.333333333333336,2.422120283276886,56.0,50.0,58.0,12.120606045453195,84.0,49.0,48.75,13.005851525873064,84.0,33.0,31.7,30.3,27.3,63.0,73.0,89.0,0.4,0.8,0.4,1009.0,1011.0,1011.0,2003.4,75.6,38.16,0.0,0.7999885715918343,13.116869153854424,19.352757767981938,20.034000000000002,31.2,0.03154758775040898,1011.24,3969,1.44,1016064,639.6,106.60000000000001,3.0,6.0,0.10000000000000142
153,119.1,9.7,175.0,72.5,191.7,66,0.0,1007,63,31.9,3.8,1.2,2023,9,30,15,5,273,39,-0.7071067811865471,-0.7071067811865479,-1.0,-1.8369701987210297e-16,-0.9749279121818236,-0.2225209339563146,3,1,1,56.0,53.0,54.0,50.0,84.0,41.0,55.666666666666664,2.5166114784245015,58.0,53.0,53.666666666666664,3.01109061083546,58.0,50.0,55.833333333333336,8.96288643983173,80.0,49.0,49.458333333333336,13.028327553473291,84.0,33.0,31.8,31.0,28.5,63.0,67.0,83.0,1.2,0.4,0.4,1008.0,1010.0,1011.0,2009.6999999999998,75.6,38.279999999999994,0.0,0.799988965669439,12.277084836614783,18.03937738377487,20.096999999999998,31.299999999999997,0.03167822077634481,1017.6099999999999,3969,1.44,1014049,626.0,104.33333333333333,2.0,4.0,0.09999999999999787
134,116.1,10.0,170.0,60.0,181.0,62,0.0,1006,63,32.0,2.1,1.6,2023,9,30,16,5,273,39,-0.8660254037844385,-0.5000000000000004,-1.0,-1.8369701987210297e-16,-0.9749279121818236,-0.2225209339563146,3,1,1,58.0,56.0,53.0,51.0,80.0,48.0,54.0,5.291502622129645,58.0,48.0,53.166666666666664,3.710345895824458,58.0,48.0,53.166666666666664,5.00605693741021,66.0,48.0,49.458333333333336,13.028327553473291,84.0,33.0,31.9,31.7,29.6,63.0,63.0,78.0,1.2,0.4,0.4,1007.0,1009.0,1012.0,2016.0,100.80000000000001,51.2,0.0,0.7999866668888852,11.608839116088392,16.998300169983004,20.16,31.2,0.03180911350982753,1024.0,3969,2.5600000000000005,1012036,585.1,97.51666666666667,-10.0,-5.0,0.10000000000000142
134,161.7,15.0,138.7,60.0,174.0,58,0.0,1007,69,30.9,1.3,1.0,2023,9,30,17,5,273,39,-0.9659258262890683,-0.25881904510252063,-1.0,-1.8369701987210297e-16,-0.9749279121818236,-0.2225209339563146,3,1,1,48.0,58.0,56.0,50.0,66.0,44.0,51.333333333333336,5.773502691896723,58.0,48.0,52.833333333333336,4.119061381754509,58.0,48.0,51.666666666666664,3.1718458443930175,58.0,48.0,49.625,12.980964324063928,84.0,33.0,32.0,31.8,30.3,63.0,63.0,73.0,1.6,1.2,0.8,1006.0,1008.0,1011.0,2132.1,69.0,30.9,0.0,0.7999866668888852,10.77928138124125,9.246050263315778,21.320999999999998,30.4,0.03068517310310516,954.81,4761,1.0,1014049,597.4,99.56666666666666,0.0,-8.0,-1.1000000000000014
107,207.2,20.0,107.3,47.5,167.0,54,0.0,1007,76,29.9,0.0,2.0,2023,9,30,18,5,273,39,-1.0,-1.8369701987210297e-16,-1.0,-1.8369701987210297e-16,-0.9749279121818236,-0.2225209339563146,3,2,1,48.0,48.0,58.0,54.0,53.0,34.0,44.666666666666664,5.773502691896821,48.0,38.0,50.166666666666664,7.222649560006429,58.0,38.0,50.416666666666664,5.0173939873434215,58.0,38.0,49.791666666666664,12.795988388576772,84.0,33.0,30.9,31.9,31.0,69.0,63.0,67.0,1.0,1.2,0.4,1007.0,1007.0,1010.0,2272.4,152.0,59.8,0.0,0.7999831582493001,10.359482025898703,5.364731763411829,22.724,28.9,0.02969212542986551,894.0099999999999,5776,4.0,1014049,587.0,97.83333333333333,-10.0,-20.0,-1.0
131,252.7,25.0,76.0,58.8,160.0,50,0.5,1007,84,28.8,0.0,3.0,2023,9,30,19,5,273,39,-0.9659258262890684,0.2588190451025203,-1.0,-1.8369701987210297e-16,-0.9749279121818236,-0.2225209339563146,3,2,1,38.0,48.0,48.0,53.0,50.0,39.0,44.333333333333336,5.507570547286696,48.0,38.0,49.166666666666664,7.167054253084802,58.0,38.0,50.166666666666664,5.113855214170881,58.0,38.0,50.125,12.605424988093295,84.0,33.0,29.9,32.0,31.7,76.0,63.0,63.0,2.0,1.6,0.4,1007.0,1006.0,1009.0,2419.2000000000003,252.0,86.4,25.0,0.7993061342494175,10.107595696172153,3.0398784048638055,24.192000000000004,27.3,0.0285997729893019,829.44,7056,9.0,1014049,619.5,103.25,9.0,-1.0,-1.0999999999999979
137,274.5,25.0,65.0,61.3,144.0,54,0.0,1008,87,28.4,0.0,2.0,2023,9,30,20,5,273,39,-0.8660254037844386,0.5000000000000001,-1.0,-1.8369701987210297e-16,-0.9749279121818236,-0.2225209339563146,3,2,1,47.0,38.0,48.0,56.0,49.0,36.0,44.666666666666664,5.859465277082871,49.0,38.0,48.0,6.356099432827822,58.0,38.0,50.166666666666664,5.113855214170881,58.0,38.0,50.666666666666664,12.246265328367095,84.0,33.0,28.8,30.9,31.8,84.0,69.0,63.0,3.0,1.0,1.2,1007.0,1007.0,1008.0,2470.7999999999997,174.0,56.8,0.0,0.7993344317384709,10.979560817567297,2.5998960041598336,24.708,27.4,0.02817457522363569,806.56,7569,4.0,1016064,618.8,103.13333333333333,2.0,1.0,-0.40000000000000213
139,296.3,25.0,54.0,62.5,128.0,58,0.0,1009,91,27.9,0.0,1.0,2023,9,30,21,5,273,39,-0.7071067811865477,0.7071067811865474,-1.0,-1.8369701987210297e-16,-0.9749279121818236,-0.2225209339563146,3,2,1,49.0,47.0,38.0,58.0,50.0,38.0,48.666666666666664,1.5275252316538592,50.0,47.0,46.666666666666664,4.3665394383494,50.0,38.0,50.166666666666664,5.113855214170881,58.0,38.0,51.166666666666664,11.94795477010264,84.0,33.0,28.4,29.9,31.9,87.0,76.0,63.0,2.0,2.0,1.2,1008.0,1007.0,1007.0,2538.9,91.0,27.9,0.0,0.7999872002047967,11.85152593896244,2.1599136034558617,25.389,27.4,0.027651112337847037,778.41,8281,1.0,1018081,615.8,102.63333333333333,1.0,12.0,-0.5
137,318.1,25.0,43.0,61.3,112.0,62,0.0,1009,94,27.5,0.0,1.6,2023,9,30,22,5,273,39,-0.5000000000000004,0.8660254037844384,-1.0,-1.8369701987210297e-16,-0.9749279121818236,-0.2225209339563146,3,3,1,50.0,49.0,47.0,48.0,51.0,33.0,49.333333333333336,0.5773502691945906,50.0,49.0,46.833333333333336,4.445971959724972,50.0,38.0,50.0,5.116817192533438,58.0,38.0,51.833333333333336,11.320111639742999,84.0,36.0,27.9,28.8,32.0,91.0,84.0,63.0,1.0,3.0,1.6,1009.0,1007.0,1006.0,2585.0,150.4,44.0,0.0,0.7993344317384709,12.723491060357587,1.7199312027518898,25.85,26.7,0.027254680619741706,756.25,8836,2.5600000000000005,1018081,608.4000000000001,101.40000000000002,-1.0,2.0,-0.3999999999999986
148,314.0,25.3,39.0,66.3,106.7,45,0.0,1009,94,27.3,0.0,1.6,2023,9,30,23,5,273,39,-0.25881904510252157,0.9659258262890681,-1.0,-1.8369701987210297e-16,-0.9749279121818236,-0.2225209339563146,3,3,1,49.0,50.0,49.0,48.0,50.0,39.0,50.666666666666664,2.081665999467456,53.0,49.0,47.666666666666664,5.125101625008111,53.0,38.0,50.25,5.189587477035695,58.0,38.0,52.416666666666664,10.985827497148989,84.0,36.0,27.5,28.4,30.9,94.0,87.0,69.0,1.6,2.0,1.0,1009.0,1008.0,1007.0,2566.2000000000003,150.4,43.68000000000001,0.0,0.7993846246662946,12.410576657049127,1.5414410497608788,25.662000000000003,26.5,0.02705646476068904,745.2900000000001,8836,2.5600000000000005,1018081,604.3000000000001,100.71666666666668,4.0,4.0,-0.1999999999999993
150,309.9,25.7,35.0,67.5,101.3,29,0.0,1009,94,27.0,0.0,1.6,2023,10,1,0,6,274,39,0.0,1.0,-0.8660254037844386,0.5000000000000001,-0.7818314824680299,0.6234898018587334,3,3,1,53.0,49.0,50.0,38.0,54.0,42.0,52.0,2.645751311065589,54.0,49.0,50.333333333333336,2.6583202716491905,54.0,47.0,50.25,5.189587477035695,58.0,38.0,52.916666666666664,10.761916213190093,84.0,36.0,27.3,27.9,29.9,94.0,91.0,76.0,1.6,1.0,2.0,1009.0,1009.0,1007.0,2538.0,150.4,43.2,0.0,0.7999881483237284,12.057896579899614,1.3618147153807245,25.38,26.2,0.02675914097211004,729.0,8836,2.5600000000000005,1018081,593.4,98.89999999999999,1.0,4.0,-0.3000000000000007
159,305.8,26.0,31.0,77.5,96.0,12,0.0,1009,94,26.8,0.0,1.2,2023,10,1,1,6,274,39,0.25881904510252074,0.9659258262890683,-0.8660254037844386,0.5000000000000001,-0.7818314824680299,0.6234898018587334,3,3,1,54.0,53.0,49.0,47.0,53.0,44.0,56.333333333333336,4.932882862316707,62.0,53.0,52.833333333333336,4.956477243633957,62.0,49.0,51.0,6.179143806532223,62.0,38.0,53.666666666666664,10.740685212806202,84.0,36.0,27.0,27.5,28.8,94.0,94.0,84.0,1.6,1.6,3.0,1009.0,1009.0,1007.0,2519.2000000000003,112.8,32.16,0.0,0.7999896775525477,11.761086112072613,1.1922618360832276,25.192000000000004,26.2,0.02656092511305737,718.24,8836,1.44,1018081,598.3,99.71666666666665,8.0,13.0,-0.1999999999999993
142,320.2,27.3,25.7,63.8,93.7,20,0.0,1008,94,26.4,0.0,1.2,2023,10,1,2,6,274,39,0.49999999999999994,0.8660254037844387,-0.8660254037844386,0.5000000000000001,-0.7818314824680299,0.6234898018587334,3,3,1,62.0,54.0,53.0,49.0,56.0,36.0,55.666666666666664,5.686240703077734,62.0,51.0,53.166666666666664,4.708148963941275,62.0,49.0,50.583333333333336,5.976595767632643,62.0,38.0,54.291666666666664,10.084336397588322,84.0,38.0,26.8,27.3,28.4,94.0,94.0,87.0,1.2,1.6,2.0,1009.0,1009.0,1008.0,2481.6,112.8,31.679999999999996,0.0,0.7993605115907275,11.728508113255923,0.9413574594337203,24.816,25.799999999999997,0.026190450207886698,696.9599999999999,8836,1.44,1016064,581.7,96.95,-11.0,-2.0,-0.40000000000000213
161,334.6,28.7,20.3,80.0,91.3,29,0.0,1008,94,26.0,0.0,1.2,2023,10,1,3,6,274,39,0.7071067811865476,0.7071067811865476,-0.8660254037844386,0.5000000000000001,-0.7818314824680299,0.6234898018587334,3,3,1,51.0,62.0,54.0,50.0,58.0,84.0,59.0,7.00000000000029,64.0,51.0,55.5,6.090976933136001,64.0,49.0,51.083333333333336,6.8418276842224985,64.0,38.0,53.458333333333336,8.166629695273572,80.0,38.0,26.4,27.0,27.9,94.0,94.0,91.0,1.2,1.6,1.0,1008.0,1009.0,1009.0,2444.0,112.8,31.2,0.0,0.7999900001249984,11.65813037873245,0.7072924288352322,24.44,25.4,0.0257936252047369,676.0,8836,1.44,1016064,618.9,103.14999999999999,13.0,10.0,-0.3999999999999986
153,349.0,30.0,15.0,68.8,89.0,37,0.0,1008,95,25.6,0.0,1.2,2023,10,1,4,6,274,39,0.8660254037844386,0.5000000000000001,-0.8660254037844386,0.5000000000000001,-0.7818314824680299,0.6234898018587334,3,3,1,64.0,51.0,62.0,49.0,48.0,80.0,56.666666666666664,6.658328118479728,64.0,51.0,56.5,5.2440442408502745,64.0,51.0,51.666666666666664,6.853444168422485,64.0,38.0,52.416666666666664,5.9191411441248265,66.0,38.0,26.0,26.8,27.5,94.0,94.0,94.0,1.2,1.2,1.6,1008.0,1009.0,1009.0,2432.0,114.0,30.72,0.0,0.7994069853635848,11.63294556848105,0.49998333388887034,24.32,25.0,0.025396800201587105,655.3600000000001,9025,1.44,1016064,606.8,101.13333333333333,-9.0,-7.0,-0.3999999999999986
156,345.5,28.0,18.7,75.0,91.3,37,0.0,1008,95,25.9,0.0,1.2,2023,10,1,5,6,274,39,0.9659258262890683,0.25881904510252074,-0.8660254037844386,0.5000000000000001,-0.7818314824680299,0.6234898018587334,3,3,1,55.0,64.0,51.0,53.0,48.0,66.0,59.666666666666664,4.509249752823333,64.0,55.0,57.666666666666664,5.085928299402351,64.0,51.0,52.666666666666664,7.139306476800386,64.0,38.0,52.166666666666664,5.426718655166498,64.0,38.0,25.6,26.4,27.3,95.0,94.0,94.0,1.2,1.2,1.6,1008.0,1008.0,1009.0,2460.5,114.0,31.08,0.0,0.7999893334755536,12.338845041248526,0.6678332916681546,24.605,25.299999999999997,0.02569441895394945,670.81,9025,1.44,1016064,618.5,103.08333333333333,5.0,9.0,0.29999999999999716
98,342.0,26.0,22.3,42.5,93.7,37,0.0,1009,96,26.1,0.9,1.2,2023,10,1,6,6,274,39,1.0,6.123233995736766e-17,-0.8660254037844386,0.5000000000000001,-0.7818314824680299,0.6234898018587334,3,0,1,60.0,55.0,64.0,54.0,38.0,53.0,49.666666666666664,13.796134724383455,60.0,34.0,54.333333333333336,11.039323650779583,64.0,34.0,52.333333333333336,7.935344792111053,64.0,34.0,51.375,6.566135121576116,64.0,34.0,25.9,26.0,27.0,95.0,94.0,94.0,1.2,1.2,1.6,1008.0,1008.0,1009.0,2505.6000000000004,115.19999999999999,31.32,0.0,0.7999811769134845,13.153340256143993,0.857659320795354,25.056000000000004,25.5,0.025867169606373037,681.21,9216,1.44,1018081,560.5,93.41666666666667,-26.0,-30.0,0.20000000000000284
104,338.5,24.0,26.0,46.3,96.0,37,0.0,1009,96,26.4,1.3,0.8,2023,10,1,7,6,274,39,0.9659258262890683,-0.25881904510252063,-0.8660254037844386,0.5000000000000001,-0.7818314824680299,0.6234898018587334,3,0,1,34.0,60.0,55.0,62.0,47.0,50.0,43.666666666666664,14.224392195568145,60.0,34.0,50.166666666666664,12.221565638929455,64.0,34.0,51.5,8.99999999999929,64.0,34.0,50.833333333333336,7.190976632387893,64.0,34.0,26.1,25.6,26.8,96.0,95.0,94.0,1.2,1.2,1.2,1009.0,1008.0,1009.0,2534.3999999999996,76.80000000000001,21.12,0.0,0.799118809528952,14.103579017540936,1.083288196325153,25.343999999999998,26.0,0.026164493394952037,696.9599999999999,9216,0.6400000000000001,1018081,567.8,94.63333333333333,3.0,-18.0,0.29999999999999716
95,262.0,20.7,52.0,41.3,122.7,43,0.0,1009,79,28.1,2.9,0.33,2023,10,1,8,6,274,39,0.8660254037844387,-0.4999999999999998,-0.8660254037844386,0.5000000000000001,-0.7818314824680299,0.6234898018587334,3,0,1,37.0,34.0,60.0,51.0,49.0,49.0,34.666666666666664,2.0816659994680844,37.0,33.0,47.166666666666664,14.048724734532346,64.0,33.0,50.166666666666664,10.469291313458045,64.0,33.0,50.166666666666664,8.05776248296611,64.0,33.0,26.4,25.9,26.4,96.0,95.0,94.0,0.8,1.2,1.2,1009.0,1008.0,1008.0,2219.9,26.07,9.273000000000001,0.0,0.7990121304568898,12.65639341094633,2.511955944157287,22.199,27.935000000000002,0.027849328196899708,789.6100000000001,6241,0.10890000000000001,1018081,531.7,88.61666666666667,-4.0,-27.0,1.7000000000000028
112,185.6,17.3,78.0,50.0,149.3,50,0.0,1008,65,29.9,5.1,0.66,2023,10,1,9,6,274,39,0.7071067811865476,-0.7071067811865475,-0.8660254037844386,0.5000000000000001,-0.7818314824680299,0.6234898018587334,3,0,1,33.0,37.0,34.0,64.0,50.0,50.0,36.666666666666664,3.5118845842853554,40.0,33.0,43.166666666666664,11.478966271692789,60.0,33.0,49.333333333333336,10.873933246181528,64.0,33.0,49.75,8.321005374039515,64.0,33.0,28.1,26.1,26.0,79.0,96.0,94.0,0.33,1.2,1.2,1009.0,1009.0,1008.0,1943.5,42.9,19.734,0.0,0.7999840003199936,10.72770360094792,4.50840991850182,19.435,29.57,0.029662668985447435,894.0099999999999,4225,0.43560000000000004,1016064,520.2,86.7,7.0,6.0,1.7999999999999972
153,109.1,14.0,104.0,68.8,176.0,56,0.0,1008,54,31.6,6.9,1.0,2023,10,1,10,6,274,39,0.49999999999999994,-0.8660254037844387,-0.8660254037844386,0.5000000000000001,-0.7818314824680299,0.6234898018587334,3,0,1,40.0,33.0,37.0,55.0,49.0,51.0,42.666666666666664,11.239810200058546,55.0,33.0,43.166666666666664,11.478966271692789,60.0,33.0,49.833333333333336,10.99448897760944,64.0,33.0,49.916666666666664,8.386929098910812,64.0,33.0,29.9,26.4,25.6,65.0,96.0,95.0,0.66,0.8,1.2,1008.0,1009.0,1008.0,1706.4,54.0,31.6,0.0,0.7994069853635848,7.792300549960717,7.428040854224698,17.064,31.1,0.03134917524883408,998.5600000000001,2916,1.0,1016064,526.9,87.81666666666666,15.0,18.0,1.7000000000000028
123,102.1,12.0,117.7,55.0,170.0,62,0.0,1008,53,32.2,8.7,1.33,2023,10,1,11,6,274,39,0.258819045102521,-0.9659258262890682,-0.8660254037844386,0.5000000000000001,-0.7818314824680299,0.6234898018587334,3,0,1,55.0,40.0,33.0,60.0,53.0,50.0,46.333333333333336,7.767453465154427,55.0,40.0,40.5,8.167006795637786,55.0,33.0,49.083333333333336,11.06557588636748,64.0,33.0,49.666666666666664,8.473317027545187,64.0,33.0,31.6,28.1,25.9,54.0,79.0,95.0,1.0,0.33,1.2,1008.0,1009.0,1008.0,1706.6000000000001,70.49000000000001,42.82600000000001,0.0,0.7999854548099126,8.50762436463628,9.807516040329974,17.066000000000003,31.535000000000004,0.03194441275355878,1036.8400000000001,2809,1.7689000000000001,1016064,500.8,83.46666666666667,-11.0,11.0,0.6000000000000014
100,95.1,10.0,131.3,43.8,164.0,68,0.0,1008,52,32.7,9.5,1.66,2023,10,1,12,6,274,39,1.2246467991473532e-16,-1.0,-0.8660254037844386,0.5000000000000001,-0.7818314824680299,0.6234898018587334,3,1,1,44.0,55.0,40.0,34.0,54.0,54.0,44.666666666666664,10.016652800878134,55.0,35.0,40.666666666666664,8.016649341630234,55.0,33.0,47.5,11.64239900301663,64.0,33.0,48.875,8.92632891092964,64.0,33.0,32.2,29.9,26.1,53.0,65.0,96.0,1.33,0.66,1.2,1008.0,1008.0,1009.0,1700.4,86.32,54.282000000000004,0.0,0.7990685144174792,9.509049095090491,13.128687131286874,17.004,31.870000000000005,0.03244044400749603,1069.2900000000002,2704,2.7556,1016064,479.2,79.86666666666666,-9.0,-5.0,0.5
164,88.1,8.0,145.0,82.5,158.0,75,0.0,1007,52,33.3,8.1,2.0,2023,10,1,13,6,274,39,-0.2588190451025208,-0.9659258262890683,-0.8660254037844386,0.5000000000000001,-0.7818314824680299,0.6234898018587334,3,1,1,35.0,44.0,55.0,37.0,62.0,53.0,48.333333333333336,15.947831618541096,66.0,35.0,45.5,12.723993083933758,66.0,33.0,47.833333333333336,12.141838510877601,66.0,33.0,49.416666666666664,9.559500926880345,66.0,33.0,32.7,31.6,26.4,52.0,54.0,96.0,1.66,1.0,0.8,1008.0,1008.0,1009.0,1731.6,104.0,66.6,0.0,0.7999903031478406,11.011123609548806,18.12273465816773,17.316,32.3,0.033068487518880314,1108.8899999999999,2704,4.0,1014049,547.6,91.26666666666667,31.0,11.0,0.5999999999999943
176,87.3,8.0,137.3,93.8,144.3,58,0.0,1007,51,33.4,5.5,2.0,2023,10,1,14,6,274,39,-0.4999999999999997,-0.8660254037844388,-0.8660254037844386,0.5000000000000001,-0.7818314824680299,0.6234898018587334,3,1,1,66.0,35.0,44.0,33.0,51.0,56.0,58.666666666666664,20.984120980716284,75.0,35.0,52.5,15.681198933754862,75.0,35.0,49.833333333333336,14.465214282630308,75.0,33.0,50.208333333333336,10.83062953996194,75.0,33.0,33.3,32.2,28.1,52.0,53.0,79.0,2.0,1.33,0.33,1007.0,1008.0,1009.0,1703.3999999999999,102.0,66.8,0.0,0.7995650366200786,10.911136107986502,17.16035495563055,17.034,32.4,0.033167792286204284,1115.56,2601,4.0,1014049,545.7,90.95,9.0,31.0,0.10000000000000142
89,86.6,8.0,129.7,37.5,130.7,41,0.0,1006,50,33.6,3.9,2.0,2023,10,1,15,6,274,39,-0.7071067811865471,-0.7071067811865479,-0.8660254037844386,0.5000000000000001,-0.7818314824680299,0.6234898018587334,3,1,1,75.0,66.0,35.0,40.0,64.0,58.0,57.0,23.811761799581404,75.0,30.0,50.833333333333336,17.679555047191123,75.0,30.0,47.0,14.764823060233,75.0,30.0,49.041666666666664,11.445444002126287,75.0,30.0,33.4,32.7,29.9,51.0,52.0,65.0,2.0,1.66,0.66,1007.0,1008.0,1008.0,1680.0,100.0,67.2,0.0,0.7999786672355405,10.823647044119484,16.21047369078865,16.8,32.6,0.0333995691853189,1128.96,2500,4.0,1012036,422.49999999999994,70.41666666666666,-45.0,-5.0,0.20000000000000284
112,85.8,8.0,122.0,50.0,117.0,25,0.0,1005,49,33.7,2.4,2.0,2023,10,1,16,6,274,39,-0.8660254037844385,-0.5000000000000004,-0.8660254037844386,0.5000000000000001,-0.7818314824680299,0.6234898018587334,3,1,1,30.0,75.0,66.0,55.0,55.0,48.0,48.333333333333336,23.629078131263167,75.0,30.0,48.333333333333336,18.02960528316305,75.0,30.0,45.75,14.66055313355559,75.0,30.0,48.708333333333336,11.592648220041633,75.0,30.0,33.6,33.3,31.6,50.0,52.0,54.0,2.0,2.0,1.0,1006.0,1007.0,1008.0,1651.3000000000002,98.0,67.4,0.0,0.7999840003199936,10.723659542557181,15.248093988251469,16.513,32.7,0.03353230494298016,1135.6900000000003,2401,4.0,1010025,422.8,70.46666666666667,10.0,-26.0,0.10000000000000142
78,114.4,11.7,105.0,31.3,111.0,25,0.0,1006,56,32.6,1.7,2.0,2023,10,1,17,6,274,39,-0.9659258262890683,-0.25881904510252063,-0.8660254037844386,0.5000000000000001,-0.7818314824680299,0.6234898018587334,3,1,1,40.0,30.0,75.0,44.0,60.0,48.0,31.666666666666668,7.637626158260307,40.0,25.0,45.166666666666664,20.449123860612236,75.0,25.0,42.833333333333336,15.04437879519531,75.0,25.0,47.75,12.563750478538138,75.0,25.0,33.7,33.4,32.2,49.0,51.0,53.0,2.0,2.0,1.33,1005.0,1007.0,1008.0,1825.6000000000001,112.0,65.2,0.0,0.7986965272674994,9.776942141697292,8.973592000683704,18.256,31.6,0.03240553438813679,1062.76,3136,4.0,1012036,398.40000000000003,66.4,-15.0,-50.0,-1.1000000000000014
78,143.0,15.3,88.0,31.3,105.0,25,0.0,1006,62,31.4,0.0,2.0,2023,10,1,18,6,274,39,-1.0,-1.8369701987210297e-16,-0.8660254037844386,0.5000000000000001,-0.7818314824680299,0.6234898018587334,3,2,1,25.0,40.0,30.0,35.0,34.0,38.0,30.0,8.660254037844908,40.0,25.0,43.5,21.805962487356382,75.0,25.0,42.083333333333336,15.733336543399428,75.0,25.0,47.208333333333336,13.263153165219364,75.0,25.0,32.6,33.6,32.7,56.0,50.0,52.0,2.0,2.0,1.66,1006.0,1006.0,1008.0,1946.8,124.0,62.8,0.0,0.7986965272674994,9.345794392523365,5.7512580877066855,19.468,30.4,0.031212692631518258,985.9599999999999,3844,4.0,1012036,407.6,67.93333333333334,0.0,-5.0,-1.2000000000000028
98,171.6,19.0,71.0,42.5,99.0,25,0.0,1007,70,30.3,0.0,2.0,2023,10,1,19,6,274,39,-0.9659258262890684,0.2588190451025203,-0.8660254037844386,0.5000000000000001,-0.7818314824680299,0.6234898018587334,3,2,1,25.0,25.0,40.0,66.0,37.0,47.0,28.0,5.196152422707534,34.0,25.0,38.166666666666664,18.925291719459967,75.0,25.0,41.833333333333336,15.844892112620874,75.0,25.0,46.666666666666664,13.534711145684328,75.0,25.0,31.4,33.7,33.3,62.0,49.0,52.0,2.0,2.0,2.0,1006.0,1005.0,1007.0,2121.0,140.0,60.6,0.0,0.7999811769134845,9.03110362612494,3.736645439713699,21.21,29.3,0.030089344499161372,918.09,4900,4.0,1014049,437.1,72.85000000000001,9.0,-6.0,-1.0999999999999979
115,201.0,20.3,63.0,51.3,96.0,25,0.0,1007,75,29.7,0.0,1.66,2023,10,1,20,6,274,39,-0.8660254037844386,0.5000000000000001,-0.8660254037844386,0.5000000000000001,-0.7818314824680299,0.6234898018587334,3,2,1,34.0,25.0,25.0,75.0,33.0,49.0,33.333333333333336,8.02080627701117,41.0,25.0,32.5,7.063993204979239,41.0,25.0,42.5,15.605942923945467,75.0,25.0,46.333333333333336,13.573204634793546,75.0,25.0,30.3,32.6,33.4,70.0,56.0,51.0,2.0,2.0,2.0,1007.0,1006.0,1007.0,2227.5,124.5,49.302,0.0,0.7992046938656168,9.900990099009901,3.103295404167282,22.275,28.87,0.029493515895217582,882.0899999999999,5625,2.7556,1014049,472.6,78.76666666666667,7.0,16.0,-0.6000000000000014
82,230.3,21.7,55.0,33.8,93.0,25,0.0,1008,80,29.2,0.0,1.33,2023,10,1,21,6,274,39,-0.7071067811865477,0.7071067811865474,-0.8660254037844386,0.5000000000000001,-0.7818314824680299,0.6234898018587334,3,2,1,41.0,34.0,25.0,30.0,40.0,50.0,34.0,7.000000000000594,41.0,27.0,32.0,7.375635565833822,41.0,25.0,41.416666666666664,16.233849783334453,75.0,25.0,45.375,14.104616882117494,75.0,25.0,29.7,31.4,33.6,75.0,62.0,50.0,1.66,2.0,2.0,1007.0,1006.0,1006.0,2336.0,106.4,38.836,0.0,0.7987929351202628,10.612414174462007,2.5344454172618773,23.36,28.535,0.028968225229935286,852.64,6400,1.7689000000000001,1016064,460.8,76.8,-14.0,2.0,-0.5
82,259.7,23.0,47.0,33.8,90.0,25,0.0,1009,85,28.6,0.0,1.0,2023,10,1,22,6,274,39,-0.5000000000000004,0.8660254037844384,-0.8660254037844386,0.5000000000000001,-0.7818314824680299,0.6234898018587334,3,3,1,27.0,41.0,34.0,40.0,55.0,49.0,31.666666666666668,8.0829037686553,41.0,27.0,29.833333333333332,6.400520812141719,41.0,25.0,39.083333333333336,16.11582132470097,75.0,25.0,44.458333333333336,14.566128567649137,75.0,25.0,29.2,30.3,33.7,80.0,70.0,49.0,1.33,2.0,2.0,1008.0,1007.0,1005.0,2431.0,85.0,28.6,0.0,0.7987929351202628,11.290813442893786,2.043389417851398,24.31,28.1,0.028344867844531375,817.96,7225,1.0,1018081,480.5,80.08333333333333,0.0,-7.0,-0.5999999999999979
89,268.7,24.0,42.7,37.5,86.7,0,0.0,1009,87,28.1,0.0,0.66,2023,10,1,23,6,274,39,-0.25881904510252157,0.9659258262890681,-0.8660254037844386,0.5000000000000001,-0.7818314824680299,0.6234898018587334,3,3,1,27.0,27.0,41.0,25.0,44.0,53.0,28.0,1.7320508075715766,30.0,27.0,30.666666666666668,5.955389715766666,41.0,25.0,37.916666666666664,16.23384978333447,75.0,25.0,43.5,14.735346442571927,75.0,25.0,28.6,29.7,32.6,85.0,75.0,56.0,1.0,1.66,2.0,1009.0,1007.0,1006.0,2444.7000000000003,57.42,18.546000000000003,0.0,0.7999786672355405,11.195366859714177,1.7790925378109246,24.447000000000003,27.770000000000003,0.027849328196899708,789.6100000000001,7569,0.43560000000000004,1018081,489.59999999999997,81.6,3.0,-11.0,-0.5
85,277.6,25.0,38.3,35.0,83.3,0,0.0,1009,89,27.7,0.0,0.33,2023,10,2,0,0,275,40,0.0,1.0,-0.8660254037844386,0.5000000000000001,0.0,1.0,3,3,0,30.0,27.0,27.0,25.0,35.0,54.0,28.333333333333332,1.5275252316549888,30.0,27.0,31.166666666666668,5.4924190177607,41.0,27.0,37.333333333333336,16.472198800807476,75.0,25.0,42.416666666666664,14.88482351304511,75.0,25.0,28.1,29.2,31.4,87.0,80.0,62.0,0.66,1.33,2.0,1009.0,1008.0,1006.0,2465.2999999999997,29.37,9.141,0.0,0.7999771435101855,11.10355585776569,1.5319387224511019,24.653,27.535,0.027452896478794373,767.29,7921,0.10890000000000001,1018081,487.20000000000005,81.2,-2.0,1.0,-0.40000000000000213
87,286.5,26.0,34.0,36.3,80.0,0,0.0,1009,91,27.2,0.0,1.2,2023,10,2,1,0,275,40,0.25881904510252074,0.9659258262890683,-0.8660254037844386,0.5000000000000001,0.0,1.0,3,3,0,28.0,30.0,27.0,34.0,66.0,62.0,29.0,1.0000000000045906,30.0,28.0,30.333333333333332,5.354126134735653,41.0,27.0,34.25,13.876893810149745,75.0,25.0,41.041666666666664,14.516794372057035,75.0,25.0,27.7,28.6,30.3,89.0,85.0,70.0,0.33,1.0,2.0,1009.0,1009.0,1007.0,2475.2,109.2,32.64,0.0,0.798876064020275,11.018806968962732,1.307642013768701,24.752,26.599999999999998,0.026957356831162703,739.8399999999999,8281,1.44,1018081,491.8,81.96666666666667,1.0,2.0,-0.5
163,296.3,26.7,29.0,81.3,78.7,0,0.0,1009,92,27.0,0.0,1.2,2023,10,2,2,0,275,40,0.49999999999999994,0.8660254037844387,-0.8660254037844386,0.5000000000000001,0.0,1.0,3,3,0,29.0,28.0,30.0,41.0,75.0,51.0,40.666666666666664,21.079215671683343,65.0,28.0,34.333333333333336,15.068731421943243,65.0,27.0,33.416666666666664,11.26102153716956,65.0,25.0,41.625,15.199578083389385,75.0,25.0,27.2,28.1,29.7,91.0,87.0,75.0,1.2,0.66,1.66,1009.0,1009.0,1007.0,2484.0,110.39999999999999,32.4,0.0,0.7994981611542293,11.09696266057451,1.0861016441331786,24.84,26.4,0.02675914097211004,729.0,8464,1.44,1018081,577.0,96.16666666666667,36.0,35.0,-0.1999999999999993
137,306.0,27.3,24.0,61.3,77.3,0,0.0,1009,94,26.8,0.0,1.2,2023,10,2,3,0,275,40,0.7071067811865476,0.7071067811865476,-0.8660254037844386,0.5000000000000001,0.0,1.0,3,3,0,65.0,29.0,28.0,27.0,30.0,64.0,47.666666666666664,18.036999011291744,65.0,29.0,38.0,15.594870951694125,65.0,27.0,35.0,12.045368781855519,65.0,25.0,41.0,14.533320037223255,75.0,25.0,27.0,27.7,29.2,92.0,89.0,80.0,1.2,0.33,1.33,1009.0,1009.0,1008.0,2519.2000000000003,112.8,32.16,0.0,0.7993344317384709,11.208380645397604,0.8790886780704003,25.192000000000004,26.2,0.02656092511305737,718.24,8836,1.44,1018081,544.9,90.81666666666666,-16.0,21.0,-0.1999999999999993
78,315.7,28.0,19.0,31.3,76.0,25,0.0,1009,95,26.6,0.0,1.6,2023,10,2,4,0,275,40,0.8660254037844386,0.5000000000000001,-0.8660254037844386,0.5000000000000001,0.0,1.0,3,3,0,49.0,65.0,29.0,27.0,40.0,55.0,46.333333333333336,20.132891827388825,65.0,25.0,37.666666666666664,15.895492023421605,65.0,25.0,33.75,12.255796402296182,65.0,25.0,39.75,14.566936952356164,75.0,25.0,26.8,27.2,28.6,94.0,91.0,85.0,1.2,1.2,1.0,1009.0,1009.0,1009.0,2527.0,152.0,42.56,0.0,0.7986965272674994,11.274597335809435,0.6785471947430448,25.27,25.8,0.026362709254004704,707.5600000000001,9025,2.5600000000000005,1018081,495.0,82.5,-24.0,-4.0,-0.1999999999999993
87,288.1,25.7,25.3,36.3,73.0,25,0.0,1009,95,26.7,0.0,1.2,2023,10,2,5,0,275,40,0.9659258262890683,0.25881904510252074,-0.8660254037844386,0.5000000000000001,0.0,1.0,3,3,0,25.0,49.0,65.0,30.0,25.0,60.0,34.333333333333336,12.8582010146576,49.0,25.0,37.5,15.996874694764388,65.0,25.0,34.083333333333336,12.048827429432002,65.0,25.0,38.458333333333336,14.05881795596082,75.0,25.0,26.6,27.0,28.1,95.0,92.0,87.0,1.6,1.2,0.66,1009.0,1009.0,1009.0,2536.5,114.0,32.04,0.0,0.798876064020275,11.209680557176764,0.9843974942609237,25.365,26.099999999999998,0.026461817183531036,712.89,9025,1.44,1018081,477.40000000000003,79.56666666666668,4.0,-36.0,0.09999999999999787
87,260.5,23.3,31.7,36.3,70.0,25,0.0,1010,95,26.9,1.0,1.2,2023,10,2,6,0,275,40,1.0,6.123233995736766e-17,-0.8660254037844386,0.5000000000000001,0.0,1.0,3,0,0,29.0,25.0,49.0,28.0,25.0,34.0,27.666666666666668,2.309401076760582,29.0,25.0,37.666666666666664,15.882904856060176,65.0,25.0,34.416666666666664,11.8279970895966,65.0,25.0,38.25,14.164407321967776,75.0,25.0,26.7,26.8,27.7,95.0,94.0,89.0,1.2,1.2,0.33,1009.0,1009.0,1009.0,2555.5,114.0,32.279999999999994,0.0,0.798876064020275,11.179777691944551,1.3604566327625423,25.555,26.299999999999997,0.026633636996399014,723.6099999999999,9025,1.44,1020100,450.8,75.13333333333334,0.0,-20.0,0.1999999999999993
78,232.9,21.0,38.0,31.3,67.0,25,0.0,1010,94,27.0,1.1,0.8,2023,10,2,7,0,275,40,0.9659258262890683,-0.25881904510252063,-0.8660254037844386,0.5000000000000001,0.0,1.0,3,0,0,29.0,29.0,25.0,29.0,34.0,37.0,27.666666666666668,2.309401076760582,29.0,25.0,37.0,16.395121225535153,65.0,25.0,33.666666666666664,12.138094304021697,65.0,25.0,37.75,14.419943918361854,75.0,25.0,26.9,26.6,27.2,95.0,95.0,91.0,1.2,1.6,1.2,1010.0,1009.0,1009.0,2538.0,75.2,21.6,0.0,0.7986965272674994,11.089948097709632,1.8094376458263892,25.38,26.6,0.026732646799359605,729.0,8836,0.6400000000000001,1020100,415.2,69.2,-4.0,0.0,0.10000000000000142
80,185.2,17.3,60.3,32.5,85.7,25,0.0,1010,83,28.3,2.7,0.33,2023,10,2,8,0,275,40,0.8660254037844387,-0.4999999999999998,-0.8660254037844386,0.5000000000000001,0.0,1.0,3,0,0,25.0,29.0,29.0,65.0,41.0,33.0,26.666666666666668,2.0816659994684805,29.0,25.0,30.5,9.246621004453083,49.0,25.0,32.416666666666664,12.08649383954355,65.0,25.0,37.458333333333336,14.589988129645398,75.0,25.0,27.0,26.7,27.0,94.0,95.0,92.0,0.8,1.2,1.2,1010.0,1009.0,1009.0,2348.9,27.39,9.339,0.0,0.7999753853727578,10.70458355008381,3.4853476677648687,23.489,28.135,0.02801977423784729,800.89,6889,0.10890000000000001,1020100,407.0,67.83333333333333,1.0,-3.0,1.3000000000000007
95,137.5,13.7,82.7,41.3,104.3,25,0.0,1010,73,29.5,4.7,0.66,2023,10,2,9,0,275,40,0.7071067811865476,-0.7071067811865475,-0.8660254037844386,0.5000000000000001,0.0,1.0,3,0,0,26.0,25.0,29.0,49.0,27.0,40.0,28.0,4.358898943541769,33.0,25.0,27.833333333333332,3.125166662221305,33.0,25.0,32.916666666666664,11.965543966917393,65.0,25.0,37.166666666666664,14.606927084112687,75.0,25.0,28.3,26.9,26.8,83.0,95.0,94.0,0.33,1.2,1.2,1010.0,1010.0,1009.0,2153.5,48.18,19.470000000000002,0.0,0.7990121304568898,10.035763812860376,6.036055762353113,21.535,29.17,0.029207891873374383,870.25,5329,0.43560000000000004,1020100,412.5,68.75,7.0,4.0,1.1999999999999993
82,89.9,10.0,105.0,33.8,123.0,25,0.0,1011,64,30.8,7.0,1.0,2023,10,2,10,0,275,40,0.49999999999999994,-0.8660254037844387,-0.8660254037844386,0.5000000000000001,0.0,1.0,3,0,0,33.0,26.0,25.0,25.0,27.0,55.0,28.666666666666668,3.785938897201429,33.0,26.0,28.166666666666668,2.857738033245781,33.0,25.0,32.916666666666664,11.965543966917393,65.0,25.0,36.0,14.234068134309963,75.0,25.0,29.5,27.0,26.6,73.0,94.0,95.0,0.66,0.8,1.6,1010.0,1010.0,1009.0,1971.2,64.0,30.8,0.0,0.7987929351202628,8.989101089891012,10.498950104989502,19.712,30.3,0.03046485611784756,948.6400000000001,4096,1.0,1022121,388.7,64.78333333333333,-6.0,2.0,1.3000000000000007
82,85.4,8.3,115.0,33.8,117.0,37,0.0,1010,59,31.7,8.7,1.0,2023,10,2,11,0,275,40,0.258819045102521,-0.9659258262890682,-0.8660254037844386,0.5000000000000001,0.0,1.0,3,0,0,27.0,33.0,26.0,29.0,30.0,44.0,29.0,3.4641016151391084,33.0,27.0,27.833333333333332,2.8577380332457785,33.0,25.0,32.666666666666664,12.062966115974229,65.0,25.0,35.291666666666664,14.241638787805385,75.0,25.0,30.8,28.3,26.7,64.0,83.0,95.0,1.0,0.33,1.2,1011.0,1010.0,1009.0,1870.3,59.0,31.7,0.0,0.7987929351202628,10.287917118419468,13.853752559932538,18.703,31.2,0.03138610753850739,1004.89,3481,1.0,1020100,386.5,64.41666666666667,0.0,1.0,0.8999999999999986
93,80.9,6.7,125.0,40.0,111.0,50,0.0,1009,55,32.5,8.4,1.0,2023,10,2,12,0,275,40,1.2246467991473532e-16,-1.0,-0.8660254037844386,0.5000000000000001,0.0,1.0,3,1,0,27.0,27.0,33.0,29.0,28.0,35.0,28.666666666666668,2.8867513459497625,32.0,27.0,28.333333333333332,3.3266599866321584,33.0,25.0,33.0,11.977251164375582,65.0,25.0,35.166666666666664,14.257466896992765,75.0,25.0,31.7,29.5,26.9,59.0,73.0,95.0,1.0,0.66,1.2,1010.0,1010.0,1010.0,1787.5,55.0,32.5,0.0,0.7999800004999875,12.072824951499776,18.65393224891807,17.875,32.0,0.03221007709605838,1056.25,3025,1.0,1018081,395.6,65.93333333333334,5.0,-1.0,0.8000000000000007
89,76.5,5.0,135.0,37.5,105.0,62,0.0,1008,51,33.4,7.4,1.0,2023,10,2,13,0,275,40,-0.2588190451025208,-0.9659258262890683,-0.8660254037844386,0.5000000000000001,0.0,1.0,3,1,0,32.0,27.0,27.0,25.0,29.0,66.0,29.666666666666668,2.516611478425423,32.0,27.0,29.166666666666668,2.9268868558008028,33.0,26.0,33.083333333333336,11.950339160902372,65.0,25.0,33.666666666666664,12.678865216903638,75.0,25.0,32.5,30.8,27.0,55.0,64.0,94.0,1.0,1.0,0.8,1009.0,1011.0,1010.0,1703.3999999999999,51.0,33.4,0.0,0.7999786672355405,15.296940611877623,26.99460107978404,17.034,32.9,0.03313488776300817,1115.56,2601,1.0,1016064,389.0,64.83333333333333,-2.0,3.0,0.8999999999999986
93,78.6,5.3,132.0,40.0,100.0,58,0.0,1008,48,33.6,5.5,1.33,2023,10,2,14,0,275,40,-0.4999999999999997,-0.8660254037844388,-0.8660254037844386,0.5000000000000001,0.0,1.0,3,1,0,30.0,32.0,27.0,26.0,65.0,75.0,31.333333333333332,1.1547005383831377,32.0,30.0,30.166666666666668,2.6394443859758727,33.0,27.0,30.333333333333332,6.485414871895037,49.0,25.0,31.875,9.123845966334233,65.0,25.0,33.4,31.7,28.3,51.0,59.0,83.0,1.0,1.0,0.33,1008.0,1010.0,1010.0,1612.8000000000002,63.84,44.688,0.0,0.7999800004999875,14.827391058290887,24.90096208262592,16.128,32.935,0.033333300264583074,1128.96,2304,1.7689000000000001,1016064,387.9,64.64999999999999,2.0,5.0,0.20000000000000284
91,80.7,5.7,129.0,38.8,95.0,54,0.0,1007,46,33.8,3.3,1.66,2023,10,2,15,0,275,40,-0.7071067811865471,-0.7071067811865479,-0.8660254037844386,0.5000000000000001,0.0,1.0,3,1,0,32.0,30.0,32.0,33.0,49.0,30.0,31.0,1.0000000000045155,32.0,30.0,29.833333333333332,2.3166067138510016,32.0,27.0,28.833333333333332,2.823065172766738,33.0,25.0,31.916666666666668,9.117191914498635,65.0,25.0,33.6,32.5,29.5,48.0,55.0,73.0,1.33,1.0,0.66,1008.0,1009.0,1010.0,1554.8,76.36,56.10799999999999,0.0,0.7989484807092602,14.155411331345377,22.627609191369935,15.548,32.97,0.03356501135550014,1142.4399999999998,2116,2.7556,1014049,380.2,63.36666666666667,-1.0,-1.0,0.19999999999999574
89,82.9,6.0,126.0,37.5,90.0,50,0.0,1007,43,34.0,2.3,2.0,2023,10,2,16,0,275,40,-0.8660254037844385,-0.5000000000000004,-0.8660254037844386,0.5000000000000001,0.0,1.0,3,1,0,31.0,32.0,30.0,27.0,25.0,40.0,31.0,1.0000000000045155,32.0,30.0,30.333333333333332,1.861898672500616,32.0,27.0,29.25,2.5628464289093227,33.0,25.0,31.5,8.958843093012588,65.0,25.0,33.8,33.4,30.8,46.0,51.0,64.0,1.66,1.0,1.0,1007.0,1008.0,1011.0,1462.0,86.0,68.0,0.0,0.7999786672355405,13.81436427262123,20.996500583236127,14.62,33.0,0.033763620890148074,1156.0,1849,4.0,1014049,372.4,62.06666666666666,-1.0,0.0,0.20000000000000284
82,117.5,10.7,106.3,33.8,89.0,45,0.0,1007,49,32.7,1.8,1.66,2023,10,2,17,0,275,40,-0.9659258262890683,-0.25881904510252063,-0.8660254037844386,0.5000000000000001,0.0,1.0,3,1,0,30.0,31.0,32.0,27.0,29.0,25.0,29.333333333333332,2.0816659994683695,31.0,27.0,30.333333333333332,1.861898672500616,32.0,27.0,29.083333333333332,2.64431923988306,33.0,25.0,31.583333333333332,8.90489199537408,65.0,25.0,34.0,33.6,31.7,43.0,48.0,59.0,2.0,1.33,1.0,1007.0,1008.0,1010.0,1602.3000000000002,81.33999999999999,54.282000000000004,0.0,0.7987929351202628,10.98028221661527,9.933651060648538,16.023000000000003,31.870000000000005,0.03247265891493653,1069.2900000000002,2401,2.7556,1014049,384.3,64.05,-3.0,-5.0,-1.2999999999999972
107,152.1,15.3,86.7,47.5,88.0,41,0.0,1007,56,31.3,0.0,1.33,2023,10,2,18,0,275,40,-1.0,-1.8369701987210297e-16,-0.8660254037844386,0.5000000000000001,0.0,1.0,3,2,0,27.0,30.0,31.0,32.0,29.0,25.0,31.666666666666668,5.68624070307811,38.0,27.0,31.333333333333332,3.6696957185384718,38.0,27.0,29.833333333333332,3.688639397671173,38.0,25.0,32.125,8.882383640129325,65.0,25.0,32.7,33.8,32.5,49.0,46.0,55.0,1.66,1.66,1.0,1007.0,1007.0,1009.0,1752.8,74.48,41.629000000000005,0.0,0.7999831582493001,9.940526762956669,5.666296320501928,17.528,30.635,0.03108239217240102,979.69,3136,1.7689000000000001,1014049,427.6,71.26666666666667,11.0,7.0,-1.4000000000000021
112,186.8,20.0,67.0,50.0,87.0,37,0.0,1008,64,30.0,0.0,1.0,2023,10,2,19,0,275,40,-0.9659258262890684,0.2588190451025203,-0.8660254037844386,0.5000000000000001,0.0,1.0,3,2,0,38.0,27.0,30.0,30.0,25.0,34.0,35.0,7.000000000000595,40.0,27.0,33.0,4.979959839194788,40.0,27.0,31.083333333333332,4.37884030586108,40.0,26.0,32.375,9.020809276334493,65.0,25.0,31.3,34.0,33.4,56.0,43.0,51.0,1.33,2.0,1.0,1007.0,1007.0,1008.0,1920.0,64.0,30.0,0.0,0.7999840003199936,9.339533023348833,3.3498325083745812,19.2,29.5,0.029761875236234886,900.0,4096,1.0,1016064,450.8,75.13333333333334,2.0,10.0,-1.3000000000000007
112,200.6,20.0,61.7,50.0,83.7,33,0.0,1008,70,29.6,0.0,1.0,2023,10,2,20,0,275,40,-0.8660254037844386,0.5000000000000001,-0.8660254037844386,0.5000000000000001,0.0,1.0,3,2,0,40.0,38.0,27.0,32.0,26.0,41.0,39.333333333333336,1.15470053838254,40.0,38.0,34.333333333333336,5.6803755744369315,40.0,27.0,32.25,4.750598048474818,40.0,27.0,32.333333333333336,8.98146239020512,65.0,25.0,30.0,32.7,33.6,64.0,49.0,48.0,1.0,1.66,1.33,1008.0,1007.0,1008.0,2072.0,70.0,29.6,0.0,0.7999840003199936,10.029498525073745,3.0848457577121144,20.72,29.1,0.02936505023308509,876.1600000000001,4900,1.0,1016064,456.0,76.0,0.0,13.0,-0.3999999999999986
100,214.4,20.0,56.3,43.8,80.3,29,0.0,1009,76,29.1,0.0,1.0,2023,10,2,21,0,275,40,-0.7071067811865477,0.7071067811865474,-0.8660254037844386,0.5000000000000001,0.0,1.0,3,2,0,40.0,40.0,38.0,31.0,33.0,27.0,38.333333333333336,2.8867513459494742,40.0,35.0,35.0,5.44058820349354,40.0,27.0,32.416666666666664,4.813963276161683,40.0,27.0,32.666666666666664,8.92318263882342,65.0,25.0,29.6,31.3,33.8,70.0,56.0,46.0,1.0,1.33,1.66,1008.0,1007.0,1007.0,2211.6,76.0,29.1,0.0,0.7990685144174792,10.71946402679866,2.814859257037148,22.116,28.6,0.02884040749216304,846.8100000000001,5776,1.0,1018081,449.8,74.96666666666667,-5.0,-3.0,-0.5
121,228.2,20.0,51.0,53.8,77.0,25,0.0,1010,83,28.7,0.0,1.0,2023,10,2,22,0,275,40,-0.5000000000000004,0.8660254037844384,-0.8660254037844386,0.5000000000000001,0.0,1.0,3,3,0,35.0,40.0,40.0,30.0,27.0,27.0,39.333333333333336,4.04145188432832,43.0,35.0,37.166666666666664,5.636192568273355,43.0,27.0,33.75,5.361902647380935,43.0,27.0,33.333333333333336,9.077763882226295,65.0,25.0,29.1,30.0,34.0,76.0,64.0,43.0,1.0,1.0,2.0,1009.0,1008.0,1007.0,2382.1,83.0,28.7,0.0,0.7992416497834613,11.409429528523573,2.549872506374681,23.820999999999998,28.2,0.028415813449689655,823.6899999999999,6889,1.0,1020100,473.0,78.83333333333333,8.0,3.0,-0.40000000000000213
98,243.6,22.0,47.3,42.5,81.0,20,0.0,1010,85,28.3,0.0,1.0,2023,10,2,23,0,275,40,-0.25881904510252157,0.9659258262890681,-0.8660254037844386,0.5000000000000001,0.0,1.0,3,3,0,43.0,35.0,40.0,27.0,27.0,30.0,37.333333333333336,4.932882862317053,43.0,34.0,38.333333333333336,3.3862466931190673,43.0,34.0,34.333333333333336,4.923659639172352,43.0,27.0,33.5,9.050582493865459,65.0,25.0,28.7,29.6,32.7,83.0,70.0,49.0,1.0,1.0,1.66,1010.0,1008.0,1007.0,2405.5,85.0,28.3,0.0,0.7999811769134845,11.072223989818644,2.149902277169219,24.055,27.8,0.02801977423784729,800.89,7225,1.0,1020100,470.40000000000003,78.4,-9.0,-6.0,-0.3999999999999986
98,258.9,24.0,43.7,42.5,85.0,16,0.0,1010,87,28.0,0.0,1.0,2023,10,3,0,1,276,40,0.0,1.0,-0.8660254037844386,0.5000000000000001,0.7818314824680298,0.6234898018587336,3,3,0,34.0,43.0,35.0,38.0,32.0,28.0,37.0,5.196152422707401,43.0,34.0,37.666666666666664,3.8297084310244562,43.0,34.0,34.5,4.8710648453149625,43.0,27.0,33.75,8.974601844141764,65.0,25.0,28.3,29.1,31.3,85.0,76.0,56.0,1.0,1.0,1.33,1010.0,1009.0,1007.0,2436.0,87.0,28.0,0.0,0.7999811769134845,10.78705053956085,1.820757468438815,24.36,27.5,0.027722744828965515,784.0,7569,1.0,1020100,488.09999999999997,81.35,0.0,-1.0,-0.3000000000000007
91,274.3,26.0,40.0,38.8,89.0,12,0.0,1010,89,27.6,0.0,1.0,2023,10,3,1,1,276,40,0.25881904510252074,0.9659258262890683,-0.8660254037844386,0.5000000000000001,0.7818314824680298,0.6234898018587336,3,3,0,34.0,34.0,43.0,40.0,30.0,29.0,33.0,1.7320508075713819,34.0,31.0,36.166666666666664,4.445971959724866,43.0,31.0,34.583333333333336,4.795041630936563,43.0,27.0,33.833333333333336,8.93778820352204,65.0,25.0,28.0,28.7,30.0,87.0,83.0,64.0,1.0,1.0,1.0,1010.0,1010.0,1008.0,2456.4,89.0,27.6,0.0,0.7989484807092602,10.54959424637514,1.5384023691396485,24.564,27.1,0.027326705617123154,761.7600000000001,7921,1.0,1020100,499.1,83.18333333333334,-3.0,-12.0,-0.3999999999999986
102,294.9,27.7,32.0,45.0,85.3,18,0.0,1009,80,28.4,0.0,1.0,2023,10,3,2,1,276,40,0.49999999999999994,0.8660254037844387,-0.8660254037844386,0.5000000000000001,0.7818314824680298,0.6234898018587336,3,3,0,31.0,34.0,34.0,40.0,32.0,65.0,33.666666666666664,2.5166114784252853,36.0,31.0,35.5,4.037325847636414,43.0,31.0,34.916666666666664,4.737823307908409,43.0,27.0,32.625,6.027563499386217,49.0,25.0,27.6,28.3,29.6,89.0,85.0,70.0,1.0,1.0,1.0,1010.0,1010.0,1008.0,2272.0,80.0,28.4,0.0,0.7999822226172753,10.64582506046713,1.1551929533229848,22.72,27.9,0.028146651985478704,806.56,6400,1.0,1018081,520.9,86.81666666666666,5.0,2.0,0.7999999999999972
121,315.5,29.3,24.0,53.8,81.7,23,0.0,1008,71,29.2,0.0,1.0,2023,10,3,3,1,276,40,0.7071067811865476,0.7071067811865476,-0.8660254037844386,0.5000000000000001,0.7818314824680298,0.6234898018587336,3,3,0,36.0,31.0,34.0,35.0,31.0,49.0,36.666666666666664,6.027713773342377,43.0,31.0,36.833333333333336,5.036533199201586,43.0,31.0,35.916666666666664,5.089353117195294,43.0,27.0,32.375,5.411842891128983,43.0,25.0,28.4,28.0,29.1,80.0,87.0,76.0,1.0,1.0,1.0,1009.0,1010.0,1009.0,2073.2,71.0,29.2,0.0,0.7992416497834613,10.767550595542813,0.8190846728780588,20.732,28.7,0.028968225229935286,852.64,5041,1.0,1016064,547.3000000000001,91.21666666666668,7.0,9.0,0.8000000000000007
165,336.2,31.0,16.0,83.8,78.0,29,0.0,1008,64,30.0,0.0,1.0,2023,10,3,4,1,276,40,0.8660254037844386,0.5000000000000001,-0.8660254037844386,0.5000000000000001,0.7818314824680298,0.6234898018587336,3,3,0,43.0,36.0,31.0,43.0,30.0,25.0,48.666666666666664,16.25833119767645,67.0,36.0,40.833333333333336,13.437509689918732,67.0,31.0,39.0,10.009086780611305,67.0,27.0,34.125,8.709377754441967,67.0,25.0,29.2,27.6,28.7,71.0,89.0,83.0,1.0,1.0,1.0,1008.0,1010.0,1010.0,1920.0,64.0,30.0,0.0,0.7995131323015239,10.844811457694913,0.5161123834715009,19.2,29.5,0.029761875236234886,900.0,4096,1.0,1016064,612.0,102.0,24.0,36.0,0.8000000000000007
107,322.1,28.3,21.3,47.5,79.7,34,0.0,1009,73,28.8,0.0,1.33,2023,10,3,5,1,276,40,0.9659258262890683,0.25881904510252074,-0.8660254037844386,0.5000000000000001,0.7818314824680298,0.6234898018587336,3,3,0,67.0,43.0,36.0,34.0,27.0,29.0,49.333333333333336,15.502687938978173,67.0,38.0,41.5,13.126309458488063,67.0,31.0,39.916666666666664,9.2879035048358,67.0,31.0,34.5,8.672796048815595,67.0,25.0,30.0,28.4,28.3,64.0,80.0,85.0,1.0,1.0,1.0,1008.0,1009.0,1010.0,2102.4,97.09,38.304,0.0,0.7999831582493001,11.381223278329388,0.7526235822055758,21.024,28.135,0.028543083703584042,829.44,5329,1.7689000000000001,1018081,536.9000000000001,89.48333333333335,-29.0,2.0,-1.1999999999999993
76,308.1,25.7,26.7,30.0,81.3,40,0.0,1009,83,27.6,0.7,1.66,2023,10,3,6,1,276,40,1.0,6.123233995736766e-17,-0.8660254037844386,0.5000000000000001,0.7818314824680298,0.6234898018587336,3,0,0,38.0,67.0,43.0,34.0,38.0,29.0,43.0,21.931712199461472,67.0,24.0,39.833333333333336,14.797522315126267,67.0,24.0,38.75,10.367124612314765,67.0,24.0,34.291666666666664,8.868503950432904,67.0,24.0,28.8,29.2,28.0,73.0,71.0,87.0,1.33,1.0,1.0,1009.0,1008.0,1010.0,2290.8,137.78,45.816,0.0,0.7999733342221925,11.987860394537178,1.0388700828761526,22.908,26.770000000000003,0.02735378854926804,761.7600000000001,6889,2.7556,1018081,495.8,82.63333333333334,-14.0,-19.0,-1.1999999999999993
87,294.1,23.0,32.0,36.3,83.0,45,0.0,1010,94,26.4,0.7,2.0,2023,10,3,7,1,276,40,0.9659258262890683,-0.25881904510252063,-0.8660254037844386,0.5000000000000001,0.7818314824680298,0.6234898018587336,3,0,0,24.0,38.0,67.0,31.0,40.0,25.0,30.333333333333332,7.09459888459824,38.0,24.0,39.5,15.056560032092097,67.0,24.0,37.833333333333336,10.726630694705399,67.0,24.0,34.458333333333336,8.722679916604747,67.0,24.0,27.6,30.0,27.6,83.0,64.0,89.0,1.66,1.0,1.0,1009.0,1008.0,1010.0,2481.6,188.0,52.8,0.0,0.798876064020275,12.78640059127864,1.3912438589626537,24.816,25.4,0.026138587981596056,696.9599999999999,8836,4.0,1020100,497.40000000000003,82.9,5.0,-38.0,-1.2000000000000028
91,228.4,19.3,60.0,38.8,112.3,51,0.0,1011,82,27.9,1.3,1.66,2023,10,3,8,1,276,40,0.8660254037844387,-0.4999999999999998,-0.8660254037844386,0.5000000000000001,0.7818314824680298,0.6234898018587336,3,0,0,29.0,24.0,38.0,36.0,40.0,26.0,28.0,3.6055512754653276,31.0,24.0,38.666666666666664,15.42292665698245,67.0,24.0,37.083333333333336,10.874978230559435,67.0,24.0,34.666666666666664,8.570255268212406,67.0,24.0,26.4,28.8,28.4,94.0,73.0,80.0,2.0,1.33,1.0,1010.0,1009.0,1009.0,2287.7999999999997,136.12,46.31399999999999,0.0,0.7989484807092602,11.833583752137194,3.1086472203512767,22.877999999999997,27.07,0.02759641187298529,778.41,6724,2.7556,1022121,489.80000000000007,81.63333333333334,2.0,-7.0,1.5
91,162.6,15.7,88.0,38.8,141.7,56,0.0,1011,72,29.5,2.3,1.33,2023,10,3,9,1,276,40,0.7071067811865476,-0.7071067811865475,-0.8660254037844386,0.5000000000000001,0.7818314824680298,0.6234898018587336,3,0,0,31.0,29.0,24.0,43.0,35.0,33.0,30.333333333333332,1.1547005383832576,31.0,29.0,36.666666666666664,15.526321736543393,67.0,24.0,36.75,11.005164077087926,67.0,24.0,34.583333333333336,8.596848091100185,67.0,24.0,27.9,27.6,29.2,82.0,83.0,71.0,1.66,1.66,1.0,1011.0,1009.0,1008.0,2124.0,95.76,39.235,0.0,0.7989484807092602,10.356028278453602,5.604738551684607,21.24,28.835,0.029179001801185163,870.25,5184,1.7689000000000001,1022121,477.79999999999995,79.63333333333333,0.0,7.0,1.6000000000000014
112,96.9,12.0,116.0,50.0,171.0,62,0.0,1011,63,31.0,3.4,1.0,2023,10,3,10,1,276,40,0.49999999999999994,-0.8660254037844387,-0.8660254037844386,0.5000000000000001,0.7818314824680298,0.6234898018587336,3,0,0,31.0,31.0,29.0,67.0,43.0,27.0,34.0,5.196152422707462,40.0,31.0,32.166666666666664,5.913261931173005,40.0,24.0,36.5,10.88368253187016,67.0,24.0,35.125,8.507349763587007,67.0,24.0,29.5,26.4,30.0,72.0,94.0,64.0,1.33,2.0,1.0,1011.0,1010.0,1008.0,1953.0,63.0,31.0,0.0,0.7999840003199936,8.074327139405051,9.665861178235147,19.53,30.5,0.030662679858872544,961.0,3969,1.0,1022121,485.9,80.98333333333333,9.0,11.0,1.5
91,95.5,10.3,126.7,38.8,158.7,62,0.0,1010,59,31.9,4.8,1.0,2023,10,3,11,1,276,40,0.258819045102521,-0.9659258262890682,-0.8660254037844386,0.5000000000000001,0.7818314824680298,0.6234898018587336,3,0,0,40.0,31.0,31.0,38.0,34.0,27.0,34.0,5.196152422707462,40.0,31.0,31.0,5.176871642217261,40.0,24.0,36.25,10.980354357586647,67.0,24.0,35.291666666666664,8.379473713196369,67.0,24.0,31.0,27.9,28.8,63.0,82.0,73.0,1.0,1.66,1.33,1011.0,1011.0,1009.0,1882.1,59.0,31.9,0.0,0.7989484807092602,9.270944568488495,12.299776720706728,18.820999999999998,31.4,0.03158412714442857,1017.6099999999999,3481,1.0,1020100,461.0,76.83333333333333,-9.0,0.0,0.8999999999999986
82,94.2,8.7,137.3,33.8,146.3,62,0.0,1010,55,32.7,8.0,1.0,2023,10,3,12,1,276,40,1.2246467991473532e-16,-1.0,-0.8660254037844386,0.5000000000000001,0.7818314824680298,0.6234898018587336,3,1,0,31.0,40.0,31.0,24.0,34.0,32.0,32.666666666666664,6.658328118480058,40.0,27.0,31.5,4.460941604638333,40.0,27.0,35.666666666666664,11.29226069107253,67.0,24.0,35.083333333333336,8.525749573914622,67.0,24.0,31.9,29.5,27.6,59.0,72.0,83.0,1.0,1.33,1.66,1010.0,1011.0,1009.0,1798.5000000000002,55.0,32.7,0.0,0.7987929351202628,10.826341799793129,15.779795425813129,17.985000000000003,32.2,0.032376205568113305,1069.2900000000002,3025,1.0,1020100,447.3,74.55,-4.0,-4.0,0.8000000000000043
126,92.8,7.0,148.0,56.3,134.0,62,0.0,1009,51,33.6,8.1,1.0,2023,10,3,13,1,276,40,-0.2588190451025208,-0.9659258262890683,-0.8660254037844386,0.5000000000000001,0.7818314824680298,0.6234898018587336,3,1,0,27.0,31.0,40.0,29.0,31.0,30.0,34.333333333333336,9.45163125250567,45.0,27.0,34.166666666666664,6.823977334858305,45.0,27.0,36.833333333333336,11.487806447259073,67.0,24.0,35.708333333333336,8.685215657339603,67.0,24.0,32.7,31.0,26.4,55.0,63.0,94.0,1.0,1.0,2.0,1010.0,1011.0,1010.0,1713.6000000000001,51.0,33.6,0.0,0.7992753237065062,13.255249250107127,21.139837166119126,17.136000000000003,33.1,0.033300264320848046,1128.96,2601,1.0,1018081,483.1,80.51666666666667,18.0,5.0,0.8999999999999986
126,97.1,8.0,149.0,56.3,141.0,58,0.0,1008,51,33.7,6.5,1.33,2023,10,3,14,1,276,40,-0.4999999999999997,-0.8660254037844388,-0.8660254037844386,0.5000000000000001,0.7818314824680298,0.6234898018587336,3,1,0,45.0,27.0,31.0,31.0,36.0,32.0,39.0,10.392304845413642,45.0,27.0,36.5,7.842193570678626,45.0,27.0,37.583333333333336,11.719900196078918,67.0,24.0,36.25,8.847745966948683,67.0,24.0,33.6,31.9,27.9,51.0,59.0,82.0,1.0,1.0,1.66,1009.0,1010.0,1011.0,1718.7,67.83,44.821000000000005,0.0,0.7992753237065062,12.135983002124734,18.622672165979253,17.187,33.035000000000004,0.033432506515370525,1135.6900000000003,2601,1.7689000000000001,1016064,496.4,82.73333333333333,0.0,14.0,0.10000000000000142
131,101.4,9.0,150.0,58.8,148.0,54,0.0,1008,50,33.7,4.3,1.66,2023,10,3,15,1,276,40,-0.7071067811865471,-0.7071067811865479,-0.8660254037844386,0.5000000000000001,0.7818314824680298,0.6234898018587336,3,1,0,45.0,45.0,27.0,31.0,43.0,31.0,45.666666666666664,1.154700538382238,47.0,45.0,39.166666666666664,8.30461718965178,47.0,27.0,37.916666666666664,11.942729498685711,67.0,24.0,36.916666666666664,9.035758271237492,67.0,24.0,33.7,32.7,29.5,51.0,55.0,72.0,1.33,1.0,1.33,1008.0,1010.0,1011.0,1685.0000000000002,83.0,55.942,0.0,0.7993061342494175,11.265414953894012,16.664815020553274,16.85,32.870000000000005,0.033432506515370525,1135.6900000000003,2500,2.7556,1016064,514.2,85.7,2.0,20.0,0.0
95,105.6,10.0,151.0,41.3,155.0,50,0.0,1007,50,33.8,2.8,2.0,2023,10,3,16,1,276,40,-0.8660254037844385,-0.5000000000000004,-0.8660254037844386,0.5000000000000001,0.7818314824680298,0.6234898018587336,3,1,0,47.0,45.0,45.0,40.0,67.0,30.0,41.666666666666664,7.571877794400858,47.0,33.0,38.0,8.648699324175467,47.0,27.0,35.083333333333336,7.692479601808043,47.0,24.0,37.041666666666664,8.95631507430092,67.0,24.0,33.7,33.6,31.0,50.0,51.0,63.0,1.66,1.0,1.0,1008.0,1009.0,1011.0,1689.9999999999998,100.0,67.6,0.0,0.7990121304568898,10.558944105589442,15.098490150984903,16.9,32.8,0.03356501135550014,1142.4399999999998,2500,4.0,1014049,495.90000000000003,82.65,-14.0,-12.0,0.09999999999999432
112,163.6,16.0,128.0,50.0,160.3,37,0.0,1007,55,32.7,2.1,2.0,2023,10,3,17,1,276,40,-0.9659258262890683,-0.25881904510252063,-0.8660254037844386,0.5000000000000001,0.7818314824680298,0.6234898018587336,3,1,0,33.0,47.0,45.0,31.0,38.0,27.0,40.0,7.00000000000055,47.0,33.0,39.5,7.94355084329377,47.0,27.0,35.25,7.782556252168834,47.0,24.0,37.583333333333336,8.712393305025579,67.0,24.0,33.8,33.7,31.9,50.0,51.0,59.0,2.0,1.33,1.0,1007.0,1008.0,1010.0,1798.5000000000002,110.0,65.4,0.0,0.7999840003199936,10.22436097743891,7.999500031248046,17.985000000000003,31.700000000000003,0.03247265891493653,1069.2900000000002,3025,4.0,1014049,557.9000000000001,92.98333333333335,7.0,-5.0,-1.0999999999999943
98,221.6,22.0,105.0,42.5,165.7,25,0.0,1007,61,31.5,0.0,2.0,2023,10,3,18,1,276,40,-1.0,-1.8369701987210297e-16,-0.8660254037844386,0.5000000000000001,0.7818314824680298,0.6234898018587336,3,2,0,40.0,33.0,47.0,27.0,24.0,38.0,35.666666666666664,3.785938897201283,40.0,33.0,40.666666666666664,6.02218122167208,47.0,33.0,36.083333333333336,6.960385743402441,47.0,27.0,37.416666666666664,8.742284382922419,67.0,24.0,32.7,33.7,32.7,55.0,50.0,55.0,2.0,1.66,1.0,1007.0,1008.0,1010.0,1921.5,122.0,63.0,0.0,0.7999811769134845,10.072269442298076,4.77251034043907,19.215,30.5,0.03128100170704895,992.25,3721,4.0,1014049,590.8,98.46666666666665,-6.0,-13.0,-1.2000000000000028
142,279.5,28.0,82.0,63.8,171.0,12,0.0,1007,67,30.4,0.0,2.0,2023,10,3,19,1,276,40,-0.9659258262890684,0.2588190451025203,-0.8660254037844386,0.5000000000000001,0.7818314824680298,0.6234898018587336,3,2,0,34.0,40.0,33.0,45.0,29.0,40.0,41.666666666666664,8.621678104252142,51.0,34.0,41.666666666666664,7.257180352358608,51.0,33.0,37.916666666666664,7.774764928726765,51.0,27.0,37.875,9.161889400735514,67.0,24.0,31.5,33.8,33.6,61.0,50.0,51.0,2.0,2.0,1.0,1007.0,1007.0,1009.0,2036.8,134.0,60.8,0.0,0.7993605115907275,9.981786364772686,2.928466840469983,20.368,29.4,0.030188649266485335,924.16,4489,4.0,1014049,675.3,112.55,17.0,18.0,-1.1000000000000014
151,257.8,25.0,76.7,70.0,148.0,14,0.0,1008,71,29.9,0.0,2.0,2023,10,3,20,1,276,40,-0.8660254037844386,0.5000000000000001,-0.8660254037844386,0.5000000000000001,0.7818314824680298,0.6234898018587336,3,2,0,51.0,34.0,40.0,45.0,31.0,40.0,47.0,11.532562594671086,56.0,34.0,43.5,9.354143466934485,56.0,33.0,40.0,9.005049088755642,56.0,27.0,38.541666666666664,9.877418984588394,67.0,24.0,30.4,32.7,33.7,67.0,55.0,51.0,2.0,2.0,1.33,1007.0,1007.0,1008.0,2122.9,142.0,59.8,0.0,0.7999885715918343,10.31158753649854,3.0678772849086036,21.229,28.9,0.029662668985447435,894.0099999999999,5041,4.0,1016064,633.5,105.58333333333333,5.0,16.0,-0.5
126,236.0,22.0,71.3,56.3,125.0,15,0.0,1009,76,29.4,0.0,2.0,2023,10,3,21,1,276,40,-0.7071067811865477,0.7071067811865474,-0.8660254037844386,0.5000000000000001,0.7818314824680298,0.6234898018587336,3,2,0,56.0,51.0,34.0,47.0,31.0,35.0,50.666666666666664,5.507570547286662,56.0,45.0,43.166666666666664,9.239408350465942,56.0,33.0,41.166666666666664,8.632215909900603,56.0,27.0,38.958333333333336,9.932288876127526,67.0,24.0,29.9,31.5,33.7,71.0,61.0,50.0,2.0,2.0,1.66,1008.0,1007.0,1008.0,2234.4,152.0,58.8,0.0,0.7992753237065062,10.726785146129721,3.2407617835552927,22.344,28.4,0.02913773128074204,864.3599999999999,5776,4.0,1018081,555.6,92.60000000000001,-11.0,11.0,-0.5
131,214.2,19.0,66.0,58.8,102.0,17,0.0,1009,81,28.9,0.0,2.0,2023,10,3,22,1,276,40,-0.5000000000000004,0.8660254037844384,-0.8660254037844386,0.5000000000000001,0.7818314824680298,0.6234898018587336,3,3,0,45.0,56.0,51.0,33.0,40.0,43.0,49.333333333333336,5.859465277082856,56.0,45.0,45.5,7.816648898344677,56.0,34.0,41.75,8.781437032947734,56.0,27.0,39.125,10.036076229630911,67.0,24.0,29.4,30.4,33.8,76.0,67.0,50.0,2.0,2.0,2.0,1009.0,1007.0,1007.0,2340.9,162.0,57.8,0.0,0.7993061342494175,11.27309088995316,3.4735013946634385,23.409000000000002,27.9,0.028642191633110374,835.2099999999999,6561,4.0,1018081,507.0,84.5,2.0,-4.0,-0.5
134,196.1,18.0,62.3,60.0,86.7,19,0.0,1009,83,28.3,0.0,1.66,2023,10,3,23,1,276,40,-0.25881904510252157,0.9659258262890681,-0.8660254037844386,0.5000000000000001,0.7818314824680298,0.6234898018587336,3,3,0,47.0,45.0,56.0,40.0,31.0,34.0,46.666666666666664,1.5275252316541414,48.0,45.0,46.833333333333336,7.359800721939397,56.0,34.0,43.166666666666664,8.244373655389857,56.0,27.0,39.708333333333336,10.131651509938889,67.0,24.0,28.9,29.9,32.7,81.0,71.0,55.0,2.0,2.0,2.0,1009.0,1008.0,1007.0,2348.9,137.78,46.978,0.0,0.7999866668888852,10.893839231153823,3.4609188378423417,23.489,27.470000000000002,0.028047544055952375,800.89,6889,2.7556,1018081,471.09999999999997,78.51666666666667,1.0,-8.0,-0.5999999999999979
142,178.0,17.0,58.7,63.8,71.3,20,0.0,1009,84,27.7,0.0,1.33,2023,10,4,0,2,277,40,0.0,1.0,-0.8660254037844386,0.5000000000000001,0.9749279121818236,-0.22252093395631434,3,3,0,48.0,47.0,45.0,34.0,27.0,34.0,48.666666666666664,2.0816659994676754,51.0,47.0,49.666666666666664,3.8815804341349933,56.0,45.0,45.166666666666664,6.739750917076353,56.0,33.0,40.416666666666664,10.307939812999134,67.0,24.0,28.3,29.4,31.5,83.0,76.0,61.0,1.66,2.0,2.0,1009.0,1009.0,1007.0,2326.7999999999997,111.72,36.841,0.0,0.7993605115907275,10.469972354567378,3.4527380742309277,23.267999999999997,27.035,0.027452896478794373,767.29,7056,1.7689000000000001,1018081,439.8,73.3,3.0,6.0,-0.6000000000000014
148,159.9,16.0,55.0,66.3,56.0,22,0.0,1009,85,27.1,0.0,1.0,2023,10,4,1,2,277,40,0.25881904510252074,0.9659258262890683,-0.8660254037844386,0.5000000000000001,0.9749279121818236,-0.22252093395631434,3,3,0,51.0,48.0,47.0,51.0,45.0,31.0,50.666666666666664,2.5166114784248026,53.0,48.0,50.0,4.098780306382976,56.0,45.0,45.833333333333336,7.107401178710862,56.0,33.0,41.333333333333336,10.411810462232618,67.0,24.0,27.7,28.9,30.4,84.0,81.0,67.0,1.33,2.0,2.0,1009.0,1009.0,1007.0,2303.5,85.0,27.1,0.0,0.7993846246662946,9.993125429660646,3.437285169676895,23.035,26.6,0.026858248901636374,734.4100000000001,7225,1.0,1018081,406.2,67.7,2.0,6.0,-0.5999999999999979
184,158.9,16.3,54.7,101.3,57.3,0,0.0,1009,87,26.9,0.0,1.33,2023,10,4,2,2,277,40,0.49999999999999994,0.8660254037844387,-0.8660254037844386,0.5000000000000001,0.9749279121818236,-0.22252093395631434,3,3,0,53.0,51.0,48.0,56.0,45.0,36.0,61.666666666666664,16.772994167212303,81.0,51.0,54.166666666666664,13.452385166455034,81.0,45.0,48.833333333333336,12.371766489090987,81.0,33.0,43.208333333333336,13.111492359150667,81.0,24.0,27.1,28.3,29.9,85.0,83.0,71.0,1.0,1.66,2.0,1009.0,1009.0,1008.0,2340.2999999999997,115.71000000000001,35.777,0.0,0.7995972399087866,9.747868228943009,3.3556223544567816,23.403,26.235,0.026660033042583704,723.6099999999999,7569,1.7689000000000001,1018081,469.50000000000006,78.25000000000001,28.0,33.0,-0.20000000000000284
189,158.0,16.7,54.3,106.3,58.7,9,0.0,1009,88,26.6,0.0,1.66,2023,10,4,3,2,277,40,0.7071067811865476,0.7071067811865476,-0.8660254037844386,0.5000000000000001,0.9749279121818236,-0.22252093395631434,3,3,0,81.0,53.0,51.0,45.0,47.0,43.0,73.0,17.43559577416278,85.0,53.0,60.833333333333336,17.348390895603522,85.0,47.0,52.0,16.14705151807168,85.0,33.0,44.958333333333336,15.64130308890055,85.0,24.0,26.9,27.7,29.4,87.0,84.0,76.0,1.33,1.33,2.0,1009.0,1009.0,1009.0,2340.8,146.07999999999998,44.156,0.0,0.7996161842315689,9.46051134662595,3.251302317226513,23.408,25.770000000000003,0.026362709254004704,707.5600000000001,7744,2.7556,1018081,479.0,79.83333333333333,4.0,34.0,-0.29999999999999716
175,157.0,17.0,54.0,92.5,60.0,27,0.0,1009,89,26.4,0.0,2.0,2023,10,4,4,2,277,40,0.8660254037844386,0.5000000000000001,-0.8660254037844386,0.5000000000000001,0.9749279121818236,-0.22252093395631434,3,3,0,85.0,81.0,53.0,47.0,33.0,67.0,80.0,5.567764362830218,85.0,74.0,65.33333333333333,16.52472894381808,85.0,48.0,55.416666666666664,16.09888947798047,85.0,34.0,45.25,16.12788565349418,85.0,24.0,26.6,27.1,28.9,88.0,85.0,81.0,1.66,1.0,2.0,1009.0,1009.0,1009.0,2349.6,178.0,52.8,0.0,0.7999913514448492,9.234750897006057,3.1762837480148223,23.496,25.4,0.026164493394952037,696.9599999999999,7921,4.0,1018081,454.5,75.75,-11.0,21.0,-0.20000000000000284
129,176.8,18.7,53.7,57.5,68.7,29,0.0,1009,91,26.3,0.0,1.66,2023,10,4,5,2,277,40,0.9659258262890683,0.25881904510252074,-0.8660254037844386,0.5000000000000001,0.9749279121818236,-0.22252093395631434,3,3,0,74.0,85.0,81.0,48.0,40.0,38.0,68.33333333333333,20.108041509140985,85.0,46.0,65.0,16.958773540559836,85.0,46.0,55.916666666666664,15.663845651884097,85.0,34.0,45.583333333333336,16.054030150027145,85.0,24.0,26.4,26.9,28.3,89.0,87.0,83.0,2.0,1.33,1.66,1009.0,1009.0,1009.0,2393.3,151.06,43.658,0.0,0.7999860871984835,9.454039890914924,2.87150419763649,23.933000000000003,25.470000000000002,0.026065385465425705,691.69,8281,2.7556,1018081,421.4,70.23333333333333,-28.0,-35.0,-0.09999999999999787
100,196.7,20.3,53.3,43.8,77.3,30,0.0,1010,92,26.3,2.0,1.33,2023,10,4,6,2,277,40,1.0,6.123233995736766e-17,-0.8660254037844386,0.5000000000000001,0.9749279121818236,-0.22252093395631434,3,0,0,46.0,74.0,85.0,51.0,34.0,24.0,51.666666666666664,20.10804150914103,74.0,35.0,62.333333333333336,20.49064827346024,85.0,35.0,56.0,15.538807723069786,85.0,35.0,46.041666666666664,15.560482742781975,85.0,27.0,26.3,26.6,27.7,91.0,88.0,84.0,1.66,1.66,1.33,1009.0,1009.0,1009.0,2419.6,122.36000000000001,34.979000000000006,0.0,0.7990685144174792,9.68917787301118,2.6254864292399387,24.195999999999998,25.635,0.026039578178635468,691.69,8464,1.7689000000000001,1020100,426.40000000000003,71.06666666666668,-11.0,-50.0,0.0
93,216.5,22.0,53.0,40.0,86.0,32,0.0,1010,94,26.2,2.3,1.0,2023,10,4,7,2,277,40,0.9659258262890683,-0.25881904510252063,-0.8660254037844386,0.5000000000000001,0.9749279121818236,-0.22252093395631434,3,0,0,35.0,46.0,74.0,53.0,51.0,29.0,37.666666666666664,7.371114795832475,46.0,32.0,58.833333333333336,23.911642910236413,85.0,32.0,54.416666666666664,16.994428677086912,85.0,32.0,46.166666666666664,15.42912735751775,85.0,27.0,26.3,26.4,27.1,92.0,89.0,85.0,1.33,2.0,1.0,1010.0,1009.0,1009.0,2462.7999999999997,94.0,26.2,0.0,0.7999800004999875,9.840461797191036,2.4089814099359117,24.627999999999997,25.7,0.025940568375674874,686.4399999999999,8836,1.0,1020100,449.5,74.91666666666667,-3.0,-42.0,-0.10000000000000142
91,175.3,17.7,73.3,38.8,94.3,34,0.0,1010,83,28.0,3.4,0.66,2023,10,4,8,2,277,40,0.8660254037844387,-0.4999999999999998,-0.8660254037844386,0.5000000000000001,0.9749279121818236,-0.22252093395631434,3,0,0,32.0,35.0,46.0,81.0,56.0,31.0,32.666666666666664,2.081665999467979,35.0,31.0,50.5,23.347376726304677,85.0,31.0,52.333333333333336,18.267374460960664,85.0,31.0,46.166666666666664,15.42912735751775,85.0,27.0,26.2,26.3,26.9,94.0,91.0,87.0,1.0,1.66,1.33,1010.0,1009.0,1009.0,2324.0,54.78,18.48,0.0,0.7989484807092602,9.903395288401786,4.141008982543359,23.24,27.67,0.027722744828965515,784.0,6889,0.43560000000000004,1020100,430.40000000000003,71.73333333333333,-1.0,-15.0,1.8000000000000007
98,134.0,13.3,93.7,42.5,102.7,35,0.0,1010,74,29.8,5.2,0.33,2023,10,4,9,2,277,40,0.7071067811865476,-0.7071067811865475,-0.8660254037844386,0.5000000000000001,0.9749279121818236,-0.22252093395631434,3,0,0,31.0,32.0,35.0,85.0,45.0,31.0,32.333333333333336,1.527525231654477,34.0,31.0,42.0,16.57709262808149,74.0,31.0,51.416666666666664,18.932695785253564,85.0,31.0,46.291666666666664,15.31262385338882,85.0,27.0,28.0,26.3,26.6,83.0,92.0,88.0,0.66,1.33,1.66,1010.0,1010.0,1009.0,2205.2000000000003,24.42,9.834000000000001,0.0,0.7999811769134845,10.074430493947823,7.044583114051576,22.052000000000003,29.635,0.029504921282256156,888.0400000000001,5476,0.10890000000000001,1020100,420.2,70.03333333333333,3.0,-1.0,1.8000000000000007
95,92.8,9.0,114.0,41.3,111.0,37,0.0,1010,66,31.6,7.2,0.8,2023,10,4,10,2,277,40,0.49999999999999994,-0.8660254037844387,-0.8660254037844386,0.5000000000000001,0.9749279121818236,-0.22252093395631434,3,0,0,34.0,31.0,32.0,74.0,47.0,40.0,32.666666666666664,1.5275252316544643,34.0,31.0,35.166666666666664,5.492419017760817,46.0,31.0,50.25,19.64746108973665,85.0,31.0,46.0,15.50315535905405,85.0,27.0,29.8,26.2,26.4,74.0,94.0,89.0,0.33,1.0,2.0,1010.0,1010.0,1009.0,2085.6,52.800000000000004,25.28,0.0,0.7990121304568898,10.309965559382292,12.665259415620488,20.855999999999998,31.200000000000003,0.0312870977355468,998.5600000000001,4356,0.6400000000000001,1020100,401.1,66.85000000000001,-1.0,1.0,1.8000000000000007
85,90.7,7.3,124.0,35.0,102.3,41,0.0,1009,62,32.4,8.8,0.33,2023,10,4,11,2,277,40,0.258819045102521,-0.9659258262890682,-0.8660254037844386,0.5000000000000001,0.9749279121818236,-0.22252093395631434,3,0,0,33.0,34.0,31.0,46.0,48.0,31.0,31.666666666666668,3.2145502536655313,34.0,28.0,32.166666666666664,2.483277404290714,35.0,28.0,48.583333333333336,20.676989113211516,85.0,28.0,45.875,15.640839797313543,85.0,27.0,31.6,28.0,26.3,66.0,83.0,91.0,0.8,0.66,1.66,1010.0,1010.0,1009.0,2008.8,20.46,10.692,0.0,0.7999771435101855,12.422955759485003,16.98397479797288,20.088,32.235,0.03211096916653204,1049.76,3844,0.10890000000000001,1018081,387.3,64.55,-5.0,-3.0,0.7999999999999972
82,88.5,5.7,134.0,33.8,93.7,45,0.0,1008,59,33.2,9.1,0.66,2023,10,4,12,2,277,40,1.2246467991473532e-16,-1.0,-0.8660254037844386,0.5000000000000001,0.9749279121818236,-0.22252093395631434,3,1,0,28.0,33.0,34.0,35.0,51.0,27.0,29.333333333333332,3.2145502536655726,33.0,27.0,30.833333333333332,2.786873995476094,34.0,27.0,46.583333333333336,21.56368299345947,85.0,27.0,45.875,15.640839797313543,85.0,27.0,32.4,29.8,26.3,62.0,74.0,92.0,0.33,0.33,1.33,1009.0,1010.0,1010.0,1958.8000000000002,38.940000000000005,21.912000000000003,0.0,0.7987929351202628,15.523592352218907,23.504648307314504,19.588,32.870000000000005,0.03293647526143328,1102.2400000000002,3481,0.43560000000000004,1016064,382.7,63.78333333333333,-1.0,-7.0,0.8000000000000043
107,86.4,4.0,144.0,47.5,85.0,50,0.0,1007,56,34.0,8.4,1.0,2023,10,4,13,2,277,40,-0.2588190451025208,-0.9659258262890683,-0.8660254037844386,0.5000000000000001,0.9749279121818236,-0.22252093395631434,3,1,0,27.0,28.0,33.0,32.0,53.0,45.0,31.0,6.082762530298866,38.0,27.0,31.833333333333332,4.070217029429862,38.0,27.0,45.333333333333336,21.59264745792913,85.0,27.0,45.583333333333336,15.722917824867807,85.0,27.0,33.2,31.6,26.2,59.0,66.0,94.0,0.66,0.8,1.0,1008.0,1010.0,1010.0,1904.0,56.0,34.0,0.0,0.7999831582493001,21.594601349662582,35.991002249437635,19.04,33.5,0.033763620890148074,1156.0,3136,1.0,1014049,404.9,67.48333333333333,11.0,5.0,0.7999999999999972
115,88.7,5.0,142.7,51.3,85.7,49,0.0,1007,50,34.3,5.9,1.33,2023,10,4,14,2,277,40,-0.4999999999999997,-0.8660254037844388,-0.8660254037844386,0.5000000000000001,0.9749279121818236,-0.22252093395631434,3,1,0,38.0,27.0,28.0,31.0,81.0,45.0,35.333333333333336,7.371114795832494,41.0,27.0,33.5,5.468089245796388,41.0,27.0,42.0,18.44401849331668,85.0,27.0,45.416666666666664,15.750546344331584,85.0,27.0,34.0,32.4,28.0,56.0,62.0,83.0,1.0,0.33,0.66,1007.0,1009.0,1010.0,1714.9999999999998,66.5,45.619,0.0,0.7992046938656168,17.736452709458106,28.534293141371723,17.15,33.635,0.03406153519211996,1176.4899999999998,2500,1.7689000000000001,1014049,414.4,69.06666666666666,3.0,13.0,0.29999999999999716
227,91.0,6.0,141.3,141.3,86.3,48,0.0,1006,44,34.5,3.9,1.66,2023,10,4,15,2,277,40,-0.7071067811865471,-0.7071067811865479,-0.8660254037844386,0.5000000000000001,0.9749279121818236,-0.22252093395631434,3,1,0,41.0,38.0,27.0,34.0,85.0,47.0,64.0,42.461747491124335,113.0,38.0,46.666666666666664,32.952491054041126,113.0,27.0,44.333333333333336,24.988482195288125,113.0,27.0,48.166666666666664,20.944370763206937,113.0,27.0,34.3,33.2,29.8,50.0,59.0,74.0,1.33,0.66,0.33,1007.0,1008.0,1010.0,1518.0,73.03999999999999,57.269999999999996,0.0,0.7997112546974189,15.16413931011498,23.546075654057656,15.18,33.67,0.0342942005027828,1190.25,1936,2.7556,1012036,578.9,96.48333333333333,72.0,86.0,0.20000000000000284
188,93.4,7.0,140.0,105.0,87.0,48,0.0,1006,39,34.8,2.7,2.0,2023,10,4,16,2,277,40,-0.8660254037844385,-0.5000000000000004,-0.8660254037844386,0.5000000000000001,0.9749279121818236,-0.22252093395631434,3,1,0,113.0,41.0,38.0,33.0,74.0,33.0,79.33333333333333,36.22614157391504,113.0,41.0,55.166666666666664,35.22167893026481,113.0,27.0,45.166666666666664,26.204903542981395,113.0,27.0,50.291666666666664,21.903899130096935,113.0,27.0,34.5,34.0,31.6,44.0,56.0,66.0,1.66,1.0,0.8,1006.0,1007.0,1010.0,1357.1999999999998,78.0,69.6,0.0,0.7999923810249426,13.340951292672475,19.99714326524782,13.571999999999997,33.8,0.034592410941937435,1211.0399999999997,1521,4.0,1012036,516.4,86.06666666666666,-29.0,46.0,0.29999999999999716
168,125.1,11.0,116.0,86.3,85.3,47,0.0,1006,47,33.5,1.9,1.33,2023,10,4,17,2,277,40,-0.9659258262890683,-0.25881904510252063,-0.8660254037844386,0.5000000000000001,0.9749279121818236,-0.22252093395631434,3,1,0,84.0,113.0,41.0,28.0,46.0,40.0,88.66666666666667,22.36813209307684,113.0,69.0,62.0,32.790242451070604,113.0,27.0,47.083333333333336,27.097327386942432,113.0,27.0,51.5,22.110394958421793,113.0,27.0,34.8,34.3,32.4,39.0,50.0,62.0,2.0,1.33,0.33,1006.0,1007.0,1009.0,1574.5,62.510000000000005,44.555,0.0,0.7995272360691069,11.37169348241069,10.54449595491319,15.745,32.835,0.03330016570560069,1122.25,2209,1.7689000000000001,1012036,492.7,82.11666666666666,-15.0,28.0,-1.2999999999999972
137,156.8,15.0,92.0,61.3,83.7,47,0.0,1006,56,32.3,0.0,0.66,2023,10,4,18,2,277,40,-1.0,-1.8369701987210297e-16,-0.8660254037844386,0.5000000000000001,0.9749279121818236,-0.22252093395631434,3,2,0,69.0,84.0,113.0,27.0,35.0,34.0,67.33333333333333,17.55942292142132,84.0,49.0,65.66666666666667,29.118150124392503,113.0,38.0,48.25,26.829851082160292,113.0,27.0,52.125,21.804093153829683,113.0,27.0,33.5,34.5,33.2,47.0,44.0,59.0,1.33,1.66,0.66,1006.0,1006.0,1008.0,1808.7999999999997,36.96,21.317999999999998,0.0,0.7993344317384709,10.452636490900607,6.1329244717018865,18.087999999999997,31.97,0.03210732394898216,1043.2899999999997,3136,0.43560000000000004,1012036,457.8,76.3,-20.0,-64.0,-1.2000000000000028
150,188.5,19.0,68.0,67.5,82.0,46,0.0,1006,66,31.0,0.0,2.4,2023,10,4,19,2,277,40,-0.9659258262890684,0.2588190451025203,-0.8660254037844386,0.5000000000000001,0.9749279121818236,-0.22252093395631434,3,2,0,49.0,69.0,84.0,38.0,32.0,51.0,57.333333333333336,10.408329997330869,69.0,49.0,68.33333333333333,26.710796818265436,113.0,41.0,50.083333333333336,26.366157141764724,113.0,27.0,52.25,21.805962487356823,113.0,27.0,32.3,34.8,34.0,56.0,39.0,56.0,0.66,2.0,1.0,1006.0,1006.0,1007.0,2046.0,158.4,74.39999999999999,0.0,0.7999881483237284,9.92053049839482,3.578759012683543,20.46,29.8,0.030815078712645414,961.0,4356,5.76,1012036,479.0,79.83333333333333,5.0,-30.0,-1.2999999999999972
137,181.9,17.7,64.3,61.3,72.0,0,0.0,1007,71,30.6,0.0,0.33,2023,10,4,20,2,277,40,-0.8660254037844386,0.5000000000000001,-0.8660254037844386,0.5000000000000001,0.9749279121818236,-0.22252093395631434,3,2,0,54.0,49.0,69.0,41.0,31.0,56.0,50.666666666666664,2.8867513459489973,54.0,49.0,69.66666666666667,25.232254490367264,113.0,49.0,51.583333333333336,25.685009187650394,113.0,27.0,51.958333333333336,21.800437105045106,113.0,27.0,31.0,33.5,34.3,66.0,47.0,50.0,2.4,1.33,1.33,1006.0,1006.0,1007.0,2172.6,23.43,10.098,0.0,0.7993344317384709,10.27625557878086,3.632563132026439,21.726,30.435000000000002,0.030387258801133268,936.3600000000001,5041,0.10890000000000001,1014049,446.2,74.36666666666666,-5.0,-20.0,-0.3999999999999986
110,175.3,16.3,60.7,48.8,62.0,0,0.0,1008,75,30.2,0.0,0.66,2023,10,4,21,2,277,40,-0.7071067811865477,0.7071067811865474,-0.8660254037844386,0.5000000000000001,0.9749279121818236,-0.22252093395631434,3,2,0,49.0,54.0,49.0,113.0,34.0,45.0,47.333333333333336,7.637626158260086,54.0,39.0,57.333333333333336,16.32993161855429,84.0,39.0,52.0,25.41295303222689,113.0,27.0,51.708333333333336,21.917789413023293,113.0,27.0,30.6,32.3,34.5,71.0,56.0,44.0,0.33,0.66,1.66,1007.0,1006.0,1006.0,2265.0,49.5,19.932000000000002,0.0,0.7991639515583698,10.753941475983067,3.723697932642169,22.65,29.87,0.029960287737809784,912.04,5625,0.43560000000000004,1016064,402.1,67.01666666666667,-10.0,-10.0,-0.40000000000000213
100,168.7,15.0,57.0,43.8,52.0,0,0.0,1009,80,29.8,0.0,1.0,2023,10,4,22,2,277,40,-0.5000000000000004,0.8660254037844384,-0.8660254037844386,0.5000000000000001,0.9749279121818236,-0.22252093395631434,3,3,0,39.0,49.0,54.0,84.0,33.0,47.0,41.0,7.211102550928401,49.0,35.0,49.166666666666664,12.006942436218282,69.0,35.0,52.166666666666664,25.283243942232023,113.0,27.0,51.208333333333336,22.165345389411293,113.0,27.0,30.2,31.0,34.8,75.0,66.0,39.0,0.66,2.4,2.0,1008.0,1006.0,1006.0,2384.0,80.0,29.8,0.0,0.7990685144174792,11.245916938870742,3.79974668355443,23.84,29.3,0.029534162998847376,888.0400000000001,6400,1.0,1018081,371.5,61.916666666666664,-4.0,-19.0,-0.3999999999999986
129,174.7,16.7,50.7,57.5,55.3,0,0.0,1009,81,29.3,0.0,1.0,2023,10,4,23,2,277,40,-0.25881904510252157,0.9659258262890681,-0.8660254037844386,0.5000000000000001,0.9749279121818236,-0.22252093395631434,3,3,0,35.0,39.0,49.0,69.0,28.0,48.0,40.0,5.567764362830579,46.0,35.0,45.333333333333336,7.061633427661019,54.0,35.0,53.666666666666664,24.231209527208975,113.0,27.0,51.125,22.181685551667528,113.0,27.0,29.8,30.6,33.5,80.0,71.0,47.0,1.0,0.33,1.33,1009.0,1007.0,1006.0,2373.3,81.0,29.3,0.0,0.7999860871984835,10.460451469971858,3.035746362493264,23.733,28.8,0.02903862335121571,858.49,6561,1.0,1018081,400.9,66.81666666666666,11.0,-3.0,-0.5
107,180.7,18.3,44.3,47.5,58.7,0,0.0,1009,83,28.9,0.0,1.0,2023,10,5,0,3,278,40,0.0,1.0,-0.8660254037844386,0.5000000000000001,0.43388373911755823,-0.900968867902419,3,3,0,46.0,35.0,39.0,49.0,27.0,51.0,39.666666666666664,5.6862407030778765,46.0,35.0,43.5,7.34166193719058,54.0,35.0,54.583333333333336,23.321696232296286,113.0,35.0,50.583333333333336,22.34301109804917,113.0,27.0,29.3,30.2,32.3,81.0,75.0,56.0,1.0,0.66,0.66,1009.0,1008.0,1006.0,2398.7,83.0,28.9,0.0,0.7999831582493001,9.873777389213702,2.4206327523086166,23.987,28.4,0.028642191633110374,835.2099999999999,6889,1.0,1018081,387.5,64.58333333333333,-8.0,-1.0,-0.40000000000000213
115,186.8,20.0,38.0,51.3,62.0,0,0.0,1008,84,28.4,0.0,1.0,2023,10,5,1,3,278,40,0.25881904510252074,0.9659258262890683,-0.8660254037844386,0.5000000000000001,0.43388373911755823,-0.900968867902419,3,3,0,38.0,46.0,35.0,54.0,38.0,53.0,41.666666666666664,4.041451884328124,46.0,38.0,41.333333333333336,5.240865068541615,49.0,35.0,54.833333333333336,23.143164446679464,113.0,35.0,50.083333333333336,22.42071376645073,113.0,27.0,28.9,29.8,31.0,83.0,80.0,66.0,1.0,1.0,2.4,1009.0,1009.0,1006.0,2385.6,84.0,28.4,0.0,0.7992046938656168,9.339533023348833,1.8999050047497623,23.855999999999998,27.9,0.02817457522363569,806.56,7056,1.0,1016064,399.1,66.51666666666667,3.0,6.0,-0.5
142,208.2,21.7,31.7,63.8,65.3,0,0.0,1008,86,28.1,0.0,0.66,2023,10,5,2,3,278,40,0.49999999999999994,0.8660254037844387,-0.8660254037844386,0.5000000000000001,0.43388373911755823,-0.900968867902419,3,3,0,41.0,38.0,46.0,49.0,41.0,81.0,43.333333333333336,6.806859285554474,51.0,38.0,41.666666666666664,5.8537737116034565,51.0,35.0,55.666666666666664,22.77691548010543,113.0,35.0,48.833333333333336,21.436796213148767,113.0,27.0,28.4,29.3,30.6,84.0,81.0,71.0,1.0,1.0,0.33,1008.0,1009.0,1007.0,2416.6,56.760000000000005,18.546000000000003,0.0,0.7993605115907275,9.594027924980415,1.4607621768582093,24.166,27.770000000000003,0.027876956471273345,789.6100000000001,7396,0.43560000000000004,1016064,441.7,73.61666666666666,10.0,5.0,-0.29999999999999716
142,229.5,23.3,25.3,63.8,68.7,0,0.0,1007,88,27.9,0.0,0.33,2023,10,5,3,3,278,40,0.7071067811865476,0.7071067811865476,-0.8660254037844386,0.5000000000000001,0.43388373911755823,-0.900968867902419,3,3,0,51.0,41.0,38.0,39.0,113.0,85.0,47.666666666666664,5.773502691896719,51.0,41.0,43.666666666666664,6.7428974978609615,51.0,35.0,50.5,13.885898668007412,84.0,35.0,47.416666666666664,20.019374673521927,113.0,27.0,28.1,28.9,30.2,86.0,83.0,75.0,0.66,1.0,0.66,1008.0,1009.0,1008.0,2455.2,29.040000000000003,9.207,0.0,0.7993605115907275,9.849362688296639,1.0857903094287797,24.552,27.735,0.02770603008338621,778.41,7744,0.10890000000000001,1014049,461.6,76.93333333333334,0.0,13.0,-0.20000000000000284
115,250.9,25.0,19.0,51.3,72.0,41,0.0,1007,90,27.6,0.0,1.2,2023,10,5,4,3,278,40,0.8660254037844386,0.5000000000000001,-0.8660254037844386,0.5000000000000001,0.43388373911755823,-0.900968867902419,3,3,0,51.0,51.0,41.0,35.0,84.0,74.0,47.666666666666664,5.773502691896719,51.0,41.0,44.666666666666664,5.537749241944742,51.0,38.0,46.916666666666664,9.219133594997578,69.0,35.0,46.041666666666664,19.231946173572716,113.0,27.0,27.9,28.4,29.8,88.0,84.0,80.0,0.33,1.0,1.0,1007.0,1008.0,1009.0,2484.0,108.0,33.12,0.0,0.7992046938656168,10.035598576056957,0.7599696012159514,24.84,27.0,0.02740811578141432,761.7600000000001,8100,1.44,1014049,459.2,76.53333333333333,-10.0,0.0,-0.29999999999999716
98,284.6,24.7,20.0,42.5,80.3,40,0.0,1008,91,27.7,0.0,1.6,2023,10,5,5,3,278,40,0.9659258262890683,0.25881904510252074,-0.8660254037844386,0.5000000000000001,0.43388373911755823,-0.900968867902419,3,3,0,41.0,51.0,51.0,46.0,69.0,46.0,42.0,8.54400374531788,51.0,34.0,42.666666666666664,6.947421584059777,51.0,34.0,44.0,6.822422923378736,54.0,34.0,45.541666666666664,19.388430361534365,113.0,27.0,27.6,28.1,29.3,90.0,86.0,81.0,1.2,0.66,1.0,1007.0,1008.0,1009.0,2520.7,145.6,44.32,0.0,0.7999811769134845,11.521800736812276,0.8096838184688879,25.206999999999997,26.9,0.027480131468123545,767.29,8281,2.5600000000000005,1016064,486.1,81.01666666666667,-7.0,-17.0,0.09999999999999787
104,318.3,24.3,21.0,46.3,88.7,39,0.0,1008,91,27.9,2.0,1.2,2023,10,5,6,3,278,40,1.0,6.123233995736766e-17,-0.8660254037844386,0.5000000000000001,0.43388373911755823,-0.900968867902419,3,0,0,34.0,41.0,51.0,38.0,49.0,35.0,37.333333333333336,3.5118845842851694,41.0,34.0,42.5,7.092249290598365,51.0,34.0,43.0,6.901910144036424,54.0,34.0,45.625,19.34540165562351,113.0,27.0,27.7,27.9,28.9,91.0,88.0,83.0,1.6,0.33,1.0,1008.0,1007.0,1009.0,2538.9,109.2,33.48,0.0,0.799118809528952,13.098226410435784,0.8641619686432657,25.389,27.299999999999997,0.027678543969698443,778.41,8281,1.44,1016064,535.6,89.26666666666667,3.0,-14.0,0.1999999999999993
107,351.9,24.0,22.0,47.5,97.0,39,0.0,1009,92,28.0,2.3,0.8,2023,10,5,7,3,278,40,0.9659258262890683,-0.25881904510252063,-0.8660254037844386,0.5000000000000001,0.43388373911755823,-0.900968867902419,3,0,0,37.0,34.0,41.0,41.0,54.0,32.0,36.333333333333336,2.0816659994677176,38.0,34.0,42.0,7.321202087088775,51.0,34.0,41.666666666666664,6.080271126330339,51.0,34.0,45.875,19.199892436293155,113.0,27.0,27.9,27.6,28.4,91.0,90.0,84.0,1.2,1.2,1.0,1008.0,1007.0,1008.0,2576.0,73.60000000000001,22.400000000000002,0.0,0.7999831582493001,14.661889087954666,0.916628473813591,25.76,27.6,0.027750220267373372,784.0,8464,0.6400000000000001,1018081,580.4,96.73333333333333,1.0,-3.0,0.10000000000000142
102,268.8,19.3,44.0,45.0,100.0,38,0.0,1009,81,29.4,3.4,0.33,2023,10,5,8,3,278,40,0.8660254037844387,-0.4999999999999998,-0.8660254037844386,0.5000000000000001,0.43388373911755823,-0.900968867902419,3,0,0,38.0,37.0,34.0,51.0,49.0,31.0,37.0,1.00000000000326,38.0,36.0,39.5,6.090976933135862,51.0,34.0,40.583333333333336,5.806866364028584,51.0,34.0,46.083333333333336,19.058072959445457,113.0,27.0,28.0,27.7,28.1,92.0,91.0,86.0,0.8,1.6,0.66,1009.0,1008.0,1008.0,2381.4,26.73,9.702,0.0,0.7999822226172753,13.926739547173721,2.279674628257603,23.814,29.235,0.02913773128074204,864.3599999999999,6561,0.10890000000000001,1018081,513.1,85.51666666666667,-2.0,2.0,1.3999999999999986
110,185.8,14.7,66.0,48.8,103.0,38,0.0,1009,72,30.7,5.4,0.66,2023,10,5,9,3,278,40,0.7071067811865476,-0.7071067811865475,-0.8660254037844386,0.5000000000000001,0.43388373911755823,-0.900968867902419,3,0,0,36.0,38.0,37.0,51.0,39.0,34.0,37.666666666666664,1.5275252316540553,39.0,36.0,37.5,2.428991560296836,41.0,34.0,40.583333333333336,5.806866364028584,51.0,34.0,46.291666666666664,18.9472475152938,113.0,27.0,29.4,27.9,27.9,81.0,91.0,88.0,0.33,1.2,0.33,1009.0,1008.0,1007.0,2210.4,47.52,20.262,0.0,0.7991639515583698,12.638596013876608,4.489490510849603,22.104,30.37,0.030426134364584377,942.49,5184,0.43560000000000004,1018081,457.3,76.21666666666667,3.0,2.0,1.3000000000000007
129,102.7,10.0,88.0,57.5,106.0,37,0.0,1009,65,32.1,6.7,1.0,2023,10,5,10,3,278,40,0.49999999999999994,-0.8660254037844387,-0.8660254037844386,0.5000000000000001,0.43388373911755823,-0.900968867902419,3,0,0,39.0,36.0,38.0,41.0,35.0,33.0,40.333333333333336,5.131601439447483,46.0,36.0,38.333333333333336,4.131182235953756,46.0,34.0,41.5,5.712824488495432,51.0,34.0,46.833333333333336,18.735380774183195,113.0,27.0,30.7,28.0,27.6,72.0,92.0,90.0,0.66,0.8,1.2,1009.0,1009.0,1007.0,2086.5,65.0,32.1,0.0,0.7999860871984835,10.268973102689731,8.799120087991202,20.865,31.6,0.031813645377953045,1030.41,4225,1.0,1018081,410.2,68.36666666666666,7.0,8.0,1.4000000000000021
118,101.7,8.3,103.7,52.5,101.3,33,0.0,1008,58,32.9,8.7,1.66,2023,10,5,11,3,278,40,0.258819045102521,-0.9659258262890682,-0.8660254037844386,0.5000000000000001,0.43388373911755823,-0.900968867902419,3,0,0,46.0,39.0,36.0,34.0,46.0,28.0,42.333333333333336,3.511884584285088,46.0,39.0,39.666666666666664,3.7237973450041286,46.0,36.0,41.166666666666664,5.540484608494026,51.0,34.0,47.416666666666664,18.337219614445814,113.0,27.0,32.1,29.4,27.7,65.0,81.0,91.0,1.0,0.33,1.6,1009.0,1009.0,1008.0,1908.1999999999998,96.28,54.614,0.0,0.7999847621950058,12.251535959522949,12.492470786652211,19.081999999999997,32.07,0.032638856509070925,1082.4099999999999,3364,2.7556,1016064,409.5,68.25,-4.0,6.0,0.7999999999999972
148,100.8,6.7,119.3,66.3,96.7,29,0.0,1007,52,33.7,9.1,2.33,2023,10,5,12,3,278,40,1.2246467991473532e-16,-1.0,-0.8660254037844386,0.5000000000000001,0.43388373911755823,-0.900968867902419,3,1,0,42.0,46.0,39.0,37.0,38.0,27.0,47.0,5.5677643628305065,53.0,42.0,42.333333333333336,6.282250127673972,53.0,36.0,42.416666666666664,6.388317936718193,53.0,34.0,48.5,17.839867420057484,113.0,34.0,32.9,30.7,27.9,58.0,72.0,91.0,1.66,0.66,1.2,1008.0,1009.0,1008.0,1752.4,121.16,78.52100000000002,0.0,0.7993846246662946,15.042530965527531,17.803312938367405,17.524,32.535000000000004,0.03346570658817618,1135.6900000000003,2704,5.4289000000000005,1014049,442.8,73.8,11.0,14.0,0.8000000000000043
115,99.8,5.0,135.0,51.3,92.0,25,0.0,1007,47,34.5,8.1,3.0,2023,10,5,13,3,278,40,-0.2588190451025208,-0.9659258262890683,-0.8660254037844386,0.5000000000000001,0.43388373911755823,-0.900968867902419,3,1,0,53.0,42.0,46.0,38.0,41.0,38.0,45.333333333333336,6.658328118479812,53.0,41.0,42.833333333333336,5.980523945831135,53.0,36.0,42.416666666666664,6.388317936718193,53.0,34.0,48.625,17.77348415844361,113.0,34.0,33.7,32.1,28.0,52.0,65.0,92.0,2.33,1.0,0.8,1007.0,1009.0,1009.0,1621.5,141.0,103.5,0.0,0.7992046938656168,19.95600879824035,26.99460107978404,16.215,33.0,0.0342601447267679,1190.25,2209,9.0,1014049,424.1,70.68333333333334,-12.0,-5.0,0.7999999999999972
95,101.4,5.7,132.3,41.3,93.7,25,0.0,1007,50,34.0,6.3,2.5,2023,10,5,14,3,278,40,-0.4999999999999997,-0.8660254037844388,-0.8660254037844386,0.5000000000000001,0.43388373911755823,-0.900968867902419,3,1,0,41.0,53.0,42.0,36.0,51.0,41.0,42.333333333333336,10.066445913694627,53.0,33.0,42.333333333333336,6.742897497860963,53.0,33.0,40.916666666666664,6.3023564616488095,53.0,33.0,48.291666666666664,17.996326114604596,113.0,33.0,34.5,32.9,29.4,47.0,58.0,81.0,3.0,1.66,0.33,1007.0,1008.0,1009.0,1700.0,125.0,85.0,0.0,0.7990121304568898,17.786353271355903,23.206455007893354,17.0,32.75,0.033763620890148074,1156.0,2500,6.25,1014049,407.40000000000003,67.9,-8.0,-9.0,-0.5
100,102.9,6.3,129.7,43.8,95.3,26,0.0,1007,54,33.6,4.0,2.0,2023,10,5,15,3,278,40,-0.7071067811865471,-0.7071067811865479,-0.8660254037844386,0.5000000000000001,0.43388373911755823,-0.900968867902419,3,1,0,33.0,41.0,53.0,39.0,51.0,113.0,36.333333333333336,4.163331998933058,41.0,33.0,41.666666666666664,7.312090444370863,53.0,33.0,39.583333333333336,5.632024233762376,53.0,33.0,45.041666666666664,11.767601678990145,84.0,33.0,34.0,33.7,30.7,50.0,52.0,72.0,2.5,2.33,0.66,1007.0,1007.0,1009.0,1814.4,108.0,67.2,0.0,0.7990685144174792,16.330741152198065,20.58403428027297,18.144000000000002,32.6,0.033366401820852216,1128.96,2916,4.0,1014049,413.0,68.83333333333333,2.0,-18.0,-0.3999999999999986
104,104.5,7.0,127.0,46.3,97.0,26,0.0,1007,57,33.1,2.6,1.5,2023,10,5,16,3,278,40,-0.8660254037844385,-0.5000000000000004,-0.8660254037844386,0.5000000000000001,0.43388373911755823,-0.900968867902419,3,1,0,35.0,33.0,41.0,46.0,41.0,84.0,35.0,2.0000000000016884,37.0,33.0,40.166666666666664,7.1670542530847205,53.0,33.0,39.25,5.658862719020229,53.0,33.0,43.083333333333336,8.443761096175313,69.0,33.0,33.6,34.5,32.1,54.0,47.0,65.0,2.0,3.0,1.0,1007.0,1007.0,1009.0,1886.7,85.5,49.650000000000006,0.0,0.799118809528952,14.92643908013141,18.140265676331953,18.867,32.35,0.03286987798423239,1095.6100000000001,3249,2.25,1014049,418.8,69.8,2.0,-4.0,-0.5
115,130.3,11.0,102.7,51.3,89.7,27,0.0,1007,61,32.7,1.7,1.0,2023,10,5,17,3,278,40,-0.9659258262890683,-0.25881904510252063,-0.8660254037844386,0.5000000000000001,0.43388373911755823,-0.900968867902419,3,1,0,37.0,35.0,33.0,42.0,34.0,69.0,37.666666666666664,3.0550504633049487,41.0,35.0,40.0,7.127411872481702,53.0,33.0,39.833333333333336,5.424411712271857,53.0,33.0,41.916666666666664,6.392364104193964,54.0,33.0,33.1,34.0,32.9,57.0,50.0,58.0,1.5,2.5,1.66,1007.0,1007.0,1008.0,1994.7000000000003,61.0,32.7,0.0,0.7992046938656168,11.844377783837835,9.335514953186074,19.947000000000003,32.2,0.03247265891493653,1069.2900000000002,3721,1.0,1014049,426.0,71.0,4.0,8.0,-0.3999999999999986
102,156.2,15.0,78.3,45.0,82.3,27,0.0,1007,66,32.3,0.0,0.5,2023,10,5,18,3,278,40,-1.0,-1.8369701987210297e-16,-0.8660254037844386,0.5000000000000001,0.43388373911755823,-0.900968867902419,3,2,0,41.0,37.0,35.0,53.0,37.0,49.0,38.0,2.6457513110658004,41.0,36.0,37.166666666666664,3.2506409624349457,41.0,33.0,39.75,5.479299888919838,53.0,33.0,41.375,6.316386556445252,54.0,33.0,32.7,33.6,33.7,61.0,54.0,52.0,1.0,2.0,2.33,1007.0,1007.0,1007.0,2131.7999999999997,33.0,16.15,0.0,0.7999822226172753,10.412639157389506,5.219652023198454,21.317999999999998,32.05,0.032075439845640666,1043.2899999999997,4356,0.25,1014049,412.8,68.8,-5.0,1.0,-0.4000000000000057
85,182.1,19.0,54.0,35.0,75.0,28,0.0,1007,71,31.8,0.0,2.4,2023,10,5,19,3,278,40,-0.9659258262890684,0.2588190451025203,-0.8660254037844386,0.5000000000000001,0.43388373911755823,-0.900968867902419,3,2,0,36.0,41.0,37.0,41.0,38.0,54.0,35.0,6.557438524302514,41.0,28.0,35.0,4.335896677735007,41.0,28.0,38.916666666666664,6.444988656923189,53.0,28.0,40.291666666666664,6.286487694749659,53.0,28.0,32.3,33.1,34.5,66.0,57.0,47.0,0.5,1.5,3.0,1007.0,1007.0,1007.0,2257.8,170.4,76.32,0.0,0.7999771435101855,9.583706120730486,2.8419556865428133,22.578000000000003,30.6,0.031578916009020845,1011.24,5041,5.76,1014049,393.1,65.51666666666667,-8.0,-9.0,-0.49999999999999645
95,189.3,19.0,48.3,41.3,70.3,0,0.0,1007,73,31.3,0.0,2.4,2023,10,5,20,3,278,40,-0.8660254037844386,0.5000000000000001,-0.8660254037844386,0.5000000000000001,0.43388373911755823,-0.900968867902419,3,2,0,28.0,36.0,41.0,33.0,36.0,49.0,32.333333333333336,4.041451884328249,36.0,28.0,35.0,4.335896677735007,41.0,28.0,38.666666666666664,6.6241065721180625,53.0,28.0,39.625,6.170141989769742,53.0,28.0,31.8,32.7,34.0,71.0,61.0,50.0,2.4,1.0,2.5,1007.0,1007.0,1007.0,2284.9,175.2,75.12,0.0,0.7990121304568898,9.962633545602863,2.541971475185516,22.849,30.1,0.03108239217240102,979.69,5329,5.76,1014049,401.20000000000005,66.86666666666667,5.0,-8.0,-0.5
69,196.5,19.0,42.7,26.3,65.7,0,0.0,1007,77,30.8,0.0,2.4,2023,10,5,21,3,278,40,-0.7071067811865477,0.7071067811865474,-0.8660254037844386,0.5000000000000001,0.43388373911755823,-0.900968867902419,3,2,0,33.0,28.0,36.0,35.0,39.0,39.0,27.333333333333332,6.027713773342338,33.0,21.0,32.666666666666664,7.174027227900679,41.0,21.0,37.166666666666664,8.353913980157373,53.0,21.0,38.875,7.249062907954694,53.0,21.0,31.3,32.3,33.6,73.0,66.0,54.0,2.4,0.5,2.0,1007.0,1007.0,1007.0,2371.6,184.79999999999998,73.92,0.0,0.79844872818524,10.341560970475237,2.247250144729225,23.715999999999998,29.6,0.030585868335781197,948.6400000000001,5929,5.76,1014049,371.2,61.86666666666667,-12.0,-15.0,-0.5
74,203.7,19.0,37.0,28.8,61.0,0,0.0,1007,80,30.3,0.0,2.0,2023,10,5,22,3,278,40,-0.5000000000000004,0.8660254037844384,-0.8660254037844386,0.5000000000000001,0.43388373911755823,-0.900968867902419,3,3,0,21.0,33.0,28.0,37.0,46.0,35.0,25.666666666666668,6.429100507329242,33.0,21.0,30.333333333333332,7.73735527597515,41.0,21.0,35.25,8.771078507333547,53.0,21.0,38.375,7.9115353316757595,53.0,21.0,30.8,31.8,33.1,77.0,71.0,57.0,2.4,2.4,1.5,1007.0,1007.0,1007.0,2424.0,160.0,60.6,0.0,0.7985833825214401,10.720488395347612,1.9472659333719278,24.24,29.3,0.030089344499161372,918.09,6400,4.0,1014049,372.5,62.083333333333336,2.0,-5.0,-0.5
76,208.5,20.0,34.0,30.0,62.7,0,0.0,1007,83,29.8,0.0,2.0,2023,10,5,23,3,278,40,-0.25881904510252157,0.9659258262890681,-0.8660254037844386,0.5000000000000001,0.43388373911755823,-0.900968867902419,3,3,0,23.0,21.0,33.0,41.0,42.0,46.0,22.666666666666668,1.5275252316546037,24.0,21.0,27.5,5.958187643905994,36.0,21.0,33.75,9.046596547370706,53.0,21.0,37.458333333333336,8.25663984010935,53.0,21.0,30.3,31.3,32.7,80.0,73.0,61.0,2.0,2.4,1.0,1007.0,1007.0,1007.0,2473.4,166.0,59.6,0.0,0.7999733342221925,10.424478776061196,1.6999150042497875,24.734,28.8,0.029592820662541548,888.0400000000001,6889,4.0,1014049,379.2,63.199999999999996,1.0,-9.0,-0.5
78,213.4,21.0,31.0,31.3,64.3,0,0.0,1007,86,29.3,0.0,2.0,2023,10,6,0,4,279,40,0.0,1.0,-0.8660254037844386,0.5000000000000001,-0.433883739117558,-0.9009688679024191,3,3,0,24.0,23.0,21.0,36.0,53.0,38.0,24.0,1.0000000000039833,25.0,23.0,25.666666666666668,4.273952113285885,33.0,21.0,31.416666666666668,7.012434842779877,41.0,21.0,36.916666666666664,8.637213050247611,53.0,21.0,29.8,30.8,32.3,83.0,77.0,66.0,2.0,2.4,0.5,1007.0,1007.0,1007.0,2519.8,172.0,58.6,0.0,0.7986965272674994,10.161420884719774,1.476120184753107,25.198,28.3,0.029096296825921724,858.49,7396,4.0,1014049,386.0,64.33333333333333,1.0,4.0,-0.5
121,218.3,22.0,28.0,53.8,66.0,0,0.0,1007,90,28.8,0.0,1.6,2023,10,6,1,4,279,40,0.25881904510252074,0.9659258262890683,-0.8660254037844386,0.5000000000000001,-0.433883739117558,-0.9009688679024191,3,3,0,25.0,24.0,23.0,28.0,41.0,41.0,30.666666666666668,10.692676621563965,43.0,24.0,28.166666666666668,8.352644291879109,43.0,21.0,31.583333333333332,7.2795895655191325,43.0,21.0,37.0,8.687822562044564,53.0,21.0,29.3,30.3,31.8,86.0,80.0,71.0,2.0,2.0,2.4,1007.0,1007.0,1007.0,2592.0,144.0,46.080000000000005,0.0,0.7992416497834613,9.922276260169992,1.2726694241170855,25.92,28.0,0.0285997729893019,829.44,8100,2.5600000000000005,1014049,431.1,71.85000000000001,18.0,20.0,-0.5
159,231.5,23.7,24.0,77.5,68.3,0,0.0,1007,91,28.7,0.0,0.16,2023,10,6,2,4,279,40,0.49999999999999994,0.8660254037844387,-0.8660254037844386,0.5000000000000001,-0.433883739117558,-0.9009688679024191,3,3,0,43.0,25.0,24.0,33.0,33.0,51.0,43.333333333333336,18.502252115170716,62.0,25.0,33.0,16.30950643029989,62.0,21.0,34.0,11.42564897699229,62.0,21.0,37.458333333333336,9.690780767516287,62.0,21.0,28.8,29.8,31.3,90.0,83.0,73.0,1.6,2.0,2.4,1007.0,1007.0,1007.0,2611.7,14.56,4.592,0.0,0.7999896775525477,9.76752035779081,1.0126155014556348,26.116999999999997,28.62,0.028500468221977934,823.6899999999999,8281,0.0256,1014049,487.0,81.16666666666667,19.0,38.0,-0.10000000000000142
153,244.7,25.3,20.0,68.8,70.7,0,0.0,1007,91,28.6,0.0,0.33,2023,10,6,3,4,279,40,0.7071067811865476,0.7071067811865476,-0.8660254037844386,0.5000000000000001,-0.433883739117558,-0.9009688679024191,3,3,0,62.0,43.0,25.0,21.0,35.0,51.0,53.333333333333336,9.609023536933295,62.0,43.0,38.666666666666664,17.189143860782007,62.0,23.0,35.666666666666664,12.942764446405635,62.0,21.0,37.625,9.964338587094808,62.0,21.0,28.7,29.3,30.8,91.0,86.0,77.0,0.16,2.0,2.4,1007.0,1007.0,1007.0,2602.6,30.03,9.438,0.0,0.7994069853635848,9.67155448401249,0.7904825896209635,26.026,28.435000000000002,0.02840116345465397,817.96,8281,0.10890000000000001,1014049,484.5,80.75,-7.0,30.0,-0.09999999999999787
153,258.0,27.0,16.0,68.8,73.0,33,0.0,1007,92,28.5,0.0,0.5,2023,10,6,4,4,279,40,0.8660254037844386,0.5000000000000001,-0.8660254037844386,0.5000000000000001,-0.433883739117558,-0.9009688679024191,3,3,0,55.0,62.0,43.0,23.0,37.0,41.0,57.333333333333336,4.041451884327906,62.0,55.0,44.0,16.297239029970466,62.0,24.0,37.166666666666664,14.102439075520868,62.0,21.0,38.208333333333336,10.56235796577201,62.0,21.0,28.6,28.8,30.3,91.0,90.0,80.0,0.33,1.6,2.0,1007.0,1007.0,1007.0,2622.0,46.0,14.25,0.0,0.7994069853635848,9.555201659197808,0.592570645531647,26.22,28.25,0.028301858687330005,812.25,8464,0.25,1014049,497.8,82.96666666666667,0.0,12.0,-0.10000000000000142
148,249.4,25.7,19.3,66.3,81.7,34,0.0,1008,93,28.4,0.0,0.66,2023,10,6,5,4,279,40,0.9659258262890683,0.25881904510252074,-0.8660254037844386,0.5000000000000001,-0.433883739117558,-0.9009688679024191,3,3,0,55.0,55.0,62.0,24.0,41.0,34.0,54.333333333333336,1.1547005383812412,55.0,53.0,48.833333333333336,13.182058514005274,62.0,25.0,38.166666666666664,14.806837077594057,62.0,21.0,39.0,10.938563612881257,62.0,21.0,28.5,28.7,29.8,92.0,91.0,83.0,0.5,0.16,2.0,1007.0,1007.0,1007.0,2641.2,61.38,18.744,0.0,0.7993846246662946,9.703902571884363,0.7509435430527995,26.412,28.07,0.02817457522363569,806.56,8649,0.43560000000000004,1016064,495.40000000000003,82.56666666666668,-2.0,-9.0,-0.10000000000000142
123,240.8,24.3,22.7,55.0,90.3,35,0.0,1008,94,28.3,1.9,0.83,2023,10,6,6,4,279,40,1.0,6.123233995736766e-17,-0.8660254037844386,0.5000000000000001,-0.433883739117558,-0.9009688679024191,3,0,0,53.0,55.0,55.0,25.0,36.0,37.0,50.666666666666664,5.8594652770827444,55.0,44.0,52.0,7.2663608498334264,62.0,43.0,38.833333333333336,14.880330722945383,62.0,21.0,39.291666666666664,10.976176441519554,62.0,21.0,28.4,28.6,29.3,93.0,91.0,86.0,0.66,0.33,2.0,1008.0,1007.0,1007.0,2660.2000000000003,78.02,23.489,0.0,0.7999854548099126,9.90905724044278,0.9341179375334348,26.602000000000004,27.885,0.028075368972848243,800.89,8836,0.6889,1016064,477.1,79.51666666666667,-9.0,-11.0,-0.09999999999999787
118,232.3,23.0,26.0,52.5,99.0,35,0.0,1008,94,28.2,1.8,1.0,2023,10,6,7,4,279,40,0.9659258262890683,-0.25881904510252063,-0.8660254037844386,0.5000000000000001,-0.433883739117558,-0.9009688679024191,3,0,0,44.0,53.0,55.0,43.0,28.0,38.0,46.333333333333336,5.859465277082786,53.0,42.0,51.833333333333336,7.521081482516902,62.0,42.0,40.0,14.497648712181153,62.0,21.0,39.458333333333336,10.986074848630732,62.0,21.0,28.3,28.5,28.8,94.0,92.0,90.0,0.83,0.5,1.6,1008.0,1007.0,1007.0,2650.7999999999997,94.0,28.2,0.0,0.7999847621950058,10.099560888657015,1.1303856354071562,26.507999999999996,27.7,0.027976162722060792,795.24,8836,1.0,1016064,474.8,79.13333333333334,-2.0,-13.0,-0.10000000000000142
91,185.4,19.7,44.7,38.8,125.0,36,0.0,1008,85,29.4,2.3,1.0,2023,10,6,8,4,279,40,0.8660254037844387,-0.4999999999999998,-0.8660254037844386,0.5000000000000001,-0.433883739117558,-0.9009688679024191,3,0,0,42.0,44.0,53.0,62.0,33.0,36.0,39.0,7.000000000000453,44.0,31.0,46.666666666666664,9.521904571390067,55.0,31.0,39.833333333333336,14.596595701073444,62.0,21.0,39.25,11.101312104196923,62.0,21.0,28.2,28.4,28.7,94.0,93.0,91.0,1.0,0.66,0.16,1008.0,1008.0,1007.0,2499.0,85.0,29.4,0.0,0.7989484807092602,9.410689812699863,2.2689203593726206,24.99,28.9,0.029166637731510188,864.3599999999999,7225,1.0,1016064,444.6,74.10000000000001,-11.0,-22.0,1.1999999999999993
104,138.5,16.3,63.3,46.3,151.0,36,0.0,1009,77,30.6,4.0,1.0,2023,10,6,9,4,279,40,0.7071067811865476,-0.7071067811865475,-0.8660254037844386,0.5000000000000001,-0.433883739117558,-0.9009688679024191,3,0,0,31.0,42.0,44.0,55.0,21.0,39.0,36.666666666666664,5.507570547286702,42.0,31.0,43.666666666666664,9.201449161227773,55.0,31.0,41.166666666666664,13.401718569125759,62.0,23.0,39.166666666666664,11.11077294171406,62.0,21.0,29.4,28.3,28.6,85.0,94.0,91.0,1.0,0.83,0.33,1008.0,1008.0,1007.0,2356.2000000000003,77.0,30.6,0.0,0.799118809528952,8.496411263112691,3.8831973498558363,23.562,30.1,0.030327026435058045,936.3600000000001,5929,1.0,1018081,452.40000000000003,75.4,6.0,-7.0,1.2000000000000028
115,91.6,13.0,82.0,51.3,177.0,37,0.0,1009,69,31.8,5.9,1.0,2023,10,6,10,4,279,40,0.49999999999999994,-0.8660254037844387,-0.8660254037844386,0.5000000000000001,-0.433883739117558,-0.9009688679024191,3,0,0,37.0,31.0,42.0,55.0,23.0,46.0,36.333333333333336,5.033222956847827,41.0,31.0,41.333333333333336,7.339391437078382,53.0,31.0,42.666666666666664,12.130602423272494,62.0,24.0,38.958333333333336,11.023607736863566,62.0,21.0,30.6,28.2,28.5,77.0,94.0,92.0,1.0,1.0,0.5,1009.0,1008.0,1007.0,2194.2000000000003,69.0,31.8,0.0,0.7992046938656168,7.045611876009538,6.307207137912468,21.942000000000004,31.3,0.03151632158937404,1011.24,4761,1.0,1018081,455.9,75.98333333333333,4.0,-1.0,1.1999999999999993
107,90.8,11.3,99.7,47.5,169.3,37,0.0,1008,63,32.6,7.2,1.0,2023,10,6,11,4,279,40,0.258819045102521,-0.9659258262890682,-0.8660254037844386,0.5000000000000001,-0.433883739117558,-0.9009688679024191,3,0,0,41.0,37.0,31.0,53.0,24.0,42.0,38.666666666666664,2.081665999467666,41.0,37.0,38.833333333333336,4.622409184252265,44.0,31.0,43.833333333333336,10.768922739516995,62.0,25.0,38.791666666666664,11.00584495567751,62.0,21.0,31.8,29.4,28.4,69.0,85.0,93.0,1.0,1.0,0.66,1009.0,1008.0,1008.0,2053.8,63.0,32.6,0.0,0.7999831582493001,8.034687195823379,8.822228121405185,20.538,32.1,0.03234123775670858,1062.76,3969,1.0,1016064,456.6,76.10000000000001,-3.0,7.0,0.8000000000000007
95,90.1,9.7,117.3,41.3,161.7,37,0.0,1007,58,33.4,6.9,1.0,2023,10,6,12,4,279,40,1.2246467991473532e-16,-1.0,-0.8660254037844386,0.5000000000000001,-0.433883739117558,-0.9009688679024191,3,1,0,38.0,41.0,37.0,44.0,25.0,53.0,37.333333333333336,4.041451884328189,41.0,33.0,37.0,4.335896677734976,42.0,31.0,44.5,9.690670302361962,62.0,31.0,37.958333333333336,10.634149939113238,62.0,21.0,32.6,30.6,28.3,63.0,77.0,94.0,1.0,1.0,0.83,1008.0,1009.0,1008.0,1937.1999999999998,58.0,33.4,0.0,0.7990121304568898,9.287702298732091,12.0915369549531,19.372,32.9,0.033167792286204284,1115.56,3364,1.0,1014049,453.09999999999997,75.51666666666667,-5.0,-4.0,0.7999999999999972
82,89.3,8.0,135.0,33.8,154.0,37,0.0,1006,53,34.2,6.6,1.0,2023,10,6,13,4,279,40,-0.2588190451025208,-0.9659258262890683,-0.8660254037844386,0.5000000000000001,-0.433883739117558,-0.9009688679024191,3,1,0,33.0,38.0,41.0,42.0,43.0,41.0,32.666666666666664,5.507570547286744,38.0,27.0,34.5,5.128352561982596,41.0,27.0,43.166666666666664,10.93645557783919,62.0,27.0,37.375,10.841997650040506,62.0,21.0,33.4,31.8,28.2,58.0,69.0,94.0,1.0,1.0,1.0,1007.0,1009.0,1008.0,1812.6000000000001,53.0,34.2,0.0,0.7987929351202628,11.161104861892264,16.87289088863892,18.126,33.7,0.03399599006362817,1169.64,2809,1.0,1012036,447.1,74.51666666666667,-6.0,-14.0,0.8000000000000043
93,98.2,8.7,137.3,40.0,140.7,41,0.0,1005,51,34.4,5.8,1.33,2023,10,6,14,4,279,40,-0.4999999999999997,-0.8660254037844388,-0.8660254037844386,0.5000000000000001,-0.433883739117558,-0.9009688679024191,3,1,0,27.0,33.0,38.0,31.0,62.0,33.0,30.666666666666668,3.2145502536654558,33.0,27.0,34.666666666666664,5.0066622281376345,41.0,27.0,40.666666666666664,9.585342345413517,55.0,27.0,37.333333333333336,10.861446243146407,62.0,21.0,34.2,32.6,29.4,53.0,63.0,85.0,1.0,1.0,1.0,1006.0,1008.0,1008.0,1754.3999999999999,67.83,45.752,0.0,0.7999800004999875,11.286059073669696,15.779795425813129,17.543999999999997,33.735,0.03422882166286401,1183.36,2601,1.7689000000000001,1010025,456.90000000000003,76.15,5.0,-6.0,0.19999999999999574
80,107.2,9.3,139.7,32.5,127.3,45,0.5,1004,50,34.6,3.2,1.66,2023,10,6,15,4,279,40,-0.7071067811865471,-0.7071067811865479,-0.8660254037844386,0.5000000000000001,-0.433883739117558,-0.9009688679024191,3,1,0,32.0,27.0,33.0,37.0,55.0,35.0,28.333333333333332,3.2145502536654997,32.0,26.0,32.833333333333336,5.913261931173042,41.0,26.0,38.25,9.294426482379295,55.0,26.0,36.958333333333336,11.09829272677923,62.0,21.0,34.4,33.4,30.6,51.0,58.0,77.0,1.33,1.0,1.0,1005.0,1007.0,1009.0,1730.0,83.0,57.436,22.5,0.7999753853727578,11.525642404042577,15.019890334372647,17.3,33.77,0.03446211706960452,1197.16,2500,2.7556,1008016,442.0,73.66666666666667,-6.0,-7.0,0.20000000000000284
78,116.1,10.0,142.0,31.3,114.0,50,0.5,1004,49,34.8,1.9,2.0,2023,10,6,16,4,279,40,-0.8660254037844385,-0.5000000000000004,-0.8660254037844386,0.5000000000000001,-0.433883739117558,-0.9009688679024191,3,1,0,26.0,32.0,27.0,41.0,55.0,37.0,27.666666666666668,3.785938897201197,32.0,25.0,30.166666666666668,5.036533199201676,38.0,25.0,35.75,8.367958369442183,53.0,25.0,36.458333333333336,11.363477600999218,62.0,21.0,34.6,34.2,31.8,50.0,53.0,69.0,1.66,1.0,1.0,1004.0,1006.0,1009.0,1705.1999999999998,98.0,69.6,25.0,0.7986965272674994,11.608839116088392,14.198580141985802,17.052,33.8,0.03466132005844615,1211.0399999999997,2401,4.0,1008016,438.40000000000003,73.06666666666668,-1.0,-2.0,0.19999999999999574
72,127.2,11.0,131.3,27.5,100.3,54,0.0,1004,57,33.3,1.3,2.0,2023,10,6,17,4,279,40,-0.9659258262890683,-0.25881904510252063,-0.8660254037844386,0.5000000000000001,-0.433883739117558,-0.9009688679024191,3,1,0,25.0,26.0,32.0,38.0,53.0,41.0,24.333333333333332,2.081665999468081,26.0,22.0,27.5,4.230839160260568,33.0,22.0,33.166666666666664,7.27178024136995,44.0,22.0,35.666666666666664,11.690451944500325,62.0,21.0,34.8,34.4,32.6,49.0,51.0,63.0,2.0,1.33,1.0,1004.0,1005.0,1008.0,1898.1,114.0,66.6,0.0,0.7999709101487218,11.562585219525499,11.935278611035361,18.980999999999998,32.3,0.033167297642133824,1108.8899999999999,3249,4.0,1008016,419.3,69.88333333333334,-3.0,-10.0,-1.5
93,138.3,12.0,120.7,40.0,86.7,58,0.0,1005,66,31.8,0.0,2.0,2023,10,6,18,4,279,40,-1.0,-1.8369701987210297e-16,-0.8660254037844386,0.5000000000000001,-0.433883739117558,-0.9009688679024191,3,2,0,22.0,25.0,26.0,33.0,44.0,36.0,26.333333333333332,5.13160143944765,32.0,22.0,27.333333333333332,3.983298465676535,32.0,22.0,32.166666666666664,6.422026490323354,42.0,22.0,35.5,11.713982725971235,62.0,21.0,33.3,34.6,33.4,57.0,50.0,58.0,2.0,1.66,1.0,1004.0,1004.0,1007.0,2098.8,132.0,63.6,0.0,0.7999800004999875,11.524039663361387,10.057495208732606,20.988000000000003,30.8,0.03164175956043825,1011.24,4356,4.0,1010025,429.7,71.61666666666666,10.0,6.0,-1.4999999999999964
115,149.4,13.0,110.0,51.3,73.0,62,0.0,1006,77,30.3,0.0,2.0,2023,10,6,19,4,279,40,-0.9659258262890684,0.2588190451025203,-0.8660254037844386,0.5000000000000001,-0.433883739117558,-0.9009688679024191,3,2,0,32.0,22.0,25.0,27.0,42.0,28.0,31.666666666666668,9.504384952922546,41.0,22.0,29.666666666666668,6.831300510639299,41.0,22.0,32.083333333333336,6.287915297447116,41.0,22.0,36.041666666666664,11.652501752905005,62.0,21.0,31.8,34.8,34.2,66.0,49.0,53.0,2.0,2.0,1.0,1005.0,1004.0,1006.0,2333.1,154.0,60.6,0.0,0.7992046938656168,11.491423736635644,8.46088762402892,23.331,29.3,0.03011925435461794,918.09,5929,4.0,1012036,437.7,72.95,9.0,16.0,-1.5
95,159.3,14.0,102.3,41.3,75.0,66,1.5,1007,80,29.9,0.0,2.0,2023,10,6,20,4,279,40,-0.8660254037844386,0.5000000000000001,-0.8660254037844386,0.5000000000000001,-0.433883739117558,-0.9009688679024191,3,2,0,41.0,32.0,22.0,32.0,31.0,33.0,35.333333333333336,4.9328828623169265,41.0,32.0,29.833333333333332,6.911343333004137,41.0,22.0,32.25,6.283094200094677,41.0,22.0,36.041666666666664,11.652501752905005,62.0,21.0,30.3,33.3,34.4,77.0,57.0,51.0,2.0,2.0,1.33,1006.0,1004.0,1005.0,2392.0,160.0,59.8,99.0,0.7990121304568898,11.377758731519178,7.306620955646025,23.92,28.9,0.02969212542986551,894.0099999999999,6400,4.0,1014049,424.90000000000003,70.81666666666668,-8.0,11.0,-0.40000000000000213
139,169.2,15.0,94.7,62.5,77.0,70,2.0,1008,83,29.6,0.0,2.0,2023,10,6,21,4,279,40,-0.7071067811865477,0.7071067811865474,-0.8660254037844386,0.5000000000000001,-0.433883739117558,-0.9009688679024191,3,2,0,33.0,41.0,32.0,26.0,37.0,21.0,41.333333333333336,8.504900548115728,50.0,33.0,33.833333333333336,10.342469079801992,50.0,22.0,33.333333333333336,8.049091798946593,50.0,22.0,37.25,11.527849077249044,62.0,22.0,29.9,31.8,34.6,80.0,66.0,50.0,2.0,2.0,1.66,1007.0,1005.0,1004.0,2456.8,166.0,59.2,140.0,0.7999872002047967,11.279248050129992,6.312912472501834,24.568,28.6,0.02936505023308509,876.1600000000001,6889,4.0,1016064,468.4,78.06666666666666,17.0,18.0,-0.29999999999999716
63,179.2,16.0,87.0,22.5,79.0,75,2.0,1009,86,29.2,0.0,2.0,2023,10,6,22,4,279,40,-0.5000000000000004,0.8660254037844384,-0.8660254037844386,0.5000000000000001,-0.433883739117558,-0.9009688679024191,3,3,0,50.0,33.0,41.0,25.0,41.0,23.0,33.666666666666664,16.010413278030654,50.0,18.0,32.666666666666664,11.82652386234689,50.0,18.0,31.416666666666668,8.76416602196677,50.0,18.0,37.041666666666664,11.837593640111628,62.0,18.0,29.6,30.3,34.8,83.0,77.0,49.0,2.0,2.0,2.0,1008.0,1006.0,1004.0,2511.2,172.0,58.4,150.0,0.7999644460246211,11.199300043747265,5.437160177488907,25.112,28.2,0.028939515421689373,852.64,7396,4.0,1018081,401.7,66.95,-32.0,-23.0,-0.40000000000000213
65,162.6,14.7,88.0,23.8,76.7,75,2.0,1009,87,29.0,0.0,1.66,2023,10,6,23,4,279,40,-0.25881904510252157,0.9659258262890681,-0.8660254037844386,0.5000000000000001,-0.433883739117558,-0.9009688679024191,3,3,0,18.0,50.0,33.0,22.0,38.0,24.0,29.0,18.19340539866046,50.0,18.0,32.166666666666664,12.416387021459201,50.0,18.0,29.833333333333332,9.173413495068568,50.0,18.0,36.833333333333336,12.117779487602101,62.0,18.0,29.2,29.9,33.3,86.0,80.0,57.0,2.0,2.0,2.0,1009.0,1007.0,1004.0,2523.0,144.42,48.14,150.0,0.7982857863114995,11.060472076729475,5.98598734779947,25.23,28.17,0.028741299562636706,841.0,7569,2.7556,1018081,384.79999999999995,64.13333333333333,1.0,-14.0,-0.1999999999999993
69,146.1,13.3,89.0,26.3,74.3,75,1.5,1008,88,28.9,0.0,1.33,2023,10,7,0,5,280,40,0.0,1.0,-0.8660254037844386,0.5000000000000001,-0.9749279121818236,-0.2225209339563146,3,3,1,19.0,18.0,50.0,32.0,33.0,25.0,19.333333333333332,1.5275252316548844,21.0,18.0,30.333333333333332,13.231276078544381,50.0,18.0,28.833333333333332,9.446820853727212,50.0,18.0,36.666666666666664,12.313536795161752,62.0,18.0,29.0,29.6,31.8,87.0,83.0,66.0,1.66,2.0,2.0,1009.0,1008.0,1005.0,2543.2,117.04,38.437,112.5,0.79844872818524,10.984136531087888,6.691226223592211,25.432,28.235,0.028670606477572937,835.2099999999999,7744,1.7689000000000001,1016064,370.0,61.666666666666664,2.0,-29.0,-0.10000000000000142
107,129.6,12.0,90.0,47.5,72.0,75,1.0,1008,90,28.7,0.0,1.0,2023,10,7,1,5,280,40,0.25881904510252074,0.9659258262890683,-0.8660254037844386,0.5000000000000001,-0.9749279121818236,-0.2225209339563146,3,3,1,21.0,19.0,18.0,41.0,27.0,43.0,26.0,10.440306508910936,38.0,19.0,29.833333333333332,12.797135096054147,50.0,18.0,29.75,9.780546554721873,50.0,18.0,36.458333333333336,12.243824234448285,62.0,18.0,28.9,29.2,30.3,88.0,86.0,77.0,1.33,2.0,2.0,1008.0,1009.0,1006.0,2583.0,90.0,28.7,75.0,0.7999831582493001,10.799100074993751,7.499375052078994,25.83,28.2,0.02847219397599804,823.6899999999999,8100,1.0,1016064,389.1,64.85000000000001,17.0,20.0,-0.1999999999999993
123,131.5,12.7,86.0,55.0,78.0,79,2.0,1008,91,28.6,0.0,1.0,2023,10,7,2,5,280,40,0.49999999999999994,0.8660254037844387,-0.8660254037844386,0.5000000000000001,-0.9749279121818236,-0.2225209339563146,3,3,1,38.0,21.0,19.0,33.0,32.0,62.0,34.333333333333336,11.930353445449143,44.0,21.0,31.666666666666668,14.066508687896246,50.0,18.0,30.75,10.609815352689823,50.0,18.0,35.708333333333336,11.110039199503191,55.0,18.0,28.7,29.0,29.9,90.0,87.0,80.0,1.0,1.66,2.0,1008.0,1009.0,1007.0,2602.6,91.0,28.6,158.0,0.7999854548099126,10.353515471222739,6.771120384221716,26.026,28.1,0.028372987725210592,817.96,8281,1.0,1016064,407.2,67.86666666666666,6.0,25.0,-0.09999999999999787
157,133.4,13.3,82.0,76.3,84.0,83,2.0,1008,93,28.6,0.0,1.0,2023,10,7,3,5,280,40,0.7071067811865476,0.7071067811865476,-0.8660254037844386,0.5000000000000001,-0.9749279121818236,-0.2225209339563146,3,3,1,44.0,38.0,21.0,50.0,26.0,55.0,47.666666666666664,11.930353445449065,61.0,38.0,33.5,17.282939564784506,61.0,18.0,33.666666666666664,13.580288745981543,61.0,18.0,35.958333333333336,11.618872079758946,61.0,18.0,28.6,28.9,29.6,91.0,88.0,83.0,1.0,1.33,2.0,1008.0,1008.0,1008.0,2659.8,93.0,28.6,166.0,0.7994652756844602,10.029321103676416,6.164950003759116,26.598000000000003,28.1,0.028372987725210592,817.96,8649,1.0,1016064,450.0,75.0,17.0,40.0,0.0
145,135.4,14.0,78.0,65.0,90.0,87,1.5,1007,96,28.5,0.0,1.0,2023,10,7,4,5,280,40,0.8660254037844386,0.5000000000000001,-0.8660254037844386,0.5000000000000001,-0.9749279121818236,-0.2225209339563146,3,3,1,61.0,44.0,38.0,18.0,25.0,55.0,52.333333333333336,8.504900548115637,61.0,44.0,39.166666666666664,16.750124377647456,61.0,19.0,35.916666666666664,14.2347738962998,61.0,18.0,35.833333333333336,11.419535765584085,61.0,18.0,28.6,28.7,29.2,93.0,90.0,86.0,1.0,1.0,2.0,1008.0,1008.0,1009.0,2736.0,96.0,28.5,130.5,0.7999876924970385,9.67073780444254,5.571030640668524,27.36,28.0,0.028301858687330005,812.25,9216,1.0,1014049,434.4,72.39999999999999,-9.0,14.0,-0.10000000000000142
121,161.9,15.3,72.7,53.8,91.0,87,1.0,1008,94,28.5,0.0,1.0,2023,10,7,5,5,280,40,0.9659258262890683,0.25881904510252074,-0.8660254037844386,0.5000000000000001,-0.9749279121818236,-0.2225209339563146,3,3,1,52.0,61.0,44.0,19.0,22.0,53.0,52.0,9.000000000000245,61.0,43.0,43.166666666666664,13.52651716690808,61.0,21.0,37.666666666666664,13.647066506850997,61.0,18.0,35.416666666666664,10.938232377136467,61.0,18.0,28.5,28.6,29.0,96.0,91.0,87.0,1.0,1.0,1.66,1007.0,1008.0,1009.0,2679.0,94.0,28.5,87.0,0.7992416497834613,10.581007777269459,4.751323442912228,26.79,28.0,0.02827378147442314,812.25,8836,1.0,1016064,437.70000000000005,72.95,-9.0,-1.0,0.0
123,188.3,16.7,67.3,55.0,92.0,87,0.5,1009,93,28.4,0.6,1.0,2023,10,7,6,5,280,40,1.0,6.123233995736766e-17,-0.8660254037844386,0.5000000000000001,-0.9749279121818236,-0.2225209339563146,3,0,1,43.0,52.0,61.0,21.0,32.0,44.0,46.333333333333336,4.932882862316778,52.0,43.0,47.0,8.19756061276718,61.0,38.0,38.666666666666664,13.633737120788922,61.0,18.0,35.416666666666664,10.938232377136467,61.0,18.0,28.5,28.6,28.9,94.0,93.0,88.0,1.0,1.0,1.33,1008.0,1008.0,1008.0,2641.2,93.0,28.4,43.5,0.7999854548099126,11.274773965630802,4.029698820429914,26.412,27.9,0.028146651985478704,806.56,8649,1.0,1018081,463.3,77.21666666666667,1.0,-17.0,-0.10000000000000142
115,214.8,18.0,62.0,51.3,93.0,87,0.5,1010,92,28.4,0.7,1.0,2023,10,7,7,5,280,40,0.9659258262890683,-0.25881904510252063,-0.8660254037844386,0.5000000000000001,-0.9749279121818236,-0.2225209339563146,3,0,1,44.0,43.0,52.0,38.0,41.0,42.0,42.666666666666664,1.5275252316538275,44.0,41.0,47.5,7.609204951898179,61.0,41.0,38.666666666666664,13.633737120788922,61.0,18.0,35.375,10.913942020864287,61.0,18.0,28.4,28.5,28.7,93.0,96.0,90.0,1.0,1.0,1.0,1009.0,1007.0,1008.0,2612.7999999999997,92.0,28.4,43.5,0.7992046938656168,11.9326704071996,3.4442530970501637,26.127999999999997,27.9,0.02811878404080788,806.56,8464,1.0,1020100,480.1,80.01666666666667,-3.0,-11.0,0.0
95,199.6,17.3,71.0,41.3,106.3,87,0.5,1010,87,28.5,1.0,0.66,2023,10,7,8,5,280,40,0.8660254037844387,-0.4999999999999998,-0.8660254037844386,0.5000000000000001,-0.9749279121818236,-0.2225209339563146,3,0,1,41.0,44.0,43.0,44.0,33.0,31.0,39.333333333333336,5.686240703077873,44.0,33.0,45.666666666666664,9.667816023624916,61.0,33.0,38.666666666666664,13.633737120788922,61.0,18.0,35.458333333333336,10.886685792114905,61.0,18.0,28.4,28.5,28.6,92.0,94.0,91.0,1.0,1.0,1.0,1010.0,1008.0,1008.0,2479.5,57.42,18.810000000000002,43.5,0.7990121304568898,11.536905381191836,4.103809028379862,24.795,28.17,0.028217793843768473,812.25,7569,0.43560000000000004,1020100,468.5,78.08333333333333,-8.0,-10.0,0.10000000000000142
91,184.4,16.7,80.0,38.8,119.7,87,0.5,1011,82,28.5,1.7,0.33,2023,10,7,9,5,280,40,0.7071067811865476,-0.7071067811865475,-0.8660254037844386,0.5000000000000001,-0.9749279121818236,-0.2225209339563146,3,0,1,33.0,41.0,44.0,61.0,50.0,37.0,35.0,5.291502622129825,41.0,31.0,40.666666666666664,7.71146332849086,52.0,31.0,37.083333333333336,13.297014930449473,61.0,18.0,35.208333333333336,10.918588723372148,61.0,18.0,28.5,28.4,28.6,87.0,93.0,93.0,0.66,1.0,1.0,1010.0,1009.0,1008.0,2337.0,27.060000000000002,9.405000000000001,43.5,0.7989484807092602,11.04125501466978,4.790132327405544,23.37,28.335,0.028189883096060242,812.25,6724,0.10890000000000001,1022121,470.6,78.43333333333334,-2.0,-13.0,0.0
107,169.2,16.0,89.0,47.5,133.0,87,0.5,1011,78,28.6,2.4,1.2,2023,10,7,10,5,280,40,0.49999999999999994,-0.8660254037844387,-0.8660254037844386,0.5000000000000001,-0.9749279121818236,-0.2225209339563146,3,0,1,31.0,33.0,41.0,52.0,18.0,41.0,34.0,3.6055512754649555,38.0,31.0,38.333333333333336,5.3541261347356786,44.0,31.0,38.75,11.86381051770425,61.0,19.0,35.083333333333336,10.86644882861609,61.0,18.0,28.5,28.4,28.5,82.0,92.0,96.0,0.33,1.0,1.0,1011.0,1010.0,1007.0,2230.8,93.6,34.32,43.5,0.7999831582493001,10.574339103806011,5.562152365477157,22.308000000000003,28.0,0.028288794966572734,817.96,6084,1.44,1022121,492.7,82.11666666666666,7.0,-3.0,0.10000000000000142
95,166.7,13.7,103.3,41.3,127.3,75,1.0,1010,76,28.4,2.9,1.33,2023,10,7,11,5,280,40,0.258819045102521,-0.9659258262890682,-0.8660254037844386,0.5000000000000001,-0.9749279121818236,-0.2225209339563146,3,0,1,38.0,31.0,33.0,43.0,19.0,38.0,34.0,3.6055512754649555,38.0,31.0,36.666666666666664,5.163977794942561,44.0,31.0,39.916666666666664,10.334921676558361,61.0,21.0,34.875,10.856024174142648,61.0,18.0,28.6,28.5,28.5,78.0,87.0,94.0,1.2,0.66,1.0,1011.0,1010.0,1008.0,2158.4,101.08000000000001,37.772,75.0,0.7990121304568898,12.166995109845997,7.539595649952559,21.584,27.735,0.02811878404080788,806.56,5776,1.7689000000000001,1020100,485.3,80.88333333333334,-5.0,0.0,-0.20000000000000284
98,164.2,11.3,117.7,42.5,121.7,62,0.5,1010,74,28.2,3.0,2.66,2023,10,7,12,5,280,40,1.2246467991473532e-16,-1.0,-0.8660254037844386,0.5000000000000001,-0.9749279121818236,-0.2225209339563146,3,1,1,33.0,38.0,31.0,44.0,21.0,33.0,35.0,2.6457513110658795,38.0,33.0,35.0,3.741657386773057,41.0,31.0,41.0,8.728219645598285,61.0,31.0,34.916666666666664,10.85043243645042,61.0,18.0,28.4,28.5,28.4,76.0,82.0,93.0,1.33,0.33,1.0,1010.0,1011.0,1009.0,2086.7999999999997,196.84,75.012,31.0,0.7999811769134845,14.5296876382621,10.415007521458278,20.868,26.869999999999997,0.027920764434886697,795.24,5476,7.0756000000000006,1020100,491.4,81.89999999999999,1.0,3.0,-0.1999999999999993
115,161.7,9.0,132.0,51.3,116.0,50,0.0,1009,72,28.0,2.6,4.0,2023,10,7,13,5,280,40,-0.2588190451025208,-0.9659258262890683,-0.8660254037844386,0.5000000000000001,-0.9749279121818236,-0.2225209339563146,3,1,1,34.0,33.0,38.0,41.0,38.0,27.0,36.0,4.35889894354144,41.0,33.0,35.0,3.741657386773057,41.0,31.0,41.25,8.677295347367414,61.0,31.0,35.5,10.782433378659109,61.0,18.0,28.2,28.6,28.4,74.0,78.0,92.0,2.66,1.2,1.0,1010.0,1011.0,1010.0,2016.0,288.0,112.0,0.0,0.7992046938656168,17.964670592156427,14.66503721808688,20.16,26.0,0.027750220267373372,784.0,5184,16.0,1018081,511.0,85.16666666666667,7.0,3.0,-0.1999999999999993
129,175.5,10.3,129.3,57.5,121.7,54,4.5,1009,72,27.6,2.0,3.66,2023,10,7,14,5,280,40,-0.4999999999999997,-0.8660254037844388,-0.8660254037844386,0.5000000000000001,-0.9749279121818236,-0.2225209339563146,3,1,1,41.0,34.0,33.0,33.0,44.0,32.0,40.333333333333336,6.027713773342212,46.0,34.0,37.166666666666664,5.63619256827335,46.0,31.0,41.416666666666664,8.75378705925484,61.0,31.0,36.083333333333336,10.96205576827046,61.0,18.0,28.0,28.4,28.5,72.0,76.0,87.0,4.0,1.33,0.66,1009.0,1010.0,1010.0,1987.2,263.52,101.016,243.0,0.7999860871984835,17.03718085622755,12.552179400058249,19.872,25.770000000000003,0.02735378854926804,761.7600000000001,5184,13.395600000000002,1018081,540.3000000000001,90.05000000000001,5.0,13.0,-0.3999999999999986
67,189.3,11.7,126.7,25.0,127.3,58,2.0,1009,72,27.3,1.3,3.33,2023,10,7,15,5,280,40,-0.7071067811865471,-0.7071067811865479,-0.8660254037844386,0.5000000000000001,-0.9749279121818236,-0.2225209339563146,3,1,1,46.0,41.0,34.0,31.0,61.0,26.0,35.666666666666664,13.796134724383496,46.0,20.0,35.333333333333336,8.891943919450911,46.0,20.0,38.0,8.409950815983574,52.0,20.0,35.833333333333336,11.266212151024359,61.0,18.0,27.6,28.2,28.5,72.0,74.0,82.0,3.66,2.66,0.33,1009.0,1010.0,1011.0,1965.6000000000001,239.76,90.909,116.0,0.7999680012799487,16.178104435518335,10.82813434749167,19.656000000000002,25.635,0.02705646476068904,745.2900000000001,5184,11.0889,1018081,500.0,83.33333333333333,-26.0,-14.0,-0.3000000000000007
85,203.1,13.0,124.0,35.0,133.0,62,1.5,1008,72,26.9,0.8,3.0,2023,10,7,16,5,280,40,-0.8660254037844385,-0.5000000000000004,-0.8660254037844386,0.5000000000000001,-0.9749279121818236,-0.2225209339563146,3,1,1,20.0,46.0,41.0,38.0,52.0,25.0,31.333333333333332,13.316656236959062,46.0,20.0,33.666666666666664,9.223159256277661,46.0,20.0,36.0,7.591861671313169,46.0,20.0,35.958333333333336,11.156901419093353,61.0,18.0,27.3,28.0,28.6,72.0,72.0,78.0,3.33,4.0,1.2,1009.0,1009.0,1011.0,1936.8,216.0,80.69999999999999,93.0,0.7999771435101855,15.621875240366126,9.537727867087147,19.368,25.4,0.026686481461823945,723.6099999999999,5184,9.0,1016064,536.1,89.35000000000001,8.0,-13.0,-0.40000000000000213
131,205.0,14.3,105.3,58.8,130.0,75,1.0,1009,71,26.7,0.6,2.66,2023,10,7,17,5,280,40,-0.9659258262890683,-0.25881904510252063,-0.8660254037844386,0.5000000000000001,-0.9749279121818236,-0.2225209339563146,3,1,1,28.0,20.0,46.0,33.0,43.0,22.0,31.666666666666668,13.86842937514341,47.0,20.0,36.0,10.677078252030995,47.0,20.0,36.333333333333336,8.003786982460014,47.0,20.0,37.0,10.962386284175713,61.0,18.0,26.9,27.6,28.4,72.0,72.0,76.0,3.0,3.66,1.33,1008.0,1009.0,1010.0,1895.7,188.86,71.022,75.0,0.7993061342494175,14.334661911754422,7.3631214600377595,18.957,25.369999999999997,0.026461817183531036,712.89,5041,7.0756000000000006,1018081,560.4000000000001,93.40000000000002,19.0,1.0,-0.1999999999999993
115,207.0,15.7,86.7,51.3,127.0,87,1.0,1010,71,26.6,0.0,2.33,2023,10,7,18,5,280,40,-1.0,-1.8369701987210297e-16,-0.8660254037844386,0.5000000000000001,-0.9749279121818236,-0.2225209339563146,3,2,1,47.0,28.0,20.0,34.0,44.0,32.0,38.666666666666664,9.712534856222636,47.0,28.0,37.166666666666664,10.796604404471793,47.0,20.0,36.083333333333336,7.786448990315048,47.0,20.0,37.375,10.937818318349557,61.0,18.0,26.7,27.3,28.2,71.0,72.0,74.0,2.66,3.33,2.66,1009.0,1009.0,1010.0,1888.6000000000001,165.43,61.97800000000001,87.0,0.7992046938656168,13.183873638621744,5.521941277625629,18.886000000000003,25.435000000000002,0.02633660758751724,707.5600000000001,5041,5.4289000000000005,1020100,528.7,88.11666666666667,-6.0,21.0,-0.09999999999999787
93,208.9,17.0,68.0,40.0,124.0,100,1.0,1011,70,26.4,0.0,2.0,2023,10,7,19,5,280,40,-0.9659258262890684,0.2588190451025203,-0.8660254037844386,0.5000000000000001,-0.9749279121818236,-0.2225209339563146,3,2,1,41.0,47.0,28.0,41.0,41.0,41.0,40.0,7.549834435271157,47.0,32.0,35.666666666666664,10.782702196882745,47.0,20.0,35.333333333333336,7.702813338860276,47.0,20.0,37.0,10.962386284175713,61.0,18.0,26.6,26.9,28.0,71.0,72.0,72.0,2.33,3.0,4.0,1010.0,1008.0,1009.0,1848.0,140.0,52.8,100.0,0.7999800004999875,12.287512499264748,3.999764719722369,18.48,25.4,0.026112733815297908,696.9599999999999,4900,4.0,1022121,489.9,81.64999999999999,-9.0,4.0,-0.20000000000000284
139,203.1,16.0,62.0,62.5,117.0,100,0.5,1011,75,26.1,0.0,1.66,2023,10,7,20,5,280,40,-0.8660254037844386,0.5000000000000001,-0.8660254037844386,0.5000000000000001,-0.9749279121818236,-0.2225209339563146,3,2,1,32.0,41.0,47.0,46.0,33.0,33.0,41.0,9.000000000000334,50.0,32.0,36.333333333333336,11.63901484949048,50.0,20.0,36.75,8.729521490582158,50.0,20.0,37.708333333333336,11.238440115598337,61.0,18.0,26.4,26.7,27.6,70.0,71.0,72.0,2.0,2.66,3.66,1011.0,1009.0,1009.0,1957.5,124.5,43.326,50.0,0.7999872002047967,12.692956690206861,3.8747578276357726,19.575,25.270000000000003,0.025815998203760432,681.21,5625,2.7556,1022121,510.6,85.10000000000001,18.0,3.0,-0.29999999999999716
87,197.3,15.0,56.0,36.3,110.0,100,0.0,1012,80,25.7,0.0,1.33,2023,10,7,21,5,280,40,-0.7071067811865477,0.7071067811865474,-0.8660254037844386,0.5000000000000001,-0.9749279121818236,-0.2225209339563146,3,2,1,50.0,32.0,41.0,20.0,31.0,50.0,37.0,11.357816691600837,50.0,29.0,37.833333333333336,9.495613022162374,50.0,28.0,36.583333333333336,8.86728751528776,50.0,20.0,36.833333333333336,11.055852932179247,61.0,18.0,26.1,26.6,27.3,75.0,71.0,72.0,1.66,2.33,3.33,1011.0,1010.0,1009.0,2056.0,106.4,34.181,0.0,0.798876064020275,13.152456502899808,3.733084461035931,20.56,25.035,0.025395231822893456,660.49,6400,1.7689000000000001,1024144,443.6,73.93333333333334,-21.0,-12.0,-0.40000000000000213
65,191.4,14.0,50.0,23.8,103.0,100,0.5,1013,86,25.4,0.0,1.0,2023,10,7,22,5,280,40,-0.5000000000000004,0.8660254037844384,-0.8660254037844386,0.5000000000000001,-0.9749279121818236,-0.2225209339563146,3,3,1,29.0,50.0,32.0,28.0,38.0,18.0,32.666666666666664,15.821925715074652,50.0,19.0,36.333333333333336,11.792653080060479,50.0,19.0,35.0,10.189120757856013,50.0,19.0,36.875,10.983436145634155,61.0,19.0,25.7,26.4,26.9,80.0,70.0,72.0,1.33,2.0,3.0,1012.0,1011.0,1008.0,2184.4,86.0,25.4,50.0,0.7982857863114995,13.670452110563533,3.571173487608028,21.844,24.9,0.025074012760105863,645.16,7396,1.0,1026169,401.2,66.86666666666666,-10.0,-13.0,-0.3000000000000007
54,183.8,13.7,47.0,17.5,98.7,95,0.5,1012,85,25.3,0.0,1.0,2023,10,7,23,5,280,40,-0.25881904510252157,0.9659258262890681,-0.8660254037844386,0.5000000000000001,-0.9749279121818236,-0.2225209339563146,3,3,1,19.0,29.0,50.0,47.0,33.0,19.0,20.666666666666668,7.637626158260317,29.0,14.0,30.833333333333332,13.407709225168214,50.0,14.0,33.416666666666664,11.866364483724437,50.0,14.0,36.666666666666664,11.377577745826402,61.0,14.0,25.4,26.1,26.7,86.0,75.0,71.0,1.0,1.66,2.66,1013.0,1011.0,1009.0,2150.5,85.0,25.3,47.5,0.7999542883263813,13.415079191299908,3.430406539668638,21.505,24.8,0.024999975296467098,640.09,7225,1.0,1024144,374.7,62.449999999999996,-5.0,-36.0,-0.09999999999999787
56,176.2,13.3,44.0,18.8,94.3,91,0.5,1012,84,25.1,0.0,1.0,2023,10,8,0,6,281,40,0.0,1.0,-0.8660254037844386,0.5000000000000001,-0.7818314824680299,0.6234898018587334,3,3,1,14.0,19.0,29.0,41.0,34.0,21.0,16.0,2.6457513110664004,19.0,14.0,26.5,13.663820841916612,50.0,14.0,31.833333333333332,12.995337159103599,50.0,14.0,36.416666666666664,11.795049317650278,61.0,14.0,25.3,25.7,26.6,85.0,80.0,71.0,1.0,1.33,2.33,1012.0,1012.0,1010.0,2108.4,84.0,25.1,45.5,0.7978299026647518,13.247124276370197,3.3080219532365986,21.084,24.6,0.024802347033253923,630.0100000000001,7056,1.0,1024144,361.6,60.26666666666667,1.0,-14.0,-0.1999999999999993
65,168.7,13.0,41.0,23.8,90.0,87,0.0,1012,83,25.0,0.0,1.0,2023,10,8,1,6,281,40,0.25881904510252074,0.9659258262890683,-0.8660254037844386,0.5000000000000001,-0.7818314824680299,0.6234898018587334,3,3,1,15.0,14.0,19.0,32.0,41.0,38.0,16.0,2.6457513110664004,19.0,14.0,24.333333333333332,13.64795466971743,50.0,14.0,30.0,13.135655847556515,50.0,14.0,35.625,12.310520421309697,61.0,14.0,25.1,25.4,26.4,84.0,86.0,70.0,1.0,1.0,2.0,1012.0,1013.0,1011.0,2075.0,83.0,25.0,0.0,0.7982857863114995,12.975924928851626,3.153603568956234,20.75,24.5,0.02470353290164733,625.0,6889,1.0,1024144,355.5,59.25,4.0,0.0,-0.10000000000000142
80,165.0,12.7,39.7,32.5,87.7,91,0.0,1012,83,24.9,0.0,0.66,2023,10,8,2,6,281,40,0.49999999999999994,0.8660254037844387,-0.8660254037844386,0.5000000000000001,-0.7818314824680299,0.6234898018587334,3,3,1,19.0,15.0,14.0,50.0,46.0,44.0,20.0,5.5677643628308315,26.0,15.0,20.333333333333332,5.988878581726496,29.0,14.0,28.333333333333332,12.15306421018835,50.0,14.0,34.875,12.32640326256239,61.0,14.0,25.0,25.3,26.1,83.0,85.0,75.0,1.0,1.0,1.66,1012.0,1012.0,1011.0,2066.7,54.78,16.434,0.0,0.7999753853727578,12.991103062750966,3.1257381308558387,20.666999999999998,24.57,0.02460471877004074,620.0099999999999,6889,0.43560000000000004,1024144,363.59999999999997,60.599999999999994,7.0,12.0,-0.10000000000000142
76,161.3,12.3,38.3,30.0,85.3,95,0.0,1012,83,24.7,0.0,0.33,2023,10,8,3,6,281,40,0.7071067811865476,0.7071067811865476,-0.8660254037844386,0.5000000000000001,-0.7818314824680299,0.6234898018587334,3,3,1,26.0,19.0,15.0,29.0,20.0,61.0,23.0,3.605551275465181,26.0,19.0,19.5,4.764451699828201,26.0,14.0,28.666666666666668,11.956993642621386,50.0,14.0,33.333333333333336,11.177098739471154,52.0,14.0,24.9,25.1,25.7,83.0,84.0,80.0,0.66,1.0,1.33,1012.0,1012.0,1012.0,2050.1,27.39,8.151,0.0,0.7999733342221925,13.112755060564183,3.113568002601414,20.500999999999998,24.535,0.024407090506827562,610.0899999999999,6889,0.10890000000000001,1024144,351.20000000000005,58.53333333333334,-2.0,9.0,-0.1999999999999993
82,157.6,12.0,37.0,33.8,83.0,100,0.0,1012,83,24.6,0.0,2.4,2023,10,8,4,6,281,40,0.8660254037844386,0.5000000000000001,-0.8660254037844386,0.5000000000000001,-0.7818314824680299,0.6234898018587334,3,3,1,24.0,26.0,19.0,19.0,28.0,52.0,25.666666666666668,1.5275252316546368,27.0,24.0,20.833333333333332,5.636192568273577,27.0,14.0,28.583333333333332,11.965543966917414,50.0,14.0,32.291666666666664,10.506640412311931,50.0,14.0,24.7,25.0,25.4,83.0,83.0,86.0,0.33,1.0,1.0,1012.0,1012.0,1013.0,2041.8000000000002,199.2,59.04,0.0,0.7987929351202628,13.132238980084994,3.083076410299142,20.418000000000003,23.400000000000002,0.024308276375220976,605.1600000000001,6889,5.76,1024144,350.4,58.4,3.0,8.0,-0.09999999999999787
67,164.6,12.0,38.0,25.0,85.3,75,0.0,1012,83,24.7,0.0,0.33,2023,10,8,5,6,281,40,0.9659258262890683,0.25881904510252074,-0.8660254037844386,0.5000000000000001,-0.7818314824680299,0.6234898018587334,3,3,1,27.0,24.0,26.0,14.0,47.0,43.0,23.666666666666668,3.5118845842854567,27.0,20.0,21.833333333333332,4.622409184252531,27.0,15.0,26.333333333333332,10.654348948440871,50.0,14.0,31.333333333333332,10.536341526052853,50.0,14.0,24.6,24.9,25.3,83.0,83.0,85.0,2.4,0.66,1.0,1012.0,1012.0,1012.0,2050.1,27.39,8.151,0.0,0.7999680012799487,13.715523706357803,3.1664027997666864,20.500999999999998,24.535,0.024407090506827562,610.0899999999999,6889,0.10890000000000001,1024144,344.90000000000003,57.48333333333334,-7.0,-6.0,0.09999999999999787
54,171.6,12.0,39.0,17.5,87.7,50,0.0,1013,82,24.7,0.6,0.66,2023,10,8,6,6,281,40,1.0,6.123233995736766e-17,-0.8660254037844386,0.5000000000000001,-0.7818314824680299,0.6234898018587334,3,0,1,20.0,27.0,24.0,15.0,41.0,44.0,20.333333333333332,6.506407098648402,27.0,14.0,21.666666666666668,4.926120853842521,27.0,14.0,24.083333333333332,10.112623374532612,50.0,14.0,30.083333333333332,10.745744017645103,50.0,14.0,24.7,24.7,25.1,83.0,83.0,84.0,0.33,0.33,1.0,1012.0,1012.0,1012.0,2025.3999999999999,54.120000000000005,16.302,0.0,0.7999542883263813,14.298808432630615,3.249729189234231,20.253999999999998,24.37,0.02438299666041791,610.0899999999999,6724,0.43560000000000004,1026169,341.8,56.96666666666667,-6.0,-10.0,0.0
46,178.6,12.0,40.0,13.8,90.0,25,0.0,1013,82,24.8,0.8,1.0,2023,10,8,7,6,281,40,0.9659258262890683,-0.25881904510252063,-0.8660254037844386,0.5000000000000001,-0.7818314824680299,0.6234898018587334,3,0,1,14.0,20.0,27.0,19.0,32.0,41.0,15.0,4.582575694956904,20.0,11.0,20.333333333333332,6.592925501373602,27.0,11.0,22.333333333333332,10.430142798057505,50.0,11.0,28.833333333333332,11.157632079576276,50.0,11.0,24.7,24.6,25.0,82.0,83.0,83.0,0.66,2.4,1.0,1013.0,1012.0,1012.0,2033.6000000000001,82.0,24.8,0.0,0.7970436924860518,14.882093158903425,3.333055578701775,20.336000000000002,24.3,0.024481713246087618,615.0400000000001,6724,1.0,1026169,345.4,57.56666666666666,-3.0,-16.0,0.10000000000000142
65,170.0,10.3,58.0,23.8,99.7,41,0.0,1014,67,26.1,1.6,1.33,2023,10,8,8,6,281,40,0.8660254037844387,-0.4999999999999998,-0.8660254037844386,0.5000000000000001,-0.7818314824680299,0.6234898018587334,3,0,1,11.0,14.0,20.0,26.0,50.0,33.0,14.666666666666666,4.041451884328593,19.0,11.0,19.166666666666668,5.98052394583138,27.0,11.0,19.75,5.738625112499556,29.0,11.0,28.25,11.295439633840731,50.0,11.0,24.8,24.7,24.9,82.0,83.0,83.0,1.0,0.33,0.66,1013.0,1012.0,1012.0,1748.7,89.11,34.713,0.0,0.7982857863114995,16.50325211144549,5.630521308610814,17.487000000000002,25.435000000000002,0.02573961958617398,681.21,4489,1.7689000000000001,1028196,380.8,63.46666666666667,8.0,-1.0,1.3000000000000007
63,161.5,8.7,76.0,22.5,109.3,58,0.0,1014,55,27.3,2.8,1.66,2023,10,8,9,6,281,40,0.7071067811865476,-0.7071067811865475,-0.8660254037844386,0.5000000000000001,-0.7818314824680299,0.6234898018587334,3,0,1,19.0,11.0,14.0,24.0,29.0,31.0,16.0,4.358898943541776,19.0,11.0,18.166666666666668,5.492419017760998,27.0,11.0,18.833333333333332,4.951277765904876,27.0,11.0,27.708333333333332,11.46821379013456,50.0,11.0,26.1,24.7,24.7,67.0,82.0,83.0,1.33,0.66,0.33,1014.0,1013.0,1012.0,1501.5,91.3,45.318,0.0,0.7999644460246211,18.561084932766352,8.734628203654754,15.015,26.470000000000002,0.026923050371745198,745.2900000000001,3025,2.7556,1028196,396.0,66.0,-1.0,4.0,1.1999999999999993
74,152.9,7.0,94.0,28.8,119.0,75,0.0,1014,45,28.6,4.2,2.0,2023,10,8,10,6,281,40,0.49999999999999994,-0.8660254037844387,-0.8660254037844386,0.5000000000000001,-0.7818314824680299,0.6234898018587334,3,0,1,18.0,19.0,11.0,27.0,19.0,38.0,20.0,2.6457513110663013,23.0,18.0,17.5,4.324349662087482,23.0,11.0,19.166666666666668,5.0960471906850895,27.0,11.0,27.083333333333332,11.29030621784697,50.0,11.0,27.3,24.8,24.6,55.0,82.0,83.0,1.66,1.0,2.4,1014.0,1013.0,1012.0,1287.0,90.0,57.2,0.0,0.7985833825214401,21.8397371804028,13.426653335237823,12.87,27.6,0.02820510038944735,817.96,2025,4.0,1028196,424.7,70.78333333333333,5.0,12.0,1.3000000000000007
89,146.5,6.3,110.3,37.5,121.7,70,0.0,1013,45,29.1,7.2,2.0,2023,10,8,11,6,281,40,0.258819045102521,-0.9659258262890682,-0.8660254037844386,0.5000000000000001,-0.7818314824680299,0.6234898018587334,3,0,1,23.0,18.0,19.0,20.0,14.0,33.0,23.666666666666668,6.027713773342416,30.0,18.0,19.166666666666668,6.7354782062346965,30.0,11.0,20.5,5.6809090181694994,30.0,11.0,26.958333333333332,11.238440115598085,50.0,11.0,28.6,26.1,24.7,45.0,67.0,83.0,2.0,1.33,0.33,1014.0,1014.0,1012.0,1309.5,90.0,58.2,0.0,0.7999786672355405,23.250277733693064,17.505157911442627,13.095,28.1,0.028726526429885067,846.8100000000001,2025,4.0,1026169,452.3,75.38333333333334,7.0,11.0,0.5
63,140.1,5.7,126.7,22.5,124.3,66,0.0,1013,45,29.7,7.5,2.0,2023,10,8,12,6,281,40,1.2246467991473532e-16,-1.0,-0.8660254037844386,0.5000000000000001,-0.7818314824680299,0.6234898018587334,3,1,1,30.0,23.0,18.0,14.0,15.0,34.0,23.666666666666668,6.027713773342416,30.0,18.0,19.833333333333332,6.30608172058232,30.0,11.0,20.75,5.479299888920073,30.0,11.0,26.291666666666668,11.277060851537303,50.0,11.0,29.1,27.3,24.7,45.0,55.0,82.0,2.0,1.66,0.66,1013.0,1014.0,1013.0,1336.5,90.0,59.4,0.0,0.7999644460246211,24.57463602876688,22.22417119803543,13.365,28.7,0.029318825943903313,882.0899999999999,2025,4.0,1026169,437.3,72.88333333333334,-12.0,0.0,0.5999999999999979
79,133.6,5.0,143.0,25.0,127.0,62,0.0,1012,44,30.2,6.4,2.0,2023,10,8,13,6,281,40,-0.2588190451025208,-0.9659258262890683,-0.8660254037844386,0.5000000000000001,-0.7818314824680299,0.6234898018587334,3,1,1,18.0,30.0,23.0,11.0,19.0,41.0,22.666666666666668,6.429100507329312,30.0,18.0,21.333333333333332,4.633213427704605,30.0,18.0,20.833333333333332,5.457827295533546,30.0,11.0,25.416666666666668,10.89442085643385,50.0,11.0,29.7,28.6,24.8,45.0,45.0,82.0,2.0,2.0,1.0,1013.0,1014.0,1013.0,1328.8,88.0,60.4,0.0,0.7999680012799487,26.71465706858628,28.594281143771244,13.288,29.2,0.029841867745189977,912.04,1936,4.0,1024144,453.6,75.60000000000001,2.0,-3.0,0.5
89,131.5,5.7,140.0,37.5,124.7,50,0.0,1011,46,30.5,5.4,1.66,2023,10,8,14,6,281,40,-0.4999999999999997,-0.8660254037844388,-0.8660254037844386,0.5000000000000001,-0.7818314824680299,0.6234898018587334,3,1,1,20.0,18.0,30.0,19.0,26.0,46.0,22.666666666666668,6.429100507329312,30.0,18.0,23.166666666666668,5.600595206463504,30.0,18.0,21.166666666666668,5.905826604191836,30.0,11.0,24.75,10.035805463655965,50.0,11.0,30.2,29.1,26.1,44.0,45.0,67.0,2.0,2.0,1.33,1012.0,1013.0,1014.0,1403.0,76.36,50.629999999999995,0.0,0.7999786672355405,23.06612874934222,24.55709524644799,14.03,29.67,0.030168120506310084,930.25,2116,2.7556,1022121,469.4,78.23333333333333,10.0,0.0,0.3000000000000007
80,129.4,6.3,137.0,32.5,122.3,37,0.0,1010,47,30.7,4.0,1.33,2023,10,8,15,6,281,40,-0.7071067811865471,-0.7071067811865479,-0.8660254037844386,0.5000000000000001,-0.7818314824680299,0.6234898018587334,3,1,1,30.0,20.0,18.0,18.0,24.0,20.0,25.333333333333332,5.0332229568479905,30.0,20.0,24.5,5.0497524691805555,30.0,18.0,21.333333333333332,6.0201681240988965,30.0,11.0,25.0,9.986948004009124,50.0,11.0,30.5,29.7,27.3,46.0,45.0,55.0,1.66,2.0,1.66,1011.0,1013.0,1014.0,1442.8999999999999,62.510000000000005,40.831,0.0,0.7999753853727578,20.536422790033328,21.742580542770988,14.428999999999998,30.035,0.030396009508901475,942.49,2209,1.7689000000000001,1020100,453.50000000000006,75.58333333333334,-4.0,8.0,0.1999999999999993
68,127.2,7.0,134.0,16.3,120.0,25,0.0,1010,48,31.0,2.6,1.0,2023,10,8,16,6,281,40,-0.8660254037844385,-0.5000000000000004,-0.8660254037844386,0.5000000000000001,-0.7818314824680299,0.6234898018587334,3,1,1,26.0,30.0,20.0,23.0,27.0,28.0,23.0,8.888194417316074,30.0,13.0,22.833333333333332,6.940220937885337,30.0,13.0,20.166666666666668,6.176691278630288,30.0,11.0,24.375,10.256758111436605,50.0,11.0,30.7,30.2,28.6,47.0,44.0,45.0,1.33,2.0,2.0,1010.0,1012.0,1014.0,1488.0,48.0,31.0,0.0,0.7974970860683392,18.168833023853736,19.140122839594344,14.88,30.5,0.03069303891778325,961.0,2304,1.0,1020100,417.5,69.58333333333333,-13.0,-7.0,0.3000000000000007
54,154.3,11.3,113.3,17.5,125.7,25,0.0,1010,51,30.0,1.9,0.66,2023,10,8,17,6,281,40,-0.9659258262890683,-0.25881904510252063,-0.8660254037844386,0.5000000000000001,-0.7818314824680299,0.6234898018587334,3,1,1,13.0,26.0,30.0,30.0,20.0,47.0,17.666666666666668,7.234178138070882,26.0,13.0,20.166666666666668,6.705718952257274,30.0,13.0,19.666666666666668,6.429100507328042,30.0,11.0,23.0,9.254845969168889,50.0,11.0,31.0,30.5,29.1,48.0,46.0,45.0,1.0,1.66,2.0,1010.0,1011.0,1013.0,1530.0,33.660000000000004,19.8,0.0,0.7999542883263813,13.6536589682329,10.025661445889744,15.3,29.67,0.029702940888177338,900.0,2601,0.43560000000000004,1020100,436.1,72.68333333333334,1.0,-16.0,-1.0
54,181.3,15.7,92.7,17.5,131.3,25,0.0,1011,53,29.0,0.0,0.33,2023,10,8,18,6,281,40,-1.0,-1.8369701987210297e-16,-0.8660254037844386,0.5000000000000001,-0.7818314824680299,0.6234898018587334,3,2,1,14.0,13.0,26.0,18.0,14.0,41.0,13.666666666666666,0.5773502691982263,14.0,13.0,19.5,7.148426400264315,30.0,13.0,19.666666666666668,6.429100507328042,30.0,11.0,21.875,8.588731242030084,50.0,11.0,30.0,30.7,29.7,51.0,47.0,45.0,0.66,1.33,2.0,1010.0,1010.0,1013.0,1537.0,17.490000000000002,9.57,0.0,0.7999542883263813,11.547035220686583,5.904082542513216,15.37,28.835,0.028684442448622702,841.0,2809,0.10890000000000001,1022121,452.5,75.41666666666667,0.0,-12.0,-1.0
80,208.3,20.0,72.0,32.5,137.0,25,0.0,1011,56,28.0,0.0,2.0,2023,10,8,19,6,281,40,-0.9659258262890684,0.2588190451025203,-0.8660254037844386,0.5000000000000001,-0.7818314824680299,0.6234898018587334,3,2,1,14.0,14.0,13.0,20.0,11.0,32.0,18.0,6.928203230276182,26.0,14.0,20.5,7.635443667528147,30.0,13.0,20.916666666666668,6.037132572418956,30.0,13.0,21.625,8.365625837447627,50.0,11.0,29.0,31.0,30.2,53.0,48.0,44.0,0.33,1.0,2.0,1011.0,1010.0,1012.0,1568.0,112.0,56.0,0.0,0.7999753853727578,10.414479276036198,3.59982000899955,15.68,27.0,0.02769532374349778,784.0,3136,4.0,1022121,495.8,82.63333333333334,12.0,13.0,-1.0
67,202.5,19.7,64.7,25.0,129.3,45,0.0,1012,56,27.9,0.0,2.4,2023,10,8,20,6,281,40,-0.8660254037844386,0.5000000000000001,-0.8660254037844386,0.5000000000000001,-0.7818314824680299,0.6234898018587334,3,2,1,26.0,14.0,14.0,30.0,19.0,50.0,20.0,6.000000000000753,26.0,14.0,18.833333333333332,6.080021929784676,26.0,13.0,21.0,6.015132432607814,30.0,13.0,20.375,5.784631061851385,30.0,11.0,28.0,30.0,30.5,56.0,51.0,46.0,2.0,0.66,1.66,1011.0,1010.0,1011.0,1562.3999999999999,134.4,66.96,0.0,0.7999680012799487,10.27866605756053,3.2840972539465003,15.623999999999999,26.7,0.02756914271823842,778.41,3136,5.76,1024144,461.2,76.86666666666666,-6.0,6.0,-0.10000000000000142
63,196.7,19.3,57.3,22.5,121.7,66,0.0,1013,57,27.7,0.0,2.0,2023,10,8,21,6,281,40,-0.7071067811865477,0.7071067811865474,-0.8660254037844386,0.5000000000000001,-0.7818314824680299,0.6234898018587334,3,2,1,20.0,26.0,14.0,26.0,18.0,29.0,21.333333333333332,4.163331998933329,26.0,18.0,17.5,4.969909455915278,26.0,13.0,21.0,6.015132432607814,30.0,13.0,19.916666666666668,5.500329370901556,30.0,11.0,27.9,29.0,30.7,56.0,53.0,47.0,2.4,0.33,1.33,1012.0,1011.0,1010.0,1578.8999999999999,114.0,55.4,0.0,0.7999644460246211,10.191181804051602,2.968758095435469,15.788999999999998,26.7,0.02734449423050915,767.29,3249,4.0,1026169,435.5,72.58333333333333,-2.0,4.0,-0.1999999999999993
67,190.8,19.0,50.0,25.0,114.0,87,0.0,1014,57,27.6,0.0,1.6,2023,10,8,22,6,281,40,-0.5000000000000004,0.8660254037844384,-0.8660254037844386,0.5000000000000001,-0.7818314824680299,0.6234898018587334,3,3,1,18.0,20.0,26.0,13.0,23.0,19.0,19.333333333333332,1.1547005383832105,20.0,18.0,18.666666666666668,4.50185147096865,26.0,14.0,20.75,5.98672774484537,30.0,13.0,19.958333333333332,5.496869992108369,30.0,11.0,27.7,28.0,31.0,57.0,56.0,48.0,2.0,2.0,1.0,1013.0,1011.0,1010.0,1573.2,91.2,44.160000000000004,0.0,0.7999680012799487,10.041576759117941,2.631440450502605,15.732000000000001,26.8,0.027218908068138002,761.7600000000001,3249,2.5600000000000005,1028196,418.8,69.8,2.0,-6.0,-0.09999999999999787
54,176.2,18.3,46.3,17.5,104.7,66,0.0,1014,55,27.2,0.0,1.0,2023,10,8,23,6,281,40,-0.25881904510252157,0.9659258262890681,-0.8660254037844386,0.5000000000000001,-0.7818314824680299,0.6234898018587334,3,3,1,20.0,18.0,20.0,14.0,30.0,14.0,17.333333333333332,3.0550504633054367,20.0,14.0,18.666666666666668,4.50185147096865,26.0,14.0,19.416666666666668,5.501377238032664,30.0,13.0,19.958333333333332,5.496869992108369,30.0,11.0,27.6,27.9,30.0,57.0,56.0,51.0,1.6,2.4,0.66,1014.0,1012.0,1010.0,1496.0,55.0,27.2,0.0,0.7999542883263813,9.627889186383257,2.529916398011037,14.96,26.7,0.02682443113961426,739.8399999999999,3025,1.0,1028196,377.0,62.833333333333336,-6.0,-6.0,-0.40000000000000213
59,161.7,17.7,42.7,20.0,95.3,45,0.0,1014,53,26.9,0.0,2.0,2023,10,9,0,0,282,41,0.0,1.0,-0.8660254037844386,0.5000000000000001,0.0,1.0,3,3,0,14.0,20.0,18.0,14.0,18.0,15.0,16.666666666666668,3.0550504633054523,20.0,14.0,19.0,4.147288270665048,26.0,14.0,19.25,5.577959874687947,30.0,13.0,20.0,5.461326483238142,30.0,11.0,27.2,27.7,29.0,55.0,57.0,53.0,1.0,2.0,0.33,1014.0,1013.0,1011.0,1425.6999999999998,106.0,53.8,0.0,0.7999600019998999,9.135077114287327,2.4122930907858313,14.256999999999998,25.9,0.026528573443221456,723.6099999999999,2809,4.0,1028196,353.4,58.9,2.0,-2.0,-0.3000000000000007
82,147.1,17.0,39.0,33.8,86.0,25,0.0,1013,52,26.5,0.0,3.0,2023,10,9,1,0,282,41,0.25881904510252074,0.9659258262890683,-0.8660254037844386,0.5000000000000001,0.0,1.0,3,3,0,16.0,14.0,20.0,26.0,20.0,19.0,19.0,7.000000000000657,27.0,14.0,19.166666666666668,4.490731195102032,27.0,14.0,19.833333333333332,6.012613005300399,30.0,13.0,20.333333333333332,5.638891863590938,30.0,11.0,26.9,27.6,28.0,53.0,57.0,56.0,2.0,1.6,2.0,1014.0,1014.0,1011.0,1378.0,156.0,79.5,0.0,0.7987929351202628,8.652432209870007,2.293982706899594,13.78,25.0,0.026159895202472652,702.25,2704,9.0,1026169,349.9,58.31666666666666,11.0,7.0,-0.3999999999999986
93,140.1,16.3,37.3,40.0,82.7,37,0.0,1013,55,26.1,0.0,3.0,2023,10,9,2,0,282,41,0.49999999999999994,0.8660254037844387,-0.8660254037844386,0.5000000000000001,0.0,1.0,3,3,0,27.0,16.0,14.0,20.0,30.0,26.0,25.0,8.18535277187296,32.0,16.0,21.166666666666668,6.9402209378853525,32.0,14.0,20.0,6.33891301263951,32.0,13.0,20.583333333333332,6.021098171297546,32.0,11.0,26.5,27.2,27.9,52.0,55.0,56.0,3.0,1.0,2.4,1013.0,1014.0,1012.0,1435.5,165.0,78.30000000000001,0.0,0.7999800004999875,8.594564750628795,2.288203177719158,14.355,24.6,0.025765028859793822,681.21,3025,9.0,1026169,348.4,58.06666666666666,5.0,18.0,-0.3999999999999986
139,133.1,15.7,35.7,62.5,79.3,50,0.0,1013,58,25.7,0.0,3.0,2023,10,9,3,0,282,41,0.7071067811865476,0.7071067811865476,-0.8660254037844386,0.5000000000000001,0.0,1.0,3,3,0,32.0,27.0,16.0,18.0,26.0,24.0,36.333333333333336,12.096831541082983,50.0,27.0,26.5,13.3529023062402,50.0,14.0,22.0,10.694093526972187,50.0,13.0,21.666666666666668,8.493817018056681,50.0,11.0,26.1,26.9,27.7,55.0,53.0,57.0,3.0,2.0,2.0,1013.0,1014.0,1013.0,1490.6,174.0,77.1,0.0,0.7999872002047967,8.477167059422968,2.273740526081142,14.905999999999999,24.2,0.025370162517114988,660.49,3364,9.0,1026169,376.3,62.71666666666667,18.0,34.0,-0.40000000000000213
145,126.1,15.0,34.0,65.0,76.0,62,0.0,1013,61,25.3,0.0,3.0,2023,10,9,4,0,282,41,0.8660254037844386,0.5000000000000001,-0.8660254037844386,0.5000000000000001,0.0,1.0,3,3,0,50.0,32.0,27.0,20.0,13.0,27.0,44.666666666666664,11.015141094572458,52.0,32.0,31.833333333333332,16.302351568613062,52.0,14.0,25.25,13.315233927552539,52.0,14.0,22.708333333333332,10.47763318223382,52.0,11.0,25.7,26.5,27.6,58.0,52.0,57.0,3.0,3.0,1.6,1013.0,1013.0,1014.0,1543.3,183.0,75.9,0.0,0.7999876924970385,8.406106259582694,2.266515565628958,15.433,23.8,0.024975296174436157,640.09,3721,9.0,1026169,368.1,61.35,2.0,25.0,-0.3999999999999986
107,139.9,14.3,34.7,47.5,78.3,62,0.0,1014,63,25.0,0.0,2.33,2023,10,9,5,0,282,41,0.9659258262890683,0.25881904510252074,-0.8660254037844386,0.5000000000000001,0.0,1.0,3,3,0,52.0,50.0,32.0,14.0,14.0,20.0,46.666666666666664,7.571877794400716,52.0,38.0,35.833333333333336,13.804588609106041,52.0,16.0,27.25,13.274206019741328,52.0,14.0,23.458333333333332,10.910621736027007,52.0,11.0,25.3,26.1,27.2,61.0,55.0,55.0,3.0,3.0,1.0,1013.0,1013.0,1014.0,1575.0,146.79,58.25,0.0,0.7999831582493001,9.782532690021677,2.426403747989651,15.75,23.835,0.024654808032733695,625.0,3969,5.4289000000000005,1028196,352.70000000000005,58.78333333333334,-14.0,6.0,-0.3000000000000007
98,153.7,13.7,35.3,42.5,80.7,62,0.0,1014,65,24.8,1.0,1.66,2023,10,9,6,0,282,41,1.0,6.123233995736766e-17,-0.8660254037844386,0.5000000000000001,0.0,1.0,3,0,0,38.0,52.0,50.0,16.0,14.0,14.0,41.333333333333336,9.451631252505537,52.0,34.0,38.833333333333336,10.087946603083296,52.0,27.0,28.916666666666668,12.702600545008565,52.0,14.0,24.291666666666668,10.920579562047669,52.0,11.0,25.0,25.7,26.9,63.0,58.0,53.0,2.33,3.0,2.0,1014.0,1013.0,1014.0,1612.0,107.89999999999999,41.168,0.0,0.7999811769134845,11.218159258448289,2.5764542734107,16.12,23.970000000000002,0.024457569568471827,615.0400000000001,4225,2.7556,1028196,359.9,59.98333333333333,-4.0,-16.0,-0.1999999999999993
87,167.5,13.0,36.0,36.3,83.0,62,0.0,1015,67,24.5,1.1,1.0,2023,10,9,7,0,282,41,0.9659258262890683,-0.25881904510252063,-0.8660254037844386,0.5000000000000001,0.0,1.0,3,0,0,34.0,38.0,52.0,27.0,26.0,11.0,33.666666666666664,4.509249752823686,38.0,29.0,39.166666666666664,9.641922353278924,52.0,29.0,29.166666666666668,12.669457427812082,52.0,14.0,25.041666666666668,10.580865283374829,52.0,13.0,24.8,25.3,26.5,65.0,61.0,52.0,1.66,3.0,3.0,1014.0,1013.0,1013.0,1641.5,67.0,24.5,0.0,0.798876064020275,12.883624336589493,2.7690177678640104,16.415,24.0,0.024137907253293348,600.25,4489,1.0,1030225,364.8,60.800000000000004,-5.0,-23.0,-0.3000000000000007
200,159.1,11.0,55.0,116.3,92.0,62,0.0,1015,65,26.1,1.8,1.66,2023,10,9,8,0,282,41,0.8660254037844387,-0.4999999999999998,-0.8660254037844386,0.5000000000000001,0.0,1.0,3,0,0,29.0,34.0,38.0,32.0,20.0,19.0,52.0,35.59494346111544,93.0,29.0,49.333333333333336,23.200574705525256,93.0,29.0,35.25,21.975709731014575,93.0,14.0,28.125,17.35639839417706,93.0,13.0,24.5,25.0,26.1,67.0,63.0,55.0,1.0,2.33,3.0,1015.0,1014.0,1013.0,1696.5,107.89999999999999,43.326,0.0,0.7996491861634896,14.462321607126626,4.999545495864012,16.965,25.270000000000003,0.025714260380039038,681.21,4225,2.7556,1030225,526.4,87.73333333333333,64.0,55.0,1.6000000000000014
89,150.8,9.0,74.0,37.5,101.0,62,0.0,1015,63,27.6,2.9,2.33,2023,10,9,9,0,282,41,0.7071067811865476,-0.7071067811865475,-0.8660254037844386,0.5000000000000001,0.0,1.0,3,0,0,93.0,29.0,34.0,50.0,18.0,18.0,50.666666666666664,36.665151483845506,93.0,29.0,46.0,24.486731100740908,93.0,29.0,36.25,21.3844676002337,93.0,14.0,28.625,17.224382364139736,93.0,13.0,26.1,24.8,25.7,65.0,65.0,58.0,1.66,1.66,3.0,1015.0,1014.0,1013.0,1738.8000000000002,146.79,64.308,0.0,0.7999786672355405,16.753694033996226,8.221308743472948,17.388,26.435000000000002,0.027192091436363117,761.7600000000001,3969,5.4289000000000005,1030225,402.3,67.05,-63.0,-4.0,1.5
74,142.4,7.0,93.0,28.8,110.0,62,0.0,1015,61,29.2,4.0,3.0,2023,10,9,10,0,282,41,0.49999999999999994,-0.8660254037844387,-0.8660254037844386,0.5000000000000001,0.0,1.0,3,0,0,30.0,93.0,29.0,52.0,20.0,23.0,48.666666666666664,38.55299383100278,93.0,23.0,41.166666666666664,25.88757745843862,93.0,23.0,36.5,21.193909931435694,93.0,14.0,28.625,17.224382364139736,93.0,13.0,27.6,24.5,25.3,63.0,67.0,61.0,2.33,1.0,3.0,1015.0,1015.0,1013.0,1781.2,183.0,87.6,0.0,0.7985833825214401,20.339951435509214,13.28381659762891,17.812,27.7,0.028768444563108803,852.64,3721,9.0,1030225,404.2,67.36666666666666,-7.0,-6.0,1.5999999999999979
72,134.4,6.3,108.0,27.5,112.0,62,0.0,1015,54,29.8,6.5,3.0,2023,10,9,11,0,282,41,0.258819045102521,-0.9659258262890682,-0.8660254037844386,0.5000000000000001,0.0,1.0,3,0,0,23.0,30.0,93.0,38.0,14.0,30.0,25.0,4.358898943541581,30.0,22.0,38.5,27.075819470516368,93.0,22.0,37.166666666666664,20.537474985690647,93.0,16.0,28.291666666666668,17.27395417249982,93.0,13.0,29.2,26.1,25.0,61.0,65.0,63.0,3.0,1.66,2.33,1015.0,1015.0,1014.0,1609.2,162.0,89.4,0.0,0.7999709101487218,21.32994762736074,17.14013648627202,16.092,28.3,0.02935957698563844,888.0400000000001,2916,9.0,1030225,410.20000000000005,68.36666666666667,-1.0,-71.0,0.6000000000000014
167,126.4,5.7,123.0,85.0,114.0,62,0.0,1014,47,30.4,7.7,3.0,2023,10,9,12,0,282,41,1.2246467991473532e-16,-1.0,-0.8660254037844386,0.5000000000000001,0.0,1.0,3,1,0,22.0,23.0,30.0,34.0,16.0,18.0,37.666666666666664,26.27419519858486,68.0,22.0,44.166666666666664,29.40351452916231,93.0,22.0,41.5,21.14237451186573,93.0,22.0,30.375,18.915860609781877,93.0,13.0,29.8,27.6,24.8,54.0,63.0,65.0,3.0,2.33,1.66,1015.0,1015.0,1014.0,1428.8,141.0,91.19999999999999,0.0,0.7999905883460194,22.171548851078757,21.57516225223645,14.288,28.9,0.029980246567804174,924.16,2209,9.0,1028196,522.1,87.01666666666667,46.0,38.0,0.5999999999999979
98,118.5,5.0,138.0,42.5,116.0,62,0.0,1013,41,31.0,4.1,3.0,2023,10,9,13,0,282,41,-0.2588190451025208,-0.9659258262890683,-0.8660254037844386,0.5000000000000001,0.0,1.0,3,1,0,68.0,22.0,23.0,29.0,27.0,20.0,41.333333333333336,23.86070689089783,68.0,22.0,45.0,28.95513771336604,93.0,22.0,42.083333333333336,20.799730476108998,93.0,22.0,30.958333333333332,18.797500219251383,93.0,13.0,30.4,29.2,24.5,47.0,61.0,67.0,3.0,3.0,1.0,1014.0,1015.0,1015.0,1271.0,123.0,93.0,0.0,0.7999811769134845,23.695260947810436,27.59448110377924,12.71,29.5,0.03060214155760952,961.0,1681,9.0,1026169,454.0,75.66666666666667,-34.0,11.0,0.6000000000000014
107,122.9,7.3,126.0,47.5,117.7,62,0.0,1012,42,31.0,2.1,2.66,2023,10,9,14,0,282,41,-0.4999999999999997,-0.8660254037844388,-0.8660254037844386,0.5000000000000001,0.0,1.0,3,1,0,34.0,68.0,22.0,93.0,32.0,30.0,46.666666666666664,18.583146486355282,68.0,34.0,35.833333333333336,16.928280085899466,68.0,22.0,42.583333333333336,20.606522944902114,93.0,22.0,31.291666666666668,18.850623716279415,93.0,13.0,31.0,29.8,26.1,41.0,54.0,65.0,3.0,3.0,1.66,1013.0,1015.0,1015.0,1302.0,111.72,82.46000000000001,0.0,0.7999831582493001,16.833310505410218,17.25790987535954,13.02,29.67,0.03063238079804269,961.0,1764,7.0756000000000006,1024144,459.40000000000003,76.56666666666668,4.0,16.0,0.0
98,127.4,9.7,114.0,42.5,119.3,62,0.0,1012,43,31.1,1.8,2.33,2023,10,9,15,0,282,41,-0.7071067811865471,-0.7071067811865479,-0.8660254037844386,0.5000000000000001,0.0,1.0,3,1,0,38.0,34.0,68.0,30.0,50.0,26.0,35.333333333333336,2.309401076759947,38.0,34.0,36.5,16.730212192318234,68.0,22.0,41.25,20.600639884148094,93.0,22.0,31.625,18.823695751343116,93.0,13.0,31.0,30.4,27.6,42.0,47.0,63.0,2.66,3.0,2.33,1012.0,1014.0,1015.0,1337.3,100.19,72.46300000000001,0.0,0.7999811769134845,13.132666735388106,11.751365838573344,13.373,29.935000000000002,0.03073119492964928,967.21,1849,5.4289000000000005,1024144,446.90000000000003,74.48333333333333,-4.0,-34.0,0.10000000000000142
78,131.9,12.0,102.0,31.3,121.0,62,0.0,1012,44,31.1,1.5,2.0,2023,10,9,16,0,282,41,-0.8660254037844385,-0.5000000000000004,-0.8660254037844386,0.5000000000000001,0.0,1.0,3,1,0,34.0,38.0,34.0,23.0,52.0,13.0,32.333333333333336,6.658328118479919,38.0,25.0,36.833333333333336,16.4245750832909,68.0,22.0,39.0,20.793355582099448,93.0,22.0,32.125,18.463389156122922,93.0,14.0,31.1,31.0,29.2,43.0,41.0,61.0,2.33,3.0,3.0,1012.0,1013.0,1015.0,1368.4,88.0,62.2,0.0,0.7986965272674994,10.990750770769104,8.499291725689526,13.684000000000001,30.1,0.03073119492964928,967.21,1936,4.0,1024144,423.2,70.53333333333333,-9.0,-9.0,0.0
54,144.7,14.3,88.3,17.5,127.7,70,0.0,1012,46,30.5,1.9,2.0,2023,10,9,17,0,282,41,-0.9659258262890683,-0.25881904510252063,-0.8660254037844386,0.5000000000000001,0.0,1.0,3,1,0,25.0,34.0,38.0,22.0,38.0,14.0,24.333333333333332,10.016652800878209,34.0,14.0,35.5,18.10800927766478,68.0,14.0,37.0,22.01652272106708,93.0,14.0,32.125,18.463389156122922,93.0,14.0,31.1,31.0,29.8,44.0,42.0,54.0,2.0,2.66,3.0,1012.0,1012.0,1015.0,1403.0,92.0,61.0,0.0,0.7999542883263813,10.118173554296902,6.174393399063002,14.03,29.5,0.030138310140009745,930.25,2116,4.0,1024144,406.5,67.75,-11.0,-24.0,-0.6000000000000014
59,157.6,16.7,74.7,20.0,134.3,79,0.0,1013,48,30.0,0.0,2.0,2023,10,9,18,0,282,41,-1.0,-1.8369701987210297e-16,-0.8660254037844386,0.5000000000000001,0.0,1.0,3,2,0,14.0,25.0,34.0,68.0,34.0,14.0,18.333333333333332,5.859465277083049,25.0,14.0,26.833333333333332,10.127520262466113,38.0,14.0,35.5,22.837369694109807,93.0,14.0,32.208333333333336,18.382361977832467,93.0,14.0,30.5,31.1,30.4,46.0,43.0,47.0,2.0,2.33,3.0,1012.0,1012.0,1014.0,1440.0,96.0,60.0,0.0,0.7999600019998999,9.436560684988923,4.4727860607149275,14.4,29.0,0.029614975700912437,900.0,2304,4.0,1026169,419.3,69.88333333333334,2.0,-18.0,-0.5
59,170.4,19.0,61.0,20.0,141.0,87,0.0,1013,50,29.4,0.0,2.0,2023,10,9,19,0,282,41,-0.9659258262890684,0.2588190451025203,-0.8660254037844386,0.5000000000000001,0.0,1.0,3,2,0,16.0,14.0,25.0,34.0,29.0,26.0,15.333333333333334,1.1547005383831241,16.0,14.0,23.833333333333332,10.24532413672999,38.0,14.0,34.416666666666664,23.47322781899445,93.0,14.0,31.791666666666668,18.64072019197126,93.0,14.0,30.0,31.1,31.0,48.0,44.0,41.0,2.0,2.0,3.0,1013.0,1012.0,1013.0,1470.0,100.0,58.8,0.0,0.7999600019998999,8.967949055312879,3.210357349613178,14.7,28.4,0.02902267618689419,864.3599999999999,2500,4.0,1026169,427.4,71.23333333333333,0.0,-9.0,-0.6000000000000014
56,164.4,18.0,57.3,18.8,137.0,83,0.0,1014,53,28.9,0.0,2.33,2023,10,9,20,0,282,41,-0.8660254037844386,0.5000000000000001,-0.8660254037844386,0.5000000000000001,0.0,1.0,3,2,0,16.0,16.0,14.0,38.0,93.0,20.0,15.666666666666666,0.5773502691973383,16.0,15.0,20.0,7.924645102463325,34.0,14.0,27.916666666666668,15.072300502054562,68.0,14.0,31.583333333333332,18.8054494106425,93.0,14.0,29.4,30.5,31.0,50.0,46.0,42.0,2.0,2.0,2.66,1013.0,1012.0,1012.0,1531.6999999999998,123.49000000000001,67.337,0.0,0.7978299026647518,9.13282595411366,3.1831564913060384,15.316999999999998,27.735,0.02850095808584015,835.2099999999999,2809,5.4289000000000005,1028196,410.5,68.41666666666667,-1.0,1.0,-0.5
54,158.4,17.0,53.7,17.5,133.0,79,0.0,1014,56,28.5,0.0,2.66,2023,10,9,21,0,282,41,-0.7071067811865477,0.7071067811865474,-0.8660254037844386,0.5000000000000001,0.0,1.0,3,2,0,15.0,16.0,16.0,34.0,30.0,18.0,15.0,1.0000000000044906,16.0,14.0,16.666666666666668,4.17931413830823,25.0,14.0,26.583333333333332,15.570708708885466,68.0,14.0,31.416666666666668,18.948251420225045,93.0,14.0,28.9,30.0,31.1,53.0,48.0,43.0,2.33,2.0,2.33,1014.0,1013.0,1012.0,1596.0,148.96,75.81,0.0,0.7999542883263813,9.317098994176813,3.158637727192518,15.96,27.17,0.028106481157316413,812.25,3136,7.0756000000000006,1028196,393.6,65.60000000000001,-1.0,-2.0,-0.3999999999999986
50,152.3,16.0,50.0,15.0,129.0,75,0.0,1015,58,28.0,0.0,3.0,2023,10,9,22,0,282,41,-0.5000000000000004,0.8660254037844384,-0.8660254037844386,0.5000000000000001,0.0,1.0,3,3,0,14.0,15.0,16.0,25.0,23.0,20.0,13.666666666666666,1.5275252316549361,15.0,12.0,14.5,1.5165750888092178,16.0,12.0,25.666666666666668,16.115116186269393,68.0,12.0,31.083333333333332,19.2261521770799,93.0,12.0,28.5,29.4,31.1,56.0,50.0,44.0,2.66,2.0,2.0,1014.0,1013.0,1012.0,1624.0,174.0,84.0,0.0,0.7999466702219852,9.518155115305293,3.124804699706268,16.24,26.5,0.02758617971804954,784.0,3364,9.0,1030225,374.3,62.38333333333333,-2.0,-4.0,-0.5
54,138.1,15.0,48.7,17.5,118.3,79,0.0,1015,58,27.8,0.0,2.0,2023,10,9,23,0,282,41,-0.25881904510252157,0.9659258262890681,-0.8660254037844386,0.5000000000000001,0.0,1.0,3,3,0,12.0,14.0,15.0,14.0,22.0,14.0,13.333333333333334,1.1547005383832232,14.0,12.0,14.5,1.5165750888092178,16.0,12.0,25.0,16.442738104209667,68.0,12.0,31.083333333333332,19.226152177079896,93.0,12.0,28.0,28.9,30.5,58.0,53.0,46.0,3.0,2.33,2.0,1015.0,1014.0,1012.0,1612.4,116.0,55.6,0.0,0.7999542883263813,9.20605292980468,3.2464502366508903,16.124000000000002,26.8,0.02738913557720633,772.84,3364,4.0,1030225,351.6,58.6,2.0,-1.0,-0.1999999999999993
59,123.9,14.0,47.3,20.0,107.7,83,0.0,1015,58,27.5,0.0,1.0,2023,10,10,0,1,283,41,0.0,1.0,-0.8660254037844386,0.5000000000000001,0.7818314824680298,0.6234898018587336,3,3,0,14.0,12.0,14.0,16.0,68.0,16.0,14.0,2.000000000002274,16.0,12.0,14.5,1.5165750888092178,16.0,12.0,20.666666666666668,9.442008004206944,38.0,12.0,31.083333333333332,19.226152177079896,93.0,12.0,27.8,28.5,30.0,58.0,56.0,48.0,2.0,2.66,2.0,1015.0,1014.0,1013.0,1595.0,58.0,27.5,0.0,0.7999600019998999,8.849367902292695,3.3783301192771944,15.95,27.0,0.02709356936594151,756.25,3364,1.0,1030225,328.9,54.81666666666666,2.0,2.0,-0.3000000000000007
67,109.7,13.0,46.0,25.0,97.0,87,0.0,1014,58,27.3,0.0,2.4,2023,10,10,1,1,283,41,0.25881904510252074,0.9659258262890683,-0.8660254037844386,0.5000000000000001,0.7818314824680298,0.6234898018587336,3,3,0,16.0,14.0,12.0,16.0,34.0,27.0,16.666666666666668,3.0550504633053333,20.0,14.0,15.166666666666666,2.7141603981090108,20.0,12.0,19.5,8.458454619222566,38.0,12.0,30.791666666666668,19.34352867108991,93.0,12.0,27.5,28.0,29.4,58.0,58.0,50.0,1.0,3.0,2.0,1015.0,1015.0,1013.0,1583.4,139.2,65.52,0.0,0.7999680012799487,8.437812475963389,3.538189370048458,15.834000000000001,26.1,0.026923050371745198,745.2900000000001,3364,5.76,1028196,310.7,51.78333333333333,4.0,8.0,-0.1999999999999993
89,109.3,12.3,45.0,37.5,90.7,79,0.0,1014,59,27.0,0.0,0.33,2023,10,10,2,1,283,41,0.49999999999999994,0.8660254037844387,-0.8660254037844386,0.5000000000000001,0.7818314824680298,0.6234898018587336,3,3,0,20.0,16.0,14.0,15.0,38.0,32.0,22.0,7.211102550928546,30.0,16.0,17.666666666666668,6.623191577076941,30.0,12.0,18.833333333333332,7.0689247392860315,34.0,12.0,30.708333333333332,19.34240479331378,93.0,12.0,27.3,27.8,28.9,58.0,58.0,53.0,2.4,2.0,2.33,1014.0,1015.0,1014.0,1593.0,19.470000000000002,8.91,0.0,0.7999786672355405,8.885456466953906,3.658239167547354,15.93,26.835,0.026627192675352393,729.0,3481,0.10890000000000001,1028196,324.8,54.13333333333333,10.0,16.0,-0.3000000000000007
168,108.9,11.7,44.0,86.3,84.3,70,0.0,1014,59,26.7,0.0,0.66,2023,10,10,3,1,283,41,0.7071067811865476,0.7071067811865476,-0.8660254037844386,0.5000000000000001,0.7818314824680298,0.6234898018587336,3,3,0,30.0,20.0,16.0,14.0,34.0,50.0,39.666666666666664,25.890796305508633,69.0,20.0,26.833333333333332,21.61866477529687,69.0,12.0,21.75,15.766045218068305,69.0,12.0,31.5,20.519344001718768,93.0,12.0,27.0,27.5,28.5,59.0,58.0,56.0,0.33,1.0,2.66,1014.0,1015.0,1014.0,1575.3,38.940000000000005,17.622,0.0,0.7995272360691069,9.306896846423385,3.760362362191266,15.753,26.37,0.02633133497895959,712.89,3481,0.43560000000000004,1028196,404.20000000000005,67.36666666666667,39.0,53.0,-0.3000000000000007
153,108.5,11.0,43.0,68.8,78.0,62,0.0,1014,60,26.4,0.0,1.0,2023,10,10,4,1,283,41,0.8660254037844386,0.5000000000000001,-0.8660254037844386,0.5000000000000001,0.7818314824680298,0.6234898018587336,3,3,0,69.0,30.0,20.0,12.0,25.0,52.0,51.333333333333336,19.756855350316712,69.0,30.0,34.0,22.812277396174064,69.0,14.0,24.25,18.474183460858203,69.0,12.0,31.625,20.658322883231072,93.0,12.0,26.7,27.3,28.0,59.0,58.0,58.0,0.66,2.4,3.0,1014.0,1014.0,1015.0,1584.0,60.0,26.4,0.0,0.7994069853635848,9.862739750931734,3.9087355694936825,15.84,25.9,0.02603547728256678,696.9599999999999,3600,1.0,1028196,364.3,60.71666666666667,-14.0,35.0,-0.3000000000000007
82,117.9,12.0,41.0,33.8,80.3,75,0.0,1015,65,25.5,0.0,1.66,2023,10,10,5,1,283,41,0.9659258262890683,0.25881904510252074,-0.8660254037844386,0.5000000000000001,0.7818314824680298,0.6234898018587336,3,3,0,55.0,69.0,30.0,14.0,14.0,38.0,50.333333333333336,21.38535324312737,69.0,27.0,36.166666666666664,21.084749623048896,69.0,16.0,25.333333333333332,18.197568935204153,69.0,12.0,31.166666666666668,20.632744483648764,93.0,12.0,26.4,27.0,27.8,60.0,59.0,58.0,1.0,0.33,2.0,1014.0,1014.0,1015.0,1657.5,107.89999999999999,42.33,0.0,0.7987929351202628,9.824181318223483,3.4163819681693193,16.575,24.67,0.025123127957509404,650.25,4225,2.7556,1030225,312.0,52.0,-28.0,-3.0,-0.8999999999999986
87,127.2,13.0,39.0,36.3,82.7,87,0.0,1015,71,24.7,0.6,2.33,2023,10,10,6,1,283,41,1.0,6.123233995736766e-17,-0.8660254037844386,0.5000000000000001,0.7818314824680298,0.6234898018587336,3,0,0,27.0,55.0,69.0,16.0,16.0,34.0,37.0,15.620499351813514,55.0,27.0,38.333333333333336,19.179850538173135,69.0,20.0,26.416666666666668,17.977047655948244,69.0,12.0,30.958333333333332,20.628134368774944,93.0,12.0,25.5,26.7,27.5,65.0,59.0,58.0,1.66,0.66,1.0,1015.0,1014.0,1015.0,1753.7,165.43,57.551,0.0,0.798876064020275,9.78386277978617,2.999769248519345,17.537,23.535,0.024334951394136557,610.0899999999999,5041,5.4289000000000005,1030225,327.2,54.53333333333333,2.0,-40.0,-0.8000000000000007
104,136.6,14.0,37.0,46.3,85.0,100,0.0,1016,77,23.8,0.7,3.0,2023,10,10,7,1,283,41,0.9659258262890683,-0.25881904510252063,-0.8660254037844386,0.5000000000000001,0.7818314824680298,0.6234898018587336,3,0,0,29.0,27.0,55.0,20.0,16.0,29.0,31.0,5.291502622129849,37.0,27.0,41.166666666666664,17.06946591626873,69.0,27.0,28.166666666666668,17.892778296047453,69.0,12.0,31.291666666666668,20.65972592660225,93.0,12.0,24.7,26.4,27.3,71.0,60.0,58.0,2.33,1.0,2.4,1015.0,1014.0,1014.0,1832.6000000000001,231.0,71.4,0.0,0.799118809528952,9.756445968145133,2.642668380829941,18.326,22.3,0.023425173794120284,566.44,5929,9.0,1032256,355.9,59.31666666666666,8.0,-18.0,-0.8999999999999986
169,132.3,13.0,44.3,87.5,92.0,100,0.0,1017,71,24.9,1.0,2.33,2023,10,10,8,1,283,41,0.8660254037844387,-0.4999999999999998,-0.8660254037844386,0.5000000000000001,0.7818314824680298,0.6234898018587336,3,0,0,37.0,29.0,27.0,30.0,15.0,93.0,45.333333333333336,21.733231083604178,70.0,29.0,47.833333333333336,19.47733725812281,70.0,27.0,32.75,20.989716096654874,70.0,12.0,30.333333333333332,18.04021273051736,70.0,12.0,23.8,25.5,27.0,77.0,65.0,59.0,3.0,1.66,0.33,1016.0,1015.0,1014.0,1767.8999999999999,165.43,58.016999999999996,0.0,0.7999908572473458,10.17614029690024,3.4074301976771015,17.679,23.735,0.024483751736723954,620.0099999999999,5041,5.4289000000000005,1034289,439.1,73.18333333333334,33.0,43.0,1.0999999999999979
118,128.0,12.0,51.7,52.5,99.0,100,0.0,1017,64,26.0,1.6,1.66,2023,10,10,9,1,283,41,0.7071067811865476,-0.7071067811865475,-0.8660254037844386,0.5000000000000001,0.7818314824680298,0.6234898018587336,3,0,0,70.0,37.0,29.0,69.0,14.0,30.0,49.666666666666664,17.78576209593894,70.0,37.0,43.333333333333336,16.500505042775494,70.0,27.0,35.083333333333336,20.259490854830492,70.0,12.0,30.833333333333332,18.196193263300003,70.0,12.0,24.9,24.7,26.7,71.0,71.0,59.0,2.33,2.33,0.66,1017.0,1015.0,1014.0,1664.0,106.24,43.16,0.0,0.7999847621950058,10.66577785184568,4.307974335472045,16.64,25.17,0.025565363259229833,676.0,4096,2.7556,1034289,385.2,64.2,-28.0,13.0,1.1000000000000014
80,123.7,11.0,59.0,32.5,106.0,100,0.0,1017,59,27.1,2.3,1.0,2023,10,10,10,1,283,41,0.49999999999999994,-0.8660254037844387,-0.8660254037844386,0.5000000000000001,0.7818314824680298,0.6234898018587336,3,0,0,42.0,70.0,37.0,55.0,12.0,23.0,46.0,22.271057451320207,70.0,26.0,38.5,16.646320914844626,70.0,26.0,36.25,19.183918454599354,70.0,14.0,30.958333333333332,18.150288455407395,70.0,12.0,26.0,23.8,26.4,64.0,77.0,60.0,1.66,3.0,1.0,1017.0,1016.0,1014.0,1598.9,59.0,27.1,0.0,0.7999753853727578,11.244432324334152,5.363148804654123,15.989,26.6,0.026646974781735715,734.4100000000001,3481,1.0,1034289,358.2,59.699999999999996,-16.0,-11.0,1.1000000000000014
80,119.1,9.7,73.7,32.5,109.0,95,0.0,1016,54,27.7,2.9,1.33,2023,10,10,11,1,283,41,0.258819045102521,-0.9659258262890682,-0.8660254037844386,0.5000000000000001,0.7818314824680298,0.6234898018587336,3,0,0,26.0,42.0,70.0,27.0,14.0,22.0,31.333333333333332,9.237604307034388,42.0,26.0,38.333333333333336,16.78888521214736,70.0,26.0,37.25,18.206517314611904,70.0,16.0,31.125,18.08269049815807,70.0,12.0,27.1,24.9,25.5,59.0,71.0,65.0,1.0,2.33,1.66,1017.0,1017.0,1015.0,1495.8,71.82000000000001,36.841,0.0,0.7999753853727578,12.277084836614783,7.597154932481189,14.958,27.035,0.027263752693156798,767.29,2916,1.7689000000000001,1032256,370.0,61.666666666666664,0.0,-44.0,0.5999999999999979
61,114.4,8.3,88.3,21.3,112.0,91,0.0,1015,50,28.4,3.2,1.66,2023,10,10,12,1,283,41,1.2246467991473532e-16,-1.0,-0.8660254037844386,0.5000000000000001,0.7818314824680298,0.6234898018587336,3,1,0,26.0,26.0,42.0,29.0,16.0,68.0,23.0,5.196152422707393,26.0,17.0,36.333333333333336,18.726095873584025,70.0,17.0,37.333333333333336,18.10240231839299,70.0,17.0,29.0,16.487149145820297,70.0,12.0,27.7,26.0,24.7,54.0,64.0,71.0,1.33,1.66,2.33,1016.0,1017.0,1015.0,1420.0,83.0,47.144,0.0,0.7980845969672785,13.78147211179376,10.637272617756896,14.2,27.57,0.02798026799973596,806.56,2500,2.7556,1030225,361.3,60.21666666666667,-9.0,-25.0,0.6999999999999993
63,109.7,7.0,103.0,22.5,115.0,87,0.0,1014,46,29.0,3.1,2.0,2023,10,10,13,1,283,41,-0.2588190451025208,-0.9659258262890683,-0.8660254037844386,0.5000000000000001,0.7818314824680298,0.6234898018587336,3,1,0,17.0,26.0,26.0,37.0,20.0,34.0,20.333333333333332,4.93288286231708,26.0,17.0,33.166666666666664,20.143650778015914,70.0,17.0,37.166666666666664,18.28478420253637,70.0,17.0,28.333333333333332,16.599284077455234,70.0,12.0,28.4,27.1,23.8,50.0,59.0,77.0,1.66,1.0,3.0,1015.0,1017.0,1016.0,1334.0,92.0,58.0,0.0,0.7999644460246211,15.669190115697758,14.712183973718039,13.34,28.0,0.028599577317971088,841.0,2116,4.0,1028196,375.2,62.53333333333333,1.0,-8.0,0.6000000000000014
72,110.3,8.0,98.0,27.5,111.0,87,0.0,1014,47,29.2,2.8,1.66,2023,10,10,14,1,283,41,-0.4999999999999997,-0.8660254037844388,-0.8660254037844386,0.5000000000000001,0.7818314824680298,0.6234898018587336,3,1,0,18.0,17.0,26.0,70.0,30.0,38.0,19.0,2.6457513110661712,22.0,17.0,25.166666666666668,9.086620200418992,42.0,17.0,36.5,18.710716423774358,70.0,17.0,27.666666666666668,16.51525425745563,70.0,12.0,29.0,27.7,24.9,46.0,54.0,71.0,2.0,1.33,2.33,1014.0,1016.0,1017.0,1372.3999999999999,78.02,48.471999999999994,0.0,0.7999709101487218,13.785776777902763,12.248468941382328,13.723999999999998,28.37,0.028796815782232955,852.64,2209,2.7556,1028196,376.8,62.800000000000004,4.0,-4.0,0.1999999999999993
65,110.9,9.0,93.0,23.8,107.0,87,0.0,1013,47,29.3,1.8,1.33,2023,10,10,15,1,283,41,-0.7071067811865471,-0.7071067811865479,-0.8660254037844386,0.5000000000000001,0.7818314824680298,0.6234898018587336,3,1,0,22.0,18.0,17.0,42.0,69.0,34.0,19.666666666666668,2.081665999468123,22.0,18.0,21.333333333333332,3.9832984656767962,26.0,17.0,32.333333333333336,16.21634043086442,70.0,17.0,27.041666666666668,16.54895022722555,70.0,12.0,29.2,28.4,26.0,47.0,50.0,64.0,1.66,1.66,1.66,1014.0,1015.0,1017.0,1377.1000000000001,62.510000000000005,38.969,0.0,0.7982857863114995,12.320853238529054,10.332185312743029,13.771,28.635,0.028923959601224482,858.49,2209,1.7689000000000001,1026169,362.70000000000005,60.45000000000001,-3.0,2.0,0.10000000000000142
89,111.5,10.0,88.0,37.5,103.0,87,0.0,1013,47,29.5,1.4,1.0,2023,10,10,16,1,283,41,-0.8660254037844385,-0.5000000000000004,-0.8660254037844386,0.5000000000000001,0.7818314824680298,0.6234898018587336,3,1,0,19.0,22.0,18.0,26.0,55.0,25.0,23.666666666666668,5.686240703078016,30.0,19.0,22.0,5.099019513592426,30.0,17.0,30.25,14.5610002153945,70.0,17.0,27.25,16.553601998671923,70.0,12.0,29.3,29.0,27.1,47.0,46.0,59.0,1.33,2.0,1.0,1013.0,1014.0,1017.0,1386.5,47.0,29.5,0.0,0.7999786672355405,11.148885111488852,8.799120087991202,13.865,29.0,0.029121392772563898,870.25,2209,1.0,1026169,380.0,63.333333333333336,11.0,12.0,0.1999999999999993
78,123.1,12.3,78.7,31.3,111.7,91,0.0,1013,52,28.7,1.4,1.33,2023,10,10,17,1,283,41,-0.9659258262890683,-0.25881904510252063,-0.8660254037844386,0.5000000000000001,0.7818314824680298,0.6234898018587336,3,1,0,30.0,19.0,22.0,26.0,27.0,14.0,24.666666666666668,5.507570547286804,30.0,19.0,21.833333333333332,4.9564772436341356,30.0,17.0,30.083333333333332,14.612935324152716,70.0,17.0,27.708333333333332,16.321442728926378,70.0,12.0,29.5,29.2,27.7,47.0,47.0,54.0,1.0,1.66,1.33,1013.0,1014.0,1016.0,1492.3999999999999,69.16,38.171,0.0,0.7986965272674994,10.007316478335094,6.397853833021705,14.924,28.035,0.028331660087206233,823.6899999999999,2704,1.7689000000000001,1026169,382.1,63.68333333333334,-5.0,3.0,-0.8000000000000007
72,134.8,14.7,69.3,27.5,120.3,95,0.0,1014,57,27.8,0.0,1.66,2023,10,10,18,1,283,41,-1.0,-1.8369701987210297e-16,-0.8660254037844386,0.5000000000000001,0.7818314824680298,0.6234898018587336,3,2,0,25.0,30.0,19.0,17.0,29.0,16.0,25.666666666666668,4.041451884328322,30.0,22.0,22.666666666666668,4.366539438349652,30.0,18.0,29.5,14.798648586948456,70.0,17.0,27.958333333333332,16.179641439211498,70.0,12.0,28.7,29.3,28.4,52.0,47.0,50.0,1.33,1.33,1.66,1013.0,1013.0,1015.0,1584.6000000000001,94.61999999999999,46.147999999999996,0.0,0.7999709101487218,9.169444255492825,4.713965036392082,15.846000000000002,26.970000000000002,0.02741614653239987,772.84,3249,2.7556,1028196,388.6,64.76666666666667,-3.0,3.0,-0.8999999999999986
65,146.5,17.0,60.0,23.8,129.0,100,0.0,1014,63,27.0,0.0,2.0,2023,10,10,19,1,283,41,-0.9659258262890684,0.2588190451025203,-0.8660254037844386,0.5000000000000001,0.7818314824680298,0.6234898018587336,3,2,0,22.0,25.0,30.0,18.0,37.0,16.0,22.0,3.000000000001338,25.0,19.0,22.833333333333332,4.1673332800080765,30.0,19.0,28.0,14.88134891246547,70.0,17.0,28.083333333333332,16.094602569931908,70.0,12.0,27.8,29.5,29.0,57.0,47.0,46.0,1.66,1.0,2.0,1014.0,1013.0,1014.0,1701.0,126.0,54.0,0.0,0.7982857863114995,8.617140168225397,3.529204164460914,17.01,26.0,0.026627192675352393,729.0,3969,4.0,1028196,395.3,65.88333333333334,-3.0,-11.0,-0.8000000000000007
63,145.9,16.7,55.3,22.5,125.0,100,0.0,1015,63,26.7,0.0,2.33,2023,10,10,20,1,283,41,-0.8660254037844386,0.5000000000000001,-0.8660254037844386,0.5000000000000001,0.7818314824680298,0.6234898018587336,3,2,0,19.0,22.0,25.0,22.0,70.0,15.0,19.666666666666668,2.0816659994681252,22.0,18.0,22.166666666666668,4.622409184252621,30.0,18.0,23.666666666666668,7.049607769015389,42.0,17.0,28.208333333333332,15.99994338758103,70.0,12.0,27.0,28.7,29.2,63.0,52.0,47.0,2.0,1.33,1.66,1014.0,1013.0,1014.0,1682.1,146.79,62.211,0.0,0.7999644460246211,8.736003832105862,3.3111789713190825,16.820999999999998,25.535,0.026305392802568668,712.89,3969,5.4289000000000005,1030225,383.4,63.9,-1.0,-7.0,-0.3000000000000007
50,145.3,16.3,50.7,15.0,121.0,100,0.0,1015,62,26.3,0.0,2.66,2023,10,10,21,1,283,41,-0.7071067811865477,0.7071067811865474,-0.8660254037844386,0.5000000000000001,0.7818314824680298,0.6234898018587336,3,2,0,18.0,19.0,22.0,19.0,42.0,14.0,16.333333333333332,3.7859388972013277,19.0,12.0,21.0,6.196773353931587,30.0,12.0,21.166666666666668,4.9696045815499765,30.0,12.0,28.125,16.082159978224883,70.0,12.0,26.7,27.8,29.3,63.0,57.0,47.0,2.33,1.66,1.33,1015.0,1014.0,1013.0,1630.6000000000001,164.92000000000002,69.95800000000001,0.0,0.7999466702219852,8.913563585056131,3.1102386356665233,16.306,24.97,0.025911304520882247,691.69,3844,7.0756000000000006,1030225,360.3,60.050000000000004,-6.0,-10.0,-0.3999999999999986
63,144.7,16.0,46.0,22.5,117.0,100,0.0,1016,61,26.0,0.0,3.0,2023,10,10,22,1,283,41,-0.5000000000000004,0.8660254037844384,-0.8660254037844386,0.5000000000000001,0.7818314824680298,0.6234898018587336,3,3,0,12.0,18.0,19.0,30.0,26.0,12.0,16.0,3.4641016151390116,18.0,12.0,19.0,4.381780460040971,25.0,12.0,20.5,4.795831523311981,30.0,12.0,28.375,15.86577530683444,70.0,12.0,26.3,27.0,29.5,62.0,63.0,47.0,2.66,2.0,1.0,1015.0,1014.0,1013.0,1586.0,183.0,78.0,0.0,0.7999644460246211,9.04318480094994,2.8748203237297667,15.86,24.5,0.02559052599357678,676.0,3721,9.0,1032256,364.2,60.699999999999996,6.0,-1.0,-0.3000000000000007
59,136.8,15.0,45.3,20.0,109.7,100,0.0,1016,62,25.7,0.0,3.0,2023,10,10,23,1,283,41,-0.25881904510252157,0.9659258262890681,-0.8660254037844386,0.5000000000000001,0.7818314824680298,0.6234898018587336,3,3,0,18.0,12.0,18.0,25.0,26.0,14.0,15.333333333333334,3.0550504633053315,18.0,12.0,17.5,3.331666249791104,22.0,12.0,19.666666666666668,4.618802153516253,30.0,12.0,28.458333333333332,15.792070565749892,70.0,12.0,26.0,26.7,28.7,61.0,63.0,52.0,3.0,2.33,1.33,1016.0,1015.0,1013.0,1593.3999999999999,186.0,77.1,0.0,0.7999600019998999,9.119392040530633,3.019798680087994,15.934,24.2,0.025295250693650892,660.49,3844,9.0,1032256,342.8,57.13333333333333,-2.0,-2.0,-0.3000000000000007
74,128.8,14.0,44.7,28.8,102.3,100,0.0,1016,62,25.5,0.0,3.0,2023,10,11,0,2,284,41,0.0,1.0,-0.8660254037844386,0.5000000000000001,0.9749279121818236,-0.22252093395631434,3,3,0,16.0,18.0,12.0,22.0,17.0,16.0,19.0,3.6055512754651473,23.0,16.0,17.666666666666668,3.614784456459853,23.0,12.0,20.166666666666668,4.628632889335186,30.0,12.0,28.75,15.615627623856739,70.0,12.0,25.7,26.3,27.8,62.0,62.0,57.0,3.0,2.66,1.66,1016.0,1015.0,1014.0,1581.0,186.0,76.5,0.0,0.7985833825214401,9.199342904078282,3.1926290979215772,15.81,24.0,0.025098400493700303,650.25,3844,9.0,1032256,341.6,56.93333333333334,7.0,11.0,-0.1999999999999993
134,120.8,13.0,44.0,60.0,95.0,100,0.0,1016,63,25.2,0.0,3.0,2023,10,11,1,2,284,41,0.25881904510252074,0.9659258262890683,-0.8660254037844386,0.5000000000000001,0.9749279121818236,-0.22252093395631434,3,3,0,23.0,16.0,18.0,19.0,18.0,20.0,29.0,16.82260384126094,48.0,16.0,22.5,12.988456413292392,48.0,12.0,22.666666666666668,9.198155282775629,48.0,12.0,29.916666666666668,15.97529796052449,70.0,12.0,25.5,26.0,27.0,62.0,61.0,63.0,3.0,3.0,2.0,1016.0,1016.0,1014.0,1587.6,189.0,75.6,0.0,0.7999866668888852,9.291592954388124,3.3843550496115684,15.876,23.7,0.024803125193774415,635.04,3969,9.0,1032256,380.8,63.46666666666667,25.0,30.0,-0.3000000000000007
155,121.4,12.7,43.0,73.8,91.3,100,0.0,1015,63,25.1,0.0,3.0,2023,10,11,2,2,284,41,0.49999999999999994,0.8660254037844387,-0.8660254037844386,0.5000000000000001,0.9749279121818236,-0.22252093395631434,3,3,0,48.0,23.0,16.0,18.0,22.0,30.0,43.333333333333336,18.448125469362434,59.0,23.0,29.333333333333332,19.36663798047203,59.0,12.0,25.75,13.935729096625609,59.0,12.0,31.125,17.042944479219,70.0,12.0,25.2,25.7,26.7,63.0,62.0,63.0,3.0,3.0,2.33,1016.0,1016.0,1015.0,1581.3000000000002,189.0,75.30000000000001,0.0,0.799447161962575,9.558302495866469,3.385560192110858,15.813000000000002,23.6,0.024729039675822982,630.0100000000001,3969,9.0,1030225,401.2,66.86666666666666,11.0,43.0,-0.09999999999999787
67,122.0,12.3,42.0,25.0,87.7,100,0.0,1015,62,25.1,0.0,3.0,2023,10,11,3,2,284,41,0.7071067811865476,0.7071067811865476,-0.8660254037844386,0.5000000000000001,0.9749279121818236,-0.22252093395631434,3,3,0,59.0,48.0,23.0,12.0,19.0,69.0,42.333333333333336,20.108041509141042,59.0,20.0,30.666666666666668,18.173240400838303,59.0,16.0,25.833333333333332,13.894625078086785,59.0,12.0,29.083333333333332,15.136815662674842,70.0,12.0,25.1,25.5,26.3,63.0,62.0,62.0,3.0,3.0,2.66,1015.0,1016.0,1015.0,1556.2,186.0,75.30000000000001,0.0,0.7999680012799487,9.917892854239492,3.4143565563775304,15.562000000000001,23.6,0.024729039675822982,630.0100000000001,3844,9.0,1030225,309.0,51.5,-39.0,-3.0,0.0
102,122.6,12.0,41.0,45.0,84.0,100,0.0,1015,62,25.0,0.0,3.0,2023,10,11,4,2,284,41,0.8660254037844386,0.5000000000000001,-0.8660254037844386,0.5000000000000001,0.9749279121818236,-0.22252093395631434,3,3,0,20.0,59.0,48.0,18.0,30.0,55.0,38.333333333333336,19.60442127004364,59.0,20.0,33.666666666666664,17.11919001199125,59.0,16.0,26.333333333333332,14.163546893559278,59.0,12.0,28.291666666666668,14.189644621792137,70.0,12.0,25.1,25.2,26.0,62.0,63.0,61.0,3.0,3.0,3.0,1015.0,1016.0,1016.0,1550.0,186.0,75.0,0.0,0.7999822226172753,10.21581534872094,3.4163819681693193,15.5,23.5,0.024630517605401376,625.0,3844,9.0,1030225,340.6,56.76666666666667,16.0,-12.0,-0.10000000000000142
85,134.8,12.3,40.0,35.0,86.0,95,0.0,1016,62,25.0,0.0,3.0,2023,10,11,5,2,284,41,0.9659258262890683,0.25881904510252074,-0.8660254037844386,0.5000000000000001,0.9749279121818236,-0.22252093395631434,3,3,0,36.0,20.0,59.0,16.0,25.0,27.0,28.0,8.000000000000462,36.0,20.0,35.666666666666664,15.240297459913988,59.0,20.0,26.583333333333332,14.164349186559187,59.0,12.0,28.333333333333332,14.187154835231816,70.0,12.0,25.0,25.1,25.7,62.0,63.0,62.0,3.0,3.0,3.0,1015.0,1015.0,1016.0,1550.0,186.0,75.0,0.0,0.7999771435101855,10.958458661897408,3.251768148930981,15.5,23.5,0.024606274993823826,625.0,3844,9.0,1032256,336.1,56.01666666666667,-8.0,-31.0,0.0
78,147.1,12.7,39.0,31.3,88.0,91,0.0,1016,62,25.0,1.4,3.0,2023,10,11,6,2,284,41,1.0,6.123233995736766e-17,-0.8660254037844386,0.5000000000000001,0.9749279121818236,-0.22252093395631434,3,0,0,28.0,36.0,20.0,23.0,22.0,29.0,29.666666666666668,5.686240703077959,36.0,25.0,36.0,14.926486525636033,59.0,20.0,26.833333333333332,14.102439075520937,59.0,12.0,28.166666666666668,14.202469677050434,70.0,12.0,25.0,25.1,25.5,62.0,62.0,62.0,3.0,3.0,3.0,1016.0,1015.0,1016.0,1550.0,186.0,75.0,0.0,0.7986965272674994,11.581765215337375,3.0706243602865917,15.5,23.5,0.024606274993823826,625.0,3844,9.0,1032256,343.1,57.18333333333334,-3.0,5.0,0.0
85,159.3,13.0,38.0,35.0,90.0,87,0.0,1017,63,25.0,1.2,3.0,2023,10,11,7,2,284,41,0.9659258262890683,-0.25881904510252063,-0.8660254037844386,0.5000000000000001,0.9749279121818236,-0.22252093395631434,3,0,0,25.0,28.0,36.0,48.0,19.0,37.0,27.0,1.7320508075710368,28.0,25.0,32.666666666666664,13.909229549714869,59.0,20.0,27.583333333333332,13.885625879325639,59.0,12.0,27.791666666666668,14.07736130989313,70.0,12.0,25.0,25.0,25.2,62.0,62.0,63.0,3.0,3.0,3.0,1016.0,1015.0,1016.0,1575.0,189.0,75.0,0.0,0.7999771435101855,12.252903622798248,2.9228520883009,15.75,23.5,0.024582080056951762,625.0,3969,9.0,1034289,363.3,60.550000000000004,3.0,-8.0,0.0
139,152.5,11.3,54.0,62.5,100.0,75,0.0,1017,60,25.9,1.5,3.0,2023,10,11,8,2,284,41,0.8660254037844387,-0.4999999999999998,-0.8660254037844386,0.5000000000000001,0.9749279121818236,-0.22252093395631434,3,0,0,28.0,25.0,28.0,59.0,18.0,70.0,34.333333333333336,13.650396819629089,50.0,25.0,31.166666666666668,10.590876576877928,50.0,20.0,30.25,14.912624304137589,59.0,12.0,26.958333333333332,11.892559481225772,59.0,12.0,25.0,25.0,25.1,63.0,62.0,63.0,3.0,3.0,3.0,1017.0,1016.0,1015.0,1554.0,180.0,77.69999999999999,0.0,0.7999872002047967,13.49438102822759,4.778338200159278,15.54,24.4,0.025467034939002025,670.81,3600,9.0,1034289,430.3,71.71666666666667,22.0,22.0,0.8999999999999986
118,145.7,9.7,70.0,52.5,110.0,62,0.0,1017,57,26.8,2.5,3.0,2023,10,11,9,2,284,41,0.7071067811865476,-0.7071067811865475,-0.8660254037844386,0.5000000000000001,0.9749279121818236,-0.22252093395631434,3,0,0,50.0,28.0,25.0,20.0,12.0,42.0,40.0,11.135528725660313,50.0,28.0,34.833333333333336,9.724539406401771,50.0,25.0,32.75,14.065593094174885,59.0,16.0,26.958333333333332,11.892559481225772,59.0,12.0,25.9,25.0,25.1,60.0,62.0,62.0,3.0,3.0,3.0,1017.0,1016.0,1015.0,1527.6000000000001,171.0,80.4,0.0,0.7999847621950058,15.019070198948564,7.215750953509948,15.276000000000002,25.3,0.02635198982105229,718.24,3249,9.0,1034289,429.9,71.64999999999999,-8.0,17.0,0.9000000000000021
139,138.9,8.0,86.0,62.5,120.0,50,0.0,1018,55,27.7,3.6,3.0,2023,10,11,10,2,284,41,0.49999999999999994,-0.8660254037844387,-0.8660254037844386,0.5000000000000001,0.9749279121818236,-0.22252093395631434,3,0,0,42.0,50.0,28.0,36.0,18.0,26.0,47.333333333333336,4.618802153517565,50.0,42.0,37.166666666666664,11.565754046609346,50.0,25.0,35.416666666666664,14.0483472553198,59.0,16.0,27.958333333333332,12.784090543112306,59.0,12.0,26.8,25.0,25.0,57.0,63.0,62.0,3.0,3.0,3.0,1017.0,1017.0,1015.0,1523.5,165.0,83.1,0.0,0.7999872002047967,17.36032995875516,10.748656417947757,15.235,26.2,0.027210189380953455,767.29,3025,9.0,1036324,465.4,77.56666666666666,8.0,22.0,0.8999999999999986
67,132.9,8.0,94.3,25.0,128.0,50,0.0,1017,53,28.3,4.8,2.33,2023,10,11,11,2,284,41,0.258819045102521,-0.9659258262890682,-0.8660254037844386,0.5000000000000001,0.9749279121818236,-0.22252093395631434,3,0,0,50.0,42.0,50.0,28.0,16.0,26.0,37.333333333333336,15.53490693030826,50.0,20.0,35.833333333333336,13.182058514005341,50.0,20.0,35.75,13.585587282785111,59.0,20.0,27.708333333333332,12.882341019586779,59.0,12.0,27.7,25.9,25.0,55.0,60.0,62.0,3.0,3.0,3.0,1018.0,1017.0,1016.0,1499.9,123.49000000000001,65.93900000000001,0.0,0.7999680012799487,16.610423697037874,11.786026746656669,14.999,27.135,0.027826914624469398,800.89,2809,5.4289000000000005,1034289,408.2,68.03333333333333,-30.0,-30.0,0.6000000000000014
74,126.8,8.0,102.7,28.8,136.0,50,0.0,1016,52,28.9,5.9,1.66,2023,10,11,12,2,284,41,1.2246467991473532e-16,-1.0,-0.8660254037844386,0.5000000000000001,0.9749279121818236,-0.22252093395631434,3,1,0,20.0,50.0,42.0,25.0,23.0,17.0,31.0,16.522711641858518,50.0,20.0,35.5,13.53144486002859,50.0,20.0,35.75,13.585587282785111,59.0,20.0,27.958333333333332,12.722725872358845,59.0,12.0,28.3,26.8,25.0,53.0,57.0,62.0,2.33,3.0,3.0,1017.0,1017.0,1016.0,1502.8,86.32,47.974,0.0,0.7985833825214401,15.848018997625298,12.83589551306087,15.027999999999999,28.07,0.02844485389286034,835.2099999999999,2704,2.7556,1032256,425.3,70.88333333333334,3.0,-19.0,0.5999999999999979
74,120.8,8.0,111.0,28.8,144.0,50,0.0,1015,50,29.5,2.7,1.0,2023,10,11,13,2,284,41,-0.2588190451025208,-0.9659258262890683,-0.8660254037844386,0.5000000000000001,0.9749279121818236,-0.22252093395631434,3,1,0,23.0,20.0,50.0,28.0,48.0,18.0,22.0,1.732050807571207,23.0,20.0,34.666666666666664,14.22204861005126,50.0,20.0,33.666666666666664,13.452497796680287,59.0,20.0,28.166666666666668,12.59284360837251,59.0,12.0,28.9,27.7,25.0,52.0,55.0,63.0,1.66,3.0,3.0,1016.0,1018.0,1017.0,1475.0,50.0,29.5,0.0,0.7985833825214401,15.098112735908012,13.87326584176978,14.75,29.0,0.029064010774373622,870.25,2500,1.0,1030225,435.6,72.60000000000001,0.0,-27.0,0.6000000000000014
87,122.4,10.0,104.7,36.3,145.7,66,0.0,1014,52,29.2,1.9,0.66,2023,10,11,14,2,284,41,-0.4999999999999997,-0.8660254037844388,-0.8660254037844386,0.5000000000000001,0.9749279121818236,-0.22252093395631434,3,1,0,23.0,23.0,20.0,50.0,59.0,22.0,25.0,3.4641016151388695,29.0,23.0,31.166666666666668,12.122980931547392,50.0,20.0,31.166666666666668,10.853012429176985,50.0,20.0,28.458333333333332,12.524685769439063,59.0,12.0,29.5,28.3,25.9,50.0,53.0,60.0,1.0,2.33,3.0,1015.0,1017.0,1017.0,1518.3999999999999,34.32,19.272000000000002,0.0,0.798876064020275,12.238776122387762,10.468953104689533,15.184,28.87,0.028796815782232955,852.64,2704,0.43560000000000004,1028196,448.1,74.68333333333334,6.0,9.0,-0.3000000000000007
89,123.9,12.0,98.3,37.5,147.3,83,0.0,1014,54,28.8,1.3,0.33,2023,10,11,15,2,284,41,-0.7071067811865471,-0.7071067811865479,-0.8660254037844386,0.5000000000000001,0.9749279121818236,-0.22252093395631434,3,1,0,29.0,23.0,23.0,42.0,20.0,19.0,27.333333333333332,3.785938897201167,30.0,23.0,29.166666666666668,10.90718417680118,50.0,20.0,32.0,10.28679647986549,50.0,20.0,28.916666666666668,12.363750193229436,59.0,12.0,29.2,28.9,26.8,52.0,52.0,57.0,0.66,1.66,3.0,1014.0,1016.0,1017.0,1555.2,17.82,9.504000000000001,0.0,0.7999786672355405,10.324139655028748,8.190984084659611,15.552,28.635,0.028402338853709217,829.44,2916,0.10890000000000001,1028196,449.0,74.83333333333333,1.0,7.0,-0.3999999999999986
72,125.5,14.0,92.0,27.5,149.0,100,0.0,1014,56,28.5,0.8,2.0,2023,10,11,16,2,284,41,-0.8660254037844385,-0.5000000000000004,-0.8660254037844386,0.5000000000000001,0.9749279121818236,-0.22252093395631434,3,1,0,30.0,29.0,23.0,50.0,36.0,30.0,27.0,4.358898943541534,30.0,22.0,24.5,4.037325847636815,30.0,20.0,30.833333333333332,10.581573463794898,50.0,20.0,28.583333333333332,12.440874660522935,59.0,12.0,28.8,29.5,27.7,54.0,50.0,55.0,0.33,1.0,3.0,1014.0,1015.0,1018.0,1596.0,112.0,57.0,0.0,0.7999709101487218,8.96364545389615,6.570959217198772,15.96,27.5,0.028106481157316413,812.25,3136,4.0,1028196,430.0,71.66666666666667,-8.0,-1.0,-0.3000000000000007
74,146.3,17.0,79.7,28.8,147.3,100,0.0,1014,58,28.1,0.7,0.8,2023,10,11,17,2,284,41,-0.9659258262890683,-0.25881904510252063,-0.8660254037844386,0.5000000000000001,0.9749279121818236,-0.22252093395631434,3,1,0,22.0,30.0,29.0,20.0,28.0,25.0,25.0,4.3588989435415595,30.0,22.0,25.0,3.5213633723312663,30.0,22.0,30.416666666666668,10.799480907839014,50.0,20.0,28.5,12.472578618365384,59.0,12.0,28.5,29.2,28.3,56.0,52.0,53.0,2.0,0.66,2.33,1014.0,1014.0,1017.0,1629.8000000000002,46.400000000000006,22.480000000000004,0.0,0.7985833825214401,8.605376154343862,4.687959531792248,16.298000000000002,27.700000000000003,0.027712004228792674,789.6100000000001,3364,0.6400000000000001,1028196,442.1,73.68333333333334,1.0,-6.0,-0.3999999999999986
72,167.1,20.0,67.3,27.5,145.7,100,0.0,1015,60,27.6,0.0,1.6,2023,10,11,18,2,284,41,-1.0,-1.8369701987210297e-16,-0.8660254037844386,0.5000000000000001,0.9749279121818236,-0.22252093395631434,3,2,0,23.0,22.0,30.0,23.0,25.0,22.0,22.333333333333332,0.5773502691965803,23.0,22.0,24.833333333333332,3.6560452221851585,30.0,22.0,30.166666666666668,10.969655114602501,50.0,20.0,28.5,12.472578618365384,59.0,12.0,28.1,28.8,28.9,58.0,54.0,52.0,0.8,0.33,1.66,1014.0,1014.0,1016.0,1656.0,96.0,44.160000000000004,0.0,0.7999709101487218,8.354582270886455,3.364831758412079,16.56,26.8,0.027192091436363117,761.7600000000001,3600,2.5600000000000005,1030225,449.59999999999997,74.93333333333332,-1.0,-8.0,-0.5
69,187.9,23.0,55.0,26.3,144.0,100,0.0,1015,63,27.2,0.0,1.2,2023,10,11,19,2,284,41,-0.9659258262890684,0.2588190451025203,-0.8660254037844386,0.5000000000000001,0.9749279121818236,-0.22252093395631434,3,2,0,22.0,23.0,22.0,23.0,28.0,19.0,22.0,1.0000000000040346,23.0,21.0,24.5,3.937003937005438,30.0,21.0,29.583333333333332,11.277155777244278,50.0,20.0,28.583333333333332,12.41288484377941,59.0,12.0,27.6,28.5,29.5,60.0,56.0,50.0,1.6,2.0,1.0,1015.0,1014.0,1015.0,1713.6,75.6,32.64,0.0,0.79844872818524,8.169210034346333,2.391200382592061,17.136,26.599999999999998,0.026798003154676696,739.8399999999999,3969,1.44,1030225,457.2,76.2,-1.0,-1.0,-0.40000000000000213
74,188.9,22.3,50.3,28.8,136.0,95,0.0,1015,64,26.8,0.0,1.6,2023,10,11,20,2,284,41,-0.8660254037844386,0.5000000000000001,-0.8660254037844386,0.5000000000000001,0.9749279121818236,-0.22252093395631434,3,2,0,21.0,22.0,23.0,29.0,50.0,18.0,22.0,1.0000000000040346,23.0,21.0,23.5,3.271085446758691,30.0,21.0,27.333333333333332,9.36466602164549,50.0,20.0,28.791666666666668,12.26865630524521,59.0,12.0,27.2,28.1,29.2,63.0,58.0,52.0,1.2,0.8,0.66,1015.0,1014.0,1014.0,1715.2,102.4,42.88,0.0,0.7985833825214401,8.4704721761356,2.2555042374781396,17.152,26.0,0.026403914872990274,718.24,4096,2.5600000000000005,1030225,449.3,74.88333333333334,2.0,0.0,-0.3999999999999986
65,189.9,21.7,45.7,23.8,128.0,91,0.0,1016,66,26.4,0.0,2.0,2023,10,11,21,2,284,41,-0.7071067811865477,0.7071067811865474,-0.8660254037844386,0.5000000000000001,0.9749279121818236,-0.22252093395631434,3,2,0,23.0,21.0,22.0,30.0,42.0,12.0,21.0,2.000000000002046,23.0,19.0,21.666666666666668,1.5055453054171173,23.0,19.0,25.416666666666668,8.393269309212105,50.0,19.0,29.083333333333332,11.93065713655984,59.0,16.0,26.8,27.6,28.8,64.0,60.0,54.0,1.6,1.6,0.33,1015.0,1015.0,1014.0,1742.3999999999999,132.0,52.8,0.0,0.7982857863114995,8.750748813418737,2.1058937376157782,17.424,25.4,0.025984226393477958,696.9599999999999,4356,4.0,1032256,428.1,71.35000000000001,-4.0,-3.0,-0.40000000000000213
67,190.8,21.0,41.0,25.0,120.0,87,0.0,1017,68,26.0,0.0,1.6,2023,10,11,22,2,284,41,-0.5000000000000004,0.8660254037844384,-0.8660254037844386,0.5000000000000001,0.9749279121818236,-0.22252093395631434,3,3,0,19.0,23.0,21.0,22.0,50.0,18.0,20.666666666666668,2.0816659994681075,23.0,19.0,21.333333333333332,1.6329931618545077,23.0,19.0,22.916666666666668,3.3698754585374693,30.0,19.0,29.166666666666668,11.856631483896633,59.0,16.0,26.4,27.2,28.5,66.0,63.0,56.0,2.0,1.2,2.0,1016.0,1015.0,1014.0,1768.0,108.80000000000001,41.6,0.0,0.7999680012799487,9.085281653254606,1.9522879862863671,17.68,25.2,0.025565363259229833,676.0,4624,2.5600000000000005,1034289,417.8,69.63333333333334,1.0,-1.0,-0.3999999999999986
78,174.9,19.7,39.7,31.3,114.7,91,0.0,1016,68,25.7,0.0,1.0,2023,10,11,23,2,284,41,-0.25881904510252157,0.9659258262890681,-0.8660254037844386,0.5000000000000001,0.9749279121818236,-0.22252093395631434,3,3,0,20.0,19.0,23.0,23.0,20.0,16.0,21.333333333333332,3.214550253665585,25.0,19.0,21.666666666666668,2.160246899468559,25.0,19.0,23.333333333333332,3.28449064359624,30.0,19.0,29.541666666666668,11.560724991056665,59.0,19.0,26.0,26.8,28.1,68.0,64.0,58.0,1.6,1.6,0.8,1017.0,1015.0,1014.0,1747.6,68.0,25.7,0.0,0.7986965272674994,8.877721943048575,2.015126135729151,17.476,25.2,0.025295250693650892,660.49,4624,1.0,1032256,405.3,67.55,5.0,2.0,-0.3000000000000007
82,158.9,18.3,38.3,33.8,109.3,95,0.0,1016,68,25.5,0.0,2.0,2023,10,12,0,3,285,41,0.0,1.0,-0.8660254037844386,0.5000000000000001,0.43388373911755823,-0.900968867902419,3,3,0,25.0,20.0,19.0,22.0,23.0,23.0,24.0,3.6055512754650763,27.0,20.0,22.5,3.0822070014839538,27.0,19.0,23.666666666666668,3.4465617474202164,30.0,19.0,29.708333333333332,11.490938458919198,59.0,19.0,25.7,26.4,27.6,68.0,66.0,60.0,1.0,2.0,1.6,1016.0,1016.0,1015.0,1734.0,136.0,51.0,0.0,0.7987929351202628,8.682585651057318,2.092781815201355,17.34,24.5,0.025098400493700303,650.25,4624,4.0,1032256,385.6,64.26666666666667,2.0,8.0,-0.1999999999999993
91,143.0,17.0,37.0,38.8,104.0,100,0.0,1016,68,25.2,0.0,3.0,2023,10,12,1,3,285,41,0.25881904510252074,0.9659258262890683,-0.8660254037844386,0.5000000000000001,0.43388373911755823,-0.900968867902419,3,3,0,27.0,25.0,20.0,21.0,23.0,48.0,27.666666666666668,3.0550504633051077,31.0,25.0,24.166666666666668,4.490731195102093,31.0,19.0,24.333333333333332,4.030189107525424,31.0,19.0,29.0,10.818663423032943,59.0,19.0,25.5,26.0,27.2,68.0,68.0,63.0,2.0,1.6,1.2,1016.0,1017.0,1015.0,1713.6,204.0,75.6,0.0,0.7989484807092602,8.41126992529851,2.1763425680842303,17.136,23.7,0.024803125193774415,635.04,4624,9.0,1032256,370.8,61.800000000000004,4.0,11.0,-0.3000000000000007
131,131.7,16.0,38.3,58.8,101.3,100,0.0,1016,68,25.0,0.0,2.0,2023,10,12,2,3,285,41,0.49999999999999994,0.8660254037844387,-0.8660254037844386,0.5000000000000001,0.43388373911755823,-0.900968867902419,3,3,0,31.0,27.0,25.0,23.0,29.0,59.0,35.0,10.583005244258676,47.0,27.0,28.166666666666668,10.245324136730002,47.0,19.0,25.833333333333332,7.649519691793966,47.0,19.0,28.5,9.578054626842743,50.0,19.0,25.2,25.7,26.8,68.0,68.0,64.0,3.0,1.0,1.6,1016.0,1016.0,1015.0,1700.0,136.0,50.0,0.0,0.7993061342494175,8.230735579026309,2.3936003999750013,17.0,24.0,0.024606274993823826,625.0,4624,4.0,1032256,393.1,65.51666666666667,16.0,22.0,-0.1999999999999993
89,120.4,15.0,39.7,37.5,98.7,100,0.0,1016,69,24.9,0.0,1.0,2023,10,12,3,3,285,41,0.7071067811865476,0.7071067811865476,-0.8660254037844386,0.5000000000000001,0.43388373911755823,-0.900968867902419,3,3,0,47.0,31.0,27.0,19.0,30.0,20.0,36.0,9.539392014169797,47.0,30.0,30.0,9.208691546576818,47.0,20.0,25.833333333333332,7.649519691793966,47.0,19.0,28.916666666666668,9.408214110745165,50.0,19.0,25.0,25.5,26.4,68.0,68.0,66.0,2.0,2.0,2.0,1016.0,1016.0,1016.0,1718.1,69.0,24.9,0.0,0.7999786672355405,8.026131591227252,2.646490233984401,17.180999999999997,24.4,0.024507849893848528,620.0099999999999,4761,1.0,1032256,341.3,56.88333333333333,-17.0,3.0,-0.10000000000000142
169,109.1,14.0,41.0,87.5,96.0,100,0.0,1016,70,24.7,0.0,2.0,2023,10,12,4,3,285,41,0.8660254037844386,0.5000000000000001,-0.8660254037844386,0.5000000000000001,0.43388373911755823,-0.900968867902419,3,3,0,30.0,47.0,31.0,20.0,22.0,36.0,49.0,20.07485989988486,70.0,30.0,38.333333333333336,17.362795473847534,70.0,25.0,29.833333333333332,14.73297682278085,70.0,19.0,30.333333333333332,12.554807382265928,70.0,19.0,24.9,25.2,26.0,69.0,68.0,68.0,1.0,3.0,1.6,1016.0,1016.0,1017.0,1729.0,140.0,49.4,0.0,0.7999908572473458,7.792300549960717,2.928362259838583,17.29,23.7,0.02431099969389794,610.0899999999999,4900,4.0,1032256,417.6,69.60000000000001,40.0,39.0,-0.1999999999999993
123,115.4,14.7,39.7,55.0,98.0,100,0.0,1016,71,24.6,0.0,1.0,2023,10,12,5,3,285,41,0.9659258262890683,0.25881904510252074,-0.8660254037844386,0.5000000000000001,0.43388373911755823,-0.900968867902419,3,3,0,70.0,30.0,47.0,25.0,23.0,28.0,48.0,20.297783130184566,70.0,30.0,41.5,16.133815419794324,70.0,27.0,31.583333333333332,15.090384255203324,70.0,19.0,31.0,12.846924856200875,70.0,19.0,24.7,25.0,25.7,70.0,68.0,68.0,2.0,2.0,1.0,1016.0,1016.0,1016.0,1746.6000000000001,71.0,24.6,0.0,0.7999854548099126,7.849806135637032,2.7004965648595336,17.466,24.1,0.024212574593922644,605.1600000000001,5041,1.0,1032256,366.8,61.13333333333333,-26.0,-3.0,-0.09999999999999787
104,121.6,15.3,38.3,46.3,100.0,100,0.0,1017,73,24.6,0.6,2.0,2023,10,12,6,3,285,41,1.0,6.123233995736766e-17,-0.8660254037844386,0.5000000000000001,0.43388373911755823,-0.900968867902419,3,0,0,44.0,70.0,30.0,27.0,22.0,25.0,50.333333333333336,17.387735140993446,70.0,37.0,43.166666666666664,14.797522315126255,70.0,30.0,32.833333333333336,14.843629385474584,70.0,19.0,31.5,12.836767844580454,70.0,19.0,24.6,24.9,25.5,71.0,69.0,68.0,1.0,1.0,2.0,1016.0,1016.0,1016.0,1795.8000000000002,146.0,49.2,0.0,0.799118809528952,7.947192993921965,2.5031043722632504,17.958000000000002,23.6,0.024188766776040538,605.1600000000001,5329,4.0,1034289,358.5,59.75,-7.0,7.0,0.0
85,127.8,16.0,37.0,35.0,102.0,100,0.0,1017,74,24.5,0.7,3.0,2023,10,12,7,3,285,41,0.9659258262890683,-0.25881904510252063,-0.8660254037844386,0.5000000000000001,0.43388373911755823,-0.900968867902419,3,0,0,37.0,44.0,70.0,31.0,21.0,28.0,36.333333333333336,8.02080627701105,44.0,28.0,42.666666666666664,15.331883989473036,70.0,28.0,33.416666666666664,14.469141667910081,70.0,19.0,31.5,12.836767844580454,70.0,19.0,24.6,24.7,25.2,73.0,70.0,68.0,2.0,2.0,3.0,1017.0,1016.0,1016.0,1813.0,222.0,73.5,0.0,0.7999771435101855,7.987000812449221,2.3123554777826385,18.13,23.0,0.02409043845581273,600.25,5476,9.0,1034289,345.8,57.63333333333333,-9.0,-42.0,-0.10000000000000142
110,130.5,15.7,42.3,48.8,114.0,100,0.0,1018,73,24.7,1.0,3.0,2023,10,12,8,3,285,41,0.8660254037844387,-0.4999999999999998,-0.8660254037844386,0.5000000000000001,0.43388373911755823,-0.900968867902419,3,0,0,28.0,37.0,44.0,47.0,23.0,50.0,34.666666666666664,5.859465277082889,39.0,28.0,41.333333333333336,15.227168701589271,70.0,28.0,34.75,14.155789050291567,70.0,19.0,31.041666666666668,12.334043261980563,70.0,19.0,24.5,24.6,25.0,74.0,71.0,68.0,3.0,1.0,2.0,1017.0,1016.0,1016.0,1803.1,219.0,74.1,0.0,0.7991639515583698,8.311572511305013,2.6940959174574868,18.031,23.2,0.024263237462438643,610.0899999999999,5329,9.0,1036324,390.3,65.05,11.0,-5.0,0.1999999999999993
107,133.3,15.3,47.7,47.5,126.0,100,0.0,1018,73,25.0,1.6,3.0,2023,10,12,9,3,285,41,0.7071067811865476,-0.7071067811865475,-0.8660254037844386,0.5000000000000001,0.43388373911755823,-0.900968867902419,3,0,0,39.0,28.0,37.0,30.0,19.0,42.0,35.0,6.082762530298771,39.0,28.0,42.666666666666664,14.361986863476082,70.0,28.0,36.333333333333336,13.268783141667395,70.0,20.0,30.875,12.20588774535372,70.0,19.0,24.7,24.6,24.9,73.0,73.0,69.0,3.0,2.0,1.0,1018.0,1017.0,1016.0,1825.0,219.0,75.0,0.0,0.7999831582493001,8.711848898764787,3.1174433043591923,18.25,23.5,0.024557932654290123,625.0,5329,9.0,1036324,407.8,67.96666666666667,-1.0,1.0,0.3000000000000007
89,136.0,15.0,53.0,37.5,138.0,100,0.0,1019,72,25.2,2.3,3.0,2023,10,12,10,3,285,41,0.49999999999999994,-0.8660254037844387,-0.8660254037844386,0.5000000000000001,0.43388373911755823,-0.900968867902419,3,0,0,38.0,39.0,28.0,70.0,20.0,50.0,35.666666666666664,4.932882862316921,39.0,30.0,36.0,5.966573556070054,44.0,28.0,37.166666666666664,12.43772365414831,70.0,25.0,30.041666666666668,11.506063303911768,70.0,19.0,25.0,24.5,24.7,73.0,74.0,70.0,3.0,3.0,2.0,1018.0,1017.0,1016.0,1814.3999999999999,216.0,75.6,0.0,0.7999786672355405,9.066062262515832,3.533097793480435,18.144,23.7,0.024730103307062504,635.04,5184,9.0,1038361,409.5,68.25,-8.0,2.0,0.1999999999999993
89,134.0,14.3,67.3,37.5,141.3,100,0.0,1018,73,25.0,2.8,3.0,2023,10,12,11,3,285,41,0.258819045102521,-0.9659258262890682,-0.8660254037844386,0.5000000000000001,0.43388373911755823,-0.900968867902419,3,0,0,30.0,38.0,39.0,44.0,25.0,20.0,32.666666666666664,4.6188021535177635,38.0,30.0,33.666666666666664,4.844240566555471,39.0,28.0,37.583333333333336,12.071441379126505,70.0,27.0,30.458333333333332,11.305939826583232,70.0,19.0,25.2,24.7,24.6,72.0,73.0,71.0,3.0,3.0,1.0,1019.0,1018.0,1016.0,1825.0,219.0,75.0,0.0,0.7999786672355405,9.36997412768338,4.705964617858891,18.25,23.5,0.024557932654290123,625.0,5329,9.0,1036324,424.40000000000003,70.73333333333333,0.0,-9.0,-0.1999999999999993
72,132.1,13.7,81.7,27.5,144.7,100,0.0,1017,73,24.7,2.9,3.0,2023,10,12,12,3,285,41,1.2246467991473532e-16,-1.0,-0.8660254037844386,0.5000000000000001,0.43388373911755823,-0.900968867902419,3,1,0,30.0,30.0,38.0,37.0,27.0,23.0,27.333333333333332,4.618802153517834,30.0,22.0,31.166666666666668,6.4005208121419495,39.0,22.0,37.166666666666664,12.546881780914058,70.0,22.0,30.416666666666668,11.33642327869003,70.0,19.0,25.0,25.0,24.6,73.0,73.0,73.0,3.0,3.0,2.0,1018.0,1018.0,1017.0,1803.1,219.0,74.1,0.0,0.7999709101487218,9.641631997664405,5.963068389168675,18.031,23.2,0.024287095096268342,610.0899999999999,5329,9.0,1034289,421.7,70.28333333333333,-8.0,-16.0,-0.3000000000000007
63,130.1,13.0,96.0,22.5,148.0,100,0.0,1016,74,24.5,2.5,3.0,2023,10,12,13,3,285,41,-0.2588190451025208,-0.9659258262890683,-0.8660254037844386,0.5000000000000001,0.43388373911755823,-0.900968867902419,3,1,0,22.0,30.0,30.0,28.0,31.0,23.0,23.333333333333332,6.110100926608454,30.0,18.0,29.5,8.384509526501592,39.0,18.0,36.083333333333336,13.641236503093264,70.0,18.0,30.208333333333332,11.523055024664735,70.0,18.0,24.7,25.2,24.5,73.0,72.0,74.0,3.0,3.0,3.0,1017.0,1019.0,1017.0,1813.0,222.0,73.5,0.0,0.7999644460246211,10.00692254441966,7.384047380970695,18.13,23.0,0.02411414949394735,600.25,5476,9.0,1032256,427.6,71.26666666666667,-4.0,-12.0,-0.1999999999999993
54,129.2,13.7,101.3,17.5,152.3,100,0.0,1016,76,24.4,1.9,2.33,2023,10,12,14,3,285,41,-0.4999999999999997,-0.8660254037844388,-0.8660254037844386,0.5000000000000001,0.43388373911755823,-0.900968867902419,3,1,0,18.0,22.0,30.0,39.0,47.0,29.0,18.0,4.000000000001103,22.0,14.0,25.333333333333332,8.91440781357144,38.0,14.0,33.333333333333336,14.537308324904048,70.0,14.0,29.583333333333332,11.98882329747055,70.0,14.0,24.5,25.0,24.7,74.0,73.0,73.0,3.0,3.0,3.0,1016.0,1018.0,1018.0,1854.3999999999999,177.08,56.852,0.0,0.7999542883263813,9.42996861542953,7.39362090358368,18.543999999999997,23.235,0.02401572439397205,595.3599999999999,5776,5.4289000000000005,1032256,428.0,71.33333333333333,-4.0,-16.0,-0.10000000000000142
74,128.2,14.3,106.7,28.8,156.7,100,0.0,1016,79,24.3,1.3,1.66,2023,10,12,15,3,285,41,-0.7071067811865471,-0.7071067811865479,-0.8660254037844386,0.5000000000000001,0.43388373911755823,-0.900968867902419,3,1,0,14.0,18.0,22.0,38.0,30.0,30.0,18.333333333333332,4.509249752823869,23.0,14.0,22.833333333333332,6.400520812142096,30.0,14.0,32.75,14.820900475648646,70.0,14.0,29.291666666666668,12.063164076486457,70.0,14.0,24.4,24.7,25.0,76.0,73.0,73.0,2.33,3.0,3.0,1016.0,1017.0,1018.0,1919.7,131.14,40.338,0.0,0.7985833825214401,8.964408083350813,7.461016712118034,19.197,23.470000000000002,0.02391729929399676,590.49,6241,2.7556,1032256,457.7,76.28333333333333,9.0,1.0,-0.09999999999999787
76,127.2,15.0,112.0,30.0,161.0,100,0.0,1016,81,24.2,0.9,1.0,2023,10,12,16,3,285,41,-0.8660254037844385,-0.5000000000000004,-0.8660254037844386,0.5000000000000001,0.43388373911755823,-0.900968867902419,3,1,0,23.0,14.0,18.0,30.0,70.0,22.0,20.333333333333332,5.507570547286877,24.0,14.0,21.833333333333332,5.455883674224033,30.0,14.0,28.916666666666668,9.189503234504116,44.0,14.0,29.375,12.017423944459606,70.0,14.0,24.3,24.5,25.2,79.0,74.0,72.0,1.66,3.0,3.0,1016.0,1016.0,1019.0,1960.2,81.0,24.2,0.0,0.7999733342221925,8.479434704353043,7.466168922071862,19.602,23.7,0.023818874194021462,585.64,6561,1.0,1032256,469.2,78.2,1.0,6.0,-0.10000000000000142
74,173.7,20.7,91.7,28.8,167.7,100,0.0,1016,84,24.0,0.7,1.0,2023,10,12,17,3,285,41,-0.9659258262890683,-0.25881904510252063,-0.8660254037844386,0.5000000000000001,0.43388373911755823,-0.900968867902419,3,1,0,24.0,23.0,14.0,30.0,44.0,23.0,23.333333333333332,0.5773502691966897,24.0,23.0,20.666666666666668,3.8815804341356372,24.0,14.0,27.166666666666668,7.975340783067066,39.0,14.0,29.375,12.017423944459606,70.0,14.0,24.2,24.4,25.0,81.0,76.0,73.0,1.0,2.33,3.0,1016.0,1016.0,1018.0,2016.0,84.0,24.0,0.0,0.7985833825214401,8.390898990386937,4.429737693831216,20.16,23.5,0.023622023994070873,576.0,7056,1.0,1032256,505.59999999999997,84.26666666666667,-1.0,9.0,-0.1999999999999993
102,220.2,26.3,71.3,45.0,174.3,100,0.0,1016,86,23.7,0.0,1.0,2023,10,12,18,3,285,41,-1.0,-1.8369701987210297e-16,-0.8660254037844386,0.5000000000000001,0.43388373911755823,-0.900968867902419,3,2,0,23.0,24.0,23.0,22.0,37.0,22.0,27.666666666666668,7.23417813807076,36.0,23.0,23.0,7.42967024840251,36.0,14.0,27.083333333333332,7.867751594420566,39.0,14.0,29.958333333333332,11.983608974677573,70.0,14.0,24.0,24.3,24.7,84.0,79.0,73.0,1.0,1.66,3.0,1016.0,1016.0,1017.0,2038.2,86.0,23.7,0.0,0.7999822226172753,8.372305235542374,2.710923539028934,20.382,23.2,0.023326748694144986,561.6899999999999,7396,1.0,1032256,573.1,95.51666666666667,13.0,13.0,-0.3000000000000007
82,266.7,32.0,51.0,33.8,181.0,100,0.0,1017,89,23.5,0.0,1.0,2023,10,12,19,3,285,41,-0.9659258262890684,0.2588190451025203,-0.8660254037844386,0.5000000000000001,0.43388373911755823,-0.900968867902419,3,2,0,36.0,23.0,24.0,18.0,28.0,21.0,28.666666666666668,6.658328118479954,36.0,23.0,24.5,7.120393247566955,36.0,14.0,27.0,7.862453931068471,39.0,14.0,30.208333333333332,11.850441806721584,70.0,14.0,23.7,24.2,24.5,86.0,81.0,74.0,1.0,1.0,3.0,1016.0,1016.0,1016.0,2091.5,89.0,23.5,0.0,0.7987929351202628,8.334114558920033,1.593700196868848,20.915,23.0,0.02310715525353466,552.25,7921,1.0,1034289,591.5,98.58333333333333,-9.0,3.0,-0.1999999999999993
61,271.6,31.0,44.0,21.3,174.0,95,0.0,1017,88,23.5,0.0,1.0,2023,10,12,20,3,285,41,-0.8660254037844386,0.5000000000000001,-0.8660254037844386,0.5000000000000001,0.43388373911755823,-0.900968867902419,3,2,0,27.0,36.0,23.0,14.0,39.0,23.0,26.666666666666668,9.504384952922575,36.0,17.0,25.0,6.292853089020669,36.0,17.0,25.166666666666668,7.358771307188971,38.0,14.0,29.958333333333332,12.070370358017685,70.0,14.0,23.5,24.0,24.4,89.0,84.0,76.0,1.0,1.0,2.33,1017.0,1016.0,1016.0,2068.0,88.0,23.5,0.0,0.7980845969672785,8.761007709428728,1.4193090545466274,20.68,23.0,0.02310715525353466,552.25,7744,1.0,1034289,558.9000000000001,93.15000000000002,-10.0,-6.0,0.0
69,276.4,30.0,37.0,26.3,167.0,91,0.0,1017,88,23.5,0.0,1.0,2023,10,12,21,3,285,41,-0.7071067811865477,0.7071067811865474,-0.8660254037844386,0.5000000000000001,0.43388373911755823,-0.900968867902419,3,2,0,17.0,27.0,36.0,23.0,38.0,19.0,21.666666666666668,5.0332229568479985,27.0,17.0,24.666666666666668,6.4704456312269345,36.0,17.0,23.75,6.210328640110326,36.0,14.0,30.041666666666668,11.998112774304523,70.0,14.0,23.5,23.7,24.3,88.0,86.0,79.0,1.0,1.0,1.66,1017.0,1016.0,1016.0,2068.0,88.0,23.5,0.0,0.79844872818524,9.213026232458917,1.2332922235925468,20.68,23.0,0.02310715525353466,552.25,7744,1.0,1034289,557.7,92.95,4.0,-15.0,0.0
89,281.3,29.0,30.0,37.5,160.0,87,0.0,1017,87,23.5,0.0,1.0,2023,10,12,22,3,285,41,-0.5000000000000004,0.8660254037844384,-0.8660254037844386,0.5000000000000001,0.43388373911755823,-0.900968867902419,3,3,0,21.0,17.0,27.0,24.0,30.0,20.0,22.666666666666668,6.6583281184800125,30.0,17.0,25.666666666666668,6.801960501698279,36.0,17.0,23.75,6.210328640110326,36.0,14.0,30.458333333333332,11.80633273940834,70.0,14.0,23.5,23.5,24.2,88.0,89.0,81.0,1.0,1.0,1.0,1017.0,1017.0,1016.0,2044.5,87.0,23.5,0.0,0.7999786672355405,9.69966552877487,1.0344470880314471,20.445,23.0,0.02310715525353466,552.25,7569,1.0,1034289,567.8,94.63333333333333,9.0,3.0,0.0
93,250.0,26.0,30.7,40.0,142.7,87,0.0,1016,87,23.5,0.0,0.83,2023,10,12,23,3,285,41,-0.25881904510252157,0.9659258262890681,-0.8660254037844386,0.5000000000000001,0.43388373911755823,-0.900968867902419,3,3,0,30.0,21.0,17.0,23.0,30.0,25.0,27.666666666666668,5.859465277082964,32.0,21.0,27.166666666666668,7.082843120291678,36.0,17.0,23.916666666666668,6.416715859708543,36.0,14.0,30.75,11.751965608023882,70.0,14.0,23.5,23.5,24.0,87.0,88.0,84.0,1.0,1.0,1.0,1017.0,1017.0,1016.0,2044.5,72.21,19.505,0.0,0.7999800004999875,9.615014807122803,1.1807238183146802,20.445,23.085,0.023129898494194397,552.25,7569,0.6889,1032256,521.4,86.89999999999999,2.0,15.0,0.0
110,218.7,23.0,31.3,48.8,125.3,87,0.0,1016,87,23.5,0.0,0.66,2023,10,13,0,4,286,41,0.0,1.0,-0.8660254037844386,0.5000000000000001,-0.433883739117558,-0.9009688679024191,3,3,0,32.0,30.0,21.0,36.0,22.0,27.0,33.666666666666664,4.725815626253331,39.0,30.0,27.666666666666668,7.890923055426599,39.0,17.0,25.333333333333332,7.702813338860409,39.0,14.0,31.25,11.840424492978093,70.0,14.0,23.5,23.5,23.7,87.0,88.0,86.0,0.83,1.0,1.0,1016.0,1017.0,1016.0,2044.5,57.42,15.510000000000002,0.0,0.7991639515583698,9.508282248597887,1.3608103995478458,20.445,23.17,0.023129898494194397,552.25,7569,0.43560000000000004,1032256,486.1,81.01666666666667,7.0,18.0,0.0
98,187.3,20.0,32.0,42.5,108.0,87,0.0,1016,87,23.5,0.0,0.5,2023,10,13,1,4,286,41,0.25881904510252074,0.9659258262890683,-0.8660254037844386,0.5000000000000001,-0.433883739117558,-0.9009688679024191,3,3,0,39.0,32.0,30.0,27.0,18.0,31.0,35.0,3.605551275464914,39.0,32.0,28.833333333333332,8.280499179799659,39.0,17.0,26.666666666666668,7.7028133388603965,39.0,14.0,31.375,11.853498841380603,70.0,14.0,23.5,23.5,23.5,87.0,87.0,89.0,0.66,1.0,1.0,1016.0,1017.0,1017.0,2044.5,43.5,11.75,0.0,0.7999811769134845,9.36453177341133,1.5999200039997998,20.445,23.25,0.023129898494194397,552.25,7569,0.25,1032256,423.8,70.63333333333334,-5.0,4.0,0.0
102,173.9,18.7,33.3,45.0,99.7,87,0.0,1015,87,23.5,0.0,0.33,2023,10,13,2,4,286,41,0.49999999999999994,0.8660254037844387,-0.8660254037844386,0.5000000000000001,-0.433883739117558,-0.9009688679024191,3,3,0,34.0,39.0,32.0,17.0,14.0,47.0,36.333333333333336,2.5166114784248794,39.0,34.0,32.0,6.2289646009586095,39.0,21.0,28.5,6.999999999999432,39.0,17.0,30.916666666666668,11.42809911032297,70.0,14.0,23.5,23.5,23.5,87.0,87.0,88.0,0.5,0.83,1.0,1016.0,1016.0,1017.0,2044.5,28.71,7.755000000000001,0.0,0.7999822226172753,9.298967969627293,1.7806534409924601,20.445,23.335,0.023152686549077293,552.25,7569,0.10890000000000001,1030225,406.59999999999997,67.76666666666667,2.0,4.0,0.0
102,160.5,17.3,34.7,45.0,91.3,87,0.0,1015,87,23.5,0.0,0.16,2023,10,13,3,4,286,41,0.7071067811865476,0.7071067811865476,-0.8660254037844386,0.5000000000000001,-0.433883739117558,-0.9009688679024191,3,3,0,36.0,34.0,39.0,21.0,23.0,30.0,35.333333333333336,1.1547005383821258,36.0,34.0,34.5,3.2093613071754468,39.0,30.0,29.583333333333332,7.076957915186807,39.0,17.0,31.166666666666668,11.472714953566987,70.0,14.0,23.5,23.5,23.5,87.0,87.0,88.0,0.33,0.66,1.0,1015.0,1016.0,1017.0,2044.5,13.92,3.7600000000000002,0.0,0.7999822226172753,9.2769204092249,2.0056644124617073,20.445,23.42,0.023152686549077293,552.25,7569,0.0256,1030225,384.8,64.13333333333334,0.0,-3.0,0.0
61,147.1,16.0,36.0,21.3,83.0,87,0.0,1015,86,23.5,0.0,1.2,2023,10,13,4,4,286,41,0.8660254037844386,0.5000000000000001,-0.8660254037844386,0.5000000000000001,-0.433883739117558,-0.9009688679024191,3,3,0,36.0,36.0,34.0,30.0,24.0,70.0,29.666666666666668,10.96965511460322,36.0,17.0,32.333333333333336,7.865536642001107,39.0,17.0,29.0,7.827689778773763,39.0,17.0,28.958333333333332,8.34828369065831,44.0,14.0,23.5,23.5,23.5,87.0,87.0,87.0,0.16,0.5,1.0,1015.0,1016.0,1017.0,2021.0,103.2,28.2,0.0,0.7980845969672785,9.19317542653584,2.2498593837885132,20.21,22.9,0.023152686549077293,552.25,7396,1.44,1030225,320.4,53.4,-19.0,-17.0,0.0
69,164.6,16.7,36.7,26.3,85.0,66,0.0,1015,86,23.7,0.0,1.6,2023,10,13,5,4,286,41,0.9659258262890683,0.25881904510252074,-0.8660254037844386,0.5000000000000001,-0.433883739117558,-0.9009688679024191,3,3,0,17.0,36.0,36.0,32.0,23.0,44.0,24.666666666666668,10.016652800878203,36.0,17.0,30.5,9.137833441248302,39.0,17.0,28.833333333333332,7.986731420792287,39.0,17.0,28.0,7.851889830674165,39.0,14.0,23.5,23.5,23.5,86.0,87.0,87.0,1.2,0.33,0.83,1015.0,1015.0,1016.0,2038.2,137.6,37.92,0.0,0.79844872818524,9.855697263636907,2.197473205197294,20.382,22.9,0.023349730689920502,561.6899999999999,7396,2.5600000000000005,1030225,350.3,58.38333333333333,4.0,-15.0,0.1999999999999993
89,182.1,17.3,37.3,37.5,87.0,45,0.0,1016,86,23.8,1.7,1.6,2023,10,13,6,4,286,41,1.0,6.123233995736766e-17,-0.8660254037844386,0.5000000000000001,-0.433883739117558,-0.9009688679024191,3,0,0,21.0,17.0,36.0,39.0,36.0,37.0,22.666666666666668,6.658328118479997,30.0,17.0,29.0,8.148619514985107,36.0,17.0,28.333333333333332,7.679172935263865,39.0,17.0,27.708333333333332,7.62991347985976,39.0,14.0,23.7,23.5,23.5,86.0,87.0,87.0,1.6,0.16,0.66,1015.0,1015.0,1016.0,2046.8,137.6,38.080000000000005,0.0,0.7999786672355405,10.525403155886941,2.155944743078434,20.468,23.0,0.023425173794120284,566.44,7396,2.5600000000000005,1032256,391.2,65.2,9.0,-6.0,0.10000000000000142
93,199.6,18.0,38.0,40.0,89.0,25,0.0,1016,86,24.0,2.0,2.0,2023,10,13,7,4,286,41,0.9659258262890683,-0.25881904510252063,-0.8660254037844386,0.5000000000000001,-0.433883739117558,-0.9009688679024191,3,0,0,30.0,21.0,17.0,34.0,27.0,28.0,27.666666666666668,5.859465277082954,32.0,21.0,28.666666666666668,7.941452428029955,36.0,17.0,28.75,7.735690602066573,39.0,17.0,27.875,7.680084351891894,39.0,14.0,23.8,23.5,23.5,86.0,86.0,87.0,1.6,1.2,0.5,1016.0,1015.0,1016.0,2064.0,172.0,48.0,0.0,0.7999800004999875,11.088272873729236,2.1109938336759067,20.64,23.0,0.023622023994070873,576.0,7396,4.0,1032256,416.6,69.43333333333334,2.0,15.0,0.1999999999999993
110,174.5,15.0,62.0,48.8,108.0,41,0.0,1016,79,24.9,2.6,0.33,2023,10,13,8,4,286,41,0.8660254037844387,-0.4999999999999998,-0.8660254037844386,0.5000000000000001,-0.433883739117558,-0.9009688679024191,3,0,0,32.0,30.0,21.0,36.0,17.0,39.0,33.666666666666664,4.725815626253327,39.0,30.0,29.166666666666668,8.565434412022707,39.0,17.0,30.583333333333332,7.292067088571946,39.0,17.0,27.875,7.680084351891895,39.0,14.0,24.0,23.7,23.5,86.0,86.0,87.0,2.0,1.6,0.33,1016.0,1015.0,1015.0,1967.1,26.07,8.217,0.0,0.7991639515583698,11.632557829478035,4.1330577961469235,19.671,24.735,0.024507849893848528,620.0099999999999,6241,0.10890000000000001,1032256,447.3,74.55,7.0,18.0,0.8999999999999986
98,149.4,12.0,86.0,42.5,127.0,58,0.0,1017,73,25.8,4.4,0.66,2023,10,13,9,4,286,41,0.7071067811865476,-0.7071067811865475,-0.8660254037844386,0.5000000000000001,-0.433883739117558,-0.9009688679024191,3,0,0,39.0,32.0,30.0,36.0,21.0,38.0,35.0,3.6055512754649097,39.0,32.0,28.833333333333332,8.280499179799659,39.0,17.0,31.666666666666668,6.678776879493141,39.0,17.0,27.708333333333332,7.491903842709578,39.0,14.0,24.9,23.8,23.5,79.0,86.0,87.0,0.33,1.6,0.16,1016.0,1016.0,1015.0,1883.4,48.18,17.028000000000002,0.0,0.7999811769134845,12.44896258645113,7.166069494208816,18.834,25.470000000000002,0.02536870661877422,665.64,5329,0.43560000000000004,1034289,450.9,75.14999999999999,-5.0,4.0,0.9000000000000021
85,124.3,9.0,110.0,35.0,146.0,75,0.0,1017,67,26.7,6.0,1.0,2023,10,13,10,4,286,41,0.49999999999999994,-0.8660254037844387,-0.8660254037844386,0.5000000000000001,-0.433883739117558,-0.9009688679024191,3,0,0,34.0,39.0,32.0,17.0,30.0,30.0,33.666666666666664,5.50757054728672,39.0,28.0,30.666666666666668,6.055300708194634,39.0,21.0,31.5,6.748737255623906,39.0,17.0,27.625,7.476412183021712,39.0,14.0,25.8,24.0,23.5,73.0,86.0,86.0,0.66,2.0,1.2,1017.0,1016.0,1015.0,1788.8999999999999,67.0,26.7,0.0,0.7999771435101855,13.809576713698478,12.220864348405733,17.889,26.2,0.026253661500824484,712.89,4489,1.0,1034289,452.3,75.38333333333334,-6.0,-4.0,0.8999999999999986
102,117.1,7.7,121.3,45.0,137.0,83,0.0,1016,67,27.1,7.1,1.0,2023,10,13,11,4,286,41,0.258819045102521,-0.9659258262890682,-0.8660254037844386,0.5000000000000001,-0.433883739117558,-0.9009688679024191,3,0,0,28.0,34.0,39.0,21.0,32.0,30.0,32.666666666666664,4.163331998933097,36.0,28.0,33.166666666666664,4.020779360604347,39.0,28.0,31.833333333333332,6.873312465064843,39.0,17.0,27.875,7.657406190428859,39.0,14.0,26.7,24.9,23.7,67.0,79.0,86.0,1.0,0.33,1.6,1017.0,1016.0,1015.0,1815.7,67.0,27.1,0.0,0.7999822226172753,15.20581742630827,15.751201142708737,18.157,26.6,0.026673202093305027,734.4100000000001,4489,1.0,1032256,464.1,77.35000000000001,8.0,-3.0,0.40000000000000213
155,109.9,6.3,132.7,73.8,128.0,91,0.0,1015,66,27.6,6.7,1.0,2023,10,13,12,4,286,41,1.2246467991473532e-16,-1.0,-0.8660254037844386,0.5000000000000001,-0.433883739117558,-0.9009688679024191,3,1,0,36.0,28.0,34.0,30.0,39.0,22.0,41.0,16.09347693943127,59.0,28.0,38.0,10.936178491593587,59.0,28.0,33.5,10.326488446531805,59.0,17.0,29.416666666666668,9.837446941094127,59.0,14.0,27.1,25.8,23.8,67.0,73.0,86.0,1.0,0.66,1.6,1016.0,1017.0,1016.0,1821.6000000000001,66.0,27.6,0.0,0.799447161962575,17.441675924456437,21.060149182669416,18.216,27.1,0.027192091436363117,761.7600000000001,4356,1.0,1030225,509.7,84.95,23.0,25.0,0.5
145,102.7,5.0,144.0,65.0,119.0,100,0.0,1015,66,28.0,5.7,1.0,2023,10,13,13,4,286,41,-0.2588190451025208,-0.9659258262890683,-0.8660254037844386,0.5000000000000001,-0.433883739117558,-0.9009688679024191,3,1,0,59.0,36.0,28.0,32.0,34.0,18.0,49.0,11.789826122551814,59.0,36.0,41.333333333333336,11.758684733704706,59.0,28.0,35.0,11.630680430341048,59.0,17.0,30.833333333333332,10.544591305361426,59.0,14.0,27.6,26.7,24.0,66.0,67.0,86.0,1.0,1.0,2.0,1015.0,1017.0,1016.0,1848.0,66.0,28.0,0.0,0.7999876924970385,20.535892821435713,28.794241151769643,18.48,27.5,0.02758617971804954,784.0,4356,1.0,1030225,487.7,81.28333333333333,-7.0,24.0,0.3999999999999986
129,104.9,6.0,142.7,57.5,118.7,95,0.0,1014,65,28.2,4.5,1.0,2023,10,13,14,4,286,41,-0.4999999999999997,-0.8660254037844388,-0.8660254037844386,0.5000000000000001,-0.433883739117558,-0.9009688679024191,3,1,0,52.0,59.0,36.0,39.0,36.0,14.0,52.333333333333336,6.50640709864808,59.0,46.0,42.5,11.827933040053667,59.0,28.0,35.833333333333336,12.059197420402123,59.0,17.0,32.166666666666664,10.344780942756893,59.0,17.0,28.0,27.1,24.9,66.0,67.0,79.0,1.0,1.0,0.33,1015.0,1016.0,1016.0,1833.0,65.0,28.2,0.0,0.7999860871984835,17.480419930011664,23.7793701049825,18.33,27.7,0.027810623460923608,795.24,4225,1.0,1028196,475.8,79.3,-6.0,10.0,0.1999999999999993
77,107.0,7.0,141.3,28.8,118.3,91,0.0,1013,65,28.5,3.4,1.0,2023,10,13,15,4,286,41,-0.7071067811865471,-0.7071067811865479,-0.8660254037844386,0.5000000000000001,-0.433883739117558,-0.9009688679024191,3,1,0,46.0,52.0,59.0,34.0,36.0,23.0,40.333333333333336,15.307950004273579,52.0,23.0,40.666666666666664,14.052283325732521,59.0,23.0,34.75,12.614025383026124,59.0,17.0,32.166666666666664,10.344780942756893,59.0,17.0,28.2,27.6,25.8,65.0,66.0,73.0,1.0,1.0,0.66,1014.0,1015.0,1017.0,1852.5,65.0,28.5,0.0,0.7985833825214401,15.283530924153691,20.18283102413941,18.525,28.0,0.028134226915866815,812.25,4225,1.0,1026169,425.40000000000003,70.9,-23.0,-36.0,0.3000000000000007
134,109.1,8.0,140.0,60.0,118.0,87,0.0,1013,64,28.7,2.1,1.0,2023,10,13,16,4,286,41,-0.8660254037844385,-0.5000000000000004,-0.8660254037844386,0.5000000000000001,-0.433883739117558,-0.9009688679024191,3,1,0,23.0,46.0,52.0,28.0,17.0,24.0,39.0,13.892443989450031,48.0,23.0,44.0,12.759310326188984,59.0,23.0,37.333333333333336,11.796250046158981,59.0,21.0,33.166666666666664,10.675720794998204,59.0,17.0,28.5,28.0,26.7,65.0,66.0,67.0,1.0,1.0,1.0,1013.0,1015.0,1017.0,1836.8,64.0,28.7,0.0,0.7999866668888852,13.635795525559306,17.497812773403325,18.368,28.2,0.028331660087206233,823.6899999999999,4096,1.0,1026169,483.1,80.51666666666667,25.0,-4.0,0.1999999999999993
163,168.7,15.0,120.0,81.3,126.7,70,0.0,1013,70,27.7,1.7,0.66,2023,10,13,17,4,286,41,-0.9659258262890683,-0.25881904510252063,-0.8660254037844386,0.5000000000000001,-0.433883739117558,-0.9009688679024191,3,1,0,48.0,23.0,46.0,36.0,21.0,23.0,45.333333333333336,21.12660250332123,65.0,23.0,48.833333333333336,14.497126151988141,65.0,23.0,41.0,13.031430536137309,65.0,23.0,34.916666666666664,12.261344938878006,65.0,17.0,28.7,28.2,27.1,64.0,65.0,67.0,1.0,1.0,1.0,1013.0,1014.0,1016.0,1939.0,46.2,18.282,0.0,0.7994981611542293,11.245916938870742,7.999466702219852,19.39,27.37,0.02734449423050915,767.29,4900,0.43560000000000004,1026169,576.7,96.11666666666667,17.0,19.0,-1.0
179,228.2,22.0,100.0,96.3,135.3,54,0.0,1013,75,26.7,0.0,0.33,2023,10,13,18,4,286,41,-1.0,-1.8369701987210297e-16,-0.8660254037844386,0.5000000000000001,-0.433883739117558,-0.9009688679024191,3,2,0,65.0,48.0,23.0,59.0,30.0,36.0,63.333333333333336,14.57166199626305,77.0,48.0,51.833333333333336,18.367543838702492,77.0,23.0,44.916666666666664,16.121461321837568,77.0,23.0,36.625,14.974797668663056,77.0,17.0,27.7,28.5,27.6,70.0,65.0,66.0,0.66,1.0,1.0,1013.0,1013.0,1015.0,2002.5,24.75,8.811,0.0,0.7995763283870365,10.372255806554247,4.545247943275306,20.025,26.535,0.02635732837381207,712.89,5625,0.10890000000000001,1026169,658.8,109.8,12.0,54.0,-1.0
254,287.7,29.0,80.0,167.5,144.0,37,0.0,1013,82,25.7,0.0,1.6,2023,10,13,19,4,286,41,-0.9659258262890684,0.2588190451025203,-0.8660254037844386,0.5000000000000001,-0.433883739117558,-0.9009688679024191,3,2,0,77.0,65.0,48.0,52.0,32.0,27.0,92.0,36.864617182333525,134.0,65.0,65.5,38.255718526776995,134.0,23.0,53.416666666666664,29.788522296449166,134.0,23.0,41.083333333333336,24.7332141877674,134.0,17.0,26.7,28.7,28.0,75.0,64.0,66.0,0.33,1.0,1.0,1013.0,1013.0,1015.0,2107.4,131.20000000000002,41.120000000000005,0.0,0.7999952239091109,9.920347574221578,2.758525568083859,21.074,24.9,0.025370162517114988,660.49,6724,2.5600000000000005,1026169,842.2,140.36666666666667,57.0,86.0,-1.0
188,363.6,34.3,67.3,105.0,162.3,45,0.0,1013,85,25.1,0.0,0.33,2023,10,13,20,4,286,41,-0.8660254037844386,0.5000000000000001,-0.8660254037844386,0.5000000000000001,-0.433883739117558,-0.9009688679024191,3,2,0,134.0,77.0,65.0,46.0,39.0,17.0,98.33333333333333,31.08590248542469,134.0,77.0,71.83333333333333,37.520216772650095,134.0,23.0,57.166666666666664,30.62925913487793,134.0,23.0,43.875,25.66051356699137,134.0,17.0,25.7,27.7,28.2,82.0,70.0,65.0,1.6,0.66,1.0,1013.0,1013.0,1014.0,2133.5,28.05,8.283000000000001,0.0,0.7999923810249426,10.6002740444885,1.9620419229760067,21.335,24.935000000000002,0.024777863003096742,630.0100000000001,7225,0.10890000000000001,1026169,816.5,136.08333333333334,-50.0,19.0,-0.5999999999999979
160,439.5,39.7,54.7,78.8,180.7,54,0.0,1014,89,24.6,0.0,0.66,2023,10,13,21,4,286,41,-0.7071067811865477,0.7071067811865474,-0.8660254037844386,0.5000000000000001,-0.433883739117558,-0.9009688679024191,3,2,0,84.0,134.0,77.0,23.0,34.0,21.0,93.66666666666667,36.47373484212075,134.0,63.0,78.5,29.884778734332055,134.0,48.0,59.583333333333336,29.767151918403634,134.0,23.0,45.625,25.464062485410285,134.0,17.0,25.1,26.7,28.5,85.0,75.0,65.0,0.33,0.33,1.0,1013.0,1013.0,1013.0,2189.4,58.74,16.236,0.0,0.7994822400730955,11.070250119644342,1.377799047882925,21.894000000000002,24.270000000000003,0.02426033110420996,605.1600000000001,7921,0.43560000000000004,1028196,856.3999999999999,142.73333333333332,-21.0,-14.0,-0.5
157,515.3,45.0,42.0,76.3,199.0,62,0.0,1014,93,24.0,0.0,1.0,2023,10,13,22,4,286,41,-0.5000000000000004,0.8660254037844384,-0.8660254037844386,0.5000000000000001,-0.433883739117558,-0.9009688679024191,3,3,0,63.0,84.0,134.0,48.0,28.0,30.0,69.33333333333333,12.741009902411017,84.0,61.0,80.66666666666667,27.616420236277037,134.0,61.0,62.333333333333336,28.059460674313055,134.0,23.0,46.916666666666664,25.42322913616906,134.0,17.0,24.6,25.7,28.7,89.0,82.0,64.0,0.66,1.6,1.0,1014.0,1013.0,1013.0,2232.0,93.0,24.0,0.0,0.7994652756844602,11.450856647630053,0.9333125930534878,22.32,23.5,0.023668615711424347,576.0,8649,1.0,1028196,938.5999999999999,156.4333333333333,-2.0,-73.0,-0.6000000000000014
157,455.8,39.3,40.0,76.3,175.0,70,0.0,1014,93,23.8,0.0,0.66,2023,10,13,23,4,286,41,-0.25881904510252157,0.9659258262890681,-0.8660254037844386,0.5000000000000001,-0.433883739117558,-0.9009688679024191,3,3,0,61.0,63.0,84.0,65.0,36.0,32.0,61.666666666666664,1.1547005383806221,63.0,61.0,80.0,28.11405342528866,134.0,61.0,64.41666666666667,26.82759208295974,134.0,23.0,48.125,25.37255021372186,134.0,17.0,24.0,25.1,27.7,93.0,85.0,70.0,1.0,0.33,0.66,1014.0,1013.0,1013.0,2213.4,61.38,15.708000000000002,0.0,0.7994652756844602,11.597669270502024,1.017785806976922,22.134,23.470000000000002,0.02347137724716248,566.44,8649,0.43560000000000004,1028196,847.4,141.23333333333332,0.0,-23.0,-0.1999999999999993
151,396.3,33.7,38.0,70.0,151.0,79,0.0,1013,94,23.7,0.0,0.33,2023,10,14,0,5,287,41,0.0,1.0,-0.8660254037844386,0.5000000000000001,-0.9749279121818236,-0.2225209339563146,3,3,1,61.0,61.0,63.0,77.0,59.0,39.0,59.333333333333336,2.8867513459487233,61.0,56.0,76.5,29.81777993077261,134.0,56.0,64.16666666666667,26.89654703533949,134.0,23.0,48.833333333333336,25.344009954616922,134.0,17.0,23.8,24.6,26.7,93.0,89.0,75.0,0.66,0.66,0.33,1014.0,1014.0,1013.0,2227.7999999999997,31.020000000000003,7.821,0.0,0.7999885715918343,11.759294976410196,1.1275629803269933,22.278,23.535,0.023395830803720825,561.6899999999999,8836,0.10890000000000001,1026169,745.0,124.16666666666667,-5.0,-7.0,-0.10000000000000142
153,336.7,28.0,36.0,72.5,127.0,87,0.0,1013,94,23.5,0.0,1.2,2023,10,14,1,5,287,41,0.25881904510252074,0.9659258262890683,-0.8660254037844386,0.5000000000000001,-0.9749279121818236,-0.2225209339563146,3,3,1,56.0,61.0,61.0,134.0,52.0,34.0,58.333333333333336,2.516611478424288,61.0,56.0,63.833333333333336,10.186592495366401,84.0,56.0,64.66666666666667,26.70489683843587,134.0,23.0,49.833333333333336,25.206394403813324,134.0,17.0,23.7,24.0,25.7,94.0,93.0,82.0,0.33,1.0,1.6,1013.0,1014.0,1013.0,2209.0,112.8,28.2,0.0,0.799988965669439,12.024570551051747,1.2856683689868218,22.09,22.9,0.02319839763238141,552.25,8836,1.44,1026169,658.2,109.7,2.0,-3.0,-0.1999999999999993
142,285.8,23.7,38.3,63.8,117.0,91,0.0,1013,90,24.0,0.0,1.2,2023,10,14,2,5,287,41,0.49999999999999994,0.8660254037844387,-0.8660254037844386,0.5000000000000001,-0.9749279121818236,-0.2225209339563146,3,3,1,58.0,56.0,61.0,84.0,46.0,36.0,55.0,3.6055512754645327,58.0,51.0,58.333333333333336,4.3665394383488785,63.0,51.0,65.08333333333333,26.424707217207505,134.0,23.0,50.458333333333336,25.033853889877253,134.0,17.0,23.5,23.8,25.1,94.0,93.0,85.0,1.2,0.66,0.33,1013.0,1014.0,1013.0,2160.0,108.0,28.799999999999997,0.0,0.7993605115907275,12.058562929834185,1.6159655710729504,21.6,23.4,0.02369198056072995,576.0,8100,1.44,1026169,579.6,96.60000000000001,-7.0,-10.0,0.5
134,234.8,19.3,40.7,60.0,107.0,95,0.0,1012,85,24.5,0.0,1.6,2023,10,14,3,5,287,41,0.7071067811865476,0.7071067811865476,-0.8660254037844386,0.5000000000000001,-0.9749279121818236,-0.2225209339563146,3,3,1,51.0,58.0,56.0,63.0,23.0,36.0,52.333333333333336,5.131601439447295,58.0,48.0,55.833333333333336,5.344779384283006,61.0,48.0,67.16666666666667,23.644462481955323,134.0,48.0,50.958333333333336,24.851697810370695,134.0,17.0,24.0,23.7,24.6,90.0,94.0,89.0,1.2,0.33,0.66,1013.0,1013.0,1014.0,2082.5,136.0,39.2,0.0,0.7999866668888852,12.165172788974663,2.1086990311382827,20.825,23.7,0.024209462243614383,600.25,7225,2.5600000000000005,1024144,509.8,84.96666666666667,-3.0,-8.0,0.5
134,183.8,15.0,43.0,60.0,97.0,100,0.0,1012,81,25.0,0.0,1.6,2023,10,14,4,5,287,41,0.8660254037844386,0.5000000000000001,-0.8660254037844386,0.5000000000000001,-0.9749279121818236,-0.2225209339563146,3,3,1,48.0,51.0,58.0,61.0,48.0,17.0,49.0,1.732050807570204,51.0,48.0,53.666666666666664,5.465040408510906,61.0,48.0,67.16666666666667,23.644462481955323,134.0,48.0,52.25,23.79303880659608,134.0,21.0,24.5,23.5,24.0,85.0,94.0,93.0,1.6,1.2,1.0,1012.0,1013.0,1014.0,2025.0,129.6,40.0,0.0,0.7999866668888852,12.252516498900075,2.866475568295447,20.25,24.2,0.02470353290164733,625.0,6561,2.5600000000000005,1024144,446.8,74.46666666666667,0.0,-10.0,0.5
134,194.1,15.3,44.3,60.0,99.0,95,0.0,1013,80,25.2,0.0,0.33,2023,10,14,5,5,287,41,0.9659258262890683,0.25881904510252074,-0.8660254037844386,0.5000000000000001,-0.9749279121818236,-0.2225209339563146,3,3,1,48.0,48.0,51.0,61.0,65.0,21.0,48.0,0.0,48.0,48.0,51.5,4.460941604638063,58.0,48.0,65.75,24.286640547652862,134.0,48.0,53.375,22.871688403674888,134.0,23.0,25.0,24.0,23.8,81.0,90.0,93.0,1.6,1.2,0.66,1012.0,1013.0,1014.0,2016.0,26.400000000000002,8.316,0.0,0.7999866668888852,12.685445395725768,2.895235605515979,20.16,25.035,0.024876579588766448,635.04,6400,0.10890000000000001,1026169,460.7,76.78333333333333,0.0,-3.0,0.1999999999999993
139,204.5,15.7,45.7,62.5,101.0,91,0.0,1013,79,25.3,1.3,0.66,2023,10,14,6,5,287,41,1.0,6.123233995736766e-17,-0.8660254037844386,0.5000000000000001,-0.9749279121818236,-0.2225209339563146,3,0,1,48.0,48.0,48.0,56.0,77.0,30.0,48.666666666666664,1.1547005383812552,50.0,48.0,50.5,3.8858718455439347,58.0,48.0,63.5,24.400074515534243,134.0,48.0,54.208333333333336,22.341186700540774,134.0,23.0,25.2,24.5,23.7,80.0,85.0,94.0,0.33,1.6,0.33,1013.0,1012.0,1013.0,1998.7,52.14,16.698,0.0,0.7999872002047967,13.02464811158525,2.91064263422712,19.987000000000002,24.970000000000002,0.024975296174436157,640.09,6241,0.43560000000000004,1026169,479.4,79.89999999999999,2.0,2.0,0.10000000000000142
134,214.8,16.0,47.0,60.0,103.0,87,0.0,1014,78,25.5,1.4,1.0,2023,10,14,7,5,287,41,0.9659258262890683,-0.25881904510252063,-0.8660254037844386,0.5000000000000001,-0.9749279121818236,-0.2225209339563146,3,0,1,50.0,48.0,48.0,58.0,134.0,32.0,48.666666666666664,1.1547005383812552,50.0,48.0,48.833333333333336,1.329160135821875,51.0,48.0,56.333333333333336,10.456258094238178,84.0,48.0,54.875,21.883709446308444,134.0,23.0,25.3,25.0,23.5,79.0,81.0,94.0,0.66,1.6,1.2,1013.0,1012.0,1013.0,1989.0,78.0,25.5,0.0,0.7999866668888852,13.424160989938128,2.937316417723892,19.89,25.0,0.02514790419338837,650.25,6084,1.0,1028196,488.8,81.46666666666667,-2.0,0.0,0.1999999999999993
148,201.9,13.3,74.3,66.3,120.0,91,0.0,1014,76,26.1,1.2,1.33,2023,10,14,8,5,287,41,0.8660254037844387,-0.4999999999999998,-0.8660254037844386,0.5000000000000001,-0.9749279121818236,-0.2225209339563146,3,0,1,48.0,50.0,48.0,51.0,84.0,39.0,50.333333333333336,2.5166114784244646,53.0,48.0,49.166666666666664,2.041241452317182,53.0,48.0,53.75,5.785954780955441,63.0,48.0,55.458333333333336,21.627235580179786,134.0,23.0,25.5,25.2,24.0,78.0,80.0,90.0,1.0,0.33,1.2,1014.0,1013.0,1013.0,1983.6000000000001,101.08000000000001,34.713,0.0,0.7993846246662946,15.179309826328847,5.58604616194271,19.836000000000002,25.435000000000002,0.02573961958617398,681.21,5776,1.7689000000000001,1028196,528.8,88.13333333333333,5.0,5.0,0.6000000000000014
159,189.1,10.7,101.7,77.5,137.0,95,0.0,1014,74,26.6,1.7,1.66,2023,10,14,9,5,287,41,0.7071067811865476,-0.7071067811865475,-0.8660254037844386,0.5000000000000001,-0.9749279121818236,-0.2225209339563146,3,0,1,53.0,48.0,50.0,48.0,63.0,34.0,54.333333333333336,7.094598884597868,62.0,48.0,51.5,5.50454357780832,62.0,48.0,53.666666666666664,5.646130345535453,62.0,48.0,56.625,21.169733316593,134.0,23.0,26.1,25.3,24.5,76.0,79.0,85.0,1.33,0.66,1.6,1014.0,1013.0,1012.0,1968.4,122.83999999999999,44.156,0.0,0.7999896775525477,17.671245677974024,9.503784693019345,19.684,25.770000000000003,0.026232715746828655,707.5600000000001,5476,2.7556,1028196,578.0,96.33333333333333,9.0,12.0,0.5
155,176.2,8.0,129.0,73.8,154.0,100,0.0,1014,72,27.2,3.5,2.0,2023,10,14,10,5,287,41,0.49999999999999994,-0.8660254037844387,-0.8660254037844386,0.5000000000000001,-0.9749279121818236,-0.2225209339563146,3,0,1,62.0,53.0,48.0,48.0,61.0,28.0,58.0,4.582575694956229,62.0,53.0,53.333333333333336,5.921711464319848,62.0,48.0,53.5,5.435573065045026,62.0,48.0,57.916666666666664,20.27402850654191,134.0,23.0,26.6,25.5,25.0,74.0,78.0,81.0,1.66,1.0,1.6,1014.0,1014.0,1012.0,1958.3999999999999,144.0,54.4,0.0,0.799447161962575,22.02224721909761,16.122984626921635,19.584,26.2,0.02682443113961426,739.8399999999999,5184,4.0,1028196,600.0,100.0,-3.0,11.0,0.5999999999999979
155,161.7,7.0,138.3,73.8,144.3,91,0.0,1013,67,27.9,5.3,2.0,2023,10,14,11,5,287,41,0.258819045102521,-0.9659258262890682,-0.8660254037844386,0.5000000000000001,-0.9749279121818236,-0.2225209339563146,3,0,1,59.0,62.0,53.0,48.0,61.0,36.0,60.0,1.7320508075698429,62.0,59.0,55.166666666666664,5.636192568273082,62.0,48.0,53.333333333333336,5.210711578230328,62.0,48.0,58.875,19.72928192351176,134.0,23.0,27.2,26.1,25.2,72.0,76.0,80.0,2.0,1.33,0.33,1014.0,1014.0,1013.0,1869.3,134.0,55.8,0.0,0.799447161962575,23.09670047136123,19.75432081131267,18.692999999999998,26.9,0.027541927401848566,778.41,4489,4.0,1026169,584.1,97.35000000000001,0.0,6.0,0.6999999999999993
150,147.1,6.0,147.7,67.5,134.7,83,0.0,1012,62,28.5,6.9,2.0,2023,10,14,12,5,287,41,1.2246467991473532e-16,-1.0,-0.8660254037844386,0.5000000000000001,-0.9749279121818236,-0.2225209339563146,3,1,1,59.0,59.0,62.0,50.0,56.0,59.0,57.333333333333336,2.88675134594876,59.0,54.0,55.833333333333336,5.11533641773995,62.0,48.0,53.166666666666664,5.149286505443253,62.0,48.0,58.666666666666664,19.754287738564187,134.0,23.0,27.9,26.6,25.3,67.0,74.0,79.0,2.0,1.66,0.66,1013.0,1014.0,1013.0,1767.0,124.0,57.0,0.0,0.7999881483237284,24.512581236460587,24.612564572571234,17.67,27.5,0.028162027507877958,812.25,3844,4.0,1024144,557.0,92.83333333333333,-5.0,-8.0,0.6000000000000014
126,132.5,5.0,157.0,56.3,125.0,75,0.0,1011,58,29.2,6.3,2.0,2023,10,14,13,5,287,41,-0.2588190451025208,-0.9659258262890683,-0.8660254037844386,0.5000000000000001,-0.9749279121818236,-0.2225209339563146,3,1,1,54.0,59.0,59.0,48.0,58.0,52.0,52.666666666666664,7.0945988845978825,59.0,45.0,55.333333333333336,6.08824003030898,62.0,45.0,52.083333333333336,5.401318581997456,62.0,45.0,58.375,19.908076796595562,134.0,23.0,28.5,27.2,25.5,62.0,72.0,78.0,2.0,2.0,1.0,1012.0,1014.0,1014.0,1693.6,116.0,58.4,0.0,0.7992753237065062,26.494701059788042,31.393721255748847,16.936,28.2,0.028882266189647687,852.64,3364,4.0,1022121,520.8,86.8,-9.0,-14.0,0.6999999999999993
121,137.9,6.3,148.7,53.8,126.3,70,0.0,1011,59,28.6,4.9,2.33,2023,10,14,14,5,287,41,-0.4999999999999997,-0.8660254037844388,-0.8660254037844386,0.5000000000000001,-0.9749279121818236,-0.2225209339563146,3,1,1,45.0,54.0,59.0,53.0,51.0,46.0,47.333333333333336,5.859465277082725,54.0,43.0,53.666666666666664,7.9414524280295895,62.0,43.0,51.416666666666664,6.006940430312421,62.0,43.0,58.25,19.998369498754435,134.0,23.0,29.2,27.9,26.1,58.0,67.0,76.0,2.0,2.0,1.33,1011.0,1013.0,1014.0,1687.4,137.47,66.638,0.0,0.7992416497834613,21.885415013489922,23.599428662117123,16.874000000000002,27.435000000000002,0.028288794966572734,817.96,3481,5.4289000000000005,1022121,516.0,86.0,-2.0,-16.0,-0.5999999999999979
123,143.4,7.7,140.3,55.0,127.7,66,0.0,1011,61,28.1,3.1,2.66,2023,10,14,15,5,287,41,-0.7071067811865471,-0.7071067811865479,-0.8660254037844386,0.5000000000000001,-0.9749279121818236,-0.2225209339563146,3,1,1,43.0,45.0,54.0,62.0,48.0,23.0,44.0,1.0000000000025935,45.0,43.0,50.666666666666664,7.55424825291423,59.0,43.0,51.083333333333336,6.316764611057137,62.0,43.0,59.125,18.81329895024583,134.0,43.0,28.6,28.5,26.6,59.0,62.0,74.0,2.33,2.0,1.66,1011.0,1012.0,1014.0,1714.1000000000001,162.26000000000002,74.74600000000001,0.0,0.7999854548099126,18.620958317101675,18.218413193091806,17.141000000000002,26.770000000000003,0.027794235614010274,789.6100000000001,3721,7.0756000000000006,1022121,518.1,86.35000000000001,1.0,-10.0,-0.5
82,148.8,9.0,132.0,33.8,129.0,62,0.0,1010,63,27.5,2.0,3.0,2023,10,14,16,5,287,41,-0.8660254037844385,-0.5000000000000004,-0.8660254037844386,0.5000000000000001,-0.9749279121818236,-0.2225209339563146,3,1,1,44.0,43.0,45.0,59.0,48.0,48.0,38.0,9.539392014169763,44.0,27.0,45.333333333333336,11.00302988574778,59.0,27.0,49.333333333333336,9.403416529338221,62.0,27.0,58.25,19.814904359663835,134.0,27.0,28.1,29.2,27.2,61.0,58.0,72.0,2.66,2.0,2.0,1011.0,1011.0,1014.0,1732.5,189.0,82.5,0.0,0.7987929351202628,16.531496500388847,14.66503721808688,17.325,26.0,0.02722769581416256,756.25,3969,9.0,1020100,479.6,79.93333333333334,-17.0,-18.0,-0.6000000000000014
76,171.0,12.0,113.3,30.0,131.0,75,0.0,1011,63,26.7,1.4,2.66,2023,10,14,17,5,287,41,-0.9659258262890683,-0.25881904510252063,-0.8660254037844386,0.5000000000000001,-0.9749279121818236,-0.2225209339563146,3,1,1,27.0,44.0,43.0,59.0,48.0,65.0,31.666666666666668,10.785793124909262,44.0,24.0,39.5,11.571516754513793,54.0,24.0,47.333333333333336,11.926542845368614,62.0,24.0,56.541666666666664,20.942943538528347,134.0,24.0,27.5,28.6,27.9,63.0,59.0,67.0,3.0,2.33,2.0,1010.0,1011.0,1013.0,1682.1,167.58,71.022,0.0,0.7999733342221925,14.248812598950089,9.440879926672778,16.820999999999998,25.369999999999997,0.026409469426835384,712.89,3969,7.0756000000000006,1022121,481.3,80.21666666666667,-3.0,-19.0,-0.8000000000000007
104,193.2,15.0,94.7,46.3,133.0,87,0.0,1012,64,25.9,0.0,2.33,2023,10,14,18,5,287,41,-1.0,-1.8369701987210297e-16,-0.8660254037844386,0.5000000000000001,-0.9749279121818236,-0.2225209339563146,3,2,1,24.0,27.0,44.0,54.0,50.0,77.0,29.333333333333332,6.806859285554545,37.0,24.0,36.666666666666664,9.136009340333485,45.0,24.0,46.25,12.248376515796549,62.0,24.0,54.875,20.8354056940295,134.0,24.0,26.7,28.1,28.5,63.0,61.0,62.0,2.66,2.66,2.0,1011.0,1011.0,1012.0,1657.6,149.12,60.347,0.0,0.799118809528952,12.879141390573961,6.312912472501834,16.576,24.735,0.025592860086106634,670.81,4096,5.4289000000000005,1024144,519.2,86.53333333333335,13.0,-7.0,-0.8000000000000007
139,215.3,18.0,76.0,62.5,135.0,100,0.0,1012,64,25.1,0.0,2.0,2023,10,14,19,5,287,41,-0.9659258262890684,0.2588190451025203,-0.8660254037844386,0.5000000000000001,-0.9749279121818236,-0.2225209339563146,3,2,1,37.0,24.0,27.0,45.0,48.0,134.0,37.0,13.00000000000023,50.0,24.0,37.5,10.212737145349129,50.0,24.0,46.416666666666664,12.287897470373577,62.0,24.0,51.375,12.253881372677991,84.0,24.0,25.9,27.5,29.2,64.0,63.0,58.0,2.33,3.0,2.0,1012.0,1010.0,1011.0,1606.4,128.0,50.2,0.0,0.7999872002047967,11.96044664185323,4.221987667351813,16.064,24.1,0.024802347033253923,630.0100000000001,4096,4.0,1024144,556.8,92.8,13.0,23.0,-0.7999999999999972
76,217.7,17.7,67.7,30.0,131.3,100,0.0,1013,67,25.0,0.0,2.33,2023,10,14,20,5,287,41,-0.8660254037844386,0.5000000000000001,-0.8660254037844386,0.5000000000000001,-0.9749279121818236,-0.2225209339563146,3,2,1,50.0,37.0,24.0,43.0,53.0,84.0,37.0,13.00000000000023,50.0,24.0,34.333333333333336,11.07549848389052,50.0,24.0,44.0,13.651506743346163,62.0,24.0,48.875,11.399132308702953,63.0,24.0,25.1,26.7,28.6,64.0,63.0,59.0,2.0,2.66,2.33,1012.0,1011.0,1011.0,1675.0,156.11,58.25,0.0,0.7999733342221925,12.298740184170384,3.8246426755550536,16.75,23.835,0.024679146417427033,625.0,4489,5.4289000000000005,1026169,488.4,81.39999999999999,-26.0,0.0,-0.10000000000000142
67,220.0,17.3,59.3,25.0,127.7,100,0.0,1013,71,24.8,0.0,2.66,2023,10,14,21,5,287,41,-0.7071067811865477,0.7071067811865474,-0.8660254037844386,0.5000000000000001,-0.9749279121818236,-0.2225209339563146,3,2,1,24.0,50.0,37.0,44.0,62.0,63.0,31.333333333333332,16.28905563049436,50.0,20.0,30.333333333333332,11.219031449579862,50.0,20.0,40.5,13.996752870186736,59.0,20.0,47.083333333333336,12.416387021459862,62.0,20.0,25.0,25.9,28.1,67.0,64.0,61.0,2.33,2.33,2.66,1013.0,1012.0,1011.0,1760.8,188.86,65.968,0.0,0.7999680012799487,12.716027975261545,3.4275475406045888,17.608,23.47,0.024481713246087618,615.0400000000001,5041,7.0756000000000006,1026169,469.3,78.21666666666667,-4.0,-17.0,-0.1999999999999993
76,222.4,17.0,51.0,30.0,124.0,100,0.0,1014,74,24.7,0.0,3.0,2023,10,14,22,5,287,41,-0.5000000000000004,0.8660254037844384,-0.8660254037844386,0.5000000000000001,-0.9749279121818236,-0.2225209339563146,3,3,1,20.0,24.0,50.0,27.0,59.0,61.0,22.666666666666668,2.3094010767601483,24.0,20.0,29.833333333333332,11.461529857164015,50.0,20.0,37.583333333333336,13.426285842150895,59.0,20.0,45.541666666666664,12.90089031867577,62.0,20.0,24.8,25.1,27.5,71.0,64.0,63.0,2.66,2.0,3.0,1013.0,1012.0,1010.0,1827.8,222.0,74.1,0.0,0.7999733342221925,13.081583436268454,2.9998235397917767,18.278,23.2,0.02435895033634089,610.0899999999999,5476,9.0,1028196,468.4,78.06666666666666,4.0,-26.0,-0.10000000000000142
69,216.1,16.3,47.3,26.3,119.0,100,0.0,1014,79,24.1,0.0,2.66,2023,10,14,23,5,287,41,-0.25881904510252157,0.9659258262890681,-0.8660254037844386,0.5000000000000001,-0.9749279121818236,-0.2225209339563146,3,3,1,24.0,20.0,24.0,24.0,59.0,61.0,21.666666666666668,2.081665999467985,24.0,20.0,29.333333333333332,11.826523862346967,50.0,20.0,34.416666666666664,12.354302403566875,54.0,20.0,43.875,13.391471978058986,62.0,20.0,24.7,25.0,26.7,74.0,67.0,63.0,3.0,2.33,2.66,1014.0,1013.0,1011.0,1903.9,210.14000000000001,64.10600000000001,0.0,0.79844872818524,13.256855407643702,2.9016624746948034,19.039,22.770000000000003,0.023767234943555284,580.8100000000001,6241,7.0756000000000006,1028196,446.0,74.33333333333333,-3.0,-3.0,-0.5999999999999979
76,209.9,15.7,43.7,30.0,114.0,100,0.0,1013,84,23.6,0.0,2.33,2023,10,15,0,6,288,41,0.0,1.0,-0.8660254037844386,0.5000000000000001,-0.7818314824680299,0.6234898018587334,3,3,1,21.0,24.0,20.0,37.0,54.0,56.0,23.0,1.7320508075710597,24.0,21.0,27.166666666666668,11.32107179849429,50.0,20.0,31.916666666666668,10.991387813219795,50.0,20.0,42.541666666666664,13.720752820855802,62.0,20.0,24.1,24.8,25.9,79.0,71.0,64.0,2.66,2.66,2.33,1014.0,1013.0,1012.0,1982.4,195.72,54.98800000000001,0.0,0.7999733342221925,13.36857524998408,2.7832622125979243,19.824,22.435000000000002,0.02329711421805112,556.96,7056,5.4289000000000005,1026169,437.3,72.88333333333334,3.0,4.0,-0.5
61,203.7,15.0,40.0,21.3,109.0,100,0.0,1013,89,23.0,0.0,2.0,2023,10,15,1,6,288,41,0.25881904510252074,0.9659258262890683,-0.8660254037844386,0.5000000000000001,-0.7818314824680299,0.6234898018587334,3,3,1,24.0,21.0,24.0,50.0,45.0,58.0,20.666666666666668,3.51188458428536,24.0,17.0,21.666666666666668,2.875181153712553,24.0,17.0,29.583333333333332,10.933337952696313,50.0,17.0,40.833333333333336,14.254417062690024,62.0,17.0,23.6,24.7,25.1,84.0,74.0,64.0,2.33,3.0,2.0,1013.0,1014.0,1012.0,2047.0,178.0,46.0,0.0,0.7980845969672785,13.579094727018198,2.666488900739951,20.47,22.0,0.02270481470403287,529.0,7921,4.0,1026169,406.0,67.66666666666667,-7.0,-7.0,-0.6000000000000014
59,197.5,14.7,40.3,20.0,102.7,100,0.0,1013,89,22.9,0.0,1.66,2023,10,15,2,6,288,41,0.49999999999999994,0.8660254037844387,-0.8660254037844386,0.5000000000000001,-0.7818314824680299,0.6234898018587334,3,3,1,17.0,24.0,21.0,24.0,43.0,51.0,19.0,4.358898943541593,24.0,16.0,20.333333333333332,3.386246693119702,24.0,16.0,27.333333333333332,10.696926774743924,50.0,16.0,39.375,14.942825819712521,62.0,16.0,23.0,24.1,25.0,89.0,79.0,67.0,2.0,2.66,2.33,1013.0,1014.0,1013.0,2038.1,147.73999999999998,38.013999999999996,0.0,0.7999600019998999,13.434460240799947,2.741310114958166,20.381,22.07,0.02260609811836316,524.41,7921,2.7556,1026169,391.2,65.2,-1.0,-5.0,-0.10000000000000142
61,191.2,14.3,40.7,21.3,96.3,100,0.0,1013,88,22.8,0.0,1.33,2023,10,15,3,6,288,41,0.7071067811865476,0.7071067811865476,-0.8660254037844386,0.5000000000000001,-0.7818314824680299,0.6234898018587334,3,3,1,16.0,17.0,24.0,20.0,44.0,48.0,16.666666666666668,0.5773502691968,17.0,16.0,19.833333333333332,3.6560452221853357,24.0,16.0,25.083333333333332,9.662094007307726,50.0,16.0,38.083333333333336,15.494505805121156,62.0,16.0,22.9,23.6,24.8,89.0,84.0,71.0,1.66,2.33,2.66,1013.0,1013.0,1013.0,2006.4,117.04,30.324,0.0,0.7980845969672785,13.369694426963148,2.8459548283336833,20.064,22.135,0.022507381532693455,519.84,7744,1.7689000000000001,1026169,380.8,63.46666666666667,1.0,-7.0,-0.09999999999999787
69,185.0,14.0,41.0,26.3,90.0,100,0.0,1012,88,22.7,0.0,1.0,2023,10,15,4,6,288,41,0.8660254037844386,0.5000000000000001,-0.8660254037844386,0.5000000000000001,-0.7818314824680299,0.6234898018587334,3,3,1,17.0,16.0,17.0,24.0,27.0,48.0,18.0,2.645751311066127,21.0,16.0,19.333333333333332,3.141125063836892,24.0,16.0,24.583333333333332,9.709024230845385,50.0,16.0,36.958333333333336,15.721707968578999,62.0,16.0,22.8,23.0,24.7,88.0,89.0,74.0,1.33,2.0,3.0,1013.0,1013.0,1014.0,1997.6,88.0,22.7,0.0,0.79844872818524,13.213341904149704,2.928362259838583,19.976,22.2,0.022430807874695775,515.29,7744,1.0,1024144,377.3,62.88333333333333,4.0,4.0,-0.10000000000000142
82,198.2,15.3,39.0,33.8,91.3,95,0.0,1013,87,22.8,0.0,1.33,2023,10,15,5,6,288,41,0.9659258262890683,0.25881904510252074,-0.8660254037844386,0.5000000000000001,-0.7818314824680299,0.6234898018587334,3,3,1,21.0,17.0,16.0,21.0,24.0,48.0,21.666666666666668,5.033222956847933,27.0,17.0,20.333333333333332,4.457203906785522,27.0,16.0,24.833333333333332,9.73123680201859,50.0,16.0,36.083333333333336,15.664739320238274,62.0,16.0,22.7,22.9,24.1,88.0,89.0,79.0,1.0,1.66,2.66,1012.0,1013.0,1014.0,1983.6000000000001,115.71000000000001,30.324,0.0,0.7987929351202628,12.953401738448466,2.548853016142736,19.836000000000002,22.135,0.022507381532693455,519.84,7569,1.7689000000000001,1026169,404.6,67.43333333333334,6.0,11.0,0.10000000000000142
67,211.5,16.7,37.0,24.6,92.7,91,0.0,1013,87,23.0,0.6,1.66,2023,10,15,6,6,288,41,1.0,6.123233995736766e-17,-0.8660254037844386,0.5000000000000001,-0.7818314824680299,0.6234898018587334,3,0,1,27.0,21.0,17.0,24.0,37.0,50.0,22.55666666666667,3.9050778908161288,27.0,19.67,19.611666666666668,4.079315710589738,27.0,16.0,23.389166666666668,9.021547396330291,50.0,16.0,34.819583333333334,15.716548597540253,62.0,16.0,22.8,22.8,23.6,87.0,88.0,84.0,1.33,1.33,2.33,1013.0,1013.0,1013.0,2001.0,144.42,38.18,0.0,0.7995609934555505,12.663912340578408,2.215436201425064,20.01,22.17,0.02270481470403287,529.0,7569,2.7556,1026169,402.17,67.02833333333334,-7.329999999999998,2.6700000000000017,0.1999999999999993
65,224.7,18.0,35.0,23.8,94.0,87,0.0,1014,86,23.1,0.7,2.0,2023,10,15,7,6,288,41,0.9659258262890683,-0.25881904510252063,-0.8660254037844386,0.5000000000000001,-0.7818314824680299,0.6234898018587334,3,0,1,19.67,27.0,21.0,17.0,50.0,48.0,21.89,4.438051374196529,27.0,19.0,19.945,3.9010447318631876,27.0,16.0,20.805833333333336,3.388704387259842,27.0,16.0,33.61125,15.773838912000542,62.0,16.0,23.0,22.7,23.0,87.0,88.0,89.0,1.66,1.0,2.0,1013.0,1012.0,1013.0,1986.6000000000001,172.0,46.2,0.0,0.7982857863114995,12.48263985334148,1.9443364257541247,19.866,22.1,0.022781042622245937,533.61,7396,4.0,1028196,414.5,69.08333333333333,-0.6700000000000017,-2.0,0.10000000000000142
76,213.2,16.7,46.3,30.0,107.0,87,0.0,1014,77,24.2,1.0,2.0,2023,10,15,8,6,288,41,0.8660254037844387,-0.4999999999999998,-0.8660254037844386,0.5000000000000001,-0.7818314824680299,0.6234898018587334,3,0,1,19.0,19.67,27.0,16.0,24.0,53.0,20.89,2.7140928502923054,24.0,19.0,21.278333333333332,3.641540424966327,27.0,17.0,20.805833333333336,3.388704387259842,27.0,16.0,32.40291666666666,15.328479739465068,62.0,16.0,23.1,22.8,22.9,86.0,87.0,89.0,2.0,1.33,1.66,1014.0,1013.0,1013.0,1863.3999999999999,154.0,48.4,0.0,0.7999733342221925,12.765702652535776,2.7722890844859585,18.634,23.2,0.023865854175686218,585.64,5929,4.0,1028196,437.2,72.86666666666666,5.0,-3.0,1.0999999999999979
74,201.7,15.3,57.7,28.8,120.0,87,0.0,1015,69,25.4,1.6,2.0,2023,10,15,9,6,288,41,0.7071067811865476,-0.7071067811865475,-0.8660254037844386,0.5000000000000001,-0.7818314824680299,0.6234898018587334,3,0,1,24.0,19.0,19.67,17.0,20.0,62.0,22.0,2.645751311066043,24.0,19.0,22.278333333333336,2.998802538791733,27.0,19.0,21.055833333333336,3.4342061629565315,27.0,16.0,30.777916666666666,14.069988405534875,59.0,16.0,24.2,23.0,22.8,77.0,87.0,88.0,2.0,1.66,1.33,1014.0,1013.0,1013.0,1752.6,138.0,50.8,0.0,0.7985833825214401,13.18214495784589,3.7709953597804065,17.526,24.4,0.025024605887087794,645.16,4761,4.0,1030225,446.5,74.41666666666667,-1.0,3.3299999999999983,1.1999999999999993
65,190.3,14.0,69.0,23.8,133.0,87,0.0,1015,62,26.5,2.2,2.0,2023,10,15,10,6,288,41,0.49999999999999994,-0.8660254037844387,-0.8660254037844386,0.5000000000000001,-0.7818314824680299,0.6234898018587334,3,0,1,23.0,24.0,19.0,21.0,24.0,59.0,22.0,2.645751311066043,24.0,19.0,21.945000000000004,3.2683558557778163,27.0,19.0,20.639166666666668,3.3467282757204604,27.0,16.0,29.11125,12.902227415551534,59.0,16.0,25.4,23.1,22.7,69.0,86.0,88.0,2.0,2.0,1.0,1015.0,1014.0,1012.0,1643.0,124.0,53.0,0.0,0.7982857863114995,13.591886293836156,4.928219412899079,16.43,25.5,0.026108348661725456,702.25,3844,4.0,1030225,449.1,74.85000000000001,-4.0,0.0,1.1000000000000014
69,175.9,11.7,90.3,26.3,140.0,79,0.0,1014,54,27.5,5.2,2.0,2023,10,15,11,6,288,41,0.258819045102521,-0.9659258262890682,-0.8660254037844386,0.5000000000000001,-0.7818314824680299,0.6234898018587334,3,0,1,19.0,23.0,24.0,27.0,21.0,59.0,21.0,2.00000000000195,23.0,19.0,20.945,2.1331080610220705,24.0,19.0,20.639166666666668,3.3467282757204604,27.0,16.0,27.527916666666666,11.308019847096082,54.0,16.0,26.5,24.2,22.8,62.0,77.0,87.0,2.0,2.0,1.33,1015.0,1014.0,1013.0,1485.0,108.0,55.0,0.0,0.79844872818524,15.032903170669176,7.717289120587984,14.85,26.5,0.027120288836007065,756.25,2916,4.0,1028196,465.2,77.53333333333333,2.0,-3.0,1.0
74,161.5,9.3,111.7,28.8,147.0,70,0.0,1013,47,28.6,7.4,2.0,2023,10,15,12,6,288,41,1.2246467991473532e-16,-1.0,-0.8660254037844386,0.5000000000000001,-0.7818314824680299,0.6234898018587334,3,1,1,21.0,19.0,23.0,19.67,24.0,54.0,21.0,2.00000000000195,23.0,19.0,21.5,2.167948338867241,24.0,19.0,20.555833333333336,3.2669347833679785,27.0,16.0,26.23625,9.826161536606126,50.0,16.0,27.5,25.4,23.0,54.0,69.0,87.0,2.0,2.0,1.66,1014.0,1015.0,1013.0,1344.2,94.0,57.2,0.0,0.7985833825214401,17.363724330717126,12.009461348242125,13.442,27.6,0.028232943501536524,817.96,2209,4.0,1026169,481.3,80.21666666666667,2.0,0.0,1.1000000000000014
72,147.1,7.0,133.0,27.5,154.0,62,0.0,1012,41,29.6,7.4,2.0,2023,10,15,13,6,288,41,-0.2588190451025208,-0.9659258262890683,-0.8660254037844386,0.5000000000000001,-0.7818314824680299,0.6234898018587334,3,1,1,23.0,21.0,19.0,19.0,17.0,45.0,22.0,1.0000000000038423,23.0,21.0,22.0,1.7888543819990297,24.0,19.0,20.9725,3.086036366366591,27.0,16.0,25.277916666666666,9.003755728036152,50.0,16.0,28.6,26.5,23.1,47.0,62.0,86.0,2.0,2.0,2.0,1013.0,1015.0,1014.0,1213.6000000000001,82.0,59.2,0.0,0.7999709101487218,21.0112841022711,18.99728610198543,12.136000000000001,28.6,0.02924898295555044,876.1600000000001,1681,4.0,1024144,490.6,81.76666666666667,-1.0,3.0,1.0
69,145.3,8.0,130.0,26.3,151.3,54,0.0,1012,42,29.6,5.2,1.66,2023,10,15,14,6,288,41,-0.4999999999999997,-0.8660254037844388,-0.8660254037844386,0.5000000000000001,-0.7818314824680299,0.6234898018587334,3,1,1,22.0,23.0,21.0,24.0,16.0,43.0,22.0,1.0000000000038423,23.0,21.0,21.5,1.516575088809396,23.0,19.0,21.389166666666668,2.6620479414195106,27.0,17.0,24.36125,8.205557137378365,50.0,16.0,29.6,27.5,24.2,41.0,54.0,77.0,2.0,2.0,2.0,1012.0,1014.0,1014.0,1243.2,69.72,49.136,0.0,0.79844872818524,18.160229971253596,16.247969003874516,12.432,28.770000000000003,0.02924898295555044,876.1600000000001,1764,2.7556,1024144,481.90000000000003,80.31666666666668,-1.0,0.0,0.0
82,143.6,9.0,127.0,33.8,148.7,45,0.0,1011,43,29.7,3.3,1.33,2023,10,15,15,6,288,41,-0.7071067811865471,-0.7071067811865479,-0.8660254037844386,0.5000000000000001,-0.7818314824680299,0.6234898018587334,3,1,1,21.0,22.0,23.0,23.0,17.0,44.0,23.333333333333332,3.2145502536654904,27.0,21.0,22.166666666666668,2.7141603981091027,27.0,19.0,22.2225,2.7275500995299913,27.0,19.0,23.652916666666666,7.095184208269254,50.0,16.0,29.6,28.6,25.4,42.0,47.0,69.0,1.66,2.0,2.0,1012.0,1013.0,1015.0,1277.1,57.190000000000005,39.501,0.0,0.7987929351202628,15.953782913009666,14.109543384068438,12.770999999999999,29.035,0.029376825542210147,882.0899999999999,1849,1.7689000000000001,1022121,489.1,81.51666666666667,6.0,4.0,0.09999999999999787
85,141.8,10.0,124.0,35.0,146.0,37,0.0,1010,44,29.7,2.3,1.0,2023,10,15,16,6,288,41,-0.8660254037844385,-0.5000000000000004,-0.8660254037844386,0.5000000000000001,-0.7818314824680299,0.6234898018587334,3,1,1,27.0,21.0,22.0,19.0,21.0,27.0,25.333333333333332,3.7859388972011474,28.0,21.0,23.666666666666668,3.0767948691232996,28.0,21.0,22.805833333333336,3.1570482713874117,28.0,19.0,23.69458333333333,7.1185923004887535,50.0,16.0,29.7,29.6,26.5,43.0,41.0,62.0,1.33,2.0,2.0,1011.0,1012.0,1015.0,1306.8,44.0,29.7,0.0,0.7999771435101855,14.178582141785823,12.398760123987602,13.068,29.2,0.029405911479295565,882.0899999999999,1936,1.0,1020100,484.8,80.8,1.0,6.0,0.0
91,176.6,14.3,102.3,38.8,142.0,50,0.0,1011,48,28.8,1.9,1.0,2023,10,15,17,6,288,41,-0.9659258262890683,-0.25881904510252063,-0.8660254037844386,0.5000000000000001,-0.7818314824680299,0.6234898018587334,3,1,1,28.0,27.0,21.0,21.0,27.0,24.0,28.666666666666668,2.0816659994677975,31.0,27.0,25.333333333333332,3.932768321000251,31.0,21.0,23.139166666666668,3.788217278814214,31.0,19.0,23.98625,7.273371213154601,50.0,16.0,29.7,29.6,27.5,44.0,42.0,54.0,1.0,1.66,2.0,1010.0,1012.0,1014.0,1382.4,48.0,28.8,0.0,0.7989484807092602,12.348786798126005,7.153345919865743,13.824000000000002,28.3,0.02848661870759772,829.44,2304,1.0,1022121,505.0,84.16666666666667,3.0,10.0,-0.8999999999999986
153,211.5,18.7,80.7,68.8,138.0,62,0.0,1011,52,27.9,0.0,1.0,2023,10,15,18,6,288,41,-1.0,-1.8369701987210297e-16,-0.8660254037844386,0.5000000000000001,-0.7818314824680299,0.6234898018587334,3,2,1,31.0,28.0,27.0,23.0,19.67,37.0,38.0,14.798648586948941,55.0,28.0,30.666666666666668,12.500666648889654,55.0,21.0,26.083333333333332,9.802210635021286,55.0,19.0,24.73625,9.315110124439398,55.0,16.0,28.8,29.7,28.6,48.0,43.0,47.0,1.0,1.33,2.0,1011.0,1011.0,1013.0,1450.8,52.0,27.9,0.0,0.7994069853635848,11.309555638735896,4.315277257900647,14.508,27.4,0.02759641187298529,778.41,2704,1.0,1022121,572.7,95.45,24.0,28.0,-0.9000000000000021
167,246.3,23.0,59.0,85.0,134.0,75,0.0,1012,57,27.0,0.0,1.0,2023,10,15,19,6,288,41,-0.9659258262890684,0.2588190451025203,-0.8660254037844386,0.5000000000000001,-0.7818314824680299,0.6234898018587334,3,2,1,55.0,31.0,28.0,22.0,19.0,50.0,51.333333333333336,18.770544300401564,68.0,31.0,38.333333333333336,18.69402756675673,68.0,21.0,30.166666666666668,15.266322610917031,68.0,19.0,25.48625,11.82431974787552,68.0,16.0,27.9,29.7,29.6,52.0,44.0,41.0,1.0,1.0,2.0,1011.0,1010.0,1012.0,1539.0,57.0,27.0,0.0,0.7999905883460194,10.708230076953177,2.565105864962393,15.39,26.5,0.026679815533779117,729.0,3249,1.0,1024144,615.3,102.55,13.0,40.0,-0.8999999999999986
171,253.3,23.0,52.3,88.8,131.7,70,0.0,1012,60,26.7,0.0,1.0,2023,10,15,20,6,288,41,-0.8660254037844386,0.5000000000000001,-0.8660254037844386,0.5000000000000001,-0.7818314824680299,0.6234898018587334,3,2,1,68.0,55.0,31.0,21.0,24.0,24.0,64.66666666666667,8.50490054811555,71.0,55.0,46.666666666666664,20.480885397527594,71.0,27.0,34.083333333333336,19.090494223486193,71.0,19.0,27.44458333333333,15.026042893464398,71.0,16.0,27.0,28.8,29.6,57.0,48.0,42.0,1.0,1.0,1.66,1012.0,1011.0,1012.0,1602.0,60.0,26.7,0.0,0.7995405457145752,11.012564671101256,2.273814181992087,16.02,26.2,0.02638337313895935,712.89,3600,1.0,1024144,620.1,103.35000000000001,3.0,40.0,-0.3000000000000007
153,260.3,23.0,45.7,68.8,129.3,66,0.0,1013,63,26.3,0.0,1.0,2023,10,15,21,6,288,41,-0.7071067811865477,0.7071067811865474,-0.8660254037844386,0.5000000000000001,-0.7818314824680299,0.6234898018587334,3,2,1,71.0,68.0,55.0,27.0,23.0,20.0,64.66666666666667,8.50490054811555,71.0,55.0,51.333333333333336,18.162231874597847,71.0,28.0,36.75,19.628944305424177,71.0,19.0,28.902916666666666,15.942590886260223,71.0,16.0,26.7,27.9,29.7,60.0,52.0,43.0,1.0,1.0,1.33,1012.0,1011.0,1011.0,1656.9,63.0,26.3,0.0,0.7994069853635848,11.316899265249337,1.98687013608104,16.569000000000003,25.8,0.025962462031133237,691.69,3969,1.0,1026169,582.1,97.01666666666667,-16.0,0.0,-0.3999999999999986
129,267.3,23.0,39.0,57.5,127.0,62,0.0,1014,66,26.0,0.0,1.0,2023,10,15,22,6,288,41,-0.5000000000000004,0.8660254037844384,-0.8660254037844386,0.5000000000000001,-0.7818314824680299,0.6234898018587334,3,3,1,55.0,71.0,68.0,28.0,19.0,24.0,57.333333333333336,12.662279942148526,71.0,46.0,54.333333333333336,14.692401664352136,71.0,31.0,39.0,18.94489617044866,71.0,21.0,29.81958333333333,16.277388552212898,71.0,16.0,26.3,27.0,29.7,63.0,57.0,44.0,1.0,1.0,1.0,1013.0,1012.0,1010.0,1716.0,66.0,26.0,0.0,0.7999860871984835,11.621233859397417,1.6955784531107343,17.16,25.5,0.025641000354043045,676.0,4356,1.0,1028196,559.8,93.3,-9.0,-22.0,-0.3000000000000007
163,260.3,22.7,35.7,81.3,117.7,66,0.0,1013,71,25.1,0.0,1.0,2023,10,15,23,6,288,41,-0.25881904510252157,0.9659258262890681,-0.8660254037844386,0.5000000000000001,-0.7818314824680299,0.6234898018587334,3,3,1,46.0,55.0,71.0,31.0,21.0,21.0,55.333333333333336,9.504384952922365,65.0,46.0,60.0,9.549869109050114,71.0,46.0,42.666666666666664,19.396969460263975,71.0,21.0,31.652916666666666,17.65999864079145,71.0,16.0,26.0,26.7,28.8,66.0,60.0,48.0,1.0,1.0,1.0,1014.0,1012.0,1011.0,1782.1000000000001,71.0,25.1,0.0,0.7994981611542293,11.466455222236906,1.572617946345976,17.821,24.6,0.024777863003096742,630.0100000000001,5041,1.0,1026169,582.7,97.11666666666667,19.0,-6.0,-0.8999999999999986
160,253.3,22.3,32.3,78.8,108.3,70,0.0,1013,76,24.1,0.0,1.0,2023,10,16,0,0,289,42,0.0,1.0,-0.8660254037844386,0.5000000000000001,0.0,1.0,3,3,0,65.0,46.0,55.0,55.0,23.0,24.0,58.0,10.44030650891072,65.0,46.0,61.333333333333336,9.266426855409588,71.0,46.0,46.0,19.14537684521888,71.0,21.0,33.27791666666666,18.689493905067074,71.0,16.0,25.1,26.3,27.9,71.0,63.0,52.0,1.0,1.0,1.0,1013.0,1013.0,1011.0,1831.6000000000001,76.0,24.1,0.0,0.7994822400730955,11.358235056723913,1.4483655441460022,18.316000000000003,23.6,0.02379069714639966,580.8100000000001,5776,1.0,1026169,558.0,93.0,-2.0,8.0,-1.0
172,246.3,22.0,29.0,90.0,99.0,75,0.0,1013,82,23.2,0.0,1.0,2023,10,16,1,0,289,42,0.25881904510252074,0.9659258262890683,-0.8660254037844386,0.5000000000000001,0.0,1.0,3,3,0,63.0,65.0,46.0,68.0,22.0,17.0,66.66666666666667,4.725815626252901,72.0,63.0,62.0,9.959919678390445,72.0,46.0,50.166666666666664,18.886422893098572,72.0,21.0,35.569583333333334,19.93709967114339,72.0,16.0,24.1,26.0,27.0,76.0,66.0,57.0,1.0,1.0,1.0,1013.0,1014.0,1012.0,1902.3999999999999,82.0,23.2,0.0,0.7999911112098754,11.194945684287077,1.3181219035498386,19.023999999999997,22.7,0.022902247875372286,538.24,6724,1.0,1026169,558.3,93.05,9.0,26.0,-0.9000000000000021
153,233.2,21.3,29.7,72.5,97.3,79,0.0,1013,82,23.5,0.0,1.0,2023,10,16,2,0,289,42,0.49999999999999994,0.8660254037844387,-0.8660254037844386,0.5000000000000001,0.0,1.0,3,3,0,72.0,63.0,65.0,71.0,21.0,16.0,64.33333333333333,7.094598884597802,72.0,58.0,59.833333333333336,8.975893641674702,72.0,46.0,53.25,16.570099028616863,72.0,27.0,37.319583333333334,19.987906882862355,72.0,17.0,23.2,25.1,26.7,82.0,71.0,60.0,1.0,1.0,1.0,1013.0,1013.0,1012.0,1927.0,82.0,23.5,0.0,0.799988965669439,10.94784282428055,1.3943007370545981,19.27,23.0,0.02319839763238141,552.25,6724,1.0,1026169,512.0,85.33333333333333,-14.0,-7.0,0.3000000000000007
131,220.2,20.7,30.3,58.8,95.7,83,0.0,1013,83,23.7,0.0,1.0,2023,10,16,3,0,289,42,0.7071067811865476,0.7071067811865476,-0.8660254037844386,0.5000000000000001,0.0,1.0,3,3,0,58.0,72.0,63.0,55.0,27.0,17.0,59.0,12.529964086141813,72.0,47.0,58.5,10.329569206892897,72.0,46.0,54.916666666666664,14.575560699230655,72.0,28.0,38.569583333333334,19.596142805723904,72.0,19.0,23.5,24.1,26.3,82.0,76.0,63.0,1.0,1.0,1.0,1013.0,1013.0,1013.0,1967.1,83.0,23.7,0.0,0.7993061342494175,10.63716728660451,1.4636974059224193,19.671,23.2,0.023395830803720825,561.6899999999999,6889,1.0,1026169,472.7,78.78333333333333,-11.0,-16.0,0.1999999999999993
137,207.2,20.0,31.0,61.3,94.0,87,0.0,1013,83,24.0,0.0,1.0,2023,10,16,4,0,289,42,0.8660254037844386,0.5000000000000001,-0.8660254037844386,0.5000000000000001,0.0,1.0,3,3,0,47.0,58.0,72.0,46.0,28.0,21.0,51.333333333333336,5.859465277082697,58.0,47.0,59.0,9.654014708917211,72.0,47.0,56.666666666666664,12.10058851561484,72.0,31.0,39.73625,19.33642582244617,72.0,19.0,23.7,23.2,26.0,83.0,82.0,66.0,1.0,1.0,1.0,1013.0,1013.0,1014.0,1992.0,83.0,24.0,0.0,0.7993344317384709,10.359482025898703,1.5499225038748061,19.92,23.5,0.02369198056072995,576.0,6889,1.0,1026169,462.5,77.08333333333333,2.0,-23.0,0.3000000000000007
153,213.6,19.3,35.3,72.5,91.7,91,0.0,1013,84,24.0,0.0,1.33,2023,10,16,5,0,289,42,0.9659258262890683,0.25881904510252074,-0.8660254037844386,0.5000000000000001,0.0,1.0,3,3,0,49.0,47.0,58.0,65.0,31.0,27.0,51.333333333333336,5.859465277082697,58.0,47.0,57.833333333333336,9.196013629103469,72.0,47.0,58.916666666666664,9.009674934437394,72.0,46.0,41.02791666666666,19.483493789709033,72.0,19.0,24.0,23.5,25.1,83.0,82.0,71.0,1.0,1.0,1.0,1013.0,1013.0,1013.0,2016.0,111.72,31.92,0.0,0.799988965669439,11.066784104450544,1.8289207813066677,20.16,23.335,0.02369198056072995,576.0,7056,1.7689000000000001,1026169,490.4,81.73333333333333,9.0,0.0,0.0
137,220.0,18.7,39.7,61.3,89.3,95,0.0,1014,84,24.0,0.6,1.66,2023,10,16,6,0,289,42,1.0,6.123233995736766e-17,-0.8660254037844386,0.5000000000000001,0.0,1.0,3,0,0,58.0,49.0,47.0,63.0,55.0,19.67,52.0,5.196152422707055,58.0,49.0,55.5,9.396807968666305,72.0,47.0,58.416666666666664,9.404624909955569,72.0,46.0,42.25,18.9994279090075,72.0,19.0,24.0,23.7,24.1,84.0,83.0,76.0,1.33,1.0,1.0,1013.0,1013.0,1013.0,2016.0,139.44,39.839999999999996,0.0,0.7993344317384709,11.764076787337576,2.122881129351372,20.16,23.17,0.023668615711424347,576.0,7056,2.7556,1028196,478.0,79.66666666666667,-9.0,2.0,0.0
153,226.4,18.0,44.0,72.5,87.0,100,0.0,1014,85,24.0,0.7,2.0,2023,10,16,7,0,289,42,0.9659258262890683,-0.25881904510252063,-0.8660254037844386,0.5000000000000001,0.0,1.0,3,0,0,49.0,58.0,49.0,72.0,68.0,19.0,55.0,5.196152422707024,58.0,49.0,53.166666666666664,5.344779384283108,58.0,47.0,57.583333333333336,8.908201872771395,72.0,46.0,43.875,18.587776488397356,72.0,19.0,24.0,24.0,23.2,84.0,83.0,82.0,1.66,1.0,1.0,1014.0,1013.0,1013.0,2040.0,170.0,48.0,0.0,0.799988965669439,12.577079051163823,2.444308649519471,20.4,23.0,0.023668615711424347,576.0,7225,4.0,1028196,505.9,84.31666666666666,9.0,9.0,0.0
153,206.6,15.3,75.3,68.8,107.0,100,0.0,1015,81,24.8,1.0,2.0,2023,10,16,8,0,289,42,0.8660254037844387,-0.4999999999999998,-0.8660254037844386,0.5000000000000001,0.0,1.0,3,0,0,58.0,49.0,58.0,58.0,71.0,24.0,54.0,4.5825756949562955,58.0,49.0,52.666666666666664,4.92612085384208,58.0,47.0,56.25,7.8523302852769925,72.0,46.0,45.166666666666664,18.220071747739173,72.0,19.0,24.0,24.0,23.5,85.0,84.0,82.0,2.0,1.33,1.0,1014.0,1013.0,1013.0,2008.8,162.0,49.6,0.0,0.7994069853635848,13.502385465002288,4.9212469773217435,20.088,23.8,0.024433473464558163,615.0400000000001,6561,4.0,1030225,528.0,88.0,-3.0,-3.0,0.8000000000000007
123,186.8,12.7,106.7,55.0,127.0,100,0.0,1015,77,25.7,1.7,2.0,2023,10,16,9,0,289,42,0.7071067811865476,-0.7071067811865475,-0.8660254037844386,0.5000000000000001,0.0,1.0,3,0,0,55.0,58.0,49.0,47.0,55.0,23.0,52.333333333333336,7.37111479583229,58.0,44.0,52.166666666666664,5.706721183539452,58.0,44.0,55.333333333333336,8.616404368552562,72.0,44.0,46.041666666666664,17.60306091630653,72.0,19.0,24.8,24.0,23.7,81.0,84.0,83.0,2.0,1.66,1.0,1015.0,1014.0,1013.0,1978.8999999999999,154.0,51.4,0.0,0.7999854548099126,14.707503346193215,8.400913313912291,19.788999999999998,24.7,0.025320172098352613,660.49,5929,4.0,1030225,532.2,88.7,-11.0,-5.0,0.8999999999999986
151,166.9,10.0,138.0,70.0,147.0,100,0.0,1015,73,26.5,2.6,2.0,2023,10,16,10,0,289,42,0.49999999999999994,-0.8660254037844387,-0.8660254037844386,0.5000000000000001,0.0,1.0,3,0,0,44.0,55.0,58.0,49.0,46.0,19.0,51.666666666666664,6.6583281184797265,56.0,44.0,53.333333333333336,5.645056834670284,58.0,44.0,56.166666666666664,8.09975682388354,72.0,44.0,47.583333333333336,16.73038544389998,72.0,21.0,25.7,24.0,24.0,77.0,85.0,83.0,2.0,2.0,1.0,1015.0,1014.0,1013.0,1934.5,146.0,53.0,0.0,0.7999885715918343,16.688331166883312,13.798620137986202,19.345,25.5,0.026108348661725456,702.25,5329,4.0,1030225,587.9,97.98333333333333,12.0,-2.0,0.8000000000000007
107,159.5,8.7,146.7,47.5,139.0,87,0.0,1014,59,28.0,3.5,1.66,2023,10,16,11,0,289,42,0.258819045102521,-0.9659258262890682,-0.8660254037844386,0.5000000000000001,0.0,1.0,3,0,0,56.0,44.0,55.0,58.0,65.0,21.0,46.0,9.165151389911957,56.0,38.0,50.0,7.823042886242647,58.0,38.0,53.916666666666664,9.110017795943751,72.0,38.0,48.291666666666664,15.894979154401303,72.0,21.0,26.5,24.8,24.0,73.0,81.0,84.0,2.0,2.0,1.33,1015.0,1015.0,1013.0,1652.0,97.94,46.48,0.0,0.7999831582493001,18.331226295828067,16.860131019423054,16.52,27.17,0.02761338499666174,784.0,3481,2.7556,1028196,539.4,89.89999999999999,-18.0,-17.0,1.5
102,152.1,7.3,155.3,45.0,131.0,75,0.0,1013,49,29.5,3.7,1.33,2023,10,16,12,0,289,42,1.2246467991473532e-16,-1.0,-0.8660254037844386,0.5000000000000001,0.0,1.0,3,1,0,38.0,56.0,44.0,49.0,63.0,23.0,43.333333333333336,11.015141094572447,56.0,36.0,47.833333333333336,9.724539406401663,58.0,36.0,51.666666666666664,9.957485382941968,72.0,36.0,48.833333333333336,15.202021223356253,72.0,21.0,28.0,25.7,24.0,59.0,77.0,84.0,1.66,2.0,1.66,1014.0,1015.0,1014.0,1445.5,65.17,39.235,0.0,0.7999822226172753,20.832762635255442,21.2710587590741,14.455,28.835,0.029121392772563898,870.25,2401,1.7689000000000001,1026169,526.7,87.78333333333335,-2.0,-8.0,1.5
101,144.7,6.0,164.0,37.5,123.0,62,0.0,1012,40,31.0,3.1,1.0,2023,10,16,13,0,289,42,-0.2588190451025208,-0.9659258262890683,-0.8660254037844386,0.5000000000000001,0.0,1.0,3,1,0,36.0,38.0,56.0,58.0,72.0,22.0,34.666666666666664,4.16333199893303,38.0,30.0,43.166666666666664,10.553040636075453,56.0,30.0,48.166666666666664,9.533036655692458,58.0,30.0,49.166666666666664,14.666337282204244,72.0,21.0,29.5,26.5,24.0,49.0,73.0,85.0,1.33,2.0,2.0,1013.0,1015.0,1014.0,1240.0,40.0,31.0,0.0,0.7999786672355405,24.112647892017993,27.328778536910512,12.4,30.5,0.03063238079804269,961.0,1600,1.0,1024144,505.2,84.2,-6.0,-26.0,1.5
95,149.2,7.7,152.7,41.3,120.0,62,0.0,1012,40,31.2,2.1,1.0,2023,10,16,14,0,289,42,-0.4999999999999997,-0.8660254037844388,-0.8660254037844386,0.5000000000000001,0.0,1.0,3,1,0,30.0,36.0,38.0,55.0,58.0,21.0,33.0,3.000000000001094,36.0,30.0,39.5,9.375499986667053,56.0,30.0,46.083333333333336,9.912878064171874,58.0,30.0,49.666666666666664,13.845943266081527,72.0,27.0,31.0,28.0,24.8,40.0,59.0,81.0,1.0,1.66,2.0,1012.0,1014.0,1015.0,1248.0,40.0,31.2,0.0,0.7990121304568898,19.374107258797554,19.828593689131278,12.48,30.7,0.030830009061255867,973.4399999999999,1600,1.0,1024144,503.9,83.98333333333333,3.0,-5.0,0.1999999999999993
85,153.7,9.3,141.3,35.0,117.0,62,0.0,1011,40,31.3,1.7,1.0,2023,10,16,15,0,289,42,-0.7071067811865471,-0.7071067811865479,-0.8660254037844386,0.5000000000000001,0.0,1.0,3,1,0,33.0,30.0,36.0,44.0,47.0,27.0,30.333333333333332,2.5166114784249434,33.0,28.0,36.833333333333336,10.087946603083363,56.0,28.0,44.5,11.188468089144587,58.0,28.0,49.708333333333336,13.776095132564286,72.0,28.0,31.2,29.5,25.7,40.0,49.0,77.0,1.0,1.33,2.0,1012.0,1013.0,1015.0,1252.0,40.0,31.3,0.0,0.7999771435101855,16.525104827437907,15.191914847865823,12.52,30.8,0.03095941547041002,979.69,1600,1.0,1022121,484.3,80.71666666666667,-5.0,-8.0,0.10000000000000142
100,158.2,11.0,130.0,43.8,114.0,62,0.0,1011,41,31.5,1.4,1.0,2023,10,16,16,0,289,42,-0.8660254037844385,-0.5000000000000004,-0.8660254037844386,0.5000000000000001,0.0,1.0,3,1,0,28.0,33.0,30.0,56.0,49.0,28.0,32.0,3.605551275464915,35.0,28.0,33.333333333333336,3.7771241264567808,38.0,28.0,43.333333333333336,11.404411692875469,58.0,28.0,50.0,13.36445642935717,72.0,28.0,31.3,31.0,26.5,40.0,40.0,73.0,1.0,1.0,2.0,1011.0,1012.0,1015.0,1291.5,41.0,31.5,0.0,0.7990685144174792,14.38051086264885,11.817107535678575,12.915,31.0,0.031157239211435005,992.25,1681,1.0,1022121,492.0,82.0,7.0,5.0,0.1999999999999993
129,232.9,19.7,110.0,57.5,119.7,66,0.0,1011,47,30.2,1.3,0.66,2023,10,16,17,0,289,42,-0.9659258262890683,-0.25881904510252063,-0.8660254037844386,0.5000000000000001,0.0,1.0,3,1,0,35.0,28.0,33.0,38.0,58.0,31.0,36.333333333333336,9.073771725877808,46.0,28.0,34.666666666666664,6.314005596027106,46.0,28.0,42.333333333333336,10.490977364411515,58.0,28.0,50.625,12.775018080477789,72.0,28.0,31.5,31.2,28.0,41.0,40.0,59.0,1.0,1.0,1.66,1011.0,1012.0,1014.0,1419.3999999999999,31.020000000000003,19.932000000000002,0.0,0.7999860871984835,11.821734937312828,5.583472920156337,14.193999999999999,29.87,0.029871384894772608,912.04,2209,0.43560000000000004,1022121,585.8000000000001,97.63333333333334,11.0,13.0,-1.3000000000000007
164,307.6,28.3,90.0,82.5,125.3,70,0.0,1011,55,28.9,0.0,0.33,2023,10,16,18,0,289,42,-1.0,-1.8369701987210297e-16,-0.8660254037844386,0.5000000000000001,0.0,1.0,3,2,0,46.0,35.0,28.0,36.0,49.0,55.0,49.0,15.716233645501864,66.0,35.0,39.666666666666664,14.348054455802032,66.0,28.0,43.75,12.439855304624272,66.0,28.0,51.083333333333336,13.13116659828429,72.0,28.0,30.2,31.3,29.5,47.0,40.0,49.0,0.66,1.0,1.33,1011.0,1011.0,1013.0,1589.5,18.150000000000002,9.537,0.0,0.7999903031478406,10.86887389138193,3.180099643122151,15.895,28.735,0.02858553057811021,835.2099999999999,3025,0.10890000000000001,1022121,699.7,116.61666666666667,20.0,38.0,-1.3000000000000007
199,382.3,37.0,70.0,115.0,131.0,75,0.0,1012,64,27.6,0.0,1.6,2023,10,16,19,0,289,42,-0.9659258262890684,0.2588190451025203,-0.8660254037844386,0.5000000000000001,0.0,1.0,3,2,0,66.0,46.0,35.0,30.0,58.0,68.0,68.0,23.06512518934165,92.0,46.0,50.0,24.633310780323292,92.0,28.0,46.583333333333336,18.4166838063814,92.0,28.0,52.083333333333336,15.222742330407637,92.0,28.0,28.9,31.5,31.0,55.0,41.0,40.0,0.33,1.0,1.0,1011.0,1011.0,1012.0,1766.4,102.4,44.160000000000004,0.0,0.7999930435387518,10.332153185049053,1.891840761060512,17.664,26.8,0.027272700323418653,761.7600000000001,4096,2.5600000000000005,1024144,827.3,137.88333333333333,26.0,57.0,-1.2999999999999972
229,440.4,40.7,63.7,143.8,144.7,83,0.0,1013,68,27.2,0.0,0.33,2023,10,16,20,0,289,42,-0.8660254037844386,0.5000000000000001,-0.8660254037844386,0.5000000000000001,0.0,1.0,3,2,0,92.0,66.0,46.0,33.0,55.0,71.0,91.0,24.515301344262525,115.0,66.0,63.666666666666664,34.20331367962255,115.0,28.0,51.583333333333336,27.03687156907049,115.0,28.0,53.916666666666664,19.61569173694507,115.0,28.0,27.6,30.2,31.2,64.0,47.0,40.0,1.6,0.66,1.0,1012.0,1011.0,1012.0,1849.6,22.44,8.976,0.0,0.7997162745738902,10.820372963809243,1.5650721112503378,18.496,27.035,0.02685091130216061,739.8399999999999,4624,0.10890000000000001,1026169,948.3,158.04999999999998,23.0,69.0,-0.40000000000000213
161,498.6,44.3,57.3,80.0,158.3,91,0.0,1013,72,26.9,0.0,0.66,2023,10,16,21,0,289,42,-0.7071067811865477,0.7071067811865474,-0.8660254037844386,0.5000000000000001,0.0,1.0,3,2,0,115.0,92.0,66.0,28.0,44.0,55.0,90.33333333333333,25.540817005987364,115.0,64.0,69.66666666666667,29.534161011727655,115.0,35.0,53.25,27.143139096279707,115.0,28.0,54.291666666666664,19.723036997526822,115.0,28.0,27.2,28.9,31.3,68.0,55.0,40.0,0.33,0.33,1.0,1013.0,1011.0,1011.0,1936.8,47.52,17.754,0.0,0.7999900001249984,11.254824947518117,1.2934245276630325,19.368,26.57,0.026554761545151486,723.6099999999999,5184,0.43560000000000004,1026169,902.5,150.41666666666666,-51.0,-2.0,-0.3000000000000007
169,556.8,48.0,51.0,87.5,172.0,100,0.0,1014,77,26.5,0.0,1.0,2023,10,16,22,0,289,42,-0.5000000000000004,0.8660254037844384,-0.8660254037844386,0.5000000000000001,0.0,1.0,3,3,0,64.0,115.0,92.0,35.0,56.0,46.0,83.0,27.87471972953272,115.0,64.0,75.5,24.312548200466072,115.0,46.0,54.416666666666664,27.569608871605723,115.0,28.0,55.291666666666664,19.892054709851504,115.0,28.0,26.9,27.6,31.5,72.0,64.0,41.0,0.66,1.6,1.0,1013.0,1012.0,1011.0,2040.5,77.0,26.5,0.0,0.7999908572473458,11.59975833836795,1.0624778650444784,20.405,26.0,0.026134096514697717,702.25,5929,1.0,1028196,985.3,164.21666666666667,6.0,-22.0,-0.3999999999999986
159,572.1,48.0,43.0,77.5,168.7,91,0.0,1014,81,25.8,0.0,0.66,2023,10,16,23,0,289,42,-0.25881904510252157,0.9659258262890681,-0.8660254037844386,0.5000000000000001,0.0,1.0,3,3,0,70.0,64.0,115.0,46.0,38.0,65.0,65.33333333333333,4.163331998932615,70.0,62.0,78.16666666666667,21.09423301916076,115.0,62.0,56.416666666666664,27.13755644299901,115.0,28.0,55.166666666666664,19.83774765148688,115.0,28.0,26.5,27.2,30.2,77.0,68.0,47.0,1.0,0.33,0.66,1014.0,1013.0,1011.0,2089.8,53.46,17.028000000000002,0.0,0.7999896775525477,11.918501697881295,0.8958146705276974,20.898000000000003,25.470000000000002,0.025443761889781175,665.64,6561,0.43560000000000004,1028196,971.3,161.88333333333333,-8.0,-53.0,-0.6999999999999993
171,587.5,48.0,35.0,88.8,165.3,83,0.0,1013,85,25.2,0.0,0.33,2023,10,17,0,1,290,42,0.0,1.0,-0.8660254037844386,0.5000000000000001,0.7818314824680298,0.6234898018587336,3,3,0,62.0,70.0,64.0,66.0,36.0,63.0,67.66666666666667,4.932882862316517,71.0,62.0,79.0,20.610676844780844,115.0,62.0,59.333333333333336,26.619655531318354,115.0,28.0,55.5,20.041261784455063,115.0,28.0,25.8,26.9,28.9,81.0,72.0,55.0,0.66,0.66,0.33,1014.0,1013.0,1011.0,2142.0,28.05,8.316,0.0,0.7995405457145752,12.239328347326097,0.7291514760109165,21.42,25.035,0.024876579588766448,635.04,7225,0.10890000000000001,1026169,995.5999999999999,165.9333333333333,9.0,7.0,-0.6000000000000014
167,602.9,48.0,27.0,85.0,162.0,75,0.0,1013,90,24.5,0.0,0.8,2023,10,17,1,1,290,42,0.25881904510252074,0.9659258262890683,-0.8660254037844386,0.5000000000000001,0.7818314824680298,0.6234898018587336,3,3,0,71.0,62.0,70.0,92.0,30.0,72.0,67.0,4.582575694956137,71.0,62.0,75.0,19.89974874213205,115.0,62.0,62.5,25.025441599954117,115.0,28.0,55.333333333333336,19.914309180710813,115.0,28.0,25.2,26.5,27.6,85.0,77.0,64.0,0.33,1.0,1.6,1013.0,1014.0,1012.0,2205.0,72.0,19.6,0.0,0.7999905883460194,12.560154996770901,0.5624882814941355,22.05,24.1,0.02418556348907849,600.25,8100,0.6400000000000001,1026169,992.9,165.48333333333332,-3.0,-2.0,-0.6999999999999993
201,542.7,43.7,24.0,117.5,144.0,79,0.0,1013,89,24.6,0.0,0.33,2023,10,17,2,1,290,42,0.49999999999999994,0.8660254037844387,-0.8660254037844386,0.5000000000000001,0.7818314824680298,0.6234898018587336,3,3,0,68.0,71.0,62.0,115.0,33.0,58.0,77.66666666666667,14.224392195567967,94.0,68.0,71.5,11.554220008290772,94.0,62.0,67.58333333333333,24.681455435695618,115.0,28.0,56.833333333333336,21.422594059354722,115.0,28.0,24.5,25.8,27.2,90.0,81.0,68.0,0.8,0.66,0.33,1013.0,1014.0,1013.0,2189.4,29.37,8.118,0.0,0.799993191547306,12.4184801263129,0.5491865174709961,21.894000000000002,24.435000000000002,0.0242842800747482,605.1600000000001,7921,0.10890000000000001,1026169,965.9000000000001,160.98333333333335,26.0,32.0,0.10000000000000142
196,482.6,39.3,21.0,112.5,126.0,83,0.0,1012,89,24.6,0.0,0.66,2023,10,17,3,1,290,42,0.7071067811865476,0.7071067811865476,-0.8660254037844386,0.5000000000000001,0.7818314824680298,0.6234898018587336,3,3,0,94.0,68.0,71.0,64.0,28.0,47.0,84.0,14.00000000000003,94.0,68.0,75.83333333333333,12.967909109284065,94.0,62.0,72.75,21.983981771859266,115.0,35.0,58.625,22.34280839457159,115.0,28.0,24.6,25.2,26.9,89.0,85.0,72.0,0.33,0.33,0.66,1013.0,1013.0,1013.0,2189.4,58.74,16.236,0.0,0.7999928889520982,12.279585761176563,0.534337548662884,21.894000000000002,24.270000000000003,0.024308276375220976,605.1600000000001,7921,0.43560000000000004,1024144,871.4,145.23333333333332,-4.0,19.0,0.0
172,422.5,35.0,18.0,90.0,108.0,87,0.0,1012,89,24.7,0.0,1.0,2023,10,17,4,1,290,42,0.8660254037844386,0.5000000000000001,-0.8660254037844386,0.5000000000000001,0.7818314824680298,0.6234898018587336,3,3,0,90.0,94.0,68.0,70.0,35.0,49.0,85.33333333333333,11.718930554164656,94.0,72.0,76.16666666666667,12.812754062521163,94.0,62.0,75.83333333333333,18.5317091069396,115.0,46.0,59.583333333333336,22.405194791012327,115.0,28.0,24.6,24.5,26.5,89.0,90.0,77.0,0.66,0.8,1.0,1012.0,1013.0,1014.0,2198.2999999999997,89.0,24.7,0.0,0.7999911112098754,12.071083683323334,0.5142710208279764,21.982999999999997,24.2,0.024407090506827562,610.0899999999999,7921,1.0,1024144,745.5,124.25,-18.0,4.0,0.09999999999999787
183,386.9,30.3,27.0,100.0,100.3,87,0.0,1013,90,24.5,0.0,0.66,2023,10,17,5,1,290,42,0.9659258262890683,0.25881904510252074,-0.8660254037844386,0.5000000000000001,0.7818314824680298,0.6234898018587336,3,3,0,72.0,90.0,94.0,62.0,46.0,58.0,80.66666666666667,9.018499505645853,90.0,72.0,79.16666666666667,10.778064142815815,94.0,68.0,78.66666666666667,15.979153085608724,115.0,62.0,60.5,22.78443404569503,115.0,28.0,24.7,24.6,25.8,89.0,89.0,81.0,1.0,0.33,0.66,1012.0,1013.0,1014.0,2205.0,59.400000000000006,16.17,0.0,0.7999920000799992,12.768555493218043,0.8910597009999669,22.05,24.17,0.02418556348907849,600.25,8100,0.43560000000000004,1026169,724.5,120.75,8.0,-14.0,-0.1999999999999993
180,351.3,25.7,36.0,97.5,92.7,87,0.0,1013,92,24.4,0.7,0.33,2023,10,17,6,1,290,42,1.0,6.123233995736766e-17,-0.8660254037844386,0.5000000000000001,0.7818314824680298,0.6234898018587336,3,0,0,80.0,72.0,90.0,71.0,66.0,49.0,76.66666666666667,4.163331998932454,80.0,72.0,80.33333333333333,10.073066398403803,94.0,68.0,79.66666666666667,15.482150034699801,115.0,62.0,61.708333333333336,22.91663372856699,115.0,28.0,24.5,24.6,25.2,90.0,89.0,85.0,0.66,0.66,0.33,1013.0,1012.0,1013.0,2244.7999999999997,30.360000000000003,8.052,0.0,0.7999917949559491,13.668728843235671,1.400723707248745,22.447999999999997,24.235,0.02408684690340878,595.3599999999999,8464,0.10890000000000001,1026169,681.2,113.53333333333335,-2.0,-12.0,-0.10000000000000142
184,315.7,21.0,45.0,101.3,85.0,87,0.0,1014,93,24.2,0.8,2.0,2023,10,17,7,1,290,42,0.9659258262890683,-0.25881904510252063,-0.8660254037844386,0.5000000000000001,0.7818314824680298,0.6234898018587336,3,0,0,78.0,80.0,72.0,68.0,92.0,58.0,79.66666666666667,1.5275252316523582,81.0,78.0,82.5,8.093207028118377,94.0,72.0,78.75,15.003787400640608,115.0,62.0,62.666666666666664,23.23353398536896,115.0,28.0,24.4,24.7,24.5,92.0,89.0,90.0,0.33,1.0,0.8,1013.0,1012.0,1013.0,2250.6,186.0,48.4,0.0,0.7995972399087866,15.032617494405027,2.1427551068996715,22.506,23.2,0.023865854175686218,585.64,8649,4.0,1028196,649.0,108.16666666666667,3.0,9.0,-0.1999999999999993
151,262.6,17.0,81.3,70.0,106.0,77,0.0,1014,75,26.0,2.1,2.0,2023,10,17,8,1,290,42,0.8660254037844387,-0.4999999999999998,-0.8660254037844386,0.5000000000000001,0.7818314824680298,0.6234898018587336,3,0,0,81.0,78.0,80.0,94.0,115.0,55.0,71.66666666666667,13.650396819628924,81.0,56.0,76.16666666666667,11.461529857163601,90.0,56.0,73.83333333333333,11.23981020005762,94.0,56.0,62.708333333333336,23.220079703767055,115.0,28.0,24.2,24.5,24.6,93.0,90.0,89.0,2.0,0.66,0.33,1014.0,1013.0,1013.0,1950.0,150.0,52.0,0.0,0.7999885715918343,15.446150226457268,4.782071642844538,19.5,25.0,0.025641000354043045,676.0,5625,4.0,1028196,592.9000000000001,98.81666666666668,-25.0,-24.0,1.8000000000000007
137,209.5,13.0,117.7,61.3,127.0,66,0.0,1014,61,27.8,4.7,2.0,2023,10,17,9,1,290,42,0.7071067811865476,-0.7071067811865475,-0.8660254037844386,0.5000000000000001,0.7818314824680298,0.6234898018587336,3,0,0,56.0,81.0,78.0,90.0,64.0,44.0,62.0,16.82260384126082,81.0,49.0,69.33333333333333,13.589211407092547,81.0,49.0,72.58333333333333,13.111121811328783,94.0,49.0,62.916666666666664,23.066853061155676,115.0,28.0,26.0,24.4,24.6,75.0,92.0,89.0,2.0,0.33,0.66,1014.0,1013.0,1012.0,1695.8,122.0,55.6,0.0,0.7993344317384709,16.114145065764173,9.053149757710946,16.958,26.8,0.02741614653239987,772.84,3721,4.0,1028196,577.5,96.25,-7.0,-29.0,1.8000000000000007
142,156.4,9.0,154.0,63.8,148.0,56,0.0,1015,49,29.6,7.0,2.0,2023,10,17,10,1,290,42,0.49999999999999994,-0.8660254037844387,-0.8660254037844386,0.5000000000000001,0.7818314824680298,0.6234898018587336,3,0,0,49.0,56.0,81.0,72.0,70.0,56.0,52.0,3.60555127546458,56.0,49.0,65.83333333333333,15.354695264532442,81.0,49.0,71.0,14.522709489247427,94.0,49.0,62.708333333333336,23.154451476733907,115.0,28.0,27.8,24.2,24.7,61.0,93.0,89.0,2.0,2.0,1.0,1014.0,1014.0,1012.0,1450.4,98.0,59.2,0.0,0.7993605115907275,17.37584712809688,17.109210087768027,14.504000000000001,28.6,0.029162532844795228,876.1600000000001,2401,4.0,1030225,582.2,97.03333333333335,2.0,-30.0,1.8000000000000007
134,144.3,8.0,153.3,60.0,134.7,45,0.0,1014,45,30.5,8.4,0.66,2023,10,17,11,1,290,42,0.258819045102521,-0.9659258262890682,-0.8660254037844386,0.5000000000000001,0.7818314824680298,0.6234898018587336,3,0,0,51.0,49.0,56.0,80.0,62.0,38.0,49.333333333333336,1.5275252316534387,51.0,48.0,60.5,15.003332963044896,81.0,48.0,69.83333333333333,15.816178904890448,94.0,48.0,63.125,22.777396308812715,115.0,28.0,29.6,26.0,24.5,49.0,75.0,90.0,2.0,2.0,0.66,1015.0,1014.0,1013.0,1372.5,29.700000000000003,20.130000000000003,0.0,0.7999866668888852,18.035245594300715,19.160104986876643,13.725,30.17,0.03007886579993511,930.25,2025,0.43560000000000004,1028196,548.3,91.38333333333333,-3.0,-8.0,0.8999999999999986
118,132.3,7.0,152.7,52.5,121.3,35,0.0,1013,41,31.3,7.8,1.33,2023,10,17,12,1,290,42,1.2246467991473532e-16,-1.0,-0.8660254037844386,0.5000000000000001,0.7818314824680298,0.6234898018587336,3,1,0,48.0,51.0,49.0,78.0,71.0,36.0,47.0,4.582575694956366,51.0,42.0,54.5,13.751363568751676,81.0,42.0,67.41666666666667,17.72239637671272,94.0,42.0,63.375,22.497946766220064,115.0,28.0,30.5,27.8,24.4,45.0,61.0,92.0,0.66,2.0,0.33,1014.0,1014.0,1013.0,1283.3,54.53,41.629000000000005,0.0,0.7999847621950058,18.897300385659193,21.811169832881014,12.833,30.635,0.030898291314618645,979.69,1681,1.7689000000000001,1026169,507.8,84.63333333333334,-6.0,-7.0,0.8000000000000007
110,120.2,6.0,152.0,48.8,108.0,25,0.0,1012,38,32.2,4.4,2.0,2023,10,17,13,1,290,42,-0.2588190451025208,-0.9659258262890683,-0.8660254037844386,0.5000000000000001,0.7818314824680298,0.6234898018587336,3,1,0,42.0,48.0,51.0,81.0,68.0,30.0,43.0,4.582575694956414,48.0,39.0,47.5,6.156297588647935,56.0,39.0,65.0,19.52154986395538,94.0,39.0,63.75,21.98665603220009,115.0,28.0,31.3,29.6,24.2,41.0,49.0,93.0,1.33,2.0,2.0,1013.0,1015.0,1014.0,1223.6000000000001,76.0,64.4,0.0,0.7991639515583698,20.029995000833193,25.329111814697548,12.236,31.200000000000003,0.03181815037732177,1036.8400000000001,1444,4.0,1024144,474.0,79.0,-3.0,-12.0,0.9000000000000021
110,125.5,7.3,150.0,48.8,111.3,29,0.0,1011,37,32.2,2.6,2.33,2023,10,17,14,1,290,42,-0.4999999999999997,-0.8660254037844388,-0.8660254037844386,0.5000000000000001,0.7818314824680298,0.6234898018587336,3,1,0,39.0,42.0,48.0,56.0,94.0,33.0,40.0,1.7320508075704901,42.0,39.0,44.666666666666664,5.316640543299846,51.0,39.0,60.416666666666664,18.524962683477398,90.0,39.0,64.0,21.653396158972644,115.0,28.0,32.2,30.5,26.0,38.0,45.0,75.0,2.0,0.66,2.0,1012.0,1014.0,1014.0,1191.4,86.21000000000001,75.02600000000001,0.0,0.7991639515583698,17.189426106012874,20.545130803999452,11.914000000000001,31.035000000000004,0.03184962230502245,1036.8400000000001,1369,5.4289000000000005,1022121,481.90000000000003,80.31666666666668,0.0,-9.0,0.0
131,130.7,8.7,148.0,58.8,114.7,33,0.0,1011,37,32.2,2.0,2.66,2023,10,17,15,1,290,42,-0.7071067811865471,-0.7071067811865479,-0.8660254037844386,0.5000000000000001,0.7818314824680298,0.6234898018587336,3,1,0,39.0,39.0,42.0,49.0,90.0,28.0,41.666666666666664,4.6188021535175885,47.0,39.0,44.333333333333336,5.046450898072798,51.0,39.0,56.833333333333336,16.308577404840836,81.0,39.0,64.79166666666667,20.601771064996168,115.0,35.0,32.2,31.3,27.8,37.0,41.0,61.0,2.33,1.33,2.0,1011.0,1013.0,1014.0,1191.4,98.42,85.65200000000002,0.0,0.7993061342494175,15.021261923916793,17.00953913343294,11.914000000000001,30.870000000000005,0.03184962230502245,1036.8400000000001,1369,7.0756000000000006,1022121,507.9,84.64999999999999,8.0,5.0,0.0
118,136.0,10.0,146.0,52.5,118.0,37,0.0,1010,37,32.2,1.7,3.0,2023,10,17,16,1,290,42,-0.8660254037844385,-0.5000000000000004,-0.8660254037844386,0.5000000000000001,0.7818314824680298,0.6234898018587336,3,1,0,47.0,39.0,39.0,51.0,72.0,35.0,42.666666666666664,4.041451884328032,47.0,39.0,42.833333333333336,3.8686776379869245,48.0,39.0,54.333333333333336,16.069922969398846,81.0,39.0,65.08333333333333,20.207438722167776,115.0,39.0,32.2,32.2,29.6,37.0,38.0,49.0,2.66,2.0,2.0,1011.0,1012.0,1015.0,1191.4,111.0,96.60000000000001,0.0,0.7999847621950058,13.598640135986402,14.598540145985401,11.914000000000001,30.700000000000003,0.03188115655331035,1036.8400000000001,1369,9.0,1020100,504.5,84.08333333333333,-5.0,3.0,0.0
121,236.7,21.3,121.7,53.8,136.3,54,0.0,1011,44,31.1,1.8,2.0,2023,10,17,17,1,290,42,-0.9659258262890683,-0.25881904510252063,-0.8660254037844386,0.5000000000000001,0.7818314824680298,0.6234898018587336,3,1,0,42.0,47.0,39.0,48.0,80.0,46.0,44.0,2.6457513110655553,47.0,42.0,42.0,2.966479394837188,47.0,39.0,51.25,14.130077526647886,81.0,39.0,64.95833333333333,20.33946510062963,115.0,39.0,32.2,32.2,30.5,37.0,37.0,45.0,3.0,2.33,0.66,1010.0,1011.0,1014.0,1368.4,88.0,62.2,0.0,0.7992416497834613,11.112154358950283,5.7133467912304585,13.684000000000001,30.1,0.030761591729385036,967.21,1936,4.0,1022121,612.8,102.13333333333333,1.0,4.0,-1.1000000000000014
167,337.5,32.7,97.3,85.0,154.7,70,0.0,1011,53,30.1,0.0,1.0,2023,10,17,18,1,290,42,-1.0,-1.8369701987210297e-16,-0.8660254037844386,0.5000000000000001,0.7818314824680298,0.6234898018587336,3,2,0,43.0,42.0,47.0,42.0,78.0,66.0,51.0,14.730919862656382,68.0,42.0,46.333333333333336,11.021191708098506,68.0,39.0,50.416666666666664,12.623631038890887,81.0,39.0,65.04166666666667,20.348013826088465,115.0,39.0,31.1,32.2,31.3,44.0,37.0,41.0,2.0,2.66,1.33,1011.0,1011.0,1013.0,1595.3000000000002,53.0,30.1,0.0,0.7999905883460194,10.320785297085715,2.975444176019082,15.953000000000001,29.6,0.029772473024260115,906.0100000000001,2809,1.0,1022121,775.2,129.20000000000002,25.0,21.0,-1.0
168,438.3,44.0,73.0,86.3,173.0,87,0.0,1011,63,29.0,0.0,1.6,2023,10,17,19,1,290,42,-0.9659258262890684,0.2588190451025203,-0.8660254037844386,0.5000000000000001,0.7818314824680298,0.6234898018587336,3,2,0,68.0,43.0,42.0,39.0,81.0,92.0,60.0,14.730919862656346,69.0,43.0,51.333333333333336,13.54498677248,69.0,39.0,49.416666666666664,10.228821431561741,69.0,39.0,64.08333333333333,19.549083524981082,115.0,39.0,30.1,32.2,32.2,53.0,37.0,38.0,1.0,3.0,2.0,1011.0,1010.0,1012.0,1827.0,100.80000000000001,46.400000000000006,0.0,0.7995272360691069,9.961137246880753,1.659053203336288,18.27,28.2,0.028684442448622702,841.0,3969,2.5600000000000005,1022121,883.5999999999999,147.26666666666665,1.0,27.0,-1.1000000000000014
211,486.5,45.0,66.0,126.3,177.3,75,0.0,1012,68,28.1,0.0,1.2,2023,10,17,20,1,290,42,-0.8660254037844386,0.5000000000000001,-0.8660254037844386,0.5000000000000001,0.7818314824680298,0.6234898018587336,3,2,0,69.0,68.0,43.0,39.0,56.0,115.0,79.33333333333333,18.77054430040148,101.0,68.0,61.666666666666664,22.765470930043506,101.0,42.0,53.166666666666664,18.089843123764584,101.0,39.0,63.5,18.120370473226433,101.0,39.0,29.0,31.1,32.2,63.0,44.0,37.0,1.6,2.0,2.33,1011.0,1011.0,1011.0,1910.8000000000002,81.6,33.72,0.0,0.7996769621776549,10.810870869536233,1.466634074798338,19.108,27.5,0.0277667709814516,789.6100000000001,4624,1.44,1024144,1002.0999999999999,167.01666666666665,32.0,58.0,-0.8999999999999986
225,534.8,46.0,59.0,140.0,181.7,62,0.0,1012,73,27.1,0.0,1.2,2023,10,17,21,1,290,42,-0.7071067811865477,0.7071067811865474,-0.8660254037844386,0.5000000000000001,0.7818314824680298,0.6234898018587336,3,2,0,101.0,69.0,68.0,47.0,49.0,64.0,94.0,22.338307903688666,112.0,69.0,72.5,29.001724086681243,112.0,42.0,58.416666666666664,24.70354532279,112.0,39.0,65.5,20.650297397585256,112.0,39.0,28.1,30.1,32.2,68.0,53.0,37.0,1.2,1.0,2.66,1012.0,1011.0,1011.0,1978.3000000000002,87.6,32.52,0.0,0.7999942857551017,11.625834220995195,1.282580813460577,19.783,26.5,0.026778629665385707,734.4100000000001,5329,1.44,1024144,1073.5,178.91666666666666,11.0,44.0,-1.0
199,583.0,47.0,52.0,115.0,186.0,50,0.0,1013,79,26.2,0.0,1.2,2023,10,17,22,1,290,42,-0.5000000000000004,0.8660254037844384,-0.8660254037844386,0.5000000000000001,0.7818314824680298,0.6234898018587336,3,3,0,112.0,101.0,69.0,42.0,51.0,70.0,101.66666666666667,10.016652800877734,112.0,92.0,80.83333333333333,25.451260610560173,112.0,43.0,61.833333333333336,26.364002087327215,112.0,39.0,66.41666666666667,21.335654312149824,112.0,39.0,27.1,29.0,32.2,73.0,63.0,37.0,1.2,1.6,3.0,1012.0,1011.0,1010.0,2069.7999999999997,94.8,31.439999999999998,0.0,0.7999930435387518,12.403991404438203,1.1063594391608689,20.697999999999997,25.599999999999998,0.025863745445463528,686.4399999999999,6241,1.44,1026169,1075.0,179.16666666666666,-20.0,23.0,-0.9000000000000021
205,606.9,48.7,44.7,121.3,187.3,54,0.0,1012,82,25.7,0.0,1.2,2023,10,17,23,1,290,42,-0.25881904510252157,0.9659258262890681,-0.8660254037844386,0.5000000000000001,0.7818314824680298,0.6234898018587336,3,3,0,92.0,112.0,101.0,43.0,48.0,62.0,100.33333333333333,10.408329997330595,112.0,92.0,89.83333333333333,17.792320440758974,112.0,68.0,65.91666666666667,27.783115648744335,112.0,39.0,67.875,22.199319417692013,112.0,39.0,26.2,28.1,31.1,79.0,68.0,44.0,1.2,1.2,2.0,1013.0,1012.0,1011.0,2107.4,98.39999999999999,30.839999999999996,0.0,0.7996636466311078,12.461756432106116,0.917845629453194,21.074,25.099999999999998,0.025395231822893456,660.49,6724,1.44,1024144,1105.9,184.3166666666667,5.0,-4.0,-0.5
224,630.9,50.3,37.3,138.8,188.7,58,0.0,1012,85,25.2,0.0,0.8,2023,10,18,0,2,291,42,0.0,1.0,-0.8660254037844386,0.5000000000000001,0.9749279121818236,-0.22252093395631434,3,3,0,97.0,92.0,112.0,68.0,42.0,71.0,100.0,9.848857801796031,111.0,92.0,97.0,15.786069808536302,112.0,69.0,71.66666666666667,29.472123449219726,112.0,39.0,69.54166666666667,23.88191814936096,112.0,39.0,25.7,27.1,30.1,82.0,73.0,53.0,1.2,1.2,1.0,1012.0,1012.0,1011.0,2142.0,68.0,20.16,0.0,0.7997060539909654,12.542494185006262,0.7415359535595714,21.42,24.8,0.02490116116486051,635.04,7225,0.6400000000000001,1024144,1157.0,192.83333333333334,14.0,-1.0,-0.5
225,654.8,52.0,30.0,140.0,190.0,62,0.0,1012,89,24.7,0.0,0.4,2023,10,18,1,2,291,42,0.25881904510252074,0.9659258262890683,-0.8660254037844386,0.5000000000000001,0.9749279121818236,-0.22252093395631434,3,3,0,111.0,97.0,92.0,69.0,39.0,68.0,106.66666666666667,8.386497083605951,112.0,97.0,104.16666666666667,8.704405015085538,112.0,92.0,77.75,29.649850528520755,112.0,39.0,71.375,25.399097039753332,112.0,39.0,25.2,26.2,29.0,85.0,79.0,63.0,0.8,1.2,1.6,1012.0,1013.0,1011.0,2198.2999999999997,35.6,9.88,0.0,0.7999942857551017,12.592065537201208,0.5769119824618758,21.982999999999997,24.5,0.024407090506827562,610.0899999999999,7921,0.16000000000000003,1024144,1178.8,196.46666666666667,1.0,20.0,-0.5
240,602.1,48.0,28.3,153.8,170.7,66,0.0,1012,90,24.2,0.0,0.8,2023,10,18,2,2,291,42,0.49999999999999994,0.8660254037844387,-0.8660254037844386,0.5000000000000001,0.9749279121818236,-0.22252093395631434,3,3,0,112.0,111.0,97.0,101.0,39.0,94.0,115.33333333333333,6.658328118479155,123.0,111.0,107.83333333333333,11.338724208068797,123.0,92.0,84.75,29.585392587313084,123.0,42.0,72.58333333333333,27.151614039087267,123.0,39.0,24.7,25.7,28.1,89.0,82.0,68.0,0.4,1.2,1.2,1012.0,1012.0,1012.0,2178.0,72.0,19.36,0.0,0.7997347221409483,12.543488677319223,0.5895710506031124,21.78,23.8,0.023913019848794615,585.64,8100,0.6400000000000001,1024144,1125.9,187.65,11.0,26.0,-0.5
245,549.4,44.0,26.7,158.8,151.3,70,0.0,1012,92,23.7,0.0,1.2,2023,10,18,3,2,291,42,0.7071067811865476,0.7071067811865476,-0.8660254037844386,0.5000000000000001,0.9749279121818236,-0.22252093395631434,3,3,0,123.0,112.0,111.0,112.0,47.0,90.0,120.66666666666667,7.767453465153788,127.0,112.0,110.33333333333333,13.82268666600834,127.0,92.0,91.41666666666667,29.317876437215975,127.0,42.0,74.125,29.159698960693788,127.0,39.0,24.2,25.2,27.1,90.0,85.0,73.0,0.8,0.8,1.2,1012.0,1012.0,1012.0,2180.4,110.39999999999999,28.439999999999998,0.0,0.7997430746657765,12.486079861821322,0.6068043908092998,21.804000000000002,23.099999999999998,0.02341894919076167,561.6899999999999,8464,1.44,1024144,1057.2,176.20000000000002,4.0,16.0,-0.5
189,496.6,40.0,25.0,106.3,132.0,75,0.0,1012,93,23.2,0.0,1.6,2023,10,18,4,2,291,42,0.8660254037844386,0.5000000000000001,-0.8660254037844386,0.5000000000000001,0.9749279121818236,-0.22252093395631434,3,3,0,127.0,123.0,112.0,92.0,42.0,72.0,111.66666666666667,23.180451534284884,127.0,85.0,109.16666666666667,15.829297731315972,127.0,85.0,95.0,25.045413298101344,127.0,43.0,74.66666666666667,29.23914390388183,127.0,39.0,23.7,24.7,26.2,92.0,89.0,79.0,1.2,0.4,1.2,1012.0,1012.0,1013.0,2157.6,148.8,37.12,0.0,0.7996161842315689,12.414689632759183,0.6249843753906152,21.576,22.4,0.02292487853272872,538.24,8649,2.5600000000000005,1024144,884.9,147.48333333333332,-42.0,-27.0,-0.5
204,440.0,33.3,34.3,120.0,118.7,79,0.0,1012,92,23.4,0.0,0.66,2023,10,18,5,2,291,42,0.9659258262890683,0.25881904510252074,-0.8660254037844386,0.5000000000000001,0.9749279121818236,-0.22252093395631434,3,3,0,85.0,127.0,123.0,97.0,43.0,80.0,102.66666666666667,21.779194965226136,127.0,85.0,109.0,15.987495113368395,127.0,85.0,99.41666666666667,18.980652030821688,127.0,68.0,75.33333333333333,29.546818657067796,127.0,39.0,23.2,24.2,25.7,93.0,90.0,82.0,1.6,0.8,1.2,1012.0,1012.0,1012.0,2152.7999999999997,60.720000000000006,15.443999999999999,0.0,0.7999933333888883,13.212816431938982,1.0299990991261525,21.528,23.07,0.0231225067959419,547.56,8464,0.43560000000000004,1024144,842.3000000000001,140.38333333333335,11.0,-27.0,0.1999999999999993
197,383.4,26.7,43.7,113.8,105.3,83,0.0,1013,91,23.5,0.6,1.33,2023,10,18,6,2,291,42,1.0,6.123233995736766e-17,-0.8660254037844386,0.5000000000000001,0.9749279121818236,-0.22252093395631434,3,0,0,96.0,85.0,127.0,111.0,68.0,78.0,90.66666666666667,5.507570547286049,96.0,85.0,105.66666666666667,17.500476183996987,127.0,85.0,101.33333333333333,16.521794604996174,127.0,69.0,75.875,29.716504709907248,127.0,39.0,23.4,23.7,25.2,92.0,92.0,85.0,0.66,1.2,0.8,1012.0,1012.0,1012.0,2138.5,121.03,31.255000000000003,0.0,0.7996414794246096,14.359012771057262,1.6366428223662035,21.385,22.835,0.02319839763238141,552.25,8281,1.7689000000000001,1026169,763.8999999999999,127.31666666666665,-5.0,-36.0,0.10000000000000142
188,326.8,20.0,53.0,105.0,92.0,87,0.0,1013,90,23.7,0.8,2.0,2023,10,18,7,2,291,42,0.9659258262890683,-0.25881904510252063,-0.8660254037844386,0.5000000000000001,0.9749279121818236,-0.22252093395631434,3,0,0,91.0,96.0,85.0,112.0,69.0,81.0,90.33333333333333,6.027713773341664,96.0,84.0,101.0,19.131126469708473,127.0,84.0,102.58333333333333,14.266670206739281,127.0,84.0,76.0,29.745295572504887,127.0,39.0,23.5,23.2,24.7,91.0,93.0,89.0,1.33,1.6,0.4,1013.0,1012.0,1012.0,2133.0,180.0,47.4,0.0,0.7999923810249426,16.339183040847956,2.6498675066246684,21.33,22.7,0.023395830803720825,561.6899999999999,8100,4.0,1026169,680.8,113.46666666666665,-7.0,-1.0,0.1999999999999993
189,266.3,16.0,84.3,106.3,107.0,83,0.0,1013,77,25.7,1.2,1.66,2023,10,18,8,2,291,42,0.8660254037844387,-0.4999999999999998,-0.8660254037844386,0.5000000000000001,0.9749279121818236,-0.22252093395631434,3,0,0,84.0,91.0,96.0,123.0,101.0,56.0,86.66666666666667,3.7859388972001664,91.0,84.0,94.66666666666667,16.500505042775156,127.0,84.0,101.25,15.148507277195877,127.0,84.0,77.20833333333333,29.485411524237715,127.0,39.0,23.7,23.4,24.2,90.0,92.0,90.0,2.0,0.66,0.8,1013.0,1012.0,1012.0,1978.8999999999999,127.82,42.662,0.0,0.7996161842315689,16.642709830635585,5.268420723704768,19.788999999999998,24.87,0.025370162517114988,660.49,5929,2.7556,1026169,664.9000000000001,110.81666666666668,1.0,-11.0,2.0
184,205.8,12.0,115.7,101.3,122.0,79,0.0,1013,65,27.6,1.9,1.33,2023,10,18,9,2,291,42,0.7071067811865476,-0.7071067811865475,-0.8660254037844386,0.5000000000000001,0.9749279121818236,-0.22252093395631434,3,0,0,85.0,84.0,91.0,127.0,112.0,49.0,83.33333333333333,2.0816659994661912,85.0,81.0,87.0,5.477225575050174,96.0,81.0,98.66666666666667,15.778773620585381,127.0,81.0,78.54166666666667,28.871498156436726,127.0,39.0,25.7,23.5,23.7,77.0,91.0,92.0,1.66,1.33,1.2,1013.0,1013.0,1012.0,1794.0,86.45,36.708000000000006,0.0,0.7995972399087866,17.148570952420634,9.640863261394884,17.94,26.935000000000002,0.027245777644839445,761.7600000000001,4225,1.7689000000000001,1026169,637.8,106.3,-4.0,-10.0,1.9000000000000021
148,145.3,8.0,147.0,66.3,137.0,75,0.0,1014,56,29.6,4.1,1.0,2023,10,18,10,2,291,42,0.49999999999999994,-0.8660254037844387,-0.8660254037844386,0.5000000000000001,0.9749279121818236,-0.22252093395631434,3,0,0,81.0,85.0,84.0,85.0,92.0,51.0,73.0,17.435595774162735,85.0,53.0,81.66666666666667,15.042162965034375,96.0,53.0,95.41666666666667,20.566779627409073,127.0,53.0,78.625,28.791321911147676,127.0,39.0,27.6,23.7,23.2,65.0,90.0,93.0,1.33,2.0,1.6,1013.0,1013.0,1012.0,1657.6000000000001,56.0,29.6,0.0,0.7993846246662946,18.160229971253596,18.37270341207349,16.576,29.1,0.029191292710756697,876.1600000000001,3136,1.0,1028196,556.6,92.76666666666667,-28.0,-31.0,2.0
100,133.3,7.0,149.3,43.8,125.3,70,0.0,1012,51,30.4,6.3,1.33,2023,10,18,11,2,291,42,0.258819045102521,-0.9659258262890682,-0.8660254037844386,0.5000000000000001,0.9749279121818236,-0.22252093395631434,3,0,0,53.0,81.0,85.0,96.0,97.0,48.0,56.333333333333336,23.18045153428502,81.0,35.0,71.5,22.286767374385803,91.0,35.0,90.25,26.934685309601413,127.0,35.0,78.08333333333333,29.505956166092805,127.0,35.0,29.6,25.7,23.4,56.0,77.0,92.0,1.0,1.66,0.66,1014.0,1013.0,1012.0,1550.3999999999999,67.83,40.432,0.0,0.7990685144174792,19.040137123268106,21.325524925010715,15.503999999999998,29.735,0.030039496008403152,924.16,2601,1.7689000000000001,1024144,493.70000000000005,82.28333333333335,-18.0,-50.0,0.7999999999999972
102,121.2,6.0,151.7,45.0,113.7,66,0.0,1011,47,31.2,7.7,1.66,2023,10,18,12,2,291,42,1.2246467991473532e-16,-1.0,-0.8660254037844386,0.5000000000000001,0.9749279121818236,-0.22252093395631434,3,1,0,35.0,53.0,81.0,91.0,111.0,42.0,41.333333333333336,10.115993936995933,53.0,35.0,62.333333333333336,23.913733850376783,85.0,35.0,84.0,30.18729413632023,127.0,35.0,77.83333333333333,29.84840927473207,127.0,35.0,30.4,27.6,23.5,51.0,65.0,91.0,1.33,1.33,1.33,1012.0,1013.0,1013.0,1466.3999999999999,78.02,51.791999999999994,0.0,0.7999822226172753,20.196633894350942,25.279120146642224,14.663999999999998,30.37,0.03086050359989753,973.4399999999999,2209,2.7556,1022121,473.59999999999997,78.93333333333332,1.0,-45.0,0.8000000000000007
92,109.1,5.0,154.0,23.8,102.0,62,0.0,1010,43,32.0,5.2,2.0,2023,10,18,13,2,291,42,-0.2588190451025208,-0.9659258262890683,-0.8660254037844386,0.5000000000000001,0.9749279121818236,-0.22252093395631434,3,1,0,36.0,35.0,53.0,84.0,112.0,39.0,30.0,9.539392014169794,36.0,19.0,51.5,26.69644171046007,85.0,19.0,76.25,34.037746426844556,127.0,19.0,77.0,31.227078550236424,127.0,19.0,31.2,29.6,23.7,47.0,56.0,90.0,1.66,1.0,2.0,1011.0,1014.0,1013.0,1376.0,86.0,64.0,0.0,0.7982857863114995,21.815636872625472,30.793841231753646,13.76,31.0,0.03168313694738916,1024.0,1849,4.0,1020100,412.90000000000003,68.81666666666668,-17.0,-34.0,0.8000000000000007
85,113.0,6.3,148.0,32.5,101.3,70,0.0,1010,42,32.1,2.7,2.0,2023,10,18,14,2,291,42,-0.4999999999999997,-0.8660254037844388,-0.8660254037844386,0.5000000000000001,0.9749279121818236,-0.22252093395631434,3,1,0,19.0,36.0,35.0,85.0,123.0,39.0,27.0,8.544003745317928,36.0,19.0,41.666666666666664,22.41130667022031,81.0,19.0,68.16666666666667,33.43877263225288,127.0,19.0,76.45833333333333,32.01762988087083,127.0,19.0,32.0,30.4,25.7,43.0,51.0,77.0,2.0,1.33,1.66,1010.0,1012.0,1013.0,1348.2,84.0,64.2,0.0,0.7999753853727578,17.933661323599427,23.488335184891287,13.482000000000001,31.1,0.03178214675034975,1030.41,1764,4.0,1020100,427.1,71.18333333333334,7.0,-9.0,0.10000000000000142
78,116.9,7.7,142.0,28.8,100.7,79,0.0,1009,42,32.1,1.3,2.0,2023,10,18,15,2,291,42,-0.7071067811865471,-0.7071067811865479,-0.8660254037844386,0.5000000000000001,0.9749279121818236,-0.22252093395631434,3,1,0,26.0,19.0,36.0,81.0,127.0,47.0,22.666666666666668,3.5118845842852826,26.0,19.0,32.0,12.263767773404588,53.0,19.0,59.5,30.11644069275103,96.0,19.0,75.45833333333333,33.32576906926526,127.0,19.0,32.1,31.2,27.6,42.0,47.0,65.0,2.0,1.66,1.33,1010.0,1011.0,1013.0,1348.2,84.0,64.2,0.0,0.7985833825214401,15.179846773146345,18.439163744968184,13.482000000000001,31.1,0.031813645377953045,1030.41,1764,4.0,1018081,419.1,69.85000000000001,-3.0,-13.0,0.0
93,120.8,9.0,136.0,40.0,100.0,87,0.0,1009,42,32.2,0.8,2.0,2023,10,18,16,2,291,42,-0.8660254037844385,-0.5000000000000004,-0.8660254037844386,0.5000000000000001,0.9749279121818236,-0.22252093395631434,3,1,0,23.0,26.0,19.0,53.0,85.0,42.0,27.0,4.582575694956581,32.0,23.0,28.5,6.892024376044946,36.0,19.0,55.083333333333336,29.922500908280565,96.0,19.0,75.04166666666667,33.8211140210256,127.0,19.0,32.1,32.0,29.6,42.0,43.0,56.0,2.0,2.0,1.0,1009.0,1010.0,1014.0,1352.4,84.0,64.4,0.0,0.7999800004999875,13.42073102988557,15.109432285301635,13.524000000000001,31.200000000000003,0.031912753307479384,1036.8400000000001,1764,4.0,1018081,437.8,72.96666666666667,9.0,13.0,0.10000000000000142
152,173.5,15.7,116.7,71.3,110.7,70,0.0,1009,48,31.0,0.6,1.66,2023,10,18,17,2,291,42,-0.9659258262890683,-0.25881904510252063,-0.8660254037844386,0.5000000000000001,0.9749279121818236,-0.22252093395631434,3,1,0,32.0,23.0,26.0,35.0,96.0,43.0,37.333333333333336,17.61628034896524,57.0,23.0,32.166666666666664,13.614942771332663,57.0,19.0,51.833333333333336,27.054938495026892,91.0,19.0,75.625,33.36206189540854,127.0,19.0,32.2,32.1,30.4,42.0,42.0,51.0,2.0,2.0,1.33,1009.0,1010.0,1012.0,1488.0,79.67999999999999,51.46,0.0,0.7994277780115285,11.050251576332718,7.432647602063564,14.88,30.17,0.030723458153163376,961.0,2304,2.7556,1018081,544.9,90.81666666666666,25.0,31.0,-1.2000000000000028
176,226.2,22.3,97.3,93.8,121.3,54,0.0,1010,56,29.9,0.0,1.33,2023,10,18,18,2,291,42,-1.0,-1.8369701987210297e-16,-0.8660254037844386,0.5000000000000001,0.9749279121818236,-0.22252093395631434,3,2,0,57.0,32.0,23.0,36.0,91.0,68.0,54.666666666666664,21.594752448994104,75.0,32.0,38.666666666666664,22.330845632592197,75.0,19.0,50.5,25.28564091265293,85.0,19.0,75.91666666666667,33.3230781326082,127.0,19.0,31.0,32.1,31.2,48.0,42.0,47.0,1.66,2.0,1.66,1009.0,1009.0,1011.0,1674.3999999999999,74.48,39.767,0.0,0.7995650366200786,10.143042912873861,4.363033047845388,16.744,29.235,0.029603931085216747,894.0099999999999,3136,1.7689000000000001,1020100,635.9,105.98333333333333,18.0,52.0,-1.1000000000000014
264,279.0,29.0,78.0,176.3,132.0,37,0.0,1010,64,28.7,0.0,1.0,2023,10,18,19,2,291,42,-0.9659258262890684,0.2588190451025203,-0.8660254037844386,0.5000000000000001,0.9749279121818236,-0.22252093395631434,3,2,0,75.0,57.0,32.0,19.0,84.0,69.0,91.0,44.226688774991956,141.0,57.0,59.0,44.93995994657751,141.0,23.0,55.25,35.458362265415545,141.0,19.0,78.91666666666667,35.82070893220604,141.0,19.0,29.9,32.2,32.0,56.0,42.0,43.0,1.33,2.0,2.0,1010.0,1009.0,1010.0,1836.8,64.0,28.7,0.0,0.7997685776030765,9.62035791869246,2.6895624288817626,18.368,28.2,0.028415813449689655,823.6899999999999,4096,1.0,1020100,835.3,139.21666666666667,66.0,109.0,-1.1999999999999993
164,245.9,25.3,72.3,205.0,121.3,58,0.0,1010,68,28.1,0.0,1.33,2023,10,18,20,2,291,42,-0.8660254037844386,0.5000000000000001,-0.8660254037844386,0.5000000000000001,0.9749279121818236,-0.22252093395631434,3,2,0,141.0,75.0,57.0,26.0,85.0,101.0,126.66666666666667,46.198845584422656,164.0,75.0,82.0,58.06892456383177,164.0,23.0,61.833333333333336,46.95420076731111,164.0,19.0,81.54166666666667,39.616618347297035,164.0,19.0,28.7,31.0,32.1,64.0,48.0,42.0,1.0,1.66,2.0,1010.0,1009.0,1010.0,1910.8000000000002,90.44,37.373000000000005,0.0,0.7999960975800118,9.718983439389747,2.857594561479783,19.108,27.435000000000002,0.02782175463192611,789.6100000000001,4624,1.7689000000000001,1020100,833.8,138.96666666666667,23.0,107.0,-0.5999999999999979
159,212.8,21.7,66.7,198.8,110.7,79,0.0,1011,73,27.6,0.0,1.66,2023,10,18,21,2,291,42,-0.7071067811865477,0.7071067811865474,-0.8660254037844386,0.5000000000000001,0.9749279121818236,-0.22252093395631434,3,2,0,164.0,141.0,75.0,23.0,81.0,112.0,154.66666666666666,12.096831541082382,164.0,141.0,104.66666666666667,56.96548662713806,164.0,32.0,68.33333333333333,54.621563063639435,164.0,19.0,83.5,42.26109321823124,164.0,19.0,28.1,29.9,32.1,68.0,56.0,42.0,1.33,1.33,2.0,1010.0,1010.0,1009.0,2014.8000000000002,121.17999999999999,45.816,0.0,0.7997947696440159,9.805999723515045,3.0735910787521314,20.148000000000003,26.770000000000003,0.027299676261447813,761.7600000000001,5329,2.7556,1022121,769.7,128.28333333333333,-5.0,84.0,-0.5
268,179.7,18.0,61.0,180.0,100.0,100,0.0,1011,78,27.0,0.0,2.0,2023,10,18,22,2,291,42,-0.5000000000000004,0.8660254037844384,-0.8660254037844386,0.5000000000000001,0.9749279121818236,-0.22252093395631434,3,3,0,159.0,164.0,141.0,32.0,53.0,92.0,155.66666666666666,10.408329997330284,164.0,144.0,123.33333333333333,45.60994043699948,164.0,57.0,75.91666666666667,58.47992403510372,164.0,19.0,85.66666666666667,44.01251468929483,164.0,19.0,27.6,28.7,32.2,73.0,64.0,42.0,1.66,1.0,2.0,1011.0,1010.0,1009.0,2106.0,156.0,54.0,0.0,0.7999955555802467,9.982778734514747,3.388700627742903,21.06,26.0,0.02670620503837286,729.0,6084,4.0,1022121,682.7,113.78333333333335,-15.0,3.0,-0.6000000000000014
254,163.4,17.7,56.3,167.5,96.0,95,0.0,1011,81,26.4,0.0,1.66,2023,10,18,23,2,291,42,-0.25881904510252157,0.9659258262890681,-0.8660254037844386,0.5000000000000001,0.9749279121818236,-0.22252093395631434,3,3,0,144.0,159.0,164.0,57.0,35.0,97.0,145.66666666666666,12.583057392117654,159.0,134.0,136.16666666666666,32.021347046410106,164.0,75.0,84.16666666666667,59.1620783538873,164.0,19.0,87.20833333333333,45.062255647692595,164.0,19.0,27.0,28.1,31.0,78.0,68.0,48.0,2.0,1.33,1.66,1011.0,1010.0,1009.0,2138.4,134.45999999999998,43.824,0.0,0.7999952239091109,9.231116886051636,3.180611264900288,21.384,25.57,0.026112733815297908,696.9599999999999,6561,2.7556,1022121,634.9,105.81666666666666,-10.0,-30.0,-0.6000000000000014
244,147.1,17.3,51.7,157.5,92.0,91,0.0,1010,85,25.8,0.0,1.33,2023,10,19,0,3,292,42,0.0,1.0,-0.8660254037844386,0.5000000000000001,0.43388373911755823,-0.900968867902419,3,3,0,134.0,144.0,159.0,75.0,36.0,111.0,134.66666666666666,9.018499505645499,144.0,126.0,144.66666666666666,14.52813362640346,164.0,126.0,91.66666666666667,58.1976777626881,164.0,19.0,87.83333333333333,45.50840024384131,164.0,19.0,26.4,27.6,29.9,81.0,73.0,56.0,1.66,1.66,1.33,1011.0,1011.0,1010.0,2193.0,113.05000000000001,34.314,0.0,0.7999949206671704,8.50239870527715,2.988266574186463,21.93,25.135,0.025544529163832513,665.64,7225,1.7689000000000001,1020100,591.6,98.60000000000001,-8.0,-33.0,-0.5999999999999979
216,130.7,17.0,47.0,131.3,88.0,87,1.5,1010,89,25.2,0.0,1.0,2023,10,19,1,3,292,42,0.25881904510252074,0.9659258262890683,-0.8660254037844386,0.5000000000000001,0.43388373911755823,-0.900968867902419,3,3,0,126.0,134.0,144.0,141.0,19.0,112.0,121.66666666666667,14.977761292440523,134.0,105.0,138.66666666666666,21.905859185766634,164.0,105.0,98.83333333333333,53.54494006029505,164.0,23.0,87.54166666666667,45.36899838538191,164.0,19.0,25.8,27.0,28.7,85.0,78.0,64.0,1.33,2.0,1.0,1010.0,1011.0,1010.0,2242.7999999999997,89.0,25.2,130.5,0.7996892636004295,7.687783071584024,2.764543262161049,22.427999999999997,24.7,0.024950470346068964,635.04,7921,1.0,1020100,519.0,86.5,-21.0,-39.0,-0.6000000000000014
161,135.6,17.0,43.7,201.3,88.0,87,0.0,1010,89,25.0,0.0,0.66,2023,10,19,2,3,292,42,0.49999999999999994,0.8660254037844387,-0.8660254037844386,0.5000000000000001,0.43388373911755823,-0.900968867902419,3,3,0,105.0,126.0,134.0,164.0,26.0,123.0,130.66666666666666,28.290163190291576,161.0,105.0,138.16666666666666,21.23597576441065,161.0,105.0,110.08333333333333,50.97139720797651,164.0,23.0,89.125,47.28297101310491,164.0,19.0,25.2,26.4,28.1,89.0,81.0,68.0,1.0,1.66,1.33,1010.0,1011.0,1010.0,2225.0,58.74,16.5,0.0,0.7997973184435248,7.976001411681665,2.570437033115699,22.25,24.67,0.024752450740147782,625.0,7921,0.43560000000000004,1020100,646.6,107.76666666666667,56.0,27.0,-0.1999999999999993
272,140.5,17.0,40.3,183.8,88.0,87,0.0,1010,90,24.9,0.0,0.33,2023,10,19,3,3,292,42,0.7071067811865476,0.7071067811865476,-0.8660254037844386,0.5000000000000001,0.43388373911755823,-0.900968867902419,3,3,0,161.0,105.0,126.0,159.0,23.0,127.0,137.66666666666666,29.143323992525758,161.0,105.0,136.16666666666666,19.3640560489438,161.0,105.0,120.41666666666667,43.77308914542488,164.0,32.0,89.95833333333333,48.147851247072055,164.0,19.0,25.0,25.8,27.6,89.0,85.0,73.0,0.66,1.33,1.66,1010.0,1010.0,1011.0,2241.0,29.700000000000003,8.217,0.0,0.7997780207942284,8.264219751779306,2.3704487971295802,22.41,24.735,0.02465344093718719,620.0099999999999,8100,0.10890000000000001,1020100,616.6,102.76666666666667,-14.0,21.0,-0.10000000000000142
223,145.3,17.0,37.0,137.5,88.0,87,0.5,1010,90,24.7,0.0,1.2,2023,10,19,4,3,292,42,0.8660254037844386,0.5000000000000001,-0.8660254037844386,0.5000000000000001,0.43388373911755823,-0.900968867902419,3,3,0,147.0,161.0,105.0,144.0,32.0,85.0,139.33333333333334,26.350205565295443,161.0,110.0,130.5,21.473239159474097,161.0,105.0,126.91666666666667,34.19319000070368,164.0,57.0,91.0,48.30608927319204,164.0,19.0,24.9,25.2,27.0,90.0,89.0,78.0,0.33,1.0,2.0,1010.0,1010.0,1011.0,2223.0,108.0,29.639999999999997,43.5,0.7999941818604955,8.54655608493618,2.1763425680842303,22.23,24.099999999999998,0.02445542133126601,610.0899999999999,8100,1.44,1020100,534.8,89.13333333333333,-37.0,5.0,-0.1999999999999993
211,168.3,18.3,36.7,126.3,94.0,83,1.5,1010,91,24.7,0.0,0.66,2023,10,19,5,3,292,42,0.9659258262890683,0.25881904510252074,-0.8660254037844386,0.5000000000000001,0.43388373911755823,-0.900968867902419,3,3,0,110.0,147.0,161.0,134.0,57.0,96.0,119.33333333333333,24.378952670968648,147.0,101.0,125.0,24.42130217658291,161.0,101.0,130.58333333333334,27.77002417039318,164.0,75.0,91.20833333333333,48.339361193335435,164.0,19.0,24.7,25.0,26.4,90.0,89.0,81.0,1.2,0.66,1.66,1010.0,1010.0,1011.0,2247.7,60.06,16.302,124.5,0.7996769621776549,9.196218785858695,2.0053548986394185,22.476999999999997,24.37,0.02445542133126601,610.0899999999999,8281,0.43560000000000004,1020100,544.6,90.76666666666667,-9.0,-60.0,0.0
212,191.2,19.7,36.3,127.5,100.0,79,0.0,1011,92,24.7,0.8,1.33,2023,10,19,6,3,292,42,1.0,6.123233995736766e-17,-0.8660254037844386,0.5000000000000001,0.43388373911755823,-0.900968867902419,3,0,0,101.0,110.0,147.0,126.0,75.0,91.0,104.33333333333333,4.932882862316007,110.0,101.0,121.0,26.13044201692681,161.0,101.0,132.83333333333334,23.644462481955152,164.0,101.0,91.66666666666667,48.38942272732846,164.0,19.0,24.7,24.9,25.8,91.0,90.0,85.0,0.66,0.33,1.33,1010.0,1010.0,1010.0,2272.4,122.36000000000001,32.851,0.0,0.7999937255394075,9.705091112126286,1.8425460636515911,22.724,24.035,0.024431232016585543,610.0899999999999,8464,1.7689000000000001,1022121,576.7,96.11666666666667,1.0,-45.0,0.0
207,214.2,21.0,36.0,122.5,106.0,75,0.0,1011,93,24.7,0.8,2.0,2023,10,19,7,3,292,42,0.9659258262890683,-0.25881904510252063,-0.8660254037844386,0.5000000000000001,0.43388373911755823,-0.900968867902419,3,0,0,102.0,101.0,110.0,105.0,141.0,84.0,100.33333333333333,2.081665999465673,102.0,98.0,119.83333333333333,27.125019201221612,161.0,98.0,129.25,25.48127654858433,164.0,98.0,92.25,48.37736624928465,164.0,19.0,24.7,24.7,25.2,92.0,90.0,89.0,1.33,1.2,1.0,1011.0,1010.0,1010.0,2297.1,186.0,49.4,0.0,0.7999934694410658,10.199514308842435,1.7142040855197371,22.971,23.7,0.024431232016585543,610.0899999999999,8649,4.0,1022121,597.7,99.61666666666667,-4.0,-12.0,0.0
201,178.8,17.7,48.3,117.5,114.7,77,0.0,1011,82,26.3,2.4,1.66,2023,10,19,8,3,292,42,0.8660254037844387,-0.4999999999999998,-0.8660254037844386,0.5000000000000001,0.43388373911755823,-0.900968867902419,3,0,0,98.0,102.0,101.0,161.0,164.0,85.0,98.0,3.9999999999997957,102.0,94.0,108.66666666666667,19.5106808355486,147.0,94.0,123.41666666666667,24.806371371203014,161.0,94.0,92.625,48.35360019868167,164.0,19.0,24.7,24.7,25.0,93.0,91.0,89.0,2.0,0.66,0.66,1011.0,1010.0,1010.0,2156.6,136.12,43.658,0.0,0.799993191547306,10.101124230269477,2.7286593977741367,21.566,25.470000000000002,0.026013821944785416,691.69,6724,2.7556,1022121,571.0,95.16666666666667,-4.0,-7.0,1.6000000000000014
164,143.4,14.3,60.7,82.5,123.3,79,0.0,1011,73,28.0,4.5,1.33,2023,10,19,9,3,292,42,0.7071067811865476,-0.7071067811865475,-0.8660254037844386,0.5000000000000001,0.43388373911755823,-0.900968867902419,3,0,0,94.0,98.0,102.0,147.0,159.0,81.0,86.0,17.43559577416269,98.0,66.0,95.16666666666667,15.237016330851867,110.0,66.0,115.66666666666667,27.10026277408068,161.0,66.0,92.0,48.606673365415666,164.0,19.0,26.3,24.7,24.9,82.0,92.0,90.0,1.66,1.33,0.33,1011.0,1011.0,1010.0,2044.0,97.09,37.24,0.0,0.7999903031478406,10.027270820222363,4.244458429480456,20.44,27.335,0.02769532374349778,784.0,5329,1.7689000000000001,1022121,490.20000000000005,81.7,-28.0,-36.0,1.6999999999999993
112,108.0,11.0,73.0,50.0,132.0,81,0.0,1011,65,29.6,5.1,1.0,2023,10,19,10,3,292,42,0.49999999999999994,-0.8660254037844387,-0.8660254037844386,0.5000000000000001,0.43388373911755823,-0.900968867902419,3,0,0,66.0,94.0,98.0,110.0,144.0,53.0,66.66666666666667,27.006172134038827,94.0,40.0,83.5,25.169425897306088,102.0,40.0,107.0,33.16624790355372,161.0,40.0,91.45833333333333,49.12980072054653,164.0,19.0,28.0,24.7,24.7,73.0,93.0,90.0,1.33,2.0,1.2,1011.0,1011.0,1010.0,1924.0,65.0,29.6,0.0,0.7999840003199936,9.817289337332971,6.635760385419507,19.24,29.1,0.029277913671697655,876.1600000000001,4225,1.0,1022121,414.0,69.0,-26.0,-58.0,1.6000000000000014
110,102.3,9.3,84.3,48.8,129.3,83,0.0,1010,59,30.5,3.5,1.66,2023,10,19,11,3,292,42,0.258819045102521,-0.9659258262890682,-0.8660254037844386,0.5000000000000001,0.43388373911755823,-0.900968867902419,3,0,0,40.0,66.0,94.0,101.0,134.0,35.0,48.333333333333336,15.3079500042735,66.0,39.0,73.16666666666667,28.985628622934,102.0,39.0,99.08333333333333,37.225256170638765,161.0,39.0,91.625,48.936349520043485,164.0,19.0,29.6,26.3,24.7,65.0,82.0,91.0,1.0,1.66,0.66,1011.0,1011.0,1010.0,1799.5,97.94,50.629999999999995,0.0,0.7991639515583698,10.998817331469734,9.06354155467154,17.995,29.67,0.030197989902980296,930.25,3481,2.7556,1020100,413.0,68.83333333333333,-1.0,-55.0,0.8999999999999986
87,96.7,7.7,95.7,36.3,126.7,85,0.0,1009,54,31.3,2.9,2.33,2023,10,19,12,3,292,42,1.2246467991473532e-16,-1.0,-0.8660254037844386,0.5000000000000001,0.43388373911755823,-0.900968867902419,3,1,0,39.0,40.0,66.0,102.0,126.0,36.0,36.0,6.0827625302986155,40.0,29.0,61.0,29.772470505485206,98.0,29.0,91.0,41.17148174514602,161.0,29.0,91.33333333333333,49.30179171862521,164.0,19.0,30.5,28.0,24.7,59.0,73.0,92.0,1.66,1.33,1.33,1010.0,1011.0,1011.0,1690.2,125.82000000000001,72.929,0.0,0.798876064020275,12.556810803791715,12.42695753798208,16.902,30.135,0.03102078194174238,979.69,2916,5.4289000000000005,1018081,392.1,65.35000000000001,-10.0,-37.0,0.8000000000000007
87,91.0,6.0,107.0,36.3,124.0,87,0.0,1009,49,32.2,2.4,3.0,2023,10,19,13,3,292,42,-0.2588190451025208,-0.9659258262890683,-0.8660254037844386,0.5000000000000001,0.43388373911755823,-0.900968867902419,3,1,0,29.0,39.0,40.0,98.0,105.0,19.0,32.333333333333336,5.773502691896703,39.0,29.0,49.5,25.665151470427535,94.0,29.0,84.66666666666667,44.530547907809094,161.0,29.0,91.75,48.702513103624646,164.0,23.0,31.3,29.6,24.7,54.0,65.0,93.0,2.33,1.0,2.0,1009.0,1011.0,1011.0,1577.8000000000002,147.0,96.60000000000001,0.0,0.798876064020275,15.16413931011498,17.83036160639893,15.778000000000002,30.700000000000003,0.031912753307479384,1036.8400000000001,2401,9.0,1018081,393.3,65.55,0.0,-11.0,0.9000000000000021
72,94.0,6.7,107.0,27.5,118.3,83,0.0,1008,48,32.5,1.8,3.0,2023,10,19,14,3,292,42,-0.4999999999999997,-0.8660254037844388,-0.8660254037844386,0.5000000000000001,0.43388373911755823,-0.900968867902419,3,1,0,29.0,29.0,39.0,94.0,161.0,26.0,26.666666666666668,4.0414518843280804,29.0,22.0,37.5,15.527395145354902,66.0,22.0,73.08333333333333,40.79094893663912,147.0,22.0,91.58333333333333,48.94354926333794,164.0,22.0,32.2,30.5,26.3,49.0,59.0,82.0,3.0,1.66,1.66,1009.0,1010.0,1011.0,1560.0,144.0,97.5,0.0,0.7999709101487218,14.02775705118639,15.967766005073868,15.6,31.0,0.03224203150592113,1056.25,2304,9.0,1016064,375.5,62.583333333333336,-7.0,-17.0,0.29999999999999716
59,96.9,7.3,107.0,20.0,112.7,79,0.0,1008,48,32.9,1.2,3.0,2023,10,19,15,3,292,42,-0.7071067811865471,-0.7071067811865479,-0.8660254037844386,0.5000000000000001,0.43388373911755823,-0.900968867902419,3,1,0,22.0,29.0,29.0,66.0,147.0,23.0,22.333333333333332,6.506407098648175,29.0,16.0,29.166666666666668,9.368386556214428,40.0,16.0,62.166666666666664,36.51608196978734,110.0,16.0,91.29166666666667,49.38885560499503,164.0,16.0,32.5,31.3,28.0,48.0,54.0,73.0,3.0,2.33,1.33,1008.0,1009.0,1011.0,1579.1999999999998,144.0,98.69999999999999,0.0,0.7999600019998999,13.272154499383646,14.655526640186276,15.791999999999998,31.4,0.032638856509070925,1082.4099999999999,2304,9.0,1016064,359.9,59.98333333333333,-6.0,-13.0,0.3999999999999986
72,99.8,8.0,107.0,27.5,107.0,75,0.0,1007,47,33.2,0.9,3.0,2023,10,19,16,3,292,42,-0.8660254037844385,-0.5000000000000004,-0.8660254037844386,0.5000000000000001,0.43388373911755823,-0.900968867902419,3,1,0,16.0,22.0,29.0,40.0,110.0,32.0,20.0,3.464101615138652,22.0,16.0,26.166666666666668,7.985403350279795,39.0,16.0,54.833333333333336,34.83423951264371,102.0,16.0,90.875,49.94981176793571,164.0,16.0,32.9,32.2,29.6,48.0,49.0,65.0,3.0,3.0,1.0,1008.0,1009.0,1011.0,1560.4,141.0,99.60000000000001,0.0,0.7999709101487218,12.473440819897514,13.373328333958256,15.604000000000001,31.700000000000003,0.03296918275155636,1102.2400000000002,2209,9.0,1014049,371.3,61.88333333333333,6.0,-7.0,0.30000000000000426
87,119.6,12.0,89.0,36.3,118.3,66,0.0,1008,51,32.3,1.7,2.66,2023,10,19,17,3,292,42,-0.9659258262890683,-0.25881904510252063,-0.8660254037844386,0.5000000000000001,0.43388373911755823,-0.900968867902419,3,1,0,22.0,16.0,22.0,39.0,101.0,57.0,22.333333333333332,6.506407098648175,29.0,16.0,24.5,5.39444158370386,29.0,16.0,48.833333333333336,32.26547080178116,102.0,16.0,89.70833333333333,51.08941791788628,164.0,16.0,33.2,32.5,30.5,47.0,48.0,59.0,3.0,3.0,1.66,1007.0,1008.0,1010.0,1647.3,135.66,85.91799999999999,0.0,0.798876064020275,9.965836180318307,7.416048662611449,16.473,30.97,0.03204361900434623,1043.2899999999997,2601,7.0756000000000006,1016064,404.2,67.36666666666666,7.0,7.0,-0.9000000000000057
134,139.5,16.0,71.0,60.0,129.7,58,0.0,1009,54,31.4,0.0,2.33,2023,10,19,18,3,292,42,-1.0,-1.8369701987210297e-16,-0.8660254037844386,0.5000000000000001,0.43388373911755823,-0.900968867902419,3,2,0,29.0,22.0,16.0,29.0,102.0,75.0,33.0,13.453624047073902,48.0,22.0,27.666666666666668,11.1115555466667,48.0,16.0,44.333333333333336,27.605445224821008,98.0,16.0,88.58333333333333,51.72075242960113,164.0,16.0,32.3,32.9,31.3,51.0,48.0,54.0,2.66,3.0,2.33,1008.0,1008.0,1009.0,1695.6,125.82000000000001,73.16199999999999,0.0,0.7999866668888852,8.718205112180488,4.437222673582901,16.956,30.235,0.03111988987126871,985.9599999999999,2916,5.4289000000000005,1018081,464.2,77.36666666666666,19.0,32.0,-0.8999999999999986
161,159.3,20.0,53.0,80.0,141.0,50,0.0,1009,59,30.5,0.0,2.0,2023,10,19,19,3,292,42,-0.9659258262890684,0.2588190451025203,-0.8660254037844386,0.5000000000000001,0.43388373911755823,-0.900968867902419,3,2,0,48.0,29.0,22.0,29.0,98.0,141.0,47.0,17.521415467935345,64.0,29.0,33.5,18.60913754046629,64.0,16.0,41.5,22.94855907538316,94.0,16.0,85.375,50.70615475891279,164.0,16.0,31.4,33.2,32.2,54.0,47.0,49.0,2.33,3.0,3.0,1009.0,1007.0,1009.0,1799.5,118.0,61.0,0.0,0.7999900001249984,7.964601769911504,2.6498675066246684,17.995,29.5,0.03022791850553171,930.25,3481,4.0,1018081,517.3,86.21666666666665,16.0,42.0,-0.8999999999999986
179,151.7,19.0,47.3,96.3,129.3,37,0.0,1010,62,29.8,0.0,2.33,2023,10,19,20,3,292,42,-0.8660254037844386,0.5000000000000001,-0.8660254037844386,0.5000000000000001,0.43388373911755823,-0.900968867902419,3,2,0,64.0,48.0,29.0,22.0,94.0,164.0,63.0,14.52583904633404,77.0,48.0,42.666666666666664,24.443131277859155,77.0,16.0,40.083333333333336,19.709058062143836,77.0,16.0,81.75,47.871431073694765,161.0,16.0,30.5,32.3,32.5,59.0,51.0,48.0,2.0,2.66,3.0,1009.0,1008.0,1008.0,1847.6000000000001,144.46,69.434,0.0,0.7995763283870365,7.983790326824903,2.4893426661754643,18.476000000000003,28.635,0.029504921282256156,888.0400000000001,3844,5.4289000000000005,1020100,520.6,86.76666666666667,13.0,48.0,-0.6999999999999993
95,144.1,18.0,41.7,41.3,117.7,25,0.0,1011,66,29.2,0.0,2.66,2023,10,19,21,3,292,42,-0.7071067811865477,0.7071067811865474,-0.8660254037844386,0.5000000000000001,0.43388373911755823,-0.900968867902419,3,2,0,77.0,64.0,48.0,16.0,66.0,159.0,58.0,22.6053091109147,77.0,33.0,45.5,21.54762167850525,77.0,22.0,37.333333333333336,17.991580522482096,77.0,16.0,76.5,45.89970161880881,161.0,16.0,29.8,31.4,32.9,62.0,54.0,48.0,2.33,2.33,3.0,1010.0,1009.0,1008.0,1927.2,175.56,77.672,0.0,0.7990121304568898,8.005110827176267,2.3165379701127713,19.272000000000002,27.869999999999997,0.028882266189647687,852.64,4356,7.0756000000000006,1022121,395.8,65.96666666666667,-44.0,-15.0,-0.6000000000000014
85,136.6,17.0,36.0,35.0,106.0,12,0.0,1012,70,28.5,0.0,3.0,2023,10,19,22,3,292,42,-0.5000000000000004,0.8660254037844384,-0.8660254037844386,0.5000000000000001,0.43388373911755823,-0.900968867902419,3,3,0,33.0,77.0,64.0,22.0,40.0,144.0,46.0,26.962937525425602,77.0,28.0,46.5,20.34453243503004,77.0,28.0,36.333333333333336,18.162565564335214,77.0,16.0,71.66666666666667,44.5710635967435,161.0,16.0,29.2,30.5,33.2,66.0,59.0,47.0,2.66,2.0,3.0,1011.0,1009.0,1007.0,1995.0,210.0,85.5,0.0,0.7999771435101855,8.034821481089347,2.117522498676548,19.95,27.0,0.028162027507877958,812.25,4900,9.0,1024144,358.6,59.76666666666667,-5.0,-36.0,-0.6999999999999993
63,130.1,15.3,36.7,22.5,95.0,22,0.0,1012,71,28.0,0.0,2.0,2023,10,19,23,3,292,42,-0.25881904510252157,0.9659258262890681,-0.8660254037844386,0.5000000000000001,0.43388373911755823,-0.900968867902419,3,3,0,28.0,33.0,77.0,29.0,39.0,134.0,26.333333333333332,7.6376261582601135,33.0,18.0,44.666666666666664,22.606783642673637,77.0,18.0,34.583333333333336,18.87980322188124,77.0,16.0,66.83333333333333,43.80060220617078,161.0,16.0,28.5,29.8,32.3,70.0,62.0,51.0,3.0,2.33,2.66,1012.0,1010.0,1008.0,1988.0,142.0,56.0,0.0,0.7999644460246211,8.502712241029998,2.3985360433958567,19.88,27.0,0.02766795684984501,784.0,5041,4.0,1024144,317.6,52.93333333333334,-10.0,-59.0,-0.5
67,123.7,13.7,37.3,25.0,84.0,31,0.0,1011,72,27.5,0.0,1.0,2023,10,20,0,4,293,42,0.0,1.0,-0.8660254037844386,0.5000000000000001,-0.433883739117558,-0.9009688679024191,3,3,0,18.0,28.0,33.0,48.0,29.0,126.0,22.0,5.291502622129764,28.0,18.0,40.0,24.5845479925906,77.0,18.0,33.833333333333336,19.295940851208087,77.0,16.0,62.416666666666664,42.910337932126545,161.0,16.0,28.0,29.2,31.4,71.0,66.0,54.0,2.0,2.66,2.33,1012.0,1011.0,1009.0,1980.0,72.0,27.5,0.0,0.7999680012799487,9.028538062915116,2.722429019779578,19.8,27.0,0.02720076439093532,756.25,5184,1.0,1022121,303.7,50.61666666666667,2.0,-13.0,-0.5
61,117.3,12.0,38.0,21.3,73.0,41,0.0,1011,73,27.0,0.0,2.0,2023,10,20,1,4,293,42,0.25881904510252074,0.9659258262890683,-0.8660254037844386,0.5000000000000001,-0.433883739117558,-0.9009688679024191,3,3,0,20.0,18.0,28.0,64.0,29.0,105.0,18.333333333333332,1.5275252316540675,20.0,17.0,32.166666666666664,22.833454987510297,77.0,17.0,32.833333333333336,19.871557258523442,77.0,16.0,58.75,42.87316988108291,161.0,16.0,27.5,28.5,30.5,72.0,70.0,59.0,1.0,3.0,2.0,1011.0,1012.0,1009.0,1971.0,146.0,54.0,0.0,0.7980845969672785,9.774185484542954,3.1664027997666864,19.71,26.0,0.02670620503837286,729.0,5329,4.0,1022121,278.6,46.43333333333334,-3.0,-11.0,-0.5
78,113.0,11.0,40.0,31.3,67.3,51,0.0,1011,78,26.2,0.0,2.0,2023,10,20,2,4,293,42,0.49999999999999994,0.8660254037844387,-0.8660254037844386,0.5000000000000001,-0.433883739117558,-0.9009688679024191,3,3,0,17.0,20.0,18.0,77.0,22.0,161.0,20.666666666666668,4.041451884328157,25.0,17.0,23.5,6.284902544987781,33.0,17.0,33.083333333333336,19.74131953466345,77.0,16.0,53.083333333333336,37.41066654063398,147.0,16.0,27.0,28.0,29.8,73.0,71.0,62.0,2.0,2.0,2.33,1011.0,1012.0,1010.0,2043.6,156.0,52.4,0.0,0.7986965272674994,10.271793473320608,3.6360330879011,20.436,25.2,0.025914910074272924,686.4399999999999,6084,4.0,1022121,287.6,47.93333333333334,8.0,7.0,-0.8000000000000007
107,108.7,10.0,42.0,47.5,61.7,61,0.0,1011,83,25.5,0.0,1.6,2023,10,20,3,4,293,42,0.7071067811865476,0.7071067811865476,-0.8660254037844386,0.5000000000000001,-0.433883739117558,-0.9009688679024191,3,3,0,25.0,17.0,20.0,33.0,16.0,147.0,26.666666666666668,10.598742063723368,38.0,17.0,24.333333333333332,7.916228058024882,38.0,17.0,34.916666666666664,19.018929963846144,77.0,17.0,48.541666666666664,31.692790521102893,110.0,16.0,26.2,27.5,29.2,78.0,72.0,66.0,2.0,1.0,2.66,1011.0,1011.0,1011.0,2116.5,132.8,40.800000000000004,0.0,0.7999831582493001,10.868913108689132,4.199580041995801,21.165,24.7,0.02522252698068548,650.25,6889,2.5600000000000005,1022121,307.9,51.31666666666666,13.0,18.0,-0.6999999999999993
107,104.5,9.0,44.0,47.5,56.0,70,0.0,1011,89,24.7,0.0,2.0,2023,10,20,4,4,293,42,0.8660254037844386,0.5000000000000001,-0.8660254037844386,0.5000000000000001,-0.433883739117558,-0.9009688679024191,3,3,0,38.0,25.0,17.0,28.0,22.0,110.0,33.666666666666664,7.505553499465479,38.0,25.0,26.0,9.695359714832316,38.0,17.0,36.25,18.587018930620918,77.0,17.0,45.541666666666664,28.907617721266064,102.0,16.0,25.5,27.0,28.5,83.0,73.0,70.0,1.6,2.0,3.0,1011.0,1011.0,1012.0,2198.2999999999997,178.0,49.4,0.0,0.7999831582493001,11.609821130985447,4.888345739362293,21.982999999999997,23.7,0.024431232016585543,610.0899999999999,7921,4.0,1022121,299.0,49.833333333333336,0.0,21.0,-0.8000000000000007
87,107.4,9.0,47.0,36.3,59.0,80,0.0,1012,87,25.1,0.0,2.0,2023,10,20,5,4,293,42,0.9659258262890683,0.25881904510252074,-0.8660254037844386,0.5000000000000001,-0.433883739117558,-0.9009688679024191,3,3,0,38.0,38.0,25.0,18.0,29.0,101.0,35.0,5.196152422707118,38.0,29.0,27.833333333333332,8.886319072971649,38.0,17.0,36.25,18.587018930620918,77.0,17.0,42.541666666666664,26.541156173281276,102.0,16.0,24.7,26.2,28.0,89.0,78.0,71.0,2.0,2.0,2.0,1011.0,1011.0,1012.0,2183.7000000000003,174.0,50.2,0.0,0.798876064020275,11.932007554716144,5.221642039773359,21.837000000000003,24.1,0.024802347033253923,630.0100000000001,7569,4.0,1024144,287.7,47.949999999999996,-9.0,4.0,0.40000000000000213
98,110.3,9.0,50.0,42.5,62.0,90,0.0,1013,86,25.6,1.2,2.4,2023,10,20,6,4,293,42,1.0,6.123233995736766e-17,-0.8660254037844386,0.5000000000000001,-0.433883739117558,-0.9009688679024191,3,0,0,29.0,38.0,38.0,20.0,48.0,102.0,33.666666666666664,4.509249752823467,38.0,29.0,30.166666666666668,8.23205118221815,38.0,17.0,35.083333333333336,18.21816442870968,77.0,17.0,39.708333333333336,23.356368029645466,98.0,16.0,25.1,25.5,27.5,87.0,83.0,72.0,2.0,1.6,1.0,1012.0,1011.0,1011.0,2201.6,206.4,61.44,0.0,0.7999811769134845,12.254193978446839,5.554938340184425,22.016,24.400000000000002,0.025271445931445282,655.3600000000001,7396,5.76,1026169,307.8,51.300000000000004,5.0,-4.0,0.5
126,113.2,9.0,53.0,56.3,65.0,100,0.0,1014,84,26.0,1.4,3.2,2023,10,20,7,4,293,42,0.9659258262890683,-0.25881904510252063,-0.8660254037844386,0.5000000000000001,-0.433883739117558,-0.9009688679024191,3,0,0,34.0,29.0,38.0,17.0,64.0,98.0,36.0,8.185352771872754,45.0,29.0,34.833333333333336,7.139094246937655,45.0,25.0,33.5,16.18922200387952,77.0,17.0,37.5,19.847242717271154,94.0,16.0,25.6,24.7,27.0,86.0,89.0,73.0,2.4,2.0,2.0,1013.0,1011.0,1011.0,2184.0,268.8,83.2,0.0,0.7992753237065062,12.576380402177536,5.88823464059549,21.84,24.4,0.025641000354043045,676.0,7056,10.240000000000002,1028196,341.5,56.916666666666664,11.0,7.0,0.3999999999999986
126,114.4,8.0,64.7,56.3,70.0,100,0.0,1014,76,27.4,2.4,1.0,2023,10,20,8,4,293,42,0.8660254037844387,-0.4999999999999998,-0.8660254037844386,0.5000000000000001,-0.433883739117558,-0.9009688679024191,3,0,0,45.0,34.0,29.0,25.0,77.0,94.0,41.333333333333336,6.350852961086239,45.0,34.0,38.166666666666664,6.242328625333473,45.0,29.0,30.833333333333332,9.71253485622169,45.0,17.0,35.458333333333336,15.91274896773515,77.0,16.0,26.0,25.1,26.2,84.0,87.0,78.0,3.2,2.0,2.0,1014.0,1012.0,1011.0,2082.4,76.0,27.4,0.0,0.7992753237065062,14.298212723409575,8.086489188851395,20.824,26.9,0.027021669603876128,750.7599999999999,5776,1.0,1028196,358.40000000000003,59.73333333333334,0.0,16.0,1.3999999999999986
85,115.6,7.0,76.3,35.0,75.0,100,0.0,1014,70,28.8,3.7,2.0,2023,10,20,9,4,293,42,0.7071067811865476,-0.7071067811865475,-0.8660254037844386,0.5000000000000001,-0.433883739117558,-0.9009688679024191,3,0,0,45.0,45.0,34.0,38.0,33.0,66.0,39.333333333333336,9.814954576223878,45.0,28.0,36.5,7.503332592921052,45.0,28.0,30.416666666666668,9.718383080376986,45.0,17.0,33.875,14.576074798166673,77.0,16.0,27.4,25.6,25.5,76.0,86.0,83.0,1.0,2.4,1.6,1014.0,1013.0,1011.0,2016.0,140.0,57.6,0.0,0.7999771435101855,16.511926867590343,10.898443079560062,20.16,27.8,0.028402338853709217,829.44,4900,4.0,1028196,336.9,56.15,-17.0,-6.0,1.4000000000000021
89,116.7,6.0,88.0,37.5,80.0,100,0.0,1015,63,30.2,5.4,3.0,2023,10,20,10,4,293,42,0.49999999999999994,-0.8660254037844387,-0.8660254037844386,0.5000000000000001,-0.433883739117558,-0.9009688679024191,3,0,0,28.0,45.0,45.0,38.0,28.0,40.0,34.333333333333336,9.291573243177845,45.0,28.0,35.166666666666664,7.884584115009383,45.0,28.0,30.583333333333332,9.690279415553668,45.0,17.0,33.458333333333336,14.53624904271712,77.0,16.0,28.8,26.0,24.7,70.0,84.0,89.0,2.0,3.2,2.0,1014.0,1014.0,1011.0,1902.6,189.0,90.6,0.0,0.7999786672355405,19.44675887352108,14.664222629561738,19.026,28.7,0.02975366526732486,912.04,3969,9.0,1030225,358.2,59.699999999999996,2.0,-15.0,1.3999999999999986
74,116.9,5.3,99.7,28.8,78.7,83,0.0,1014,57,30.6,6.3,3.0,2023,10,20,11,4,293,42,0.258819045102521,-0.9659258262890682,-0.8660254037844386,0.5000000000000001,-0.433883739117558,-0.9009688679024191,3,0,0,30.0,28.0,45.0,29.0,18.0,39.0,27.0,3.6055512754647956,30.0,23.0,34.166666666666664,9.108603991098663,45.0,23.0,31.0,9.194860224355915,45.0,17.0,32.791666666666664,14.637590579430228,77.0,16.0,30.2,27.4,25.1,63.0,76.0,87.0,3.0,1.0,2.0,1015.0,1014.0,1012.0,1744.2,171.0,91.80000000000001,0.0,0.7985833825214401,22.05244293529523,18.807772118468215,17.442,29.1,0.030177485032066045,936.3600000000001,3249,9.0,1028196,352.40000000000003,58.73333333333334,-7.0,-22.0,0.40000000000000213
80,117.1,4.7,111.3,32.5,77.3,66,0.0,1013,52,31.1,5.2,3.0,2023,10,20,12,4,293,42,1.2246467991473532e-16,-1.0,-0.8660254037844386,0.5000000000000001,-0.433883739117558,-0.9009688679024191,3,1,0,23.0,30.0,28.0,34.0,20.0,29.0,26.333333333333332,3.5118845842850837,30.0,23.0,32.833333333333336,9.70395108533935,45.0,23.0,31.5,8.69168882009949,45.0,17.0,32.666666666666664,14.684113470203338,77.0,16.0,30.6,28.8,25.6,57.0,70.0,86.0,3.0,2.0,2.4,1014.0,1014.0,1013.0,1617.2,156.0,93.30000000000001,0.0,0.7999753853727578,24.909593703467344,23.67581365666879,16.172,29.6,0.03070085814327923,967.21,2704,9.0,1026169,368.90000000000003,61.48333333333334,3.0,-2.0,0.5
72,117.3,4.0,123.0,27.5,76.0,50,0.0,1013,47,31.5,5.0,3.0,2023,10,20,13,4,293,42,-0.2588190451025208,-0.9659258262890683,-0.8660254037844386,0.5000000000000001,-0.433883739117558,-0.9009688679024191,3,1,0,26.0,23.0,30.0,45.0,17.0,29.0,23.666666666666668,2.08166599946761,26.0,22.0,29.0,8.390470785360788,45.0,22.0,31.916666666666668,8.02788700075914,45.0,22.0,32.375,14.828915642434703,77.0,16.0,31.1,30.2,26.0,52.0,63.0,84.0,3.0,3.0,3.2,1013.0,1015.0,1014.0,1480.5,141.0,94.5,0.0,0.7999709101487218,29.31767058235441,30.74231442139465,14.805,30.0,0.03109572448595806,992.25,2209,9.0,1026169,369.8,61.63333333333333,-4.0,-8.0,0.3999999999999986
72,121.2,4.7,120.3,27.5,78.0,50,0.0,1013,45,31.0,1.9,3.0,2023,10,20,14,4,293,42,-0.4999999999999997,-0.8660254037844388,-0.8660254037844386,0.5000000000000001,-0.433883739117558,-0.9009688679024191,3,1,0,22.0,26.0,23.0,45.0,25.0,22.0,23.333333333333332,2.309401076759842,26.0,22.0,25.166666666666668,3.371448748929812,30.0,22.0,31.666666666666668,8.304799634529715,45.0,22.0,32.375,14.828915642434703,77.0,16.0,31.5,30.6,27.4,47.0,57.0,76.0,3.0,3.0,1.0,1013.0,1014.0,1014.0,1395.0,135.0,93.0,0.0,0.7999709101487218,25.781748564135288,25.590299936183786,13.95,29.5,0.03060214155760952,961.0,2025,9.0,1026169,373.7,62.28333333333333,0.0,-1.0,-0.5
85,125.1,5.3,117.7,35.0,80.0,50,0.0,1012,44,30.5,1.7,3.0,2023,10,20,15,4,293,42,-0.7071067811865471,-0.7071067811865479,-0.8660254037844386,0.5000000000000001,-0.433883739117558,-0.9009688679024191,3,1,0,22.0,22.0,26.0,28.0,38.0,16.0,24.0,3.4641016151386386,28.0,22.0,25.166666666666668,3.371448748929812,30.0,22.0,30.833333333333332,8.110972739928718,45.0,22.0,32.875,14.450251991183602,77.0,17.0,31.0,31.1,28.8,45.0,52.0,70.0,3.0,3.0,2.0,1013.0,1013.0,1014.0,1342.0,132.0,91.5,0.0,0.7999771435101855,23.59932088285229,22.20335785700811,13.42,29.0,0.030138310140009745,930.25,1936,9.0,1024144,391.1,65.18333333333334,6.0,2.0,-0.5
91,129.0,6.0,115.0,38.8,82.0,50,0.0,1012,42,30.0,2.0,3.0,2023,10,20,16,4,293,42,-0.8660254037844385,-0.5000000000000004,-0.8660254037844386,0.5000000000000001,-0.433883739117558,-0.9009688679024191,3,1,0,28.0,22.0,22.0,30.0,38.0,22.0,27.0,4.582575694956477,31.0,22.0,25.333333333333332,3.669695718538576,31.0,22.0,30.25,7.79422863405918,45.0,22.0,33.25,14.271436964913114,77.0,17.0,30.5,31.5,30.2,44.0,47.0,63.0,3.0,3.0,3.0,1012.0,1013.0,1015.0,1260.0,126.0,90.0,0.0,0.7989484807092602,21.49641726378937,19.16347275454091,12.6,28.5,0.029644239481976798,900.0,1764,9.0,1024144,401.8,66.96666666666667,3.0,9.0,-0.5
126,137.5,8.0,103.3,56.3,88.7,62,0.0,1013,44,29.7,1.5,2.33,2023,10,20,17,4,293,42,-0.9659258262890683,-0.25881904510252063,-0.8660254037844386,0.5000000000000001,-0.433883739117558,-0.9009688679024191,3,1,0,31.0,28.0,22.0,23.0,29.0,29.0,34.666666666666664,9.073771725877746,45.0,28.0,29.0,8.579044235810473,45.0,22.0,31.583333333333332,8.857029394608423,45.0,22.0,33.916666666666664,14.437019645061598,77.0,17.0,30.0,31.0,30.6,42.0,45.0,57.0,3.0,3.0,3.0,1012.0,1013.0,1014.0,1306.8,102.52000000000001,69.201,0.0,0.7992753237065062,17.185351831021123,12.910886139232597,13.068,28.535,0.029318825943903313,882.0899999999999,1936,5.4289000000000005,1026169,438.8,73.13333333333334,14.0,23.0,-0.3000000000000007
165,146.1,10.0,91.7,83.8,95.3,75,0.0,1014,45,29.3,0.0,1.66,2023,10,20,18,4,293,42,-1.0,-1.8369701987210297e-16,-0.8660254037844386,0.5000000000000001,-0.433883739117558,-0.9009688679024191,3,2,0,45.0,31.0,28.0,26.0,34.0,48.0,47.666666666666664,18.147543451755034,67.0,31.0,35.833333333333336,17.451838489587796,67.0,22.0,34.333333333333336,13.553485518380777,67.0,22.0,34.708333333333336,15.707874421467421,77.0,17.0,29.7,30.5,31.1,44.0,44.0,52.0,2.33,3.0,3.0,1013.0,1012.0,1013.0,1318.5,74.7,48.638,0.0,0.7995131323015239,14.608539146085391,9.169083091690831,13.185,28.470000000000002,0.028895435014363893,858.49,2025,2.7556,1028196,493.90000000000003,82.31666666666668,22.0,39.0,-0.3999999999999986
185,154.7,12.0,80.0,102.5,102.0,87,0.0,1015,46,29.0,0.0,1.0,2023,10,20,19,4,293,42,-0.9659258262890684,0.2588190451025203,-0.8660254037844386,0.5000000000000001,-0.433883739117558,-0.9009688679024191,3,2,0,67.0,45.0,31.0,22.0,45.0,64.0,64.66666666666667,18.6100331362772,82.0,45.0,45.833333333333336,23.928365315387836,82.0,22.0,37.416666666666664,19.22336803965076,82.0,22.0,35.458333333333336,17.49528922103168,82.0,17.0,29.3,30.0,31.5,45.0,42.0,47.0,1.66,3.0,3.0,1014.0,1012.0,1013.0,1334.0,46.0,29.0,0.0,0.7999921951980956,12.890592450629114,6.66611115740355,13.34,28.5,0.028571400422265594,841.0,2116,1.0,1030225,533.2,88.86666666666667,15.0,51.0,-0.3000000000000007
153,147.7,11.7,76.3,68.8,98.3,83,0.0,1015,45,28.7,0.0,1.33,2023,10,20,20,4,293,42,-0.8660254037844386,0.5000000000000001,-0.8660254037844386,0.5000000000000001,-0.433883739117558,-0.9009688679024191,3,2,0,82.0,67.0,45.0,22.0,45.0,77.0,68.0,13.527749258468749,82.0,55.0,51.333333333333336,20.963460274168824,82.0,28.0,38.25,19.79037874597347,82.0,22.0,34.541666666666664,15.709258324359556,82.0,17.0,29.0,29.7,31.0,46.0,44.0,45.0,1.0,2.33,3.0,1015.0,1013.0,1013.0,1291.5,59.85,38.171,0.0,0.7994069853635848,12.622852747628409,6.520810187163491,12.915,28.035,0.028275834211000776,823.6899999999999,2025,1.7689000000000001,1030225,457.8,76.3,-27.0,10.0,-0.3000000000000007
100,140.6,11.3,72.7,43.8,94.7,79,0.0,1016,44,28.3,0.0,1.66,2023,10,20,21,4,293,42,-0.7071067811865477,0.7071067811865474,-0.8660254037844386,0.5000000000000001,-0.433883739117558,-0.9009688679024191,3,2,0,55.0,82.0,67.0,28.0,28.0,33.0,57.333333333333336,23.586719427112715,82.0,35.0,52.5,19.552493447128107,82.0,31.0,38.833333333333336,19.56264219621054,82.0,22.0,34.625,15.706029027927388,82.0,17.0,28.7,29.3,30.5,45.0,45.0,44.0,1.33,1.66,3.0,1015.0,1014.0,1012.0,1245.2,73.03999999999999,46.978,0.0,0.7990685144174792,12.441376869303602,6.433059021325547,12.452,27.470000000000002,0.027854303293008573,800.89,1936,2.7556,1032256,398.1,66.35000000000001,-20.0,-32.0,-0.3999999999999986
91,133.6,11.0,69.0,38.8,91.0,75,0.0,1017,43,28.0,0.0,2.0,2023,10,20,22,4,293,42,-0.5000000000000004,0.8660254037844384,-0.8660254037844386,0.5000000000000001,-0.433883739117558,-0.9009688679024191,3,3,0,35.0,55.0,82.0,31.0,30.0,28.0,40.333333333333336,12.858201014657466,55.0,31.0,52.5,19.552493447128107,82.0,31.0,38.916666666666664,19.52368414065926,82.0,22.0,34.75,15.662888844543735,82.0,17.0,28.3,29.0,30.0,44.0,46.0,42.0,1.66,1.0,3.0,1016.0,1015.0,1012.0,1204.0,86.0,56.0,0.0,0.7989484807092602,12.144350513589673,6.272157076629398,12.04,27.0,0.027531929663785974,784.0,1849,4.0,1034289,374.4,62.4,-4.0,-51.0,-0.3000000000000007
78,122.9,10.0,67.3,31.3,84.7,75,0.0,1016,45,27.4,0.0,1.66,2023,10,20,23,4,293,42,-0.25881904510252157,0.9659258262890681,-0.8660254037844386,0.5000000000000001,-0.433883739117558,-0.9009688679024191,3,3,0,31.0,35.0,55.0,45.0,23.0,18.0,30.333333333333332,5.03322295684777,35.0,25.0,49.166666666666664,22.560289596249756,82.0,25.0,39.083333333333336,19.383490319591164,82.0,22.0,35.041666666666664,15.400392899185603,82.0,17.0,28.0,28.7,29.7,43.0,45.0,44.0,2.0,1.33,2.33,1017.0,1015.0,1013.0,1233.0,74.7,45.483999999999995,0.0,0.7986965272674994,12.288771122887713,6.729327067293271,12.33,26.57,0.02696847739323091,750.7599999999999,2025,2.7556,1032256,341.2,56.86666666666667,-6.0,-30.0,-0.6000000000000014
67,112.2,9.0,65.7,25.0,78.3,75,0.0,1016,46,26.8,0.0,1.33,2023,10,21,0,5,294,42,0.0,1.0,-0.8660254037844386,0.5000000000000001,-0.9749279121818236,-0.2225209339563146,3,3,1,25.0,31.0,35.0,67.0,26.0,20.0,25.333333333333332,5.507570547286705,31.0,20.0,41.333333333333336,23.278029698981328,82.0,20.0,38.583333333333336,19.824036527468664,82.0,20.0,35.041666666666664,15.400392899185603,82.0,17.0,27.4,28.3,29.3,45.0,44.0,45.0,1.66,1.66,1.66,1016.0,1016.0,1014.0,1232.8,61.18000000000001,35.644000000000005,0.0,0.7999680012799487,12.465281635373849,7.299188979002333,12.328,26.135,0.026377926793379143,718.24,2116,1.7689000000000001,1032256,310.2,51.699999999999996,-5.0,-15.0,-0.5999999999999979
63,101.5,8.0,64.0,22.5,72.0,75,0.0,1016,47,26.2,0.0,1.0,2023,10,21,1,5,294,42,0.25881904510252074,0.9659258262890683,-0.8660254037844386,0.5000000000000001,-0.9749279121818236,-0.2225209339563146,3,3,1,20.0,25.0,31.0,82.0,22.0,17.0,21.0,3.605551275464979,25.0,18.0,30.666666666666668,13.54498677248004,55.0,18.0,38.25,20.159026852414062,82.0,18.0,35.083333333333336,15.350730521256727,82.0,18.0,26.8,28.0,29.0,46.0,43.0,46.0,1.33,2.0,1.0,1016.0,1017.0,1015.0,1231.3999999999999,47.0,26.2,0.0,0.7999644460246211,12.68591426071741,7.999000124984377,12.313999999999998,25.7,0.02578737619352737,686.4399999999999,2209,1.0,1032256,286.0,47.666666666666664,-2.0,-13.0,-0.6000000000000014
63,99.0,8.0,63.7,22.5,70.0,83,0.0,1016,46,26.1,0.0,1.33,2023,10,21,2,5,294,42,0.49999999999999994,0.8660254037844387,-0.8660254037844386,0.5000000000000001,-0.9749279121818236,-0.2225209339563146,3,3,1,18.0,20.0,25.0,55.0,22.0,25.0,18.666666666666668,1.1547005383824582,20.0,18.0,24.5,7.176350047203245,35.0,18.0,37.916666666666664,20.48262382576672,82.0,18.0,34.791666666666664,15.614873530142013,82.0,18.0,26.2,27.4,28.7,47.0,45.0,45.0,1.0,1.66,1.33,1016.0,1016.0,1015.0,1200.6000000000001,61.18000000000001,34.713,0.0,0.7999644460246211,12.373453318335208,7.9615048118985134,12.006000000000002,25.435000000000002,0.025688951093552074,681.21,2116,1.7689000000000001,1032256,281.2,46.86666666666667,0.0,-7.0,-0.09999999999999787
67,96.5,8.0,63.3,25.0,68.0,91,0.0,1016,45,26.1,0.0,1.66,2023,10,21,3,5,294,42,0.7071067811865476,0.7071067811865476,-0.8660254037844386,0.5000000000000001,-0.9749279121818236,-0.2225209339563146,3,3,1,18.0,18.0,20.0,35.0,28.0,38.0,18.666666666666668,1.1547005383824582,20.0,18.0,22.0,5.099019513592257,31.0,18.0,37.25,20.95937629189958,82.0,18.0,34.041666666666664,15.88403400373767,82.0,18.0,26.1,26.8,28.3,46.0,46.0,44.0,1.33,1.33,1.66,1016.0,1016.0,1016.0,1174.5,74.7,43.326,0.0,0.7999680012799487,12.060992375953006,7.911511061117361,11.745,25.270000000000003,0.025688951093552074,681.21,2025,2.7556,1032256,280.8,46.800000000000004,2.0,0.0,0.0
76,94.0,8.0,63.0,30.0,66.0,100,0.0,1016,43,26.0,0.0,2.0,2023,10,21,4,5,294,42,0.8660254037844386,0.5000000000000001,-0.8660254037844386,0.5000000000000001,-0.9749279121818236,-0.2225209339563146,3,3,1,20.0,18.0,18.0,31.0,31.0,38.0,20.666666666666668,3.055050463305069,24.0,18.0,20.833333333333332,2.994439290862575,25.0,18.0,36.666666666666664,21.2446071588373,82.0,18.0,33.458333333333336,15.989070089246932,82.0,18.0,26.1,26.2,28.0,45.0,47.0,43.0,1.66,1.0,2.0,1016.0,1016.0,1017.0,1118.0,86.0,52.0,0.0,0.7999733342221925,11.748531433570804,7.874015748031496,11.18,25.0,0.02559052599357678,676.0,1849,4.0,1032256,285.0,47.5,4.0,6.0,-0.10000000000000142
69,102.7,9.3,60.3,26.3,71.3,100,0.0,1017,43,25.8,0.0,2.0,2023,10,21,5,5,294,42,0.9659258262890683,0.25881904510252074,-0.8660254037844386,0.5000000000000001,-0.9749279121818236,-0.2225209339563146,3,3,1,24.0,20.0,18.0,25.0,45.0,29.0,21.666666666666668,2.081665999467831,24.0,20.0,20.166666666666668,2.228601953391795,24.0,18.0,34.666666666666664,21.516730629203053,82.0,18.0,33.125,16.168440811063995,82.0,18.0,26.0,26.1,27.4,43.0,46.0,45.0,2.0,1.33,1.66,1016.0,1016.0,1016.0,1109.4,86.0,51.6,0.0,0.79844872818524,11.041823459843028,6.483173852273949,11.094000000000001,24.8,0.02536870661877422,665.64,1849,4.0,1034289,290.90000000000003,48.48333333333334,-3.0,3.0,-0.1999999999999993
90,111.5,10.7,57.7,38.3,76.7,100,0.0,1017,43,25.7,1.0,2.0,2023,10,21,6,5,294,42,1.0,6.123233995736766e-17,-0.8660254037844386,0.5000000000000001,-0.9749279121818236,-0.2225209339563146,3,0,1,21.0,24.0,20.0,20.0,67.0,34.0,25.223333333333333,4.949710429241292,30.67,21.0,21.945000000000004,4.819766591858431,30.67,18.0,31.639166666666668,18.95738400553519,82.0,18.0,32.986250000000005,16.174892463186957,82.0,18.0,25.8,26.1,26.8,43.0,45.0,46.0,2.0,1.66,1.33,1017.0,1016.0,1016.0,1105.1,86.0,51.4,0.0,0.8007623821832329,10.419586954490235,5.392019437435755,11.050999999999998,24.7,0.025270378298546413,660.49,1849,4.0,1034289,325.57,54.26166666666666,9.670000000000002,10.670000000000002,-0.10000000000000142
98,120.2,12.0,55.0,42.5,82.0,100,0.0,1018,43,25.5,1.5,2.0,2023,10,21,7,5,294,42,0.9659258262890683,-0.25881904510252063,-0.8660254037844386,0.5000000000000001,-0.9749279121818236,-0.2225209339563146,3,0,1,30.67,21.0,24.0,18.0,82.0,45.0,28.55666666666667,6.752750057075978,34.0,21.0,24.611666666666668,6.375642451287609,34.0,18.0,27.639166666666668,10.576846461048516,55.0,18.0,32.52791666666667,15.974273060732697,82.0,18.0,25.7,26.0,26.2,43.0,43.0,47.0,2.0,2.0,1.0,1017.0,1016.0,1016.0,1096.5,86.0,51.0,0.0,0.7999811769134845,10.015832013998834,4.582951420714941,10.965,24.5,0.025049091307375926,650.25,1849,4.0,1036324,345.7,57.61666666666667,3.3299999999999983,10.0,-0.1999999999999993
63,119.8,12.3,56.3,22.5,91.3,91,0.0,1018,41,26.1,2.5,2.33,2023,10,21,8,5,294,42,0.8660254037844387,-0.4999999999999998,-0.8660254037844386,0.5000000000000001,-0.9749279121818236,-0.2225209339563146,3,0,1,34.0,30.67,21.0,18.0,55.0,45.0,27.55666666666667,8.442134406258868,34.0,18.0,24.611666666666668,6.375642451287609,34.0,18.0,24.555833333333336,6.472188695884895,35.0,18.0,31.40291666666667,16.008438937327842,82.0,18.0,25.5,25.8,26.1,43.0,43.0,46.0,2.0,2.0,1.33,1018.0,1017.0,1016.0,1070.1000000000001,95.53,60.813,0.0,0.7999644460246211,9.739045606048288,4.576863669620356,10.701,24.935000000000002,0.02563848169107889,681.21,1681,5.4289000000000005,1036324,320.2,53.36666666666667,-16.0,-3.0,0.6000000000000014
69,119.4,12.7,57.7,26.3,100.7,83,0.0,1019,39,26.6,3.4,2.66,2023,10,21,9,5,294,42,0.7071067811865476,-0.7071067811865475,-0.8660254037844386,0.5000000000000001,-0.9749279121818236,-0.2225209339563146,3,0,1,18.0,34.0,30.67,20.0,35.0,28.0,24.333333333333332,8.504900548115781,34.0,18.0,24.778333333333336,6.2426610244879255,34.0,18.0,23.389166666666668,5.624714066805718,34.0,18.0,31.111250000000002,16.136391308360455,82.0,18.0,26.1,25.7,26.1,41.0,43.0,45.0,2.33,2.0,1.66,1018.0,1017.0,1016.0,1037.4,103.74000000000001,70.75600000000001,0.0,0.79844872818524,9.400834579954335,4.542949374065035,10.374,25.270000000000003,0.026103997935232645,707.5600000000001,1521,7.0756000000000006,1038361,337.8,56.300000000000004,3.0,-9.670000000000002,0.5
69,119.1,13.0,59.0,26.3,110.0,75,0.0,1019,37,27.2,4.9,3.0,2023,10,21,10,5,294,42,0.49999999999999994,-0.8660254037844387,-0.8660254037844386,0.5000000000000001,-0.9749279121818236,-0.2225209339563146,3,0,1,21.0,18.0,34.0,24.0,31.0,30.0,20.0,1.7320508075709775,21.0,18.0,24.278333333333336,6.43465746304034,34.0,18.0,22.555833333333336,5.112031189143581,34.0,18.0,30.736250000000002,16.267384496887452,82.0,18.0,26.6,25.5,26.0,39.0,43.0,43.0,2.66,2.0,2.0,1019.0,1018.0,1016.0,1006.4,111.0,81.6,0.0,0.79844872818524,9.160833782016768,4.53811245288824,10.064,25.7,0.026692809918734132,739.8399999999999,1369,9.0,1038361,348.4,58.06666666666666,0.0,-13.0,0.5999999999999979
67,119.1,12.7,64.3,25.0,116.0,79,0.0,1018,38,27.1,5.7,3.0,2023,10,21,11,5,294,42,0.258819045102521,-0.9659258262890682,-0.8660254037844386,0.5000000000000001,-0.9749279121818236,-0.2225209339563146,3,0,1,21.0,21.0,18.0,21.0,25.0,23.0,20.666666666666668,0.5773502691958584,21.0,20.0,24.111666666666668,6.548497283091808,34.0,18.0,22.139166666666668,5.098453345392151,34.0,18.0,30.611250000000002,16.340775702012653,82.0,18.0,27.2,26.1,25.8,37.0,41.0,43.0,3.0,2.33,2.0,1019.0,1018.0,1017.0,1029.8,114.0,81.30000000000001,0.0,0.7999680012799487,9.377214392567515,5.062593496575073,10.298,25.6,0.026620798997250495,734.4100000000001,1444,9.0,1036324,357.09999999999997,59.51666666666666,-1.0,2.0,-0.09999999999999787
82,119.1,12.3,69.7,33.8,122.0,83,0.0,1017,40,27.1,6.1,3.0,2023,10,21,12,5,294,42,1.2246467991473532e-16,-1.0,-0.8660254037844386,0.5000000000000001,-0.9749279121818236,-0.2225209339563146,3,1,1,20.0,21.0,21.0,30.67,20.0,26.0,22.666666666666668,3.7859388972011034,27.0,20.0,23.5,5.95818764390601,34.0,18.0,22.7225,5.230199240076609,34.0,18.0,30.65291666666667,16.329777676051936,82.0,18.0,27.1,26.6,25.7,38.0,39.0,43.0,3.0,2.66,2.0,1018.0,1019.0,1017.0,1084.0,120.0,81.30000000000001,0.0,0.7987929351202628,9.682139663441996,5.666205999512235,10.84,25.6,0.026646974781735715,734.4100000000001,1600,9.0,1034289,383.90000000000003,63.98333333333334,7.0,6.0,0.0
67,119.1,12.0,75.0,25.0,128.0,87,0.0,1016,42,27.0,5.3,3.0,2023,10,21,13,5,294,42,-0.2588190451025208,-0.9659258262890683,-0.8660254037844386,0.5000000000000001,-0.9749279121818236,-0.2225209339563146,3,1,1,27.0,20.0,21.0,34.0,18.0,22.0,22.333333333333332,4.041451884328247,27.0,20.0,21.166666666666668,3.060501048302627,27.0,18.0,22.889166666666668,5.096179421582263,34.0,18.0,30.569583333333338,16.380877897366023,82.0,18.0,27.1,27.2,25.5,40.0,37.0,43.0,3.0,3.0,2.0,1017.0,1019.0,1018.0,1134.0,126.0,81.0,0.0,0.7999680012799487,9.924172985584535,6.249479210065828,11.34,25.5,0.026574776993329732,729.0,1764,9.0,1032256,379.1,63.18333333333334,-7.0,-1.0,-0.10000000000000142
67,126.4,13.0,74.7,25.0,133.3,79,0.0,1016,41,27.5,4.3,2.33,2023,10,21,14,5,294,42,-0.4999999999999997,-0.8660254037844388,-0.8660254037844386,0.5000000000000001,-0.9749279121818236,-0.2225209339563146,3,1,1,20.0,27.0,20.0,18.0,18.0,22.0,22.333333333333332,4.041451884328247,27.0,20.0,21.5,2.7386127875248687,27.0,20.0,23.055833333333336,4.952423572596861,34.0,18.0,30.486250000000002,16.431378203727217,82.0,18.0,27.0,27.1,26.1,42.0,38.0,41.0,3.0,3.0,2.33,1016.0,1018.0,1018.0,1127.5,95.53,64.075,0.0,0.7999680012799487,9.722329051611416,5.745711868317822,11.275,26.335,0.02706690249320621,756.25,1681,5.4289000000000005,1032256,392.40000000000003,65.4,0.0,0.0,0.5
78,133.8,14.0,74.3,31.3,138.7,70,0.0,1015,41,28.1,2.8,1.66,2023,10,21,15,5,294,42,-0.7071067811865471,-0.7071067811865479,-0.8660254037844386,0.5000000000000001,-0.9749279121818236,-0.2225209339563146,3,1,1,20.0,20.0,27.0,21.0,20.0,28.0,21.666666666666668,2.886751345949357,25.0,20.0,22.166666666666668,3.060501048302588,27.0,20.0,23.4725,4.88178269413091,34.0,18.0,30.361250000000002,16.46249606318688,82.0,18.0,27.5,27.1,26.6,41.0,40.0,39.0,2.33,3.0,2.66,1016.0,1017.0,1019.0,1152.1000000000001,68.06,46.646,0.0,0.7986965272674994,9.556460252839084,5.30676380258553,11.521,27.270000000000003,0.027684701788471145,789.6100000000001,1681,2.7556,1030225,417.1,69.51666666666667,5.0,-2.0,0.6000000000000014
98,141.2,15.0,74.0,42.5,144.0,62,0.0,1015,41,28.6,2.0,1.0,2023,10,21,16,5,294,42,-0.8660254037844385,-0.5000000000000004,-0.8660254037844386,0.5000000000000001,-0.9749279121818236,-0.2225209339563146,3,1,1,25.0,20.0,20.0,21.0,24.0,31.0,26.333333333333332,7.09459888459805,34.0,20.0,24.333333333333332,5.609515724789506,34.0,20.0,24.305833333333336,5.7553650201477415,34.0,18.0,30.486250000000002,16.47893828695363,82.0,18.0,28.1,27.0,27.2,41.0,42.0,37.0,1.66,3.0,3.0,1015.0,1016.0,1019.0,1172.6000000000001,41.0,28.6,0.0,0.7999811769134845,9.412705819612025,4.933004466368909,11.726,28.1,0.028177312140579173,817.96,1681,1.0,1030225,450.7,75.11666666666666,9.0,14.0,0.5
156,158.5,17.3,71.3,75.0,142.0,70,0.0,1015,44,27.8,1.8,1.0,2023,10,21,17,5,294,42,-0.9659258262890683,-0.25881904510252063,-0.8660254037844386,0.5000000000000001,-0.9749279121818236,-0.2225209339563146,3,1,1,34.0,25.0,20.0,20.0,21.0,45.0,39.666666666666664,18.17507450695425,60.0,25.0,31.0,15.126136320950982,60.0,20.0,27.555833333333336,11.68044788862038,60.0,18.0,31.111250000000002,17.316506152399683,82.0,18.0,28.6,27.5,27.1,41.0,41.0,38.0,1.0,2.33,3.0,1015.0,1016.0,1018.0,1223.2,44.0,27.8,0.0,0.7999893334755536,9.16132015490434,4.121149066527946,12.232000000000001,27.3,0.02738913557720633,772.84,1936,1.0,1030225,524.1,87.35000000000001,26.0,40.0,-0.8000000000000007
163,175.9,19.7,68.7,81.3,140.0,79,0.0,1016,47,27.0,0.0,1.0,2023,10,21,18,5,294,42,-1.0,-1.8369701987210297e-16,-0.8660254037844386,0.5000000000000001,-0.9749279121818236,-0.2225209339563146,3,2,1,60.0,34.0,25.0,27.0,30.67,67.0,53.0,16.643316977093342,65.0,34.0,37.333333333333336,20.215505600074852,65.0,20.0,30.416666666666668,15.93999163529647,65.0,18.0,31.02791666666667,17.140202164899698,82.0,18.0,27.8,28.1,27.1,44.0,41.0,40.0,1.0,1.66,3.0,1015.0,1015.0,1017.0,1269.0,47.0,27.0,0.0,0.7994981611542293,8.92848078777727,3.487132632861276,12.69,26.5,0.026574776993329732,729.0,2209,1.0,1032256,550.6,91.76666666666667,5.0,40.0,-0.8000000000000007
173,193.2,22.0,66.0,91.3,138.0,87,0.0,1017,51,26.2,0.0,1.0,2023,10,21,19,5,294,42,-0.9659258262890684,0.2588190451025203,-0.8660254037844386,0.5000000000000001,-0.9749279121818236,-0.2225209339563146,3,2,1,65.0,60.0,34.0,20.0,34.0,82.0,66.0,6.557438524302155,73.0,60.0,46.166666666666664,22.569152989570874,73.0,20.0,33.666666666666664,20.155456438453882,73.0,18.0,30.65291666666667,16.039648830365902,73.0,18.0,27.0,28.6,27.0,47.0,41.0,42.0,1.0,1.0,3.0,1016.0,1015.0,1016.0,1336.2,51.0,26.2,0.0,0.7995531264717801,8.781419026407889,2.9998636425617016,13.362,25.7,0.025762019899685448,686.4399999999999,2601,1.0,1034289,583.5,97.25,8.0,39.0,-0.8000000000000007
156,207.2,22.7,59.3,75.0,135.3,91,0.0,1017,54,25.9,0.0,1.0,2023,10,21,20,5,294,42,-0.8660254037844386,0.5000000000000001,-0.8660254037844386,0.5000000000000001,-0.9749279121818236,-0.2225209339563146,3,2,1,73.0,65.0,60.0,20.0,18.0,55.0,66.0,6.557438524302155,73.0,60.0,52.833333333333336,18.90414416646928,73.0,25.0,37.166666666666664,20.823209661482256,73.0,20.0,30.861250000000002,16.398100184897093,73.0,18.0,26.2,27.8,27.5,51.0,44.0,41.0,1.0,1.0,2.33,1017.0,1015.0,1016.0,1398.6,54.0,25.9,0.0,0.7999893334755536,9.127351218008016,2.61221972600326,13.985999999999999,25.4,0.025467034939002025,670.81,2916,1.0,1034289,559.5,93.25,-13.0,0.0,-0.3000000000000007
151,221.2,23.3,52.7,70.0,132.7,95,0.0,1018,57,25.5,0.0,1.0,2023,10,21,21,5,294,42,-0.7071067811865477,0.7071067811865474,-0.8660254037844386,0.5000000000000001,-0.9749279121818236,-0.2225209339563146,3,2,1,60.0,73.0,65.0,25.0,21.0,35.0,63.0,8.88819441731572,73.0,56.0,58.0,13.130118049735376,73.0,34.0,40.083333333333336,20.804100703000675,73.0,20.0,31.736250000000002,17.170626286342234,73.0,18.0,25.9,27.0,28.1,54.0,47.0,41.0,1.0,1.0,1.66,1017.0,1016.0,1015.0,1453.5,57.0,25.5,0.0,0.7999885715918343,9.493154800223165,2.2617055062014506,14.535,25.0,0.025049091307375926,650.25,3249,1.0,1036324,555.9,92.64999999999999,-4.0,-9.0,-0.3999999999999986
153,235.2,24.0,46.0,72.5,130.0,100,0.0,1018,60,25.2,0.0,1.0,2023,10,21,22,5,294,42,-0.5000000000000004,0.8660254037844384,-0.8660254037844386,0.5000000000000001,-0.9749279121818236,-0.2225209339563146,3,3,1,56.0,60.0,73.0,34.0,21.0,31.0,58.0,2.0000000000007248,60.0,56.0,62.0,6.164414002967831,73.0,56.0,43.166666666666664,20.457642863124242,73.0,20.0,32.861250000000005,17.98546135379089,73.0,18.0,25.5,26.2,28.6,57.0,51.0,41.0,1.0,1.0,1.0,1018.0,1017.0,1015.0,1512.0,60.0,25.2,0.0,0.799988965669439,9.799591683679846,1.9165868088829632,15.12,24.7,0.024754396115524446,635.04,3600,1.0,1036324,565.7,94.28333333333335,2.0,-15.0,-0.3000000000000007
107,207.0,22.0,46.7,47.5,125.7,100,0.0,1018,62,24.9,0.0,1.0,2023,10,21,23,5,294,42,-0.25881904510252157,0.9659258262890681,-0.8660254037844386,0.5000000000000001,-0.9749279121818236,-0.2225209339563146,3,3,1,58.0,56.0,60.0,60.0,20.0,25.0,50.666666666666664,11.015141094572375,58.0,38.0,58.333333333333336,11.673331429658514,73.0,38.0,44.666666666666664,19.22750555056366,73.0,20.0,33.40291666666667,17.93409758924574,73.0,18.0,25.2,25.9,27.8,60.0,54.0,44.0,1.0,1.0,1.0,1018.0,1017.0,1015.0,1543.8,62.0,24.9,0.0,0.7999831582493001,9.408663242579882,2.122630789509568,15.437999999999999,24.4,0.024459700923672962,620.0099999999999,3844,1.0,1036324,486.9,81.14999999999999,-20.0,-22.0,-0.3000000000000007
76,178.8,20.0,47.3,30.0,121.3,100,0.0,1018,65,24.5,0.0,1.0,2023,10,22,0,6,295,42,0.0,1.0,-0.8660254037844386,0.5000000000000001,-0.7818314824680299,0.6234898018587334,3,3,1,38.0,58.0,56.0,65.0,27.0,20.0,40.0,17.088007490635206,58.0,24.0,51.5,17.524268886318428,73.0,24.0,44.416666666666664,19.49572602734558,73.0,20.0,33.569583333333334,17.822363450151208,73.0,18.0,24.9,25.5,27.0,62.0,57.0,47.0,1.0,1.0,1.0,1018.0,1018.0,1016.0,1592.5,65.0,24.5,0.0,0.7999733342221925,8.939553022348882,2.364881755912204,15.925,24.0,0.02406677400120432,600.25,4225,1.0,1036324,421.40000000000003,70.23333333333333,-14.0,-32.0,-0.3999999999999986
150,150.6,18.0,48.0,67.5,117.0,100,0.0,1017,68,24.2,0.0,1.0,2023,10,22,1,6,295,42,0.25881904510252074,0.9659258262890683,-0.8660254037844386,0.5000000000000001,-0.7818314824680299,0.6234898018587334,3,3,1,24.0,38.0,58.0,73.0,20.0,18.0,38.666666666666664,15.01110699893044,54.0,24.0,48.333333333333336,14.278188493876083,60.0,24.0,47.25,18.040988684860345,73.0,20.0,35.069583333333334,17.96933704208074,73.0,18.0,24.5,25.2,26.2,65.0,60.0,51.0,1.0,1.0,1.0,1018.0,1018.0,1017.0,1645.6,68.0,24.2,0.0,0.7999881483237284,8.366201877673461,2.6665185267485136,16.456,23.7,0.023795453495129307,585.64,4624,1.0,1034289,455.1,75.85000000000001,30.0,-4.0,-0.3000000000000007
139,140.6,17.0,48.3,62.5,116.3,95,0.0,1017,65,24.2,0.0,1.0,2023,10,22,2,6,295,42,0.49999999999999994,0.8660254037844387,-0.8660254037844386,0.5000000000000001,-0.7818314824680299,0.6234898018587334,3,3,1,54.0,24.0,38.0,60.0,20.0,18.0,42.666666666666664,16.2890556304943,54.0,24.0,46.666666666666664,13.185851002747443,58.0,24.0,49.75,15.86949618264219,73.0,24.0,36.40291666666667,17.8343984867466,73.0,18.0,24.2,24.9,25.9,68.0,62.0,54.0,1.0,1.0,1.0,1017.0,1018.0,1017.0,1573.0,65.0,24.2,0.0,0.7999872002047967,8.270101758720074,2.8410093523910356,15.73,23.7,0.023795453495129307,585.64,4225,1.0,1034289,434.7,72.45,-4.0,12.0,0.0
118,130.7,16.0,48.7,52.5,115.7,91,0.0,1017,63,24.2,0.0,1.0,2023,10,22,3,6,295,42,0.7071067811865476,0.7071067811865476,-0.8660254037844386,0.5000000000000001,-0.7818314824680299,0.6234898018587334,3,3,1,50.0,54.0,24.0,56.0,25.0,20.0,48.666666666666664,6.110100926608121,54.0,42.0,44.333333333333336,12.420413304985315,58.0,24.0,51.166666666666664,14.121764848071509,73.0,24.0,37.319583333333334,17.51721848060112,73.0,18.0,24.2,24.5,25.5,65.0,65.0,57.0,1.0,1.0,1.0,1017.0,1018.0,1018.0,1524.6,63.0,24.2,0.0,0.7999847621950058,8.168239485032185,3.0435597775139054,15.245999999999999,23.7,0.023795453495129307,585.64,3969,1.0,1034289,405.59999999999997,67.6,-8.0,18.0,0.0
78,120.8,15.0,49.0,31.3,115.0,87,0.0,1017,61,24.2,0.0,1.0,2023,10,22,4,6,295,42,0.8660254037844386,0.5000000000000001,-0.8660254037844386,0.5000000000000001,-0.7818314824680299,0.6234898018587334,3,3,1,42.0,50.0,54.0,58.0,34.0,24.0,39.0,12.767145334803903,50.0,25.0,38.833333333333336,12.464616587230331,54.0,24.0,50.416666666666664,15.305722835434379,73.0,24.0,37.361250000000005,17.485319137096095,73.0,18.0,24.2,24.2,25.2,63.0,68.0,60.0,1.0,1.0,1.0,1017.0,1017.0,1018.0,1476.2,61.0,24.2,0.0,0.7986965272674994,8.052796480234651,3.26644890340644,14.762,23.7,0.023795453495129307,585.64,3721,1.0,1034289,356.1,59.35,-17.0,-29.0,0.0
72,135.8,16.0,46.3,27.5,112.3,91,0.0,1017,60,24.2,0.0,1.33,2023,10,22,5,6,295,42,0.9659258262890683,0.25881904510252074,-0.8660254037844386,0.5000000000000001,-0.7818314824680299,0.6234898018587334,3,3,1,25.0,42.0,50.0,38.0,60.0,21.0,29.666666666666668,10.78579312490924,42.0,22.0,36.166666666666664,14.260668521028673,54.0,22.0,47.25,16.9819422810334,73.0,22.0,37.40291666666667,17.44578271679036,73.0,18.0,24.2,24.2,24.9,61.0,65.0,62.0,1.0,1.0,1.0,1017.0,1017.0,1018.0,1452.0,79.80000000000001,32.186,0.0,0.7999709101487218,8.486969564402225,2.8935691519280042,14.52,23.535,0.023795453495129307,585.64,3600,1.7689000000000001,1034289,359.90000000000003,59.98333333333334,-3.0,-28.0,0.0
76,150.8,17.0,43.7,30.0,109.7,95,0.0,1018,60,24.2,0.7,1.66,2023,10,22,6,6,295,42,1.0,6.123233995736766e-17,-0.8660254037844386,0.5000000000000001,-0.7818314824680299,0.6234898018587334,3,0,1,22.0,25.0,42.0,24.0,65.0,30.67,23.666666666666668,1.5275252316541594,25.0,22.0,36.166666666666664,14.260668521028673,54.0,22.0,43.833333333333336,17.20905329039055,73.0,22.0,37.125,17.610057649956584,73.0,18.0,24.2,24.2,24.5,60.0,63.0,65.0,1.33,1.0,1.0,1017.0,1017.0,1018.0,1452.0,99.6,40.172,0.0,0.7999733342221925,8.87006646667843,2.570437033115699,14.52,23.37,0.02377207880935284,585.64,3600,2.7556,1036324,375.2,62.53333333333333,2.0,-18.0,0.0
89,165.7,18.0,41.0,37.5,107.0,100,0.0,1019,60,24.2,0.8,2.0,2023,10,22,7,6,295,42,0.9659258262890683,-0.25881904510252063,-0.8660254037844386,0.5000000000000001,-0.7818314824680299,0.6234898018587334,3,0,1,24.0,22.0,25.0,54.0,73.0,34.0,25.333333333333332,4.163331998933055,30.0,22.0,32.166666666666664,11.321071798494128,50.0,22.0,40.25,14.906526941394917,60.0,22.0,36.958333333333336,17.659777847504202,73.0,18.0,24.2,24.2,24.2,60.0,61.0,68.0,1.66,1.0,1.0,1018.0,1017.0,1017.0,1452.0,120.0,48.4,0.0,0.7999786672355405,9.205044164213097,2.277651241597689,14.52,23.2,0.02374875000122669,585.64,3600,4.0,1038361,399.2,66.53333333333333,6.0,5.0,0.0
67,175.1,18.0,44.0,25.0,120.3,100,0.0,1019,59,24.6,1.1,2.0,2023,10,22,8,6,295,42,0.8660254037844387,-0.4999999999999998,-0.8660254037844386,0.5000000000000001,-0.7818314824680299,0.6234898018587334,3,0,1,30.0,24.0,22.0,50.0,60.0,18.0,24.666666666666668,5.033222956847827,30.0,20.0,27.166666666666668,8.01040989379821,42.0,20.0,36.916666666666664,14.556837402111166,58.0,20.0,37.041666666666664,17.570922538119376,73.0,20.0,24.2,24.2,24.2,60.0,60.0,65.0,2.0,1.33,1.0,1019.0,1017.0,1017.0,1451.4,118.0,49.2,0.0,0.7999680012799487,9.72723737570135,2.444308649519471,14.514000000000001,23.6,0.02414129132356102,605.1600000000001,3481,4.0,1038361,402.40000000000003,67.06666666666668,-10.0,-2.0,0.40000000000000213
82,184.4,18.0,47.0,33.8,133.7,100,0.0,1019,57,25.1,1.7,2.0,2023,10,22,9,6,295,42,0.7071067811865476,-0.7071067811865475,-0.8660254037844386,0.5000000000000001,-0.7818314824680299,0.6234898018587334,3,0,1,20.0,30.0,24.0,42.0,56.0,21.0,25.666666666666668,5.131601439447521,30.0,20.0,24.666666666666668,3.5590260840096155,30.0,20.0,34.5,13.467131705141375,58.0,20.0,37.291666666666664,17.37434181841719,73.0,20.0,24.6,24.2,24.2,59.0,60.0,63.0,2.0,1.66,1.0,1019.0,1018.0,1017.0,1430.7,114.0,50.2,0.0,0.7987929351202628,10.243875340258874,2.610966057441253,14.307,24.1,0.024631967976478927,630.0100000000001,3249,4.0,1038361,443.9,73.98333333333333,7.0,3.0,0.5
80,193.8,18.0,50.0,32.5,147.0,100,0.0,1019,56,25.5,2.7,2.0,2023,10,22,10,6,295,42,0.49999999999999994,-0.8660254037844387,-0.8660254037844386,0.5000000000000001,-0.7818314824680299,0.6234898018587334,3,0,1,27.0,20.0,30.0,25.0,58.0,21.0,24.333333333333332,3.7859388972010644,27.0,20.0,24.833333333333332,3.600925806880889,30.0,20.0,31.833333333333332,11.400425297754683,54.0,20.0,37.5,17.19959554630671,73.0,20.0,25.1,24.2,24.2,57.0,60.0,61.0,2.0,2.0,1.0,1019.0,1019.0,1017.0,1428.0,112.0,51.0,0.0,0.7999753853727578,10.766068551747125,2.7776234653630354,14.28,24.5,0.02502450929881325,650.25,3136,4.0,1038361,467.3,77.88333333333334,-1.0,-4.0,0.3999999999999986
98,188.5,17.3,57.7,42.5,157.7,95,0.0,1018,54,26.2,2.7,2.33,2023,10,22,11,6,295,42,0.258819045102521,-0.9659258262890682,-0.8660254037844386,0.5000000000000001,-0.7818314824680299,0.6234898018587334,3,0,1,26.0,27.0,20.0,22.0,38.0,20.0,29.0,4.358898943541378,34.0,26.0,26.833333333333332,4.833908011812009,34.0,20.0,31.5,11.261357902942692,54.0,20.0,38.083333333333336,16.813340114240052,73.0,20.0,25.5,24.6,24.2,56.0,59.0,60.0,2.0,2.0,1.33,1019.0,1019.0,1017.0,1414.8,125.82000000000001,61.046,0.0,0.7999811769134845,10.895323969712733,3.3350673371481414,14.148,25.035,0.02573671342169605,686.4399999999999,2916,5.4289000000000005,1036324,497.7,82.95,8.0,14.0,0.6999999999999993
85,183.3,16.7,65.3,35.0,168.3,91,0.0,1017,52,27.0,3.0,2.66,2023,10,22,12,6,295,42,1.2246467991473532e-16,-1.0,-0.8660254037844386,0.5000000000000001,-0.7818314824680299,0.6234898018587334,3,1,1,34.0,26.0,27.0,24.0,24.0,27.0,29.333333333333332,4.163331998932999,34.0,26.0,27.5,4.636809247747152,34.0,20.0,31.833333333333332,11.076866420470985,54.0,20.0,38.125,16.785895994787953,73.0,20.0,26.2,25.1,24.2,54.0,57.0,60.0,2.33,2.0,1.66,1018.0,1019.0,1018.0,1404.0,138.32,71.82000000000001,0.0,0.7999771435101855,10.975390695167954,3.9099455122447755,14.04,25.67,0.026548646461507903,729.0,2704,7.0756000000000006,1034289,496.6,82.76666666666667,-6.0,1.0,0.8000000000000007
69,178.0,16.0,73.0,26.3,179.0,87,0.0,1016,50,27.7,2.9,3.0,2023,10,22,13,6,295,42,-0.2588190451025208,-0.9659258262890683,-0.8660254037844386,0.5000000000000001,-0.7818314824680299,0.6234898018587334,3,1,1,28.0,34.0,26.0,30.0,54.0,20.0,27.666666666666668,6.506407098648195,34.0,21.0,26.0,5.099019513592181,34.0,20.0,29.083333333333332,8.969223472350212,50.0,20.0,38.166666666666664,16.740127958232076,73.0,20.0,27.0,25.5,24.2,52.0,56.0,60.0,2.66,2.0,2.0,1017.0,1019.0,1019.0,1385.0,150.0,83.1,0.0,0.79844872818524,11.124304730954314,4.562214861571151,13.85,26.2,0.027263752693156798,767.29,2500,9.0,1032256,493.3,82.21666666666667,-7.0,-5.0,0.6999999999999993
85,174.5,17.0,73.0,35.0,184.7,87,0.0,1016,51,27.6,2.7,2.33,2023,10,22,14,6,295,42,-0.4999999999999997,-0.8660254037844388,-0.8660254037844386,0.5000000000000001,-0.7818314824680299,0.6234898018587334,3,1,1,21.0,28.0,34.0,20.0,50.0,20.0,25.666666666666668,4.041451884328186,28.0,21.0,27.333333333333332,4.179314138307889,34.0,21.0,27.25,6.092096220811427,42.0,20.0,38.5,16.439612816767607,73.0,20.0,27.7,26.2,24.6,50.0,54.0,59.0,3.0,2.33,2.0,1016.0,1018.0,1019.0,1407.6000000000001,118.83,64.308,0.0,0.7999771435101855,10.264102111640492,4.2938650667607785,14.076,26.435000000000002,0.027165327593181503,761.7600000000001,2601,5.4289000000000005,1032256,512.2,85.36666666666667,7.0,-6.0,-0.09999999999999787
98,171.0,18.0,73.0,42.5,190.3,87,0.0,1015,53,27.6,2.9,1.66,2023,10,22,15,6,295,42,-0.7071067811865471,-0.7071067811865479,-0.8660254037844386,0.5000000000000001,-0.7818314824680299,0.6234898018587334,3,1,1,28.0,21.0,28.0,27.0,42.0,25.0,27.666666666666668,6.506407098648195,34.0,21.0,28.5,4.969909455914996,34.0,21.0,26.583333333333332,4.581749037476062,34.0,20.0,38.875,16.219452893791626,73.0,20.0,27.6,27.0,25.1,51.0,52.0,57.0,2.33,2.66,2.0,1016.0,1017.0,1019.0,1462.8000000000002,87.97999999999999,45.816,0.0,0.7999811769134845,9.499472251541581,4.055330259430032,14.628000000000002,26.770000000000003,0.027192091436363117,761.7600000000001,2809,2.7556,1030225,528.8,88.13333333333333,6.0,6.0,0.0
112,167.5,19.0,73.0,50.0,196.0,87,0.0,1015,54,27.5,2.0,1.0,2023,10,22,16,6,295,42,-0.8660254037844385,-0.5000000000000004,-0.8660254037844386,0.5000000000000001,-0.7818314824680299,0.6234898018587334,3,1,1,34.0,28.0,21.0,26.0,25.0,34.0,34.0,6.000000000000465,40.0,28.0,30.833333333333332,6.585337247754244,40.0,21.0,27.833333333333332,5.951826814032046,40.0,20.0,39.125,16.18725343945217,73.0,20.0,27.6,27.7,25.5,53.0,50.0,56.0,1.66,3.0,2.0,1015.0,1016.0,1019.0,1485.0,54.0,27.5,0.0,0.7999840003199936,8.815325509183726,3.8419030577338034,14.85,27.0,0.02709356936594151,756.25,2916,1.0,1030225,545.5,90.91666666666667,6.0,19.0,-0.10000000000000142
142,180.5,21.7,65.3,63.8,186.7,87,0.0,1015,57,27.1,1.8,1.0,2023,10,22,17,6,295,42,-0.9659258262890683,-0.25881904510252063,-0.8660254037844386,0.5000000000000001,-0.7818314824680299,0.6234898018587334,3,1,1,40.0,34.0,28.0,34.0,22.0,60.0,41.666666666666664,8.621678104251982,51.0,34.0,33.666666666666664,10.633281086600638,51.0,21.0,30.25,8.645808232894607,51.0,20.0,38.75,15.781800194886413,73.0,20.0,27.5,27.6,26.2,54.0,51.0,54.0,1.0,2.33,2.33,1015.0,1016.0,1018.0,1544.7,57.0,27.1,0.0,0.7993605115907275,8.317589051195798,3.009077922676374,15.447000000000001,26.6,0.026699481084255093,734.4100000000001,3249,1.0,1030225,569.0,94.83333333333333,11.0,23.0,-0.3999999999999986
145,193.6,24.3,57.7,65.0,177.3,87,0.0,1016,60,26.6,0.0,1.0,2023,10,22,18,6,295,42,-1.0,-1.8369701987210297e-16,-0.8660254037844386,0.5000000000000001,-0.7818314824680299,0.6234898018587334,3,2,1,51.0,40.0,34.0,28.0,24.0,65.0,47.666666666666664,6.6583281184796945,52.0,40.0,37.666666666666664,12.43650540411807,52.0,21.0,32.583333333333336,10.405054133215232,52.0,20.0,38.208333333333336,15.047689889631068,73.0,20.0,27.1,27.6,27.0,57.0,53.0,52.0,1.0,1.66,2.66,1015.0,1015.0,1017.0,1596.0,60.0,26.6,0.0,0.7999876924970385,7.966750339492201,2.374387885272211,15.96,26.1,0.02618107659342855,707.5600000000001,3600,1.0,1032256,569.9000000000001,94.98333333333335,1.0,18.0,-0.5
173,206.6,27.0,50.0,91.3,168.0,87,0.0,1016,63,26.2,0.0,1.0,2023,10,22,19,6,295,42,-0.9659258262890684,0.2588190451025203,-0.8660254037844386,0.5000000000000001,-0.7818314824680299,0.6234898018587334,3,2,1,52.0,51.0,40.0,21.0,30.0,73.0,58.666666666666664,12.423096769056258,73.0,51.0,46.333333333333336,16.083117442419432,73.0,28.0,36.166666666666664,15.561218305502388,73.0,20.0,38.208333333333336,15.047689889631068,73.0,20.0,26.6,27.5,27.7,60.0,54.0,50.0,1.0,1.0,3.0,1016.0,1015.0,1016.0,1650.6,63.0,26.2,0.0,0.7995531264717801,7.651568460427391,1.8517832672863968,16.506,25.7,0.02578737619352737,686.4399999999999,3969,1.0,1032256,615.9000000000001,102.65000000000002,21.0,33.0,-0.40000000000000213
187,214.8,27.0,46.7,103.8,167.7,91,0.0,1017,66,25.9,0.0,0.66,2023,10,22,20,6,295,42,-0.8660254037844386,0.5000000000000001,-0.8660254037844386,0.5000000000000001,-0.7818314824680299,0.6234898018587334,3,2,1,73.0,52.0,51.0,28.0,20.0,60.0,69.33333333333333,15.821925715074471,83.0,52.0,55.5,18.960485225858214,83.0,34.0,41.416666666666664,19.690599202911116,83.0,21.0,39.166666666666664,17.089703654964453,83.0,20.0,26.2,27.1,27.6,63.0,57.0,51.0,1.0,1.0,2.33,1016.0,1015.0,1016.0,1709.3999999999999,43.56,17.094,0.0,0.7996069402028883,7.955260916262361,1.7295655716454947,17.093999999999998,25.57,0.025467034939002025,670.81,4356,0.43560000000000004,1034289,643.0,107.16666666666667,10.0,32.0,-0.3000000000000007
160,222.9,27.0,43.3,78.8,167.3,95,0.0,1017,69,25.5,0.0,0.33,2023,10,22,21,6,295,42,-0.7071067811865477,0.7071067811865474,-0.8660254037844386,0.5000000000000001,-0.7818314824680299,0.6234898018587334,3,2,1,83.0,73.0,52.0,34.0,27.0,56.0,73.0,10.000000000000055,83.0,63.0,60.333333333333336,15.819818793736331,83.0,40.0,44.416666666666664,20.033872830934293,83.0,21.0,39.458333333333336,17.445515598364135,83.0,20.0,25.9,26.6,27.6,66.0,60.0,53.0,0.66,1.0,1.66,1017.0,1016.0,1015.0,1759.5,22.77,8.415000000000001,0.0,0.7994822400730955,8.255249805562757,1.6036443094700195,17.595,25.335,0.025073721658090797,650.25,4761,0.10890000000000001,1034289,602.3,100.38333333333333,-20.0,11.0,-0.3999999999999986
177,231.1,27.0,40.0,95.0,167.0,100,0.0,1017,72,25.2,0.0,1.2,2023,10,22,22,6,295,42,-0.5000000000000004,0.8660254037844384,-0.8660254037844386,0.5000000000000001,-0.7818314824680299,0.6234898018587334,3,3,1,63.0,83.0,73.0,40.0,26.0,58.0,74.0,10.148891565092267,83.0,63.0,66.33333333333333,13.170674495509028,83.0,51.0,48.583333333333336,21.0301010819049,83.0,21.0,40.208333333333336,18.6243859931865,83.0,20.0,25.5,26.2,27.5,69.0,63.0,54.0,0.33,1.0,1.0,1017.0,1016.0,1015.0,1814.3999999999999,86.39999999999999,30.24,0.0,0.7999915790360101,8.558942261397725,1.4814266138291174,18.144,24.599999999999998,0.024778736697407377,635.04,5184,1.44,1034289,636.1,106.01666666666667,13.0,3.0,-0.3000000000000007
191,239.3,28.7,34.3,107.5,166.3,100,0.0,1017,74,25.0,0.0,0.33,2023,10,22,23,6,295,42,-0.25881904510252157,0.9659258262890681,-0.8660254037844386,0.5000000000000001,-0.7818314824680299,0.6234898018587334,3,3,1,76.0,63.0,83.0,51.0,34.0,38.0,75.0,11.532562594670832,86.0,63.0,72.16666666666667,12.765839833972953,86.0,52.0,52.916666666666664,23.015640268514854,86.0,21.0,42.208333333333336,20.824273392338437,86.0,20.0,25.2,25.9,27.1,72.0,66.0,57.0,1.2,0.66,1.0,1017.0,1017.0,1015.0,1850.0,24.42,8.25,0.0,0.7999925582087608,8.337688582279362,1.1950803107905648,18.5,24.835,0.024582080056951762,625.0,5476,0.10890000000000001,1034289,662.1,110.35000000000001,10.0,3.0,-0.1999999999999993
205,247.4,30.3,28.7,121.3,165.7,100,0.0,1017,76,24.9,0.0,0.66,2023,10,23,0,0,296,43,0.0,1.0,-0.8660254037844386,0.5000000000000001,0.0,1.0,3,3,0,86.0,76.0,63.0,52.0,28.0,24.0,86.33333333333333,10.503967504392465,97.0,76.0,79.66666666666667,11.724617975296622,97.0,63.0,58.666666666666664,24.776577404451423,97.0,21.0,45.25,23.24023871762485,97.0,20.0,25.0,25.5,26.6,74.0,69.0,60.0,0.33,0.33,1.0,1017.0,1017.0,1016.0,1892.3999999999999,50.160000000000004,16.434,0.0,0.7996636466311078,8.16474703805155,0.9471634599518167,18.924,24.57,0.024483751736723954,620.0099999999999,5776,0.43560000000000004,1034289,690.4000000000001,115.06666666666668,11.0,34.0,-0.10000000000000142
179,255.6,32.0,23.0,96.3,165.0,100,0.0,1016,78,24.7,0.0,1.0,2023,10,23,1,0,296,43,0.25881904510252074,0.9659258262890683,-0.8660254037844386,0.5000000000000001,0.0,1.0,3,3,0,97.0,86.0,76.0,73.0,21.0,54.0,86.66666666666667,10.016652800877786,97.0,77.0,80.33333333333333,11.37834199989825,97.0,63.0,63.333333333333336,22.174241130125605,97.0,28.0,46.208333333333336,24.075929106035687,97.0,20.0,24.9,25.2,26.2,76.0,72.0,63.0,0.66,1.2,1.0,1017.0,1017.0,1016.0,1926.6,78.0,24.7,0.0,0.7995763283870365,7.98725039842505,0.7187275397643824,19.266,24.2,0.02431099969389794,610.0899999999999,6084,1.0,1032256,648.9000000000001,108.15000000000002,-20.0,1.0,-0.1999999999999993
118,243.0,30.3,23.3,52.5,161.3,100,0.0,1016,77,24.7,0.0,0.66,2023,10,23,2,0,296,43,0.49999999999999994,0.8660254037844387,-0.8660254037844386,0.5000000000000001,0.0,1.0,3,3,0,77.0,97.0,86.0,83.0,28.0,50.0,72.0,27.838821814150133,97.0,42.0,73.5,19.128512749296103,97.0,42.0,64.5,20.447271433883138,97.0,34.0,45.875,24.076531058815398,97.0,20.0,24.7,25.0,25.9,78.0,74.0,66.0,1.0,0.33,0.66,1016.0,1017.0,1017.0,1901.8999999999999,50.82,16.302,0.0,0.7999847621950058,8.019537308999702,0.7689515197518233,19.019,24.37,0.02431099969389794,610.0899999999999,5929,0.43560000000000004,1032256,552.4000000000001,92.06666666666668,-35.0,-44.0,0.0
168,230.3,28.7,23.7,86.3,157.7,100,0.0,1016,77,24.7,0.0,0.33,2023,10,23,3,0,296,43,0.7071067811865476,0.7071067811865476,-0.8660254037844386,0.5000000000000001,0.0,1.0,3,3,0,42.0,77.0,97.0,63.0,34.0,42.0,62.666666666666664,18.339392937971958,77.0,42.0,74.5,18.619881847100515,97.0,42.0,67.41666666666667,18.057777641042026,97.0,40.0,47.0,24.514414570597978,97.0,20.0,24.7,24.9,25.5,77.0,76.0,69.0,0.66,0.66,0.33,1016.0,1017.0,1017.0,1901.8999999999999,25.41,8.151,0.0,0.7995272360691069,8.02411065816522,0.8257552001672415,19.019,24.535,0.02431099969389794,610.0899999999999,5929,0.10890000000000001,1032256,595.7,99.28333333333335,27.0,-28.0,0.0
145,217.7,27.0,24.0,65.0,154.0,100,0.0,1016,77,24.7,0.0,1.2,2023,10,23,4,0,296,43,0.8660254037844386,0.5000000000000001,-0.8660254037844386,0.5000000000000001,0.0,1.0,3,3,0,69.0,42.0,77.0,76.0,40.0,25.0,54.333333333333336,13.650396819628972,69.0,42.0,70.5,20.69541011915406,97.0,42.0,68.41666666666667,16.681281471012213,97.0,42.0,48.125,24.07653105881542,97.0,20.0,24.7,24.7,25.2,77.0,78.0,72.0,0.33,1.0,1.2,1016.0,1016.0,1017.0,1901.8999999999999,92.39999999999999,29.639999999999997,0.0,0.7999876924970385,8.06266434576497,0.8888559682974704,19.019,24.099999999999998,0.02431099969389794,610.0899999999999,5929,1.44,1032256,539.7,89.95,-17.0,-25.0,0.0
129,207.2,25.0,27.7,57.5,145.7,95,0.0,1017,77,24.7,0.0,0.33,2023,10,23,5,0,296,43,0.9659258262890683,0.25881904510252074,-0.8660254037844386,0.5000000000000001,0.0,1.0,3,3,0,52.0,69.0,42.0,86.0,51.0,22.0,55.666666666666664,11.93035344544899,69.0,46.0,63.833333333333336,21.141586190885786,97.0,42.0,68.0,17.209933706490624,97.0,42.0,49.125,23.43411207397603,97.0,20.0,24.7,24.7,25.0,77.0,77.0,74.0,1.2,0.66,0.33,1016.0,1016.0,1017.0,1901.8999999999999,25.41,8.151,0.0,0.7999860871984835,8.287668493260268,1.107955681772729,19.019,24.535,0.024287095096268342,610.0899999999999,5929,0.10890000000000001,1034289,509.09999999999997,84.85,-6.0,4.0,0.0
137,196.7,23.0,31.3,61.3,137.3,91,0.0,1017,78,24.7,0.6,0.66,2023,10,23,6,0,296,43,1.0,6.123233995736766e-17,-0.8660254037844386,0.5000000000000001,0.0,1.0,3,0,0,46.0,52.0,69.0,97.0,52.0,24.0,49.0,3.000000000000673,52.0,46.0,55.833333333333336,13.934369977385217,77.0,42.0,67.75,17.483108731260433,97.0,42.0,50.166666666666664,22.816215947105363,97.0,20.0,24.7,24.7,24.9,77.0,77.0,76.0,0.33,0.33,0.66,1017.0,1016.0,1017.0,1926.6,51.480000000000004,16.302,0.0,0.7993344317384709,8.551802095561062,1.3608103995478458,19.266,24.37,0.024287095096268342,610.0899999999999,6084,0.43560000000000004,1034289,498.6,83.10000000000001,3.0,-20.0,0.0
131,186.2,21.0,35.0,58.8,129.0,87,0.0,1017,79,24.7,0.7,1.0,2023,10,23,7,0,296,43,0.9659258262890683,-0.25881904510252063,-0.8660254037844386,0.5000000000000001,0.0,1.0,3,0,0,49.0,46.0,52.0,77.0,73.0,30.0,47.333333333333336,1.5275252316533279,49.0,46.0,50.833333333333336,9.495613022162166,69.0,42.0,65.58333333333333,18.362304932230778,97.0,42.0,50.875,22.42342040387045,97.0,20.0,24.7,24.7,24.7,78.0,77.0,78.0,0.66,1.2,1.0,1017.0,1016.0,1016.0,1951.3,79.0,24.7,0.0,0.7993061342494175,8.866244464549306,1.666587305366411,19.512999999999998,24.2,0.024287095096268342,610.0899999999999,6241,1.0,1034289,477.0,79.5,-2.0,-5.0,0.0
110,176.8,20.0,46.3,48.8,137.7,91,0.0,1017,77,24.8,1.0,1.0,2023,10,23,8,0,296,43,0.8660254037844387,-0.4999999999999998,-0.8660254037844386,0.5000000000000001,0.0,1.0,3,0,0,47.0,49.0,46.0,42.0,83.0,20.0,45.0,5.291502622129604,49.0,39.0,50.333333333333336,10.11269828812547,69.0,39.0,61.916666666666664,18.95189284541856,97.0,39.0,51.666666666666664,21.60649392451638,97.0,21.0,24.7,24.7,24.7,79.0,77.0,77.0,1.0,0.33,0.66,1017.0,1017.0,1016.0,1909.6000000000001,77.0,24.8,0.0,0.7991639515583698,8.839558022098895,2.3148842557872102,19.096,24.3,0.02438542341649615,615.0400000000001,5929,1.0,1034289,468.6,78.10000000000001,-8.0,-7.0,0.10000000000000142
145,167.5,19.0,57.7,65.0,146.3,95,0.0,1018,75,24.9,1.5,1.0,2023,10,23,9,0,296,43,0.7071067811865476,-0.7071067811865475,-0.8660254037844386,0.5000000000000001,0.0,1.0,3,0,0,39.0,47.0,49.0,69.0,63.0,27.0,46.0,6.557438524302333,52.0,39.0,47.5,4.847679857415283,52.0,39.0,61.0,19.15961662170968,97.0,39.0,52.708333333333336,20.95850800918408,97.0,21.0,24.8,24.7,24.7,77.0,78.0,77.0,1.0,0.66,0.33,1017.0,1017.0,1016.0,1867.5,75.0,24.9,0.0,0.7999876924970385,8.815325509183726,3.036682279880006,18.675,24.4,0.024459700923672962,620.0099999999999,5625,1.0,1036324,507.5,84.58333333333333,13.0,3.0,0.09999999999999787
134,158.2,18.0,69.0,60.0,155.0,100,0.0,1018,73,25.0,2.2,1.0,2023,10,23,10,0,296,43,0.49999999999999994,-0.8660254037844387,-0.8660254037844386,0.5000000000000001,0.0,1.0,3,0,0,52.0,39.0,47.0,52.0,76.0,26.0,46.333333333333336,6.658328118479718,52.0,39.0,46.833333333333336,4.355073669486738,52.0,39.0,58.666666666666664,18.86956825315808,97.0,39.0,53.625,20.2072145962562,97.0,21.0,24.9,24.7,24.7,75.0,79.0,77.0,1.0,1.0,1.2,1018.0,1017.0,1016.0,1825.0,73.0,25.0,0.0,0.7999866668888852,8.788400644408643,3.8331203822009887,18.25,24.5,0.024557932654290123,625.0,5329,1.0,1036324,508.2,84.7,-4.0,1.0,0.10000000000000142
118,151.5,16.3,81.0,52.5,154.3,95,0.0,1017,70,25.7,2.8,1.33,2023,10,23,11,0,296,43,0.258819045102521,-0.9659258262890682,-0.8660254037844386,0.5000000000000001,0.0,1.0,3,0,0,48.0,52.0,39.0,46.0,86.0,34.0,47.333333333333336,5.033222956847585,52.0,42.0,46.166666666666664,4.792355023019146,52.0,39.0,55.0,17.283728553968277,97.0,39.0,53.958333333333336,19.93353993882604,97.0,21.0,25.0,24.8,24.7,73.0,77.0,77.0,1.0,1.0,0.33,1018.0,1017.0,1017.0,1799.0,93.10000000000001,34.181,0.0,0.7999847621950058,9.29390834918103,4.969020305502729,17.99,25.035,0.025270378298546413,660.49,4900,1.7689000000000001,1034289,497.6,82.93333333333334,-6.0,3.0,0.6999999999999993
82,144.9,14.7,93.0,33.8,153.7,91,0.0,1016,67,26.5,3.4,1.66,2023,10,23,12,0,296,43,1.2246467991473532e-16,-1.0,-0.8660254037844386,0.5000000000000001,0.0,1.0,3,1,0,42.0,48.0,52.0,49.0,97.0,28.0,39.0,10.816653826392205,48.0,27.0,42.5,8.871302046486248,52.0,27.0,49.166666666666664,13.13450233222172,77.0,27.0,53.916666666666664,19.99112121758685,97.0,21.0,25.7,24.9,24.7,70.0,75.0,78.0,1.33,1.0,0.66,1017.0,1018.0,1017.0,1775.5,111.22,43.989999999999995,0.0,0.7987929351202628,9.856472348819809,6.326100265288076,17.755,25.67,0.026082651493453256,702.25,4489,2.7556,1032256,467.09999999999997,77.85,-15.0,-25.0,0.8000000000000007
87,138.3,13.0,105.0,36.3,153.0,87,0.0,1015,64,27.2,3.3,2.0,2023,10,23,13,0,296,43,-0.2588190451025208,-0.9659258262890683,-0.8660254037844386,0.5000000000000001,0.0,1.0,3,1,0,27.0,42.0,48.0,47.0,77.0,21.0,32.666666666666664,8.144527815247438,42.0,27.0,39.5,10.014988766843016,52.0,27.0,45.166666666666664,11.02751379985749,69.0,27.0,54.25,19.478527754383293,97.0,27.0,26.5,25.0,24.7,67.0,73.0,79.0,1.66,1.0,1.0,1016.0,1018.0,1017.0,1740.8,128.0,54.4,0.0,0.798876064020275,10.637643258210908,8.076301822936697,17.408,26.2,0.026798003154676696,739.8399999999999,4096,4.0,1030225,474.6,79.10000000000001,2.0,-19.0,0.6999999999999993
95,136.2,12.7,111.3,41.3,149.7,83,0.0,1015,65,27.3,1.7,1.33,2023,10,23,14,0,296,43,-0.4999999999999997,-0.8660254037844388,-0.8660254037844386,0.5000000000000001,0.0,1.0,3,1,0,29.0,27.0,42.0,39.0,42.0,28.0,29.666666666666668,3.0550504633049114,33.0,27.0,38.5,10.368220676663476,52.0,27.0,44.416666666666664,11.555859067497563,69.0,27.0,54.458333333333336,19.21045722169793,97.0,27.0,27.2,25.7,24.8,64.0,70.0,77.0,2.0,1.33,1.0,1015.0,1017.0,1017.0,1774.5,86.45,36.309000000000005,0.0,0.7990121304568898,10.723565073616252,8.763089520510198,17.745,26.635,0.026896525225098302,745.2900000000001,4225,1.7689000000000001,1030225,484.2,80.7,4.0,-9.0,0.10000000000000142
98,134.0,12.3,117.7,42.5,146.3,79,0.0,1014,65,27.5,1.2,0.66,2023,10,23,15,0,296,43,-0.7071067811865471,-0.7071067811865479,-0.8660254037844386,0.5000000000000001,0.0,1.0,3,1,0,33.0,29.0,27.0,52.0,69.0,34.0,32.0,2.6457513110657125,34.0,29.0,35.5,8.01872807869133,48.0,27.0,41.5,8.89841661093733,52.0,27.0,54.458333333333336,19.21045722169793,97.0,27.0,27.3,26.5,24.9,65.0,67.0,75.0,1.33,1.66,1.0,1015.0,1016.0,1018.0,1787.5,42.9,18.150000000000002,0.0,0.7999811769134845,10.893423298918787,9.568327778229412,17.875,27.17,0.027120288836007065,756.25,4225,0.43560000000000004,1028196,486.8,81.13333333333334,1.0,7.0,0.1999999999999993
95,131.9,12.0,124.0,41.3,143.0,75,0.0,1014,65,27.6,0.8,2.0,2023,10,23,16,0,296,43,-0.8660254037844385,-0.5000000000000004,-0.8660254037844386,0.5000000000000001,0.0,1.0,3,1,0,34.0,33.0,29.0,48.0,52.0,40.0,33.333333333333336,0.5773502691946191,34.0,33.0,33.0,5.176871642217272,42.0,27.0,39.916666666666664,8.543560396135307,52.0,27.0,54.166666666666664,19.4906146124496,97.0,27.0,27.5,27.2,25.0,65.0,64.0,73.0,0.66,2.0,1.0,1014.0,1015.0,1018.0,1794.0,130.0,55.2,0.0,0.7990121304568898,10.990750770769104,10.332472293975503,17.94,26.6,0.027218908068138002,761.7600000000001,4225,4.0,1028196,485.2,80.86666666666666,-1.0,4.0,0.10000000000000142
112,221.4,23.3,104.0,50.0,169.0,79,0.0,1014,69,27.1,1.5,0.8,2023,10,23,17,0,296,43,-0.9659258262890683,-0.25881904510252063,-0.8660254037844386,0.5000000000000001,0.0,1.0,3,1,0,33.0,34.0,33.0,42.0,46.0,51.0,35.666666666666664,3.7859388972009,40.0,33.0,32.666666666666664,4.501851470968373,40.0,27.0,39.416666666666664,8.32802861462712,52.0,27.0,53.708333333333336,19.69656594802624,97.0,27.0,27.6,27.3,25.7,65.0,65.0,70.0,2.0,1.33,1.33,1014.0,1015.0,1017.0,1869.9,55.2,21.680000000000003,0.0,0.7999840003199936,9.501738122827346,4.4633277541736405,18.699,26.700000000000003,0.026725811907483327,734.4100000000001,4761,0.6400000000000001,1028196,607.7,101.28333333333335,7.0,7.0,-0.5
134,310.9,34.7,84.0,60.0,195.0,83,0.0,1014,73,26.7,0.0,1.6,2023,10,23,18,0,296,43,-1.0,-1.8369701987210297e-16,-0.8660254037844386,0.5000000000000001,0.0,1.0,3,2,0,40.0,33.0,34.0,27.0,49.0,52.0,40.333333333333336,7.505553499465454,48.0,33.0,36.166666666666664,6.794605703545959,48.0,29.0,39.333333333333336,8.22781682446548,52.0,27.0,53.541666666666664,19.72854732893844,97.0,27.0,27.1,27.5,26.5,69.0,65.0,67.0,0.8,0.66,1.66,1014.0,1014.0,1016.0,1949.1,116.80000000000001,42.72,0.0,0.7999866668888852,8.959395982824702,2.4206795193222095,19.491,25.9,0.02633133497895959,712.89,5329,2.5600000000000005,1028196,732.5999999999999,122.09999999999998,8.0,14.0,-0.40000000000000213
208,400.3,46.0,64.0,123.8,221.0,87,0.0,1014,77,26.2,0.0,2.0,2023,10,23,19,0,296,43,-0.9659258262890684,0.2588190451025203,-0.8660254037844386,0.5000000000000001,0.0,1.0,3,2,0,48.0,40.0,33.0,29.0,47.0,73.0,62.333333333333336,32.00520790954708,99.0,40.0,47.833333333333336,25.732599298684473,99.0,33.0,43.666666666666664,19.118450552153497,99.0,27.0,54.625,21.479641524011047,99.0,27.0,26.7,27.6,27.2,73.0,65.0,64.0,1.6,2.0,2.0,1014.0,1014.0,1015.0,2017.3999999999999,154.0,52.4,0.0,0.7996704388494439,8.701984739462187,1.3912741027368971,20.174,25.2,0.025838238818304913,686.4399999999999,5929,4.0,1028196,954.1,159.01666666666668,51.0,66.0,-0.5
199,473.3,51.3,53.3,115.0,229.0,91,0.0,1015,78,26.0,0.0,2.0,2023,10,23,20,0,296,43,-0.8660254037844386,0.5000000000000001,-0.8660254037844386,0.5000000000000001,0.0,1.0,3,2,0,99.0,48.0,40.0,33.0,39.0,83.0,79.66666666666667,27.646579052991928,99.0,48.0,57.666666666666664,29.870833042730066,99.0,33.0,48.083333333333336,23.550558122447423,99.0,27.0,55.0,22.067091374695266,99.0,27.0,26.2,27.1,27.3,77.0,69.0,65.0,2.0,0.8,1.33,1014.0,1014.0,1015.0,2028.0,156.0,52.0,0.0,0.7999930435387518,9.225941014795035,1.0389661020253016,20.28,25.0,0.025615738309617428,676.0,6084,4.0,1030225,1013.9,168.98333333333332,-7.0,52.0,-0.1999999999999993
233,546.2,56.7,42.7,147.5,237.0,95,0.0,1015,80,25.9,0.0,1.6,2023,10,23,21,0,296,43,-0.7071067811865477,0.7071067811865474,-0.8660254037844386,0.5000000000000001,0.0,1.0,3,2,0,92.0,99.0,48.0,34.0,52.0,63.0,103.0,13.453624047073511,118.0,92.0,71.66666666666667,35.68005979068213,118.0,33.0,53.583333333333336,31.058473688814352,118.0,27.0,57.291666666666664,25.519777780596666,118.0,27.0,26.0,26.7,27.5,78.0,73.0,65.0,2.0,1.6,0.66,1015.0,1014.0,1014.0,2072.0,128.0,41.44,0.0,0.7999945763079572,9.632987072538404,0.7530731380398935,20.72,25.099999999999998,0.02551721623919582,670.81,6400,2.5600000000000005,1030225,1148.1000000000001,191.35000000000002,26.0,70.0,-0.10000000000000142
231,619.2,62.0,32.0,145.0,245.0,100,0.0,1016,82,25.7,0.0,2.0,2023,10,23,22,0,296,43,-0.5000000000000004,0.8660254037844384,-0.8660254037844386,0.5000000000000001,0.0,1.0,3,3,0,118.0,92.0,99.0,33.0,48.0,76.0,108.66666666666667,14.46835627614025,118.0,92.0,85.5,33.726843908079836,118.0,40.0,59.25,35.79010782579179,118.0,27.0,58.958333333333336,27.982104788700557,118.0,27.0,25.9,26.2,27.6,80.0,77.0,65.0,1.6,2.0,2.0,1015.0,1014.0,1014.0,2107.4,164.0,51.4,0.0,0.7999944827966703,9.986935694585572,0.5161207077305205,21.074,24.7,0.025295250693650892,660.49,6724,4.0,1032256,1219.2,203.20000000000002,-2.0,17.0,-0.1999999999999993
227,608.1,60.3,26.7,142.1,235.0,95,0.0,1016,84,25.5,0.0,1.2,2023,10,23,23,0,296,43,-0.25881904510252157,0.9659258262890681,-0.8660254037844386,0.5000000000000001,0.0,1.0,3,3,0,116.0,118.0,92.0,40.0,42.0,86.0,115.89,2.167094829487704,118.0,113.67,97.77833333333332,26.48114077351363,118.0,48.0,65.2225,38.52528664868855,118.0,27.0,60.111250000000005,29.664187061535348,118.0,27.0,25.7,26.0,27.1,82.0,78.0,69.0,2.0,2.0,0.8,1016.0,1015.0,1014.0,2142.0,100.8,30.599999999999998,0.0,0.7999239977199316,10.084409877116467,0.4427787267209499,21.42,24.9,0.025098400493700303,650.25,7056,1.44,1032256,1185.87,197.64499999999998,-2.3299999999999983,21.67,-0.1999999999999993
220,597.0,58.7,21.3,135.0,225.0,91,0.0,1015,86,25.2,0.0,0.8,2023,10,24,0,1,297,43,0.0,1.0,-0.8660254037844386,0.5000000000000001,0.7818314824680298,0.6234898018587336,3,3,0,113.67,116.0,118.0,48.0,27.0,97.0,112.55666666666667,4.114563565352501,116.0,108.0,107.77833333333332,10.323314228804815,118.0,92.0,71.9725,38.31493872558636,118.0,29.0,60.569583333333334,30.336291005869125,118.0,27.0,25.5,25.9,26.7,84.0,80.0,73.0,1.2,1.6,1.6,1016.0,1015.0,1014.0,2167.2,68.8,20.16,0.0,0.7999940741179695,10.17018449430163,0.36285582869116373,21.671999999999997,24.8,0.024827561746244585,635.04,7396,0.6400000000000001,1030225,1145.0,190.83333333333334,-5.670000000000002,-10.0,-0.3000000000000007
221,585.9,57.0,16.0,136.3,215.0,87,0.0,1015,88,25.0,0.0,0.8,2023,10,24,1,1,297,43,0.25881904510252074,0.9659258262890683,-0.8660254037844386,0.5000000000000001,0.7818314824680298,0.6234898018587336,3,3,0,108.0,113.67,116.0,99.0,29.0,77.0,110.22333333333334,3.026488614438642,113.67,108.0,109.445,9.387446404639386,118.0,92.0,78.63916666666667,37.098696977444156,118.0,33.0,61.90291666666667,31.759670006933295,118.0,27.0,25.2,25.7,26.2,86.0,82.0,77.0,0.8,2.0,2.0,1015.0,1016.0,1014.0,2200.0,70.4,20.0,0.0,0.7997006625043103,10.27876703917475,0.2806968298801776,22.0,24.6,0.024630517605401376,625.0,7744,0.6400000000000001,1030225,1119.2,186.53333333333333,1.0,-7.0,-0.1999999999999993
161,538.3,51.0,17.3,80.0,212.3,79,0.0,1015,89,24.7,0.0,0.8,2023,10,24,2,1,297,43,0.49999999999999994,0.8660254037844387,-0.8660254037844386,0.5000000000000001,0.7818314824680298,0.6234898018587336,3,3,0,109.0,108.0,113.67,92.0,33.0,42.0,93.66666666666667,25.696951829610647,109.0,64.0,104.77833333333332,20.351285381190166,118.0,64.0,81.2225,34.628856628014994,118.0,33.0,62.819583333333334,31.476469952782654,118.0,27.0,25.0,25.5,26.0,88.0,84.0,78.0,0.8,1.2,2.0,1015.0,1016.0,1015.0,2198.2999999999997,71.2,19.76,0.0,0.7999900001249984,10.554695005980275,0.33920903511695855,21.982999999999997,24.3,0.024334951394136557,610.0899999999999,7921,0.6400000000000001,1030225,962.8999999999999,160.48333333333332,-45.0,-49.67,-0.3000000000000007
145,490.6,45.0,18.7,65.0,209.7,70,0.0,1014,90,24.4,0.0,1.2,2023,10,24,3,1,297,43,0.7071067811865476,0.7071067811865476,-0.8660254037844386,0.5000000000000001,0.7818314824680298,0.6234898018587336,3,3,0,64.0,109.0,108.0,118.0,34.0,69.0,75.0,30.049958402633436,109.0,52.0,93.77833333333332,28.126905565074996,116.0,52.0,82.7225,32.73547537041816,118.0,33.0,62.111250000000005,31.5225880796478,118.0,27.0,24.7,25.2,25.9,89.0,86.0,80.0,0.8,0.8,1.6,1015.0,1015.0,1015.0,2196.0,108.0,29.279999999999998,0.0,0.7999876924970385,10.901979956000979,0.4155463211928624,21.96,23.799999999999997,0.024063092639948085,595.3599999999999,8100,1.44,1028196,881.0,146.83333333333334,-12.0,-56.0,-0.3000000000000007
137,443.0,39.0,20.0,61.3,207.0,62,0.0,1014,91,24.1,0.0,1.2,2023,10,24,4,1,297,43,0.8660254037844386,0.5000000000000001,-0.8660254037844386,0.5000000000000001,0.7818314824680298,0.6234898018587336,3,3,0,52.0,64.0,109.0,116.0,33.0,52.0,55.0,7.9372539331939755,64.0,49.0,82.61166666666666,30.720495058944756,113.67,49.0,84.05583333333333,30.794437944754158,118.0,40.0,61.986250000000005,31.570338557425348,118.0,27.0,24.4,25.0,25.7,90.0,88.0,82.0,1.2,0.8,2.0,1014.0,1015.0,1016.0,2193.1,109.2,28.92,0.0,0.7993344317384709,11.358683110689471,0.5128073639137458,21.930999999999997,23.5,0.023767234943555284,580.8100000000001,8281,1.44,1028196,819.3,136.54999999999998,-3.0,-60.0,-0.29999999999999716
118,438.7,35.7,24.3,52.5,196.3,66,0.0,1015,88,24.4,0.0,1.2,2023,10,24,5,1,297,43,0.9659258262890683,0.25881904510252074,-0.8660254037844386,0.5000000000000001,0.7818314824680298,0.6234898018587336,3,3,0,49.0,52.0,64.0,113.67,40.0,46.0,47.666666666666664,5.131601439447321,52.0,42.0,70.66666666666667,30.157365048469533,109.0,42.0,84.2225,30.538671199584712,118.0,42.0,61.819583333333334,31.668807651689903,118.0,27.0,24.1,24.7,25.5,91.0,89.0,84.0,1.2,0.8,1.2,1014.0,1015.0,1016.0,2147.2,105.6,29.279999999999998,0.0,0.7999847621950058,12.288171199686284,0.6806532029915129,21.471999999999998,23.799999999999997,0.02403938518287174,595.3599999999999,7744,1.44,1030225,789.5,131.58333333333334,-7.0,-22.0,0.29999999999999716
139,434.4,32.3,28.7,62.5,185.7,70,0.0,1015,86,24.7,1.0,1.2,2023,10,24,6,1,297,43,1.0,6.123233995736766e-17,-0.8660254037844386,0.5000000000000001,0.7818314824680298,0.6234898018587336,3,0,0,42.0,49.0,52.0,108.0,48.0,49.0,47.0,4.3588989435412,50.0,42.0,61.0,24.576411454888753,109.0,42.0,84.38916666666667,30.32774231273835,118.0,42.0,61.861250000000005,31.6518608989991,118.0,27.0,24.4,24.4,25.2,88.0,90.0,86.0,1.2,1.2,0.8,1015.0,1014.0,1015.0,2124.2,103.2,29.639999999999997,0.0,0.7999872002047967,13.448500046438193,0.8885173833627443,21.241999999999997,24.099999999999998,0.024334951394136557,610.0899999999999,7396,1.44,1030225,793.5999999999999,132.26666666666665,8.0,-2.0,0.3000000000000007
165,430.1,29.0,33.0,83.8,175.0,75,0.0,1016,83,25.0,1.1,1.6,2023,10,24,7,1,297,43,0.9659258262890683,-0.25881904510252063,-0.8660254037844386,0.5000000000000001,0.7818314824680298,0.6234898018587336,3,0,0,50.0,42.0,49.0,109.0,99.0,47.0,53.0,12.767145334803844,67.0,42.0,54.0,9.570788891203732,67.0,42.0,81.7225,30.333097472442685,118.0,42.0,62.694583333333334,31.506528099147044,118.0,27.0,24.7,24.1,25.0,86.0,91.0,88.0,1.2,1.2,0.8,1015.0,1014.0,1015.0,2075.0,132.8,40.0,0.0,0.7995131323015239,14.830523085410848,1.1378917968345919,20.75,24.2,0.024606274993823826,625.0,6889,2.5600000000000005,1032256,817.9,136.31666666666666,17.0,18.0,0.3000000000000007
152,328.4,23.3,62.3,71.3,183.7,75,0.0,1016,75,26.5,1.8,0.66,2023,10,24,8,1,297,43,0.8660254037844387,-0.4999999999999998,-0.8660254037844386,0.5000000000000001,0.7818314824680298,0.6234898018587336,3,0,0,67.0,50.0,42.0,64.0,92.0,39.0,58.0,8.54400374531769,67.0,50.0,52.833333333333336,8.471520918150157,67.0,42.0,78.80583333333333,30.93182605147601,118.0,42.0,63.444583333333334,31.129955652864314,118.0,27.0,25.0,24.4,24.7,83.0,88.0,89.0,1.6,1.2,0.8,1016.0,1015.0,1015.0,1987.5,49.5,17.490000000000002,0.0,0.7994277780115285,14.093815716063686,2.673704991202094,19.875,26.17,0.026082651493453256,702.25,5625,0.43560000000000004,1032256,726.0,121.0,-10.0,15.0,1.5
100,226.6,17.7,91.7,43.8,192.3,75,0.0,1016,68,28.0,2.7,1.33,2023,10,24,9,1,297,43,0.7071067811865476,-0.7071067811865475,-0.8660254037844386,0.5000000000000001,0.7818314824680298,0.6234898018587336,3,0,0,57.0,67.0,50.0,52.0,118.0,52.0,53.0,16.37070554374501,67.0,35.0,50.0,11.207140580897057,67.0,35.0,71.88916666666667,30.64939787583923,116.0,35.0,62.736250000000005,31.591674303938216,118.0,27.0,26.5,24.7,24.4,75.0,86.0,90.0,0.66,1.2,1.2,1016.0,1015.0,1014.0,1904.0,90.44,37.24,0.0,0.7990685144174792,12.801536636348228,5.180498276933506,19.04,27.335,0.027559027993082685,784.0,4624,1.7689000000000001,1032256,607.1,101.18333333333334,-22.0,-15.0,1.5
93,124.9,12.0,121.0,40.0,201.0,75,0.0,1016,61,29.5,2.2,2.0,2023,10,24,10,1,297,43,0.49999999999999994,-0.8660254037844387,-0.8660254037844386,0.5000000000000001,0.7818314824680298,0.6234898018587336,3,0,0,35.0,57.0,67.0,49.0,116.0,48.0,41.333333333333336,13.650396819629051,57.0,32.0,47.166666666666664,13.437509689918624,67.0,32.0,64.88916666666667,29.218022911873625,113.67,32.0,62.069583333333334,32.08119637246137,118.0,27.0,28.0,25.0,24.1,68.0,83.0,91.0,1.33,1.6,1.2,1016.0,1016.0,1014.0,1799.5,122.0,59.0,0.0,0.7999800004999875,10.407466044496292,10.082493125572869,17.995,28.5,0.029035404492712115,870.25,3721,4.0,1032256,530.9,88.48333333333333,-3.0,-35.0,1.5
118,115.2,10.0,125.7,52.5,173.7,62,0.0,1015,60,29.7,5.8,2.0,2023,10,24,11,1,297,43,0.258819045102521,-0.9659258262890682,-0.8660254037844386,0.5000000000000001,0.7818314824680298,0.6234898018587336,3,0,0,32.0,35.0,57.0,42.0,113.67,42.0,36.333333333333336,5.131601439447515,42.0,32.0,47.166666666666664,13.437509689918624,67.0,32.0,58.916666666666664,25.41816935448575,109.0,32.0,62.069583333333334,32.08119637246137,118.0,27.0,29.5,26.5,24.4,61.0,75.0,88.0,2.0,0.66,1.2,1016.0,1016.0,1015.0,1782.0,120.0,59.4,0.0,0.7999847621950058,11.518848115188483,12.568743125687432,17.82,28.7,0.02926105491521683,882.0899999999999,3600,4.0,1030225,519.0999999999999,86.51666666666665,10.0,-15.0,0.1999999999999993
121,105.4,8.0,130.3,53.8,146.3,50,0.0,1014,60,29.8,3.1,2.0,2023,10,24,12,1,297,43,1.2246467991473532e-16,-1.0,-0.8660254037844386,0.5000000000000001,0.7818314824680298,0.6234898018587336,3,1,0,42.0,32.0,35.0,50.0,108.0,27.0,39.0,6.082762530298714,43.0,32.0,46.0,13.446189051176935,67.0,32.0,53.5,20.44727143388318,109.0,32.0,62.736250000000005,31.481381221080177,118.0,29.0,29.7,28.0,24.7,60.0,68.0,86.0,2.0,1.33,1.2,1015.0,1016.0,1015.0,1788.0,120.0,59.6,0.0,0.7992416497834613,13.173353330833647,16.285464316960383,17.88,28.8,0.029388531175018568,888.0400000000001,3600,4.0,1028196,486.8,81.13333333333334,1.0,8.0,0.10000000000000142
137,95.7,6.0,135.0,61.3,119.0,37,0.0,1013,59,30.0,4.5,2.0,2023,10,24,13,1,297,43,-0.2588190451025208,-0.9659258262890683,-0.8660254037844386,0.5000000000000001,0.7818314824680298,0.6234898018587336,3,1,0,43.0,42.0,32.0,67.0,109.0,29.0,44.666666666666664,3.78593889720085,49.0,42.0,43.0,9.143303560529485,57.0,32.0,48.5,10.613028014490041,67.0,32.0,63.569583333333334,30.807016913735936,118.0,32.0,29.8,29.5,25.0,60.0,61.0,83.0,2.0,2.0,1.6,1014.0,1016.0,1016.0,1770.0,118.0,60.0,0.0,0.7993344317384709,15.94734210964839,22.49625062489585,17.7,29.0,0.029614975700912437,900.0,3481,4.0,1026169,466.0,77.66666666666667,6.0,17.0,0.1999999999999993
121,95.7,6.7,133.0,53.8,111.0,58,0.0,1013,59,29.9,4.0,1.33,2023,10,24,14,1,297,43,-0.4999999999999997,-0.8660254037844388,-0.8660254037844386,0.5000000000000001,0.7818314824680298,0.6234898018587336,3,1,0,49.0,43.0,42.0,57.0,64.0,33.0,45.0,3.4641016151384765,49.0,43.0,40.666666666666664,6.153589738246963,49.0,32.0,46.75,9.497607354198873,67.0,32.0,63.986250000000005,30.441036634994333,118.0,32.0,30.0,29.7,26.5,59.0,60.0,75.0,2.0,2.0,0.66,1013.0,1015.0,1016.0,1764.1,78.47,39.767,0.0,0.7992416497834613,14.281450529771675,19.847783912848826,17.641,29.235,0.029516259115242728,894.0099999999999,3481,1.7689000000000001,1026169,443.2,73.86666666666666,-6.0,1.0,-0.10000000000000142
129,95.7,7.3,131.0,57.5,103.0,79,0.0,1013,60,29.7,2.1,0.66,2023,10,24,15,1,297,43,-0.7071067811865471,-0.7071067811865479,-0.8660254037844386,0.5000000000000001,0.7818314824680298,0.6234898018587336,3,1,0,43.0,49.0,43.0,35.0,52.0,34.0,46.0,3.000000000000805,49.0,43.0,42.5,5.753259945456251,49.0,32.0,46.25,9.352928564212382,67.0,32.0,64.48625,30.02276988242536,118.0,32.0,29.9,29.8,28.0,59.0,60.0,68.0,1.33,2.0,1.33,1013.0,1014.0,1016.0,1782.0,39.6,19.602,0.0,0.7999860871984835,13.10779345295165,17.94274756882619,17.82,29.37,0.029318825943903313,882.0899999999999,3600,0.43560000000000004,1026169,440.5,73.41666666666667,3.0,3.0,-0.1999999999999993
123,95.7,8.0,129.0,55.0,95.0,100,0.0,1013,60,29.6,1.6,1.2,2023,10,24,16,1,297,43,-0.8660254037844385,-0.5000000000000004,-0.8660254037844386,0.5000000000000001,0.7818314824680298,0.6234898018587336,3,1,0,46.0,43.0,49.0,32.0,49.0,33.0,44.333333333333336,1.5275252316536208,46.0,43.0,44.5,2.5884358211071854,49.0,42.0,45.833333333333336,9.33062731334787,67.0,32.0,64.94458333333334,29.602214367696188,118.0,32.0,29.7,30.0,29.5,60.0,59.0,61.0,0.66,2.0,2.0,1013.0,1013.0,1016.0,1776.0,72.0,35.52,0.0,0.7999854548099126,11.961004874390703,16.122984626921635,17.76,29.0,0.029220109358233607,876.1600000000001,3600,1.44,1026169,426.7,71.11666666666666,-2.0,-5.0,-0.09999999999999787
180,122.9,12.0,112.7,97.5,98.7,79,0.0,1013,65,28.9,1.3,1.6,2023,10,24,17,1,297,43,-0.9659258262890683,-0.25881904510252063,-0.8660254037844386,0.5000000000000001,0.7818314824680298,0.6234898018587336,3,1,0,44.0,46.0,43.0,42.0,42.0,40.0,56.0,19.078784028338994,78.0,44.0,50.5,13.663820841916419,78.0,43.0,48.833333333333336,13.037242690449684,78.0,32.0,66.52791666666667,29.22382901721746,118.0,32.0,29.6,29.9,29.7,60.0,59.0,60.0,1.2,1.33,2.0,1013.0,1013.0,1015.0,1878.5,104.0,46.24,0.0,0.7999917949559491,10.240813265561204,9.390884092992252,18.785,28.099999999999998,0.02852909325854565,835.2099999999999,4225,2.5600000000000005,1026169,521.8000000000001,86.96666666666668,34.0,35.0,-0.7000000000000028
195,150.2,16.0,96.3,111.3,102.3,58,0.0,1013,71,28.2,0.0,1.6,2023,10,24,18,1,297,43,-1.0,-1.8369701987210297e-16,-0.8660254037844386,0.5000000000000001,0.7818314824680298,0.6234898018587336,3,2,0,78.0,44.0,46.0,43.0,50.0,48.0,70.33333333333333,23.45918441321723,89.0,44.0,58.166666666666664,20.03413753238842,89.0,43.0,52.083333333333336,17.46403230191729,89.0,32.0,68.23625,29.291940843337628,118.0,32.0,28.9,29.7,29.8,65.0,60.0,60.0,1.6,0.66,2.0,1013.0,1013.0,1014.0,2002.2,113.60000000000001,45.120000000000005,0.0,0.7996334264741557,9.386913317917628,6.018373851634272,20.022000000000002,27.4,0.02783807715885769,795.24,5041,2.5600000000000005,1026169,565.1,94.18333333333334,11.0,43.0,-0.6999999999999993
217,177.4,20.0,80.0,132.5,106.0,37,0.0,1014,77,27.5,0.0,1.2,2023,10,24,19,1,297,43,-0.9659258262890684,0.2588190451025203,-0.8660254037844386,0.5000000000000001,0.7818314824680298,0.6234898018587336,3,2,0,89.0,78.0,44.0,49.0,67.0,99.0,91.0,14.10673597966579,106.0,78.0,67.66666666666667,27.089973544960362,106.0,43.0,55.333333333333336,23.184373002415597,106.0,32.0,68.52791666666667,29.644311864265347,118.0,32.0,28.2,29.6,30.0,71.0,60.0,59.0,1.6,1.2,2.0,1013.0,1013.0,1013.0,2117.5,92.39999999999999,33.0,0.0,0.7999939623097184,8.869556522173891,3.9998000099995,21.175,26.9,0.027120288836007065,756.25,5929,1.44,1028196,621.9,103.64999999999999,17.0,62.0,-0.6999999999999993
201,212.8,22.3,73.0,117.5,113.3,54,0.0,1014,82,26.9,0.0,0.33,2023,10,24,20,1,297,43,-0.8660254037844386,0.5000000000000001,-0.8660254037844386,0.5000000000000001,0.7818314824680298,0.6234898018587336,3,2,0,106.0,89.0,78.0,43.0,57.0,92.0,96.33333333333333,8.736894948053902,106.0,89.0,76.16666666666667,25.771431211064908,106.0,44.0,58.416666666666664,25.745108390927225,106.0,32.0,68.61125,29.715887905660253,118.0,32.0,27.5,28.9,29.9,77.0,65.0,59.0,1.2,1.6,1.33,1014.0,1013.0,1013.0,2205.7999999999997,27.060000000000002,8.877,0.0,0.799993191547306,9.542172996726604,3.273395811847002,22.057999999999996,26.735,0.026528573443221456,723.6099999999999,6724,0.10890000000000001,1028196,632.9,105.48333333333333,-12.0,16.0,-0.6000000000000014
197,248.2,24.7,66.0,113.8,120.7,70,0.0,1015,87,26.3,0.0,0.66,2023,10,24,21,1,297,43,-0.7071067811865477,0.7071067811865474,-0.8660254037844386,0.5000000000000001,0.7818314824680298,0.6234898018587336,3,2,0,94.0,106.0,89.0,46.0,35.0,118.0,97.0,7.937253933193542,106.0,91.0,83.66666666666667,21.41650453894493,106.0,44.0,63.083333333333336,26.186250150979642,106.0,32.0,67.48625,28.23920675885905,116.0,32.0,26.9,28.2,29.7,82.0,71.0,60.0,0.33,1.6,0.66,1014.0,1013.0,1013.0,2288.1,57.42,17.358,0.0,0.7996414794246096,10.048176187198898,2.67195660094733,22.881,25.970000000000002,0.025911304520882247,691.69,7569,0.43560000000000004,1030225,664.4000000000001,110.73333333333335,-3.0,2.0,-0.5999999999999979
185,283.6,27.0,59.0,102.5,128.0,87,0.0,1015,92,25.7,0.0,1.0,2023,10,24,22,1,297,43,-0.5000000000000004,0.8660254037844384,-0.8660254037844386,0.5000000000000001,0.7818314824680298,0.6234898018587336,3,3,0,91.0,94.0,106.0,44.0,32.0,116.0,89.0,6.244997998398215,94.0,82.0,90.0,9.818350166905885,106.0,78.0,67.25,24.728066497954433,106.0,42.0,66.06958333333334,26.498820889136134,113.67,32.0,26.3,27.5,29.6,87.0,77.0,60.0,0.66,1.2,1.2,1015.0,1014.0,1013.0,2364.4,92.0,25.7,0.0,0.7999921951980956,10.503314692048443,2.185104255397948,23.644000000000002,25.2,0.025320172098352613,660.49,8464,1.0,1030225,682.1,113.68333333333334,-9.0,-24.0,-0.6000000000000014
185,320.0,31.3,49.0,102.5,130.3,91,0.0,1015,92,25.6,0.0,1.0,2023,10,24,23,1,297,43,-0.25881904510252157,0.9659258262890681,-0.8660254037844386,0.5000000000000001,0.7818314824680298,0.6234898018587336,3,3,0,82.0,91.0,94.0,78.0,42.0,113.67,85.0,5.196152422706478,91.0,82.0,90.66666666666667,8.93681524183237,106.0,82.0,70.58333333333333,23.689116539546717,106.0,43.0,64.75,24.756641620943867,109.0,32.0,25.7,26.9,28.9,92.0,82.0,65.0,1.0,0.33,1.6,1015.0,1014.0,1013.0,2355.2000000000003,92.0,25.6,0.0,0.7999921951980956,10.223315549023992,1.5654451934442988,23.552000000000003,25.1,0.02522165002793101,655.3600000000001,8464,1.0,1030225,715.0999999999999,119.18333333333332,0.0,-12.0,-0.09999999999999787
201,356.4,35.7,39.0,117.5,132.7,95,0.0,1015,92,25.6,0.0,1.0,2023,10,25,0,2,298,43,0.0,1.0,-0.8660254037844386,0.5000000000000001,0.9749279121818236,-0.22252093395631434,3,3,0,82.0,82.0,91.0,89.0,43.0,108.0,86.0,6.928203230275382,94.0,82.0,91.5,8.983317872589199,106.0,82.0,74.83333333333333,22.850634896026364,106.0,43.0,64.16666666666667,23.84126248967267,109.0,32.0,25.6,26.3,28.2,92.0,87.0,71.0,1.0,0.66,1.6,1015.0,1015.0,1013.0,2355.2000000000003,92.0,25.6,0.0,0.799993191547306,9.982913643875522,1.0924063751715638,23.552000000000003,25.1,0.02522165002793101,655.3600000000001,8464,1.0,1030225,775.3,129.21666666666667,12.0,3.0,0.0
212,392.8,40.0,29.0,127.5,135.0,100,0.0,1014,92,25.5,0.0,1.0,2023,10,25,1,2,298,43,0.25881904510252074,0.9659258262890683,-0.8660254037844386,0.5000000000000001,0.9749279121818236,-0.22252093395631434,3,3,0,94.0,82.0,82.0,106.0,49.0,109.0,92.66666666666667,10.066445913694187,102.0,82.0,90.83333333333333,7.756717518812153,102.0,82.0,79.25,22.52322034135964,106.0,43.0,63.875,23.305741968357836,106.0,32.0,25.6,25.7,27.5,92.0,92.0,77.0,1.0,1.0,1.2,1015.0,1015.0,1014.0,2346.0,92.0,25.5,0.0,0.7999937255394075,9.819754506137347,0.7249818754531138,23.46,25.0,0.02514790419338837,650.25,8464,1.0,1028196,826.3,137.71666666666667,8.0,20.0,-0.10000000000000142
203,378.6,39.0,26.7,118.8,136.7,100,0.0,1014,92,25.3,0.0,0.66,2023,10,25,2,2,298,43,0.49999999999999994,0.8660254037844387,-0.8660254037844386,0.5000000000000001,0.9749279121818236,-0.22252093395631434,3,3,0,102.0,94.0,82.0,94.0,43.0,64.0,97.0,4.358898943540247,102.0,94.0,91.0,7.848566748138201,102.0,82.0,83.58333333333333,19.74592401361599,106.0,44.0,65.16666666666667,24.156494610851183,106.0,32.0,25.5,25.6,26.9,92.0,92.0,82.0,1.0,1.0,0.33,1014.0,1015.0,1014.0,2327.6,60.720000000000006,16.698,0.0,0.7996565685474027,9.707443398887209,0.6845978308248507,23.276,24.970000000000002,0.024950665729126503,640.09,8464,0.43560000000000004,1028196,794.8,132.46666666666667,-7.0,13.0,-0.1999999999999993
200,364.4,38.0,24.3,116.3,138.3,100,0.0,1014,91,25.2,0.0,0.33,2023,10,25,3,2,298,43,0.7071067811865476,0.7071067811865476,-0.8660254037844386,0.5000000000000001,0.9749279121818236,-0.22252093395631434,3,3,0,95.0,102.0,94.0,91.0,46.0,52.0,96.66666666666667,4.7258156262522215,102.0,93.0,91.33333333333333,7.890923055425598,102.0,82.0,87.5,15.900257287797665,106.0,44.0,66.875,24.629979081705336,106.0,32.0,25.3,25.6,26.3,92.0,92.0,87.0,0.66,1.0,0.66,1014.0,1015.0,1015.0,2293.2,30.03,8.316,0.0,0.7996491861634896,9.589221336280625,0.6394568563985159,22.932,25.035,0.024852046496995565,635.04,8281,0.10890000000000001,1028196,774.3,129.04999999999998,-2.0,-1.0,-0.10000000000000142
196,350.2,37.0,22.0,112.5,140.0,100,0.0,1014,91,25.0,0.0,0.8,2023,10,25,4,2,298,43,0.8660254037844386,0.5000000000000001,-0.8660254037844386,0.5000000000000001,0.9749279121818236,-0.22252093395631434,3,3,0,93.0,95.0,102.0,82.0,44.0,49.0,92.66666666666667,2.5166114784229987,95.0,90.0,92.66666666666667,6.562519841238346,102.0,82.0,91.33333333333333,8.082903768653544,106.0,78.0,68.58333333333333,24.75781241067847,106.0,32.0,25.2,25.5,25.7,91.0,92.0,92.0,0.33,1.0,1.0,1014.0,1014.0,1015.0,2275.0,72.8,20.0,0.0,0.7999928889520982,9.464609064619875,0.5945785249047324,22.75,24.6,0.024654808032733695,625.0,8281,0.6400000000000001,1028196,751.7,125.28333333333335,-3.0,-12.0,-0.1999999999999993
212,345.1,33.7,27.7,127.5,130.7,95,0.0,1014,90,25.2,0.0,0.8,2023,10,25,5,2,298,43,0.9659258262890683,0.25881904510252074,-0.8660254037844386,0.5000000000000001,0.9749279121818236,-0.22252093395631434,3,3,0,90.0,93.0,95.0,82.0,78.0,42.0,95.0,6.244997998398131,102.0,90.0,96.0,4.939635614089309,102.0,90.0,93.33333333333333,7.426406610972437,106.0,82.0,71.08333333333333,24.98506800447886,106.0,32.0,25.0,25.3,25.6,91.0,92.0,92.0,0.8,0.66,1.0,1014.0,1014.0,1015.0,2268.0,72.0,20.16,0.0,0.7999937255394075,10.240052223969615,0.8219340672383608,22.68,24.8,0.024852046496995565,635.04,8100,0.6400000000000001,1028196,766.7,127.78333333333335,12.0,7.0,0.1999999999999993
220,340.0,30.3,33.3,135.0,121.3,91,0.0,1014,88,25.5,0.8,0.8,2023,10,25,6,2,298,43,1.0,6.123233995736766e-17,-0.8660254037844386,0.5000000000000001,0.9749279121818236,-0.22252093395631434,3,0,0,102.0,90.0,93.0,94.0,89.0,50.0,100.0,9.165151389911452,108.0,90.0,98.33333333333333,6.7724933862386,108.0,90.0,94.91666666666667,8.382431122003402,108.0,82.0,73.5,25.653205579844553,108.0,32.0,25.2,25.2,25.6,90.0,91.0,92.0,0.8,0.33,1.0,1014.0,1014.0,1015.0,2244.0,70.4,20.400000000000002,0.0,0.7999940741179695,11.220751790369954,1.0989736312332925,22.44,25.1,0.02514790419338837,650.25,7744,0.6400000000000001,1028196,767.9,127.98333333333333,6.0,15.0,0.3000000000000007
219,335.0,27.0,39.0,133.8,112.0,87,0.0,1014,87,25.7,0.9,1.2,2023,10,25,7,2,298,43,0.9659258262890683,-0.25881904510252063,-0.8660254037844386,0.5000000000000001,0.9749279121818236,-0.22252093395631434,3,0,0,108.0,102.0,90.0,102.0,106.0,67.0,105.66666666666667,3.2145502536635173,108.0,102.0,99.16666666666667,7.574078601826455,108.0,90.0,95.0,8.506681865663959,108.0,82.0,75.16666666666667,26.498017426521955,108.0,32.0,25.5,25.0,25.5,88.0,91.0,92.0,0.8,0.8,1.0,1014.0,1014.0,1014.0,2235.9,104.39999999999999,30.839999999999996,0.0,0.7996950695435758,12.406947890818858,1.4443909484833894,22.359,25.099999999999998,0.025345142657650237,660.49,7569,1.44,1028196,753.8,125.63333333333333,-1.0,17.0,0.1999999999999993
207,258.1,21.7,60.0,122.5,126.3,79,0.0,1015,80,26.8,1.5,0.66,2023,10,25,8,2,298,43,0.8660254037844387,-0.4999999999999998,-0.8660254037844386,0.5000000000000001,0.9749279121818236,-0.22252093395631434,3,0,0,107.0,108.0,102.0,95.0,94.0,57.0,104.33333333333333,5.507570547285652,108.0,98.0,99.66666666666667,7.339391437077415,108.0,90.0,95.33333333333333,8.542230210529132,108.0,82.0,76.875,26.597339683902597,108.0,32.0,25.7,25.2,25.3,87.0,90.0,92.0,1.2,0.8,0.66,1014.0,1014.0,1014.0,2144.0,52.800000000000004,17.688000000000002,0.0,0.7999934694410658,11.893461130823464,2.764849546103866,21.44,26.470000000000002,0.026403914872990274,718.24,6400,0.43560000000000004,1030225,686.5999999999999,114.43333333333332,-9.0,-4.0,1.1000000000000014
189,181.3,16.3,81.0,106.3,140.7,70,0.0,1015,74,28.0,2.3,1.33,2023,10,25,9,2,298,43,0.7071067811865476,-0.7071067811865475,-0.8660254037844386,0.5000000000000001,0.9749279121818236,-0.22252093395631434,3,0,0,98.0,107.0,108.0,93.0,91.0,35.0,96.66666666666667,11.060440015357875,107.0,85.0,98.33333333333333,9.266426855409025,108.0,85.0,94.83333333333333,8.98314920820919,108.0,82.0,78.95833333333333,25.09023570109024,108.0,32.0,26.8,25.5,25.2,80.0,88.0,91.0,0.66,0.8,0.33,1015.0,1014.0,1014.0,2072.0,98.42,37.24,0.0,0.7996161842315689,11.122017054168456,4.969020305502729,20.72,27.335,0.02758617971804954,784.0,5476,1.7689000000000001,1030225,610.6,101.76666666666667,-13.0,-23.0,1.1999999999999993
184,104.5,11.0,102.0,101.3,155.0,62,0.0,1016,68,29.1,2.8,2.0,2023,10,25,10,2,298,43,0.49999999999999994,-0.8660254037844387,-0.8660254037844386,0.5000000000000001,0.9749279121818236,-0.22252093395631434,3,0,0,85.0,98.0,107.0,90.0,82.0,32.0,88.0,8.88819441731547,98.0,81.0,96.83333333333333,11.373946837692092,108.0,81.0,94.75,9.11666805163027,108.0,81.0,81.0,23.010394626550795,108.0,42.0,28.0,25.7,25.0,74.0,87.0,91.0,1.33,1.2,0.8,1015.0,1014.0,1014.0,1978.8000000000002,136.0,58.2,0.0,0.7995972399087866,9.499136442141625,9.271884374147806,19.788,28.1,0.028641704092810933,846.8100000000001,4624,4.0,1032256,554.8,92.46666666666665,-4.0,-26.0,1.1000000000000014
150,94.7,9.0,107.0,67.5,136.0,70,0.0,1015,63,29.8,3.1,1.33,2023,10,25,11,2,298,43,0.258819045102521,-0.9659258262890682,-0.8660254037844386,0.5000000000000001,0.9749279121818236,-0.22252093395631434,3,0,0,81.0,85.0,98.0,102.0,82.0,42.0,73.33333333333333,16.86218649325566,85.0,54.0,88.83333333333333,20.351085147152418,108.0,54.0,92.41666666666667,14.60671286108003,108.0,54.0,81.5,22.24370941852291,108.0,43.0,29.1,26.8,25.2,68.0,80.0,90.0,2.0,0.66,0.8,1016.0,1015.0,1014.0,1877.4,83.79,39.634,0.0,0.7999881483237284,10.5210532163093,11.887568047994668,18.774,29.135,0.02935957698563844,888.0400000000001,3969,1.7689000000000001,1030225,468.2,78.03333333333333,-27.0,-44.0,0.6999999999999993
153,85.0,7.0,112.0,72.5,117.0,79,0.0,1014,59,30.5,4.7,0.66,2023,10,25,12,2,298,43,1.2246467991473532e-16,-1.0,-0.8660254037844386,0.5000000000000001,0.9749279121818236,-0.22252093395631434,3,1,0,54.0,81.0,85.0,108.0,94.0,43.0,64.33333333333333,14.571661996262991,81.0,54.0,80.5,21.15419580130578,107.0,54.0,89.41666666666667,17.63497729633937,108.0,54.0,82.125,21.30587283805424,108.0,43.0,29.8,28.0,25.5,63.0,74.0,88.0,1.33,1.33,0.8,1015.0,1015.0,1014.0,1799.5,38.940000000000005,20.130000000000003,0.0,0.799988965669439,12.141122696757606,15.997714612198257,17.995,30.17,0.03007886579993511,930.25,3481,0.43560000000000004,1028196,451.5,75.25,4.0,-27.0,0.6999999999999993
153,75.3,5.0,117.0,68.8,98.0,87,0.0,1012,54,31.2,5.0,1.6,2023,10,25,13,2,298,43,-0.2588190451025208,-0.9659258262890683,-0.8660254037844386,0.5000000000000001,0.9749279121818236,-0.22252093395631434,3,1,0,58.0,54.0,81.0,107.0,102.0,49.0,55.666666666666664,2.0816659994668893,58.0,54.0,71.83333333333333,18.62704127516369,98.0,54.0,85.5,19.686174197782464,108.0,54.0,82.375,20.932214615173557,108.0,43.0,30.5,29.1,25.7,59.0,68.0,87.0,0.66,2.0,1.2,1014.0,1016.0,1014.0,1684.8,86.4,49.92,0.0,0.7994069853635848,15.056988602279542,23.395320935812837,16.848,30.4,0.030830009061255867,973.4399999999999,2916,2.5600000000000005,1024144,419.1,69.85000000000001,-3.0,-26.0,0.6999999999999993
151,77.2,5.7,114.0,70.0,96.3,91,0.0,1012,54,31.2,3.8,0.33,2023,10,25,14,2,298,43,-0.4999999999999997,-0.8660254037844388,-0.8660254037844386,0.5000000000000001,0.9749279121818236,-0.22252093395631434,3,1,0,55.0,58.0,54.0,98.0,95.0,43.0,56.333333333333336,1.527525231652942,58.0,55.0,64.83333333333333,14.190372323045414,85.0,54.0,82.25,21.140762005703586,108.0,54.0,82.91666666666667,20.017202746566138,108.0,44.0,31.2,29.8,26.8,54.0,63.0,80.0,1.6,1.33,0.66,1012.0,1015.0,1015.0,1684.8,17.82,10.296,0.0,0.7999885715918343,13.541483950184178,19.99649184353622,16.848,31.035,0.030830009061255867,973.4399999999999,2916,0.10890000000000001,1024144,419.2,69.86666666666666,1.0,2.0,0.0
153,79.2,6.3,111.0,68.8,94.7,95,0.0,1012,53,31.2,2.5,0.66,2023,10,25,15,2,298,43,-0.7071067811865471,-0.7071067811865479,-0.8660254037844386,0.5000000000000001,0.9749279121818236,-0.22252093395631434,3,1,0,56.0,55.0,58.0,85.0,93.0,46.0,55.333333333333336,0.57735026919241,56.0,55.0,59.833333333333336,10.457851914549872,81.0,54.0,79.08333333333333,22.20343271303802,108.0,54.0,83.29166666666667,19.36935986162963,108.0,44.0,31.2,30.5,28.0,54.0,59.0,74.0,0.33,0.66,1.33,1012.0,1014.0,1015.0,1653.6,34.980000000000004,20.592,0.0,0.7994069853635848,12.569433423266148,17.616251388668466,16.535999999999998,30.87,0.030830009061255867,973.4399999999999,2809,0.43560000000000004,1024144,415.0,69.16666666666667,-1.0,-3.0,0.0
167,81.1,7.0,108.0,85.0,93.0,100,0.0,1011,53,31.2,1.9,1.0,2023,10,25,16,2,298,43,-0.8660254037844385,-0.5000000000000004,-0.8660254037844386,0.5000000000000001,0.9749279121818236,-0.22252093395631434,3,1,0,55.0,56.0,55.0,81.0,90.0,44.0,59.666666666666664,7.2341781380704075,68.0,55.0,57.666666666666664,5.240865068541158,68.0,54.0,77.25,22.128241929920094,108.0,54.0,84.29166666666667,17.809326249168144,108.0,54.0,31.2,31.2,29.1,53.0,54.0,68.0,0.66,1.6,2.0,1012.0,1012.0,1016.0,1653.6,53.0,31.2,0.0,0.7999905883460194,11.584059420082843,15.426367661762605,16.535999999999998,30.7,0.03086050359989753,973.4399999999999,2809,1.0,1022121,442.1,73.68333333333334,13.0,13.0,0.0
169,104.5,10.3,98.7,87.5,92.0,91,0.0,1011,58,30.4,1.5,0.66,2023,10,25,17,2,298,43,-0.9659258262890683,-0.25881904510252063,-0.8660254037844386,0.5000000000000001,0.9749279121818236,-0.22252093395631434,3,1,0,68.0,55.0,56.0,54.0,102.0,78.0,64.33333333333333,8.144527815247184,70.0,55.0,60.333333333333336,6.831300510638826,70.0,55.0,74.58333333333333,20.76035703552344,108.0,54.0,83.95833333333333,18.00598732950179,108.0,54.0,31.2,31.2,29.8,53.0,54.0,63.0,1.0,0.33,1.33,1011.0,1012.0,1015.0,1763.1999999999998,38.28,20.064,0.0,0.7999908572473458,10.14464615085914,9.58159401999806,17.631999999999998,30.07,0.03006920863579759,924.16,3364,0.43560000000000004,1022121,463.0,77.16666666666667,2.0,14.0,-0.8000000000000007
177,127.8,13.7,89.3,95.0,91.0,83,0.0,1012,64,29.5,0.0,0.33,2023,10,25,18,2,298,43,-1.0,-1.8369701987210297e-16,-0.8660254037844386,0.5000000000000001,0.9749279121818236,-0.22252093395631434,3,2,0,70.0,68.0,55.0,58.0,108.0,89.0,71.33333333333333,4.163331998932334,76.0,68.0,63.333333333333336,9.157874571463267,76.0,55.0,71.91666666666667,17.941614062048572,107.0,54.0,83.41666666666667,18.04322507243443,108.0,54.0,30.4,31.2,30.5,58.0,53.0,59.0,0.66,0.66,0.66,1011.0,1012.0,1014.0,1888.0,21.12,9.735000000000001,0.0,0.7999915790360101,9.327786292971316,6.517772425370412,18.88,29.335,0.02915016882394385,870.25,4096,0.10890000000000001,1024144,492.8,82.13333333333334,6.0,21.0,-0.8999999999999986
195,151.2,17.0,80.0,111.3,90.0,75,0.0,1012,71,28.7,0.0,2.0,2023,10,25,19,2,298,43,-0.9659258262890684,0.2588190451025203,-0.8660254037844386,0.5000000000000001,0.9749279121818236,-0.22252093395631434,3,2,0,76.0,70.0,68.0,55.0,107.0,106.0,78.33333333333333,9.71253485622228,89.0,70.0,69.0,12.774975538136479,89.0,55.0,70.41666666666667,15.299782133524566,98.0,54.0,82.70833333333333,17.441776850716163,108.0,54.0,29.5,31.2,31.2,64.0,53.0,54.0,0.33,1.0,1.6,1012.0,1011.0,1012.0,2037.7,142.0,57.4,0.0,0.7996334264741557,8.893594494441501,4.705605552614552,20.377,27.7,0.028359655771091136,823.6899999999999,5041,4.0,1024144,538.5,89.75,13.0,21.0,-0.8000000000000007
171,159.3,17.3,76.7,88.8,88.7,83,0.0,1013,74,28.2,0.0,0.66,2023,10,25,20,2,298,43,-0.8660254037844386,0.5000000000000001,-0.8660254037844386,0.5000000000000001,0.9749279121818236,-0.22252093395631434,3,2,0,89.0,76.0,70.0,56.0,98.0,94.0,78.66666666666667,9.291573243177538,89.0,71.0,71.5,11.077003204837702,89.0,55.0,68.16666666666667,12.626331312943877,89.0,54.0,81.75,17.426242080365782,108.0,54.0,28.7,30.4,31.2,71.0,58.0,54.0,2.0,0.66,0.33,1012.0,1011.0,1012.0,2086.7999999999997,48.84,18.612000000000002,0.0,0.7995405457145752,9.207560256632565,4.433269753193457,20.868,27.87,0.02783807715885769,795.24,5476,0.43560000000000004,1026169,501.8,83.63333333333334,-18.0,1.0,-0.5
153,167.5,17.7,73.3,72.5,87.3,91,0.0,1013,78,27.7,0.0,1.33,2023,10,25,21,2,298,43,-0.7071067811865477,0.7071067811865474,-0.8660254037844386,0.5000000000000001,0.9749279121818236,-0.22252093395631434,3,2,0,71.0,89.0,76.0,55.0,85.0,91.0,72.66666666666667,15.567059238447506,89.0,58.0,72.0,10.217631819555086,89.0,58.0,65.91666666666667,11.727654445278642,89.0,54.0,80.375,17.958436312291802,108.0,54.0,28.2,29.5,31.2,74.0,64.0,53.0,0.66,0.33,0.66,1013.0,1012.0,1012.0,2160.6,103.74000000000001,36.841,0.0,0.799988965669439,9.462742217953787,4.141008982543359,21.605999999999998,27.035,0.02734449423050915,767.29,6084,1.7689000000000001,1026169,476.3,79.38333333333334,-13.0,-18.0,-0.5
129,175.7,18.0,70.0,57.5,86.0,100,0.0,1014,81,27.2,0.0,2.0,2023,10,25,22,2,298,43,-0.5000000000000004,0.8660254037844384,-0.8660254037844386,0.5000000000000001,0.9749279121818236,-0.22252093395631434,3,3,0,58.0,71.0,89.0,68.0,81.0,82.0,58.333333333333336,12.503332889007488,71.0,46.0,68.33333333333333,14.841383583300187,89.0,46.0,63.0,11.984838907400855,89.0,46.0,78.875,19.272220377032347,108.0,46.0,27.7,28.7,31.2,78.0,71.0,53.0,1.33,2.0,1.0,1013.0,1012.0,1011.0,2203.2,162.0,54.4,0.0,0.7999860871984835,9.760568857285705,3.8886728515082494,22.031999999999996,26.2,0.02682443113961426,739.8399999999999,6561,4.0,1028196,453.2,75.53333333333333,-12.0,-43.0,-0.5
100,166.9,17.3,69.7,43.8,83.3,100,0.0,1014,81,27.2,0.0,2.0,2023,10,25,23,2,298,43,-0.25881904510252157,0.9659258262890681,-0.8660254037844386,0.5000000000000001,0.9749279121818236,-0.22252093395631434,3,3,0,46.0,58.0,71.0,70.0,54.0,82.0,46.333333333333336,11.503622617825153,58.0,35.0,62.5,20.027481119701182,89.0,35.0,61.416666666666664,14.311205611708333,89.0,35.0,76.91666666666667,21.229423115033804,108.0,35.0,27.2,28.2,30.4,81.0,74.0,58.0,2.0,0.66,0.66,1014.0,1013.0,1011.0,2203.2,162.0,54.4,0.0,0.7990685144174792,9.64684122305069,4.028668863071498,22.031999999999996,26.2,0.02682443113961426,739.8399999999999,6561,4.0,1028196,416.00000000000006,69.33333333333334,-11.0,-36.0,0.0
104,158.2,16.7,69.3,46.3,80.7,100,0.0,1014,81,27.2,0.0,2.0,2023,10,26,0,3,299,43,0.0,1.0,-0.8660254037844386,0.5000000000000001,0.43388373911755823,-0.900968867902419,3,3,0,35.0,46.0,58.0,76.0,58.0,94.0,39.333333333333336,5.859465277082854,46.0,35.0,56.0,21.071307505705224,89.0,35.0,59.666666666666664,15.95637993424721,89.0,35.0,74.54166666666667,22.391728221681596,108.0,35.0,27.2,27.7,29.5,81.0,78.0,64.0,2.0,1.33,0.33,1014.0,1013.0,1012.0,2203.2,162.0,54.4,0.0,0.799118809528952,9.472486677444463,4.149452128615053,22.031999999999996,26.2,0.02682443113961426,739.8399999999999,6561,4.0,1028196,408.2,68.03333333333333,2.0,-21.0,0.0
107,149.4,16.0,69.0,47.5,78.0,100,0.0,1014,81,27.2,0.0,2.0,2023,10,26,1,3,299,43,0.25881904510252074,0.9659258262890683,-0.8660254037844386,0.5000000000000001,0.43388373911755823,-0.900968867902419,3,3,0,37.0,35.0,46.0,89.0,55.0,102.0,36.666666666666664,1.5275252316541663,38.0,35.0,47.5,14.293355099485625,71.0,35.0,58.25,17.12056180046738,89.0,35.0,71.875,22.786938478378765,108.0,35.0,27.2,27.2,28.7,81.0,81.0,71.0,2.0,2.0,2.0,1014.0,1014.0,1012.0,2203.2,162.0,54.4,0.0,0.7999831582493001,9.33691644272233,4.31223048559465,22.031999999999996,26.2,0.02682443113961426,739.8399999999999,6561,4.0,1028196,397.9,66.31666666666666,1.0,-8.0,0.0
107,163.8,17.7,59.7,47.5,79.3,100,0.0,1014,81,27.2,0.0,2.0,2023,10,26,2,3,299,43,0.49999999999999994,0.8660254037844387,-0.8660254037844386,0.5000000000000001,0.43388373911755823,-0.900968867902419,3,3,0,38.0,37.0,35.0,71.0,56.0,95.0,37.666666666666664,0.5773502691953536,38.0,37.0,42.0,8.694826047713281,58.0,35.0,56.75,18.096333129318204,89.0,35.0,69.5,23.237900077245065,108.0,35.0,27.2,27.2,28.2,81.0,81.0,74.0,2.0,2.0,0.66,1014.0,1014.0,1013.0,2203.2,162.0,54.4,0.0,0.7999831582493001,9.253714479407943,3.3726908084289025,22.031999999999996,26.2,0.02682443113961426,739.8399999999999,6561,4.0,1028196,406.0,67.66666666666667,0.0,3.0,0.0
93,178.2,19.3,50.3,40.0,80.7,100,0.0,1014,81,27.2,0.0,2.0,2023,10,26,3,3,299,43,0.7071067811865476,0.7071067811865476,-0.8660254037844386,0.5000000000000001,0.43388373911755823,-0.900968867902419,3,3,0,38.0,38.0,37.0,58.0,55.0,93.0,36.0,3.4641016151387505,38.0,32.0,37.666666666666664,4.676180777799473,46.0,32.0,54.833333333333336,19.46480896075723,89.0,32.0,66.95833333333333,23.88282840774199,108.0,32.0,27.2,27.2,27.7,81.0,81.0,78.0,2.0,2.0,1.33,1014.0,1014.0,1013.0,2203.2,162.0,54.4,0.0,0.7999800004999875,9.232682244443291,2.606082586394487,22.031999999999996,26.2,0.02682443113961426,739.8399999999999,6561,4.0,1028196,400.5,66.75,-6.0,-5.0,0.0
95,192.6,21.0,41.0,41.3,82.0,100,0.0,1014,81,27.2,0.0,2.0,2023,10,26,4,3,299,43,0.8660254037844386,0.5000000000000001,-0.8660254037844386,0.5000000000000001,0.43388373911755823,-0.900968867902419,3,3,0,32.0,38.0,38.0,46.0,68.0,90.0,34.333333333333336,3.2145502536654362,38.0,32.0,35.5,2.588435821108037,38.0,32.0,51.916666666666664,19.929230853804423,89.0,32.0,64.58333333333333,24.321964785241263,108.0,32.0,27.2,27.2,27.2,81.0,81.0,81.0,2.0,2.0,2.0,1014.0,1014.0,1014.0,2203.2,162.0,54.4,0.0,0.7990121304568898,9.170991857530593,1.9522879862863671,22.031999999999996,26.2,0.02682443113961426,739.8399999999999,6561,4.0,1028196,410.9,68.48333333333333,1.0,-5.0,0.0
107,222.5,21.7,38.7,47.5,89.7,87,0.0,1014,84,26.5,0.0,1.33,2023,10,26,5,3,299,43,0.9659258262890683,0.25881904510252074,-0.8660254037844386,0.5000000000000001,0.43388373911755823,-0.900968867902419,3,3,0,33.0,32.0,38.0,35.0,70.0,102.0,34.333333333333336,3.2145502536654362,38.0,32.0,36.0,2.7568097504171543,38.0,32.0,49.25,19.42409469049826,89.0,32.0,61.916666666666664,23.537050656851854,108.0,32.0,27.2,27.2,27.2,81.0,81.0,81.0,2.0,2.0,2.0,1014.0,1014.0,1014.0,2226.0,111.72,35.245000000000005,0.0,0.7999831582493001,10.252983733468504,1.7833279572369938,22.26,25.835,0.026134096514697717,702.25,7056,1.7689000000000001,1028196,458.09999999999997,76.35,5.0,0.0,-0.6999999999999993
134,252.5,22.3,36.3,60.0,97.3,75,0.0,1013,88,25.7,0.0,0.66,2023,10,26,6,3,299,43,1.0,6.123233995736766e-17,-0.8660254037844386,0.5000000000000001,0.43388373911755823,-0.900968867902419,3,0,0,38.0,33.0,32.0,37.0,76.0,108.0,39.666666666666664,7.6376261582601455,48.0,33.0,37.833333333333336,5.671566509057371,48.0,32.0,46.916666666666664,17.505626801030527,89.0,32.0,59.416666666666664,21.530396443505474,107.0,32.0,26.5,27.2,27.2,84.0,81.0,81.0,1.33,2.0,2.0,1014.0,1014.0,1014.0,2261.6,58.080000000000005,16.962,0.0,0.7999866668888852,11.322362225909151,1.6277296982198104,22.616,25.37,0.025370162517114988,660.49,7744,0.43560000000000004,1026169,516.4,86.06666666666666,10.0,16.0,-0.8000000000000007
150,282.5,23.0,34.0,67.5,105.0,62,0.0,1013,91,25.0,0.8,0.4,2023,10,26,7,3,299,43,0.9659258262890683,-0.25881904510252063,-0.8660254037844386,0.5000000000000001,0.43388373911755823,-0.900968867902419,3,0,0,48.0,38.0,33.0,38.0,89.0,107.0,46.666666666666664,8.082903768655077,54.0,38.0,40.5,8.712060605849443,54.0,32.0,44.0,11.862852638689478,71.0,32.0,57.208333333333336,19.00795981245497,98.0,32.0,25.7,27.2,27.2,88.0,81.0,81.0,0.66,2.0,2.0,1013.0,1014.0,1014.0,2275.0,36.4,10.0,0.0,0.7999881483237284,12.282074692404677,1.4781966001478195,22.75,24.8,0.024679146417427033,625.0,8281,0.16000000000000003,1026169,566.0,94.33333333333333,6.0,21.0,-0.6999999999999993
118,224.9,19.7,58.0,52.5,127.0,66,0.0,1014,81,26.7,1.2,0.4,2023,10,26,8,3,299,43,0.8660254037844387,-0.4999999999999998,-0.8660254037844386,0.5000000000000001,0.43388373911755823,-0.900968867902419,3,0,0,54.0,48.0,38.0,38.0,71.0,98.0,48.0,6.0000000000004095,54.0,42.0,41.166666666666664,8.63519928355219,54.0,32.0,41.583333333333336,8.273268380571208,58.0,32.0,54.875,17.126923884315833,89.0,32.0,25.0,26.5,27.2,91.0,84.0,81.0,0.4,1.33,2.0,1013.0,1014.0,1014.0,2162.7,32.4,10.68,0.0,0.7999847621950058,11.415664179483276,2.9440129942642503,21.627,26.5,0.02633133497895959,712.89,6561,0.16000000000000003,1028196,524.1,87.35000000000001,-12.0,4.0,1.6999999999999993
151,167.3,16.3,82.0,70.0,149.0,70,0.0,1014,72,28.3,1.8,0.8,2023,10,26,9,3,299,43,0.7071067811865476,-0.7071067811865475,-0.8660254037844386,0.5000000000000001,0.43388373911755823,-0.900968867902419,3,0,0,42.0,54.0,48.0,32.0,58.0,85.0,50.666666666666664,7.57187779440066,56.0,42.0,45.166666666666664,9.086620200418807,56.0,33.0,41.416666666666664,7.925314256267428,56.0,32.0,53.666666666666664,15.88728413233257,89.0,32.0,26.7,25.7,27.2,81.0,88.0,81.0,0.4,0.66,2.0,1014.0,1013.0,1014.0,2037.6000000000001,57.6,22.64,0.0,0.7999885715918343,10.263174038402552,5.030366235200294,20.376,27.900000000000002,0.027909242693054545,800.89,5184,0.6400000000000001,1028196,540.6,90.10000000000001,14.0,8.0,1.6000000000000014
153,109.7,13.0,106.0,68.8,171.0,75,0.0,1014,64,30.0,4.0,0.8,2023,10,26,10,3,299,43,0.49999999999999994,-0.8660254037844387,-0.8660254037844386,0.5000000000000001,0.43388373911755823,-0.900968867902419,3,0,0,56.0,42.0,54.0,33.0,46.0,81.0,51.0,7.810249675906936,56.0,42.0,48.833333333333336,7.49444238530513,56.0,38.0,42.166666666666664,8.778417058934691,56.0,32.0,52.583333333333336,14.791056835765893,89.0,32.0,28.3,25.0,27.2,72.0,91.0,81.0,0.8,0.4,2.0,1014.0,1013.0,1014.0,1920.0,51.2,24.0,0.0,0.7994069853635848,8.437812475963389,8.153218983155142,19.2,29.6,0.029585769639280435,900.0,4096,0.6400000000000001,1028196,523.5,87.25,-1.0,1.0,1.6999999999999993
134,99.2,10.3,110.3,60.0,155.0,70,0.0,1014,60,30.5,5.2,1.2,2023,10,26,11,3,299,43,0.258819045102521,-0.9659258262890682,-0.8660254037844386,0.5000000000000001,0.43388373911755823,-0.900968867902419,3,0,0,55.0,56.0,42.0,38.0,35.0,54.0,53.0,4.358898943541139,56.0,48.0,50.5,5.431390245599269,56.0,42.0,43.25,8.614206025777115,56.0,32.0,52.333333333333336,14.81675510643522,89.0,32.0,30.0,26.7,26.5,64.0,81.0,84.0,0.8,0.4,1.33,1014.0,1014.0,1014.0,1830.0,72.0,36.6,0.0,0.7999866668888852,9.630132996796428,10.707698281720221,18.3,29.9,0.03007886579993511,930.25,3600,1.44,1028196,482.8,80.46666666666667,-7.0,6.0,0.5
145,88.7,7.7,114.7,65.0,139.0,66,0.0,1013,57,31.1,3.7,1.6,2023,10,26,12,3,299,43,1.2246467991473532e-16,-1.0,-0.8660254037844386,0.5000000000000001,0.43388373911755823,-0.900968867902419,3,1,0,48.0,55.0,56.0,48.0,37.0,58.0,51.666666666666664,3.511884584284857,55.0,48.0,51.166666666666664,5.307227776029341,56.0,42.0,44.5,8.712582332987159,56.0,32.0,52.083333333333336,14.7675221396463,89.0,32.0,30.5,28.3,25.7,60.0,72.0,88.0,1.2,0.8,0.66,1014.0,1014.0,1013.0,1772.7,91.2,49.760000000000005,0.0,0.7999876924970385,11.517984677314635,14.894169588365147,17.727,30.3,0.03070085814327923,967.21,3249,2.5600000000000005,1026169,467.1,77.85000000000001,4.0,-4.0,0.6000000000000014
115,78.2,5.0,119.0,51.3,123.0,62,0.0,1012,54,31.6,3.4,2.0,2023,10,26,13,3,299,43,-0.2588190451025208,-0.9659258262890683,-0.8660254037844386,0.5000000000000001,0.43388373911755823,-0.900968867902419,3,1,0,52.0,48.0,55.0,54.0,38.0,55.0,47.0,5.567764362830478,52.0,41.0,49.0,6.44980619863817,56.0,41.0,44.75,8.550651224534032,56.0,32.0,51.5,14.922990724848983,89.0,32.0,31.1,30.0,25.0,57.0,64.0,91.0,1.6,0.8,0.4,1013.0,1014.0,1013.0,1706.4,108.0,63.2,0.0,0.7992046938656168,15.636872625474904,23.795240951809635,17.064,30.6,0.031225265587682228,998.5600000000001,2916,4.0,1024144,417.5,69.58333333333333,-11.0,-14.0,0.5
118,79.2,6.0,115.3,52.5,115.7,58,0.0,1012,52,31.8,2.3,2.0,2023,10,26,14,3,299,43,-0.4999999999999997,-0.8660254037844388,-0.8660254037844386,0.5000000000000001,0.43388373911755823,-0.900968867902419,3,1,0,41.0,52.0,48.0,42.0,38.0,56.0,45.0,6.082762530298665,52.0,41.0,49.0,6.44980619863817,56.0,41.0,45.083333333333336,8.338937509531279,56.0,32.0,50.916666666666664,15.012796474042732,89.0,32.0,31.6,30.5,26.7,54.0,60.0,81.0,2.0,1.2,0.4,1012.0,1014.0,1014.0,1653.6000000000001,104.0,63.6,0.0,0.7999847621950058,13.197800366605566,19.213464422596232,16.536,30.8,0.0314228938508954,1011.24,2704,4.0,1024144,410.7,68.45,1.0,-6.0,0.1999999999999993
107,80.1,7.0,111.7,47.5,108.3,54,0.0,1011,50,32.0,1.4,2.0,2023,10,26,15,3,299,43,-0.7071067811865471,-0.7071067811865479,-0.8660254037844386,0.5000000000000001,0.43388373911755823,-0.900968867902419,3,1,0,42.0,41.0,52.0,56.0,32.0,55.0,40.333333333333336,2.081665999467627,42.0,38.0,46.0,6.72309452558807,55.0,38.0,45.583333333333336,7.633161305457939,56.0,33.0,50.208333333333336,15.211492127784117,89.0,32.0,31.8,31.1,28.3,52.0,57.0,72.0,2.0,1.6,0.8,1012.0,1013.0,1014.0,1600.0,100.0,64.0,0.0,0.7999831582493001,11.441222682473931,15.954863590915583,16.0,31.0,0.03165179856399746,1024.0,2500,4.0,1022121,392.6,65.43333333333334,-4.0,-14.0,0.1999999999999993
131,81.1,8.0,108.0,58.8,101.0,50,0.0,1011,48,32.2,0.8,2.0,2023,10,26,16,3,299,43,-0.8660254037844385,-0.5000000000000004,-0.8660254037844386,0.5000000000000001,0.43388373911755823,-0.900968867902419,3,1,0,38.0,42.0,41.0,55.0,33.0,68.0,42.333333333333336,4.509249752823545,47.0,38.0,44.666666666666664,5.202563470699742,52.0,38.0,46.75,6.524429616309031,56.0,38.0,49.333333333333336,14.74026330561483,89.0,32.0,32.0,31.6,30.0,50.0,54.0,64.0,2.0,2.0,0.8,1011.0,1012.0,1014.0,1545.6000000000001,96.0,64.4,0.0,0.7993061342494175,10.13623297087864,13.498312710911136,15.456000000000001,31.200000000000003,0.03184962230502245,1036.8400000000001,2304,4.0,1022121,403.9,67.31666666666666,9.0,6.0,0.20000000000000284
150,106.4,11.3,94.0,67.5,95.7,41,0.0,1011,49,31.0,0.6,1.6,2023,10,26,17,3,299,43,-0.9659258262890683,-0.25881904510252063,-0.8660254037844386,0.5000000000000001,0.43388373911755823,-0.900968867902419,3,1,0,47.0,38.0,42.0,48.0,38.0,70.0,46.333333333333336,8.020806277010966,54.0,38.0,45.666666666666664,6.408327915038294,54.0,38.0,48.083333333333336,6.200562046859784,56.0,38.0,48.666666666666664,14.113412266249275,89.0,32.0,32.2,31.8,30.5,48.0,52.0,60.0,2.0,2.0,1.2,1011.0,1012.0,1014.0,1519.0,78.4,49.6,0.0,0.7999881483237284,9.415096009202726,8.31784797805504,15.19,30.2,0.030662679858872544,961.0,2401,2.5600000000000005,1022121,428.9,71.48333333333333,7.0,12.0,-1.2000000000000028
126,131.7,14.7,80.0,56.3,90.3,33,0.0,1011,51,29.7,0.0,2.0,2023,10,26,18,3,299,43,-1.0,-1.8369701987210297e-16,-0.8660254037844386,0.5000000000000001,0.43388373911755823,-0.900968867902419,3,2,0,54.0,47.0,38.0,52.0,48.0,76.0,48.666666666666664,4.725815626253112,54.0,45.0,44.5,5.612486080160264,54.0,38.0,47.833333333333336,6.264377402616528,56.0,38.0,47.375,12.866581249247664,89.0,32.0,31.0,32.0,31.1,49.0,50.0,57.0,1.6,2.0,1.6,1011.0,1011.0,1013.0,1514.7,102.0,59.4,0.0,0.7992753237065062,8.958574246649889,5.4418066798177,15.147,28.7,0.029376825542210147,882.0899999999999,2601,4.0,1022121,418.0,69.66666666666667,-9.0,7.0,-1.3000000000000007
177,157.0,18.0,66.0,95.0,85.0,25,0.0,1011,52,28.5,0.0,2.4,2023,10,26,19,3,299,43,-0.9659258262890684,0.2588190451025203,-0.8660254037844386,0.5000000000000001,0.43388373911755823,-0.900968867902419,3,2,0,45.0,54.0,47.0,41.0,54.0,89.0,58.333333333333336,15.947831618541013,76.0,45.0,50.333333333333336,13.662601021279137,76.0,38.0,49.666666666666664,10.209917935145816,76.0,38.0,46.833333333333336,11.20429524263222,76.0,32.0,29.7,32.2,31.6,51.0,48.0,54.0,2.0,2.0,2.0,1011.0,1011.0,1012.0,1482.0,124.8,68.39999999999999,0.0,0.7999915790360101,8.721737681239931,3.6664629742792063,14.82,27.3,0.028189883096060242,812.25,2704,5.76,1022121,497.0,82.83333333333333,31.0,29.0,-1.1999999999999993
161,172.6,18.3,62.0,80.0,83.7,28,0.0,1012,60,27.7,0.0,0.66,2023,10,26,20,3,299,43,-0.8660254037844386,0.5000000000000001,-0.8660254037844386,0.5000000000000001,0.43388373911755823,-0.900968867902419,3,2,0,76.0,45.0,54.0,42.0,42.0,71.0,61.666666666666664,15.631165450257887,76.0,45.0,54.0,13.928388277183759,76.0,38.0,51.5,10.672820194731964,76.0,38.0,46.541666666666664,10.623923645395859,76.0,32.0,28.5,31.0,31.8,52.0,49.0,52.0,2.4,1.6,2.0,1011.0,1011.0,1012.0,1662.0,39.6,18.282,0.0,0.7999900001249984,9.4311786241189,3.3877930167750394,16.62,27.37,0.027371514455025243,767.29,3600,0.43560000000000004,1024144,480.59999999999997,80.1,-12.0,10.0,-0.8000000000000007
168,188.1,18.7,58.0,86.3,82.3,31,0.0,1012,69,27.0,0.0,1.33,2023,10,26,21,3,299,43,-0.7071067811865477,0.7071067811865474,-0.8660254037844386,0.5000000000000001,0.43388373911755823,-0.900968867902419,3,2,0,64.0,76.0,45.0,38.0,56.0,58.0,69.66666666666667,6.027713773341808,76.0,64.0,59.166666666666664,12.480651692385898,76.0,45.0,52.583333333333336,11.774072697192555,76.0,38.0,47.0,11.352073168254528,76.0,32.0,27.7,29.7,32.0,60.0,51.0,50.0,0.66,2.0,2.0,1012.0,1011.0,1011.0,1863.0,91.77000000000001,35.910000000000004,0.0,0.7995272360691069,10.058285653173627,3.1014384257526335,18.63,26.335,0.026679815533779117,729.0,4761,1.7689000000000001,1024144,502.4,83.73333333333333,5.0,24.0,-0.6999999999999993
164,203.7,19.0,54.0,82.5,81.0,35,0.0,1013,79,26.2,0.0,2.0,2023,10,26,22,3,299,43,-0.5000000000000004,0.8660254037844384,-0.8660254037844386,0.5000000000000001,0.43388373911755823,-0.900968867902419,3,3,0,69.0,64.0,76.0,47.0,55.0,46.0,66.33333333333333,2.516611478423938,69.0,64.0,62.333333333333336,11.111555546666455,76.0,45.0,53.5,12.391345953746976,76.0,38.0,47.833333333333336,11.991542913624123,76.0,32.0,27.0,28.5,32.2,69.0,52.0,48.0,1.33,2.4,2.0,1012.0,1011.0,1011.0,2069.7999999999997,158.0,52.4,0.0,0.7999903031478406,10.720488395347612,2.8419556865428133,20.697999999999997,25.2,0.025863745445463528,686.4399999999999,6241,4.0,1026169,506.2,84.36666666666666,-3.0,-10.0,-0.8000000000000007
153,218.7,21.0,49.7,68.8,84.3,38,0.0,1013,81,25.8,0.0,1.33,2023,10,26,23,3,299,43,-0.25881904510252157,0.9659258262890681,-0.8660254037844386,0.5000000000000001,0.43388373911755823,-0.900968867902419,3,3,0,66.0,69.0,64.0,54.0,48.0,35.0,63.333333333333336,7.371114795832152,69.0,55.0,62.5,10.968135666556433,76.0,45.0,54.083333333333336,12.27309202600448,76.0,38.0,48.666666666666664,11.753507031360721,76.0,32.0,26.2,27.7,31.0,79.0,60.0,49.0,2.0,0.66,1.6,1013.0,1012.0,1011.0,2089.8,107.73,34.314,0.0,0.7994069853635848,10.413789819532402,2.3665539736203036,20.898000000000003,25.135,0.025468879102784697,665.64,6561,1.7689000000000001,1026169,497.5,82.91666666666667,-11.0,-9.0,-0.3999999999999986
159,233.6,23.0,45.3,77.5,87.7,41,0.0,1012,84,25.4,0.0,0.66,2023,10,27,0,4,300,43,0.0,1.0,-0.8660254037844386,0.5000000000000001,-0.433883739117558,-0.9009688679024191,3,3,0,55.0,66.0,69.0,45.0,52.0,37.0,61.0,5.5677643628302675,66.0,55.0,65.33333333333333,7.033254343947274,76.0,55.0,54.916666666666664,12.45689537662692,76.0,38.0,49.708333333333336,11.782371381107177,76.0,32.0,25.8,27.0,29.7,81.0,69.0,51.0,1.33,1.33,2.0,1013.0,1012.0,1011.0,2133.6,55.440000000000005,16.764,0.0,0.7999896775525477,10.156080170427371,1.9694795878440066,21.336,25.07,0.025098789428073687,645.16,7056,0.43560000000000004,1024144,529.1,88.18333333333334,7.0,-7.0,-0.40000000000000213
145,248.6,25.0,41.0,65.0,91.0,45,0.0,1012,87,25.0,0.0,1.2,2023,10,27,1,4,300,43,0.25881904510252074,0.9659258262890683,-0.8660254037844386,0.5000000000000001,-0.433883739117558,-0.9009688679024191,3,3,0,62.0,55.0,66.0,76.0,41.0,38.0,56.333333333333336,5.131601439447229,62.0,52.0,61.333333333333336,6.5625198412389105,69.0,52.0,55.833333333333336,11.72280864060439,76.0,38.0,50.291666666666664,11.521168293215522,76.0,32.0,25.4,26.2,28.5,84.0,79.0,52.0,0.66,2.0,2.4,1012.0,1013.0,1011.0,2175.0,104.39999999999999,30.0,0.0,0.7999876924970385,9.943602255909763,1.639934402623895,21.75,24.4,0.02470353290164733,625.0,7569,1.44,1024144,522.6,87.10000000000001,-10.0,-14.0,-0.3999999999999986
152,269.4,26.7,34.0,71.3,93.0,18,0.0,1012,88,24.5,0.0,1.6,2023,10,27,2,4,300,43,0.49999999999999994,0.8660254037844387,-0.8660254037844386,0.5000000000000001,-0.433883739117558,-0.9009688679024191,3,3,0,52.0,62.0,55.0,64.0,42.0,38.0,57.0,5.000000000000342,62.0,52.0,60.166666666666664,6.615638039271398,69.0,52.0,57.083333333333336,10.883334493479282,76.0,38.0,51.083333333333336,11.290306217847638,76.0,32.0,25.0,25.8,27.7,87.0,81.0,60.0,1.2,1.33,0.66,1012.0,1013.0,1012.0,2156.0,140.8,39.2,0.0,0.7994277780115285,10.089509756188905,1.2733605482940713,21.56,23.7,0.024209462243614383,600.25,7744,2.5600000000000005,1024144,551.4,91.89999999999999,5.0,2.0,-0.5
165,290.2,28.3,27.0,206.3,95.0,7,0.0,1012,90,24.0,0.0,1.2,2023,10,27,3,4,300,43,0.7071067811865476,0.7071067811865476,-0.8660254037844386,0.5000000000000001,-0.433883739117558,-0.9009688679024191,3,3,0,57.0,52.0,62.0,69.0,38.0,32.0,91.33333333333333,63.84616929255294,165.0,52.0,76.16666666666667,43.80601176398795,165.0,52.0,67.66666666666667,31.96683887841855,165.0,45.0,56.625,25.373406996473967,165.0,33.0,24.5,25.4,27.0,88.0,84.0,69.0,1.6,0.66,1.33,1012.0,1012.0,1012.0,2160.0,108.0,28.799999999999997,0.0,0.7998022307211307,10.25405462704498,0.9540298929366453,21.6,23.4,0.023715391585581436,576.0,8100,1.44,1024144,811.8,135.29999999999998,108.0,103.0,-0.5
177,311.1,30.0,20.0,221.3,97.0,55,0.0,1011,92,23.5,0.0,0.8,2023,10,27,4,4,300,43,0.8660254037844386,0.5000000000000001,-0.8660254037844386,0.5000000000000001,-0.433883739117558,-0.9009688679024191,3,3,0,165.0,57.0,52.0,66.0,47.0,33.0,133.0,66.09084656743315,177.0,57.0,94.66666666666667,59.33857654735783,177.0,52.0,78.5,44.06503458216338,177.0,45.0,62.625,34.81355620519392,177.0,38.0,24.0,25.0,26.2,90.0,87.0,79.0,1.2,1.2,2.0,1012.0,1012.0,1013.0,2162.0,73.60000000000001,18.8,0.0,0.7998156357178684,10.369654344855173,0.6666444451851604,21.62,23.1,0.023244289570435638,552.25,8464,0.6400000000000001,1022121,856.4000000000001,142.73333333333335,12.0,125.0,-0.5
168,319.2,28.3,22.7,86.3,101.3,58,0.0,1012,94,23.7,0.0,0.8,2023,10,27,5,4,300,43,0.9659258262890683,0.25881904510252074,-0.8660254037844386,0.5000000000000001,-0.433883739117558,-0.9009688679024191,3,3,0,177.0,165.0,57.0,55.0,54.0,38.0,137.0,59.19459434779487,177.0,69.0,97.0,57.720013860012,177.0,52.0,79.75,43.51619343312409,177.0,45.0,63.916666666666664,34.43319513981028,177.0,38.0,23.5,24.5,25.8,92.0,88.0,81.0,0.8,1.6,1.33,1011.0,1012.0,1013.0,2227.7999999999997,75.2,18.96,0.0,0.7995272360691069,11.278753400939895,0.8020917988763647,22.278,23.3,0.02341894919076167,561.6899999999999,8836,0.6400000000000001,1024144,626.8,104.46666666666665,-108.0,12.0,0.1999999999999993
164,327.4,26.7,25.3,82.5,105.7,61,0.0,1012,95,23.8,0.0,0.8,2023,10,27,6,4,300,43,1.0,6.123233995736766e-17,-0.8660254037844386,0.5000000000000001,-0.433883739117558,-0.9009688679024191,3,0,0,69.0,177.0,165.0,62.0,45.0,48.0,104.0,63.23764701504946,177.0,66.0,97.66666666666667,57.25614959693538,177.0,52.0,81.5,42.39961406342343,177.0,52.0,64.66666666666667,34.26706704779377,177.0,38.0,23.7,24.0,25.4,94.0,90.0,84.0,0.8,1.2,0.66,1012.0,1012.0,1012.0,2261.0,76.0,19.040000000000003,0.0,0.7999903031478406,12.261713044455263,0.9475300550541178,22.61,23.400000000000002,0.02351776332236826,566.44,9025,0.6400000000000001,1024144,633.6,105.60000000000001,-3.0,-99.0,0.10000000000000142
153,335.6,25.0,28.0,68.8,110.0,65,0.0,1013,96,24.0,1.4,0.8,2023,10,27,7,4,300,43,0.9659258262890683,-0.25881904510252063,-0.8660254037844386,0.5000000000000001,-0.433883739117558,-0.9009688679024191,3,0,0,66.0,69.0,177.0,52.0,76.0,54.0,63.333333333333336,7.3711147958320735,69.0,55.0,98.16666666666667,56.788789973608736,177.0,55.0,79.75,43.075251278747686,177.0,52.0,64.70833333333333,34.25413864765507,177.0,38.0,23.8,23.5,25.0,95.0,92.0,87.0,0.8,0.8,1.2,1012.0,1011.0,1012.0,2304.0,76.80000000000001,19.200000000000003,0.0,0.7994069853635848,13.423463061477541,1.1199552017919283,23.04,23.6,0.02369198056072995,576.0,9216,0.6400000000000001,1026169,622.4000000000001,103.73333333333335,-11.0,-122.0,0.1999999999999993
159,262.2,21.3,56.3,77.5,137.0,68,0.0,1013,84,26.0,2.8,0.8,2023,10,27,8,4,300,43,0.8660254037844387,-0.4999999999999998,-0.8660254037844386,0.5000000000000001,-0.433883739117558,-0.9009688679024191,3,0,0,55.0,66.0,69.0,57.0,64.0,42.0,61.0,5.5677643628301645,66.0,55.0,99.0,56.09634569203217,177.0,55.0,79.58333333333333,43.145542977089306,177.0,52.0,65.54166666666667,33.919314962661836,177.0,38.0,24.0,23.7,24.5,96.0,94.0,88.0,0.8,0.8,1.6,1013.0,1012.0,1012.0,2184.0,67.2,20.8,0.0,0.7999896775525477,12.309281254401201,2.643068400544575,21.84,25.6,0.025666312274124112,676.0,7056,0.6400000000000001,1026169,616.3,102.71666666666665,7.0,-7.0,2.0
145,188.9,17.7,84.7,65.0,164.0,71,0.0,1013,74,28.0,4.5,0.8,2023,10,27,9,4,300,43,0.7071067811865476,-0.7071067811865475,-0.8660254037844386,0.5000000000000001,-0.433883739117558,-0.9009688679024191,3,0,0,62.0,55.0,66.0,165.0,69.0,56.0,56.333333333333336,5.131601439447117,62.0,52.0,80.16666666666667,47.87239984235853,177.0,52.0,78.16666666666667,43.7987823270615,177.0,52.0,65.375,33.97801399114775,177.0,38.0,26.0,23.8,24.0,84.0,95.0,90.0,0.8,0.8,1.2,1013.0,1012.0,1012.0,2072.0,59.2,22.400000000000002,0.0,0.7999876924970385,10.671713462516243,4.785040393198124,20.72,27.6,0.027640643987518275,784.0,5476,0.6400000000000001,1026169,572.3,95.38333333333333,-10.0,-14.0,2.0
152,115.6,14.0,113.0,71.3,191.0,75,0.0,1014,64,30.0,6.3,0.8,2023,10,27,10,4,300,43,0.49999999999999994,-0.8660254037844387,-0.8660254037844386,0.5000000000000001,-0.433883739117558,-0.9009688679024191,3,0,0,52.0,62.0,55.0,177.0,66.0,55.0,57.0,5.000000000000227,62.0,52.0,60.166666666666664,6.615638039271454,69.0,52.0,77.41666666666667,44.102068253568405,177.0,52.0,65.45833333333333,33.95390630874763,177.0,38.0,28.0,24.0,23.5,74.0,96.0,92.0,0.8,0.8,0.8,1013.0,1013.0,1011.0,1920.0,51.2,24.0,0.0,0.7994277780115285,8.256553103349761,8.070852081994143,19.2,29.6,0.029585769639280435,900.0,4096,0.6400000000000001,1028196,561.9,93.64999999999999,5.0,2.0,2.0
165,105.6,11.0,122.0,206.3,171.3,75,0.0,1013,59,30.7,7.6,0.66,2023,10,27,11,4,300,43,0.258819045102521,-0.9659258262890682,-0.8660254037844386,0.5000000000000001,-0.433883739117558,-0.9009688679024191,3,0,0,57.0,52.0,62.0,69.0,55.0,48.0,91.33333333333333,63.846169292552936,165.0,52.0,76.16666666666667,43.80601176398795,165.0,52.0,86.58333333333333,50.04989934297974,177.0,52.0,70.33333333333333,39.314414511802454,177.0,38.0,30.0,26.0,23.7,64.0,84.0,94.0,0.8,0.8,0.8,1014.0,1013.0,1012.0,1811.3,38.940000000000005,20.262,0.0,0.7998022307211307,9.599127352058904,11.089900918098355,18.113,30.37,0.030305991800600396,942.49,3481,0.43560000000000004,1026169,781.2,130.20000000000002,108.0,103.0,0.6999999999999993
177,95.7,8.0,131.0,221.3,151.7,75,0.0,1012,54,31.4,7.5,1.33,2023,10,27,12,4,300,43,1.2246467991473532e-16,-1.0,-0.8660254037844386,0.5000000000000001,-0.433883739117558,-0.9009688679024191,3,1,0,165.0,57.0,52.0,66.0,62.0,52.0,133.0,66.09084656743313,177.0,57.0,94.66666666666667,59.338576547357825,177.0,52.0,96.16666666666667,55.615291117287015,177.0,52.0,75.54166666666667,44.69216366158224,177.0,38.0,30.7,28.0,23.8,59.0,74.0,95.0,0.66,0.8,0.8,1013.0,1013.0,1012.0,1695.6,71.82000000000001,41.762,0.0,0.7998156357178684,11.961004874390703,16.372953380827397,16.956,30.735,0.031027637324469046,985.9599999999999,2916,1.7689000000000001,1024144,784.7,130.78333333333333,12.0,125.0,0.6999999999999993
193,85.8,5.0,140.0,241.3,132.0,75,0.0,1011,49,32.1,6.7,2.0,2023,10,27,13,4,300,43,-0.2588190451025208,-0.9659258262890683,-0.8660254037844386,0.5000000000000001,-0.433883739117558,-0.9009688679024191,3,1,0,177.0,165.0,57.0,55.0,52.0,41.0,178.33333333333334,14.047538337136258,193.0,165.0,117.66666666666667,67.1227730853444,193.0,52.0,107.91666666666667,60.145971426088494,193.0,52.0,81.875,50.035042068360866,193.0,38.0,31.4,30.0,24.0,54.0,64.0,96.0,1.33,0.8,0.8,1012.0,1014.0,1013.0,1572.9,98.0,64.2,0.0,0.7998309165730767,17.156568686262744,27.994401119776043,15.729000000000001,31.1,0.03175071043450996,1030.41,2401,4.0,1022121,797.1,132.85,16.0,136.0,0.7000000000000028
153,83.5,6.0,132.0,191.3,121.7,58,0.0,1010,49,32.1,4.9,1.33,2023,10,27,14,4,300,43,-0.4999999999999997,-0.8660254037844388,-0.8660254037844386,0.5000000000000001,-0.433883739117558,-0.9009688679024191,3,1,0,193.0,177.0,165.0,62.0,57.0,42.0,174.33333333333334,20.13289182738818,193.0,153.0,132.83333333333334,62.123801128606345,193.0,52.0,115.91666666666667,59.13383638882716,193.0,52.0,86.5,51.303021353522986,193.0,38.0,32.1,30.7,26.0,49.0,59.0,84.0,2.0,0.66,0.8,1011.0,1013.0,1013.0,1572.9,65.17,42.693000000000005,0.0,0.7997867235403892,13.914347608731877,21.99633394434261,15.729000000000001,31.435000000000002,0.03178214675034975,1030.41,2401,1.7689000000000001,1020100,687.5,114.58333333333333,-40.0,-12.0,0.0
274,81.1,7.0,124.0,186.3,111.3,41,0.0,1010,49,32.0,3.3,0.66,2023,10,27,15,4,300,43,-0.7071067811865471,-0.7071067811865479,-0.8660254037844386,0.5000000000000001,-0.433883739117558,-0.9009688679024191,3,1,0,153.0,193.0,177.0,52.0,165.0,38.0,165.0,24.331050121192522,193.0,149.0,149.0,47.86648096528467,193.0,57.0,114.58333333333333,58.097814594062264,193.0,52.0,91.125,51.74209664497013,193.0,45.0,32.1,31.4,28.0,49.0,54.0,74.0,1.33,1.33,0.8,1010.0,1012.0,1013.0,1568.0,32.34,21.12,0.0,0.7997809995652196,11.584059420082843,17.711755463505213,15.68,31.67,0.03168313694738916,1024.0,2401,0.43560000000000004,1020100,658.6999999999999,109.78333333333332,-4.0,-28.0,-0.10000000000000142
223,78.8,8.0,116.0,137.5,101.0,25,0.0,1009,50,32.0,2.0,1.2,2023,10,27,16,4,300,43,-0.8660254037844385,-0.5000000000000004,-0.8660254037844386,0.5000000000000001,-0.433883739117558,-0.9009688679024191,3,1,0,149.0,153.0,193.0,57.0,177.0,47.0,137.33333333333334,23.755701070128875,153.0,110.0,157.83333333333334,28.44233933182403,193.0,110.0,109.0,54.67257913333597,193.0,52.0,93.75,50.998934345218096,193.0,45.0,32.0,32.1,30.0,49.0,49.0,64.0,0.66,2.0,0.8,1010.0,1011.0,1014.0,1600.0,60.0,38.4,0.0,0.7999941818604955,9.848768903887015,14.498187726534184,16.0,31.4,0.03171453744842671,1024.0,2500,1.44,1018081,551.3,91.88333333333333,-39.0,-83.0,0.0
193,93.0,10.3,99.3,110.0,91.7,41,0.0,1009,55,30.9,1.5,0.33,2023,10,27,17,4,300,43,-0.9659258262890683,-0.25881904510252063,-0.8660254037844386,0.5000000000000001,-0.433883739117558,-0.9009688679024191,3,1,0,110.0,149.0,153.0,165.0,69.0,54.0,115.66666666666667,30.892285984260326,149.0,88.0,145.0,39.70390409015165,193.0,88.0,110.58333333333333,53.674877030528904,193.0,52.0,95.16666666666667,50.31437400866773,193.0,45.0,32.0,32.1,30.7,50.0,49.0,59.0,1.2,1.33,0.66,1009.0,1010.0,1013.0,1699.5,18.150000000000002,10.197,0.0,0.7999927273388423,9.02824968449665,9.6398407921561,16.995,30.735,0.03062435022363704,954.81,3025,0.10890000000000001,1018081,492.3,82.05,-22.0,-65.0,-1.1000000000000014
175,107.2,12.7,82.7,92.5,82.3,58,0.0,1010,62,29.8,0.0,0.66,2023,10,27,18,4,300,43,-1.0,-1.8369701987210297e-16,-0.8660254037844386,0.5000000000000001,-0.433883739117558,-0.9009688679024191,3,2,0,88.0,110.0,149.0,177.0,66.0,45.0,90.66666666666667,18.147543451754913,110.0,74.0,127.83333333333333,45.0129610964068,193.0,74.0,111.25,53.11757969568311,193.0,52.0,96.375,49.397071291463774,193.0,52.0,30.9,32.0,31.4,55.0,49.0,54.0,0.33,0.66,1.33,1009.0,1010.0,1012.0,1847.6000000000001,40.92,19.668000000000003,0.0,0.7999913514448492,8.440280292890325,6.511298322966696,18.476000000000003,29.470000000000002,0.029504921282256156,888.0400000000001,3844,0.43560000000000004,1020100,451.40000000000003,75.23333333333333,-14.0,-75.0,-1.0999999999999979
176,121.4,15.0,66.0,93.8,73.0,75,0.0,1010,70,28.7,0.0,1.0,2023,10,27,19,4,300,43,-0.9659258262890684,0.2588190451025203,-0.8660254037844386,0.5000000000000001,-0.433883739117558,-0.9009688679024191,3,2,0,74.0,88.0,110.0,193.0,55.0,76.0,79.0,7.810249675906781,88.0,74.0,108.16666666666667,35.650619442958316,153.0,74.0,112.91666666666667,51.48072601969718,193.0,52.0,96.33333333333333,49.41542328029839,193.0,52.0,29.8,32.0,32.1,62.0,50.0,49.0,0.66,1.2,2.0,1010.0,1009.0,1011.0,2009.0,70.0,28.7,0.0,0.7995650366200786,8.09279381374575,4.399706686220918,20.09,28.2,0.028415813449689655,823.6899999999999,4900,1.0,1020100,444.2,74.03333333333333,1.0,-35.0,-1.1000000000000014
169,123.3,15.0,66.0,87.5,73.7,70,0.0,1011,73,28.4,0.0,1.0,2023,10,27,20,4,300,43,-0.8660254037844386,0.5000000000000001,-0.8660254037844386,0.5000000000000001,-0.433883739117558,-0.9009688679024191,3,2,0,75.0,74.0,88.0,153.0,62.0,64.0,73.0,2.645751311065213,75.0,70.0,94.33333333333333,30.506829836393045,149.0,70.0,113.58333333333333,50.80883662108249,193.0,52.0,96.58333333333333,49.259663952910444,193.0,52.0,28.7,30.9,32.1,70.0,55.0,49.0,1.0,0.33,1.33,1010.0,1009.0,1010.0,2073.2,73.0,28.4,0.0,0.7999908572473458,8.219452036530898,4.399706686220918,20.732,27.9,0.02809097122554775,806.56,5329,1.0,1022121,435.5,72.58333333333333,-5.0,-18.0,-0.3000000000000007
169,125.3,15.0,66.0,87.5,74.3,66,0.0,1012,77,28.0,0.0,1.0,2023,10,27,21,4,300,43,-0.7071067811865477,0.7071067811865474,-0.8660254037844386,0.5000000000000001,-0.433883739117558,-0.9009688679024191,3,2,0,70.0,75.0,74.0,149.0,52.0,69.0,71.66666666666667,2.886751345948751,75.0,70.0,81.16666666666667,15.600213673749614,110.0,70.0,115.08333333333333,49.06110908084323,193.0,57.0,96.625,49.23573507825077,193.0,52.0,28.4,29.8,32.0,73.0,62.0,49.0,1.0,0.66,0.66,1011.0,1010.0,1010.0,2156.0,77.0,28.0,0.0,0.7999908572473458,8.352776481567895,4.399706686220918,21.56,27.5,0.02766795684984501,784.0,5929,1.0,1024144,438.1,73.01666666666667,0.0,-4.0,-0.3999999999999986
159,127.2,15.0,66.0,77.5,75.0,62,0.0,1012,81,27.7,0.0,1.0,2023,10,27,22,4,300,43,-0.5000000000000004,0.8660254037844384,-0.8660254037844386,0.5000000000000001,-0.433883739117558,-0.9009688679024191,3,3,0,70.0,70.0,75.0,110.0,57.0,66.0,67.33333333333333,4.618802153517503,70.0,62.0,73.16666666666667,8.588752334690204,88.0,62.0,115.5,48.541453699623595,193.0,62.0,96.45833333333333,49.35054659550798,193.0,52.0,28.0,28.7,32.0,77.0,70.0,50.0,1.0,1.0,1.2,1012.0,1010.0,1009.0,2243.7,81.0,27.7,0.0,0.7999896775525477,8.479434704353043,4.399706686220918,22.436999999999998,27.2,0.027371514455025243,767.29,6561,1.0,1024144,422.7,70.45,-8.0,-13.0,-0.3000000000000007
115,138.1,16.7,61.7,51.3,78.0,54,0.0,1012,80,27.5,0.0,1.0,2023,10,27,23,4,300,43,-0.25881904510252157,0.9659258262890681,-0.8660254037844386,0.5000000000000001,-0.433883739117558,-0.9009688679024191,3,3,0,62.0,70.0,70.0,88.0,165.0,55.0,57.666666666666664,14.977761292440874,70.0,41.0,65.33333333333333,12.76975593606426,75.0,41.0,105.16666666666667,50.21559579061108,193.0,41.0,95.875,49.94110662004621,193.0,41.0,27.7,28.4,30.9,81.0,73.0,55.0,1.0,1.0,0.33,1012.0,1011.0,1009.0,2200.0,80.0,27.5,0.0,0.7992046938656168,8.268965930183821,3.6943895575115264,22.0,27.0,0.027173886191812064,756.25,6400,1.0,1024144,386.8,64.46666666666667,-21.0,-29.0,-0.1999999999999993
100,149.0,18.3,57.3,43.8,81.0,45,0.0,1012,79,27.2,0.0,1.0,2023,10,28,0,5,301,43,0.0,1.0,-0.8660254037844386,0.5000000000000001,-0.9749279121818236,-0.2225209339563146,3,3,1,41.0,62.0,70.0,74.0,177.0,62.0,46.0,14.17744687875816,62.0,35.0,58.833333333333336,16.773987798572232,75.0,35.0,93.33333333333333,48.44928620045206,193.0,35.0,94.75,51.0296162941725,193.0,35.0,27.5,28.0,29.8,80.0,77.0,62.0,1.0,1.0,0.66,1012.0,1012.0,1010.0,2148.7999999999997,79.0,27.2,0.0,0.7990685144174792,8.141631604830335,3.1309764493743506,21.487999999999996,26.7,0.026877443796992296,739.8399999999999,6241,1.0,1024144,384.40000000000003,64.06666666666668,-6.0,-35.0,-0.3000000000000007
98,159.9,20.0,53.0,42.5,84.0,37,0.0,1012,78,27.0,0.0,1.0,2023,10,28,1,5,301,43,0.25881904510252074,0.9659258262890683,-0.8660254037844386,0.5000000000000001,-0.9749279121818236,-0.2225209339563146,3,3,1,35.0,41.0,62.0,75.0,193.0,52.0,36.666666666666664,3.7859388972017167,41.0,34.0,52.0,17.216271373325448,70.0,34.0,80.08333333333333,39.65867630242582,153.0,34.0,94.0,51.811531367145825,193.0,34.0,27.2,27.7,28.7,79.0,81.0,70.0,1.0,1.0,1.0,1012.0,1012.0,1010.0,2106.0,78.0,27.0,0.0,0.7999811769134845,7.994600269986501,2.6498675066246684,21.06,26.5,0.026679815533779117,729.0,6084,1.0,1024144,393.4,65.56666666666666,-1.0,-28.0,-0.1999999999999993
257,149.0,18.3,52.0,170.0,84.0,54,0.0,1012,81,26.9,0.0,0.66,2023,10,28,2,5,301,43,0.49999999999999994,0.8660254037844387,-0.8660254037844386,0.5000000000000001,-0.9749279121818236,-0.2225209339563146,3,3,1,34.0,35.0,41.0,70.0,153.0,57.0,68.33333333333333,58.603185351423846,136.0,34.0,63.0,38.69883719183281,136.0,34.0,78.66666666666667,37.033972937225315,149.0,34.0,97.29166666666667,51.8681263998607,193.0,34.0,27.0,27.5,28.4,78.0,80.0,73.0,1.0,1.0,1.0,1012.0,1012.0,1011.0,2178.9,53.46,17.754,0.0,0.7999952941453286,8.141631604830335,2.8413747882629363,21.789,26.57,0.026581001402172528,723.6099999999999,6561,0.43560000000000004,1024144,609.3,101.55,102.0,95.0,-0.10000000000000142
78,138.1,16.7,51.0,31.3,84.0,70,0.0,1011,83,26.8,0.0,0.33,2023,10,28,3,5,301,43,0.7071067811865476,0.7071067811865476,-0.8660254037844386,0.5000000000000001,-0.9749279121818236,-0.2225209339563146,3,3,1,136.0,34.0,35.0,70.0,149.0,165.0,65.0,61.652250567193455,136.0,25.0,55.5,41.34126268028088,136.0,25.0,68.33333333333333,32.667285090002565,136.0,25.0,91.45833333333333,51.79472792263465,193.0,25.0,26.9,27.2,28.0,81.0,79.0,77.0,0.66,1.0,1.0,1012.0,1012.0,1012.0,2224.4,27.39,8.844000000000001,0.0,0.7986965272674994,8.268965930183821,3.0537093587210347,22.244,26.635,0.026508381297347876,718.24,6889,0.10890000000000001,1022121,346.1,57.68333333333334,-111.0,-10.0,-0.09999999999999787
69,127.2,15.0,50.0,26.3,84.0,87,0.0,1011,85,26.7,0.0,1.2,2023,10,28,4,5,301,43,0.8660254037844386,0.5000000000000001,-0.8660254037844386,0.5000000000000001,-0.9749279121818236,-0.2225209339563146,3,3,1,25.0,136.0,34.0,62.0,110.0,177.0,60.666666666666664,65.27122898592718,136.0,21.0,48.666666666666664,43.38970692072778,136.0,21.0,60.916666666666664,32.44984474912655,136.0,21.0,84.95833333333333,50.361716970650626,193.0,21.0,26.8,27.0,27.7,83.0,78.0,81.0,0.33,1.0,1.0,1011.0,1012.0,1012.0,2269.5,102.0,32.04,0.0,0.79844872818524,8.479434704353043,3.3331111259249386,22.695,26.099999999999998,0.026409469426835384,712.89,7225,1.44,1022121,323.5,53.916666666666664,-4.0,-13.0,-0.10000000000000142
67,143.2,16.0,47.0,25.0,87.3,79,0.0,1012,83,26.1,0.0,0.33,2023,10,28,5,5,301,43,0.9659258262890683,0.25881904510252074,-0.8660254037844386,0.5000000000000001,-0.9749279121818236,-0.2225209339563146,3,3,1,21.0,25.0,136.0,41.0,88.0,69.0,22.0,2.645751311067555,25.0,20.0,45.166666666666664,44.95071375035833,136.0,20.0,55.25,33.2186283992471,136.0,20.0,82.91666666666667,52.00327470179334,193.0,20.0,26.7,26.9,27.5,85.0,81.0,80.0,1.2,0.66,1.0,1011.0,1012.0,1012.0,2166.3,27.39,8.613000000000001,0.0,0.7999680012799487,8.949440659958752,2.937316417723892,21.663,25.935000000000002,0.025790488349319816,681.21,6889,0.10890000000000001,1024144,338.5,56.416666666666664,-1.0,-116.0,-0.5999999999999979
121,159.1,17.0,44.0,53.8,90.7,70,0.25,1012,81,25.6,0.0,0.66,2023,10,28,6,5,301,43,1.0,6.123233995736766e-17,-0.8660254037844386,0.5000000000000001,-0.9749279121818236,-0.2225209339563146,3,0,1,20.0,21.0,25.0,35.0,74.0,66.0,28.0,13.00000000000055,43.0,20.0,46.5,44.706822745527184,136.0,20.0,52.666666666666664,32.83106437322406,136.0,20.0,81.95833333333333,52.53775385101821,193.0,20.0,26.1,26.8,27.2,83.0,83.0,79.0,0.33,0.33,1.0,1012.0,1011.0,1012.0,2073.6,53.46,16.896,17.5,0.7992416497834613,9.358273042762189,2.5880830539380035,20.736,25.270000000000003,0.02529641769128687,655.3600000000001,6561,0.43560000000000004,1024144,407.59999999999997,67.93333333333332,23.0,18.0,-0.5
115,175.1,18.0,41.0,51.3,94.0,62,0.25,1013,79,25.0,0.7,1.0,2023,10,28,7,5,301,43,0.9659258262890683,-0.25881904510252063,-0.8660254037844386,0.5000000000000001,-0.9749279121818236,-0.2225209339563146,3,0,1,43.0,20.0,21.0,34.0,75.0,55.0,34.666666666666664,12.741009902411431,43.0,20.0,47.666666666666664,44.40570533914142,136.0,20.0,49.833333333333336,32.18930746616818,136.0,20.0,81.375,52.92637420942942,193.0,20.0,25.6,26.7,27.0,81.0,85.0,78.0,0.66,1.2,1.0,1012.0,1011.0,1012.0,1975.0,79.0,25.0,15.5,0.7992046938656168,9.72723737570135,2.277651241597689,19.75,24.5,0.024679146417427033,625.0,6241,1.0,1026169,420.4,70.06666666666666,-2.0,20.0,-0.6000000000000014
100,158.2,15.7,56.7,43.8,112.7,75,0.0,1014,81,25.4,1.0,1.66,2023,10,28,8,5,301,43,0.8660254037844387,-0.4999999999999998,-0.8660254037844386,0.5000000000000001,-0.9749279121818236,-0.2225209339563146,3,0,1,41.0,43.0,20.0,136.0,70.0,62.0,39.666666666666664,4.163331998933668,43.0,35.0,30.833333333333332,10.166939887038644,43.0,20.0,46.916666666666664,31.778947672185616,136.0,20.0,80.25,53.63828126805833,193.0,20.0,25.0,26.1,26.9,79.0,83.0,81.0,1.0,0.33,0.66,1013.0,1012.0,1012.0,2057.4,134.45999999999998,42.163999999999994,0.0,0.7990685144174792,10.075791350869371,3.6112349531876955,20.574,24.57,0.025049284961257433,645.16,6561,2.7556,1028196,422.09999999999997,70.35,-6.0,15.0,0.3999999999999986
98,141.2,13.3,72.3,42.5,131.3,87,0.0,1014,83,25.8,1.5,2.33,2023,10,28,9,5,301,43,0.7071067811865476,-0.7071067811865475,-0.8660254037844386,0.5000000000000001,-0.9749279121818236,-0.2225209339563146,3,0,1,35.0,41.0,43.0,25.0,70.0,52.0,36.666666666666664,3.785938897201814,41.0,34.0,32.333333333333336,9.791152468767761,43.0,20.0,43.916666666666664,31.09357821256028,136.0,20.0,79.5,54.173633888596434,193.0,20.0,25.4,25.6,26.8,81.0,81.0,83.0,1.66,0.66,0.33,1014.0,1012.0,1011.0,2141.4,193.39000000000001,60.114000000000004,0.0,0.7999811769134845,10.61574317720472,5.435681527704683,21.414,24.635,0.025443761889781175,665.64,6889,5.4289000000000005,1028196,434.6,72.43333333333334,-1.0,-9.0,0.40000000000000213
72,124.3,11.0,88.0,27.5,150.0,100,0.0,1015,85,26.2,2.1,3.0,2023,10,28,10,5,301,43,0.49999999999999994,-0.8660254037844387,-0.8660254037844386,0.5000000000000001,-0.9749279121818236,-0.2225209339563146,3,0,1,34.0,35.0,41.0,21.0,62.0,57.0,30.333333333333332,7.234178138071189,35.0,22.0,32.5,9.565563234853988,43.0,20.0,40.583333333333336,31.122801735685467,136.0,20.0,78.04166666666667,55.265744690829194,193.0,20.0,25.8,25.0,26.7,83.0,79.0,85.0,2.33,1.0,1.2,1014.0,1013.0,1011.0,2227.0,255.0,78.6,0.0,0.7999709101487218,11.298972820652669,7.999272793382421,22.27,24.7,0.02581278245046064,686.4399999999999,7225,9.0,1030225,422.8,70.46666666666667,-12.0,-19.0,0.3999999999999986
78,115.2,10.3,92.7,31.3,144.0,100,0.0,1014,81,26.7,5.4,2.0,2023,10,28,11,5,301,43,0.258819045102521,-0.9659258262890682,-0.8660254037844386,0.5000000000000001,-0.9749279121818236,-0.2225209339563146,3,0,1,22.0,34.0,35.0,20.0,41.0,165.0,27.0,6.2449979983995645,34.0,22.0,33.333333333333336,8.406346808611739,43.0,22.0,39.25,31.44439536706023,136.0,20.0,72.20833333333333,53.031556779834226,193.0,20.0,26.2,25.4,26.1,85.0,81.0,83.0,3.0,1.66,0.33,1015.0,1014.0,1012.0,2162.7,162.0,53.4,0.0,0.7986965272674994,11.183380254344238,8.999126298417629,21.627,25.7,0.02633133497895959,712.89,6561,4.0,1028196,418.5,69.75,3.0,-10.0,0.5
69,106.0,9.7,97.3,26.3,138.0,100,0.0,1013,78,27.2,3.6,1.0,2023,10,28,12,5,301,43,1.2246467991473532e-16,-1.0,-0.8660254037844386,0.5000000000000001,-0.9749279121818236,-0.2225209339563146,3,1,1,25.0,22.0,34.0,43.0,35.0,177.0,22.666666666666668,2.081665999469866,25.0,21.0,29.666666666666668,8.1404340588606,41.0,21.0,38.083333333333336,31.8732099913315,136.0,20.0,65.70833333333333,49.03900769145256,193.0,20.0,26.7,25.8,25.6,81.0,83.0,81.0,2.0,2.33,0.66,1014.0,1014.0,1012.0,2121.6,78.0,27.2,0.0,0.79844872818524,10.926708586743636,10.029893825378828,21.215999999999998,26.7,0.02685091130216061,739.8399999999999,6084,1.0,1026169,398.3,66.38333333333334,-4.0,-13.0,0.5
67,96.9,9.0,102.0,25.0,132.0,100,0.0,1012,75,27.7,2.2,2.4,2023,10,28,13,5,301,43,-0.2588190451025208,-0.9659258262890683,-0.8660254037844386,0.5000000000000001,-0.9749279121818236,-0.2225209339563146,3,1,1,21.0,25.0,22.0,41.0,34.0,193.0,22.0,2.6457513110675563,25.0,20.0,26.166666666666668,6.675827039899891,35.0,20.0,36.916666666666664,32.2897628959828,136.0,20.0,58.5,41.6768103594691,153.0,20.0,27.2,26.2,25.0,78.0,85.0,79.0,1.0,3.0,1.0,1013.0,1015.0,1013.0,2077.5,180.0,66.47999999999999,0.0,0.7999680012799487,10.765470503277415,11.332074213976226,20.775,26.5,0.027371514455025243,767.29,5625,5.76,1024144,384.9,64.14999999999999,-1.0,-2.0,0.5
121,97.7,10.0,101.0,53.8,130.3,100,0.0,1012,76,27.5,2.0,2.4,2023,10,28,14,5,301,43,-0.4999999999999997,-0.8660254037844388,-0.8660254037844386,0.5000000000000001,-0.9749279121818236,-0.2225209339563146,3,1,1,20.0,21.0,25.0,35.0,136.0,153.0,28.0,13.00000000000055,43.0,20.0,27.5,9.13783344124807,43.0,20.0,29.166666666666668,9.379216223635053,43.0,20.0,53.916666666666664,36.56788406412865,149.0,20.0,27.7,26.7,25.4,75.0,81.0,81.0,2.4,2.0,1.66,1012.0,1014.0,1014.0,2090.0,182.4,66.0,0.0,0.7992416497834613,9.769023097690232,10.098990100989901,20.9,26.3,0.027173886191812064,756.25,5776,5.76,1024144,435.8,72.63333333333334,23.0,18.0,-0.1999999999999993
156,98.4,11.0,100.0,75.0,128.7,100,0.0,1011,78,27.4,1.2,3.2,2023,10,28,15,5,301,43,-0.7071067811865471,-0.7071067811865479,-0.8660254037844386,0.5000000000000001,-0.9749279121818236,-0.2225209339563146,3,1,1,43.0,20.0,21.0,34.0,25.0,149.0,41.0,20.074859899885013,60.0,20.0,31.833333333333332,16.240894885031956,60.0,20.0,32.083333333333336,12.7881929445829,60.0,20.0,50.208333333333336,30.518674492081715,136.0,20.0,27.5,27.2,25.8,76.0,78.0,83.0,2.4,1.0,2.33,1012.0,1013.0,1014.0,2137.2,249.60000000000002,87.68,0.0,0.7999893334755536,8.944641396236706,9.09008271975275,21.372,25.799999999999997,0.02710185252042283,750.7599999999999,6084,10.240000000000002,1022121,473.09999999999997,78.85,17.0,39.0,-0.10000000000000142
139,99.2,12.0,99.0,62.5,127.0,100,0.0,1010,79,27.2,0.8,2.8,2023,10,28,16,5,301,43,-0.8660254037844385,-0.5000000000000004,-0.8660254037844386,0.5000000000000001,-0.9749279121818236,-0.2225209339563146,3,1,1,60.0,43.0,20.0,22.0,21.0,110.0,51.0,8.544003745318056,60.0,43.0,36.5,16.86119805944967,60.0,20.0,34.5,13.235626852620864,60.0,20.0,47.708333333333336,27.738654816239873,136.0,20.0,27.4,27.7,26.2,78.0,75.0,85.0,3.2,2.4,3.0,1011.0,1012.0,1015.0,2148.7999999999997,221.2,76.16,0.0,0.7999872002047967,8.265977835180403,8.249312557286894,21.487999999999996,25.8,0.026930666405280787,739.8399999999999,6241,7.839999999999999,1020100,449.7,74.95,-10.0,30.0,-0.1999999999999993
153,128.0,15.7,84.7,72.5,128.3,100,0.0,1011,79,27.0,0.8,2.0,2023,10,28,17,5,301,43,-0.9659258262890683,-0.25881904510252063,-0.8660254037844386,0.5000000000000001,-0.9749279121818236,-0.2225209339563146,3,1,1,50.0,60.0,43.0,25.0,20.0,88.0,56.0,5.29150262212992,60.0,50.0,42.0,17.72004514666901,60.0,20.0,37.666666666666664,13.976170195491061,60.0,20.0,46.458333333333336,26.491966241906862,136.0,20.0,27.2,27.5,26.7,79.0,76.0,81.0,2.8,2.4,2.0,1010.0,1012.0,1014.0,2133.0,158.0,54.0,0.0,0.799988965669439,8.152346984268519,5.394560855996434,21.33,26.0,0.02670620503837286,729.0,6241,4.0,1022121,487.2,81.2,8.0,15.0,-0.1999999999999993
110,156.8,19.3,70.3,48.8,129.7,100,0.0,1011,79,26.7,0.0,1.6,2023,10,28,18,5,301,43,-1.0,-1.8369701987210297e-16,-0.8660254037844386,0.5000000000000001,-0.9749279121818236,-0.2225209339563146,3,2,1,58.0,50.0,60.0,21.0,43.0,74.0,49.0,9.539392014169952,58.0,39.0,45.0,14.72412985544433,60.0,20.0,37.333333333333336,13.884807481124044,60.0,20.0,45.0,25.865874782440333,136.0,20.0,27.0,27.4,27.2,79.0,78.0,78.0,2.0,3.2,1.0,1011.0,1011.0,1013.0,2109.2999999999997,126.4,42.72,0.0,0.7991639515583698,8.123931402518004,3.6422983265115794,21.092999999999996,25.9,0.026409469426835384,712.89,6241,2.5600000000000005,1022121,463.90000000000003,77.31666666666668,-19.0,-21.0,-0.3000000000000007
110,185.6,23.0,56.0,48.8,131.0,100,0.0,1012,78,26.5,0.0,1.6,2023,10,28,19,5,301,43,-0.9659258262890684,0.2588190451025203,-0.8660254037844386,0.5000000000000001,-0.9749279121818236,-0.2225209339563146,3,2,1,39.0,58.0,50.0,20.0,41.0,75.0,45.333333333333336,10.969655114603357,58.0,39.0,48.166666666666664,9.325592027675935,60.0,39.0,37.166666666666664,13.848750080345816,60.0,20.0,43.5,25.08247266085665,136.0,20.0,26.7,27.2,27.7,79.0,79.0,75.0,1.6,2.8,2.4,1011.0,1010.0,1012.0,2067.0,124.80000000000001,42.400000000000006,0.0,0.7991639515583698,8.069214381983391,2.434676753184644,20.67,25.7,0.02618574487574617,702.25,6084,2.5600000000000005,1024144,483.40000000000003,80.56666666666668,0.0,-11.0,-0.1999999999999993
107,188.3,22.0,51.7,47.5,123.3,100,0.0,1013,81,26.1,0.0,0.8,2023,10,28,20,5,301,43,-0.8660254037844386,0.5000000000000001,-0.8660254037844386,0.5000000000000001,-0.9749279121818236,-0.2225209339563146,3,2,1,39.0,39.0,58.0,43.0,35.0,70.0,38.666666666666664,0.5773502691997955,39.0,38.0,47.333333333333336,10.07306639840387,60.0,38.0,37.416666666666664,13.833150783753497,60.0,20.0,42.166666666666664,24.455223798086667,136.0,20.0,26.5,27.0,27.5,78.0,79.0,76.0,1.6,2.0,2.4,1012.0,1011.0,1012.0,2114.1,64.8,20.880000000000003,0.0,0.7999831582493001,8.558701877187401,2.349893186673333,21.141,25.700000000000003,0.025765028859793822,681.21,6561,0.6400000000000001,1026169,470.8,78.46666666666667,-1.0,-20.0,-0.3999999999999986
95,191.0,21.0,47.3,41.3,115.7,100,0.0,1014,84,25.6,0.0,0.8,2023,10,28,21,5,301,43,-0.7071067811865477,0.7071067811865474,-0.8660254037844386,0.5000000000000001,-0.9749279121818236,-0.2225209339563146,3,2,1,38.0,39.0,39.0,60.0,34.0,70.0,36.666666666666664,3.2145502536662156,39.0,33.0,42.833333333333336,9.282600210428878,58.0,33.0,37.333333333333336,13.858593220836143,60.0,20.0,40.625,23.781272317592457,136.0,20.0,26.1,26.7,27.4,81.0,79.0,78.0,0.8,1.6,3.2,1013.0,1011.0,1011.0,2150.4,67.2,20.480000000000004,0.0,0.7990121304568898,9.094805009285272,2.252273701252321,21.504,25.200000000000003,0.025246523425519307,655.3600000000001,7056,0.6400000000000001,1028196,449.3,74.88333333333334,-5.0,-6.0,-0.5
98,193.8,20.0,43.0,42.5,108.0,100,0.25,1015,87,25.2,0.0,1.6,2023,10,28,22,5,301,43,-0.5000000000000004,0.8660254037844384,-0.8660254037844386,0.5000000000000001,-0.9749279121818236,-0.2225209339563146,3,3,1,33.0,38.0,39.0,50.0,22.0,62.0,35.0,2.6457513110669675,38.0,33.0,40.166666666666664,9.108603991098466,58.0,33.0,38.333333333333336,13.061625496317818,60.0,20.0,39.458333333333336,23.37032523199636,136.0,20.0,25.6,26.5,27.2,84.0,78.0,79.0,0.8,1.6,2.8,1014.0,1012.0,1010.0,2192.4,139.20000000000002,40.32,25.0,0.7999811769134845,9.689515524223788,2.1498925053747313,21.924,24.4,0.024827561746244585,635.04,7569,2.5600000000000005,1030225,441.3,73.55,1.0,-5.0,-0.40000000000000213
85,172.7,18.3,44.0,35.0,102.3,100,0.5,1014,89,25.0,0.0,2.0,2023,10,28,23,5,301,43,-0.25881904510252157,0.9659258262890681,-0.8660254037844386,0.5000000000000001,-0.9749279121818236,-0.2225209339563146,3,3,1,34.0,33.0,38.0,58.0,25.0,41.0,31.666666666666668,3.2145502536663932,34.0,28.0,35.166666666666664,4.355073669486665,39.0,28.0,38.583333333333336,12.809501681694428,60.0,20.0,38.916666666666664,23.48341999140593,136.0,20.0,25.2,26.1,27.0,87.0,81.0,79.0,1.6,0.8,2.0,1015.0,1013.0,1011.0,2225.0,178.0,50.0,50.0,0.7999771435101855,9.43664280640402,2.4042402054532537,22.25,24.0,0.024654808032733695,625.0,7921,4.0,1028196,400.3,66.71666666666667,-6.0,-10.0,-0.1999999999999993
76,151.7,16.7,45.0,30.0,96.7,100,1.25,1014,92,24.7,0.0,2.0,2023,10,29,0,6,302,43,0.0,1.0,-0.8660254037844386,0.5000000000000001,-0.7818314824680299,0.6234898018587334,3,3,1,28.0,34.0,33.0,39.0,21.0,35.0,28.666666666666668,5.033222956848559,34.0,24.0,32.666666666666664,5.7850381733102365,39.0,24.0,38.833333333333336,12.45963178598883,60.0,20.0,38.458333333333336,23.669792098179155,136.0,20.0,25.0,25.6,26.7,89.0,84.0,79.0,2.0,0.8,1.6,1014.0,1014.0,1011.0,2272.4,184.0,49.4,125.0,0.7999733342221925,9.083288425842763,2.6944494341656187,22.724,23.7,0.02435895033634089,610.0899999999999,8464,4.0,1028196,364.09999999999997,60.68333333333333,-4.0,-9.0,-0.3000000000000007
100,130.7,15.0,46.0,43.8,91.0,100,2.5,1013,94,24.5,0.0,1.6,2023,10,29,1,6,302,43,0.25881904510252074,0.9659258262890683,-0.8660254037844386,0.5000000000000001,-0.7818314824680299,0.6234898018587334,3,3,1,24.0,28.0,34.0,39.0,20.0,34.0,29.0,5.567764362831275,35.0,24.0,32.0,5.099019513591816,38.0,24.0,40.083333333333336,11.073788325536407,60.0,24.0,38.5,23.662481769211592,136.0,20.0,24.7,25.2,26.5,92.0,87.0,78.0,2.0,1.6,1.6,1014.0,1015.0,1012.0,2303.0,150.4,39.2,250.0,0.7990685144174792,8.712752483167788,3.0664622358509432,23.03,23.7,0.02418556348907849,600.25,8836,2.5600000000000005,1026169,361.5,60.25,11.0,1.0,-0.1999999999999993
93,126.1,14.3,47.3,40.0,87.3,100,3.5,1013,94,24.2,0.0,1.6,2023,10,29,2,6,302,43,0.49999999999999994,0.8660254037844387,-0.8660254037844386,0.5000000000000001,-0.7818314824680299,0.6234898018587334,3,3,1,35.0,24.0,28.0,38.0,43.0,136.0,30.333333333333332,5.686240703078527,35.0,24.0,31.0,4.195235392679457,35.0,24.0,39.166666666666664,11.264048467526528,60.0,24.0,34.166666666666664,11.3507964350592,60.0,20.0,24.5,25.0,26.1,94.0,89.0,81.0,1.6,2.0,0.8,1013.0,1014.0,1013.0,2274.7999999999997,150.4,38.72,350.0,0.7999800004999875,8.817565205230403,3.307461016712118,22.747999999999998,23.4,0.023889413732069365,585.64,8836,2.5600000000000005,1026169,347.0,57.833333333333336,-3.0,4.0,-0.3000000000000007
139,121.4,13.7,48.7,62.5,83.7,100,3.0,1013,95,24.0,0.0,2.0,2023,10,29,3,6,302,43,0.7071067811865476,0.7071067811865476,-0.8660254037844386,0.5000000000000001,-0.7818314824680299,0.6234898018587334,3,3,1,32.0,35.0,24.0,33.0,60.0,25.0,39.0,9.643650760993559,50.0,32.0,33.833333333333336,8.908797150382107,50.0,24.0,38.333333333333336,9.86576572463245,58.0,24.0,35.208333333333336,11.617000910085864,60.0,20.0,24.2,24.7,25.6,94.0,92.0,84.0,1.6,2.0,0.8,1013.0,1014.0,1014.0,2280.0,190.0,48.0,300.0,0.7999872002047967,8.860667104590908,3.5544850740821845,22.8,23.0,0.02369198056072995,576.0,9025,4.0,1026169,380.0,63.333333333333336,18.0,26.0,-0.1999999999999993
107,116.7,13.0,50.0,47.5,80.0,100,3.0,1012,95,23.7,0.0,2.0,2023,10,29,4,6,302,43,0.8660254037844386,0.5000000000000001,-0.8660254037844386,0.5000000000000001,-0.7818314824680299,0.6234898018587334,3,3,1,50.0,32.0,35.0,34.0,50.0,21.0,40.0,9.165151389912303,50.0,32.0,34.5,9.071934744032804,50.0,24.0,37.333333333333336,9.158536339327773,58.0,24.0,35.916666666666664,11.224649376403569,60.0,20.0,24.0,24.5,25.2,95.0,94.0,87.0,2.0,1.6,1.6,1013.0,1013.0,1015.0,2251.5,190.0,47.4,300.0,0.7999831582493001,8.976232597492501,3.845858010922237,22.515,22.7,0.02341894919076167,561.6899999999999,9025,4.0,1024144,345.2,57.53333333333333,-12.0,3.0,-0.3000000000000007
107,128.0,13.7,50.0,47.5,82.7,100,2.25,1013,95,23.7,0.0,2.0,2023,10,29,5,6,302,43,0.9659258262890683,0.25881904510252074,-0.8660254037844386,0.5000000000000001,-0.7818314824680299,0.6234898018587334,3,3,1,38.0,50.0,32.0,28.0,58.0,20.0,42.0,6.9282032302763,50.0,38.0,36.166666666666664,8.54205283679841,50.0,24.0,35.666666666666664,6.485414871895715,50.0,24.0,36.666666666666664,10.70419124198258,60.0,20.0,23.7,24.2,25.0,95.0,94.0,89.0,2.0,1.6,2.0,1012.0,1013.0,1014.0,2251.5,190.0,47.4,225.0,0.7999831582493001,9.342383767608204,3.6493686592219547,22.515,22.7,0.023395830803720825,561.6899999999999,9025,4.0,1026169,359.9,59.98333333333333,0.0,6.0,0.0
100,139.3,14.3,50.0,43.8,85.3,100,0.5,1013,94,23.7,0.0,2.0,2023,10,29,6,6,302,43,1.0,6.123233995736766e-17,-0.8660254037844386,0.5000000000000001,-0.7818314824680299,0.6234898018587334,3,0,1,38.0,38.0,50.0,24.0,39.0,43.0,37.0,1.7320508075723755,38.0,35.0,38.0,6.2928530890200065,50.0,32.0,35.333333333333336,6.400757530925316,50.0,24.0,36.333333333333336,10.622644666473306,60.0,20.0,23.7,24.0,24.7,95.0,95.0,92.0,2.0,2.0,2.0,1013.0,1013.0,1014.0,2227.7999999999997,188.0,47.4,50.0,0.7990685144174792,9.740577581987274,3.4962590028669323,22.278,22.7,0.023395830803720825,561.6899999999999,8836,4.0,1026169,367.70000000000005,61.28333333333334,-3.0,-15.0,0.0
126,150.6,15.0,50.0,56.3,88.0,100,0.25,1014,94,23.7,0.7,2.0,2023,10,29,7,6,302,43,0.9659258262890683,-0.25881904510252063,-0.8660254037844386,0.5000000000000001,-0.7818314824680299,0.6234898018587334,3,0,1,35.0,38.0,38.0,35.0,39.0,41.0,39.333333333333336,5.131601439448014,45.0,35.0,39.666666666666664,6.653319973265595,50.0,32.0,35.833333333333336,6.926015952168821,50.0,24.0,36.5,10.72988512439055,60.0,20.0,23.7,23.7,24.5,94.0,95.0,94.0,2.0,2.0,1.6,1013.0,1012.0,1013.0,2227.7999999999997,188.0,47.4,25.0,0.7992753237065062,10.039330711285915,3.3331111259249386,22.278,22.7,0.023372758015031542,561.6899999999999,8836,4.0,1028196,404.9,67.48333333333333,10.0,7.0,0.0
187,145.7,14.7,51.3,103.8,90.0,100,1.0,1014,92,24.0,0.9,0.33,2023,10,29,8,6,302,43,0.8660254037844387,-0.4999999999999998,-0.8660254037844386,0.5000000000000001,-0.7818314824680299,0.6234898018587334,3,0,1,45.0,35.0,38.0,32.0,38.0,35.0,54.333333333333336,25.324559884296935,83.0,35.0,48.166666666666664,17.926702615557964,83.0,35.0,39.583333333333336,15.311661232438771,83.0,24.0,38.5,14.313265358310145,83.0,20.0,23.7,23.7,24.2,94.0,95.0,94.0,2.0,2.0,1.6,1014.0,1013.0,1013.0,2208.0,30.360000000000003,7.92,100.0,0.7996069402028883,9.910890415617985,3.4895585334331,22.08,23.835,0.023668615711424347,576.0,8464,0.10890000000000001,1028196,488.5,81.41666666666667,38.0,45.0,0.3000000000000007
100,140.8,14.3,52.7,43.8,92.0,100,1.0,1015,89,24.2,1.5,0.66,2023,10,29,9,6,302,43,0.7071067811865476,-0.7071067811865475,-0.8660254037844386,0.5000000000000001,-0.7818314824680299,0.6234898018587334,3,0,1,83.0,45.0,35.0,50.0,33.0,34.0,54.333333333333336,25.324559884296935,83.0,35.0,45.666666666666664,18.651184055352985,83.0,35.0,39.75,15.244223943394504,83.0,24.0,38.541666666666664,14.301046379067579,83.0,20.0,24.0,23.7,24.0,92.0,94.0,95.0,0.33,2.0,2.0,1014.0,1013.0,1013.0,2153.7999999999997,58.74,15.972,100.0,0.7990685144174792,9.845465352073282,3.685056989021747,21.537999999999997,23.87,0.02384234104202853,585.64,7921,0.43560000000000004,1030225,378.6,63.1,-48.0,0.0,0.1999999999999993
93,136.0,14.0,54.0,40.0,94.0,100,2.0,1016,87,24.5,2.0,1.0,2023,10,29,10,6,302,43,0.49999999999999994,-0.8660254037844387,-0.8660254037844386,0.5000000000000001,-0.7818314824680299,0.6234898018587334,3,0,1,35.0,83.0,45.0,38.0,34.0,22.0,50.0,28.61817604250853,83.0,32.0,44.666666666666664,19.294213294836712,83.0,32.0,39.583333333333336,15.323531122447095,83.0,24.0,38.958333333333336,13.939244464170011,83.0,20.0,24.2,23.7,23.7,89.0,94.0,95.0,0.66,2.0,2.0,1015.0,1014.0,1012.0,2131.5,87.0,24.5,200.0,0.7999800004999875,9.713591886293836,3.85686736661667,21.315,24.0,0.02411414949394735,600.25,7569,1.0,1032256,370.0,61.666666666666664,-3.0,-13.0,0.3000000000000007
91,127.4,14.0,57.7,38.8,102.3,100,2.0,1015,84,25.0,2.4,1.33,2023,10,29,11,6,302,43,0.258819045102521,-0.9659258262890682,-0.8660254037844386,0.5000000000000001,-0.7818314824680299,0.6234898018587334,3,0,1,32.0,35.0,83.0,38.0,28.0,25.0,32.666666666666664,2.0816659994693185,35.0,31.0,43.5,19.977487329491346,83.0,31.0,39.833333333333336,15.14075375410428,83.0,24.0,39.208333333333336,13.730255916633245,83.0,20.0,24.5,24.0,23.7,87.0,92.0,95.0,1.0,0.33,2.0,1016.0,1014.0,1013.0,2100.0,111.72,33.25,200.0,0.7989484807092602,9.099350046425256,4.121134204699665,21.0,24.335,0.024630517605401376,625.0,7056,1.7689000000000001,1030225,371.20000000000005,61.866666666666674,-1.0,-52.0,0.5
93,118.9,14.0,61.3,40.0,110.7,100,2.0,1014,81,25.5,2.5,1.66,2023,10,29,12,6,302,43,1.2246467991473532e-16,-1.0,-0.8660254037844386,0.5000000000000001,-0.7818314824680299,0.6234898018587334,3,1,1,31.0,32.0,35.0,35.0,24.0,21.0,31.666666666666668,0.5773502692013084,32.0,31.0,43.0,20.268201696252863,83.0,31.0,40.5,14.544602247756824,83.0,31.0,39.666666666666664,13.27196019946724,83.0,20.0,25.0,24.2,23.7,84.0,89.0,94.0,1.33,0.66,2.0,1015.0,1015.0,1013.0,2065.5,134.45999999999998,42.33,200.0,0.7999800004999875,8.49225055353189,4.3782586958074425,20.655,24.67,0.02514790419338837,650.25,6561,2.7556,1028196,376.9,62.81666666666666,1.0,-3.0,0.5
107,110.3,14.0,65.0,47.5,119.0,100,2.0,1014,79,26.0,2.2,2.0,2023,10,29,13,6,302,43,-0.2588190451025208,-0.9659258262890683,-0.8660254037844386,0.5000000000000001,-0.7818314824680299,0.6234898018587334,3,1,1,32.0,31.0,32.0,45.0,35.0,20.0,33.666666666666664,3.7859388972019037,38.0,31.0,41.833333333333336,20.33142067506977,83.0,31.0,40.75,14.467047195106982,83.0,31.0,40.416666666666664,12.604059617464156,83.0,24.0,25.5,24.5,23.7,81.0,87.0,94.0,1.66,1.0,2.0,1014.0,1016.0,1014.0,2054.0,158.0,52.0,200.0,0.7999831582493001,7.87800871366331,4.642525533890437,20.54,25.0,0.025641000354043045,676.0,6241,4.0,1028196,393.8,65.63333333333334,6.0,6.0,0.5
115,119.6,14.7,62.7,51.3,116.0,100,1.5,1013,82,25.6,1.7,2.0,2023,10,29,14,6,302,43,-0.4999999999999997,-0.8660254037844388,-0.8660254037844386,0.5000000000000001,-0.7818314824680299,0.6234898018587334,3,1,1,38.0,32.0,31.0,83.0,32.0,43.0,37.0,4.582575694957178,41.0,32.0,34.833333333333336,3.9707262140137867,41.0,31.0,41.5,14.203072650918559,83.0,31.0,40.333333333333336,12.592843608372911,83.0,24.0,26.0,25.0,24.0,79.0,84.0,92.0,2.0,1.33,0.33,1014.0,1015.0,1014.0,2099.2000000000003,164.0,51.2,150.0,0.7992046938656168,8.135500986327461,4.265015985307122,20.992000000000004,24.6,0.025271445931445282,655.3600000000001,6724,4.0,1026169,405.3,67.55,3.0,10.0,-0.3999999999999986
102,129.0,15.3,60.3,45.0,113.0,100,0.5,1013,86,25.1,1.1,2.0,2023,10,29,15,6,302,43,-0.7071067811865471,-0.7071067811865479,-0.8660254037844386,0.5000000000000001,-0.7818314824680299,0.6234898018587334,3,1,1,41.0,38.0,32.0,35.0,50.0,60.0,38.333333333333336,2.5166114784259572,41.0,36.0,35.0,3.9999999999986935,41.0,31.0,40.333333333333336,14.015143325140876,83.0,31.0,39.333333333333336,11.89690009557399,83.0,24.0,25.6,25.5,24.2,82.0,81.0,89.0,2.0,1.66,0.66,1013.0,1014.0,1015.0,2158.6,172.0,50.2,50.0,0.7999822226172753,8.430821514933664,3.940918894189922,21.586,24.1,0.024777863003096742,630.0100000000001,7396,4.0,1026169,398.6,66.43333333333334,-5.0,4.0,-0.5
104,138.3,16.0,58.0,46.3,110.0,100,0.5,1013,90,24.7,0.7,2.0,2023,10,29,16,6,302,43,-0.8660254037844385,-0.5000000000000004,-0.8660254037844386,0.5000000000000001,-0.7818314824680299,0.6234898018587334,3,1,1,36.0,41.0,38.0,32.0,38.0,50.0,38.0,2.6457513110668636,41.0,36.0,35.833333333333336,3.7638632635439864,41.0,31.0,40.25,14.033239760718713,83.0,31.0,38.791666666666664,11.684174234247024,83.0,24.0,25.1,26.0,24.5,86.0,79.0,87.0,2.0,2.0,1.0,1013.0,1014.0,1016.0,2223.0,180.0,49.4,50.0,0.799118809528952,8.643209799387538,3.624773451659271,22.23,23.7,0.02438299666041791,610.0899999999999,8100,4.0,1026169,405.6,67.60000000000001,1.0,-1.0,-0.40000000000000213
98,140.3,16.0,56.3,42.5,108.0,100,0.5,1013,91,24.3,0.6,2.33,2023,10,29,17,6,302,43,-0.9659258262890683,-0.25881904510252063,-0.8660254037844386,0.5000000000000001,-0.7818314824680299,0.6234898018587334,3,1,1,37.0,36.0,41.0,31.0,38.0,58.0,35.666666666666664,1.527525231656059,37.0,34.0,36.333333333333336,3.1411250638355437,41.0,32.0,39.916666666666664,14.138653229763918,83.0,31.0,37.791666666666664,10.974195688728281,83.0,24.0,24.7,25.6,25.0,90.0,82.0,84.0,2.0,2.0,1.33,1013.0,1013.0,1015.0,2211.3,212.03,56.61900000000001,50.0,0.7999811769134845,8.76820198737579,3.5185300918692577,22.113000000000003,23.135,0.023988130317739075,590.49,8281,5.4289000000000005,1026169,397.1,66.18333333333334,-3.0,-7.0,-0.3999999999999986
110,142.2,16.0,54.7,48.8,106.0,100,0.5,1014,92,24.0,0.0,2.66,2023,10,29,18,6,302,43,-1.0,-1.8369701987210297e-16,-0.8660254037844386,0.5000000000000001,-0.7818314824680299,0.6234898018587334,3,2,1,34.0,37.0,36.0,32.0,35.0,39.0,36.666666666666664,2.516611478426034,39.0,34.0,37.5,2.4289915602959304,41.0,34.0,40.25,14.05912838369041,83.0,31.0,37.791666666666664,10.974195688728281,83.0,24.0,24.3,25.1,25.5,91.0,86.0,81.0,2.33,2.0,1.66,1013.0,1013.0,1014.0,2208.0,244.72000000000003,63.84,50.0,0.7991639515583698,8.886944565964626,3.4185363414786574,22.08,22.67,0.023668615711424347,576.0,8464,7.0756000000000006,1028196,406.7,67.78333333333333,5.0,3.0,-0.3000000000000007
100,144.1,16.0,53.0,43.8,104.0,100,0.0,1015,93,23.6,0.0,3.0,2023,10,29,19,6,302,43,-0.9659258262890684,0.2588190451025203,-0.8660254037844386,0.5000000000000001,-0.7818314824680299,0.6234898018587334,3,2,1,39.0,34.0,37.0,38.0,45.0,39.0,36.0,2.645751311066951,39.0,34.0,37.0,2.607680962078949,41.0,34.0,39.416666666666664,14.048347255320083,83.0,31.0,37.625,10.98541523230217,83.0,24.0,24.0,24.7,26.0,92.0,90.0,79.0,2.66,2.0,2.0,1014.0,1013.0,1014.0,2194.8,279.0,70.80000000000001,0.0,0.7990685144174792,9.005687144553464,3.3122929816886444,21.948,22.1,0.0232512086194989,556.96,8649,9.0,1030225,395.9,65.98333333333333,-4.0,-2.0,-0.3999999999999986
123,144.5,15.3,53.3,55.0,99.3,100,0.0,1015,92,23.3,0.0,2.33,2023,10,29,20,6,302,43,-0.8660254037844386,0.5000000000000001,-0.8660254037844386,0.5000000000000001,-0.7818314824680299,0.6234898018587334,3,2,1,35.0,39.0,34.0,41.0,83.0,38.0,39.333333333333336,4.5092497528241955,44.0,35.0,37.5,3.6193922141692325,44.0,34.0,36.166666666666664,3.880799667672362,44.0,31.0,37.875,11.062323444919231,83.0,24.0,23.6,24.3,25.6,93.0,91.0,82.0,3.0,2.33,2.0,1015.0,1013.0,1013.0,2143.6,214.36,54.289,0.0,0.7999854548099126,9.443827200836546,3.483432455395072,21.436,22.135,0.02295564240823408,542.89,8464,5.4289000000000005,1030225,411.40000000000003,68.56666666666668,9.0,10.0,-0.3000000000000007
95,144.9,14.7,53.7,41.3,94.7,100,0.0,1016,92,23.0,0.0,1.66,2023,10,29,21,6,302,43,-0.7071067811865477,0.7071067811865474,-0.8660254037844386,0.5000000000000001,-0.7818314824680299,0.6234898018587334,3,2,1,44.0,35.0,39.0,36.0,35.0,33.0,37.333333333333336,5.859465277083355,44.0,33.0,37.0,4.049691346261959,44.0,33.0,36.0,3.977207791677691,44.0,31.0,37.875,11.062323444919231,83.0,24.0,23.3,24.0,25.1,92.0,92.0,86.0,2.33,2.66,2.0,1015.0,1014.0,1013.0,2116.0,152.72,38.18,0.0,0.7990121304568898,9.856472348819809,3.6528127338276315,21.16,22.17,0.02263777299431792,529.0,8464,2.7556,1032256,382.3,63.71666666666667,-11.0,-6.0,-0.3000000000000007
98,145.3,14.0,54.0,42.5,90.0,100,0.5,1017,91,22.7,0.0,1.0,2023,10,29,22,6,302,43,-0.5000000000000004,0.8660254037844384,-0.8660254037844386,0.5000000000000001,-0.7818314824680299,0.6234898018587334,3,3,1,33.0,44.0,35.0,37.0,32.0,34.0,37.0,6.082762530299227,44.0,33.0,36.5,4.2308391602599515,44.0,33.0,36.166666666666664,3.8336626999476042,44.0,31.0,37.875,11.062323444919231,83.0,24.0,23.0,23.6,24.7,92.0,93.0,90.0,1.66,3.0,2.0,1016.0,1015.0,1013.0,2065.7,91.0,22.7,50.0,0.7999811769134845,10.377830154988931,3.85686736661667,20.656999999999996,22.2,0.0223205286917122,515.29,8281,1.0,1034289,379.8,63.300000000000004,1.0,-1.0,-0.3000000000000007
80,140.3,13.7,52.0,32.5,86.0,83,0.0,1017,91,22.8,0.0,1.0,2023,10,29,23,6,302,43,-0.25881904510252157,0.9659258262890681,-0.8660254037844386,0.5000000000000001,-0.7818314824680299,0.6234898018587334,3,3,1,34.0,33.0,44.0,34.0,31.0,28.0,31.0,4.358898943542238,34.0,26.0,35.166666666666664,6.047037842337036,44.0,26.0,35.75,4.634357854899935,44.0,26.0,37.791666666666664,11.147154702928642,83.0,24.0,22.7,23.3,24.3,91.0,92.0,91.0,1.0,2.33,2.33,1017.0,1015.0,1013.0,2074.8,91.0,22.8,0.0,0.7999753853727578,10.240128457776807,3.7953434055908333,20.748,22.3,0.02241885701194001,519.84,8281,1.0,1034289,350.5,58.416666666666664,-8.0,-18.0,0.10000000000000142
87,135.2,13.3,50.0,36.3,82.0,66,0.0,1016,90,22.8,0.0,1.0,2023,10,30,0,0,303,44,0.0,1.0,-0.8660254037844386,0.5000000000000001,0.0,1.0,3,3,0,26.0,34.0,33.0,39.0,32.0,24.0,29.666666666666668,4.0414518843291045,34.0,26.0,33.5,6.156297588647736,44.0,26.0,35.5,4.926735965396093,44.0,26.0,38.0,10.922652966477362,83.0,26.0,22.8,23.0,24.0,91.0,92.0,92.0,1.0,1.66,2.66,1017.0,1016.0,1014.0,2052.0,90.0,22.8,0.0,0.798876064020275,10.164649274490639,3.7591158559506805,20.52,22.3,0.02244092279436733,519.84,8100,1.0,1032256,345.8,57.63333333333333,3.0,-4.0,0.0
67,130.1,13.0,48.0,25.0,78.0,50,0.0,1016,90,22.9,0.0,1.0,2023,10,30,1,0,303,44,0.25881904510252074,0.9659258262890683,-0.8660254037844386,0.5000000000000001,0.0,1.0,3,3,0,29.0,26.0,34.0,35.0,38.0,35.0,25.0,4.582575694957477,29.0,20.0,31.0,8.14861951498477,44.0,20.0,34.0,6.564366617649392,44.0,20.0,37.375,11.514876955675959,83.0,20.0,22.8,22.7,23.6,90.0,91.0,93.0,1.0,1.0,3.0,1016.0,1017.0,1015.0,2061.0,90.0,22.9,0.0,0.7999680012799487,10.00692254441966,3.6920236904853474,20.61,22.4,0.022539347894342622,524.41,8100,1.0,1032256,314.1,52.35,-9.0,-14.0,0.09999999999999787
63,131.1,12.7,46.0,22.5,76.3,66,0.5,1016,88,22.9,0.0,1.0,2023,10,30,2,0,303,44,0.49999999999999994,0.8660254037844387,-0.8660254037844386,0.5000000000000001,0.0,1.0,3,3,0,20.0,29.0,26.0,44.0,41.0,32.0,22.333333333333332,5.859465277083648,29.0,18.0,26.666666666666668,6.623191577076605,34.0,18.0,32.083333333333336,7.609304511682817,44.0,18.0,36.791666666666664,12.136825624185807,83.0,18.0,22.9,22.8,23.3,90.0,91.0,92.0,1.0,1.0,2.33,1016.0,1017.0,1015.0,2015.1999999999998,88.0,22.9,33.0,0.7999644460246211,10.322021888040313,3.6217620659790573,20.151999999999997,22.4,0.022539347894342622,524.41,7744,1.0,1032256,306.59999999999997,51.099999999999994,-2.0,-8.0,0.0
65,132.1,12.3,44.0,23.8,74.7,83,0.5,1016,86,23.0,0.0,1.0,2023,10,30,3,0,303,44,0.7071067811865476,0.7071067811865476,-0.8660254037844386,0.5000000000000001,0.0,1.0,3,3,0,18.0,20.0,29.0,33.0,36.0,50.0,19.0,1.000000000008189,20.0,18.0,24.333333333333332,6.4083279150383,34.0,18.0,30.666666666666668,8.359353317020982,44.0,18.0,35.5,12.318243804812075,83.0,18.0,22.9,22.8,23.0,88.0,90.0,92.0,1.0,1.0,1.66,1016.0,1016.0,1016.0,1978.0,86.0,23.0,41.5,0.7982857863114995,10.738964311844565,3.5769449638240793,19.78,22.5,0.02263777299431792,529.0,7396,1.0,1032256,305.90000000000003,50.98333333333334,1.0,-10.0,0.10000000000000142
61,133.1,12.0,42.0,21.3,73.0,100,0.0,1015,84,23.0,0.0,1.0,2023,10,30,4,0,303,44,0.8660254037844386,0.5000000000000001,-0.8660254037844386,0.5000000000000001,0.0,1.0,3,3,0,19.0,18.0,20.0,34.0,37.0,38.0,18.0,1.0000000000083018,19.0,17.0,21.5,4.847679857415634,29.0,17.0,29.0,8.954430086935774,44.0,17.0,34.625,12.866581249247456,83.0,17.0,23.0,22.9,22.7,86.0,90.0,91.0,1.0,1.0,1.0,1016.0,1016.0,1017.0,1932.0,84.0,23.0,0.0,0.7980845969672785,11.090742438130157,3.4997083576368637,19.32,22.5,0.022660076196969265,529.0,7056,1.0,1030225,298.4,49.73333333333333,-2.0,-3.0,0.0
54,144.3,13.3,41.3,17.5,75.3,75,0.0,1016,85,23.1,0.0,1.0,2023,10,30,5,0,303,44,0.9659258262890683,0.25881904510252074,-0.8660254037844386,0.5000000000000001,0.0,1.0,3,3,0,17.0,19.0,18.0,26.0,34.0,38.0,16.666666666666668,2.516611478426942,19.0,14.0,19.5,5.089204259999182,29.0,14.0,27.333333333333332,9.763879010584697,44.0,14.0,33.625,13.509457234937907,83.0,14.0,23.0,22.9,22.8,84.0,88.0,91.0,1.0,1.0,1.0,1015.0,1016.0,1017.0,1963.5000000000002,85.0,23.1,0.0,0.7999542883263813,10.848808360273665,3.1050296970152615,19.635,22.6,0.022736198094293215,533.61,7225,1.0,1032256,305.70000000000005,50.95000000000001,-3.0,-4.0,0.10000000000000142
69,155.6,14.7,40.7,26.3,77.7,50,0.0,1017,85,23.2,0.0,1.0,2023,10,30,6,0,303,44,1.0,6.123233995736766e-17,-0.8660254037844386,0.5000000000000001,0.0,1.0,3,0,0,14.0,17.0,19.0,29.0,39.0,35.0,17.333333333333332,3.5118845842866313,21.0,14.0,18.166666666666668,2.4832774042907206,21.0,14.0,25.833333333333332,9.173413495069255,44.0,14.0,33.041666666666664,13.747661197665742,83.0,14.0,23.1,23.0,22.8,85.0,86.0,90.0,1.0,1.0,1.0,1016.0,1016.0,1016.0,1972.0,85.0,23.2,0.0,0.79844872818524,10.584313992245425,2.768519148357255,19.72,22.7,0.022812170292851236,538.24,7225,1.0,1034289,336.0,56.0,7.0,2.0,0.09999999999999787
67,166.9,16.0,40.0,25.0,80.0,25,0.0,1017,85,23.3,0.7,1.0,2023,10,30,7,0,303,44,0.9659258262890683,-0.25881904510252063,-0.8660254037844386,0.5000000000000001,0.0,1.0,3,0,0,21.0,14.0,17.0,20.0,35.0,45.0,18.333333333333332,3.7859388972023647,21.0,14.0,18.166666666666668,2.483277404290721,21.0,14.0,24.583333333333332,8.826183498631739,44.0,14.0,32.0,13.7493082829965,83.0,14.0,23.2,23.0,22.9,85.0,84.0,90.0,1.0,1.0,1.0,1017.0,1015.0,1016.0,1980.5,85.0,23.3,0.0,0.7999680012799487,10.430598087619524,2.4998437597650147,19.805,22.8,0.022910498613079044,542.89,7225,1.0,1034289,347.9,57.98333333333333,-1.0,3.0,0.10000000000000142
63,167.3,14.3,52.3,22.5,92.0,45,0.0,1018,78,24.2,0.9,1.33,2023,10,30,8,0,303,44,0.8660254037844387,-0.4999999999999998,-0.8660254037844386,0.5000000000000001,0.0,1.0,3,0,0,20.0,21.0,14.0,18.0,44.0,83.0,19.666666666666668,1.5275252316572545,21.0,18.0,18.166666666666668,2.483277404290721,21.0,14.0,22.416666666666668,6.51513389708719,34.0,14.0,29.291666666666668,8.764945827689068,44.0,14.0,23.3,23.1,22.9,85.0,85.0,88.0,1.0,1.0,1.0,1017.0,1016.0,1016.0,1887.6,103.74000000000001,32.186,0.0,0.7999644460246211,11.698482623592756,3.657086916998811,18.875999999999998,23.535,0.02377207880935284,585.64,6084,1.7689000000000001,1036324,366.40000000000003,61.06666666666667,-2.0,4.0,0.8999999999999986
67,167.7,12.7,64.7,25.0,104.0,66,0.0,1018,71,25.1,1.4,1.66,2023,10,30,9,0,303,44,0.7071067811865476,-0.7071067811865475,-0.8660254037844386,0.5000000000000001,0.0,1.0,3,0,0,18.0,20.0,21.0,19.0,33.0,35.0,19.333333333333332,1.1547005383863056,20.0,18.0,18.333333333333332,2.5819888974704774,21.0,14.0,21.333333333333332,5.61383572213836,34.0,14.0,28.666666666666668,8.874323815841443,44.0,14.0,24.2,23.2,23.0,78.0,85.0,86.0,1.33,1.0,1.0,1018.0,1017.0,1016.0,1782.1000000000001,117.86,41.666,0.0,0.7999680012799487,13.203684749232345,5.0940870797575,17.821,24.270000000000003,0.024656164384907284,630.0100000000001,5041,2.7556,1036324,394.09999999999997,65.68333333333332,2.0,-1.0,0.9000000000000021
63,168.1,11.0,77.0,22.5,116.0,87,0.0,1018,65,26.0,2.0,2.0,2023,10,30,10,0,303,44,0.49999999999999994,-0.8660254037844387,-0.8660254037844386,0.5000000000000001,0.0,1.0,3,0,0,20.0,18.0,20.0,17.0,34.0,32.0,18.666666666666668,1.1547005383863715,20.0,18.0,18.5,2.5099800796010507,21.0,14.0,20.0,4.0000000000007105,29.0,14.0,28.083333333333332,9.102874207665632,44.0,14.0,25.1,23.3,23.0,71.0,85.0,84.0,1.66,1.0,1.0,1018.0,1017.0,1015.0,1690.0,130.0,52.0,0.0,0.7999644460246211,15.280429051904372,6.999363694209618,16.9,25.0,0.02554024996046173,676.0,4225,4.0,1036324,412.6,68.76666666666667,-2.0,-2.0,0.8999999999999986
65,159.3,9.7,97.3,23.8,123.7,83,0.0,1018,61,26.8,2.5,2.0,2023,10,30,11,0,303,44,0.258819045102521,-0.9659258262890682,-0.8660254037844386,0.5000000000000001,0.0,1.0,3,0,0,18.0,20.0,18.0,14.0,26.0,31.0,19.0,1.0000000000081835,20.0,18.0,19.333333333333332,1.2110601416364604,21.0,18.0,19.416666666666668,3.5280263175004225,29.0,14.0,27.583333333333332,9.263845884928916,44.0,14.0,26.0,24.2,23.1,65.0,78.0,85.0,2.0,1.33,1.0,1018.0,1018.0,1016.0,1634.8,122.0,53.6,0.0,0.7982857863114995,16.42098752705907,10.029893825378828,16.348,25.8,0.026326103805399015,718.24,3721,4.0,1036324,432.8,72.13333333333334,1.0,1.0,0.8000000000000007
61,150.6,8.3,117.7,21.3,131.3,79,0.0,1017,57,27.6,2.5,2.0,2023,10,30,12,0,303,44,1.2246467991473532e-16,-1.0,-0.8660254037844386,0.5000000000000001,0.0,1.0,3,1,0,19.0,18.0,20.0,21.0,29.0,32.0,18.0,1.0000000000082963,19.0,17.0,18.666666666666668,1.2110601416365387,20.0,17.0,18.416666666666668,1.8809249819929135,21.0,14.0,26.958333333333332,9.456900708715127,44.0,14.0,26.8,25.1,23.2,61.0,71.0,85.0,2.0,1.66,1.0,1018.0,1018.0,1017.0,1573.2,114.0,55.2,0.0,0.7980845969672785,18.142392482833394,14.17901457655704,15.732000000000001,26.6,0.02713861638287475,761.7600000000001,3249,4.0,1034289,446.20000000000005,74.36666666666667,-2.0,-3.0,0.8000000000000007
82,141.8,7.0,138.0,33.8,139.0,75,0.0,1016,54,28.4,2.2,2.0,2023,10,30,13,0,303,44,-0.2588190451025208,-0.9659258262890683,-0.8660254037844386,0.5000000000000001,0.0,1.0,3,1,0,17.0,19.0,18.0,20.0,20.0,38.0,21.0,5.291502622130685,27.0,17.0,19.833333333333332,3.6560452221848116,27.0,17.0,19.0,3.1042492870853144,27.0,14.0,26.5,9.160406294388068,44.0,14.0,27.6,26.0,23.3,57.0,65.0,85.0,2.0,2.0,1.0,1017.0,1018.0,1017.0,1533.6,108.0,56.8,0.0,0.7987929351202628,20.254249392943866,19.711469790029994,15.335999999999999,27.4,0.027952728392983864,806.56,2916,4.0,1032256,486.6,81.10000000000001,10.0,9.0,0.7999999999999972
93,141.6,8.3,132.0,40.0,135.7,75,0.0,1016,53,28.4,1.6,2.0,2023,10,30,14,0,303,44,-0.4999999999999997,-0.8660254037844388,-0.8660254037844386,0.5000000000000001,0.0,1.0,3,1,0,27.0,17.0,19.0,18.0,18.0,41.0,25.333333333333332,7.63762615826071,32.0,17.0,22.166666666666668,5.980523945831146,32.0,17.0,20.166666666666668,4.839859752539123,32.0,14.0,26.125,8.714368444776008,44.0,14.0,28.4,26.8,24.2,54.0,61.0,78.0,2.0,2.0,1.33,1016.0,1018.0,1018.0,1505.1999999999998,106.0,56.8,0.0,0.7999800004999875,17.058185760751716,15.901698590531261,15.051999999999998,27.4,0.027952728392983864,806.56,2809,4.0,1032256,489.59999999999997,81.6,5.0,13.0,0.0
78,141.4,9.7,126.0,31.3,132.3,75,0.0,1015,53,28.4,1.1,2.0,2023,10,30,15,0,303,44,-0.7071067811865471,-0.7071067811865479,-0.8660254037844386,0.5000000000000001,0.0,1.0,3,1,0,32.0,27.0,17.0,20.0,19.0,36.0,28.0,3.6055512754659733,32.0,25.0,23.0,5.966573556069919,32.0,17.0,20.666666666666668,5.015128627614711,32.0,14.0,25.666666666666668,8.457909427515833,44.0,14.0,28.4,27.6,25.1,53.0,57.0,71.0,2.0,2.0,1.66,1016.0,1017.0,1018.0,1505.1999999999998,106.0,56.8,0.0,0.7986965272674994,14.575816926090097,12.988351716317908,15.051999999999998,27.4,0.02798026799973596,806.56,2809,4.0,1030225,465.70000000000005,77.61666666666667,-7.0,8.0,0.0
76,141.2,11.0,120.0,30.0,129.0,75,0.0,1015,52,28.4,0.8,2.0,2023,10,30,16,0,303,44,-0.8660254037844385,-0.5000000000000004,-0.8660254037844386,0.5000000000000001,0.0,1.0,3,1,0,25.0,32.0,27.0,18.0,17.0,37.0,27.0,4.35889894354234,32.0,24.0,24.0,5.440588203493494,32.0,17.0,21.25,4.956630086882324,32.0,14.0,25.125,8.109642676951252,44.0,14.0,28.4,28.4,26.0,53.0,54.0,65.0,2.0,2.0,2.0,1015.0,1016.0,1018.0,1476.8,104.0,56.8,0.0,0.7999733342221925,12.835196800290882,10.908099263703301,14.767999999999999,27.4,0.02798026799973596,806.56,2704,4.0,1030225,455.2,75.86666666666666,-1.0,-3.0,0.0
61,196.1,17.7,99.7,21.3,137.0,58,0.0,1015,60,27.3,0.9,2.0,2023,10,30,17,0,303,44,-0.9659258262890683,-0.25881904510252063,-0.8660254037844386,0.5000000000000001,0.0,1.0,3,1,0,24.0,25.0,32.0,19.0,14.0,34.0,22.0,4.35889894354247,25.0,17.0,23.666666666666668,5.853773711603424,32.0,17.0,21.5,4.6220813886864365,32.0,17.0,24.416666666666668,8.042910281552569,44.0,14.0,28.4,28.4,26.8,52.0,53.0,61.0,2.0,2.0,2.0,1015.0,1016.0,1018.0,1638.0,120.0,54.6,0.0,0.7980845969672785,11.078470142929778,5.632450144059658,16.38,26.3,0.026896525225098302,745.2900000000001,3600,4.0,1030225,488.8,81.46666666666667,-7.0,-15.0,-1.0999999999999979
56,250.9,24.3,79.3,18.8,145.0,41,0.0,1015,69,26.3,0.0,2.0,2023,10,30,18,0,303,44,-1.0,-1.8369701987210297e-16,-0.8660254037844386,0.5000000000000001,0.0,1.0,3,2,0,17.0,24.0,25.0,17.0,21.0,39.0,18.666666666666668,4.725815626254345,24.0,15.0,23.333333333333332,6.345602151621185,32.0,15.0,21.0,4.9909008113862825,32.0,15.0,23.416666666666668,7.632406120510612,44.0,14.0,27.3,28.4,27.6,60.0,53.0,57.0,2.0,2.0,2.0,1015.0,1015.0,1017.0,1814.7,138.0,52.6,0.0,0.7978299026647518,10.324677996790255,3.2632401958767123,18.147000000000002,25.3,0.025911304520882247,691.69,4761,4.0,1030225,533.3,88.88333333333333,-2.0,-10.0,-1.0
78,305.8,31.0,59.0,31.3,153.0,25,0.0,1016,80,25.2,0.0,2.0,2023,10,30,19,0,303,44,-0.9659258262890684,0.2588190451025203,-0.8660254037844386,0.5000000000000001,0.0,1.0,3,2,0,15.0,17.0,24.0,27.0,20.0,35.0,19.0,5.291502622130726,25.0,15.0,23.0,6.164414002968395,32.0,15.0,21.416666666666668,5.107184482015363,32.0,15.0,23.0,7.2351797549859365,44.0,14.0,26.3,28.4,28.4,69.0,52.0,54.0,2.0,2.0,2.0,1015.0,1015.0,1016.0,2016.0,160.0,50.4,0.0,0.7986965272674994,9.864197929099062,1.9031644140511597,20.16,24.2,0.024803125193774415,635.04,6400,4.0,1032256,605.1,100.85000000000001,10.0,1.0,-1.1000000000000014
74,333.8,31.3,50.7,28.8,148.3,37,0.0,1016,84,24.5,0.0,2.0,2023,10,30,20,0,303,44,-0.8660254037844386,0.5000000000000001,-0.8660254037844386,0.5000000000000001,0.0,1.0,3,2,0,25.0,15.0,17.0,32.0,18.0,44.0,21.0,5.291502622130683,25.0,15.0,21.5,4.370354676681659,25.0,15.0,21.833333333333332,5.006056937412031,32.0,15.0,22.125,5.68990333837064,34.0,14.0,25.2,27.3,28.4,80.0,60.0,53.0,2.0,2.0,2.0,1016.0,1015.0,1016.0,2058.0,168.0,49.0,0.0,0.7985833825214401,10.664196032075653,1.6197565572984889,20.58,23.5,0.02411414949394735,600.25,7056,4.0,1032256,615.9000000000001,102.65000000000002,-2.0,6.0,-0.6999999999999993
65,361.8,31.7,42.3,23.8,143.7,50,0.0,1017,87,23.9,0.0,2.0,2023,10,30,21,0,303,44,-0.7071067811865477,0.7071067811865474,-0.8660254037844386,0.5000000000000001,0.0,1.0,3,2,0,23.0,25.0,15.0,25.0,20.0,33.0,22.333333333333332,3.055050463306446,25.0,19.0,20.5,4.086563348339717,25.0,15.0,21.75,5.047501632221411,32.0,15.0,21.541666666666668,5.225182889802529,34.0,14.0,24.5,26.3,28.4,84.0,69.0,53.0,2.0,2.0,2.0,1016.0,1015.0,1015.0,2079.2999999999997,174.0,47.8,0.0,0.7982857863114995,11.41288918330652,1.3343427652124538,20.792999999999996,22.9,0.023500468534445883,571.2099999999999,7569,4.0,1034289,622.3,103.71666666666665,-4.0,4.0,-0.6000000000000014
63,389.8,32.0,34.0,22.5,139.0,62,0.0,1017,91,23.2,0.0,2.0,2023,10,30,22,0,303,44,-0.5000000000000004,0.8660254037844384,-0.8660254037844386,0.5000000000000001,0.0,1.0,3,3,0,19.0,23.0,25.0,24.0,18.0,34.0,20.0,2.645751311067639,23.0,18.0,19.5,3.781534080236987,25.0,15.0,21.75,5.047501632221411,32.0,15.0,20.875,4.5426720732645975,32.0,14.0,23.9,25.2,28.4,87.0,80.0,52.0,2.0,2.0,2.0,1017.0,1016.0,1015.0,2111.2,182.0,46.4,0.0,0.7999644460246211,12.180869347832882,1.0624667979125653,21.112,22.2,0.022812170292851236,538.24,8281,4.0,1034289,635.3,105.88333333333333,-1.0,-7.0,-0.6999999999999993
80,350.9,28.7,33.7,32.5,123.3,50,0.0,1017,92,22.9,0.0,2.0,2023,10,30,23,0,303,44,-0.25881904510252157,0.9659258262890681,-0.8660254037844386,0.5000000000000001,0.0,1.0,3,3,0,18.0,19.0,23.0,17.0,19.0,26.0,21.0,4.358898943542497,26.0,18.0,21.0,4.335896677734998,26.0,15.0,22.333333333333332,5.104958967573681,32.0,15.0,20.875,4.5426720732645975,32.0,14.0,23.2,24.5,27.3,91.0,84.0,60.0,2.0,2.0,2.0,1017.0,1016.0,1015.0,2106.7999999999997,184.0,45.8,0.0,0.7999753853727578,12.226054841294728,1.174175115849622,21.067999999999998,21.9,0.022517185332167813,524.41,8464,4.0,1034289,595.0999999999999,99.18333333333332,8.0,3.0,-0.3000000000000007
80,312.0,25.3,33.3,32.5,107.7,37,0.0,1017,93,22.5,0.0,2.0,2023,10,31,0,1,304,44,0.0,1.0,-0.8660254037844386,0.5000000000000001,0.7818314824680298,0.6234898018587336,3,3,0,26.0,18.0,19.0,15.0,17.0,29.0,23.333333333333332,4.618802153518669,26.0,18.0,22.833333333333332,3.544949458971108,26.0,18.0,23.083333333333332,4.90747728811229,32.0,15.0,20.75,4.346412813784109,32.0,14.0,22.9,23.9,26.3,92.0,87.0,69.0,2.0,2.0,2.0,1017.0,1017.0,1015.0,2092.5,186.0,45.0,0.0,0.7999753853727578,12.33152839808703,1.3161535117189043,20.925,21.5,0.02212387205125659,506.25,8649,4.0,1034289,536.8000000000001,89.46666666666668,0.0,7.0,-0.3999999999999986
100,273.1,22.0,33.0,43.8,92.0,25,0.0,1017,94,22.2,0.0,2.0,2023,10,31,1,1,304,44,0.25881904510252074,0.9659258262890683,-0.8660254037844386,0.5000000000000001,0.7818314824680298,0.6234898018587336,3,3,0,26.0,26.0,18.0,25.0,27.0,20.0,29.0,5.196152422707987,35.0,26.0,24.5,6.156297588647938,35.0,18.0,23.75,5.92567602587593,35.0,15.0,21.375,5.223795887882855,35.0,14.0,22.5,23.2,25.2,93.0,91.0,80.0,2.0,2.0,2.0,1017.0,1017.0,1016.0,2086.7999999999997,188.0,44.4,0.0,0.7990685144174792,12.41307213308486,1.4999318212808508,20.868,21.2,0.021828887090573165,492.84,8836,4.0,1034289,498.90000000000003,83.15,9.0,17.0,-0.3000000000000007
148,251.7,20.3,34.0,66.3,86.7,27,0.0,1017,94,21.9,0.0,1.33,2023,10,31,2,1,304,44,0.49999999999999994,0.8660254037844387,-0.8660254037844386,0.5000000000000001,0.7818314824680298,0.6234898018587336,3,3,0,35.0,26.0,26.0,23.0,32.0,18.0,38.0,13.747727084867957,53.0,26.0,29.5,13.034569421349945,53.0,18.0,25.5,10.166790858655455,53.0,15.0,22.833333333333332,8.24972551146367,53.0,14.0,22.2,22.9,24.5,94.0,92.0,84.0,2.0,2.0,2.0,1017.0,1017.0,1016.0,2058.6,125.02000000000001,29.127,0.0,0.7993846246662946,12.398404019506426,1.6747943451061522,20.586,21.235,0.021533902129889742,479.60999999999996,8836,1.7689000000000001,1034289,512.0,85.33333333333333,18.0,27.0,-0.3000000000000007
207,230.3,18.7,35.0,122.5,81.3,29,0.0,1017,95,21.7,0.0,0.66,2023,10,31,3,1,304,44,0.7071067811865476,0.7071067811865476,-0.8660254037844386,0.5000000000000001,0.7818314824680298,0.6234898018587336,3,3,0,53.0,35.0,26.0,19.0,25.0,19.0,62.0,32.449961479176004,98.0,35.0,42.666666666666664,29.635564220487755,98.0,18.0,31.583333333333332,23.25533500211527,98.0,15.0,26.125,17.3714220588825,98.0,14.0,21.9,22.5,23.9,94.0,93.0,87.0,1.33,2.0,2.0,1017.0,1017.0,1017.0,2061.5,62.7,14.322000000000001,0.0,0.7999934694410658,12.314849473290199,1.871557670712796,20.615,21.37,0.02133724548943413,470.89,9025,0.43560000000000004,1034289,585.8,97.63333333333333,45.0,72.0,-0.1999999999999993
161,208.9,17.0,36.0,80.0,76.0,31,0.0,1017,95,21.4,0.0,1.2,2023,10,31,4,1,304,44,0.8660254037844386,0.5000000000000001,-0.8660254037844386,0.5000000000000001,0.7818314824680298,0.6234898018587336,3,3,0,98.0,53.0,35.0,18.0,24.0,17.0,71.66666666666667,23.459184413217304,98.0,53.0,50.333333333333336,27.875915530555258,98.0,26.0,34.916666666666664,24.879558361080782,98.0,15.0,28.083333333333332,18.88159137238246,98.0,14.0,21.7,22.2,23.2,95.0,94.0,91.0,0.66,2.0,2.0,1017.0,1017.0,1017.0,2032.9999999999998,114.0,25.679999999999996,0.0,0.7999900001249984,12.287512499264748,2.117522498676548,20.33,20.799999999999997,0.02104226052875071,457.9599999999999,9025,1.44,1034289,481.9,80.31666666666666,-34.0,29.0,-0.3000000000000007
171,214.4,18.3,38.3,88.8,80.0,33,0.0,1017,95,21.6,0.0,1.6,2023,10,31,5,1,304,44,0.9659258262890683,0.25881904510252074,-0.8660254037844386,0.5000000000000001,0.7818314824680298,0.6234898018587336,3,3,0,64.0,98.0,53.0,26.0,17.0,14.0,77.66666666666667,17.953644012660394,98.0,64.0,57.833333333333336,26.010895153120927,98.0,26.0,39.416666666666664,26.193192499833465,98.0,15.0,30.458333333333332,20.544710874761467,98.0,15.0,21.4,21.9,22.9,95.0,94.0,92.0,1.2,1.33,2.0,1017.0,1017.0,1017.0,2052.0,152.0,34.56,0.0,0.7995405457145752,11.71520681929949,2.092781815201355,20.52,20.8,0.021238917169206326,466.56000000000006,9025,2.5600000000000005,1034289,510.8,85.13333333333334,7.0,18.0,0.20000000000000284
164,219.8,19.7,40.7,82.5,84.0,35,0.0,1018,94,21.8,0.0,1.6,2023,10,31,6,1,304,44,1.0,6.123233995736766e-17,-0.8660254037844386,0.5000000000000001,0.7818314824680298,0.6234898018587336,3,0,0,71.0,64.0,98.0,26.0,15.0,21.0,67.0,3.6055512754647534,71.0,64.0,64.5,20.830266440926312,98.0,35.0,43.666666666666664,26.008157228535815,98.0,18.0,32.333333333333336,21.666778149100196,98.0,15.0,21.6,21.7,22.5,95.0,95.0,93.0,1.6,0.66,2.0,1017.0,1017.0,1017.0,2049.2000000000003,150.4,34.88,0.0,0.7999903031478406,11.156794071366935,2.0658849804578447,20.492000000000004,21.0,0.021414517274540988,475.24,8836,2.5600000000000005,1036324,512.7,85.45,-5.0,-32.0,0.1999999999999993
159,225.3,21.0,43.0,77.5,88.0,37,0.0,1019,93,22.0,1.5,2.4,2023,10,31,7,1,304,44,0.9659258262890683,-0.25881904510252063,-0.8660254037844386,0.5000000000000001,0.7818314824680298,0.6234898018587336,3,0,0,66.0,71.0,64.0,35.0,25.0,20.0,66.33333333333333,4.509249752823525,71.0,62.0,69.0,15.38830724933642,98.0,53.0,46.75,25.786271893816185,98.0,18.0,34.083333333333336,22.313802838186437,98.0,15.0,21.8,21.4,22.2,94.0,95.0,94.0,1.6,1.2,2.0,1018.0,1017.0,1017.0,2046.0,223.2,52.8,0.0,0.7999896775525477,10.728060568544356,2.0475215465930194,20.46,20.8,0.021589772728387902,484.0,8649,5.76,1038361,516.8,86.13333333333333,-4.0,-2.0,0.1999999999999993
167,205.8,17.7,66.7,85.0,109.0,39,0.0,1019,77,24.0,2.3,0.33,2023,10,31,8,1,304,44,0.8660254037844387,-0.4999999999999998,-0.8660254037844386,0.5000000000000001,0.7818314824680298,0.6234898018587336,3,0,0,62.0,66.0,71.0,53.0,23.0,18.0,65.33333333333333,3.0550504633048625,68.0,62.0,71.5,13.352902306239612,98.0,62.0,50.5,25.285640912653,98.0,18.0,36.166666666666664,23.068266678193247,98.0,15.0,22.0,21.6,21.9,93.0,95.0,94.0,2.4,1.6,1.33,1019.0,1017.0,1017.0,1848.0,25.41,7.92,0.0,0.7999905883460194,11.626461781820236,3.7681486921642846,18.48,23.835,0.02355247934005953,576.0,5929,0.10890000000000001,1038361,552.2,92.03333333333335,6.0,-3.0,2.0
177,186.4,14.3,90.3,95.0,130.0,41,0.0,1019,64,26.0,3.3,0.66,2023,10,31,9,1,304,44,0.7071067811865476,-0.7071067811865475,-0.8660254037844386,0.5000000000000001,0.7818314824680298,0.6234898018587336,3,0,0,68.0,62.0,66.0,98.0,19.0,20.0,68.66666666666667,7.02376916856886,76.0,62.0,67.83333333333333,5.0760877323630655,76.0,62.0,55.25,24.159037458249124,98.0,18.0,38.5,24.167891023458157,98.0,15.0,24.0,21.8,21.7,77.0,94.0,95.0,0.33,1.6,0.66,1019.0,1018.0,1017.0,1664.0,42.24,17.16,0.0,0.7999915790360101,13.034053562687925,6.314243759177679,16.64,25.67,0.02551518595173116,676.0,4096,0.43560000000000004,1038361,592.0,98.66666666666667,8.0,10.0,2.0
148,166.9,11.0,114.0,66.3,151.0,43,0.0,1020,53,28.0,5.1,1.0,2023,10,31,10,1,304,44,0.49999999999999994,-0.8660254037844387,-0.8660254037844386,0.5000000000000001,0.7818314824680298,0.6234898018587336,3,0,0,76.0,68.0,62.0,64.0,18.0,18.0,65.66666666666667,11.676186592091579,76.0,53.0,66.0,7.9246451024623585,76.0,53.0,58.166666666666664,21.18246845145679,98.0,26.0,39.958333333333336,23.931930946762126,98.0,15.0,26.0,22.0,21.4,64.0,93.0,95.0,0.66,2.4,1.2,1019.0,1019.0,1017.0,1484.0,53.0,28.0,0.0,0.7993846246662946,15.171348059267341,10.362694300518136,14.84,27.5,0.027450953479457373,784.0,2809,1.0,1040400,562.2,93.7,-23.0,-9.0,2.0
207,157.4,9.0,126.3,122.5,141.3,45,0.0,1019,50,28.6,6.6,0.66,2023,10,31,11,1,304,44,0.258819045102521,-0.9659258262890682,-0.8660254037844386,0.5000000000000001,0.7818314824680298,0.6234898018587336,3,0,0,53.0,76.0,68.0,71.0,26.0,19.0,75.66666666666667,22.50185177565031,98.0,53.0,70.5,15.436968614335504,98.0,53.0,64.16666666666667,21.43842486298961,98.0,26.0,43.25,26.245082355102255,98.0,15.0,28.0,24.0,21.6,53.0,77.0,95.0,1.0,0.33,1.6,1020.0,1019.0,1017.0,1430.0,33.0,18.876,0.0,0.7999934694410658,17.48694589490057,14.031774247305856,14.3,28.270000000000003,0.028066704546904273,817.96,2500,0.43560000000000004,1038361,654.5,109.08333333333333,45.0,30.0,0.6000000000000014
183,147.8,7.0,138.7,100.0,131.7,47,0.0,1018,47,29.1,7.3,0.33,2023,10,31,12,1,304,44,1.2246467991473532e-16,-1.0,-0.8660254037844386,0.5000000000000001,0.7818314824680298,0.6234898018587336,3,1,0,98.0,53.0,76.0,66.0,26.0,17.0,77.0,22.64950330581232,98.0,53.0,72.83333333333333,15.676946981687648,98.0,53.0,68.66666666666667,18.107423557170602,98.0,35.0,45.875,26.652861009655496,98.0,15.0,28.6,26.0,21.8,50.0,64.0,94.0,0.66,0.66,1.6,1019.0,1019.0,1018.0,1367.7,15.510000000000002,9.603000000000002,0.0,0.7999920000799992,21.111269818597343,19.811455506356232,13.677,28.935000000000002,0.028585433609593706,846.8100000000001,2209,0.10890000000000001,1036324,605.2,100.86666666666667,-18.0,4.0,0.5
169,138.3,5.0,151.0,87.5,122.0,50,0.0,1017,45,29.7,5.4,2.0,2023,10,31,13,1,304,44,-0.2588190451025208,-0.9659258262890683,-0.8660254037844386,0.5000000000000001,0.7818314824680298,0.6234898018587336,3,1,0,80.0,98.0,53.0,62.0,35.0,27.0,82.66666666666667,14.189197769195248,98.0,70.0,74.16666666666667,14.89183221321826,98.0,53.0,71.58333333333333,14.687399258196974,98.0,53.0,47.666666666666664,26.77387868259211,98.0,15.0,29.1,28.0,22.0,47.0,53.0,93.0,0.33,1.0,2.4,1018.0,1020.0,1019.0,1336.5,90.0,59.4,0.0,0.7999908572473458,27.654469106178766,30.193961207758445,13.365,28.7,0.029203511107658696,882.0899999999999,2025,4.0,1034289,573.8,95.63333333333333,-10.0,17.0,0.5999999999999979
183,139.1,6.3,148.3,100.0,125.3,51,0.0,1016,44,29.9,3.3,2.0,2023,10,31,14,1,304,44,-0.4999999999999997,-0.8660254037844388,-0.8660254037844386,0.5000000000000001,0.7818314824680298,0.6234898018587336,3,1,0,70.0,80.0,98.0,68.0,53.0,32.0,76.66666666666667,5.773502691896557,80.0,70.0,76.16666666666667,14.702607478493213,98.0,53.0,73.83333333333333,13.610379283561922,98.0,53.0,49.666666666666664,27.339518564933346,98.0,15.0,29.7,28.6,24.0,45.0,50.0,77.0,2.0,0.66,0.33,1017.0,1019.0,1019.0,1315.6,88.0,59.8,0.0,0.7999920000799992,22.0758609744485,23.535946675130933,13.155999999999999,28.9,0.029429104892613293,894.0099999999999,1936,4.0,1032256,599.0,99.83333333333333,10.0,-18.0,0.1999999999999993
176,139.9,7.7,145.7,93.8,128.7,52,0.0,1015,42,30.1,1.7,2.0,2023,10,31,15,1,304,44,-0.7071067811865471,-0.7071067811865479,-0.8660254037844386,0.5000000000000001,0.7818314824680298,0.6234898018587336,3,1,0,80.0,70.0,80.0,76.0,98.0,25.0,75.0,5.000000000000384,80.0,70.0,76.0,14.710540438745884,98.0,53.0,71.91666666666667,11.325420588884963,98.0,53.0,51.75,27.2831370120338,98.0,15.0,29.9,29.1,26.0,44.0,47.0,64.0,2.0,0.33,0.66,1016.0,1018.0,1019.0,1264.2,84.0,60.2,0.0,0.7995650366200786,18.16647188676795,18.919620828463835,12.642000000000001,29.1,0.029655143196903256,906.0100000000001,1764,4.0,1030225,590.8,98.46666666666665,-5.0,-5.0,0.20000000000000284
129,140.6,9.0,143.0,57.5,132.0,53,0.0,1015,41,30.3,1.5,0.8,2023,10,31,16,1,304,44,-0.8660254037844385,-0.5000000000000004,-0.8660254037844386,0.5000000000000001,0.7818314824680298,0.6234898018587336,3,1,0,75.0,80.0,70.0,53.0,64.0,24.0,67.0,18.357559750685972,80.0,46.0,74.83333333333333,16.999019579571197,98.0,46.0,70.41666666666667,13.460098158045907,98.0,46.0,52.666666666666664,26.673006492750993,98.0,15.0,30.1,29.7,28.0,42.0,45.0,53.0,2.0,2.0,1.0,1015.0,1017.0,1020.0,1242.3,32.800000000000004,24.240000000000002,0.0,0.7999860871984835,15.6204866125986,15.887123652927453,12.423,29.900000000000002,0.029852187337746465,918.09,1681,0.6400000000000001,1030225,528.1,88.01666666666667,-29.0,-24.0,0.1999999999999993
98,179.6,13.7,122.3,42.5,130.0,54,0.0,1015,49,28.6,1.4,0.4,2023,10,31,17,1,304,44,-0.9659258262890683,-0.25881904510252063,-0.8660254037844386,0.5000000000000001,0.7818314824680298,0.6234898018587336,3,1,0,46.0,75.0,80.0,98.0,71.0,17.0,51.666666666666664,21.07921567168338,75.0,34.0,64.16666666666667,19.456789731778663,80.0,34.0,67.33333333333333,17.06848948598917,98.0,34.0,53.375,25.89915644085429,98.0,15.0,30.3,29.9,28.6,41.0,44.0,50.0,0.8,2.0,0.66,1015.0,1016.0,1019.0,1401.4,19.6,11.440000000000001,0.0,0.7999811769134845,13.10853222392526,8.926355740456902,14.014000000000001,28.400000000000002,0.028177312140579173,817.96,2401,0.16000000000000003,1030225,522.0999999999999,87.01666666666665,-12.0,-46.0,-1.6999999999999993
107,218.5,18.3,101.7,47.5,128.0,55,0.0,1015,59,26.9,0.0,1.2,2023,10,31,18,1,304,44,-1.0,-1.8369701987210297e-16,-0.8660254037844386,0.5000000000000001,0.7818314824680298,0.6234898018587336,3,2,0,34.0,46.0,75.0,80.0,66.0,15.0,39.333333333333336,6.110100926608713,46.0,34.0,57.166666666666664,20.16349837371108,80.0,34.0,65.0,19.06448387590222,98.0,34.0,54.333333333333336,24.820515123875076,98.0,18.0,28.6,30.1,29.1,49.0,42.0,47.0,0.4,2.0,0.33,1015.0,1015.0,1018.0,1587.1,70.8,32.279999999999994,0.0,0.7999831582493001,11.939238292989453,5.557073383968088,15.870999999999999,26.299999999999997,0.026502436943411877,723.6099999999999,3481,1.44,1030225,552.0,92.0,4.0,-37.0,-1.7000000000000028
82,257.4,23.0,81.0,33.8,126.0,56,0.0,1016,72,25.2,0.0,1.2,2023,10,31,19,1,304,44,-0.9659258262890684,0.2588190451025203,-0.8660254037844386,0.5000000000000001,0.7818314824680298,0.6234898018587336,3,2,0,38.0,34.0,46.0,70.0,62.0,25.0,33.0,5.567764362831151,38.0,27.0,50.0,22.226110770892518,80.0,27.0,62.083333333333336,22.014285995207274,98.0,27.0,54.416666666666664,24.720905897758193,98.0,18.0,26.9,30.3,29.7,59.0,41.0,45.0,1.2,0.8,2.0,1015.0,1015.0,1017.0,1814.3999999999999,86.39999999999999,30.24,0.0,0.7987929351202628,11.190817790530845,3.5215860179992173,18.144,24.599999999999998,0.024803125193774415,635.04,5184,1.44,1032256,548.2,91.36666666666667,-11.0,-19.0,-1.6999999999999993
80,252.5,21.7,79.0,32.5,115.7,57,0.0,1016,75,25.0,0.0,1.6,2023,10,31,20,1,304,44,-0.8660254037844386,0.5000000000000001,-0.8660254037844386,0.5000000000000001,0.7818314824680298,0.6234898018587336,3,2,0,27.0,38.0,34.0,80.0,68.0,23.0,30.333333333333332,6.658328118480377,38.0,26.0,41.0,18.220867158288232,75.0,26.0,58.583333333333336,24.21666718805381,98.0,26.0,54.541666666666664,24.56221765704194,98.0,18.0,25.2,28.6,29.9,72.0,49.0,44.0,1.2,0.4,2.0,1016.0,1015.0,1016.0,1875.0,120.0,40.0,0.0,0.7999753853727578,11.635408506520436,3.6403852357034236,18.75,24.2,0.024606274993823826,625.0,5625,2.5600000000000005,1032256,527.4,87.89999999999999,-1.0,-8.0,-0.1999999999999993
175,247.6,20.3,77.0,92.5,105.3,58,0.0,1017,79,24.9,0.0,1.6,2023,10,31,21,1,304,44,-0.7071067811865477,0.7071067811865474,-0.8660254037844386,0.5000000000000001,0.7818314824680298,0.6234898018587336,3,2,0,26.0,27.0,38.0,75.0,76.0,19.0,42.333333333333336,27.428695436227805,74.0,26.0,40.833333333333336,17.84843597256223,74.0,26.0,58.416666666666664,24.0924670736926,98.0,26.0,56.833333333333336,23.650841820971184,98.0,18.0,25.0,26.9,30.1,75.0,59.0,42.0,1.6,1.2,2.0,1016.0,1015.0,1015.0,1967.1,126.4,39.84,0.0,0.7999913514448492,12.196443524949508,3.7929166050933447,19.671,24.099999999999998,0.024483751736723954,620.0099999999999,6241,2.5600000000000005,1034289,616.6999999999999,102.78333333333332,48.0,36.0,-0.10000000000000142
168,242.8,19.0,75.0,86.3,95.0,59,0.0,1017,83,24.7,0.0,1.6,2023,10,31,22,1,304,44,-0.5000000000000004,0.8660254037844384,-0.8660254037844386,0.5000000000000001,0.7818314824680298,0.6234898018587336,3,3,0,74.0,26.0,27.0,46.0,53.0,18.0,56.333333333333336,26.388128644019858,74.0,26.0,44.666666666666664,21.313532477434435,74.0,26.0,59.75,24.20790629676014,98.0,26.0,58.958333333333336,22.260276897115475,98.0,26.0,24.9,25.2,30.3,79.0,72.0,41.0,1.6,1.2,0.8,1017.0,1016.0,1015.0,2050.1,132.8,39.52,0.0,0.7995272360691069,12.77827482764065,3.9471606757539073,20.500999999999998,23.9,0.024287095096268342,610.0899999999999,6889,2.5600000000000005,1034289,587.1,97.85000000000001,-5.0,42.0,-0.1999999999999993
121,240.8,19.0,70.7,53.8,92.7,60,0.0,1017,85,24.4,0.0,1.6,2023,10,31,23,1,304,44,-0.25881904510252157,0.9659258262890681,-0.8660254037844386,0.5000000000000001,0.7818314824680298,0.6234898018587336,3,3,0,69.0,74.0,26.0,34.0,98.0,26.0,62.0,16.643316977093445,74.0,43.0,46.166666666666664,20.72116470342949,74.0,26.0,55.166666666666664,21.344930559878946,80.0,26.0,59.666666666666664,21.420564411568765,98.0,26.0,24.7,25.0,28.6,83.0,75.0,49.0,1.6,1.6,0.4,1017.0,1016.0,1015.0,2074.0,136.0,39.04,0.0,0.7992416497834613,12.673017209620546,3.7208567970106836,20.74,23.599999999999998,0.02399211013558492,595.3599999999999,7225,2.5600000000000005,1034289,520.0,86.66666666666667,-26.0,17.0,-0.3000000000000007
153,238.9,19.0,66.3,68.8,90.3,61,0.0,1017,86,24.0,0.0,1.6,2023,11,1,0,2,305,44,0.0,1.0,-0.5000000000000004,0.8660254037844384,0.9749279121818236,-0.22252093395631434,3,3,0,43.0,69.0,74.0,38.0,80.0,26.0,55.666666666666664,13.012814197295734,69.0,43.0,49.0,20.54263858417377,74.0,26.0,53.083333333333336,19.869841621427188,80.0,26.0,60.875,20.223345313082994,98.0,26.0,24.4,24.9,26.9,85.0,79.0,59.0,1.6,1.6,1.2,1017.0,1017.0,1015.0,2064.0,137.6,38.400000000000006,0.0,0.7994069853635848,12.573022472501448,3.489290037366454,20.64,23.2,0.023598796854673695,576.0,7396,2.5600000000000005,1034289,538.3,89.71666666666665,12.0,-19.0,-0.3999999999999986
153,236.9,19.0,62.0,68.8,88.0,62,0.0,1017,88,23.7,0.0,1.6,2023,11,1,1,2,305,44,0.25881904510252074,0.9659258262890683,-0.5000000000000004,0.8660254037844384,0.9749279121818236,-0.22252093395631434,3,3,0,55.0,43.0,69.0,27.0,70.0,35.0,51.0,6.928203230276164,55.0,43.0,53.666666666666664,17.500476183997122,74.0,26.0,51.833333333333336,19.168313499737973,80.0,26.0,61.708333333333336,19.510262999735883,98.0,26.0,24.0,24.7,25.2,86.0,83.0,72.0,1.6,1.6,1.2,1017.0,1017.0,1016.0,2085.6,140.8,37.92,0.0,0.7994069853635848,12.467764854481343,3.2629861586232303,20.855999999999998,22.9,0.02330381189399027,561.6899999999999,7744,2.5600000000000005,1034289,529.7,88.28333333333335,0.0,-14.0,-0.3000000000000007
152,244.1,19.3,54.0,71.3,86.3,70,0.0,1017,90,23.6,0.0,0.8,2023,11,1,2,2,305,44,0.49999999999999994,0.8660254037844387,-0.5000000000000004,0.8660254037844384,0.9749279121818236,-0.22252093395631434,3,3,0,55.0,55.0,43.0,26.0,80.0,53.0,55.666666666666664,1.1547005383827835,57.0,55.0,58.833333333333336,11.107054815145615,74.0,43.0,49.916666666666664,17.138252447950816,75.0,26.0,61.875,19.449628363500505,98.0,26.0,23.7,24.4,25.0,88.0,85.0,75.0,1.6,1.6,1.6,1017.0,1017.0,1016.0,2124.0,72.0,18.880000000000003,0.0,0.7994277780115285,12.64701310812911,2.797782498316149,21.24,23.200000000000003,0.023205483573762467,556.96,8100,0.6400000000000001,1034289,532.0,88.66666666666667,2.0,14.0,-0.09999999999999787
157,251.3,19.7,46.0,76.3,84.7,79,0.0,1016,91,23.4,0.0,0.8,2023,11,1,3,2,305,44,0.7071067811865476,0.7071067811865476,-0.5000000000000004,0.8660254037844384,0.9749279121818236,-0.22252093395631434,3,3,0,57.0,55.0,55.0,74.0,75.0,98.0,57.666666666666664,3.0550504633051623,61.0,55.0,56.666666666666664,8.524474568361963,69.0,43.0,48.75,15.690906457389293,74.0,26.0,60.333333333333336,17.863410908205186,98.0,26.0,23.6,24.0,24.9,90.0,86.0,79.0,0.8,1.6,1.6,1017.0,1017.0,1017.0,2129.4,72.8,18.72,0.0,0.7994652756844602,12.755697680320797,2.3349068575199228,21.294,23.0,0.0230314733942191,547.56,8281,0.6400000000000001,1032256,539.0,89.83333333333333,4.0,6.0,-0.20000000000000284
195,258.5,20.0,38.0,111.3,83.0,87,0.0,1016,93,23.3,0.0,0.8,2023,11,1,4,2,305,44,0.8660254037844386,0.5000000000000001,-0.5000000000000004,0.8660254037844384,0.9749279121818236,-0.22252093395631434,3,3,0,61.0,57.0,55.0,69.0,46.0,64.0,69.0,17.435595774162852,89.0,57.0,60.0,15.427248620540944,89.0,43.0,52.333333333333336,19.46247360403793,89.0,26.0,61.375,18.791331257651887,98.0,26.0,23.4,23.7,24.7,91.0,88.0,83.0,0.8,1.6,1.6,1016.0,1017.0,1017.0,2166.9,74.4,18.64,0.0,0.7996334264741557,12.924353782310884,1.8999050047497623,21.669,22.900000000000002,0.022933048294243807,542.89,8649,0.6400000000000001,1032256,599.8,99.96666666666665,28.0,34.0,-0.09999999999999787
175,270.8,20.0,37.0,92.5,85.7,87,0.0,1017,93,23.3,0.0,0.8,2023,11,1,5,2,305,44,0.9659258262890683,0.25881904510252074,-0.5000000000000004,0.8660254037844384,0.9749279121818236,-0.22252093395631434,3,3,0,89.0,61.0,57.0,43.0,34.0,71.0,74.66666666666667,14.011899704655951,89.0,61.0,65.16666666666667,13.688194426828105,89.0,55.0,55.666666666666664,19.4624736040379,89.0,26.0,61.5,18.8679622641138,98.0,26.0,23.3,23.6,24.4,93.0,90.0,85.0,0.8,0.8,1.6,1016.0,1017.0,1017.0,2166.9,74.4,18.64,0.0,0.7999913514448492,13.539323033848307,1.8499075046247686,21.669,22.900000000000002,0.022910498613079044,542.89,8649,0.6400000000000001,1034289,580.0,96.66666666666667,-15.0,17.0,0.0
193,283.0,20.0,36.0,110.0,88.3,87,0.0,1017,94,23.4,0.0,1.2,2023,11,1,6,2,305,44,1.0,6.123233995736766e-17,-0.5000000000000004,0.8660254037844384,0.9749279121818236,-0.22252093395631434,3,0,0,74.0,89.0,61.0,55.0,38.0,66.0,83.66666666666667,8.386497083606214,89.0,74.0,70.66666666666667,15.318833724100761,89.0,55.0,59.833333333333336,20.652243256245637,89.0,26.0,62.416666666666664,19.61569173694528,98.0,26.0,23.3,23.4,24.0,93.0,91.0,86.0,0.8,0.8,1.6,1017.0,1016.0,1017.0,2199.6,112.8,28.08,0.0,0.7999927273388423,14.149292535373231,1.799910004499775,21.996,22.799999999999997,0.023008826933306848,547.56,8836,1.44,1034289,625.3,104.21666666666665,14.0,27.0,0.09999999999999787
121,295.3,20.0,35.0,53.8,91.0,87,0.0,1018,94,23.4,1.0,1.2,2023,11,1,7,2,305,44,0.9659258262890683,-0.25881904510252063,-0.5000000000000004,0.8660254037844384,0.9749279121818236,-0.22252093395631434,3,0,0,88.0,74.0,89.0,55.0,27.0,62.0,68.33333333333333,23.02896726588796,88.0,43.0,68.66666666666667,18.272018680667095,89.0,43.0,61.166666666666664,18.770544300401223,89.0,26.0,61.625,20.012631880455682,98.0,26.0,23.4,23.3,23.7,94.0,93.0,88.0,1.2,0.8,1.6,1017.0,1016.0,1017.0,2199.6,112.8,28.08,0.0,0.7992416497834613,14.764261786910653,1.7499125043747812,21.996,22.799999999999997,0.022986224964415554,547.56,8836,1.44,1036324,538.1,89.68333333333334,-45.0,-46.0,0.0
153,246.5,17.3,66.0,68.8,120.7,91,0.0,1018,84,24.4,1.7,1.2,2023,11,1,8,2,305,44,0.8660254037844387,-0.4999999999999998,-0.5000000000000004,0.8660254037844384,0.9749279121818236,-0.22252093395631434,3,0,0,43.0,88.0,74.0,57.0,26.0,68.0,62.0,23.302360395462244,88.0,43.0,68.33333333333333,18.543642216852852,89.0,43.0,63.583333333333336,15.394558267206465,89.0,43.0,61.083333333333336,20.008512681110684,98.0,26.0,23.4,23.3,23.6,94.0,93.0,90.0,1.2,0.8,0.8,1018.0,1017.0,1017.0,2049.6,100.8,29.279999999999998,0.0,0.7994069853635848,14.247731345008958,3.8148083925784633,20.496,23.799999999999997,0.02396854227058716,595.3599999999999,7056,1.44,1036324,574.3000000000001,95.71666666666668,12.0,-19.0,1.0
153,197.6,14.7,97.0,68.8,150.3,95,0.0,1018,75,25.4,3.9,1.2,2023,11,1,9,2,305,44,0.7071067811865476,-0.7071067811865475,-0.5000000000000004,0.8660254037844384,0.9749279121818236,-0.22252093395631434,3,0,0,55.0,43.0,88.0,61.0,74.0,76.0,51.0,6.928203230276218,55.0,43.0,67.33333333333333,19.169420092080188,89.0,43.0,62.0,15.201674548907443,89.0,43.0,60.208333333333336,19.785763803183944,98.0,26.0,24.4,23.4,23.4,84.0,94.0,91.0,1.2,1.2,0.8,1018.0,1017.0,1016.0,1905.0,90.0,30.479999999999997,0.0,0.7994069853635848,13.441262499149719,6.598190599278961,19.05,24.799999999999997,0.024950859576758765,645.16,5625,1.44,1036324,583.4,97.23333333333333,0.0,-33.0,1.0
152,148.8,12.0,128.0,71.3,180.0,100,0.0,1019,67,26.4,4.8,1.6,2023,11,1,10,2,305,44,0.49999999999999994,-0.8660254037844387,-0.5000000000000004,0.8660254037844384,0.9749279121818236,-0.22252093395631434,3,0,0,55.0,55.0,43.0,89.0,69.0,53.0,55.666666666666664,1.154700538383041,57.0,55.0,62.0,16.149303390548525,88.0,43.0,61.0,15.093647068159946,89.0,43.0,60.375,19.739196274550775,98.0,26.0,25.4,23.4,23.3,75.0,94.0,93.0,1.2,1.2,0.8,1018.0,1018.0,1016.0,1768.8,107.2,42.24,0.0,0.7994277780115285,12.398966752770605,10.66577785184568,17.688,25.599999999999998,0.02590772727406548,696.9599999999999,4489,2.5600000000000005,1038361,597.1,99.51666666666667,2.0,14.0,1.0
157,141.6,10.0,142.7,76.3,169.7,83,0.0,1017,62,27.4,5.3,1.2,2023,11,1,11,2,305,44,0.258819045102521,-0.9659258262890682,-0.5000000000000004,0.8660254037844384,0.9749279121818236,-0.22252093395631434,3,0,0,57.0,55.0,55.0,74.0,43.0,98.0,57.666666666666664,3.055050463305251,61.0,55.0,59.833333333333336,15.052131631986523,88.0,43.0,62.5,13.996752870186782,89.0,43.0,58.833333333333336,18.04503223620889,89.0,26.0,26.4,24.4,23.3,67.0,84.0,93.0,1.6,1.2,0.8,1019.0,1018.0,1017.0,1698.8,74.39999999999999,32.879999999999995,0.0,0.7994652756844602,14.158584141585841,14.268573142685732,16.988,26.799999999999997,0.02694195974241913,750.7599999999999,3844,1.44,1034289,601.3,100.21666666666665,4.0,6.0,1.0
195,134.4,8.0,157.3,111.3,159.3,66,0.0,1016,58,28.5,6.4,1.2,2023,11,1,12,2,305,44,1.2246467991473532e-16,-1.0,-0.5000000000000004,0.8660254037844384,0.9749279121818236,-0.22252093395631434,3,1,0,61.0,57.0,55.0,88.0,55.0,80.0,69.0,17.43559577416286,89.0,57.0,60.0,15.427248620540947,89.0,43.0,65.33333333333333,15.680522563957426,89.0,43.0,59.208333333333336,18.589335808390857,89.0,26.0,27.4,25.4,23.4,62.0,75.0,94.0,1.2,1.2,1.2,1017.0,1018.0,1017.0,1653.0,69.6,34.199999999999996,0.0,0.7996334264741557,16.797900262467195,19.660042494688167,16.53,27.9,0.028051153492959162,812.25,3364,1.44,1032256,659.3000000000001,109.88333333333334,28.0,34.0,1.1000000000000014
142,127.2,6.0,172.0,63.8,149.0,50,0.0,1015,54,29.5,5.3,0.8,2023,11,1,13,2,305,44,-0.2588190451025208,-0.9659258262890683,-0.5000000000000004,0.8660254037844384,0.9749279121818236,-0.22252093395631434,3,1,0,89.0,61.0,57.0,43.0,55.0,70.0,67.0,19.697715603592368,89.0,51.0,61.333333333333336,13.937957765277126,89.0,51.0,65.0,15.960177716030074,89.0,43.0,58.416666666666664,18.514193536820912,89.0,26.0,28.5,26.4,23.4,58.0,67.0,94.0,1.2,1.6,1.2,1016.0,1019.0,1018.0,1593.0,43.2,23.6,0.0,0.7993605115907275,21.196467255457424,28.66188968505249,15.93,29.1,0.029064010774373622,870.25,2916,0.6400000000000001,1030225,569.0,94.83333333333333,-38.0,-6.0,1.0
193,127.8,7.0,169.3,110.0,144.7,54,0.0,1015,54,29.4,3.9,0.66,2023,11,1,14,2,305,44,-0.4999999999999997,-0.8660254037844388,-0.5000000000000004,0.8660254037844384,0.9749279121818236,-0.22252093395631434,3,1,0,51.0,89.0,61.0,55.0,57.0,80.0,76.0,21.656407827707813,89.0,51.0,66.83333333333333,17.09288350942133,89.0,51.0,67.58333333333333,17.021154395918224,89.0,43.0,58.75,18.985692553582325,89.0,26.0,29.5,27.4,24.4,54.0,62.0,84.0,0.8,1.2,1.2,1015.0,1017.0,1018.0,1587.6,35.64,19.404,0.0,0.7999927273388423,18.25453506641908,24.182259677188974,15.876,29.07,0.028965488703952016,864.3599999999999,2916,0.43560000000000004,1030225,646.8,107.8,37.0,27.0,-0.10000000000000142
172,128.4,8.0,166.7,90.0,140.3,58,0.0,1014,53,29.3,2.2,1.33,2023,11,1,15,2,305,44,-0.7071067811865471,-0.7071067811865479,-0.5000000000000004,0.8660254037844384,0.9749279121818236,-0.22252093395631434,3,1,0,88.0,51.0,89.0,55.0,61.0,75.0,70.33333333333333,18.556220879622522,88.0,51.0,69.66666666666667,16.12038047524459,89.0,51.0,68.5,16.930338556459898,89.0,43.0,58.625,18.883654077121,89.0,26.0,29.4,28.5,25.4,54.0,58.0,75.0,0.66,1.2,1.2,1015.0,1016.0,1018.0,1552.9,70.49000000000001,38.969,0.0,0.7999911112098754,16.04799400074991,20.834895638045243,15.529000000000002,28.635,0.028895435014363893,858.49,2809,1.7689000000000001,1028196,605.4000000000001,100.90000000000002,-16.0,-17.0,-0.09999999999999787
172,129.0,9.0,164.0,90.0,136.0,62,0.0,1013,53,29.2,1.6,2.0,2023,11,1,16,2,305,44,-0.8660254037844385,-0.5000000000000004,-0.5000000000000004,0.8660254037844384,0.9749279121818236,-0.22252093395631434,3,1,0,72.0,88.0,51.0,57.0,89.0,46.0,77.33333333333333,9.237604307034221,88.0,72.0,72.16666666666667,14.8783959708917,89.0,51.0,67.08333333333333,15.727557362987111,89.0,43.0,59.708333333333336,18.87367425039879,89.0,26.0,29.3,29.5,26.4,53.0,54.0,67.0,1.33,0.8,1.6,1014.0,1015.0,1019.0,1547.6,106.0,58.4,0.0,0.7999911112098754,14.331740917675814,18.22019775580491,15.475999999999999,28.2,0.028825243015554773,852.64,2809,4.0,1026169,600.0,100.0,0.0,21.0,-0.10000000000000142
161,176.6,13.3,142.3,80.0,131.7,62,0.0,1014,59,27.9,1.5,1.33,2023,11,1,17,2,305,44,-0.9659258262890683,-0.25881904510252063,-0.5000000000000004,0.8660254037844384,0.9749279121818236,-0.22252093395631434,3,1,0,72.0,72.0,88.0,61.0,74.0,34.0,69.33333333333333,4.618802153517628,72.0,64.0,72.66666666666667,14.472963299429951,89.0,51.0,66.25,15.592101730158964,89.0,43.0,60.958333333333336,18.073471230476525,89.0,26.0,29.2,29.4,27.4,53.0,54.0,62.0,2.0,0.66,1.2,1013.0,1015.0,1017.0,1646.1,78.47,37.107,0.0,0.7999900001249984,13.277197203217803,10.698443726035638,16.461,27.235,0.027514765764530803,778.41,3481,1.7689000000000001,1028196,607.9000000000001,101.31666666666668,-8.0,-24.0,-1.3000000000000007
137,224.3,17.7,120.7,61.3,127.3,62,0.0,1014,66,26.5,0.0,0.66,2023,11,1,18,2,305,44,-1.0,-1.8369701987210297e-16,-0.5000000000000004,0.8660254037844384,0.9749279121818236,-0.22252093395631434,3,2,0,64.0,72.0,72.0,89.0,88.0,38.0,61.666666666666664,11.67618659209165,72.0,49.0,66.0,14.656056768448368,88.0,49.0,63.0,14.684562085276998,89.0,43.0,61.416666666666664,17.599201233521743,89.0,26.0,27.9,29.3,28.5,59.0,53.0,58.0,1.33,1.33,1.2,1014.0,1014.0,1016.0,1749.0,43.56,17.490000000000002,0.0,0.7993344317384709,12.67160047454946,6.818823795265804,17.49,26.17,0.026134096514697717,702.25,4356,0.43560000000000004,1028196,600.3,100.05,-15.0,-23.0,-1.3999999999999986
148,272.0,22.0,99.0,66.3,123.0,62,0.0,1014,74,25.2,0.0,2.0,2023,11,1,19,2,305,44,-0.9659258262890684,0.2588190451025203,-0.5000000000000004,0.8660254037844384,0.9749279121818236,-0.22252093395631434,3,2,0,49.0,64.0,72.0,51.0,43.0,27.0,55.333333333333336,7.7674534651546026,64.0,49.0,66.33333333333333,14.26417423711053,88.0,49.0,63.833333333333336,13.69693617587712,89.0,49.0,62.5,16.127211678457066,89.0,26.0,26.5,29.2,29.5,66.0,53.0,54.0,0.66,2.0,0.8,1014.0,1013.0,1015.0,1864.8,148.0,50.4,0.0,0.7993846246662946,12.363074405708831,4.499795463842553,18.648,24.2,0.024852046496995565,635.04,5476,4.0,1028196,635.3,105.88333333333333,4.0,-19.0,-1.3000000000000007
137,265.1,20.3,94.3,61.3,108.0,62,0.0,1015,77,25.0,0.0,2.8,2023,11,1,20,2,305,44,-0.8660254037844386,0.5000000000000001,-0.5000000000000004,0.8660254037844384,0.9749279121818236,-0.22252093395631434,3,2,0,53.0,49.0,64.0,88.0,55.0,26.0,50.333333333333336,2.309401076760675,53.0,49.0,59.833333333333336,10.907184176800595,72.0,49.0,63.333333333333336,14.150704019320564,89.0,49.0,63.458333333333336,14.461280136572599,89.0,43.0,25.2,27.9,29.4,74.0,59.0,54.0,2.0,1.33,0.66,1014.0,1014.0,1015.0,1925.0,215.6,70.0,0.0,0.7993344317384709,13.058470026107088,4.645091374809122,19.25,23.6,0.024630517605401376,625.0,5929,7.839999999999999,1030225,598.0,99.66666666666667,-4.0,-15.0,-0.1999999999999993
142,258.3,18.7,89.7,63.8,93.0,62,0.0,1015,80,24.7,0.0,2.8,2023,11,1,21,2,305,44,-0.7071067811865477,0.7071067811865474,-0.5000000000000004,0.8660254037844384,0.9749279121818236,-0.22252093395631434,3,2,0,49.0,53.0,49.0,72.0,55.0,74.0,51.0,2.000000000002471,53.0,49.0,56.333333333333336,9.500877152487028,72.0,49.0,63.0,14.409592764417553,89.0,49.0,62.5,14.494376720706619,89.0,43.0,25.0,26.5,29.3,77.0,66.0,53.0,2.8,0.66,1.33,1015.0,1014.0,1014.0,1976.0,224.0,69.16,0.0,0.7993605115907275,13.812095609860435,4.796534944655366,19.76,23.3,0.024334951394136557,610.0899999999999,6400,7.839999999999999,1030225,574.5,95.75,2.0,2.0,-0.3000000000000007
115,251.5,17.0,85.0,51.3,78.0,62,0.0,1015,83,24.5,0.0,2.4,2023,11,1,22,2,305,44,-0.5000000000000004,0.8660254037844384,-0.5000000000000004,0.8660254037844384,0.9749279121818236,-0.22252093395631434,3,3,0,51.0,49.0,53.0,72.0,57.0,69.0,47.0,5.291502622130202,51.0,41.0,51.166666666666664,7.4944423853046755,64.0,41.0,61.666666666666664,15.697905670000505,89.0,41.0,61.333333333333336,15.064114186765389,89.0,41.0,24.7,25.2,29.2,80.0,74.0,53.0,2.8,2.0,2.0,1015.0,1014.0,1013.0,2033.5,199.2,58.8,0.0,0.7992046938656168,14.793247456031997,4.9997058996529615,20.335,23.3,0.024137907253293348,600.25,6889,5.76,1030225,523.8,87.3,-10.0,-12.0,-0.1999999999999993
134,245.7,16.7,82.3,60.0,73.0,0,0.0,1015,85,24.2,0.0,2.0,2023,11,1,23,2,305,44,-0.25881904510252157,0.9659258262890681,-0.5000000000000004,0.8660254037844384,0.9749279121818236,-0.22252093395631434,3,3,0,41.0,51.0,49.0,64.0,61.0,43.0,46.666666666666664,5.1316014394479454,51.0,41.0,48.5,4.086563348338697,53.0,41.0,60.583333333333336,16.188988026844832,89.0,41.0,61.541666666666664,14.832335905238237,89.0,41.0,24.5,25.0,27.9,83.0,77.0,59.0,2.4,2.8,1.33,1015.0,1015.0,1014.0,2057.0,170.0,48.4,0.0,0.7999866668888852,14.711693910544277,4.927848631818454,20.57,23.2,0.02384234104202853,585.64,7225,4.0,1030225,525.7,87.61666666666667,7.0,-1.0,-0.3000000000000007
137,239.9,16.3,79.7,61.3,68.0,0,0.0,1015,87,23.8,0.0,1.6,2023,11,2,0,3,306,44,0.0,1.0,-0.5000000000000004,0.8660254037844384,0.43388373911755823,-0.900968867902419,3,3,0,48.0,41.0,51.0,49.0,89.0,55.0,46.0,4.35889894354194,49.0,41.0,48.5,4.086563348338697,53.0,41.0,57.25,13.738631664033841,88.0,41.0,61.291666666666664,14.997040770901442,89.0,41.0,24.2,24.7,26.5,85.0,80.0,66.0,2.0,2.8,0.66,1015.0,1015.0,1014.0,2070.6,139.20000000000002,38.080000000000005,0.0,0.7993344317384709,14.716888534445738,4.889270596895895,20.706,23.0,0.023448252760342108,566.44,7569,2.5600000000000005,1030225,514.2,85.7,1.0,-2.0,-0.3999999999999986
148,234.0,16.0,77.0,66.3,63.0,1,0.0,1014,89,23.5,0.0,1.6,2023,11,2,1,3,306,44,0.25881904510252074,0.9659258262890683,-0.5000000000000004,0.8660254037844384,0.43388373911755823,-0.900968867902419,3,3,0,49.0,48.0,41.0,53.0,51.0,55.0,50.0,2.645751311066501,53.0,48.0,48.5,4.086563348338697,53.0,41.0,57.416666666666664,13.667867648634855,88.0,41.0,61.208333333333336,15.039019298122383,89.0,41.0,23.8,24.5,25.2,87.0,83.0,74.0,1.6,2.4,2.0,1015.0,1015.0,1014.0,2091.5,142.4,37.6,0.0,0.7993846246662946,14.624085994625334,4.812199237547653,20.915,22.7,0.023175519550769675,552.25,7921,2.5600000000000005,1028196,509.3,84.88333333333334,4.0,12.0,-0.3000000000000007
176,257.0,17.3,67.7,93.8,65.7,1,0.0,1014,90,23.5,0.0,1.6,2023,11,2,2,3,306,44,0.49999999999999994,0.8660254037844387,-0.5000000000000004,0.8660254037844384,0.43388373911755823,-0.900968867902419,3,3,0,53.0,49.0,48.0,49.0,88.0,57.0,59.0,14.000000000000288,75.0,49.0,52.833333333333336,11.600287352762034,75.0,41.0,56.333333333333336,11.340461216637276,75.0,41.0,61.958333333333336,15.267126282557525,89.0,41.0,23.5,24.2,25.0,89.0,85.0,77.0,1.6,2.0,2.8,1014.0,1015.0,1015.0,2115.0,144.0,37.6,0.0,0.7995650366200786,14.854632680191894,3.913068608750939,21.15,22.7,0.023175519550769675,552.25,8100,2.5600000000000005,1028196,576.5,96.08333333333333,22.0,27.0,0.0
183,279.9,18.7,58.3,100.0,68.3,1,0.0,1014,92,23.4,0.0,1.6,2023,11,2,3,3,306,44,0.7071067811865476,0.7071067811865476,-0.5000000000000004,0.8660254037844384,0.43388373911755823,-0.900968867902419,3,3,0,75.0,53.0,49.0,51.0,72.0,61.0,69.33333333333333,14.364307617610358,80.0,53.0,57.666666666666664,15.92063650318823,80.0,41.0,57.0,12.519076352801196,80.0,41.0,62.75,15.701703036960433,89.0,41.0,23.5,23.8,24.7,90.0,87.0,80.0,1.6,1.6,2.8,1014.0,1015.0,1015.0,2152.7999999999997,147.20000000000002,37.44,0.0,0.7999920000799992,14.96711405807176,3.1174803486444573,21.528,22.599999999999998,0.023076900318638738,547.56,8464,2.5600000000000005,1028196,605.1999999999999,100.86666666666666,5.0,31.0,-0.10000000000000142
175,302.9,20.0,49.0,92.5,71.0,62,0.0,1014,93,23.4,0.0,1.2,2023,11,2,4,3,306,44,0.8660254037844386,0.5000000000000001,-0.5000000000000004,0.8660254037844384,0.43388373911755823,-0.900968867902419,3,3,0,80.0,75.0,53.0,41.0,72.0,89.0,76.33333333333333,3.2145502536649397,80.0,74.0,63.166666666666664,14.661741597322202,80.0,48.0,57.166666666666664,12.748143061448001,80.0,41.0,62.125,14.888900155018487,89.0,41.0,23.4,23.5,24.5,92.0,89.0,83.0,1.6,1.6,2.4,1014.0,1014.0,1015.0,2176.2,111.6,28.08,0.0,0.7999913514448492,15.144242787860605,2.4498775061246936,21.761999999999997,22.799999999999997,0.023076900318638738,547.56,8649,1.44,1028196,609.4,101.56666666666666,-6.0,21.0,0.0
156,333.2,22.3,44.7,75.0,79.3,62,0.0,1014,94,23.1,0.0,1.6,2023,11,2,5,3,306,44,0.9659258262890683,0.25881904510252074,-0.5000000000000004,0.8660254037844384,0.43388373911755823,-0.900968867902419,3,3,0,74.0,80.0,75.0,48.0,64.0,74.0,71.33333333333333,10.26320287889402,80.0,60.0,65.16666666666667,12.89056502511227,80.0,49.0,56.833333333333336,12.604712923299019,80.0,41.0,61.541666666666664,14.676153881506062,89.0,41.0,23.4,23.5,24.2,93.0,90.0,85.0,1.2,1.6,2.0,1014.0,1014.0,1015.0,2171.4,150.4,36.96,0.0,0.7999893334755536,14.941034034348233,2.0043944217748084,21.714000000000002,22.3,0.022781042622245937,533.61,8836,2.5600000000000005,1028196,614.5,102.41666666666667,-14.0,-15.0,-0.29999999999999716
168,363.6,24.7,40.3,86.3,87.7,62,0.0,1014,95,22.8,0.0,0.8,2023,11,2,6,3,306,44,1.0,6.123233995736766e-17,-0.5000000000000004,0.8660254037844384,0.43388373911755823,-0.900968867902419,3,0,0,60.0,74.0,80.0,49.0,49.0,88.0,67.66666666666667,7.094598884598012,74.0,60.0,68.5,10.173494974686928,80.0,53.0,58.5,12.795595833225802,80.0,41.0,60.75,13.664457226848409,89.0,41.0,23.1,23.4,23.8,94.0,92.0,87.0,1.6,1.6,1.6,1014.0,1014.0,1015.0,2166.0,76.0,18.240000000000002,0.0,0.7995272360691069,14.720051819764382,1.631512894214809,21.66,22.400000000000002,0.022485184925853132,519.84,9025,0.6400000000000001,1028196,671.6,111.93333333333334,9.0,-11.0,-0.3000000000000007
261,393.9,27.0,36.0,173.8,96.0,62,0.0,1015,97,22.5,0.7,0.8,2023,11,2,7,3,306,44,0.9659258262890683,-0.25881904510252063,-0.5000000000000004,0.8660254037844384,0.43388373911755823,-0.900968867902419,3,0,0,69.0,60.0,74.0,53.0,53.0,43.0,89.33333333333333,43.24735059322518,139.0,60.0,82.83333333333333,28.33666647061089,139.0,60.0,65.66666666666667,26.34503000682664,139.0,41.0,64.75,20.555862381833887,139.0,41.0,22.8,23.4,23.5,95.0,93.0,89.0,0.8,1.2,1.6,1014.0,1014.0,1014.0,2182.5,77.60000000000001,18.0,0.0,0.7997652487615146,14.588348579682233,1.3332839524462057,21.825,22.1,0.022167465844861237,506.25,9409,0.6400000000000001,1030225,865.7,144.28333333333333,70.0,65.0,-0.3000000000000007
161,310.5,22.3,71.3,80.0,119.3,62,0.0,1015,86,24.0,1.2,0.33,2023,11,2,8,3,306,44,0.8660254037844387,-0.4999999999999998,-0.5000000000000004,0.8660254037844384,0.43388373911755823,-0.900968867902419,3,0,0,139.0,69.0,60.0,75.0,49.0,55.0,90.66666666666667,41.932485418030424,139.0,64.0,81.0,29.284808348356616,139.0,60.0,66.91666666666667,25.83323558143753,139.0,41.0,65.125,20.45209142064168,139.0,41.0,22.5,23.1,23.5,97.0,94.0,90.0,0.8,1.6,1.6,1015.0,1014.0,1014.0,2064.0,28.380000000000003,7.92,0.0,0.7999900001249984,13.923142459979372,3.1971660463656333,20.64,23.835,0.02364529690118532,576.0,7396,0.10890000000000001,1030225,667.4,111.23333333333333,-75.0,4.0,1.5
145,227.0,17.7,106.7,65.0,142.7,62,0.0,1015,77,25.4,2.4,0.66,2023,11,2,9,3,306,44,0.7071067811865476,-0.7071067811865475,-0.5000000000000004,0.8660254037844384,0.43388373911755823,-0.900968867902419,3,0,0,64.0,139.0,69.0,80.0,51.0,55.0,85.0,47.14870093650515,139.0,52.0,76.33333333333333,31.614342736591016,139.0,52.0,67.0,25.77877915157046,139.0,41.0,65.0,20.525699691511395,139.0,41.0,24.0,22.8,23.4,86.0,95.0,92.0,0.33,0.8,1.6,1015.0,1014.0,1014.0,1955.8,50.82,16.764,0.0,0.7999876924970385,12.824134229704535,6.02790802779504,19.558,25.07,0.025024605887087794,645.16,5929,0.43560000000000004,1030225,611.0999999999999,101.84999999999998,-12.0,-17.0,1.3999999999999986
152,143.6,13.0,142.0,71.3,166.0,62,0.0,1015,68,26.9,4.3,1.0,2023,11,2,10,3,306,44,0.49999999999999994,-0.8660254037844387,-0.5000000000000004,0.8660254037844384,0.43388373911755823,-0.900968867902419,3,0,0,52.0,64.0,139.0,74.0,41.0,57.0,57.666666666666664,6.027713773342355,64.0,52.0,73.5,32.61134771824033,139.0,52.0,68.33333333333333,24.70308531828389,139.0,48.0,65.0,20.525699691511395,139.0,41.0,25.4,22.5,23.4,77.0,97.0,93.0,0.66,0.8,1.2,1015.0,1015.0,1014.0,1829.1999999999998,68.0,26.9,0.0,0.7994277780115285,11.045304207368664,10.922236751019152,18.291999999999998,26.4,0.026502436943411877,723.6099999999999,4624,1.0,1030225,592.9000000000001,98.81666666666668,5.0,-82.0,1.5
161,135.0,10.7,152.0,80.0,150.0,50,0.0,1014,60,27.9,5.5,1.0,2023,11,2,11,3,306,44,0.258819045102521,-0.9659258262890682,-0.5000000000000004,0.8660254037844384,0.43388373911755823,-0.900968867902419,3,0,0,57.0,52.0,64.0,60.0,48.0,61.0,57.666666666666664,6.027713773342355,64.0,52.0,74.16666666666667,32.31975659974322,139.0,52.0,69.66666666666667,23.92538907571266,139.0,49.0,65.125,20.509409293425335,139.0,41.0,26.9,24.0,23.1,68.0,86.0,94.0,1.0,0.33,1.6,1015.0,1015.0,1014.0,1674.0,60.0,27.9,0.0,0.7999900001249984,12.61564339781329,14.204279973834224,16.74,27.4,0.027514765764530803,778.41,3600,1.0,1028196,591.7,98.61666666666667,7.0,0.0,1.0
175,126.4,8.3,162.0,92.5,134.0,37,0.0,1013,53,29.0,5.2,1.0,2023,11,2,12,3,306,44,1.2246467991473532e-16,-1.0,-0.5000000000000004,0.8660254037844384,0.43388373911755823,-0.900968867902419,3,1,0,64.0,57.0,52.0,69.0,49.0,89.0,65.0,8.5440037453179,74.0,57.0,75.0,32.2242144977962,139.0,52.0,71.75,23.034065681467727,139.0,52.0,64.5,19.971719135252606,139.0,41.0,27.9,25.4,22.8,60.0,77.0,95.0,1.0,0.66,0.8,1014.0,1015.0,1014.0,1537.0,53.0,29.0,0.0,0.7999913514448492,15.227081074569329,19.515720997470183,15.37,28.5,0.028627809844215358,841.0,2809,1.0,1026169,597.2,99.53333333333335,10.0,22.0,1.1000000000000014
197,117.9,6.0,172.0,113.8,118.0,25,0.0,1012,47,30.0,3.1,1.0,2023,11,2,13,3,306,44,-0.2588190451025208,-0.9659258262890683,-0.5000000000000004,0.8660254037844384,0.43388373911755823,-0.900968867902419,3,1,0,74.0,64.0,57.0,139.0,53.0,51.0,76.33333333333333,13.650396819628982,91.0,64.0,67.0,13.914021704740161,91.0,52.0,74.91666666666667,22.833222738064087,139.0,52.0,66.16666666666667,20.459220663186372,139.0,41.0,29.0,26.9,22.5,53.0,68.0,97.0,1.0,1.0,0.8,1013.0,1015.0,1015.0,1410.0,47.0,30.0,0.0,0.7996414794246096,19.646725545742378,28.66188968505249,14.1,29.5,0.029644239481976798,900.0,2209,1.0,1024144,618.7,103.11666666666667,17.0,34.0,1.0
235,116.5,7.0,161.0,148.8,110.0,24,0.0,1011,47,30.1,1.7,1.0,2023,11,2,14,3,306,44,-0.4999999999999997,-0.8660254037844388,-0.5000000000000004,0.8660254037844384,0.43388373911755823,-0.900968867902419,3,1,0,91.0,74.0,64.0,64.0,75.0,88.0,94.66666666666667,22.722969289539005,119.0,74.0,76.16666666666667,25.134969000709848,119.0,52.0,78.58333333333333,26.141079943377353,139.0,52.0,67.45833333333333,22.74810869666724,139.0,41.0,30.0,27.9,24.0,47.0,60.0,86.0,1.0,1.0,0.33,1012.0,1014.0,1015.0,1414.7,47.0,30.1,0.0,0.799725808294299,16.640479931438364,22.996714755034994,14.147,29.6,0.029772473024260115,906.0100000000001,2209,1.0,1022121,662.3,110.38333333333333,28.0,55.0,0.10000000000000142
261,115.2,8.0,150.0,173.8,102.0,23,0.0,1011,47,30.1,1.1,1.0,2023,11,2,15,3,306,44,-0.7071067811865471,-0.7071067811865479,-0.5000000000000004,0.8660254037844384,0.43388373911755823,-0.900968867902419,3,1,0,119.0,91.0,74.0,52.0,80.0,72.0,116.33333333333333,24.11085509336672,139.0,91.0,90.66666666666667,32.43866006274984,139.0,57.0,83.5,31.442588373674752,139.0,52.0,70.25,27.03660964081096,139.0,41.0,30.1,29.0,25.4,47.0,53.0,77.0,1.0,1.0,0.66,1011.0,1013.0,1015.0,1414.7,47.0,30.1,0.0,0.7997652487615146,14.39820022497188,18.747656542932134,14.147,29.6,0.029772473024260115,906.0100000000001,2209,1.0,1022121,688.0,114.66666666666667,20.0,65.0,0.0
252,113.8,9.0,139.0,165.0,94.0,23,0.0,1010,48,30.2,1.0,1.0,2023,11,2,16,3,306,44,-0.8660254037844385,-0.5000000000000004,-0.5000000000000004,0.8660254037844384,0.43388373911755823,-0.900968867902419,3,1,0,139.0,119.0,91.0,57.0,74.0,72.0,130.0,10.148891565091787,139.0,119.0,103.16666666666667,31.30122468317556,139.0,64.0,88.33333333333333,34.18753981771517,139.0,52.0,72.75,29.834689468003553,139.0,41.0,30.1,30.0,26.9,47.0,47.0,68.0,1.0,1.0,1.0,1011.0,1012.0,1015.0,1449.6,48.0,30.2,0.0,0.799995151544536,12.64303966225975,15.4427285857127,14.495999999999999,29.7,0.02990096049409852,912.04,2304,1.0,1020100,652.8,108.8,-7.0,41.0,0.09999999999999787
187,132.5,11.0,120.3,103.8,86.3,22,0.0,1010,54,29.3,1.1,1.33,2023,11,2,17,3,306,44,-0.9659258262890683,-0.25881904510252063,-0.5000000000000004,0.8660254037844384,0.43388373911755823,-0.900968867902419,3,1,0,132.0,139.0,119.0,64.0,60.0,64.0,118.0,30.512292604784612,139.0,83.0,106.33333333333333,27.2445713246995,139.0,74.0,90.25,33.0815109031668,139.0,52.0,73.54166666666667,29.84449430933181,139.0,41.0,30.2,30.1,27.9,48.0,47.0,60.0,1.0,1.0,1.0,1010.0,1011.0,1014.0,1582.2,71.82000000000001,38.969,0.0,0.7996069402028883,12.044359603672394,10.93536951186256,15.822000000000001,28.635,0.0290098722674532,858.49,2916,1.7689000000000001,1020100,536.9,89.48333333333333,-49.0,-36.0,-0.8999999999999986
155,151.2,13.0,101.7,73.8,78.7,22,0.0,1011,62,28.3,0.0,1.66,2023,11,2,18,3,306,44,-1.0,-1.8369701987210297e-16,-0.5000000000000004,0.8660254037844384,0.43388373911755823,-0.900968867902419,3,2,0,83.0,132.0,139.0,74.0,69.0,49.0,91.33333333333333,37.20663023351259,132.0,59.0,103.83333333333333,31.205234603614805,139.0,59.0,89.41666666666667,33.78396158839341,139.0,52.0,73.95833333333333,29.555370536270743,139.0,41.0,29.3,30.1,29.0,54.0,47.0,53.0,1.33,1.0,1.0,1010.0,1011.0,1013.0,1754.6000000000001,102.92,46.978,0.0,0.799447161962575,11.629874625028844,7.82247519421583,17.546000000000003,27.470000000000002,0.027992059355035258,800.89,3844,2.7556,1022121,477.4,79.56666666666666,-24.0,-80.0,-1.0
156,169.8,15.0,83.0,75.0,71.0,21,0.0,1011,71,27.4,0.0,2.0,2023,11,2,19,3,306,44,-0.9659258262890684,0.2588190451025203,-0.5000000000000004,0.8660254037844384,0.43388373911755823,-0.900968867902419,3,2,0,59.0,83.0,132.0,91.0,139.0,53.0,67.33333333333333,13.576941236277742,83.0,59.0,98.66666666666667,35.959236180244986,139.0,59.0,82.83333333333333,30.809778062206284,139.0,52.0,74.25,29.37353141564895,139.0,41.0,28.3,30.2,30.0,62.0,48.0,47.0,1.66,1.0,1.0,1011.0,1010.0,1012.0,1945.3999999999999,142.0,54.8,0.0,0.7999893334755536,11.319245383641091,5.532964469035398,19.453999999999997,26.4,0.02710185252042283,750.7599999999999,5041,4.0,1022121,473.8,78.96666666666667,1.0,-72.0,-0.9000000000000021
156,166.5,14.7,77.7,75.0,65.0,0,0.0,1012,76,26.7,0.0,1.66,2023,11,2,20,3,306,44,-0.8660254037844386,0.5000000000000001,-0.5000000000000004,0.8660254037844384,0.43388373911755823,-0.900968867902419,3,2,0,60.0,59.0,83.0,119.0,64.0,49.0,59.666666666666664,0.5773502691961131,60.0,59.0,88.83333333333333,37.32782697488086,139.0,59.0,82.5,31.052741058926035,139.0,52.0,74.70833333333333,29.04640839380558,139.0,41.0,27.4,29.3,30.1,71.0,54.0,47.0,2.0,1.33,1.0,1011.0,1010.0,1011.0,2029.2,126.16,44.321999999999996,0.0,0.7999893334755536,11.325760152370588,5.285354737772941,20.292,25.87,0.02638337313895935,712.89,5776,2.7556,1024144,458.9,76.48333333333333,0.0,-23.0,-0.6999999999999993
153,163.2,14.3,72.3,72.5,59.0,0,0.0,1012,82,26.1,0.0,1.33,2023,11,2,21,3,306,44,-0.7071067811865477,0.7071067811865474,-0.5000000000000004,0.8660254037844384,0.43388373911755823,-0.900968867902419,3,2,0,60.0,60.0,59.0,139.0,52.0,51.0,59.333333333333336,1.1547005383825335,60.0,58.0,75.33333333333333,29.35075240375697,132.0,58.0,83.0,30.56141357987198,139.0,57.0,75.0,28.832348982108904,139.0,41.0,26.7,28.3,30.1,76.0,62.0,47.0,1.66,1.66,1.0,1012.0,1011.0,1011.0,2140.2000000000003,109.06,34.713,0.0,0.799988965669439,11.411789385357666,5.055590518145584,21.402,25.435000000000002,0.025790488349319816,681.21,6724,1.7689000000000001,1024144,439.3,73.21666666666667,-2.0,-1.0,-0.5999999999999979
153,159.9,14.0,67.0,72.5,53.0,0,0.0,1012,88,25.4,0.0,1.0,2023,11,2,22,3,306,44,-0.5000000000000004,0.8660254037844384,-0.5000000000000004,0.8660254037844384,0.43388373911755823,-0.900968867902419,3,3,0,58.0,60.0,60.0,132.0,57.0,41.0,58.666666666666664,1.1547005383826074,60.0,58.0,63.0,9.838699100998152,83.0,58.0,83.08333333333333,30.48534173346338,139.0,58.0,75.70833333333333,28.161767432594957,139.0,48.0,26.1,27.4,30.2,82.0,71.0,48.0,1.33,2.0,1.0,1012.0,1011.0,1010.0,2235.2,88.0,25.4,0.0,0.799988965669439,11.420612813370475,4.785372473394758,22.351999999999997,24.9,0.025098789428073687,645.16,7744,1.0,1024144,424.4,70.73333333333333,0.0,-2.0,-0.7000000000000028
145,151.0,13.7,64.7,65.0,49.0,0,0.0,1012,89,25.1,0.0,0.66,2023,11,2,23,3,306,44,-0.25881904510252157,0.9659258262890681,-0.5000000000000004,0.8660254037844384,0.43388373911755823,-0.900968867902419,3,3,0,58.0,58.0,60.0,83.0,64.0,48.0,56.0,3.4641016151389716,58.0,52.0,57.833333333333336,2.994439290860592,60.0,52.0,82.08333333333333,31.35270999837826,139.0,52.0,75.875,28.002037969312383,139.0,49.0,25.4,26.7,29.3,88.0,76.0,54.0,1.0,1.66,1.33,1012.0,1012.0,1010.0,2233.9,58.74,16.566000000000003,0.0,0.7999876924970385,11.021093350850304,4.72228304503321,22.339000000000002,24.770000000000003,0.024802347033253923,630.0100000000001,7921,0.43560000000000004,1024144,395.4,65.89999999999999,-6.0,-8.0,-0.29999999999999716
126,142.0,13.3,62.3,56.3,45.0,0,0.0,1012,91,24.7,0.0,0.33,2023,11,3,0,4,307,44,0.0,1.0,-0.5000000000000004,0.8660254037844384,-0.433883739117558,-0.9009688679024191,3,3,0,52.0,58.0,58.0,59.0,74.0,49.0,51.666666666666664,6.506407098648444,58.0,45.0,55.5,5.924525297438062,60.0,45.0,79.66666666666667,33.10131371557562,139.0,45.0,75.70833333333333,28.180287847863358,139.0,45.0,25.1,26.1,28.3,89.0,82.0,62.0,0.66,1.33,1.66,1012.0,1012.0,1011.0,2247.7,30.03,8.151,0.0,0.7992753237065062,10.675889030899933,4.6838583565145475,22.476999999999997,24.535,0.024407090506827562,610.0899999999999,8281,0.10890000000000001,1024144,363.90000000000003,60.650000000000006,-7.0,-13.0,-0.40000000000000213
148,133.1,13.0,60.0,66.3,41.0,0,0.0,1011,93,24.4,0.0,2.0,2023,11,3,1,4,307,44,0.25881904510252074,0.9659258262890683,-0.5000000000000004,0.8660254037844384,-0.433883739117558,-0.9009688679024191,3,3,0,45.0,52.0,58.0,60.0,91.0,53.0,50.0,4.358898943541814,53.0,45.0,54.333333333333336,5.537749241943925,60.0,45.0,76.5,33.73021305487498,139.0,45.0,75.70833333333333,28.180287847863358,139.0,45.0,24.7,25.4,27.4,91.0,88.0,71.0,0.33,1.0,2.0,1012.0,1012.0,1011.0,2269.2,186.0,48.8,0.0,0.7993846246662946,10.237674025074995,4.615029613106684,22.691999999999997,23.4,0.024134496405048066,595.3599999999999,8649,4.0,1022121,366.4,61.06666666666666,8.0,-5.0,-0.3000000000000007
121,140.1,14.0,56.7,53.8,44.7,0,0.0,1011,93,24.2,0.0,0.33,2023,11,3,2,4,307,44,0.49999999999999994,0.8660254037844387,-0.5000000000000004,0.8660254037844384,-0.433883739117558,-0.9009688679024191,3,3,0,53.0,45.0,52.0,60.0,119.0,75.0,47.0,5.291502622130193,53.0,43.0,51.5,6.348228099240333,58.0,43.0,70.16666666666667,32.121455116290534,139.0,43.0,74.375,28.96146240002143,139.0,43.0,24.4,25.1,26.7,93.0,89.0,76.0,2.0,0.66,1.66,1011.0,1012.0,1012.0,2250.6,30.69,7.986,0.0,0.7992416497834613,10.006428112277694,4.049710734947504,22.506,24.035,0.023936672664023082,585.64,8649,0.10890000000000001,1022121,352.3,58.71666666666667,-10.0,-9.0,-0.1999999999999993
115,147.1,15.0,53.3,51.3,48.3,25,0.0,1011,94,24.0,0.0,0.66,2023,11,3,3,4,307,44,0.7071067811865476,0.7071067811865476,-0.5000000000000004,0.8660254037844384,-0.433883739117558,-0.9009688679024191,3,3,0,43.0,53.0,45.0,58.0,139.0,80.0,45.666666666666664,6.429100507329496,53.0,41.0,48.666666666666664,6.653319973265368,58.0,41.0,62.0,24.60968028309907,132.0,41.0,72.75,29.716413265926498,139.0,41.0,24.2,24.7,26.1,93.0,91.0,82.0,0.33,0.33,1.33,1011.0,1012.0,1012.0,2256.0,62.040000000000006,15.84,0.0,0.7992046938656168,9.806012932471168,3.553096460235984,22.56,23.67,0.023738848922998098,576.0,8836,0.43560000000000004,1022121,356.0,59.333333333333336,-2.0,-4.0,-0.1999999999999993
112,154.1,16.0,50.0,50.0,52.0,16,0.0,1010,95,23.8,0.0,1.0,2023,11,3,4,4,307,44,0.8660254037844386,0.5000000000000001,-0.5000000000000004,0.8660254037844384,-0.433883739117558,-0.9009688679024191,3,3,0,41.0,43.0,53.0,58.0,132.0,74.0,41.333333333333336,1.5275252316559198,43.0,40.0,45.666666666666664,5.573747990952998,53.0,40.0,54.333333333333336,11.834720362585694,83.0,40.0,71.33333333333333,30.45547950507569,139.0,40.0,24.0,24.4,25.4,94.0,93.0,88.0,0.66,2.0,1.0,1011.0,1011.0,1012.0,2261.0,95.0,23.8,0.0,0.7999840003199936,9.630648084494718,3.124804699706268,22.61,23.3,0.02356433310462069,566.44,9025,1.0,1020100,362.1,60.35,-1.0,-13.0,-0.1999999999999993
121,189.3,18.3,45.3,53.8,62.3,15,0.0,1011,95,23.9,0.0,1.0,2023,11,3,5,4,307,44,0.9659258262890683,0.25881904510252074,-0.5000000000000004,0.8660254037844384,-0.433883739117558,-0.9009688679024191,3,3,0,40.0,41.0,43.0,52.0,83.0,60.0,41.333333333333336,1.5275252316559198,43.0,40.0,44.166666666666664,4.665476038589516,53.0,40.0,51.0,8.05661783312865,60.0,40.0,70.625,30.924610292437922,139.0,40.0,23.8,24.2,25.1,95.0,93.0,89.0,1.0,0.33,0.66,1010.0,1011.0,1012.0,2270.5,95.0,23.9,0.0,0.7992416497834613,10.343697065734112,2.475274575159827,22.705,23.4,0.023639937052485606,571.2099999999999,9025,1.0,1022121,412.00000000000006,68.66666666666667,3.0,0.0,0.09999999999999787
231,224.5,20.7,40.7,145.0,72.7,14,0.0,1011,94,24.1,0.0,1.0,2023,11,3,6,4,307,44,1.0,6.123233995736766e-17,-0.5000000000000004,0.8660254037844384,-0.433883739117558,-0.9009688679024191,3,0,0,43.0,40.0,41.0,45.0,59.0,69.0,66.33333333333333,43.0387422368886,116.0,40.0,56.0,29.759032242329113,116.0,40.0,55.75,20.458938922098955,116.0,40.0,72.58333333333333,32.27587154606362,139.0,40.0,23.9,24.0,24.7,95.0,94.0,91.0,1.0,0.66,0.33,1011.0,1011.0,1012.0,2265.4,94.0,24.1,0.0,0.7999944827966703,10.844886720448287,1.9660885947538767,22.654,23.6,0.023837760793510594,580.8100000000001,8836,1.0,1022121,619.6,103.26666666666667,73.0,75.0,0.20000000000000284
191,259.7,23.0,36.0,107.5,83.0,14,0.0,1011,94,24.2,1.2,1.0,2023,11,3,7,4,307,44,0.9659258262890683,-0.25881904510252063,-0.5000000000000004,0.8660254037844384,-0.433883739117558,-0.9009688679024191,3,0,0,116.0,43.0,40.0,53.0,60.0,139.0,81.66666666666667,36.692415201691695,116.0,43.0,61.5,32.05464084964893,116.0,40.0,57.916666666666664,22.248425208144894,116.0,40.0,70.375,29.20067375637271,139.0,40.0,24.1,23.8,24.4,94.0,95.0,93.0,1.0,1.0,2.0,1011.0,1010.0,1011.0,2274.7999999999997,94.0,24.2,0.0,0.7999925582087608,11.290813442893786,1.5651493413329853,22.747999999999998,23.7,0.023936672664023082,585.64,8836,1.0,1022121,595.2,99.2,-30.0,46.0,0.09999999999999787
164,205.2,18.3,55.3,82.5,82.7,13,0.0,1011,83,25.6,2.2,1.33,2023,11,3,8,4,307,44,0.8660254037844387,-0.4999999999999998,-0.5000000000000004,0.8660254037844384,-0.433883739117558,-0.9009688679024191,3,0,0,86.0,116.0,43.0,43.0,60.0,64.0,89.33333333333333,25.16611478423584,116.0,66.0,65.33333333333333,30.74844169493225,116.0,40.0,58.416666666666664,22.3666079572908,116.0,40.0,70.45833333333333,29.184539037658393,139.0,40.0,24.2,23.9,24.2,94.0,95.0,93.0,1.0,1.0,0.33,1011.0,1011.0,1011.0,2124.8,110.39,34.048,0.0,0.7999903031478406,11.212502049068355,3.02169280367193,21.248,24.935000000000002,0.02532143885119797,655.3600000000001,6889,1.7689000000000001,1022121,510.0,85.0,-20.0,23.0,1.4000000000000021
142,150.8,13.7,74.7,63.8,82.3,13,0.0,1012,74,27.1,3.4,1.66,2023,11,3,9,4,307,44,0.7071067811865476,-0.7071067811865475,-0.5000000000000004,0.8660254037844384,-0.433883739117558,-0.9009688679024191,3,0,0,66.0,86.0,116.0,41.0,58.0,52.0,67.66666666666667,17.559422921421383,86.0,51.0,67.0,29.407482041140156,116.0,40.0,57.833333333333336,22.469507958092468,116.0,40.0,70.41666666666667,29.21273794034105,139.0,40.0,25.6,24.1,24.0,83.0,94.0,94.0,1.33,1.0,0.66,1011.0,1011.0,1011.0,2005.4,122.83999999999999,44.986,0.0,0.7993605115907275,11.006495876213418,5.452156776877601,20.054000000000002,26.270000000000003,0.026778629665385707,734.4100000000001,5476,2.7556,1024144,436.3,72.71666666666667,-15.0,-65.0,1.5
126,96.3,9.0,94.0,56.3,82.0,12,0.0,1012,65,28.5,4.3,2.0,2023,11,3,10,4,307,44,0.49999999999999994,-0.8660254037844387,-0.5000000000000004,0.8660254037844384,-0.433883739117558,-0.9009688679024191,3,0,0,51.0,66.0,86.0,40.0,58.0,57.0,54.0,10.816653826392361,66.0,45.0,67.83333333333333,28.547621033400443,116.0,43.0,56.75,22.772092170421566,116.0,40.0,69.91666666666667,29.55307188721743,139.0,40.0,27.1,24.2,23.8,74.0,94.0,95.0,1.66,1.0,1.0,1012.0,1011.0,1010.0,1852.5,130.0,57.0,0.0,0.7992753237065062,10.6988112431952,10.443284079546718,18.525,27.5,0.028162027507877958,812.25,4225,4.0,1024144,382.6,63.76666666666667,-6.0,-41.0,1.3999999999999986
102,93.8,7.7,102.3,45.0,77.0,16,0.0,1011,60,29.4,4.8,2.0,2023,11,3,11,4,307,44,0.258819045102521,-0.9659258262890682,-0.5000000000000004,0.8660254037844384,-0.433883739117558,-0.9009688679024191,3,0,0,45.0,51.0,66.0,43.0,52.0,64.0,44.0,7.549834435271466,51.0,36.0,66.66666666666667,29.87752778706176,116.0,36.0,55.416666666666664,23.53124937120192,116.0,36.0,68.75,30.339026380870507,139.0,36.0,28.5,25.6,23.9,65.0,83.0,95.0,2.0,1.33,1.0,1012.0,1011.0,1011.0,1764.0,120.0,58.8,0.0,0.7999822226172753,12.180236332943773,13.28398909232567,17.64,28.4,0.02908008993067267,864.3599999999999,3600,4.0,1022121,361.8,60.300000000000004,-9.0,-30.0,0.8999999999999986
142,91.2,6.3,110.7,63.8,72.0,20,0.0,1010,56,30.2,4.9,2.0,2023,11,3,12,4,307,44,1.2246467991473532e-16,-1.0,-0.5000000000000004,0.8660254037844384,-0.433883739117558,-0.9009688679024191,3,1,0,36.0,45.0,51.0,116.0,45.0,74.0,44.0,7.549834435271466,51.0,36.0,55.833333333333336,17.724747294860084,86.0,36.0,55.916666666666664,23.352859795024127,116.0,36.0,67.79166666666667,30.52864537456293,139.0,36.0,29.4,27.1,24.1,60.0,74.0,94.0,2.0,1.66,1.0,1011.0,1012.0,1011.0,1691.2,112.0,60.4,0.0,0.7993605115907275,14.473893032851928,17.56863989842882,16.912,29.2,0.02990096049409852,912.04,3136,4.0,1020100,395.0,65.83333333333333,15.0,0.0,0.8000000000000007
98,88.7,5.0,119.0,42.5,67.0,25,0.0,1009,52,31.1,4.2,2.0,2023,11,3,13,4,307,44,-0.2588190451025208,-0.9659258262890683,-0.5000000000000004,0.8660254037844384,-0.433883739117558,-0.9009688679024191,3,1,0,51.0,36.0,45.0,86.0,53.0,91.0,40.333333333333336,9.291573243178195,51.0,34.0,47.166666666666664,11.72035266818588,66.0,34.0,54.333333333333336,24.197420348358328,116.0,34.0,65.41666666666667,30.86001587345945,139.0,34.0,30.2,28.5,24.2,56.0,65.0,94.0,2.0,2.0,1.0,1010.0,1012.0,1011.0,1617.2,104.0,62.2,0.0,0.7999811769134845,17.736452709458106,23.795240951809635,16.172,30.1,0.030822566082689712,967.21,2704,4.0,1018081,356.2,59.36666666666667,-17.0,-11.0,0.9000000000000021
89,87.5,5.3,113.3,37.5,60.3,25,0.0,1008,51,31.2,2.1,2.0,2023,11,3,14,4,307,44,-0.4999999999999997,-0.8660254037844388,-0.5000000000000004,0.8660254037844384,-0.433883739117558,-0.9009688679024191,3,1,0,34.0,51.0,36.0,66.0,43.0,119.0,38.333333333333336,11.15048578911903,51.0,30.0,41.166666666666664,9.06458309392402,51.0,30.0,53.25,25.02771191372392,116.0,30.0,61.708333333333336,29.456643403139676,139.0,30.0,31.1,29.4,25.6,52.0,60.0,83.0,2.0,2.0,1.33,1009.0,1011.0,1011.0,1591.2,102.0,62.4,0.0,0.7999786672355405,16.506319562346725,21.373325787587248,15.912,30.2,0.03095235024568428,973.4399999999999,2601,4.0,1016064,333.90000000000003,55.650000000000006,-4.0,-6.0,0.09999999999999787
102,86.4,5.7,107.7,45.0,53.7,25,0.0,1008,51,31.4,1.3,2.0,2023,11,3,15,4,307,44,-0.7071067811865471,-0.7071067811865479,-0.5000000000000004,0.8660254037844384,-0.433883739117558,-0.9009688679024191,3,1,0,30.0,34.0,51.0,51.0,41.0,139.0,33.333333333333336,3.0550504633060513,36.0,30.0,38.666666666666664,7.788880963697782,51.0,30.0,52.833333333333336,25.29043417195631,116.0,30.0,57.416666666666664,24.848964052707977,132.0,30.0,31.2,30.2,27.1,51.0,56.0,74.0,2.0,2.0,1.66,1008.0,1010.0,1012.0,1601.3999999999999,102.0,62.8,0.0,0.7999822226172753,15.155235923522188,18.89142255744606,16.014,30.4,0.03115076274725918,985.9599999999999,2601,4.0,1016064,334.5,55.75,6.0,-15.0,0.1999999999999993
93,85.2,6.0,102.0,40.0,47.0,25,0.0,1008,51,31.5,1.5,2.0,2023,11,3,16,4,307,44,-0.8660254037844385,-0.5000000000000004,-0.5000000000000004,0.8660254037844384,-0.433883739117558,-0.9009688679024191,3,1,0,36.0,30.0,34.0,45.0,40.0,132.0,32.666666666666664,3.0550504633060758,36.0,30.0,36.5,7.4766302570066605,51.0,30.0,52.166666666666664,25.760552412672666,116.0,30.0,53.25,19.636368211096382,116.0,30.0,31.4,31.1,28.5,51.0,52.0,65.0,2.0,2.0,2.0,1008.0,1009.0,1012.0,1606.5,102.0,63.0,0.0,0.7999800004999875,14.197633727712047,16.997167138810198,16.065,30.5,0.03124996899804663,992.25,2601,4.0,1016064,312.2,52.03333333333333,-4.0,-2.0,0.10000000000000142
98,102.7,8.7,92.3,42.5,50.0,33,0.0,1008,56,30.6,1.9,2.0,2023,11,3,17,4,307,44,-0.9659258262890683,-0.25881904510252063,-0.5000000000000004,0.8660254037844384,-0.433883739117558,-0.9009688679024191,3,1,0,32.0,36.0,30.0,36.0,43.0,83.0,34.0,2.000000000003258,36.0,32.0,36.166666666666664,7.547626558505277,51.0,30.0,51.416666666666664,26.179305961122342,116.0,30.0,51.208333333333336,18.943805151637424,116.0,30.0,31.5,31.2,29.4,51.0,51.0,60.0,2.0,2.0,2.0,1008.0,1008.0,1011.0,1713.6000000000001,112.0,61.2,0.0,0.7999811769134845,11.803241006780832,10.60797609470176,17.136000000000003,29.6,0.030357112740959584,936.3600000000001,3136,4.0,1016064,330.2,55.03333333333333,2.0,4.0,-0.8999999999999986
145,120.2,11.3,82.7,65.0,53.0,41,0.0,1008,62,29.6,0.0,2.0,2023,11,3,18,4,307,44,-1.0,-1.8369701987210297e-16,-0.5000000000000004,0.8660254037844384,-0.433883739117558,-0.9009688679024191,3,2,0,34.0,32.0,36.0,51.0,116.0,59.0,39.333333333333336,11.015141094572742,52.0,32.0,36.333333333333336,7.9414524280294065,52.0,30.0,46.083333333333336,16.58837672661914,86.0,30.0,50.916666666666664,18.872378405137038,116.0,30.0,30.6,31.4,30.2,56.0,51.0,56.0,2.0,2.0,2.0,1008.0,1008.0,1010.0,1835.2,124.0,59.2,0.0,0.7999876924970385,10.636226882576763,7.3179364657994865,18.352,28.6,0.02936505023308509,876.1600000000001,3844,4.0,1016064,384.2,64.03333333333333,18.0,16.0,-1.0
148,137.7,14.0,73.0,66.3,56.0,50,0.0,1009,67,28.7,0.0,2.0,2023,11,3,19,4,307,44,-0.9659258262890684,0.2588190451025203,-0.5000000000000004,0.8660254037844384,-0.433883739117558,-0.9009688679024191,3,2,0,52.0,34.0,32.0,34.0,86.0,60.0,46.333333333333336,10.692676621564107,53.0,34.0,39.5,10.271319292086428,53.0,30.0,43.333333333333336,11.243853539789662,66.0,30.0,50.625,18.779758992758744,116.0,30.0,29.6,31.5,31.1,62.0,51.0,52.0,2.0,2.0,2.0,1008.0,1008.0,1009.0,1922.8999999999999,134.0,57.4,0.0,0.7993846246662946,9.835011784872508,5.213913291907721,19.229,27.7,0.028443975774057707,823.6899999999999,4489,4.0,1018081,400.0,66.66666666666667,1.0,21.0,-0.9000000000000021
102,139.9,14.0,69.3,45.0,54.0,37,0.0,1009,74,27.9,0.0,2.0,2023,11,3,20,4,307,44,-0.8660254037844386,0.5000000000000001,-0.5000000000000004,0.8660254037844384,-0.433883739117558,-0.9009688679024191,3,2,0,53.0,52.0,34.0,30.0,66.0,60.0,47.0,9.539392014169989,53.0,36.0,40.5,9.418067742376172,53.0,32.0,40.833333333333336,8.819743691733775,53.0,30.0,49.625,18.897463597922286,116.0,30.0,28.7,30.6,31.2,67.0,56.0,51.0,2.0,2.0,2.0,1009.0,1008.0,1008.0,2064.6,148.0,55.8,0.0,0.7999822226172753,9.992143418327263,4.949646453824727,20.646,26.9,0.027651112337847037,778.41,5476,4.0,1018081,358.2,59.699999999999996,-17.0,2.0,-0.8000000000000007
107,142.0,14.0,65.7,47.5,52.0,25,0.0,1010,80,27.2,0.0,2.0,2023,11,3,21,4,307,44,-0.7071067811865477,0.7071067811865474,-0.5000000000000004,0.8660254037844384,-0.433883739117558,-0.9009688679024191,3,2,0,36.0,53.0,52.0,36.0,51.0,58.0,42.333333333333336,9.291573243178174,53.0,36.0,40.833333333333336,9.261029460413848,53.0,32.0,39.75,8.236559299301401,53.0,30.0,48.791666666666664,18.95298339866734,116.0,30.0,27.9,29.6,31.4,74.0,62.0,51.0,2.0,2.0,2.0,1009.0,1008.0,1008.0,2176.0,160.0,54.4,0.0,0.7999831582493001,10.1421327048068,4.692521962716949,21.76,26.2,0.026930666405280787,739.8399999999999,6400,4.0,1020100,359.2,59.86666666666667,2.0,-14.0,-0.6999999999999993
95,144.1,14.0,62.0,41.3,50.0,12,0.0,1011,88,26.4,0.0,2.0,2023,11,3,22,4,307,44,-0.5000000000000004,0.8660254037844384,-0.5000000000000004,0.8660254037844384,-0.433883739117558,-0.9009688679024191,3,3,0,38.0,36.0,53.0,32.0,45.0,58.0,35.666666666666664,2.516611478426114,38.0,33.0,41.0,9.077444574327432,53.0,33.0,38.75,8.26960480533159,53.0,30.0,47.75,19.111230479348965,116.0,30.0,27.2,28.7,31.5,80.0,67.0,51.0,2.0,2.0,2.0,1010.0,1009.0,1008.0,2323.2,176.0,52.8,0.0,0.7990121304568898,10.292121991286336,4.428255124633955,23.232,25.4,0.026112733815297908,696.9599999999999,7744,4.0,1022121,344.4,57.4,-5.0,-20.0,-0.8000000000000007
91,136.8,13.3,59.0,38.8,46.3,37,0.0,1010,90,26.2,0.0,2.0,2023,11,3,23,4,307,44,-0.25881904510252157,0.9659258262890681,-0.5000000000000004,0.8660254037844384,-0.433883739117558,-0.9009688679024191,3,3,0,33.0,38.0,36.0,34.0,36.0,52.0,34.0,3.605551275465809,38.0,31.0,40.5,9.607288899579665,53.0,31.0,38.333333333333336,8.542230210530315,53.0,30.0,46.875,19.38693531400925,116.0,30.0,26.4,27.9,30.6,88.0,74.0,56.0,2.0,2.0,2.0,1011.0,1009.0,1008.0,2358.0,180.0,52.4,0.0,0.7989484807092602,10.284940981881062,4.435756710021803,23.58,25.2,0.025940568375674874,686.4399999999999,8100,4.0,1020100,325.20000000000005,54.20000000000001,-2.0,-5.0,-0.1999999999999993
93,129.4,12.7,56.0,40.0,42.7,62,0.0,1010,92,25.9,0.0,2.0,2023,11,4,0,5,308,44,0.0,1.0,-0.5000000000000004,0.8660254037844384,-0.9749279121818236,-0.2225209339563146,3,3,1,31.0,33.0,38.0,52.0,51.0,45.0,32.0,1.000000000006792,33.0,31.0,37.166666666666664,8.183316361149314,53.0,31.0,36.75,7.700354183117484,53.0,30.0,46.333333333333336,19.621786176432476,116.0,30.0,26.2,27.2,29.6,90.0,80.0,62.0,2.0,2.0,2.0,1010.0,1010.0,1008.0,2382.7999999999997,184.0,51.8,0.0,0.7999800004999875,10.188174159515,4.409101645539722,23.827999999999996,24.9,0.0256435389667931,670.81,8464,4.0,1020100,312.8,52.13333333333333,1.0,-6.0,-0.3000000000000007
87,122.0,12.0,53.0,36.3,39.0,87,0.0,1010,94,25.7,0.0,2.0,2023,11,4,1,5,308,44,0.25881904510252074,0.9659258262890683,-0.5000000000000004,0.8660254037844384,-0.9749279121818236,-0.2225209339563146,3,3,1,32.0,31.0,33.0,53.0,34.0,53.0,30.666666666666668,1.5275252316564958,32.0,29.0,33.166666666666664,3.311595788536836,38.0,29.0,36.333333333333336,7.992420652017035,53.0,29.0,45.333333333333336,19.877158984004108,116.0,29.0,25.9,26.4,28.7,92.0,88.0,67.0,2.0,2.0,2.0,1010.0,1011.0,1009.0,2415.7999999999997,188.0,51.4,0.0,0.798876064020275,10.165819515040413,4.416298641779852,24.157999999999998,24.7,0.02544551936087192,660.49,8836,4.0,1020100,291.3,48.550000000000004,-3.0,-4.0,-0.1999999999999993
85,115.4,12.0,52.7,35.0,38.3,87,0.0,1010,94,25.7,0.0,2.0,2023,11,4,2,5,308,44,0.49999999999999994,0.8660254037844387,-0.5000000000000004,0.8660254037844384,-0.9749279121818236,-0.2225209339563146,3,3,1,29.0,32.0,31.0,36.0,30.0,43.0,29.666666666666668,2.0816659994695286,32.0,28.0,31.833333333333332,3.544949458970494,38.0,28.0,36.166666666666664,8.155682161239005,53.0,28.0,44.708333333333336,20.187122814711472,116.0,28.0,25.7,26.2,27.9,94.0,90.0,74.0,2.0,2.0,2.0,1010.0,1010.0,1009.0,2415.7999999999997,188.0,51.4,0.0,0.7999771435101855,9.61586534455462,4.391300724939589,24.157999999999998,24.7,0.02544551936087192,660.49,8836,4.0,1020100,281.40000000000003,46.900000000000006,-1.0,-3.0,0.0
91,108.7,12.0,52.3,38.8,37.7,87,0.0,1010,94,25.7,0.0,2.0,2023,11,4,3,5,308,44,0.7071067811865476,0.7071067811865476,-0.5000000000000004,0.8660254037844384,-0.9749279121818236,-0.2225209339563146,3,3,1,28.0,29.0,32.0,38.0,36.0,41.0,29.333333333333332,1.5275252316566001,31.0,28.0,30.666666666666668,1.861898672499514,33.0,28.0,35.75,8.291561975888545,53.0,28.0,44.291666666666664,20.369369943227756,116.0,28.0,25.7,25.9,27.2,94.0,92.0,80.0,2.0,2.0,2.0,1010.0,1010.0,1010.0,2415.7999999999997,188.0,51.4,0.0,0.7989484807092602,9.057578535122074,4.357970169152571,24.157999999999998,24.7,0.02544551936087192,660.49,8836,4.0,1020100,280.5,46.75,3.0,-1.0,0.0
82,102.1,12.0,52.0,33.8,37.0,87,0.0,1010,94,25.7,0.0,2.0,2023,11,4,4,5,308,44,0.8660254037844386,0.5000000000000001,-0.5000000000000004,0.8660254037844384,-0.9749279121818236,-0.2225209339563146,3,3,1,31.0,28.0,29.0,33.0,32.0,40.0,28.666666666666668,2.081665999469586,31.0,27.0,29.666666666666668,1.9663841604975538,32.0,27.0,35.333333333333336,8.616404368553344,53.0,27.0,43.75,20.6592436411912,116.0,27.0,25.7,25.7,26.4,94.0,94.0,88.0,2.0,2.0,2.0,1010.0,1010.0,1011.0,2415.7999999999997,188.0,51.4,0.0,0.7987929351202628,8.50762436463628,4.332972252312308,24.157999999999998,24.7,0.02544551936087192,660.49,8836,4.0,1020100,263.9,43.98333333333333,-4.0,-2.0,0.0
72,119.4,13.7,51.0,27.5,45.7,87,0.0,1010,94,25.7,0.0,2.0,2023,11,4,5,5,308,44,0.9659258262890683,0.25881904510252074,-0.5000000000000004,0.8660254037844384,-0.9749279121818236,-0.2225209339563146,3,3,1,27.0,31.0,28.0,31.0,34.0,43.0,26.666666666666668,4.509249752824542,31.0,22.0,28.166666666666668,3.5449494589706063,32.0,22.0,34.333333333333336,9.442008004207391,53.0,22.0,42.875,21.131703978701996,116.0,22.0,25.7,25.7,26.2,94.0,94.0,90.0,2.0,2.0,2.0,1010.0,1010.0,1010.0,2415.7999999999997,188.0,51.4,0.0,0.7999709101487218,8.71469235822203,3.722356032406394,24.157999999999998,24.7,0.02544551936087192,660.49,8836,4.0,1020100,279.3,46.550000000000004,-5.0,-6.0,0.0
74,136.8,15.3,50.0,28.8,54.3,87,0.0,1011,94,25.6,0.0,2.0,2023,11,4,6,5,308,44,1.0,6.123233995736766e-17,-0.5000000000000004,0.8660254037844384,-0.9749279121818236,-0.2225209339563146,3,0,1,22.0,27.0,31.0,32.0,52.0,116.0,24.0,2.6457513110675195,27.0,22.0,26.666666666666668,3.502380143082175,31.0,22.0,31.916666666666668,8.129165598838268,53.0,22.0,39.0,14.682139401031234,86.0,22.0,25.7,25.7,25.9,94.0,94.0,92.0,2.0,2.0,2.0,1010.0,1010.0,1010.0,2406.4,188.0,51.2,0.0,0.7985833825214401,8.940592118162213,3.2677602771060714,24.064,24.6,0.02532143885119797,655.3600000000001,8836,4.0,1022121,308.20000000000005,51.366666666666674,1.0,-8.0,-0.09999999999999787
100,154.1,17.0,49.0,43.8,63.0,87,0.0,1011,94,25.6,1.4,2.0,2023,11,4,7,5,308,44,0.9659258262890683,-0.25881904510252063,-0.5000000000000004,0.8660254037844384,-0.9749279121818236,-0.2225209339563146,3,0,1,23.0,22.0,27.0,29.0,53.0,86.0,26.666666666666668,7.234178138071262,35.0,22.0,27.666666666666668,4.885352256148588,35.0,22.0,30.416666666666668,4.907477288112102,38.0,22.0,36.875,10.747345476098596,66.0,22.0,25.6,25.7,25.7,94.0,94.0,94.0,2.0,2.0,2.0,1011.0,1010.0,1010.0,2406.4,188.0,51.2,0.0,0.7990685144174792,9.06417269572378,2.882183400976413,24.064,24.6,0.02532143885119797,655.3600000000001,8836,4.0,1022121,361.9,60.31666666666666,12.0,8.0,0.0
85,127.6,13.7,60.3,35.0,60.0,83,0.0,1012,88,26.5,2.1,1.33,2023,11,4,8,5,308,44,0.8660254037844387,-0.4999999999999998,-0.5000000000000004,0.8660254037844384,-0.9749279121818236,-0.2225209339563146,3,0,1,35.0,23.0,22.0,28.0,36.0,66.0,28.666666666666668,6.0277137733429,35.0,23.0,27.666666666666668,4.885352256148588,35.0,22.0,29.75,4.614699832649745,38.0,22.0,35.291666666666664,8.912517658579992,53.0,22.0,25.6,25.7,25.7,94.0,94.0,94.0,2.0,2.0,2.0,1011.0,1010.0,1010.0,2332.0,117.04,35.245000000000005,0.0,0.7999771435101855,9.313188818334428,4.4011386030216775,23.32,25.835,0.02618574487574617,702.25,7744,1.7689000000000001,1024144,324.59999999999997,54.099999999999994,-7.0,6.0,0.8999999999999986
74,101.2,10.3,71.7,28.8,57.0,79,0.0,1012,83,27.4,3.1,0.66,2023,11,4,9,5,308,44,0.7071067811865476,-0.7071067811865475,-0.5000000000000004,0.8660254037844384,-0.9749279121818236,-0.2225209339563146,3,0,1,28.0,35.0,23.0,31.0,38.0,51.0,28.666666666666668,6.0277137733429,35.0,23.0,26.333333333333332,4.885352256148617,35.0,22.0,28.5,4.188729466730702,35.0,22.0,34.125,8.593791995945212,53.0,22.0,26.5,25.6,25.7,88.0,94.0,94.0,1.33,2.0,2.0,1012.0,1011.0,1010.0,2274.2,54.78,18.084,0.0,0.7985833825214401,9.824288903989904,6.960489272886128,22.741999999999997,27.07,0.027075072060205475,750.7599999999999,6889,0.43560000000000004,1024144,292.0,48.666666666666664,-5.0,0.0,0.8999999999999986
67,74.7,7.0,83.0,25.0,54.0,75,0.0,1012,78,28.3,4.7,2.8,2023,11,4,10,5,308,44,0.49999999999999994,-0.8660254037844387,-0.5000000000000004,0.8660254037844384,-0.9749279121818236,-0.2225209339563146,3,0,1,23.0,28.0,35.0,27.0,33.0,45.0,23.666666666666668,4.041451884329307,28.0,20.0,25.166666666666668,5.492419017760447,35.0,20.0,27.416666666666668,4.5817490374777385,35.0,20.0,33.083333333333336,8.73233205898699,53.0,20.0,27.4,25.6,25.7,83.0,94.0,94.0,0.66,2.0,2.0,1012.0,1011.0,1010.0,2207.4,218.39999999999998,79.24,0.0,0.7999680012799487,10.669904299385802,11.855449221539779,22.074,26.900000000000002,0.02796439924466478,800.89,6084,7.839999999999999,1024144,263.7,43.949999999999996,-3.0,-15.0,0.9000000000000021
72,72.6,6.3,84.3,27.5,49.0,70,0.0,1011,69,29.5,4.6,0.66,2023,11,4,11,5,308,44,0.258819045102521,-0.9659258262890682,-0.5000000000000004,0.8660254037844384,-0.9749279121818236,-0.2225209339563146,3,0,1,20.0,23.0,28.0,22.0,31.0,36.0,21.666666666666668,1.5275252316572017,23.0,20.0,25.166666666666668,5.492419017760447,35.0,20.0,26.666666666666668,4.677476657215097,35.0,20.0,32.5,8.992750703616618,53.0,20.0,28.3,26.5,25.7,78.0,88.0,94.0,2.8,1.33,2.0,1012.0,1012.0,1010.0,2035.5,45.54,19.470000000000002,0.0,0.7999709101487218,11.521980637993968,13.378828757340104,20.355,29.17,0.029179001801185163,870.25,4761,0.43560000000000004,1022121,261.7,43.61666666666667,2.0,-6.0,1.1999999999999993
72,70.4,5.7,85.7,27.5,44.0,66,0.0,1010,62,30.6,5.2,1.33,2023,11,4,12,5,308,44,1.2246467991473532e-16,-1.0,-0.5000000000000004,0.8660254037844384,-0.9749279121818236,-0.2225209339563146,3,1,1,22.0,20.0,23.0,23.0,32.0,51.0,21.333333333333332,1.1547005383862374,22.0,20.0,25.0,5.585696017506682,35.0,20.0,25.833333333333332,4.5293654649582065,35.0,20.0,31.291666666666668,8.322202711483282,53.0,20.0,29.5,27.4,25.6,69.0,83.0,94.0,0.66,0.66,2.0,1011.0,1012.0,1011.0,1897.2,82.46000000000001,40.69800000000001,0.0,0.7999709101487218,12.348710752499562,15.032450447289948,18.972,29.935000000000002,0.030296999705940887,936.3600000000001,3844,1.7689000000000001,1020100,255.3,42.550000000000004,0.0,-1.0,1.1000000000000014
72,68.3,5.0,87.0,27.5,39.0,62,0.0,1009,55,31.8,5.1,2.0,2023,11,4,13,5,308,44,-0.2588190451025208,-0.9659258262890683,-0.5000000000000004,0.8660254037844384,-0.9749279121818236,-0.2225209339563146,3,1,1,22.0,22.0,20.0,35.0,29.0,34.0,22.0,0.0,22.0,22.0,22.833333333333332,2.7141603981078806,28.0,20.0,25.25,4.535215741085159,35.0,20.0,30.791666666666668,8.510756195221296,53.0,20.0,30.6,28.3,25.6,62.0,78.0,94.0,1.33,2.8,2.0,1010.0,1012.0,1011.0,1749.0,110.0,63.6,0.0,0.7999709101487218,13.65726854629074,17.396520695860826,17.49,30.8,0.03151632158937404,1011.24,3025,4.0,1018081,248.8,41.46666666666667,0.0,2.0,1.1999999999999993
63,70.8,5.7,89.0,22.5,45.0,50,0.0,1009,57,31.7,2.9,2.0,2023,11,4,14,5,308,44,-0.4999999999999997,-0.8660254037844388,-0.5000000000000004,0.8660254037844384,-0.9749279121818236,-0.2225209339563146,3,1,1,22.0,22.0,22.0,28.0,28.0,30.0,20.666666666666668,2.3094010767620303,22.0,18.0,21.166666666666668,1.8348478592672142,23.0,18.0,24.416666666666668,4.8889175848566175,35.0,18.0,30.291666666666668,8.90275563918381,53.0,18.0,31.8,29.5,26.5,55.0,69.0,88.0,2.0,0.66,1.33,1009.0,1011.0,1012.0,1806.8999999999999,114.0,63.4,0.0,0.7999644460246211,12.418873881775125,15.611296263813365,18.069,30.7,0.03141721365984771,1004.89,3249,4.0,1018081,251.0,41.833333333333336,-4.0,-4.0,-0.10000000000000142
78,73.3,6.3,91.0,31.3,51.0,37,1.0,1009,58,31.5,2.4,2.0,2023,11,4,15,5,308,44,-0.7071067811865471,-0.7071067811865479,-0.5000000000000004,0.8660254037844384,-0.9749279121818236,-0.2225209339563146,3,1,1,18.0,22.0,22.0,23.0,31.0,36.0,21.666666666666668,3.511884584286532,25.0,18.0,21.5,2.3452078799097413,25.0,18.0,23.916666666666668,4.4406865426082796,35.0,18.0,29.833333333333332,8.879221796427283,53.0,18.0,31.7,30.6,27.4,57.0,62.0,83.0,2.0,1.33,0.66,1009.0,1010.0,1012.0,1827.0,116.0,63.0,37.0,0.7986965272674994,11.633074115219806,14.442152039358831,18.27,30.5,0.031218997800795043,992.25,3364,4.0,1018081,277.9,46.31666666666666,7.0,3.0,-0.1999999999999993
91,75.9,7.0,93.0,38.8,57.0,25,0.0,1008,60,31.4,1.6,2.0,2023,11,4,16,5,308,44,-0.8660254037844385,-0.5000000000000004,-0.5000000000000004,0.8660254037844384,-0.9749279121818236,-0.2225209339563146,3,1,1,25.0,18.0,22.0,20.0,27.0,32.0,24.666666666666668,6.50640709864889,31.0,18.0,23.333333333333332,4.366539438348981,31.0,18.0,24.25,4.82653649581765,35.0,18.0,29.791666666666668,8.870954885451427,53.0,18.0,31.5,31.8,28.3,58.0,55.0,78.0,2.0,2.0,2.8,1009.0,1009.0,1012.0,1884.0,120.0,62.8,0.0,0.7989484807092602,10.841308384516498,13.28381659762891,18.84,30.4,0.03115076274725918,985.9599999999999,3600,4.0,1016064,302.7,50.449999999999996,6.0,9.0,-0.10000000000000142
131,90.1,9.0,88.7,58.8,58.0,31,0.0,1009,65,30.3,1.7,2.0,2023,11,4,17,5,308,44,-0.9659258262890683,-0.25881904510252063,-0.5000000000000004,0.8660254037844384,-0.9749279121818236,-0.2225209339563146,3,1,1,31.0,25.0,18.0,22.0,22.0,34.0,34.333333333333336,11.372481406155226,47.0,25.0,27.5,10.4833200847818,47.0,18.0,26.333333333333332,8.071648849616757,47.0,18.0,30.333333333333332,9.512767926486648,53.0,18.0,31.4,31.7,29.5,60.0,57.0,69.0,2.0,2.0,0.66,1008.0,1009.0,1011.0,1969.5,130.0,60.6,0.0,0.7993061342494175,10.009998889012332,9.854460615487168,19.695,29.3,0.030029702646479042,918.09,4225,4.0,1018081,351.6,58.6,16.0,29.0,-1.0999999999999979
123,104.3,11.0,84.3,55.0,59.0,37,0.0,1009,71,29.3,0.0,2.0,2023,11,4,18,5,308,44,-1.0,-1.8369701987210297e-16,-0.5000000000000004,0.8660254037844384,-0.9749279121818236,-0.2225209339563146,3,2,1,47.0,31.0,25.0,22.0,23.0,52.0,40.666666666666664,8.504900548116057,47.0,31.0,31.166666666666668,11.92336641501281,47.0,18.0,28.083333333333332,9.443211446549638,47.0,18.0,30.0,8.83668243866122,53.0,18.0,30.3,31.5,30.6,65.0,58.0,62.0,2.0,2.0,1.33,1009.0,1009.0,1010.0,2080.3,142.0,58.6,0.0,0.7999854548099126,9.480956276702118,7.6629397327515685,20.803,28.3,0.02903862335121571,858.49,5041,4.0,1018081,357.6,59.6,-3.0,19.0,-1.0
126,118.5,13.0,80.0,56.3,60.0,43,0.0,1010,77,28.2,0.0,2.0,2023,11,4,19,5,308,44,-0.9659258262890684,0.2588190451025203,-0.5000000000000004,0.8660254037844384,-0.9749279121818236,-0.2225209339563146,3,2,1,44.0,47.0,31.0,22.0,35.0,53.0,45.333333333333336,1.5275252316553145,47.0,44.0,35.0,12.083045973594075,47.0,18.0,28.916666666666668,10.492060490358256,47.0,18.0,29.666666666666668,8.046963600539653,47.0,18.0,29.3,31.4,31.8,71.0,60.0,55.0,2.0,2.0,2.0,1009.0,1008.0,1009.0,2171.4,154.0,56.4,0.0,0.7992753237065062,9.1146834858857,6.153372817475579,21.714000000000002,27.2,0.027920764434886697,795.24,5929,4.0,1020100,372.8,62.13333333333333,1.0,14.0,-1.1000000000000014
118,123.7,13.0,77.3,52.5,58.0,50,0.0,1010,81,27.6,0.0,1.66,2023,11,4,20,5,308,44,-0.8660254037844386,0.5000000000000001,-0.5000000000000004,0.8660254037844384,-0.9749279121818236,-0.2225209339563146,3,2,1,45.0,44.0,47.0,18.0,28.0,36.0,43.666666666666664,1.5275252316554542,45.0,42.0,39.0,8.876936408468135,47.0,25.0,30.083333333333332,11.139269874338096,47.0,18.0,29.916666666666668,8.340142145940751,47.0,18.0,28.2,30.3,31.7,77.0,65.0,57.0,2.0,2.0,2.0,1010.0,1009.0,1009.0,2235.6,134.45999999999998,45.816,0.0,0.7999847621950058,9.514652719021614,5.945696484885778,22.355999999999998,26.770000000000003,0.027326705617123154,761.7600000000001,6561,2.7556,1020100,366.5,61.083333333333336,-3.0,-5.0,-0.5999999999999979
110,129.0,13.0,74.7,48.8,56.0,56,0.0,1011,86,27.1,0.0,1.33,2023,11,4,21,5,308,44,-0.7071067811865477,0.7071067811865474,-0.5000000000000004,0.8660254037844384,-0.9749279121818236,-0.2225209339563146,3,2,1,42.0,45.0,44.0,25.0,23.0,38.0,42.0,3.0000000000018567,45.0,39.0,41.333333333333336,5.750362307424926,47.0,31.0,31.416666666666668,11.1718667222899,47.0,18.0,29.958333333333332,8.384660770233255,47.0,18.0,27.6,29.3,31.5,81.0,71.0,58.0,1.66,2.0,2.0,1010.0,1009.0,1009.0,2330.6,114.38000000000001,36.043000000000006,0.0,0.7991639515583698,9.92231366817937,5.745711868317822,23.305999999999997,26.435000000000002,0.026805116908885353,734.4100000000001,7396,1.7689000000000001,1022121,360.5,60.083333333333336,-3.0,-5.0,-0.5
95,134.2,13.0,72.0,41.3,54.0,62,0.0,1011,90,26.5,0.0,1.0,2023,11,4,22,5,308,44,-0.5000000000000004,0.8660254037844384,-0.5000000000000004,0.8660254037844384,-0.9749279121818236,-0.2225209339563146,3,3,1,39.0,42.0,45.0,31.0,20.0,33.0,38.0,4.582575694957168,42.0,33.0,41.666666666666664,5.046450898072155,47.0,33.0,32.5,10.57870932151427,47.0,18.0,29.958333333333332,8.384660770233255,47.0,18.0,27.1,28.2,31.4,86.0,77.0,60.0,1.33,2.0,2.0,1011.0,1010.0,1008.0,2385.0,90.0,26.5,0.0,0.7990121304568898,10.322282901315283,5.538035535728021,23.85,26.0,0.0262116456858104,702.25,8100,1.0,1022121,347.5,57.916666666666664,-6.0,-12.0,-0.6000000000000014
104,132.7,13.0,67.7,46.3,50.7,68,0.0,1011,91,26.5,0.0,1.0,2023,11,4,23,5,308,44,-0.25881904510252157,0.9659258262890681,-0.5000000000000004,0.8660254037844384,-0.9749279121818236,-0.2225209339563146,3,3,1,33.0,39.0,42.0,47.0,22.0,31.0,36.333333333333336,3.0550504633059536,39.0,33.0,40.0,4.560701700395122,45.0,33.0,33.75,10.100630043355155,47.0,18.0,30.208333333333332,8.505646036178453,47.0,18.0,26.5,27.6,30.3,90.0,81.0,65.0,1.0,1.66,2.0,1011.0,1010.0,1009.0,2411.5,91.0,26.5,0.0,0.799118809528952,10.206907160987615,5.207291746788709,24.115,26.0,0.0262116456858104,702.25,8281,1.0,1022121,347.4,57.9,4.0,-5.0,0.0
91,131.1,13.0,63.3,38.8,47.3,75,0.0,1010,92,26.4,0.0,1.0,2023,11,5,0,6,309,44,0.0,1.0,-0.5000000000000004,0.8660254037844384,-0.7818314824680299,0.6234898018587334,3,3,1,37.0,33.0,39.0,44.0,22.0,32.0,33.666666666666664,3.0550504633060656,37.0,31.0,37.833333333333336,5.307227776029036,45.0,31.0,34.5,9.462846006643863,47.0,18.0,30.166666666666668,8.498934289543342,47.0,18.0,26.5,27.1,29.3,91.0,86.0,71.0,1.0,1.33,2.0,1011.0,1011.0,1009.0,2428.7999999999997,92.0,26.4,0.0,0.7989484807092602,10.083839704638105,4.868856241827552,24.287999999999997,25.9,0.026138587981596056,696.9599999999999,8464,1.0,1020100,324.5,54.083333333333336,-6.0,-8.0,-0.10000000000000142
85,129.6,13.0,59.0,35.0,44.0,81,0.0,1010,92,26.4,0.0,1.0,2023,11,5,1,6,309,44,0.25881904510252074,0.9659258262890683,-0.5000000000000004,0.8660254037844384,-0.7818314824680299,0.6234898018587334,3,3,1,31.0,37.0,33.0,45.0,22.0,29.0,32.0,4.582575694957335,37.0,28.0,35.0,5.253570214624344,42.0,28.0,35.0,8.883078909313587,47.0,18.0,30.125,8.507349763587046,47.0,18.0,26.4,26.5,28.2,92.0,90.0,77.0,1.0,1.0,2.0,1010.0,1011.0,1010.0,2428.7999999999997,92.0,26.4,0.0,0.7999771435101855,9.968463964310438,4.53811245288824,24.287999999999997,25.9,0.026138587981596056,696.9599999999999,8464,1.0,1020100,308.6,51.43333333333334,-3.0,-5.0,0.0
76,128.6,13.0,57.3,30.0,44.0,87,0.0,1010,93,26.3,0.0,1.0,2023,11,5,2,6,309,44,0.49999999999999994,0.8660254037844387,-0.5000000000000004,0.8660254037844384,-0.7818314824680299,0.6234898018587334,3,3,1,28.0,31.0,37.0,42.0,18.0,28.0,27.666666666666668,3.511884584286355,31.0,24.0,32.0,5.585696017506567,39.0,24.0,35.5,7.960127911261046,47.0,24.0,29.958333333333332,8.589574908076287,47.0,18.0,26.4,26.5,27.6,92.0,91.0,81.0,1.0,1.0,1.66,1010.0,1011.0,1010.0,2445.9,93.0,26.3,0.0,0.7999733342221925,9.891546804091993,4.407353280516883,24.459,25.8,0.026039578178635468,691.69,8649,1.0,1020100,296.9,49.48333333333333,-4.0,-13.0,-0.09999999999999787
80,127.6,13.0,55.7,32.5,44.0,93,0.0,1010,93,26.1,0.0,1.0,2023,11,5,3,6,309,44,0.7071067811865476,0.7071067811865476,-0.5000000000000004,0.8660254037844384,-0.7818314824680299,0.6234898018587334,3,3,1,24.0,28.0,31.0,39.0,25.0,31.0,26.0,2.0000000000038103,28.0,24.0,29.833333333333332,4.792355023019045,37.0,24.0,35.583333333333336,7.844608262232062,47.0,24.0,29.75,8.62377905661988,47.0,18.0,26.3,26.4,27.1,93.0,92.0,86.0,1.0,1.0,1.33,1010.0,1010.0,1011.0,2427.3,93.0,26.1,0.0,0.7999753853727578,9.814629643873548,4.284285824167372,24.273000000000003,25.6,0.025841558572714286,681.21,8649,1.0,1020100,298.8,49.800000000000004,2.0,-5.0,-0.1999999999999993
76,126.6,13.0,54.0,30.0,44.0,100,0.0,1010,94,26.0,0.0,1.0,2023,11,5,4,6,309,44,0.8660254037844386,0.5000000000000001,-0.5000000000000004,0.8660254037844384,-0.7818314824680299,0.6234898018587334,3,3,1,26.0,24.0,28.0,33.0,31.0,27.0,24.666666666666668,1.1547005383859992,26.0,24.0,28.333333333333332,5.006662228137246,37.0,24.0,35.0,8.453079051715205,47.0,24.0,29.625,8.686884166474387,47.0,18.0,26.1,26.4,26.5,93.0,92.0,90.0,1.0,1.0,1.0,1010.0,1010.0,1011.0,2444.0,94.0,26.0,0.0,0.7999733342221925,9.737712483655104,4.153526651796016,24.44,25.5,0.025742548769753695,676.0,8836,1.0,1020100,291.6,48.6,-2.0,-4.0,-0.10000000000000142
65,148.2,15.0,52.0,23.8,51.0,79,0.0,1011,94,26.0,0.0,0.66,2023,11,5,5,6,309,44,0.9659258262890683,0.25881904510252074,-0.5000000000000004,0.8660254037844384,-0.7818314824680299,0.6234898018587334,3,3,1,24.0,26.0,24.0,37.0,47.0,22.0,23.0,3.605551275466209,26.0,19.0,25.333333333333332,4.082482904637434,31.0,19.0,32.666666666666664,8.700400548076603,45.0,19.0,29.5,8.821909484716219,47.0,18.0,26.0,26.3,26.5,94.0,93.0,91.0,1.0,1.0,1.0,1010.0,1010.0,1011.0,2444.0,62.040000000000006,17.16,0.0,0.7982857863114995,9.879341377241516,3.466435570961936,24.44,25.67,0.02571708633324794,676.0,8836,0.43560000000000004,1022121,309.0,51.5,-5.0,-5.0,0.0
69,169.8,17.0,50.0,26.3,58.0,58,0.0,1011,94,26.0,0.0,0.33,2023,11,5,6,6,309,44,1.0,6.123233995736766e-17,-0.5000000000000004,0.8660254037844384,-0.7818314824680299,0.6234898018587334,3,0,1,19.0,24.0,26.0,31.0,44.0,23.0,21.333333333333332,2.5166114784268485,24.0,19.0,23.666666666666668,3.265986323709467,28.0,19.0,30.75,8.50801760907712,45.0,19.0,29.416666666666668,8.895121607139572,47.0,18.0,26.0,26.1,26.4,94.0,93.0,92.0,0.66,1.0,1.0,1011.0,1010.0,1010.0,2444.0,31.020000000000003,8.58,0.0,0.79844872818524,9.987647785424386,2.941003470384095,24.44,25.835,0.02571708633324794,676.0,8836,0.10890000000000001,1022121,342.1,57.01666666666667,2.0,-5.0,0.0
82,191.4,19.0,48.0,33.8,65.0,37,0.0,1012,94,26.0,1.6,2.8,2023,11,5,7,6,309,44,0.9659258262890683,-0.25881904510252063,-0.5000000000000004,0.8660254037844384,-0.7818314824680299,0.6234898018587334,3,0,1,21.0,19.0,24.0,28.0,45.0,35.0,22.333333333333332,4.163331998934209,27.0,19.0,23.5,3.016620625798122,27.0,19.0,29.25,7.262919523167206,42.0,19.0,29.083333333333332,8.826426066163659,47.0,18.0,26.0,26.0,26.4,94.0,94.0,92.0,0.33,1.0,1.0,1011.0,1010.0,1010.0,2444.0,263.2,72.8,0.0,0.7987929351202628,10.073154044523973,2.5261828324825006,24.44,24.6,0.025691674217713224,676.0,8836,7.839999999999999,1024144,384.2,64.03333333333333,6.0,3.0,0.0
69,153.1,14.7,63.0,26.3,60.7,50,0.0,1012,87,27.0,2.1,0.66,2023,11,5,8,6,309,44,0.8660254037844387,-0.4999999999999998,-0.5000000000000004,0.8660254037844384,-0.7818314824680299,0.6234898018587334,3,0,1,27.0,21.0,19.0,24.0,42.0,28.0,23.0,3.464101615140066,27.0,21.0,23.0,3.162277660166919,27.0,19.0,27.5,6.388910847569082,39.0,19.0,28.791666666666668,8.978133662291672,47.0,18.0,26.0,26.0,26.3,94.0,94.0,93.0,2.8,0.66,1.0,1012.0,1011.0,1010.0,2349.0,57.42,17.82,0.0,0.79844872818524,10.414257533501123,4.285422760356439,23.49,26.67,0.026679815533779117,729.0,7569,0.43560000000000004,1024144,338.79999999999995,56.46666666666666,-6.0,2.0,1.0
85,114.8,10.3,78.0,35.0,56.3,62,0.0,1013,80,28.0,3.2,1.33,2023,11,5,9,6,309,44,0.7071067811865476,-0.7071067811865475,-0.5000000000000004,0.8660254037844384,-0.7818314824680299,0.6234898018587334,3,0,1,21.0,27.0,21.0,26.0,39.0,23.0,25.333333333333332,3.785938897202219,28.0,21.0,23.333333333333332,3.6147844564589673,28.0,19.0,26.583333333333332,5.282188481256569,37.0,19.0,29.0,8.895528920902493,47.0,18.0,27.0,26.0,26.1,87.0,94.0,93.0,0.66,0.33,1.0,1012.0,1011.0,1010.0,2240.0,106.4,37.24,0.0,0.7999771435101855,11.144549072905543,7.572080380545578,22.4,27.335,0.027640643987518275,784.0,6400,1.7689000000000001,1026169,322.40000000000003,53.73333333333334,7.0,7.0,1.0
82,76.5,6.0,93.0,33.8,52.0,75,0.0,1013,73,29.0,3.6,2.0,2023,11,5,10,6,309,44,0.49999999999999994,-0.8660254037844387,-0.5000000000000004,0.8660254037844384,-0.7818314824680299,0.6234898018587334,3,0,1,28.0,21.0,27.0,24.0,33.0,20.0,25.333333333333332,3.785938897202219,28.0,21.0,23.833333333333332,3.920034013456674,28.0,19.0,26.083333333333332,4.888917584856569,37.0,19.0,29.291666666666668,8.700220720172235,47.0,18.0,28.0,26.0,26.0,80.0,94.0,94.0,1.33,2.8,1.0,1013.0,1012.0,1010.0,2117.0,146.0,58.0,0.0,0.7987929351202628,12.747875354107649,15.497417097150475,21.17,28.0,0.028627809844215358,841.0,5329,4.0,1026169,288.3,48.050000000000004,-1.0,0.0,1.0
95,73.5,5.0,96.7,41.3,48.7,70,0.0,1012,68,29.9,5.3,2.0,2023,11,5,11,6,309,44,0.258819045102521,-0.9659258262890682,-0.5000000000000004,0.8660254037844384,-0.7818314824680299,0.6234898018587334,3,0,1,27.0,28.0,21.0,19.0,37.0,22.0,29.333333333333332,3.214550253666559,33.0,27.0,26.166666666666668,4.5789372857309045,33.0,21.0,25.75,4.158780415633809,33.0,19.0,29.75,8.588414845896871,47.0,18.0,29.0,27.0,26.0,73.0,87.0,94.0,2.0,0.66,0.66,1013.0,1012.0,1011.0,2033.1999999999998,136.0,59.8,0.0,0.7990121304568898,14.697060587882422,19.33613277344531,20.331999999999997,28.9,0.029545425350370205,894.0099999999999,4624,4.0,1024144,298.2,49.699999999999996,6.0,12.0,0.8999999999999986
85,70.6,4.0,100.3,35.4,45.3,66,0.0,1011,64,30.8,5.2,2.0,2023,11,5,12,6,309,44,1.2246467991473532e-16,-1.0,-0.5000000000000004,0.8660254037844384,-0.7818314824680299,0.6234898018587334,3,1,1,33.0,27.0,28.0,21.0,31.0,22.0,29.44333333333333,3.1511320717081523,33.0,27.0,27.388333333333332,3.8435422030538984,33.0,21.0,25.5275,3.9167452280973096,33.0,19.0,30.01375,8.435907627517297,47.0,18.0,29.9,28.0,26.0,68.0,80.0,94.0,2.0,1.33,0.33,1012.0,1013.0,1011.0,1971.2,128.0,61.6,0.0,0.8002598796644163,17.645588602849283,25.068732816795798,19.712,29.8,0.03046485611784756,948.6400000000001,4096,4.0,1022121,283.93,47.321666666666665,-4.670000000000002,0.3299999999999983,0.9000000000000021
87,67.7,3.0,104.0,36.3,42.0,62,0.0,1010,60,31.7,2.2,2.0,2023,11,5,13,6,309,44,-0.2588190451025208,-0.9659258262890683,-0.5000000000000004,0.8660254037844384,-0.7818314824680299,0.6234898018587334,3,1,1,28.33,33.0,27.0,27.0,28.0,22.0,30.11,2.5251336598315373,33.0,28.33,27.721666666666664,3.8895779548244485,33.0,21.0,25.610833333333332,3.98419025269901,33.0,19.0,30.30541666666667,8.266091542201952,47.0,18.0,30.8,29.0,26.0,64.0,73.0,94.0,2.0,2.0,2.8,1011.0,1013.0,1012.0,1902.0,120.0,63.4,0.0,0.798876064020275,22.55914695101633,34.655114961679445,19.02,30.7,0.03138610753850739,1004.89,3600,4.0,1020100,282.0,47.0,0.6700000000000017,2.0,0.8999999999999986
85,68.3,4.0,100.3,35.0,43.3,45,0.0,1010,59,31.8,1.6,2.0,2023,11,5,14,6,309,44,-0.4999999999999997,-0.8660254037844388,-0.5000000000000004,0.8660254037844384,-0.7818314824680299,0.6234898018587334,3,1,1,29.0,28.33,33.0,21.0,24.0,18.0,28.44333333333333,0.5095422782733237,29.0,28.0,28.888333333333332,2.1153762470671893,33.0,27.0,25.944166666666664,4.0044462977445265,33.0,19.0,30.722083333333334,7.8609524697640145,47.0,19.0,31.7,29.9,27.0,60.0,68.0,87.0,2.0,2.0,0.66,1010.0,1012.0,1012.0,1876.2,118.0,63.6,0.0,0.7999771435101855,17.07073231692077,25.068732816795798,18.762,30.8,0.03148511734146798,1011.24,3481,4.0,1020100,278.9,46.48333333333333,-1.0,-5.0,0.10000000000000142
76,68.9,5.0,96.7,30.0,44.7,29,0.0,1010,58,31.8,1.2,2.0,2023,11,5,15,6,309,44,-0.7071067811865471,-0.7071067811865479,-0.5000000000000004,0.8660254037844384,-0.7818314824680299,0.6234898018587334,3,1,1,28.0,29.0,28.33,28.0,26.0,25.0,27.0,2.6457513110674262,29.0,24.0,28.221666666666664,2.926229086496172,33.0,24.0,25.7775,4.043342732758406,33.0,19.0,30.68041666666667,7.895176556754365,47.0,19.0,31.8,30.8,28.0,59.0,64.0,80.0,2.0,2.0,1.33,1010.0,1011.0,1013.0,1844.4,116.0,63.6,0.0,0.7999733342221925,13.777244551089781,19.33613277344531,18.444000000000003,30.8,0.03148511734146798,1011.24,3364,4.0,1020100,269.3,44.88333333333333,-4.0,-4.329999999999998,0.0
72,69.4,6.0,93.0,27.5,46.0,12,0.0,1009,58,31.9,1.2,2.0,2023,11,5,16,6,309,44,-0.8660254037844385,-0.5000000000000004,-0.5000000000000004,0.8660254037844384,-0.7818314824680299,0.6234898018587334,3,1,1,24.0,28.0,29.0,27.0,24.0,31.0,24.666666666666668,3.055050463306447,28.0,22.0,27.388333333333332,3.89522998892959,33.0,22.0,25.610833333333332,4.162729564149856,33.0,19.0,30.30541666666667,8.090655360764748,47.0,19.0,31.8,31.7,29.0,58.0,60.0,73.0,2.0,2.0,2.0,1010.0,1010.0,1013.0,1850.1999999999998,116.0,63.8,0.0,0.7999709101487218,11.564739210131645,15.497417097150475,18.502,30.9,0.031615429518900375,1017.6099999999999,3364,4.0,1018081,263.9,43.98333333333333,-2.0,-7.0,0.09999999999999787
134,95.1,9.3,81.7,60.0,49.0,12,0.0,1010,65,30.7,1.6,2.0,2023,11,5,17,6,309,44,-0.9659258262890683,-0.25881904510252063,-0.5000000000000004,0.8660254037844384,-0.7818314824680299,0.6234898018587334,3,1,1,22.0,24.0,28.0,33.0,19.0,47.0,31.333333333333332,14.46835627614095,48.0,22.0,29.888333333333332,9.292083548196059,48.0,22.0,28.0275,7.249450292640015,48.0,21.0,30.347083333333334,8.182424685378335,48.0,19.0,31.9,31.8,29.9,58.0,59.0,68.0,2.0,2.0,2.0,1009.0,1010.0,1012.0,1995.5,130.0,61.4,0.0,0.7999866668888852,10.224707020750456,8.784001720245135,19.955,29.7,0.030396009508901475,942.49,4225,4.0,1020100,343.1,57.18333333333334,26.0,20.0,-1.1999999999999993
118,120.8,12.7,70.3,52.5,52.0,12,0.0,1010,72,29.6,0.0,2.0,2023,11,5,18,6,309,44,-1.0,-1.8369701987210297e-16,-0.5000000000000004,0.8660254037844384,-0.7818314824680299,0.6234898018587334,3,2,1,48.0,22.0,24.0,28.33,21.0,44.0,37.333333333333336,13.613718571108544,48.0,22.0,32.166666666666664,10.438710009702124,48.0,22.0,29.7775,7.903939322779811,48.0,21.0,30.26375,8.04638553070261,48.0,19.0,30.7,31.8,30.8,65.0,58.0,64.0,2.0,2.0,2.0,1010.0,1010.0,1011.0,2131.2000000000003,144.0,59.2,0.0,0.7999847621950058,9.511062121092827,5.534997244311472,21.312,28.6,0.029306901676334977,876.1600000000001,5184,4.0,1020100,350.3,58.38333333333333,-6.0,18.0,-1.0999999999999979
115,146.5,16.0,59.0,51.3,55.0,12,0.0,1011,80,28.4,0.0,2.0,2023,11,5,19,6,309,44,-0.9659258262890684,0.2588190451025203,-0.5000000000000004,0.8660254037844384,-0.7818314824680299,0.6234898018587334,3,2,1,42.0,48.0,22.0,29.0,27.0,45.0,43.666666666666664,3.7859388972015893,48.0,41.0,34.166666666666664,10.852035139394586,48.0,22.0,30.944166666666664,8.469686543876216,48.0,21.0,30.097083333333334,7.764363116280294,48.0,19.0,29.6,31.9,31.7,72.0,58.0,60.0,2.0,2.0,2.0,1010.0,1009.0,1010.0,2272.0,160.0,56.8,0.0,0.7992046938656168,9.155677770139366,3.6872695456533964,22.72,27.4,0.02809097122554775,806.56,6400,4.0,1022121,368.8,61.46666666666667,-1.0,19.0,-1.2000000000000028
129,155.2,16.0,56.7,57.5,55.3,13,0.0,1011,83,27.9,0.0,2.0,2023,11,5,20,6,309,44,-0.8660254037844386,0.5000000000000001,-0.5000000000000004,0.8660254037844384,-0.7818314824680299,0.6234898018587334,3,2,1,41.0,42.0,48.0,28.0,21.0,42.0,43.0,2.645751311066635,46.0,41.0,37.166666666666664,11.285684147035754,48.0,22.0,33.027499999999996,8.866688553743883,48.0,22.0,30.26375,8.06797038886837,48.0,19.0,28.4,30.7,31.8,80.0,65.0,59.0,2.0,2.0,2.0,1011.0,1010.0,1010.0,2315.7,166.0,55.8,0.0,0.7999860871984835,9.699393787888255,3.5435285294669083,23.156999999999996,26.9,0.02759641187298529,778.41,6889,4.0,1022121,386.7,64.45,5.0,-2.0,-0.5
126,164.0,16.0,54.3,56.3,55.7,15,0.0,1012,86,27.4,0.0,2.0,2023,11,5,21,6,309,44,-0.7071067811865477,0.7071067811865474,-0.5000000000000004,0.8660254037844384,-0.7818314824680299,0.6234898018587334,3,2,1,46.0,41.0,42.0,24.0,28.0,39.0,44.0,2.6457513110665865,46.0,41.0,40.666666666666664,9.500877152487202,48.0,22.0,34.44416666666667,9.336056650849978,48.0,22.0,30.51375,8.435057182611025,48.0,19.0,27.9,29.6,31.8,83.0,72.0,58.0,2.0,2.0,2.0,1011.0,1010.0,1010.0,2356.4,172.0,54.8,0.0,0.7992753237065062,10.24935941503656,3.393537903881007,23.564,26.4,0.027075072060205475,750.7599999999999,7396,4.0,1024144,391.3,65.21666666666667,-1.0,3.0,-0.5
121,172.7,16.0,52.0,53.8,56.0,16,0.0,1012,88,26.9,0.0,2.0,2023,11,5,22,6,309,44,-0.5000000000000004,0.8660254037844384,-0.5000000000000004,0.8660254037844384,-0.7818314824680299,0.6234898018587334,3,3,1,45.0,46.0,41.0,22.0,27.0,33.0,44.666666666666664,1.5275252316553467,46.0,43.0,44.166666666666664,2.6394443859745365,48.0,41.0,35.777499999999996,9.318772963510558,48.0,22.0,30.93041666666667,8.802205000016976,48.0,19.0,27.4,28.4,31.9,86.0,80.0,58.0,2.0,2.0,2.0,1012.0,1011.0,1009.0,2367.2,176.0,53.8,0.0,0.7992416497834613,10.79307543278545,3.2497968876945187,23.671999999999997,25.9,0.026581001402172528,723.6099999999999,7744,4.0,1024144,393.5,65.58333333333333,-2.0,2.0,-0.5
102,164.8,15.7,50.0,45.0,53.3,18,0.0,1012,90,26.6,0.0,2.0,2023,11,5,23,6,309,44,-0.25881904510252157,0.9659258262890681,-0.5000000000000004,0.8660254037844384,-0.7818314824680299,0.6234898018587334,3,3,1,43.0,45.0,46.0,48.0,33.0,37.0,41.333333333333336,4.725815626253798,45.0,36.0,42.166666666666664,3.5449494589701795,46.0,36.0,36.027499999999996,9.277635989057517,48.0,22.0,30.88875,8.774547833017838,48.0,19.0,26.9,27.9,30.7,88.0,83.0,65.0,2.0,2.0,2.0,1012.0,1011.0,1010.0,2394.0,180.0,53.2,0.0,0.7999822226172753,10.496146742245719,3.18451054072989,23.94,25.6,0.026284559007352763,707.5600000000001,8100,4.0,1024144,364.8,60.800000000000004,-7.0,-10.0,-0.29999999999999716
63,156.8,15.3,48.0,22.5,50.7,19,0.0,1012,92,26.3,0.0,2.0,2023,11,6,0,0,310,45,0.0,1.0,-0.5000000000000004,0.8660254037844384,0.0,1.0,3,3,0,36.0,43.0,45.0,42.0,28.33,31.0,32.333333333333336,12.897028081435929,43.0,18.0,38.166666666666664,10.496030995888583,46.0,18.0,35.166666666666664,10.460604304926338,48.0,18.0,30.347083333333334,9.1601635067841,48.0,18.0,26.6,27.4,29.6,90.0,86.0,72.0,2.0,2.0,2.0,1012.0,1012.0,1010.0,2419.6,184.0,52.6,0.0,0.7999644460246211,10.24769622900464,3.1370498660218287,24.195999999999998,25.3,0.02598811661253299,691.69,8464,4.0,1024144,311.3,51.88333333333333,-18.0,-27.0,-0.3000000000000007
91,148.8,15.0,46.0,38.8,48.0,20,0.0,1012,94,26.0,0.0,2.0,2023,11,6,1,0,310,45,0.25881904510252074,0.9659258262890683,-0.5000000000000004,0.8660254037844384,0.0,1.0,3,3,0,18.0,36.0,43.0,41.0,29.0,28.0,28.333333333333332,9.291573243178355,36.0,18.0,36.5,10.747092630101763,46.0,18.0,35.333333333333336,10.368951321862422,48.0,18.0,30.472083333333334,9.147202460989021,48.0,18.0,26.3,26.9,28.4,92.0,88.0,80.0,2.0,2.0,2.0,1012.0,1012.0,1011.0,2444.0,188.0,52.0,0.0,0.7989484807092602,9.919338710752617,3.0664622358509432,24.44,25.0,0.025691674217713224,676.0,8836,4.0,1024144,327.6,54.6,13.0,-12.0,-0.3000000000000007
89,138.7,15.0,46.0,37.5,49.0,22,0.0,1012,94,25.8,0.0,2.0,2023,11,6,2,0,310,45,0.49999999999999994,0.8660254037844387,-0.5000000000000004,0.8660254037844384,0.0,1.0,3,3,0,31.0,18.0,36.0,46.0,28.0,24.0,26.333333333333332,7.2341781380712815,31.0,18.0,33.833333333333336,9.867454923467092,45.0,18.0,35.5,10.255818747512023,48.0,18.0,30.722083333333334,9.044035257112222,48.0,18.0,26.0,26.6,27.9,94.0,90.0,83.0,2.0,2.0,2.0,1012.0,1012.0,1011.0,2425.2000000000003,188.0,51.6,0.0,0.7999786672355405,9.246050263315778,3.0664622358509432,24.252000000000002,24.8,0.025494045954500045,665.64,8836,4.0,1024144,316.2,52.699999999999996,-1.0,-6.0,-0.1999999999999993
67,128.6,15.0,46.0,25.0,50.0,23,0.0,1012,94,25.6,0.0,2.0,2023,11,6,3,0,310,45,0.7071067811865476,0.7071067811865476,-0.5000000000000004,0.8660254037844384,0.0,1.0,3,3,0,30.0,31.0,18.0,45.0,24.0,26.0,27.0,6.08276253029945,31.0,20.0,29.666666666666668,9.479803092187936,43.0,18.0,35.166666666666664,10.718152260477964,48.0,18.0,30.472083333333334,9.260576082731719,48.0,18.0,25.8,26.3,27.4,94.0,92.0,86.0,2.0,2.0,2.0,1012.0,1012.0,1012.0,2406.4,188.0,51.2,0.0,0.7999680012799487,8.572761815878941,3.0664622358509432,24.064,24.6,0.02529641769128687,655.3600000000001,8836,4.0,1024144,284.6,47.43333333333334,-10.0,2.0,-0.1999999999999993
85,118.5,15.0,46.0,35.0,51.0,25,0.0,1012,94,25.4,0.0,2.0,2023,11,6,4,0,310,45,0.8660254037844386,0.5000000000000001,-0.5000000000000004,0.8660254037844384,0.0,1.0,3,3,0,20.0,30.0,31.0,43.0,22.0,24.0,26.0,5.291502622130621,30.0,20.0,27.166666666666668,6.882344561750492,36.0,18.0,35.666666666666664,10.174239603781324,48.0,18.0,30.63875,9.174626784258836,48.0,18.0,25.6,26.0,26.9,94.0,94.0,88.0,2.0,2.0,2.0,1012.0,1012.0,1012.0,2387.6,188.0,50.8,0.0,0.7999771435101855,7.899473368442104,3.0664622358509432,23.875999999999998,24.4,0.025098789428073687,645.16,8836,4.0,1024144,293.5,48.916666666666664,8.0,-3.0,-0.20000000000000284
98,125.7,16.3,45.3,42.5,57.3,50,0.0,1012,94,25.5,0.0,2.0,2023,11,6,5,0,310,45,0.9659258262890683,0.25881904510252074,-0.5000000000000004,0.8660254037844384,0.0,1.0,3,3,0,28.0,20.0,30.0,36.0,48.0,19.0,27.333333333333332,7.023769168569552,34.0,20.0,26.833333333333332,6.400520812141513,34.0,18.0,34.5,9.405027668994215,46.0,18.0,31.26375,8.852558859989038,48.0,18.0,25.4,25.8,26.6,94.0,94.0,90.0,2.0,2.0,2.0,1012.0,1012.0,1012.0,2397.0,188.0,51.0,0.0,0.7999811769134845,7.711183362983865,2.7789706152996745,23.97,24.5,0.025197603559680277,650.25,8836,4.0,1024144,321.1,53.51666666666667,6.0,4.0,0.10000000000000142
95,132.9,17.7,44.7,41.3,63.7,75,0.0,1013,94,25.7,0.0,2.0,2023,11,6,6,0,310,45,1.0,6.123233995736766e-17,-0.5000000000000004,0.8660254037844384,0.0,1.0,3,0,0,34.0,28.0,20.0,18.0,42.0,21.0,31.666666666666668,3.2145502536664488,34.0,28.0,29.333333333333332,5.046450898072433,34.0,20.0,33.75,9.106690846944339,46.0,18.0,31.76375,8.582412153326748,48.0,18.0,25.5,25.6,26.3,94.0,94.0,92.0,2.0,2.0,2.0,1012.0,1012.0,1012.0,2415.7999999999997,188.0,51.4,0.0,0.7990121304568898,7.5080503926331845,2.525281057567369,24.157999999999998,24.7,0.025370162517114988,660.49,8836,4.0,1026169,333.3,55.550000000000004,-1.0,13.0,0.1999999999999993
110,140.1,19.0,44.0,48.8,70.0,100,0.0,1014,94,25.8,0.9,2.0,2023,11,6,7,0,310,45,0.9659258262890683,-0.25881904510252063,-0.5000000000000004,0.8660254037844384,0.0,1.0,3,0,0,33.0,34.0,28.0,31.0,41.0,27.0,35.333333333333336,3.214550253666296,39.0,33.0,30.666666666666668,6.43946167522222,39.0,20.0,33.583333333333336,8.979353422089453,46.0,18.0,32.26375,8.642159961742987,48.0,18.0,25.7,25.4,26.0,94.0,94.0,94.0,2.0,2.0,2.0,1013.0,1012.0,1012.0,2425.2000000000003,188.0,51.6,0.0,0.7991639515583698,7.373296142308299,2.3156675964422924,24.252000000000002,24.8,0.025443761889781175,665.64,8836,4.0,1028196,360.9,60.15,6.0,11.0,0.10000000000000142
110,117.1,16.3,54.0,48.8,93.3,100,0.5,1014,88,26.6,1.4,1.66,2023,11,6,8,0,310,45,0.8660254037844387,-0.4999999999999998,-0.5000000000000004,0.8660254037844384,0.0,1.0,3,0,0,39.0,33.0,34.0,30.0,46.0,21.0,37.0,3.4641016151395276,39.0,33.0,32.166666666666664,7.250287350626553,39.0,20.0,33.0,8.301149975099403,45.0,18.0,33.01375,8.39980424849589,48.0,18.0,25.8,25.5,25.8,94.0,94.0,94.0,2.0,2.0,2.0,1014.0,1012.0,1012.0,2340.8,146.07999999999998,44.156,50.0,0.7991639515583698,7.183608367584809,3.3126802036684864,23.408,25.770000000000003,0.026232715746828655,707.5600000000001,7744,2.7556,1028196,368.5,61.416666666666664,0.0,5.0,0.8000000000000007
95,94.2,13.7,64.0,41.3,116.7,100,0.5,1015,83,27.5,1.8,1.33,2023,11,6,9,0,310,45,0.7071067811865476,-0.7071067811865475,-0.5000000000000004,0.8660254037844384,0.0,1.0,3,0,0,39.0,39.0,33.0,20.0,45.0,28.0,37.0,3.4641016151395276,39.0,33.0,34.333333333333336,4.1793141383072525,39.0,28.0,32.0,7.3977883672943126,43.0,18.0,33.22208333333334,8.331775727620649,48.0,18.0,26.6,25.7,25.6,88.0,94.0,94.0,1.66,2.0,2.0,1014.0,1013.0,1012.0,2282.5,110.39,36.575,50.0,0.7990121304568898,6.875410553974163,4.671191883804102,22.825,26.835,0.02709356936594151,756.25,6889,1.7689000000000001,1030225,362.9,60.48333333333333,-6.0,0.0,0.8999999999999986
93,71.2,11.0,74.0,40.0,140.0,100,0.5,1015,78,28.3,2.2,1.0,2023,11,6,10,0,310,45,0.49999999999999994,-0.8660254037844387,-0.5000000000000004,0.8660254037844384,0.0,1.0,3,0,0,33.0,39.0,39.0,28.0,43.0,27.0,34.666666666666664,3.7859388972018833,39.0,32.0,35.0,3.162277660166495,39.0,32.0,31.083333333333332,6.5429814351416855,39.0,18.0,33.430416666666666,8.231336453993782,48.0,18.0,27.5,25.8,25.4,83.0,94.0,94.0,1.33,2.0,2.0,1015.0,1014.0,1012.0,2207.4,78.0,28.3,50.0,0.7999800004999875,6.472138896463958,6.726661212617035,22.074,27.8,0.027881745929314358,800.89,6084,1.0,1030225,368.2,61.36666666666667,-1.0,-7.0,0.8000000000000007
98,66.9,9.7,78.7,42.5,130.7,100,0.5,1015,78,28.3,3.0,1.0,2023,11,6,11,0,310,45,0.258819045102521,-0.9659258262890682,-0.5000000000000004,0.8660254037844384,0.0,1.0,3,0,0,32.0,33.0,39.0,34.0,36.0,33.0,33.0,1.000000000006648,34.0,32.0,35.0,3.162277660166495,39.0,32.0,30.916666666666668,6.430867795722702,39.0,18.0,33.47208333333334,8.231593949490083,48.0,18.0,28.3,26.6,25.5,78.0,88.0,94.0,1.0,1.66,2.0,1015.0,1014.0,1012.0,2207.4,78.0,28.3,50.0,0.7999811769134845,6.896196268425937,8.112565714874757,22.074,27.8,0.027881745929314358,800.89,6084,1.0,1030225,362.5,60.416666666666664,2.0,-5.0,0.0
107,62.6,8.3,83.3,47.5,121.3,100,0.0,1015,78,28.3,2.5,1.0,2023,11,6,12,0,310,45,1.2246467991473532e-16,-1.0,-0.5000000000000004,0.8660254037844384,0.0,1.0,3,1,0,34.0,32.0,33.0,33.0,18.0,28.33,34.666666666666664,3.0550504633060007,38.0,32.0,35.833333333333336,3.188521078282931,39.0,32.0,32.583333333333336,5.264949854433474,39.0,20.0,33.875,8.205578696175976,48.0,18.0,28.3,27.5,25.7,78.0,83.0,94.0,1.0,1.33,2.0,1015.0,1015.0,1013.0,2207.4,78.0,28.3,0.0,0.7999831582493001,7.541260089145886,10.034935549933742,22.074,27.8,0.027881745929314358,800.89,6084,1.0,1030225,361.0,60.166666666666664,4.0,5.0,0.0
87,58.4,7.0,88.0,36.3,112.0,100,1.0,1015,78,28.3,2.5,1.0,2023,11,6,13,0,310,45,-0.2588190451025208,-0.9659258262890683,-0.5000000000000004,0.8660254037844384,0.0,1.0,3,1,0,38.0,34.0,32.0,39.0,31.0,29.0,33.666666666666664,4.50924975282435,38.0,29.0,34.166666666666664,3.7638632635438496,39.0,29.0,32.416666666666664,5.3505876199526,39.0,20.0,33.875,8.205578696175976,48.0,18.0,28.3,28.3,25.8,78.0,78.0,94.0,1.0,1.0,2.0,1015.0,1015.0,1014.0,2207.4,78.0,28.3,100.0,0.798876064020275,8.34166547636052,12.569632909584344,22.074,27.8,0.027881745929314358,800.89,6084,1.0,1030225,330.7,55.11666666666667,-9.0,-3.0,0.0
87,67.7,9.0,86.7,36.3,108.0,100,1.5,1014,81,27.4,1.8,1.0,2023,11,6,14,0,310,45,-0.4999999999999997,-0.8660254037844388,-0.5000000000000004,0.8660254037844384,0.0,1.0,3,1,0,29.0,38.0,34.0,39.0,30.0,28.0,32.0,5.196152422707936,38.0,29.0,32.5,3.3911649915609683,38.0,29.0,32.333333333333336,5.39921430872283,39.0,20.0,33.916666666666664,8.176938231427844,48.0,18.0,28.3,28.3,26.6,78.0,78.0,88.0,1.0,1.0,1.66,1015.0,1015.0,1014.0,2219.4,81.0,27.4,150.0,0.798876064020275,7.521386512609711,9.632263081879792,22.194000000000003,26.9,0.027021669603876128,750.7599999999999,6561,1.0,1028196,336.7,56.11666666666667,0.0,-5.0,-0.9000000000000021
82,77.0,11.0,85.3,33.8,104.0,100,1.75,1013,84,26.5,1.4,1.0,2023,11,6,15,0,310,45,-0.7071067811865471,-0.7071067811865479,-0.5000000000000004,0.8660254037844384,0.0,1.0,3,1,0,29.0,29.0,38.0,33.0,20.0,24.0,28.333333333333332,1.1547005383855244,29.0,27.0,31.5,4.0373258476359,38.0,27.0,32.916666666666664,4.187825066532834,39.0,27.0,34.041666666666664,8.04054490186127,48.0,18.0,27.4,28.3,27.5,81.0,78.0,83.0,1.0,1.0,1.33,1014.0,1015.0,1015.0,2226.0,84.0,26.5,175.0,0.7987929351202628,6.999363694209618,7.753840559949095,22.26,26.0,0.026159895202472652,702.25,7056,1.0,1026169,338.1,56.35,-2.0,-11.0,-0.8999999999999986
100,86.4,13.0,84.0,43.8,100.0,100,1.5,1012,87,25.6,1.1,1.0,2023,11,6,16,0,310,45,-0.8660254037844385,-0.5000000000000004,-0.5000000000000004,0.8660254037844384,0.0,1.0,3,1,0,27.0,29.0,29.0,32.0,28.0,22.0,30.333333333333332,4.163331998933944,35.0,27.0,32.0,4.2895221179041405,38.0,27.0,33.5,3.9196474795111436,39.0,27.0,34.583333333333336,7.621004536472505,48.0,18.0,26.5,28.3,28.3,84.0,78.0,78.0,1.0,1.0,1.0,1013.0,1015.0,1015.0,2227.2000000000003,87.0,25.6,150.0,0.7990685144174792,6.645642642873626,6.461041458349358,22.272000000000002,25.1,0.02529641769128687,655.3600000000001,7569,1.0,1024144,362.2,60.36666666666667,8.0,6.0,-0.8999999999999986
85,105.2,15.0,72.7,35.0,104.0,100,0.25,1013,85,25.3,0.6,1.33,2023,11,6,17,0,310,45,-0.9659258262890683,-0.25881904510252063,-0.5000000000000004,0.8660254037844384,0.0,1.0,3,1,0,35.0,27.0,29.0,34.0,34.0,48.0,30.0,4.358898943542287,35.0,27.0,31.0,4.427188724234496,38.0,27.0,33.0,4.221158824088917,39.0,27.0,33.75,7.170288939663966,46.0,18.0,25.6,27.4,28.3,87.0,81.0,78.0,1.0,1.0,1.0,1012.0,1014.0,1015.0,2150.5,113.05000000000001,33.649,25.0,0.7999771435101855,7.012865808946071,4.846343577094861,21.505,24.635,0.024975296174436157,640.09,7225,1.7689000000000001,1026169,359.9,59.98333333333333,-7.0,-1.0,-0.3000000000000007
89,124.1,17.0,61.3,37.5,108.0,100,0.0,1014,82,25.1,0.0,1.66,2023,11,6,18,0,310,45,-1.0,-1.8369701987210297e-16,-0.5000000000000004,0.8660254037844384,0.0,1.0,3,2,0,28.0,35.0,27.0,38.0,33.0,42.0,31.0,3.6055512754659045,35.0,28.0,29.666666666666668,2.804757862393123,35.0,27.0,32.75,4.309081319513922,39.0,27.0,33.25,6.986010866445402,46.0,18.0,25.3,26.5,28.3,85.0,84.0,78.0,1.33,1.0,1.0,1013.0,1013.0,1015.0,2058.2000000000003,136.12,41.666,0.0,0.7999786672355405,7.299570613493323,3.6056702546909003,20.582000000000004,24.270000000000003,0.02475342726486463,630.0100000000001,6724,2.7556,1028196,377.9,62.98333333333333,2.0,3.0,-0.1999999999999993
82,143.0,19.0,50.0,33.8,112.0,100,0.5,1014,79,24.8,0.0,2.0,2023,11,6,19,0,310,45,-0.9659258262890684,0.2588190451025203,-0.5000000000000004,0.8660254037844384,0.0,1.0,3,2,0,30.0,28.0,35.0,29.0,39.0,41.0,28.333333333333332,1.5275252316566899,30.0,27.0,29.333333333333332,3.011090610834573,35.0,27.0,31.75,4.114829058639088,39.0,27.0,32.666666666666664,6.894652412128109,46.0,18.0,25.1,25.6,28.3,82.0,87.0,78.0,1.66,1.0,1.0,1014.0,1012.0,1015.0,1959.2,158.0,49.6,50.0,0.7987929351202628,7.52591968843745,2.631440450502605,19.592,23.8,0.024457569568471827,615.0400000000001,6241,4.0,1028196,384.8,64.13333333333334,-3.0,-8.0,-0.3000000000000007
89,146.9,18.0,47.0,37.5,108.7,91,0.0,1015,83,24.1,0.0,1.66,2023,11,6,20,0,310,45,-0.8660254037844386,0.5000000000000001,-0.5000000000000004,0.8660254037844384,0.0,1.0,3,2,0,27.0,30.0,28.0,29.0,39.0,46.0,29.0,1.7320508075730112,30.0,27.0,29.5,3.016620625797917,35.0,27.0,31.0,3.4377582547620475,38.0,27.0,32.0,6.296997213994073,45.0,18.0,24.8,25.3,27.4,79.0,85.0,81.0,2.0,1.33,1.0,1014.0,1013.0,1014.0,2000.3000000000002,137.78,40.006,0.0,0.7999786672355405,8.160657741236598,2.610966057441253,20.003,23.270000000000003,0.023743818971606927,580.8100000000001,6889,2.7556,1030225,388.09999999999997,64.68333333333332,3.0,2.0,-0.6999999999999993
80,150.8,17.0,44.0,32.5,105.3,83,0.0,1016,87,23.3,0.0,1.33,2023,11,6,21,0,310,45,-0.7071067811865477,0.7071067811865474,-0.5000000000000004,0.8660254037844384,0.0,1.0,3,2,0,30.0,27.0,30.0,27.0,33.0,45.0,27.666666666666668,2.0816659994696547,30.0,26.0,29.333333333333332,3.204163957517799,35.0,26.0,30.416666666666668,3.6545944516544706,38.0,26.0,31.208333333333332,5.763295906870492,43.0,18.0,24.1,25.1,26.5,83.0,82.0,84.0,1.66,1.66,1.0,1015.0,1014.0,1013.0,2027.1000000000001,115.71000000000001,30.989000000000004,0.0,0.7999753853727578,8.87006646667843,2.5880830539380035,20.271,22.635,0.022933048294243807,542.89,7569,1.7689000000000001,1032256,375.6,62.6,-4.0,-4.0,-0.8000000000000007
80,154.7,16.0,41.0,32.5,102.0,75,0.0,1017,91,22.6,0.0,1.0,2023,11,6,22,0,310,45,-0.5000000000000004,0.8660254037844384,-0.5000000000000004,0.8660254037844384,0.0,1.0,3,3,0,26.0,30.0,27.0,35.0,32.0,43.0,27.333333333333332,2.3094010767616955,30.0,26.0,27.833333333333332,1.8348478592669462,30.0,26.0,29.916666666666668,3.824759845897665,38.0,26.0,30.5,5.275043787166759,39.0,18.0,23.3,24.8,25.6,87.0,79.0,87.0,1.33,2.0,1.0,1016.0,1014.0,1012.0,2056.6,91.0,22.6,0.0,0.7999753853727578,9.668145740891193,2.56233985375914,20.566,22.1,0.022222200371484396,510.76000000000005,8281,1.0,1034289,372.2,62.03333333333333,0.0,-1.0,-0.6999999999999993
56,149.6,15.3,40.7,18.8,96.3,79,0.0,1016,92,22.5,0.0,0.83,2023,11,6,23,0,310,45,-0.25881904510252157,0.9659258262890681,-0.5000000000000004,0.8660254037844384,0.0,1.0,3,3,0,26.0,26.0,30.0,28.0,34.0,36.0,22.333333333333332,6.350852961087145,26.0,15.0,25.666666666666668,5.537749241944512,30.0,15.0,28.333333333333332,5.532274451440795,38.0,15.0,29.625,6.0131197140632935,39.0,15.0,22.6,24.1,25.3,91.0,83.0,85.0,1.0,1.66,1.33,1017.0,1015.0,1013.0,2070.0,76.36,18.675,0.0,0.7978299026647518,9.777138749101365,2.659956865564342,20.7,22.085,0.022145647494441444,506.25,8464,0.6889,1032256,335.70000000000005,55.95000000000001,-11.0,-15.0,-0.10000000000000142
52,144.5,14.7,40.3,16.3,90.7,83,0.0,1016,92,22.5,0.0,0.66,2023,11,7,0,1,311,45,0.0,1.0,-0.5000000000000004,0.8660254037844384,0.7818314824680298,0.6234898018587336,3,3,0,15.0,26.0,26.0,30.0,38.0,18.0,18.0,7.000000000001223,26.0,13.0,22.833333333333332,7.026141662865737,30.0,13.0,26.25,6.224949798994756,35.0,13.0,29.416666666666668,6.500278700825844,39.0,13.0,22.5,23.3,25.1,92.0,87.0,82.0,0.83,1.33,1.66,1016.0,1016.0,1014.0,2070.0,60.720000000000006,14.850000000000001,0.0,0.7974970860683392,9.82926331542072,2.741310114958166,20.7,22.17,0.022145647494441444,506.25,8464,0.43560000000000004,1032256,319.5,53.25,-2.0,-13.0,0.0
56,139.5,14.0,40.0,18.8,85.0,87,0.0,1016,92,22.4,0.0,0.5,2023,11,7,1,1,311,45,0.25881904510252074,0.9659258262890683,-0.5000000000000004,0.8660254037844384,0.7818314824680298,0.6234898018587336,3,3,0,13.0,15.0,26.0,27.0,29.0,31.0,14.333333333333334,1.1547005383870725,15.0,13.0,20.833333333333332,7.305249254245758,30.0,13.0,25.083333333333332,6.93421468757196,35.0,13.0,28.75,7.121614374869776,39.0,13.0,22.5,22.6,24.8,92.0,91.0,79.0,0.66,1.0,2.0,1016.0,1017.0,1014.0,2060.7999999999997,46.0,11.2,0.0,0.7978299026647518,9.963574030426399,2.8569387900864225,20.607999999999997,22.15,0.022047222394466146,501.75999999999993,8464,0.25,1032256,312.3,52.050000000000004,2.0,-11.0,-0.10000000000000142
63,138.1,14.0,39.7,22.5,84.0,91,0.5,1015,93,22.3,0.0,0.33,2023,11,7,2,1,311,45,0.49999999999999994,0.8660254037844387,-0.5000000000000004,0.8660254037844384,0.7818314824680298,0.6234898018587336,3,3,0,15.0,13.0,15.0,30.0,29.0,30.0,15.333333333333334,2.5166114784271207,18.0,13.0,18.833333333333332,5.776388721914298,26.0,13.0,24.166666666666668,7.094598884597993,35.0,13.0,28.25,7.443993785479984,39.0,13.0,22.4,22.5,24.1,92.0,92.0,83.0,0.5,0.83,1.66,1016.0,1016.0,1015.0,2073.9,30.69,7.359000000000001,45.5,0.7999644460246211,9.863581172773372,2.8355117491607746,20.739,22.135,0.02197042170401803,497.29,8649,0.10890000000000001,1030225,316.3,52.71666666666667,3.0,3.0,-0.09999999999999787
69,136.8,14.0,39.3,26.3,83.0,95,1.0,1015,93,22.3,0.0,0.16,2023,11,7,3,1,311,45,0.7071067811865476,0.7071067811865476,-0.5000000000000004,0.8660254037844384,0.7818314824680298,0.6234898018587336,3,3,0,18.0,15.0,13.0,26.0,27.0,20.0,18.0,3.0000000000028533,21.0,15.0,18.0,4.816637831516111,26.0,13.0,23.666666666666668,7.088189066498594,35.0,13.0,28.291666666666668,7.398467330507277,39.0,13.0,22.3,22.5,23.3,93.0,92.0,87.0,0.33,0.66,1.33,1015.0,1016.0,1016.0,2073.9,14.88,3.568,95.0,0.79844872818524,9.770730662095566,2.80694236125991,20.739,22.220000000000002,0.02197042170401803,497.29,8649,0.0256,1030225,320.40000000000003,53.400000000000006,3.0,8.0,0.0
50,135.4,14.0,39.0,15.0,82.0,100,1.0,1015,94,22.2,0.0,1.6,2023,11,7,4,1,311,45,0.8660254037844386,0.5000000000000001,-0.5000000000000004,0.8660254037844384,0.7818314824680298,0.6234898018587336,3,3,0,21.0,18.0,15.0,26.0,35.0,28.0,17.0,4.582575694957736,21.0,12.0,15.666666666666666,3.3266599866321584,21.0,12.0,21.75,6.850680125493014,30.0,12.0,27.625,8.11232288612202,39.0,12.0,22.3,22.4,22.6,93.0,92.0,91.0,0.16,0.5,1.0,1015.0,1016.0,1017.0,2086.7999999999997,150.4,35.52,100.0,0.7999466702219852,9.67073780444254,2.785515320334262,20.868,21.4,0.02187189963359642,492.84,8836,2.5600000000000005,1030225,297.4,49.56666666666666,-9.0,-3.0,-0.10000000000000142
56,153.5,15.0,38.0,18.8,84.3,100,0.5,1015,92,22.3,0.0,1.6,2023,11,7,5,1,311,45,0.9659258262890683,0.25881904510252074,-0.5000000000000004,0.8660254037844384,0.7818314824680298,0.6234898018587336,3,3,0,12.0,21.0,18.0,15.0,28.0,34.0,16.0,4.582575694957764,21.0,12.0,15.666666666666666,3.3266599866321584,21.0,12.0,20.666666666666668,6.800178250783688,30.0,12.0,26.833333333333332,8.385632986227884,39.0,12.0,22.2,22.3,22.5,94.0,93.0,92.0,1.6,0.33,0.83,1015.0,1015.0,1016.0,2051.6,147.20000000000002,35.68,50.0,0.7978299026647518,10.232651156589561,2.5331644557029533,20.516,21.5,0.02197042170401803,497.29,8464,2.5600000000000005,1030225,324.6,54.1,3.0,-3.0,0.10000000000000142
74,171.6,16.0,37.0,28.8,86.7,100,0.5,1016,90,22.4,0.0,2.0,2023,11,7,6,1,311,45,1.0,6.123233995736766e-17,-0.5000000000000004,0.8660254037844384,0.7818314824680298,0.6234898018587336,3,0,0,15.0,12.0,21.0,13.0,30.0,33.0,16.666666666666668,5.686240703078862,23.0,12.0,17.333333333333332,4.131182235953657,23.0,12.0,20.083333333333332,6.200562046861332,30.0,12.0,26.416666666666668,8.314035626926307,39.0,12.0,22.3,22.3,22.5,92.0,93.0,92.0,1.6,0.16,0.66,1015.0,1015.0,1016.0,2015.9999999999998,180.0,44.8,50.0,0.7985833825214401,10.724329729391911,2.3123554777826385,20.159999999999997,21.4,0.022047222394466146,501.75999999999993,8100,4.0,1032256,363.09999999999997,60.51666666666666,8.0,2.0,0.09999999999999787
80,189.7,17.0,36.0,32.5,89.0,100,0.0,1016,89,22.5,0.7,2.0,2023,11,7,7,1,311,45,0.9659258262890683,-0.25881904510252063,-0.5000000000000004,0.8660254037844384,0.7818314824680298,0.6234898018587336,3,0,0,23.0,15.0,12.0,15.0,27.0,39.0,21.333333333333332,5.686240703078758,26.0,15.0,19.166666666666668,5.192943930629197,26.0,12.0,20.0,6.105139414684549,30.0,12.0,25.875,7.870210759014457,39.0,12.0,22.4,22.2,22.4,90.0,94.0,92.0,2.0,1.6,0.5,1016.0,1015.0,1016.0,2002.5,178.0,45.0,0.0,0.7999753853727578,11.158167166637256,2.117522498676548,20.025,21.5,0.022145647494441444,506.25,7921,4.0,1032256,390.2,65.03333333333333,3.0,14.0,0.10000000000000142
74,179.0,15.7,52.7,28.8,104.7,100,0.0,1016,85,23.0,0.9,0.66,2023,11,7,8,1,311,45,0.8660254037844387,-0.4999999999999998,-0.5000000000000004,0.8660254037844384,0.7818314824680298,0.6234898018587336,3,0,0,26.0,23.0,15.0,18.0,30.0,39.0,24.0,1.7320508075733776,26.0,23.0,20.0,5.366563145998727,26.0,12.0,19.416666666666668,5.350587619953127,26.0,12.0,25.208333333333332,7.371974938424293,38.0,12.0,22.5,22.3,22.3,89.0,92.0,93.0,2.0,1.6,0.33,1016.0,1015.0,1015.0,1955.0,56.1,15.180000000000001,0.0,0.7985833825214401,11.400547735813007,3.3564741099293043,19.55,22.67,0.02263777299431792,529.0,7225,0.43560000000000004,1032256,403.9,67.31666666666666,-3.0,8.0,0.5
85,168.3,14.3,69.3,35.0,120.3,100,0.0,1017,81,23.5,1.4,1.33,2023,11,7,9,1,311,45,0.7071067811865476,-0.7071067811865475,-0.5000000000000004,0.8660254037844384,0.7818314824680298,0.6234898018587336,3,0,0,23.0,26.0,23.0,21.0,26.0,33.0,25.666666666666668,2.5166114784265954,28.0,23.0,21.166666666666668,6.306081720581977,28.0,12.0,19.583333333333332,5.59964825735227,28.0,12.0,25.0,7.211102550928126,38.0,12.0,23.0,22.4,22.3,85.0,90.0,93.0,0.66,2.0,0.16,1016.0,1016.0,1015.0,1903.5,107.73,31.255000000000003,0.0,0.7999771435101855,11.768407803650096,4.845814977973568,19.035,22.835,0.02310715525353466,552.25,6561,1.7689000000000001,1034289,435.20000000000005,72.53333333333335,5.0,5.0,0.5
89,157.6,13.0,86.0,37.5,136.0,100,0.0,1017,77,24.0,1.9,2.0,2023,11,7,10,1,311,45,0.49999999999999994,-0.8660254037844387,-0.5000000000000004,0.8660254037844384,0.7818314824680298,0.6234898018587336,3,0,0,28.0,23.0,26.0,12.0,26.0,32.0,27.0,3.6055512754660444,30.0,23.0,24.166666666666668,5.269408568962692,30.0,15.0,19.916666666666668,6.111960455211419,30.0,12.0,24.916666666666668,7.137876110042884,38.0,12.0,23.5,22.5,22.2,81.0,89.0,94.0,1.33,2.0,1.6,1017.0,1016.0,1015.0,1848.0,154.0,48.0,0.0,0.7999786672355405,12.122144450426891,6.6148757787862476,18.48,23.0,0.023598796854673695,576.0,5929,4.0,1034289,460.1,76.68333333333334,2.0,4.0,0.5
89,150.2,11.3,105.3,37.5,138.7,100,0.0,1016,76,24.2,2.3,1.33,2023,11,7,11,1,311,45,0.258819045102521,-0.9659258262890682,-0.5000000000000004,0.8660254037844384,0.7818314824680298,0.6234898018587336,3,0,0,30.0,28.0,23.0,15.0,15.0,34.0,29.333333333333332,1.1547005383854108,30.0,28.0,26.666666666666668,3.2041639575179146,30.0,23.0,21.166666666666668,6.534291828268517,30.0,12.0,24.75,6.961071881480066,38.0,12.0,24.0,23.0,22.3,77.0,85.0,92.0,2.0,0.66,1.6,1017.0,1016.0,1015.0,1839.2,101.08000000000001,32.186,0.0,0.7999786672355405,13.290859215998584,9.317759490310591,18.392,23.535,0.023818874194021462,585.64,5776,1.7689000000000001,1032256,473.0,78.83333333333333,0.0,7.0,0.1999999999999993
82,142.8,9.7,124.7,33.3,141.3,100,0.0,1015,75,24.5,2.5,0.66,2023,11,7,12,1,311,45,1.2246467991473532e-16,-1.0,-0.5000000000000004,0.8660254037844384,0.7818314824680298,0.6234898018587336,3,1,0,30.0,30.0,28.0,23.0,13.0,38.0,28.89,1.9225763964051819,30.0,26.67,27.278333333333336,2.669984394459399,30.0,23.0,22.305833333333336,6.1621018526498545,30.0,12.0,24.277916666666666,6.383658470737314,35.0,12.0,24.2,23.5,22.4,76.0,81.0,90.0,1.33,1.33,2.0,1016.0,1017.0,1016.0,1837.5,49.5,16.17,0.0,0.8008768505450289,14.720131945160295,12.854344912895579,18.375,24.17,0.024137907253293348,600.25,5625,0.43560000000000004,1030225,478.47,79.745,-3.3299999999999983,-1.3299999999999983,0.3000000000000007
80,135.4,8.0,144.0,31.3,144.0,100,0.0,1014,73,24.7,2.3,2.0,2023,11,7,13,1,311,45,-0.2588190451025208,-0.9659258262890683,-0.5000000000000004,0.8660254037844384,0.7818314824680298,0.6234898018587336,3,1,0,26.67,30.0,30.0,26.0,15.0,29.0,27.223333333333333,2.5455123911205177,30.0,25.0,27.111666666666668,2.7940681213343312,30.0,23.0,23.139166666666668,5.746433610721559,30.0,12.0,24.11125,6.306766078551424,35.0,12.0,24.5,24.0,22.5,75.0,77.0,89.0,0.66,2.0,2.0,1015.0,1017.0,1016.0,1803.1,146.0,49.4,0.0,0.7986965272674994,16.922884639420076,17.99775028121485,18.031,23.7,0.02435895033634089,610.0899999999999,5329,4.0,1028196,487.7,81.28333333333333,-1.6700000000000017,-5.0,0.1999999999999993
85,133.6,8.7,144.3,35.0,143.7,100,0.0,1014,73,24.9,2.2,0.66,2023,11,7,14,1,311,45,-0.4999999999999997,-0.8660254037844388,-0.5000000000000004,0.8660254037844384,0.7818314824680298,0.6234898018587336,3,1,0,25.0,26.67,30.0,23.0,18.0,29.0,26.55666666666667,1.503207681376151,28.0,25.0,27.945000000000004,1.9365304025472736,30.0,25.0,23.9725,5.657816997908645,30.0,12.0,24.06958333333333,6.276293200654457,35.0,12.0,24.7,24.2,23.0,73.0,76.0,85.0,2.0,1.33,0.66,1014.0,1016.0,1016.0,1817.6999999999998,48.18,16.434,0.0,0.7999771435101855,15.354556947477302,16.58430065509712,18.177,24.57,0.02455618880060276,620.0099999999999,5329,0.43560000000000004,1028196,493.3,82.21666666666667,3.0,-2.0,0.1999999999999993
81,131.9,9.3,144.7,27.5,143.3,100,0.0,1013,73,25.2,1.5,1.33,2023,11,7,15,1,311,45,-0.7071067811865471,-0.7071067811865479,-0.5000000000000004,0.8660254037844384,0.7818314824680298,0.6234898018587336,3,1,0,28.0,25.0,26.67,28.0,21.0,27.0,25.0,3.000000000002555,28.0,22.0,26.945000000000004,3.101314237543517,30.0,22.0,24.055833333333336,5.617274425351029,30.0,12.0,23.86125,6.257749499967971,35.0,12.0,24.9,24.5,23.5,73.0,75.0,81.0,0.66,0.66,1.33,1014.0,1015.0,1017.0,1839.6,97.09,33.516,0.0,0.7999709101487218,14.181270831093432,15.557466939038811,18.396,24.535,0.024876579588766448,635.04,5329,1.7689000000000001,1026169,478.7,79.78333333333333,-6.0,-4.670000000000002,0.3000000000000007
152,130.1,10.0,145.0,83.0,143.0,100,0.0,1013,72,25.4,1.1,2.0,2023,11,7,16,1,311,45,-0.8660254037844385,-0.5000000000000004,-0.5000000000000004,0.8660254037844384,0.7818314824680298,0.6234898018587336,3,1,0,22.0,28.0,25.0,30.0,12.0,35.0,35.666666666666664,18.71719352182228,57.0,22.0,31.445000000000004,12.810626448382184,57.0,22.0,27.805833333333336,10.08291305159698,57.0,15.0,24.777916666666666,8.979699800911764,57.0,12.0,25.2,24.7,24.0,73.0,73.0,77.0,1.33,2.0,2.0,1013.0,1014.0,1017.0,1828.8,144.0,50.8,0.0,0.6867387139913976,13.008699130086992,14.498550144985503,18.288,24.4,0.025074012760105863,645.16,5184,4.0,1026169,568.1,94.68333333333334,35.0,32.0,0.1999999999999993
171,219.4,21.3,118.0,102.7,169.3,100,0.0,1013,78,24.8,0.9,1.33,2023,11,7,17,1,311,45,-0.9659258262890683,-0.25881904510252063,-0.5000000000000004,0.8660254037844384,0.7818314824680298,0.6234898018587336,3,1,0,57.0,22.0,28.0,30.0,15.0,28.0,50.0,25.238858928248106,71.0,22.0,38.278333333333336,20.508067111911213,71.0,22.0,32.472500000000004,15.251616382296318,71.0,22.0,26.56958333333333,13.027834241969567,71.0,12.0,25.4,24.9,24.2,72.0,73.0,76.0,2.0,0.66,1.33,1013.0,1014.0,1016.0,1934.4,103.74000000000001,32.984,0.0,0.691327250951792,10.29998591615417,5.539646026008168,19.344,24.135,0.024481713246087618,615.0400000000001,6084,1.7689000000000001,1026169,701.7,116.95,14.0,43.0,-0.5999999999999979
189,308.7,32.7,91.0,122.3,195.7,100,0.0,1013,83,24.3,0.0,0.66,2023,11,7,18,1,311,45,-1.0,-1.8369701987210297e-16,-0.5000000000000004,0.8660254037844384,0.7818314824680298,0.6234898018587336,3,2,0,71.0,57.0,22.0,26.67,23.0,30.0,71.0,14.000000000000131,85.0,57.0,48.0,26.773120849090144,85.0,22.0,37.63916666666667,21.122599899518796,85.0,22.0,28.86125,17.668403218248464,85.0,12.0,24.8,25.2,24.5,78.0,73.0,75.0,1.33,1.33,0.66,1013.0,1013.0,1015.0,2016.9,54.78,16.038,0.0,0.6950065821211601,9.440078285067734,2.7827895171401487,20.169,23.970000000000002,0.023988130317739075,590.49,6889,0.43560000000000004,1026169,835.3999999999999,139.23333333333332,14.0,63.0,-0.5
208,398.0,44.0,64.0,142.0,222.0,100,0.0,1013,89,23.7,0.0,1.2,2023,11,7,19,1,311,45,-0.9659258262890684,0.2588190451025203,-0.5000000000000004,0.8660254037844384,0.7818314824680298,0.6234898018587336,3,2,0,85.0,71.0,57.0,25.0,26.0,27.0,85.0,14.000000000000004,99.0,71.0,60.333333333333336,30.800432897390404,99.0,22.0,43.722500000000004,27.124971428556332,99.0,22.0,31.86125,22.727063796371787,99.0,12.0,24.3,25.4,24.7,83.0,72.0,73.0,0.66,2.0,2.0,1013.0,1013.0,1014.0,2109.2999999999997,106.8,28.439999999999998,0.0,0.6971781888859937,9.045248971614281,1.4545123974455128,21.092999999999996,23.099999999999998,0.023395830803720825,561.6899999999999,7921,1.44,1026169,969.0,161.5,14.0,42.0,-0.6000000000000014
219,488.7,51.0,52.7,153.7,244.7,100,0.0,1013,90,23.6,0.0,1.2,2023,11,7,20,1,311,45,-0.8660254037844386,0.5000000000000001,-0.5000000000000004,0.8660254037844384,0.7818314824680298,0.6234898018587336,3,2,0,99.0,85.0,71.0,28.0,23.0,30.0,97.11,11.284338704593946,107.33,85.0,73.55499999999999,31.169538815965485,107.33,22.0,50.75,31.79089034756503,107.33,22.0,35.083333333333336,27.443896235405735,107.33,12.0,23.7,24.8,24.9,89.0,78.0,73.0,1.2,1.33,0.66,1013.0,1013.0,1014.0,2124.0,108.0,28.32,0.0,0.6983038496821752,9.582165055587145,1.0333130722927002,21.24,23.0,0.02329711421805112,556.96,8100,1.44,1026169,1098.13,183.02166666666668,8.329999999999998,36.33,-0.09999999999999787
230,579.3,58.0,41.3,165.3,267.3,100,0.0,1014,91,23.6,0.0,0.8,2023,11,7,21,1,311,45,-0.7071067811865477,0.7071067811865474,-0.5000000000000004,0.8660254037844384,0.7818314824680298,0.6234898018587336,3,2,0,107.33,99.0,85.0,22.0,28.0,26.0,107.33333333333333,8.33500049989966,115.67,99.0,89.16666666666667,22.410315184455612,115.67,57.0,58.05583333333334,35.89607384414392,115.67,22.0,38.819583333333334,31.896248583993273,115.67,12.0,23.6,24.3,25.2,90.0,83.0,73.0,1.2,0.66,1.33,1013.0,1013.0,1013.0,2147.6,72.8,18.880000000000003,0.0,0.6997537824937538,9.98775883174428,0.7120566886777814,21.476,23.200000000000003,0.023274138782900612,556.96,8281,0.6400000000000001,1028196,1226.87,204.47833333333332,8.340000000000003,30.67,0.0
241,670.0,65.0,30.0,177.0,290.0,100,0.0,1014,92,23.5,0.0,0.8,2023,11,7,22,1,311,45,-0.5000000000000004,0.8660254037844384,-0.5000000000000004,0.8660254037844384,0.7818314824680298,0.6234898018587336,3,3,0,115.67,107.33,99.0,57.0,30.0,26.0,115.66666666666667,8.33500049989952,124.0,107.33,100.33333333333333,19.705893196367402,124.0,71.0,65.88916666666667,39.31108945053376,124.0,22.0,42.90291666666667,36.170322026089636,124.0,12.0,23.6,23.7,25.4,91.0,89.0,72.0,0.8,1.2,2.0,1014.0,1013.0,1013.0,2162.0,73.60000000000001,18.8,0.0,0.7005610137795831,10.307533730250302,0.46153136105598375,21.62,23.1,0.023175519550769675,552.25,8464,0.6400000000000001,1028196,1356.0,226.0,8.329999999999998,25.0,-0.10000000000000142
233,647.2,62.3,27.7,168.7,269.0,100,0.0,1014,93,23.5,0.0,1.2,2023,11,7,23,1,311,45,-0.25881904510252157,0.9659258262890681,-0.5000000000000004,0.8660254037844384,0.7818314824680298,0.6234898018587336,3,3,0,124.0,115.67,107.33,71.0,30.0,15.0,119.22333333333334,4.297631130439684,124.0,115.67,108.16666666666667,14.31859723110603,124.0,85.0,73.22250000000001,40.20532825950473,124.0,22.0,47.194583333333334,38.73526535894067,124.0,12.0,23.5,23.6,24.8,92.0,90.0,78.0,0.8,1.2,1.33,1014.0,1013.0,1013.0,2185.5,111.6,28.2,0.0,0.6994623624044908,10.388276271648932,0.44461565624949845,21.855,22.9,0.023175519550769675,552.25,8649,1.44,1028196,1292.9,215.48333333333335,-6.0,10.670000000000002,0.0
225,624.5,59.7,25.3,160.3,248.0,100,0.0,1014,93,23.5,0.0,1.2,2023,11,8,0,2,312,45,0.0,1.0,-0.5000000000000004,0.8660254037844384,0.9749279121818236,-0.22252093395631434,3,3,0,118.0,124.0,115.67,85.0,26.67,13.0,118.0,5.999999999999276,124.0,112.0,112.66666666666667,8.736259306284136,124.0,99.0,80.33333333333333,38.74267610162123,124.0,22.0,51.319583333333334,40.17990818254798,124.0,12.0,23.5,23.6,24.3,93.0,91.0,83.0,1.2,0.8,0.66,1014.0,1014.0,1013.0,2185.5,111.6,28.2,0.0,0.6986855977192905,10.460461298805715,0.42377849617259344,21.855,22.9,0.023175519550769675,552.25,8649,1.44,1028196,1229.8,204.96666666666667,-6.0,-3.6700000000000017,0.0
217,601.7,57.0,23.0,152.0,227.0,100,0.0,1013,93,23.5,0.0,0.8,2023,11,8,1,2,312,45,0.25881904510252074,0.9659258262890683,-0.5000000000000004,0.8660254037844384,0.9749279121818236,-0.22252093395631434,3,3,0,112.0,118.0,124.0,99.0,25.0,15.0,112.0,5.999999999999422,118.0,106.0,113.83333333333333,6.798693011648331,124.0,106.0,87.08333333333333,35.1117624252335,124.0,22.0,55.111250000000005,40.890931099641996,124.0,12.0,23.5,23.5,23.7,93.0,92.0,89.0,1.2,0.8,1.2,1014.0,1014.0,1013.0,2185.5,74.4,18.8,0.0,0.6973638331326767,10.555955158681428,0.40350169295275523,21.855,23.1,0.02319839763238141,552.25,8649,0.6400000000000001,1026169,1166.7,194.45000000000002,-6.0,-18.0,0.0
205,554.4,51.3,22.0,138.3,208.0,95,0.0,1013,94,23.4,0.0,0.8,2023,11,8,2,2,312,45,0.49999999999999994,0.8660254037844387,-0.5000000000000004,0.8660254037844384,0.9749279121818236,-0.22252093395631434,3,3,0,106.0,112.0,118.0,107.33,28.0,18.0,104.89,7.7250436891965295,112.0,96.67,112.05666666666667,9.638034377747168,124.0,96.67,92.80583333333333,29.801303039947157,124.0,22.0,58.38916666666666,40.93981838882732,124.0,12.0,23.5,23.5,23.6,93.0,93.0,90.0,0.8,1.2,1.2,1013.0,1014.0,1013.0,2199.6,75.2,18.72,0.0,0.6989826537769068,10.806806884856046,0.4288415430498431,21.996,23.0,0.0230996810467117,547.56,8836,0.6400000000000001,1026169,1070.67,178.44500000000002,-9.329999999999998,-21.33,-0.10000000000000142
192,507.1,45.7,21.0,124.7,189.0,91,0.0,1013,94,23.3,0.0,0.8,2023,11,8,3,2,312,45,0.7071067811865476,0.7071067811865476,-0.5000000000000004,0.8660254037844384,0.9749279121818236,-0.22252093395631434,3,3,0,96.67,106.0,112.0,115.67,22.0,21.0,96.66666666666667,9.33500044634873,106.0,87.33,107.33333333333333,13.630488863816923,124.0,87.33,98.25,20.068395777711846,124.0,57.0,61.15291666666667,40.54299022445927,124.0,12.0,23.4,23.5,23.6,94.0,93.0,91.0,0.8,1.2,0.8,1013.0,1014.0,1014.0,2190.2000000000003,75.2,18.64,0.0,0.7003151538480044,11.096037285836196,0.45950854467079494,21.902,22.900000000000002,0.023000964461041995,542.89,8836,0.6400000000000001,1026169,974.8300000000002,162.4716666666667,-9.340000000000003,-24.67,-0.09999999999999787
180,459.9,40.0,20.0,111.0,170.0,87,0.0,1012,95,23.2,0.0,0.8,2023,11,8,4,2,312,45,0.8660254037844386,0.5000000000000001,-0.5000000000000004,0.8660254037844384,0.9749279121818236,-0.22252093395631434,3,3,0,87.33,96.67,106.0,124.0,57.0,12.0,87.33333333333333,9.335000446348888,96.67,78.0,99.66666666666667,15.224658507389869,118.0,78.0,100.0,16.792573033662293,124.0,71.0,63.90291666666667,39.28280866155831,124.0,15.0,23.3,23.5,23.5,94.0,93.0,92.0,0.8,0.8,0.8,1013.0,1013.0,1014.0,2204.0,76.0,18.56,0.0,0.7026963721047558,11.497212569685757,0.49998750031249223,22.04,22.8,0.02292487853272872,538.24,9025,0.6400000000000001,1024144,878.9,146.48333333333332,-9.329999999999998,-28.0,-0.10000000000000142
180,421.4,34.7,25.0,111.7,145.3,91,0.0,1013,93,23.3,0.0,0.8,2023,11,8,5,2,312,45,0.9659258262890683,0.25881904510252074,-0.5000000000000004,0.8660254037844384,0.9749279121818236,-0.22252093395631434,3,3,0,78.0,87.33,96.67,118.0,71.0,15.0,81.21999999999998,5.2939871552547775,87.33,78.0,93.05499999999999,14.253480627551053,112.0,78.0,100.61083333333333,15.742262433180443,124.0,78.0,66.54166666666667,37.95977947737627,124.0,22.0,23.2,23.4,23.5,95.0,94.0,93.0,0.8,0.8,1.2,1012.0,1013.0,1014.0,2166.9,74.4,18.64,0.0,0.7012470792562286,12.143742255266417,0.72044033313161,21.669,22.900000000000002,0.023000964461041995,542.89,8649,0.6400000000000001,1026169,816.4300000000001,136.0716666666667,0.3299999999999983,-18.340000000000003,0.10000000000000142
181,382.8,29.3,30.0,112.3,120.7,95,0.0,1013,91,23.4,0.0,0.8,2023,11,8,6,2,312,45,1.0,6.123233995736766e-17,-0.5000000000000004,0.8660254037844384,0.9749279121818236,-0.22252093395631434,3,0,0,78.33,78.0,87.33,112.0,85.0,23.0,78.33333333333333,0.33501243758535215,78.67,78.0,87.5,11.650541618310026,106.0,78.0,100.08333333333333,16.40501604739003,124.0,78.0,68.86125,36.8686388839105,124.0,22.0,23.3,23.3,23.5,93.0,94.0,93.0,0.8,0.8,1.2,1013.0,1013.0,1014.0,2129.4,72.8,18.72,0.0,0.7005280451643351,13.064400532405037,1.0238558410975733,21.294,23.0,0.0230996810467117,547.56,8281,0.6400000000000001,1026169,753.77,125.62833333333333,0.3400000000000034,-8.659999999999997,0.09999999999999787
181,344.3,24.0,35.0,113.0,96.0,100,0.0,1013,90,23.5,0.8,0.8,2023,11,8,7,2,312,45,0.9659258262890683,-0.25881904510252063,-0.5000000000000004,0.8660254037844384,0.9749279121818236,-0.22252093395631434,3,0,0,78.67,78.33,78.0,106.0,99.0,26.0,78.66666666666667,0.33501243758518245,79.0,78.33,83.0,7.578596176072097,96.67,78.0,98.41666666666667,17.504207459575323,124.0,78.0,71.06958333333334,35.76036553640253,124.0,22.0,23.4,23.2,23.5,91.0,95.0,93.0,0.8,0.8,0.8,1013.0,1012.0,1013.0,2115.0,72.0,18.8,0.0,0.6991088574437394,14.3452356151827,1.4582725719761676,21.15,23.1,0.02319839763238141,552.25,8100,0.6400000000000001,1026169,691.3,115.21666666666665,0.3299999999999983,1.0,0.10000000000000142
173,274.5,20.3,53.0,105.7,109.7,100,0.0,1014,84,24.5,1.3,1.2,2023,11,8,8,2,312,45,0.8660254037844387,-0.4999999999999998,-0.5000000000000004,0.8660254037844384,0.9749279121818236,-0.22252093395631434,3,0,0,79.0,78.67,78.33,96.67,107.33,23.0,76.89,3.372877110124834,79.0,73.0,79.055,4.624468618119827,87.33,73.0,95.55583333333334,18.680853327955354,124.0,73.0,73.15291666666667,34.263278032873565,124.0,22.0,23.5,23.3,23.4,90.0,93.0,94.0,0.8,0.8,0.8,1013.0,1013.0,1013.0,2058.0,100.8,29.4,0.0,0.6906273355975818,13.52150140387173,2.610708832077237,20.58,23.9,0.024161711872079022,600.25,7056,1.44,1028196,636.2,106.03333333333335,-6.0,-5.329999999999998,1.0
165,204.6,16.7,71.0,98.3,123.3,100,0.0,1014,79,25.4,2.1,1.2,2023,11,8,9,2,312,45,0.7071067811865476,-0.7071067811865475,-0.5000000000000004,0.8660254037844384,0.9749279121818236,-0.22252093395631434,3,0,0,73.0,79.0,78.67,87.33,115.67,28.0,73.0,6.000000000000448,79.0,67.0,75.66666666666667,4.793560958894982,79.0,67.0,91.5,19.193217552041038,124.0,67.0,74.77791666666667,32.92749518182793,124.0,22.0,24.5,23.4,23.3,84.0,91.0,94.0,1.2,0.8,0.8,1014.0,1013.0,1013.0,2006.6,94.8,30.479999999999997,0.0,0.6815800449639373,12.25076342733968,4.251242440572421,20.066,24.799999999999997,0.025049284961257433,645.16,6241,1.44,1028196,580.9,96.81666666666666,-6.0,-11.670000000000002,0.8999999999999986
157,134.8,13.0,89.0,91.0,137.0,100,0.0,1014,74,26.4,2.6,1.2,2023,11,8,10,2,312,45,0.49999999999999994,-0.8660254037844387,-0.5000000000000004,0.8660254037844384,0.9749279121818236,-0.22252093395631434,3,0,0,67.0,73.0,79.0,78.0,124.0,30.0,67.0,6.000000000000618,73.0,61.0,72.83333333333333,7.434932862282115,79.0,61.0,86.25,18.07918340875082,118.0,61.0,76.06958333333334,31.678950696166876,124.0,22.0,25.4,23.5,23.2,79.0,90.0,95.0,1.2,0.8,0.8,1014.0,1013.0,1012.0,1953.6,88.8,31.679999999999996,0.0,0.6703223041505038,10.368433197446352,6.8456272594415815,19.535999999999998,25.799999999999997,0.02603547728256678,696.9599999999999,5476,1.44,1028196,525.8,87.63333333333333,-6.0,-18.0,1.0
151,123.9,11.3,97.3,84.3,137.0,79,0.0,1013,70,27.7,2.8,0.33,2023,11,8,11,2,312,45,0.258819045102521,-0.9659258262890682,-0.5000000000000004,0.8660254037844384,0.9749279121818236,-0.22252093395631434,3,0,0,61.0,67.0,73.0,78.33,118.0,30.0,61.44333333333333,5.3487973726196305,67.0,56.33,69.16666666666667,9.358110208083842,79.0,56.33,81.11083333333333,16.964232672051367,112.0,56.33,77.16666666666667,30.44606388019852,124.0,22.0,26.4,24.5,23.3,74.0,84.0,93.0,1.2,1.2,0.8,1014.0,1014.0,1013.0,1939.0,23.1,9.141,0.0,0.6682008517099441,10.963631537032121,8.60985753473144,19.39,27.535,0.02734449423050915,767.29,4900,0.10890000000000001,1026169,510.13,85.02166666666666,-4.670000000000002,-16.67,1.3000000000000007
144,113.0,9.7,105.7,77.7,137.0,58,0.0,1012,65,29.0,2.5,0.66,2023,11,8,12,2,312,45,1.2246467991473532e-16,-1.0,-0.5000000000000004,0.8660254037844384,0.9749279121818236,-0.22252093395631434,3,1,0,56.33,61.0,67.0,78.67,112.0,26.67,56.333333333333336,4.66500089317724,61.0,51.67,64.66666666666667,10.316890358370758,79.0,51.67,76.08333333333333,15.882952744334714,106.0,51.67,78.20833333333333,29.038407500153234,124.0,22.0,27.7,25.4,23.4,70.0,79.0,91.0,0.33,1.2,0.8,1013.0,1014.0,1013.0,1885.0,42.9,19.14,0.0,0.6649850066279713,11.64828368209463,10.895783939800022,18.85,28.67,0.028656098165910904,841.0,4225,0.43560000000000004,1024144,494.77000000000004,82.46166666666667,-4.659999999999997,-15.329999999999998,1.3000000000000007
131,102.1,8.0,114.0,71.0,137.0,37,0.0,1011,61,30.3,2.2,1.0,2023,11,8,13,2,312,45,-0.2588190451025208,-0.9659258262890683,-0.5000000000000004,0.8660254037844384,0.9749279121818236,-0.22252093395631434,3,1,0,51.67,56.33,61.0,79.0,106.0,25.0,51.666666666666664,4.66500089317741,56.33,47.0,59.333333333333336,9.67668469397676,73.0,47.0,71.16666666666667,14.880432748675771,96.67,47.0,79.125,27.597208585999393,124.0,22.0,29.0,26.4,23.5,65.0,74.0,90.0,0.66,1.2,0.8,1012.0,1014.0,1013.0,1848.3,61.0,30.3,0.0,0.6619625075703158,12.760904886889138,14.248218972628422,18.483,29.8,0.0299702967652851,918.09,3721,1.0,1022121,479.1,79.85000000000001,-4.670000000000002,-14.0,1.3000000000000007
132,98.0,9.0,109.7,71.0,130.3,41,0.0,1010,59,30.5,1.9,0.66,2023,11,8,14,2,312,45,-0.4999999999999997,-0.8660254037844388,-0.5000000000000004,0.8660254037844384,0.9749279121818236,-0.22252093395631434,3,1,0,47.0,51.67,56.33,73.0,96.67,28.0,48.666666666666664,2.6061913462650907,51.67,47.0,55.055,7.945672407038807,67.0,47.0,67.05499999999999,13.982447113174157,87.33,47.0,79.93041666666666,26.29144669629434,124.0,22.0,30.3,27.7,24.5,61.0,70.0,84.0,1.0,0.33,1.2,1011.0,1013.0,1014.0,1799.5,38.940000000000005,20.130000000000003,0.0,0.6666103294319797,10.88767914676147,12.187534718364628,17.995,30.17,0.030197989902980296,930.25,3481,0.43560000000000004,1020100,465.33,77.55499999999999,0.3299999999999983,-9.0,0.1999999999999993
133,94.0,10.0,105.3,71.0,123.7,45,0.0,1009,57,30.8,1.9,0.33,2023,11,8,15,2,312,45,-0.7071067811865471,-0.7071067811865479,-0.5000000000000004,0.8660254037844384,0.9749279121818236,-0.22252093395631434,3,1,0,47.33,47.0,51.67,67.0,87.33,22.0,47.333333333333336,0.33501243760117305,47.67,47.0,51.833333333333336,5.748894386457702,61.0,47.0,63.75,13.430709045114916,79.0,47.0,81.0,24.277265263939455,124.0,47.0,30.5,29.0,25.4,59.0,65.0,79.0,0.66,0.66,1.2,1010.0,1012.0,1014.0,1755.6000000000001,18.810000000000002,10.164000000000001,0.0,0.6713989943803608,9.3990600939906,10.528947105289472,17.556,30.635,0.030525242294110713,948.6400000000001,3249,0.10890000000000001,1018081,451.67,75.27833333333334,0.3400000000000034,-4.0,0.3000000000000007
134,89.9,11.0,101.0,71.0,117.0,50,0.0,1009,55,31.0,1.9,0.8,2023,11,8,16,2,312,45,-0.8660254037844385,-0.5000000000000004,-0.5000000000000004,0.8660254037844384,0.9749279121818236,-0.22252093395631434,3,1,0,47.67,47.33,47.0,61.0,78.0,57.0,47.666666666666664,0.33501243760100957,48.0,47.33,49.666666666666664,3.6810034863668792,56.33,47.0,61.25,13.328791120250171,79.0,47.0,80.625,24.72939985910158,124.0,47.0,30.8,30.3,26.4,57.0,61.0,74.0,0.33,1.0,1.2,1009.0,1011.0,1014.0,1705.0,44.0,24.8,0.0,0.6760468162420247,8.171984365057723,9.180983546950278,17.05,30.6,0.030723458153163376,961.0,3025,0.6400000000000001,1018081,437.9,72.98333333333333,0.3299999999999983,1.0,0.1999999999999993
128,101.7,13.7,84.7,67.7,114.3,54,0.0,1009,62,29.5,1.8,1.6,2023,11,8,17,2,312,45,-0.9659258262890683,-0.25881904510252063,-0.5000000000000004,0.8660254037844384,0.9749279121818236,-0.22252093395631434,3,1,0,48.0,47.67,47.33,56.33,78.33,71.0,47.11333333333334,1.2608066201236208,48.0,45.67,47.89000000000001,2.019059186843879,51.67,45.67,58.528333333333336,12.84998679400289,79.0,45.67,79.56958333333333,25.680284855383746,124.0,45.67,31.0,30.5,27.7,55.0,59.0,70.0,0.8,0.66,0.33,1009.0,1010.0,1013.0,1829.0,99.2,47.2,0.0,0.6745838318488648,7.422815852857457,6.182030508721992,18.29,28.7,0.029236839210268376,870.25,3844,2.5600000000000005,1018081,427.77000000000004,71.295,-2.3299999999999983,-1.6599999999999966,-1.5
121,113.6,16.3,68.3,64.3,111.7,58,0.0,1010,71,28.0,0.0,2.0,2023,11,8,18,2,312,45,-1.0,-1.8369701987210297e-16,-0.5000000000000004,0.8660254037844384,0.9749279121818236,-0.22252093395631434,3,2,0,45.67,48.0,47.67,51.67,78.67,85.0,45.666666666666664,2.3350017844421513,48.0,43.33,46.5,1.749034019102781,48.0,43.33,55.583333333333336,11.822821024175493,79.0,43.33,77.83333333333333,26.68613068645435,124.0,43.33,29.5,30.8,29.0,62.0,57.0,65.0,1.6,0.33,0.66,1009.0,1009.0,1012.0,1988.0,142.0,56.0,0.0,0.6738619928150417,6.968897613643334,4.189926998343659,19.88,27.0,0.027722744828965515,784.0,5041,4.0,1020100,417.53,69.58833333333332,-2.3400000000000034,-4.340000000000003,-1.5
115,125.5,19.0,52.0,61.0,109.0,62,0.0,1010,81,26.5,0.0,2.0,2023,11,8,19,2,312,45,-0.9659258262890684,0.2588190451025203,-0.5000000000000004,0.8660254037844384,0.9749279121818236,-0.22252093395631434,3,2,0,43.33,45.67,48.0,47.0,79.0,99.0,43.333333333333336,2.335001784442322,45.67,41.0,45.5,2.8034122065759344,48.0,41.0,52.416666666666664,9.91587371415861,73.0,41.0,75.41666666666667,27.304992482928473,124.0,41.0,28.0,31.0,30.3,71.0,55.0,61.0,2.0,0.8,1.0,1010.0,1009.0,1011.0,2146.5,162.0,53.0,0.0,0.6721201291782102,6.604915530761539,2.7366980685227094,21.465,25.5,0.02623759778455665,702.25,6561,4.0,1020100,407.5,67.91666666666667,-2.3299999999999983,-7.0,-1.5
102,122.2,17.7,50.7,54.0,94.7,66,0.0,1011,84,26.5,0.0,2.4,2023,11,8,20,2,312,45,-0.8660254037844386,0.5000000000000001,-0.5000000000000004,0.8660254037844384,0.9749279121818236,-0.22252093395631434,3,2,0,41.0,43.33,45.67,47.33,73.0,107.33,40.11,3.745170223102901,43.33,36.0,43.61166666666667,4.578250393616085,48.0,36.0,49.333333333333336,8.598731759903849,67.0,36.0,72.44458333333334,27.561121164039502,124.0,36.0,26.5,29.5,30.5,81.0,62.0,59.0,2.0,1.6,0.66,1010.0,1009.0,1010.0,2226.0,201.6,63.599999999999994,0.0,0.6666543212162738,6.903564770351958,2.8642449579119824,22.26,25.3,0.0262116456858104,702.25,7056,5.76,1022121,375.3,62.550000000000004,-5.0,-9.670000000000002,0.0
91,118.9,16.3,49.3,47.0,80.3,70,0.0,1011,86,26.5,0.0,2.8,2023,11,8,21,2,312,45,-0.7071067811865477,0.7071067811865474,-0.5000000000000004,0.8660254037844384,0.9749279121818236,-0.22252093395631434,3,2,0,36.0,41.0,43.33,47.67,67.0,115.67,36.0,5.000000000001814,41.0,31.0,40.833333333333336,6.341468809877261,48.0,31.0,46.333333333333336,8.142593213615465,61.0,31.0,68.91666666666667,27.20426943261559,124.0,31.0,26.5,28.0,30.8,84.0,71.0,57.0,2.4,2.0,0.33,1011.0,1010.0,1009.0,2279.0,240.79999999999998,74.19999999999999,0.0,0.6595604348843642,7.2940310410404265,3.024354334089933,22.79,25.1,0.0262116456858104,702.25,7396,7.839999999999999,1022121,342.8,57.13333333333333,-5.0,-12.329999999999998,0.0
80,115.6,15.0,48.0,40.0,66.0,75,0.0,1012,89,26.5,0.0,2.4,2023,11,8,22,2,312,45,-0.5000000000000004,0.8660254037844384,-0.5000000000000004,0.8660254037844384,0.9749279121818236,-0.22252093395631434,3,3,0,31.0,36.0,41.0,48.0,61.0,124.0,31.0,5.000000000001998,36.0,26.0,37.166666666666664,7.6035667069242265,45.67,26.0,43.416666666666664,8.663245595180692,56.33,26.0,64.83333333333333,25.900446809419307,118.0,26.0,26.5,26.5,31.0,86.0,81.0,55.0,2.8,2.0,0.8,1011.0,1010.0,1009.0,2358.5,213.6,63.599999999999994,0.0,0.6499837504062399,7.706152923138458,3.1997866808879407,23.585,25.3,0.02618574487574617,702.25,7921,5.76,1024144,310.6,51.76666666666667,-5.0,-15.0,0.0
79,107.6,14.0,47.7,39.0,59.0,79,0.0,1012,90,26.3,0.0,2.4,2023,11,8,23,2,312,45,-0.25881904510252157,0.9659258262890681,-0.5000000000000004,0.8660254037844384,0.9749279121818236,-0.22252093395631434,3,3,0,26.0,31.0,36.0,45.67,56.33,118.0,27.44333333333333,3.098327505825463,31.0,25.33,33.776666666666664,7.588392890899028,43.33,25.33,40.833333333333336,9.074740500505206,51.67,25.33,60.97208333333333,24.49947576709224,112.0,25.33,26.5,26.5,29.5,89.0,84.0,62.0,2.4,2.4,1.6,1012.0,1011.0,1009.0,2367.0,216.0,63.12,0.0,0.6494705263967591,7.685165345332476,3.4068995071780592,23.67,25.1,0.02598811661253299,691.69,8100,5.76,1024144,292.63,48.77166666666667,-0.6700000000000017,-10.670000000000002,-0.1999999999999993
77,99.6,13.0,47.3,38.0,52.0,83,0.0,1012,91,26.2,0.0,2.0,2023,11,9,0,3,313,45,0.0,1.0,-0.5000000000000004,0.8660254037844384,0.43388373911755823,-0.900968867902419,3,3,0,25.33,26.0,31.0,43.33,51.67,112.0,25.333333333333332,0.6650062656512421,26.0,24.67,30.666666666666668,6.6565927220048,41.0,24.67,38.583333333333336,9.481705191226338,48.0,24.67,57.333333333333336,23.032472477044593,106.0,24.67,26.3,26.5,28.0,90.0,86.0,71.0,2.4,2.8,2.0,1012.0,1011.0,1010.0,2384.2,182.0,52.4,0.0,0.6491934422778349,7.660949157757096,3.638181678332436,23.842,25.2,0.025889302480926402,686.4399999999999,8281,4.0,1024144,274.57,45.76166666666666,-0.6599999999999966,-6.329999999999998,-0.10000000000000142
76,91.6,12.0,47.0,37.0,45.0,87,0.0,1013,93,26.0,0.0,1.6,2023,11,9,1,3,313,45,0.25881904510252074,0.9659258262890683,-0.5000000000000004,0.8660254037844384,0.43388373911755823,-0.900968867902419,3,3,0,24.67,25.33,26.0,41.0,47.0,106.0,24.666666666666668,0.6650062656514268,25.33,24.0,27.833333333333332,4.712772715360629,36.0,24.0,36.666666666666664,9.939270444539316,48.0,24.0,53.916666666666664,21.532462987750815,96.67,24.0,26.2,26.5,26.5,91.0,89.0,81.0,2.0,2.4,2.0,1012.0,1012.0,1010.0,2418.0,148.8,41.6,0.0,0.6486311180778899,7.6326972752270645,3.9163403049745855,24.18,25.2,0.025666312274124112,676.0,8649,2.5600000000000005,1026169,256.6,42.76666666666667,-0.6700000000000017,-2.0,-0.1999999999999993
80,96.7,12.7,46.3,40.0,47.7,77,0.0,1012,93,25.7,0.0,1.2,2023,11,9,2,3,313,45,0.49999999999999994,0.8660254037844387,-0.5000000000000004,0.8660254037844384,0.43388373911755823,-0.900968867902419,3,3,0,24.0,24.67,25.33,36.0,47.33,96.67,24.89,1.0179882121234212,26.0,24.0,26.166666666666668,2.4920326375566977,31.0,24.0,34.88916666666667,9.764672371111484,48.0,24.0,50.97208333333334,20.22404853013591,87.33,24.0,26.0,26.3,26.5,93.0,90.0,84.0,1.6,2.4,2.4,1013.0,1012.0,1011.0,2390.1,111.6,30.839999999999996,0.0,0.6499837504062399,7.613573734351627,3.645382253365877,23.901,25.099999999999998,0.025395231822893456,660.49,8649,1.44,1024144,269.4,44.9,2.0,0.6700000000000017,-0.3000000000000007
85,101.7,13.3,45.7,43.0,50.3,66,0.0,1011,94,25.3,0.0,0.8,2023,11,9,3,3,313,45,0.7071067811865476,0.7071067811865476,-0.5000000000000004,0.8660254037844384,0.43388373911755823,-0.900968867902419,3,3,0,26.0,24.0,24.67,31.0,47.67,87.33,26.0,2.000000000005457,28.0,24.0,25.666666666666668,1.3821094987908347,28.0,24.0,33.25,9.048885416045685,48.0,24.0,48.5,19.186078512704682,79.0,24.0,25.7,26.2,26.5,93.0,91.0,86.0,1.2,2.0,2.8,1012.0,1012.0,1011.0,2378.2000000000003,75.2,20.240000000000002,0.0,0.6511476477291226,7.646041651003684,3.435831892338922,23.782000000000004,24.900000000000002,0.025024703239660495,640.09,8836,0.6400000000000001,1022121,282.0,47.0,2.0,3.3299999999999983,-0.3999999999999986
89,106.8,14.0,45.0,46.0,53.0,56,0.0,1011,94,25.0,0.0,0.8,2023,11,9,4,3,313,45,0.8660254037844386,0.5000000000000001,-0.5000000000000004,0.8660254037844384,0.43388373911755823,-0.900968867902419,3,3,0,28.0,26.0,24.0,26.0,48.0,78.0,28.0,2.0000000000052713,30.0,26.0,26.333333333333332,2.2605810462462452,30.0,24.0,31.75,7.785216759987966,45.67,24.0,46.5,18.46551309639293,79.0,24.0,25.3,26.0,26.5,94.0,93.0,89.0,0.8,1.6,2.4,1011.0,1013.0,1012.0,2350.0,75.2,20.0,0.0,0.6521597356579205,7.628026569530748,3.2140561388472255,23.5,24.6,0.02472796762812302,625.0,8836,0.6400000000000001,1022121,294.8,49.13333333333333,2.0,6.0,-0.3000000000000007
103,155.6,17.0,37.7,54.7,61.7,45,0.0,1011,94,25.1,0.0,0.8,2023,11,9,5,3,313,45,0.9659258262890683,0.25881904510252074,-0.5000000000000004,0.8660254037844384,0.43388373911755823,-0.900968867902419,3,3,0,30.0,28.0,26.0,25.33,45.67,78.33,31.44333333333333,4.348520821308452,36.33,28.0,28.166666666666668,4.567518655314671,36.33,24.0,30.971666666666664,6.651356434911619,43.33,24.0,44.75,17.269235022457835,79.0,24.0,25.0,25.7,26.3,94.0,93.0,90.0,0.8,1.2,2.4,1011.0,1012.0,1012.0,2359.4,75.2,20.080000000000002,0.0,0.6641560483354966,9.152402799835302,2.2175166166696076,23.594,24.700000000000003,0.024826879498635514,630.0100000000001,8836,0.6400000000000001,1022121,363.03,60.504999999999995,6.329999999999998,10.329999999999998,0.10000000000000142
120,204.5,20.0,30.3,63.3,70.3,35,0.0,1012,95,25.2,0.0,0.8,2023,11,9,6,3,313,45,1.0,6.123233995736766e-17,-0.5000000000000004,0.8660254037844384,0.43388373911755823,-0.900968867902419,3,0,0,36.33,30.0,28.0,24.67,43.33,78.67,36.333333333333336,6.3350006577230396,42.67,30.0,31.166666666666668,7.048845768396921,42.67,24.0,30.916666666666668,6.54170027013163,42.67,24.0,43.25,15.685730153065771,79.0,24.0,25.1,25.3,26.2,94.0,94.0,91.0,0.8,0.8,2.0,1011.0,1011.0,1012.0,2394.0,76.0,20.16,0.0,0.674080978183599,10.224488775561221,1.5149242537873107,23.94,24.8,0.02490116116486051,635.04,9025,0.6400000000000001,1024144,431.07000000000005,71.84500000000001,6.340000000000003,14.670000000000002,0.09999999999999787
137,253.3,23.0,23.0,72.0,79.0,25,0.0,1012,95,25.3,1.3,1.2,2023,11,9,7,3,313,45,0.9659258262890683,-0.25881904510252063,-0.5000000000000004,0.8660254037844384,0.43388373911755823,-0.900968867902419,3,0,0,42.67,36.33,30.0,24.0,41.0,79.0,42.666666666666664,6.335000657722854,49.0,36.33,35.333333333333336,9.065661954134772,49.0,26.0,31.583333333333332,7.924256584957355,49.0,24.0,42.0,13.79424738322388,73.0,24.0,25.2,25.0,26.0,95.0,94.0,93.0,0.8,0.8,1.6,1012.0,1011.0,1013.0,2403.5,114.0,30.36,0.0,0.6805461035263398,11.012564671101256,0.9999565236294073,24.035,24.7,0.024999975296467098,640.09,9025,1.44,1024144,499.3,83.21666666666667,6.329999999999998,19.0,0.10000000000000142
118,197.6,18.7,40.0,62.7,82.7,45,0.0,1013,88,26.5,2.0,0.66,2023,11,9,8,3,313,45,0.8660254037844387,-0.4999999999999998,-0.5000000000000004,0.8660254037844384,0.43388373911755823,-0.900968867902419,3,0,0,49.0,42.67,36.33,26.0,36.0,73.0,44.55666666666667,3.8625941196750477,49.0,42.0,38.0,8.069669138197657,49.0,28.0,32.083333333333336,8.403096110507224,49.0,24.0,40.708333333333336,12.114359667144635,67.0,24.0,25.3,25.1,25.7,95.0,94.0,93.0,1.2,0.8,1.2,1012.0,1011.0,1012.0,2332.0,58.080000000000005,17.490000000000002,0.0,0.6698457759844341,10.566279878081385,2.1389230522431957,23.32,26.17,0.026159895202472652,702.25,7744,0.43560000000000004,1026169,443.69999999999993,73.94999999999999,-7.0,5.670000000000002,1.1999999999999993
100,142.0,14.3,57.0,53.3,86.3,66,0.0,1013,82,27.6,2.7,1.33,2023,11,9,9,3,313,45,0.7071067811865476,-0.7071067811865475,-0.5000000000000004,0.8660254037844384,0.43388373911755823,-0.900968867902419,3,0,0,42.0,49.0,42.67,28.0,31.0,67.0,42.0,7.000000000001132,49.0,35.0,39.166666666666664,6.72950419174,49.0,30.0,32.416666666666664,8.43548924413256,49.0,24.0,39.375,10.782622896204419,61.0,24.0,26.5,25.2,25.3,88.0,95.0,94.0,0.66,0.8,0.8,1013.0,1012.0,1011.0,2263.2000000000003,109.06,36.708000000000006,0.0,0.6566480929063245,9.929375568142088,3.9857352632683027,22.632,26.935000000000002,0.027245777644839445,761.7600000000001,6724,1.7689000000000001,1026169,387.90000000000003,64.65,-7.0,-7.670000000000002,1.1000000000000014
85,86.4,10.0,74.0,44.0,90.0,87,0.0,1013,76,28.8,3.3,2.0,2023,11,9,10,3,313,45,0.49999999999999994,-0.8660254037844387,-0.5000000000000004,0.8660254037844384,0.43388373911755823,-0.900968867902419,3,0,0,35.0,42.0,49.0,30.0,26.0,61.0,35.0,7.000000000001315,42.0,28.0,38.833333333333336,7.2997415479348495,49.0,28.0,32.583333333333336,8.316097569646237,49.0,24.0,38.0,9.979258925173967,56.33,24.0,27.6,25.3,25.0,82.0,95.0,94.0,1.33,1.2,0.8,1013.0,1012.0,1011.0,2188.8,152.0,57.6,0.0,0.6363491738824117,8.639136086391362,7.399260073992601,21.888,27.8,0.028430376672875943,829.44,5776,4.0,1026169,332.4,55.4,-7.0,-21.0,1.1999999999999993
87,82.3,8.3,80.3,45.3,77.3,83,0.0,1013,70,29.7,2.5,2.0,2023,11,9,11,3,313,45,0.258819045102521,-0.9659258262890682,-0.5000000000000004,0.8660254037844384,0.43388373911755823,-0.900968867902419,3,0,0,28.0,35.0,42.0,36.33,25.33,56.33,30.666666666666668,3.785938897202822,35.0,28.0,37.61166666666667,8.341511653570135,49.0,28.0,32.88916666666667,8.089495386367295,49.0,24.0,36.86125,9.335202339392703,51.67,24.0,28.8,26.5,25.1,76.0,88.0,94.0,2.0,0.66,0.8,1013.0,1013.0,1011.0,2079.0,140.0,59.4,0.0,0.640162468819673,9.914468136369111,9.67353330923985,20.79,28.7,0.029318825943903313,882.0899999999999,4900,4.0,1026169,322.5,53.75,1.0,-13.0,0.8999999999999986
89,78.2,6.7,86.7,46.7,64.7,79,0.0,1012,64,30.5,4.4,2.0,2023,11,9,12,3,313,45,1.2246467991473532e-16,-1.0,-0.5000000000000004,0.8660254037844384,0.43388373911755823,-0.900968867902419,3,1,0,29.0,28.0,35.0,42.67,24.67,51.67,29.0,1.0000000000102989,30.0,28.0,35.5,8.40832920382997,49.0,28.0,33.333333333333336,7.73577560703652,49.0,24.0,35.958333333333336,8.87735157659671,49.0,24.0,29.7,27.6,25.2,70.0,82.0,95.0,2.0,1.33,0.8,1013.0,1013.0,1012.0,1952.0,128.0,61.0,0.0,0.6423845313804843,11.669900014923146,12.938367407849574,19.52,29.5,0.030138310140009745,930.25,4096,4.0,1024144,313.0,52.166666666666664,1.0,-5.0,0.8000000000000007
91,74.1,5.0,93.0,48.0,52.0,75,0.0,1011,59,31.4,3.1,2.0,2023,11,9,13,3,313,45,-0.2588190451025208,-0.9659258262890683,-0.5000000000000004,0.8660254037844384,0.43388373911755823,-0.900968867902419,3,1,0,30.0,29.0,28.0,49.0,24.0,47.0,30.0,1.0000000000101132,31.0,29.0,32.5,5.244044240848875,42.0,28.0,33.916666666666664,7.214344717087373,49.0,26.0,35.291666666666664,8.60881634376009,49.0,24.0,30.5,28.8,25.3,64.0,76.0,95.0,2.0,2.0,1.2,1012.0,1013.0,1012.0,1852.6,118.0,62.8,0.0,0.645819878752526,14.817036592681461,18.596280743851228,18.526,30.4,0.03105832734092251,985.9599999999999,3481,4.0,1022121,303.1,50.51666666666667,1.0,3.0,0.8999999999999986
92,73.7,5.7,89.3,48.7,51.0,54,0.0,1010,57,31.6,1.9,1.33,2023,11,9,14,3,313,45,-0.4999999999999997,-0.8660254037844388,-0.5000000000000004,0.8660254037844384,0.43388373911755823,-0.900968867902419,3,1,0,31.0,30.0,29.0,42.0,26.0,47.33,30.776666666666667,0.692555653614402,31.33,30.0,30.721666666666664,2.43491615187199,35.0,28.0,34.36083333333333,6.836827358748352,49.0,28.0,34.625,8.247993695439568,49.0,24.0,31.4,29.7,26.5,59.0,70.0,88.0,2.0,2.0,0.66,1011.0,1013.0,1013.0,1801.2,75.81,42.028000000000006,0.0,0.6433132789881111,12.927556569022977,15.663918610770038,18.012,30.935000000000002,0.0312870977355468,998.5600000000001,3249,1.7689000000000001,1020100,299.72999999999996,49.95499999999999,0.3299999999999983,2.3299999999999983,0.20000000000000284
92,73.3,6.3,85.7,49.3,50.0,33,0.0,1010,54,31.9,1.9,0.66,2023,11,9,15,3,313,45,-0.7071067811865471,-0.7071067811865479,-0.5000000000000004,0.8660254037844384,0.43388373911755823,-0.900968867902419,3,1,0,31.33,31.0,30.0,35.0,28.0,47.67,31.333333333333332,0.3350124376095133,31.67,31.0,30.166666666666668,1.4416055863679078,31.67,28.0,34.666666666666664,6.604559490276592,49.0,28.0,33.958333333333336,7.781163245253629,49.0,24.0,31.6,30.5,27.6,57.0,64.0,82.0,1.33,2.0,1.33,1010.0,1012.0,1013.0,1722.6,35.64,21.054,0.0,0.6423804790977872,11.633074115219806,13.60101571179178,17.226,31.57,0.03158412714442857,1017.6099999999999,2916,0.43560000000000004,1020100,296.27000000000004,49.37833333333334,0.3400000000000034,1.6700000000000017,0.29999999999999716
93,73.0,7.0,82.0,50.0,49.0,12,0.0,1009,52,32.1,1.8,1.6,2023,11,9,16,3,313,45,-0.8660254037844385,-0.5000000000000004,-0.5000000000000004,0.8660254037844384,0.43388373911755823,-0.900968867902419,3,1,0,31.67,31.33,31.0,28.0,30.0,48.0,31.666666666666668,0.3350124376093299,32.0,31.33,30.833333333333332,1.1305868682445817,32.0,29.0,34.833333333333336,6.500505341661228,49.0,28.0,33.291666666666664,7.188667208314378,49.0,24.0,31.9,31.4,28.8,54.0,59.0,76.0,0.66,2.0,2.0,1010.0,1011.0,1013.0,1669.2,83.2,51.36000000000001,0.0,0.6399872002559949,10.42708184545065,11.712612483930867,16.692,31.3,0.031813645377953045,1030.41,2704,2.5600000000000005,1018081,293.0,48.833333333333336,0.3299999999999983,1.0,0.20000000000000284
91,90.1,9.7,73.3,47.7,54.0,29,0.0,1010,59,31.0,2.0,0.66,2023,11,9,17,3,313,45,-0.9659258262890683,-0.25881904510252063,-0.5000000000000004,0.8660254037844384,0.43388373911755823,-0.900968867902419,3,1,0,32.0,31.67,31.33,29.0,36.33,45.67,31.55666666666667,0.5095422782782457,32.0,31.0,31.166666666666668,0.6915393456970168,32.0,30.0,34.38916666666667,6.57065993410811,49.0,28.0,32.680416666666666,6.6972774995372015,49.0,24.0,32.1,31.6,29.7,52.0,57.0,70.0,1.6,1.33,2.0,1009.0,1010.0,1013.0,1829.0,38.940000000000005,20.46,0.0,0.6498815538458314,9.287702298732091,7.555922069889703,18.29,30.67,0.03069303891778325,961.0,3481,0.43560000000000004,1020100,305.8,50.96666666666667,-1.0,-0.3299999999999983,-1.1000000000000014
89,107.2,12.3,64.7,45.3,59.0,45,0.0,1010,66,30.0,0.0,1.33,2023,11,9,18,3,313,45,-1.0,-1.8369701987210297e-16,-0.5000000000000004,0.8660254037844384,0.43388373911755823,-0.900968867902419,3,2,0,31.0,32.0,31.67,30.0,42.67,43.33,31.0,1.000000000009929,32.0,30.0,31.166666666666668,0.6915393456970168,32.0,30.0,33.333333333333336,6.121678815092189,49.0,28.0,32.125,6.317671557864768,49.0,24.0,31.0,31.9,30.5,59.0,54.0,64.0,0.66,0.66,2.0,1010.0,1010.0,1012.0,1980.0,87.78,39.900000000000006,0.0,0.6622370367100064,8.71473863913503,5.259734980895862,19.8,29.335,0.029702940888177338,900.0,4356,1.7689000000000001,1020100,318.5,53.083333333333336,-1.0,-1.6700000000000017,-1.0
87,124.3,15.0,56.0,43.0,64.0,62,0.0,1011,74,28.9,0.0,2.0,2023,11,9,19,3,313,45,-0.9659258262890684,0.2588190451025203,-0.5000000000000004,0.8660254037844384,0.43388373911755823,-0.900968867902419,3,2,0,30.0,31.0,32.0,31.0,49.0,41.0,30.0,1.0000000000101146,31.0,29.0,30.833333333333332,1.1305868682445817,32.0,29.0,31.666666666666668,3.7200252524392137,42.0,28.0,31.625,6.054098144879704,49.0,24.0,30.0,32.1,31.4,66.0,52.0,59.0,1.33,1.6,2.0,1010.0,1009.0,1011.0,2138.6,148.0,57.8,0.0,0.6744029208623056,8.286114259049397,3.733084461035931,21.386,27.9,0.02858553057811021,835.2099999999999,5476,4.0,1022121,331.3,55.21666666666667,-1.0,-3.0,-1.1000000000000014
79,124.3,14.3,53.3,37.7,58.0,54,0.0,1011,77,28.3,0.0,2.33,2023,11,9,20,3,313,45,-0.8660254037844386,0.5000000000000001,-0.5000000000000004,0.8660254037844384,0.43388373911755823,-0.900968867902419,3,2,0,29.0,30.0,31.0,31.33,42.0,36.0,28.11,2.4589225282673985,30.0,25.33,29.833333333333332,2.4670279014731866,32.0,25.33,30.2775,2.382562123581526,35.0,25.33,31.18041666666667,6.110365732431046,49.0,24.0,28.9,31.0,31.6,74.0,59.0,57.0,2.0,0.66,1.33,1011.0,1010.0,1010.0,2179.1,179.41,65.93900000000001,0.0,0.6718654677594759,8.691699881127194,3.7270120970561496,21.791,27.135,0.027992059355035258,800.89,5929,5.4289000000000005,1022121,312.92999999999995,52.154999999999994,-3.6700000000000017,-5.670000000000002,-0.5999999999999979
71,124.3,13.7,50.7,32.3,52.0,45,0.0,1012,80,27.8,0.0,2.66,2023,11,9,21,3,313,45,-0.7071067811865477,0.7071067811865474,-0.5000000000000004,0.8660254037844384,0.43388373911755823,-0.900968867902419,3,2,0,25.33,29.0,30.0,31.67,35.0,31.0,25.333333333333332,3.6650011368832187,29.0,21.67,28.166666666666668,3.9250766446844523,32.0,21.67,29.166666666666668,3.006391171951232,32.0,21.67,30.791666666666668,6.411706458514334,49.0,21.67,28.3,30.0,31.9,77.0,66.0,54.0,2.33,1.33,0.66,1011.0,1010.0,1010.0,2224.0,212.8,73.94800000000001,0.0,0.6708770626296401,9.07233048682578,3.7004598204510626,22.24,26.47,0.027470328586631832,772.84,6400,7.0756000000000006,1024144,294.67,49.11166666666667,-3.6599999999999966,-8.329999999999998,-0.5
63,124.3,13.0,48.0,27.0,46.0,37,0.0,1012,84,27.2,0.0,3.0,2023,11,9,22,3,313,45,-0.5000000000000004,0.8660254037844384,-0.5000000000000004,0.8660254037844384,0.43388373911755823,-0.900968867902419,3,3,0,21.67,25.33,29.0,32.0,28.0,26.0,21.666666666666668,3.6650011368834035,25.33,18.0,25.833333333333332,5.158122397408538,31.0,18.0,28.333333333333332,4.4150802182216395,32.0,18.0,30.458333333333332,6.863671008298278,49.0,18.0,27.8,28.9,32.1,80.0,74.0,52.0,2.66,2.0,1.6,1012.0,1011.0,1009.0,2284.7999999999997,252.0,81.6,0.0,0.6666419762231028,9.56080301515268,3.6920236904853474,22.848,25.7,0.026877443796992296,739.8399999999999,7056,9.0,1024144,276.3,46.050000000000004,-3.6700000000000017,-11.0,-0.6000000000000014
62,119.8,13.0,44.7,26.3,43.3,36,0.0,1012,87,26.8,0.0,2.0,2023,11,9,23,3,313,45,-0.25881904510252157,0.9659258262890681,-0.5000000000000004,0.8660254037844384,0.43388373911755823,-0.900968867902419,3,3,0,18.0,21.67,25.33,31.0,29.0,25.33,19.113333333333333,2.220277760406924,21.67,17.67,23.611666666666668,5.354659341792701,30.0,17.67,27.389166666666668,5.368147570003304,32.0,17.67,30.139166666666668,7.2780981251182535,49.0,17.67,27.2,28.3,31.0,84.0,77.0,59.0,3.0,2.33,0.66,1012.0,1011.0,1010.0,2331.6,174.0,53.6,0.0,0.6718375727158663,9.214675794169679,3.43819706176448,23.316,25.8,0.02648218727056594,718.24,7569,4.0,1024144,264.77000000000004,44.12833333333334,-0.3299999999999983,-7.659999999999997,-0.3999999999999986
62,115.4,13.0,41.3,25.7,40.7,35,0.0,1012,91,26.4,0.0,1.0,2023,11,10,0,4,314,45,0.0,1.0,-0.5000000000000004,0.8660254037844384,-0.433883739117558,-0.9009688679024191,3,3,0,17.67,18.0,21.67,30.0,30.0,24.67,17.666666666666668,0.3350124376170518,18.0,17.33,21.5,4.801158193600934,29.0,17.33,26.333333333333332,6.01498180052155,32.0,17.33,29.833333333333332,7.662002614067693,49.0,17.33,26.8,27.8,30.0,87.0,80.0,66.0,2.0,2.66,1.33,1012.0,1012.0,1010.0,2402.4,91.0,26.4,0.0,0.6742928290727986,8.876240289208523,3.1766787170217676,24.024,25.9,0.02608693074413958,696.9599999999999,8281,1.0,1024144,253.42999999999995,42.23833333333332,-0.3400000000000034,-4.340000000000003,-0.40000000000000213
61,110.9,13.0,38.0,25.0,38.0,34,0.0,1012,94,26.0,0.0,2.0,2023,11,10,1,4,314,45,0.25881904510252074,0.9659258262890683,-0.5000000000000004,0.8660254037844384,-0.433883739117558,-0.9009688679024191,3,3,0,17.33,17.67,18.0,29.0,31.0,24.0,17.333333333333332,0.3350124376172352,17.67,17.0,19.5,3.324322487362138,25.33,17.0,25.166666666666668,6.374523630448892,32.0,17.0,29.541666666666668,8.018645481771086,49.0,17.0,26.4,27.2,28.9,91.0,84.0,74.0,1.0,3.0,2.0,1012.0,1012.0,1011.0,2444.0,188.0,52.0,0.0,0.6799728010879564,8.530113068225521,2.9228520883009,24.44,25.0,0.025691674217713224,676.0,8836,4.0,1024144,241.9,40.31666666666667,-0.3299999999999983,-1.0,-0.3999999999999986
61,102.1,12.7,38.7,25.3,39.7,33,0.0,1012,94,25.8,0.0,2.0,2023,11,10,2,4,314,45,0.49999999999999994,0.8660254037844387,-0.5000000000000004,0.8660254037844384,-0.433883739117558,-0.9009688679024191,3,3,0,17.0,17.33,17.67,25.33,31.33,26.0,17.11,0.19052558889815888,17.33,17.0,18.111666666666668,1.7861625532544372,21.67,17.0,23.9725,6.456676776794717,32.0,17.0,29.166666666666668,8.393176662787608,49.0,17.0,26.0,26.8,28.3,94.0,87.0,77.0,2.0,2.0,2.33,1012.0,1012.0,1011.0,2425.2000000000003,188.0,51.6,0.0,0.671910201177819,8.038737107314384,3.047004172899772,24.252000000000002,24.8,0.025494045954500045,665.64,8836,4.0,1024144,235.5,39.25,0.0,-0.6700000000000017,-0.1999999999999993
61,93.4,12.3,39.3,25.7,41.3,32,0.0,1012,95,25.7,0.0,2.0,2023,11,10,3,4,314,45,0.7071067811865476,0.7071067811865476,-0.5000000000000004,0.8660254037844384,-0.433883739117558,-0.9009688679024191,3,3,0,17.0,17.0,17.33,21.67,31.67,28.0,17.0,0.0,17.0,17.0,17.333333333333332,0.4221690024723382,18.0,17.0,22.75,6.2523130265381655,32.0,17.0,28.708333333333332,8.752315304444563,49.0,17.0,25.8,26.4,27.8,94.0,91.0,80.0,2.0,1.0,2.66,1012.0,1012.0,1012.0,2441.5,190.0,51.4,0.0,0.6614528617563519,7.592878627753842,3.194862206324689,24.415,24.7,0.025395231822893456,660.49,9025,4.0,1024144,229.0,38.166666666666664,0.0,-0.3299999999999983,-0.10000000000000142
61,84.6,12.0,40.0,26.0,43.0,31,0.0,1012,95,25.5,0.0,2.0,2023,11,10,4,4,314,45,0.8660254037844386,0.5000000000000001,-0.5000000000000004,0.8660254037844384,-0.433883739117558,-0.9009688679024191,3,3,0,17.0,17.0,17.0,18.0,32.0,30.0,17.0,0.0,17.0,17.0,17.166666666666668,0.2796903048882939,17.67,17.0,21.5,5.7108795692560825,31.0,17.0,28.166666666666668,9.065569200416748,49.0,17.0,25.7,26.0,27.2,95.0,94.0,84.0,2.0,2.0,3.0,1012.0,1012.0,1012.0,2422.5,190.0,51.0,0.0,0.6538210068843505,7.049412548954254,3.333055578701775,24.225,24.5,0.025197603559680277,650.25,9025,4.0,1024144,222.6,37.1,0.0,0.0,-0.1999999999999993
70,115.6,14.0,35.7,32.0,51.7,30,0.0,1013,95,25.5,0.0,1.2,2023,11,10,5,4,314,45,0.9659258262890683,0.25881904510252074,-0.5000000000000004,0.8660254037844384,-0.433883739117558,-0.9009688679024191,3,3,0,17.0,17.0,17.0,17.67,31.0,36.33,18.44333333333333,2.499926665595978,21.33,17.0,17.776666666666667,1.745768216759728,21.33,17.0,20.694166666666664,4.868657568072834,30.0,17.0,27.541666666666668,8.995094154070207,49.0,17.0,25.5,25.8,26.8,95.0,94.0,87.0,2.0,2.0,2.0,1012.0,1012.0,1012.0,2422.5,114.0,30.599999999999998,0.0,0.6665416705727946,8.256553103349761,2.549817870152132,24.225,24.9,0.025172729345775573,650.25,9025,1.44,1026169,270.33,45.055,4.329999999999998,4.329999999999998,0.0
80,146.5,16.0,31.3,38.0,60.3,29,0.0,1013,95,25.5,0.0,1.2,2023,11,10,6,4,314,45,1.0,6.123233995736766e-17,-0.5000000000000004,0.8660254037844384,-0.433883739117558,-0.9009688679024191,3,0,0,21.33,17.0,17.0,17.33,30.0,42.67,21.333333333333332,4.335000961171378,25.67,17.0,19.166666666666668,3.626324125977751,25.67,17.0,20.333333333333332,4.235564432352263,29.0,17.0,26.833333333333332,8.401771379825128,49.0,17.0,25.5,25.7,26.4,95.0,95.0,91.0,1.2,2.0,1.0,1013.0,1012.0,1012.0,2422.5,114.0,30.599999999999998,0.0,0.6755085392489673,9.155677770139366,1.9561277420161238,24.225,24.9,0.025172729345775573,650.25,9025,1.44,1026169,317.77000000000004,52.96166666666667,4.340000000000003,8.670000000000002,0.0
89,177.4,18.0,27.0,44.0,69.0,28,0.0,1014,95,25.5,1.7,2.0,2023,11,10,7,4,314,45,0.9659258262890683,-0.25881904510252063,-0.5000000000000004,0.8660254037844384,-0.433883739117558,-0.9009688679024191,3,0,0,25.67,21.33,17.0,17.0,29.0,49.0,25.666666666666668,4.335000961171194,30.0,21.33,21.333333333333332,5.481808703945084,30.0,17.0,20.416666666666668,4.427086736184241,30.0,17.0,26.041666666666668,7.000588588091569,42.0,17.0,25.5,25.5,26.0,95.0,95.0,94.0,1.2,2.0,2.0,1013.0,1012.0,1012.0,2422.5,190.0,51.0,0.0,0.6818026863025841,9.85500805510805,1.499916671296039,24.225,24.5,0.02514790419338837,650.25,9025,4.0,1028196,365.4,60.9,4.329999999999998,13.0,0.0
78,141.0,14.7,38.0,36.7,75.0,27,0.0,1014,87,26.9,1.8,0.66,2023,11,10,8,4,314,45,0.8660254037844387,-0.4999999999999998,-0.5000000000000004,0.8660254037844384,-0.433883739117558,-0.9009688679024191,3,0,0,30.0,25.67,21.33,17.0,25.33,42.0,26.89,2.7140928502948065,30.0,25.0,22.666666666666668,5.181720435014605,30.0,17.0,20.389166666666668,4.394698165937957,30.0,17.0,25.333333333333332,6.120402563250181,35.0,17.0,25.5,25.5,25.8,95.0,95.0,94.0,2.0,1.2,2.0,1014.0,1013.0,1012.0,2340.2999999999997,57.42,17.754,0.0,0.6811803493092831,9.591184273178696,2.5848581729134077,23.403,26.57,0.026528573443221456,723.6099999999999,7569,0.43560000000000004,1028196,330.4,55.06666666666666,-5.0,3.6700000000000017,1.3999999999999986
67,104.7,11.3,49.0,29.3,81.0,26,0.0,1015,80,28.2,2.5,1.33,2023,11,10,9,4,314,45,0.7071067811865476,-0.7071067811865475,-0.5000000000000004,0.8660254037844384,-0.433883739117558,-0.9009688679024191,3,0,0,25.0,30.0,25.67,17.0,21.67,35.0,25.0,5.000000000002209,30.0,20.0,23.166666666666668,4.64222216903154,30.0,17.0,20.25,4.376856489225372,30.0,17.0,24.708333333333332,5.850267676274757,32.0,17.0,26.9,25.5,25.7,87.0,95.0,95.0,0.66,1.2,2.0,1014.0,1013.0,1012.0,2256.0,106.4,37.506,0.0,0.6825705607317156,9.264666843642155,4.3358994779223075,22.56,27.535,0.02778322385889275,795.24,6400,1.7689000000000001,1030225,295.3,49.21666666666667,-5.0,-5.670000000000002,1.3000000000000007
56,68.3,8.0,60.0,22.0,87.0,25,0.0,1015,73,29.6,4.4,2.0,2023,11,10,10,4,314,45,0.49999999999999994,-0.8660254037844387,-0.5000000000000004,0.8660254037844384,-0.433883739117558,-0.9009688679024191,3,0,0,20.0,25.0,30.0,17.0,18.0,28.0,20.0,5.0000000000023945,25.0,15.0,22.833333333333332,5.210587938673325,30.0,15.0,20.0,4.597188864354723,30.0,15.0,24.166666666666668,6.12750226911244,32.0,15.0,28.2,25.5,25.5,80.0,95.0,95.0,1.33,2.0,2.0,1015.0,1014.0,1012.0,2160.8,146.0,59.2,0.0,0.6817871914912959,8.536432945881765,7.499062617172854,21.608,28.6,0.029162532844795228,876.1600000000001,5329,4.0,1030225,260.3,43.38333333333333,-5.0,-15.0,1.4000000000000021
60,65.2,6.7,68.3,24.7,77.7,33,0.0,1014,66,30.3,5.5,2.0,2023,11,10,11,4,314,45,0.258819045102521,-0.9659258262890682,-0.5000000000000004,0.8660254037844384,-0.433883739117558,-0.9009688679024191,3,0,0,15.0,20.0,25.0,21.33,17.67,29.0,17.223333333333333,2.5455123911225233,20.0,15.0,22.05666666666667,5.794109652625501,30.0,15.0,19.916666666666668,4.652001198572157,30.0,15.0,23.65291666666667,6.220823711128168,32.0,15.0,29.6,26.9,25.5,73.0,87.0,95.0,2.0,0.66,1.2,1015.0,1014.0,1013.0,1999.8,132.0,60.6,0.0,0.6748714626938181,9.729891061035666,10.192508580808834,19.998,29.3,0.02988162733567324,918.09,4356,4.0,1028196,259.27,43.211666666666666,1.6700000000000017,-8.329999999999998,0.6999999999999993
64,62.1,5.3,76.7,27.3,68.3,41,0.0,1013,60,31.1,5.5,2.0,2023,11,10,12,4,314,45,1.2246467991473532e-16,-1.0,-0.5000000000000004,0.8660254037844384,-0.433883739117558,-0.9009688679024191,3,1,0,16.67,15.0,20.0,25.67,17.33,30.0,16.666666666666668,1.6650025025081832,18.33,15.0,20.833333333333332,5.651745453101026,30.0,15.0,20.0,4.610221844396109,30.0,15.0,23.166666666666668,6.158918359771103,32.0,15.0,30.3,28.2,25.5,66.0,80.0,95.0,2.0,1.33,1.2,1014.0,1015.0,1013.0,1866.0,120.0,62.2,0.0,0.6714039778762682,11.714770797962649,14.468968119222788,18.66,30.1,0.03070085814327923,967.21,3600,4.0,1026169,258.03000000000003,43.005,1.6599999999999966,-1.6700000000000017,0.8000000000000007
67,58.9,4.0,85.0,30.0,59.0,50,0.0,1012,54,31.8,4.9,2.0,2023,11,10,13,4,314,45,-0.2588190451025208,-0.9659258262890683,-0.5000000000000004,0.8660254037844384,-0.433883739117558,-0.9009688679024191,3,1,0,18.33,16.67,15.0,30.0,17.0,31.0,18.333333333333332,1.6650025025079986,20.0,16.67,19.166666666666668,3.4557526917660484,25.0,15.0,20.25,4.5130678942581115,30.0,15.0,22.708333333333332,5.956608800802992,32.0,15.0,31.1,29.6,25.5,60.0,73.0,95.0,2.0,2.0,2.0,1013.0,1015.0,1014.0,1717.2,108.0,63.6,0.0,0.6666444451851604,14.721319670082478,21.24468882779305,17.172,30.8,0.0314228938508954,1011.24,2916,4.0,1024144,256.9,42.81666666666666,1.6700000000000017,5.0,0.6999999999999993
67,58.7,4.7,83.7,30.0,55.3,37,0.0,1012,53,32.1,3.6,2.0,2023,11,10,14,4,314,45,-0.4999999999999997,-0.8660254037844388,-0.5000000000000004,0.8660254037844384,-0.433883739117558,-0.9009688679024191,3,1,0,20.0,18.33,16.67,25.0,17.0,31.33,19.44333333333333,0.9641749495592037,20.0,18.33,18.333333333333332,2.107659048956536,20.0,15.0,20.5,4.398301324995365,30.0,15.0,22.23625,5.68644674910802,32.0,15.0,31.8,30.3,26.9,54.0,66.0,87.0,2.0,2.0,0.66,1012.0,1014.0,1014.0,1701.3000000000002,106.0,64.2,0.0,0.6666444451851604,12.486704956392256,17.804722399489467,17.013,31.1,0.03171933624571517,1030.41,2809,4.0,1024144,252.40000000000003,42.06666666666667,0.0,3.3299999999999983,0.3000000000000007
67,58.6,5.3,82.3,30.0,51.7,25,0.0,1011,53,32.3,2.8,2.0,2023,11,10,15,4,314,45,-0.7071067811865471,-0.7071067811865479,-0.5000000000000004,0.8660254037844384,-0.433883739117558,-0.9009688679024191,3,1,0,20.0,20.0,18.33,20.0,17.0,31.67,20.0,0.0,20.0,20.0,18.333333333333332,2.107659048956536,20.0,15.0,20.75,4.264500397041251,30.0,15.0,21.75,5.332636186320832,32.0,15.0,32.1,31.1,28.2,53.0,60.0,80.0,2.0,2.0,1.33,1012.0,1013.0,1015.0,1711.8999999999999,106.0,64.6,0.0,0.6666444451851604,11.05451801546878,15.525372571212978,17.119,31.299999999999997,0.03194853417553494,1043.2899999999997,2809,4.0,1022121,247.89999999999998,41.31666666666666,0.0,1.6700000000000017,0.19999999999999574
67,58.4,6.0,81.0,30.0,48.0,12,0.0,1010,53,32.6,1.9,2.0,2023,11,10,16,4,314,45,-0.8660254037844385,-0.5000000000000004,-0.5000000000000004,0.8660254037844384,-0.433883739117558,-0.9009688679024191,3,1,0,20.0,20.0,20.0,15.0,17.0,32.0,20.0,0.0,20.0,20.0,19.166666666666668,1.393637925233196,20.0,16.67,21.0,4.109806454191044,30.0,15.0,21.25,4.872510289547387,31.0,15.0,32.3,31.8,29.6,53.0,54.0,73.0,2.0,2.0,2.0,1011.0,1012.0,1015.0,1727.8000000000002,106.0,65.2,0.0,0.6666444451851604,9.731711381436426,13.49775037493751,17.278000000000002,31.6,0.03227719576515271,1062.76,2809,4.0,1020100,243.4,40.56666666666667,0.0,0.0,0.30000000000000426
69,82.5,9.3,72.0,31.3,52.0,12,0.0,1011,60,31.3,1.2,2.33,2023,11,10,17,4,314,45,-0.9659258262890683,-0.25881904510252063,-0.5000000000000004,0.8660254037844384,-0.433883739117558,-0.9009688679024191,3,1,0,20.0,20.0,20.0,16.67,21.33,31.0,20.333333333333332,0.5773502692102621,21.0,20.0,19.888333333333332,0.861868126019417,21.0,18.33,20.9725,4.108501441025714,30.0,15.0,20.833333333333332,4.407920407499034,30.0,15.0,32.6,32.1,30.3,53.0,53.0,66.0,2.0,2.0,2.0,1010.0,1012.0,1014.0,1878.0,139.8,72.929,0.0,0.6709050829046995,8.870013976991721,7.7411031071927745,18.78,30.135,0.03095941547041002,979.69,3600,5.4289000000000005,1022121,268.1,44.68333333333334,1.0,1.0,-1.3000000000000007
72,106.6,12.7,63.0,32.7,56.0,12,0.0,1012,69,30.1,0.0,2.66,2023,11,10,18,4,314,45,-1.0,-1.8369701987210297e-16,-0.5000000000000004,0.8660254037844384,-0.433883739117558,-0.9009688679024191,3,2,0,21.0,20.0,20.0,18.33,25.67,30.0,21.0,1.0000000000117908,22.0,20.0,20.5,0.8366600265230184,22.0,20.0,20.666666666666668,3.8558629109292992,30.0,15.0,20.5,3.9647972698878444,30.0,15.0,31.3,32.3,31.1,60.0,53.0,60.0,2.33,2.0,2.0,1011.0,1011.0,1013.0,2076.9,183.54000000000002,80.066,0.0,0.6727623008470689,8.393039918116685,4.960239351232187,20.769000000000002,28.770000000000003,0.029743053613583387,906.0100000000001,4761,7.0756000000000006,1024144,293.0,48.833333333333336,1.0,2.0,-1.1999999999999993
74,130.7,16.0,54.0,34.0,60.0,12,0.0,1012,79,28.8,0.0,3.0,2023,11,10,19,4,314,45,-0.9659258262890684,0.2588190451025203,-0.5000000000000004,0.8660254037844384,-0.433883739117558,-0.9009688679024191,3,2,0,22.0,21.0,20.0,20.0,30.0,29.0,22.0,1.0000000000116052,23.0,21.0,21.0,1.2649110640600194,23.0,20.0,20.083333333333332,2.659365383399924,25.0,15.0,20.25,3.5755887323088986,30.0,15.0,30.1,32.6,31.8,69.0,53.0,54.0,2.66,2.0,2.0,1012.0,1010.0,1012.0,2275.2000000000003,237.0,86.4,0.0,0.6764506926266874,8.168239485032185,3.3747890756827696,22.752000000000002,27.3,0.028458469902697726,829.44,6241,9.0,1024144,317.7,52.949999999999996,1.0,3.0,-1.3000000000000007
72,141.0,15.7,52.7,33.0,57.7,12,0.0,1013,82,28.2,0.0,2.66,2023,11,10,20,4,314,45,-0.8660254037844386,0.5000000000000001,-0.5000000000000004,0.8660254037844384,-0.433883739117558,-0.9009688679024191,3,2,0,23.0,22.0,21.0,20.0,25.0,25.33,22.44333333333333,0.5095422782815762,23.0,22.0,21.388333333333332,1.2541198773036335,23.0,20.0,19.860833333333332,2.297712136149287,23.0,15.0,20.125,3.4401478734656106,30.0,15.0,28.8,31.3,32.1,79.0,60.0,53.0,3.0,2.33,2.0,1012.0,1011.0,1012.0,2312.4,218.12,75.012,0.0,0.676646162237508,8.98031972485829,3.3564741099293043,23.124000000000002,26.869999999999997,0.02783807715885769,795.24,6724,7.0756000000000006,1026169,322.42999999999995,53.73833333333332,-0.6700000000000017,1.3299999999999983,-0.6000000000000014
71,151.3,15.3,51.3,32.0,55.3,12,0.0,1013,86,27.7,0.0,2.33,2023,11,10,21,4,314,45,-0.7071067811865477,0.7071067811865474,-0.5000000000000004,0.8660254037844384,-0.433883739117558,-0.9009688679024191,3,2,0,22.33,23.0,22.0,20.0,20.0,21.67,22.333333333333332,0.665006265652,23.0,21.67,21.666666666666668,1.0536729410248968,23.0,20.0,20.0,2.356723457376165,23.0,15.0,20.125,3.4401478734656106,30.0,15.0,28.2,30.1,32.3,82.0,69.0,53.0,2.66,2.66,2.0,1013.0,1012.0,1011.0,2382.2,200.38,64.541,0.0,0.6771663385519203,9.888242598522973,3.352722044310829,23.822,26.535,0.02734449423050915,767.29,7396,5.4289000000000005,1026169,326.87000000000006,54.478333333333346,-0.6599999999999966,-0.3299999999999983,-0.5
69,161.7,15.0,50.0,31.0,53.0,12,0.0,1014,90,27.1,0.0,2.0,2023,11,10,22,4,314,45,-0.5000000000000004,0.8660254037844384,-0.5000000000000004,0.8660254037844384,-0.433883739117558,-0.9009688679024191,3,3,0,21.67,22.33,23.0,20.0,15.0,18.0,21.666666666666668,0.6650062656521848,22.33,21.0,21.833333333333332,0.7811700625651494,23.0,21.0,20.5,1.7605680901349534,23.0,16.67,20.25,3.413981482847125,30.0,15.0,27.7,28.8,32.6,86.0,79.0,53.0,2.33,3.0,2.0,1013.0,1012.0,1010.0,2439.0,180.0,54.2,0.0,0.677397503306345,10.77928138124125,3.3331111259249386,24.39,26.1,0.026725811907483327,734.4100000000001,8100,4.0,1028196,331.7,55.28333333333333,-0.6700000000000017,-2.0,-0.5999999999999979
70,164.0,15.7,46.7,31.3,52.3,16,0.0,1014,91,26.8,0.0,2.0,2023,11,10,23,4,314,45,-0.25881904510252157,0.9659258262890681,-0.5000000000000004,0.8660254037844384,-0.433883739117558,-0.9009688679024191,3,3,0,21.0,21.67,22.33,21.0,16.67,17.67,21.333333333333332,0.335012437615066,21.67,21.0,21.888333333333332,0.7199837961010195,23.0,21.0,20.888333333333332,1.2900305375765688,23.0,18.33,20.4025,3.375249105139479,30.0,15.0,27.1,28.2,31.3,90.0,82.0,60.0,2.0,2.66,2.33,1014.0,1013.0,1011.0,2438.8,182.0,53.6,0.0,0.6814478770646304,10.445194573594039,2.9743328450417175,24.388,25.8,0.026429954211090522,718.24,8281,4.0,1028196,331.33,55.221666666666664,0.3299999999999983,-1.0,-0.3000000000000007
71,166.3,16.3,43.3,31.7,51.7,20,0.0,1014,93,26.5,0.0,2.0,2023,11,11,0,5,315,45,0.0,1.0,-0.5000000000000004,0.8660254037844384,-0.9749279121818236,-0.2225209339563146,3,3,1,21.33,21.0,21.67,22.0,18.33,17.33,21.333333333333332,0.335012437615066,21.67,21.0,21.833333333333332,0.7223480232187527,23.0,21.0,21.166666666666668,1.0199049272394298,23.0,20.0,20.583333333333332,3.3192752832211565,30.0,15.0,26.8,27.7,30.1,91.0,86.0,69.0,2.0,2.33,2.66,1014.0,1013.0,1012.0,2464.5,186.0,53.0,0.0,0.6835746506419357,10.201828108704987,2.656278755904545,24.645,25.5,0.026134096514697717,702.25,8649,4.0,1028196,330.97,55.16166666666667,0.3400000000000034,0.0,-0.3000000000000007
72,168.7,17.0,40.0,32.0,51.0,25,0.0,1013,94,26.2,0.0,2.0,2023,11,11,1,5,315,45,0.25881904510252074,0.9659258262890683,-0.5000000000000004,0.8660254037844384,-0.9749279121818236,-0.2225209339563146,3,3,1,21.67,21.33,21.0,23.0,20.0,17.0,21.666666666666668,0.33501243761488264,22.0,21.33,21.666666666666668,0.47094231775033385,22.33,21.0,21.333333333333332,0.9743187207983419,23.0,20.0,20.791666666666668,3.240568477594152,30.0,15.0,26.5,27.1,28.8,93.0,90.0,79.0,2.0,2.0,3.0,1014.0,1014.0,1012.0,2462.7999999999997,188.0,52.4,0.0,0.6874785162963658,9.922945709075936,2.352802776307276,24.627999999999997,25.2,0.025863745445463528,686.4399999999999,8836,4.0,1026169,330.7,55.11666666666667,0.3299999999999983,1.0,-0.3000000000000007
77,171.4,17.3,37.0,35.7,53.0,29,0.0,1013,94,26.0,0.0,2.0,2023,11,11,2,5,315,45,0.49999999999999994,0.8660254037844387,-0.5000000000000004,0.8660254037844384,-0.9749279121818236,-0.2225209339563146,3,3,1,22.0,21.67,21.33,22.33,20.0,17.0,22.78,1.6450835845095897,24.67,21.67,22.05666666666667,1.324864772966667,24.67,21.0,21.7225,1.278508541586682,24.67,20.0,21.111250000000002,3.2285618180622566,30.0,15.0,26.2,26.8,28.2,94.0,91.0,82.0,2.0,2.0,2.66,1013.0,1014.0,1013.0,2444.0,188.0,52.0,0.0,0.6910170583457046,9.90694179527195,2.1386047049303505,24.44,25.0,0.025666312274124112,676.0,8836,4.0,1026169,339.07000000000005,56.51166666666668,2.6700000000000017,3.3400000000000034,-0.1999999999999993
83,174.1,17.7,34.0,39.3,55.0,33,0.0,1013,95,25.8,0.0,2.0,2023,11,11,3,5,315,45,0.7071067811865476,0.7071067811865476,-0.5000000000000004,0.8660254037844384,-0.9749279121818236,-0.2225209339563146,3,3,1,24.67,22.0,21.67,21.67,20.0,17.0,24.666666666666668,2.665001563480883,27.33,22.0,23.0,2.4938163524969617,27.33,21.0,22.333333333333332,1.9535530955084115,27.33,20.0,21.541666666666668,3.343178215368766,30.0,15.0,26.0,26.5,27.7,94.0,93.0,86.0,2.0,2.0,2.33,1013.0,1014.0,1013.0,2451.0,190.0,51.6,0.0,0.6954021526169818,9.835602508332862,1.920795435286142,24.51,24.8,0.025468879102784697,665.64,9025,4.0,1026169,347.42999999999995,57.904999999999994,2.6599999999999966,5.659999999999997,-0.1999999999999993
89,176.8,18.0,31.0,43.0,57.0,37,0.0,1013,95,25.6,0.0,2.0,2023,11,11,4,5,315,45,0.8660254037844386,0.5000000000000001,-0.5000000000000004,0.8660254037844384,-0.9749279121818236,-0.2225209339563146,3,3,1,27.33,24.67,22.0,21.0,20.0,17.0,27.333333333333332,2.6650015634806987,30.0,24.67,24.5,3.538236849050823,30.0,21.33,23.166666666666668,2.8119884046487997,30.0,21.0,22.083333333333332,3.617243325430107,30.0,15.0,25.8,26.2,27.1,95.0,94.0,90.0,2.0,2.0,2.0,1013.0,1013.0,1014.0,2432.0,190.0,51.2,0.0,0.6976581939954886,9.821676573523693,1.7221265485250818,24.32,24.6,0.025271445931445282,655.3600000000001,9025,4.0,1026169,355.8,59.300000000000004,2.6700000000000017,8.0,-0.1999999999999993
94,164.2,18.0,36.0,47.3,61.3,33,0.0,1013,95,25.7,0.0,2.0,2023,11,11,5,5,315,45,0.9659258262890683,0.25881904510252074,-0.5000000000000004,0.8660254037844384,-0.9749279121818236,-0.2225209339563146,3,3,1,30.0,27.33,24.67,21.33,21.0,21.33,29.886666666666667,2.5019259248334333,32.33,27.33,26.333333333333332,4.328716514932292,32.33,21.67,24.110833333333332,3.7604991407895545,32.33,21.0,22.541666666666668,4.171994275150742,32.33,15.0,25.6,26.0,26.8,95.0,94.0,91.0,2.0,2.0,2.0,1013.0,1013.0,1014.0,2441.5,190.0,51.4,0.0,0.6834950635293123,9.121715460252206,1.9998888950613853,24.415,24.7,0.025370162517114988,660.49,9025,4.0,1026169,359.13,59.855,2.3299999999999983,7.659999999999997,0.09999999999999787
99,151.5,18.0,41.0,51.7,65.7,29,0.0,1014,94,25.7,0.0,2.0,2023,11,11,6,5,315,45,1.0,6.123233995736766e-17,-0.5000000000000004,0.8660254037844384,-0.9749279121818236,-0.2225209339563146,3,0,1,32.33,30.0,27.33,21.67,22.0,25.67,32.333333333333336,2.3350017844431585,34.67,30.0,28.5,4.759739488667495,34.67,22.0,25.166666666666668,4.759849755713885,34.67,21.0,22.916666666666668,4.819626240846475,34.67,15.0,25.7,25.8,26.5,95.0,95.0,93.0,2.0,2.0,2.0,1013.0,1013.0,1014.0,2415.7999999999997,188.0,51.4,0.0,0.6705866424247113,8.416199100049997,2.277651241597689,24.157999999999998,24.7,0.025345142657650237,660.49,8836,4.0,1028196,362.57,60.428333333333335,2.3400000000000034,7.340000000000003,0.0
104,138.9,18.0,46.0,56.0,70.0,25,0.0,1015,94,25.8,0.7,2.0,2023,11,11,7,5,315,45,0.9659258262890683,-0.25881904510252063,-0.5000000000000004,0.8660254037844384,-0.9749279121818236,-0.2225209339563146,3,0,1,34.67,32.33,30.0,22.0,23.0,30.0,34.666666666666664,2.335001784442973,37.0,32.33,31.0,4.5994695346290175,37.0,24.67,26.333333333333332,5.78570233551217,37.0,21.0,23.208333333333332,5.438939048290691,37.0,15.0,25.7,25.6,26.2,94.0,95.0,94.0,2.0,2.0,2.0,1014.0,1013.0,1013.0,2425.2000000000003,188.0,51.6,0.0,0.6607024874555811,7.716237986778512,2.5554135881339923,24.252000000000002,24.8,0.02541869416877422,665.64,8836,4.0,1030225,365.9,60.98333333333333,2.3299999999999983,7.0,0.10000000000000142
95,118.7,15.3,59.0,49.7,80.3,37,0.0,1015,89,26.9,2.0,2.0,2023,11,11,8,5,315,45,0.8660254037844387,-0.4999999999999998,-0.5000000000000004,0.8660254037844384,-0.9749279121818236,-0.2225209339563146,3,0,1,37.0,34.67,32.33,24.67,22.33,25.0,34.78,2.1670948294937364,37.0,32.67,32.333333333333336,3.400850873920674,37.0,27.33,27.195000000000004,5.904042528794771,37.0,21.0,23.52791666666667,5.76439293471602,37.0,15.0,25.8,25.7,26.0,94.0,95.0,94.0,2.0,2.0,2.0,1015.0,1013.0,1013.0,2394.1,178.0,53.8,0.0,0.6573308384137141,7.757662897849814,3.8559571269851642,23.941,25.9,0.026502436943411877,723.6099999999999,7921,4.0,1030225,355.67,59.278333333333336,-4.329999999999998,0.3400000000000034,1.0999999999999979
85,98.4,12.7,72.0,43.3,90.7,50,0.0,1016,84,28.1,3.1,2.0,2023,11,11,9,5,315,45,0.7071067811865476,-0.7071067811865475,-0.5000000000000004,0.8660254037844384,-0.9749279121818236,-0.2225209339563146,3,0,1,32.67,37.0,34.67,27.33,21.67,20.0,32.666666666666664,4.335000961170901,37.0,28.33,32.5,3.1194743146851405,37.0,28.33,27.75,5.644798088022674,37.0,21.0,23.875,5.79344382076454,37.0,15.0,26.9,25.7,25.8,89.0,94.0,95.0,2.0,2.0,2.0,1015.0,1014.0,1013.0,2360.4,168.0,56.2,0.0,0.6542574074501744,7.7474214628769404,5.668844972836785,23.604,27.1,0.02765745309305798,789.6100000000001,7056,4.0,1032256,345.43,57.571666666666665,-4.340000000000003,-6.340000000000003,1.2000000000000028
76,78.2,10.0,85.0,37.0,101.0,62,0.0,1016,79,29.2,5.1,2.0,2023,11,11,10,5,315,45,0.49999999999999994,-0.8660254037844387,-0.5000000000000004,0.8660254037844384,-0.9749279121818236,-0.2225209339563146,3,0,1,28.33,32.67,37.0,30.0,21.0,15.0,28.333333333333332,4.335000961171089,32.67,24.0,31.5,4.661664938622296,37.0,24.0,28.0,5.378840699697861,37.0,21.33,24.25,5.476617489878394,37.0,16.67,28.1,25.8,25.6,84.0,94.0,95.0,2.0,2.0,2.0,1016.0,1015.0,1013.0,2306.7999999999997,158.0,58.4,0.0,0.6486311180778899,7.819218078192182,8.499150084991502,23.067999999999998,28.2,0.028740129192786228,852.64,6241,4.0,1032256,335.2,55.86666666666667,-4.329999999999998,-13.0,1.0999999999999979
77,74.9,8.3,92.3,37.3,91.0,50,0.0,1015,71,29.9,5.9,2.0,2023,11,11,11,5,315,45,0.258819045102521,-0.9659258262890682,-0.5000000000000004,0.8660254037844384,-0.9749279121818236,-0.2225209339563146,3,0,1,24.0,28.33,32.67,32.33,21.33,16.67,25.55333333333333,2.4103180979603747,28.33,24.0,30.166666666666668,5.4536030903107715,37.0,24.0,28.25,5.103307305517107,37.0,21.67,24.569166666666664,5.233470804989163,37.0,18.33,29.2,26.9,25.7,79.0,89.0,95.0,2.0,2.0,2.0,1016.0,1015.0,1013.0,2122.9,142.0,59.8,0.0,0.6522613334763143,9.023009275990844,11.11914227201542,21.229,28.9,0.029458099056060044,894.0099999999999,5041,4.0,1030225,328.13,54.68833333333333,0.3299999999999983,-8.340000000000003,0.6999999999999993
77,71.6,6.7,99.7,37.7,81.0,37,0.0,1014,64,30.7,6.2,2.0,2023,11,11,12,5,315,45,1.2246467991473532e-16,-1.0,-0.5000000000000004,0.8660254037844384,-0.9749279121818236,-0.2225209339563146,3,1,1,24.33,24.0,28.33,34.67,21.67,18.33,24.333333333333332,0.33501243761357336,24.67,24.0,28.5,5.3287071602763705,37.0,24.0,28.5,4.817120980985767,37.0,22.0,24.833333333333332,5.062050337876516,37.0,20.0,29.9,28.1,25.7,71.0,84.0,94.0,2.0,2.0,2.0,1015.0,1016.0,1014.0,1964.8,128.0,61.4,0.0,0.654359300814302,10.68497239218027,14.878376361737054,19.648,29.7,0.03027610426419698,942.49,4096,4.0,1028196,321.37,53.56166666666667,0.3400000000000034,-3.6599999999999966,0.8000000000000007
78,68.3,5.0,107.0,38.0,71.0,25,0.0,1013,58,31.4,5.9,2.0,2023,11,11,13,5,315,45,-0.2588190451025208,-0.9659258262890683,-0.5000000000000004,0.8660254037844384,-0.9749279121818236,-0.2225209339563146,3,1,1,24.67,24.33,24.0,37.0,22.0,20.0,24.666666666666668,0.3350124376133825,25.0,24.33,26.5,3.4051607891523763,32.67,24.0,28.75,4.517654258572545,37.0,24.0,25.041666666666668,4.956265833719996,37.0,20.0,30.7,29.2,25.8,64.0,79.0,94.0,2.0,2.0,2.0,1014.0,1016.0,1015.0,1821.1999999999998,116.0,62.8,0.0,0.6578774242783085,13.65726854629074,21.395720855828834,18.212,30.4,0.03099700790028835,985.9599999999999,3364,4.0,1026169,314.3,52.38333333333333,0.3299999999999983,1.0,0.6999999999999993
77,69.3,6.0,101.7,37.3,69.0,25,0.0,1012,57,31.8,4.5,2.0,2023,11,11,14,5,315,45,-0.4999999999999997,-0.8660254037844388,-0.5000000000000004,0.8660254037844384,-0.9749279121818236,-0.2225209339563146,3,1,1,25.0,24.67,24.33,32.67,24.67,20.0,24.78,0.1905255888910527,25.0,24.67,25.166666666666668,1.586753499018548,28.33,24.0,28.75,4.517654258572545,37.0,24.0,25.236250000000002,4.840033068967933,37.0,20.0,31.4,29.9,26.9,58.0,71.0,89.0,2.0,2.0,2.0,1013.0,1015.0,1015.0,1812.6000000000001,114.0,63.6,0.0,0.6613763706066863,11.54807532077987,16.947175470754875,18.126,30.8,0.0314228938508954,1011.24,3249,4.0,1024144,307.97,51.32833333333334,-0.3299999999999983,0.3400000000000034,0.40000000000000213
77,70.2,7.0,96.3,36.7,67.0,25,0.0,1012,56,32.2,2.2,2.0,2023,11,11,15,5,315,45,-0.7071067811865471,-0.7071067811865479,-0.5000000000000004,0.8660254037844384,-0.9749279121818236,-0.2225209339563146,3,1,1,24.67,25.0,24.67,28.33,27.33,20.0,24.666666666666668,0.3350124376133825,25.0,24.33,24.5,0.35088459638604175,25.0,24.0,28.5,4.683347676026647,37.0,24.0,25.416666666666668,4.7154599265446135,37.0,20.0,31.8,30.7,28.1,57.0,64.0,84.0,2.0,2.0,2.0,1012.0,1014.0,1016.0,1803.2000000000003,112.0,64.4,0.0,0.6629247159477942,10.027138980145693,13.755177831738322,18.032000000000004,31.200000000000003,0.03181815037732177,1036.8400000000001,3136,4.0,1024144,301.53,50.254999999999995,-0.3400000000000034,-0.3400000000000034,0.40000000000000213
76,71.2,8.0,91.0,36.0,65.0,25,0.0,1011,56,32.6,1.7,2.0,2023,11,11,16,5,315,45,-0.8660254037844385,-0.5000000000000004,-0.5000000000000004,0.8660254037844384,-0.9749279121818236,-0.2225209339563146,3,1,1,24.33,24.67,25.0,24.0,30.0,20.0,24.333333333333332,0.33501243761357336,24.67,24.0,24.5,0.35088459638604175,25.0,24.0,28.0,4.82673614549011,37.0,24.0,25.583333333333332,4.584557886481571,37.0,21.0,32.2,31.4,29.2,56.0,58.0,79.0,2.0,2.0,2.0,1012.0,1013.0,1016.0,1825.6000000000001,112.0,65.2,0.0,0.6666481486625372,8.898887639045121,11.373578302712161,18.256,31.6,0.03224526978707242,1062.76,3136,4.0,1022121,295.2,49.199999999999996,-0.3299999999999983,-1.0,0.3999999999999986
74,82.3,10.3,81.0,35.0,72.3,30,0.0,1012,61,31.3,0.7,2.0,2023,11,11,17,5,315,45,-0.9659258262890683,-0.25881904510252063,-0.5000000000000004,0.8660254037844384,-0.9749279121818236,-0.2225209339563146,3,1,1,24.0,24.33,24.67,24.33,32.33,21.0,23.886666666666667,0.5095422782811644,24.33,23.33,24.333333333333332,0.5981527118116882,25.0,23.33,27.25,4.79186052308771,37.0,23.33,25.68041666666667,4.507299856095806,37.0,21.0,32.6,31.8,29.9,56.0,57.0,71.0,2.0,2.0,2.0,1011.0,1012.0,1015.0,1909.3,122.0,62.6,0.0,0.6665523842175938,7.989515581011552,7.863314241335792,19.093,30.3,0.03092882319286246,979.69,3721,4.0,1024144,304.23,50.705000000000005,-0.6700000000000017,-1.3400000000000034,-1.3000000000000007
73,93.4,12.7,71.0,34.0,79.7,36,0.0,1012,67,30.0,0.0,2.0,2023,11,11,18,5,315,45,-1.0,-1.8369701987210297e-16,-0.5000000000000004,0.8660254037844384,-0.9749279121818236,-0.2225209339563146,3,2,1,23.33,24.0,24.33,24.67,34.67,22.0,23.333333333333332,0.6650062656518135,24.0,22.67,24.0,0.8689764093351651,25.0,22.67,26.25,4.332763132648246,37.0,22.67,25.708333333333332,4.485535852500305,37.0,21.0,31.3,32.2,30.7,61.0,56.0,64.0,2.0,2.0,2.0,1012.0,1012.0,1014.0,2010.0,134.0,60.0,0.0,0.6667450957324785,7.353751673096608,5.590111014880718,20.1,29.0,0.029644239481976798,900.0,4489,4.0,1024144,313.47,52.245000000000005,-0.6599999999999966,-1.6599999999999966,-1.3000000000000007
72,104.5,15.0,61.0,33.0,87.0,41,0.0,1013,74,28.7,0.0,2.0,2023,11,11,19,5,315,45,-0.9659258262890684,0.2588190451025203,-0.5000000000000004,0.8660254037844384,-0.9749279121818236,-0.2225209339563146,3,2,1,22.67,23.33,24.0,25.0,37.0,23.0,22.666666666666668,0.6650062656520059,23.33,22.0,23.5,1.0271903426245201,24.67,22.0,25.0,2.8643768162472,32.67,22.0,25.666666666666668,4.51632658220252,37.0,21.0,30.0,32.6,31.4,67.0,56.0,58.0,2.0,2.0,2.0,1012.0,1011.0,1013.0,2123.7999999999997,148.0,57.4,0.0,0.6666464652586286,6.966202253183122,4.066395573628425,21.237999999999996,27.7,0.028331660087206233,823.6899999999999,5476,4.0,1026169,322.5,53.75,-0.6700000000000017,-2.0,-1.3000000000000007
76,108.4,15.3,56.7,35.7,84.0,47,0.0,1014,78,28.1,0.0,1.66,2023,11,11,20,5,315,45,-0.8660254037844386,0.5000000000000001,-0.5000000000000004,0.8660254037844384,-0.9749279121818236,-0.2225209339563146,3,2,1,22.0,22.67,23.33,24.67,32.67,22.33,22.89,1.0179882121237989,24.0,22.0,23.388333333333332,0.9035356476906456,24.33,22.0,24.2775,1.542083154225346,28.33,22.0,25.73625,4.475362324414671,37.0,21.0,28.7,31.3,31.8,74.0,61.0,57.0,2.0,2.0,2.0,1013.0,1012.0,1012.0,2191.8,129.48,46.646,0.0,0.6722500770286547,7.084504280765963,3.705640154238285,21.918000000000003,27.270000000000003,0.027712004228792674,789.6100000000001,6084,2.7556,1028196,324.1,54.01666666666667,2.0,0.6700000000000017,-0.5999999999999979
80,112.2,15.7,52.3,38.3,81.0,52,0.0,1015,83,27.6,0.0,1.33,2023,11,11,21,5,315,45,-0.7071067811865477,0.7071067811865474,-0.5000000000000004,0.8660254037844384,-0.9749279121818236,-0.2225209339563146,3,2,1,24.0,22.0,22.67,24.33,28.33,21.67,24.0,2.0000000000056457,26.0,22.0,23.666666666666668,1.3821094987907914,26.0,22.0,24.083333333333332,1.055292577554977,26.0,22.0,25.916666666666668,4.390790427669929,37.0,21.0,28.1,30.0,32.2,78.0,67.0,56.0,1.66,2.0,2.0,1014.0,1012.0,1012.0,2290.8,110.39,36.708000000000006,0.0,0.6788334508237384,7.146041653397874,3.330998025603465,22.908,26.935000000000002,0.027192091436363117,761.7600000000001,6889,1.7689000000000001,1030225,325.5,54.25,2.0,3.3299999999999983,-0.5
85,116.1,16.0,48.0,41.0,78.0,58,0.0,1015,88,27.0,0.0,1.0,2023,11,11,22,5,315,45,-0.5000000000000004,0.8660254037844384,-0.5000000000000004,0.8660254037844384,-0.9749279121818236,-0.2225209339563146,3,3,1,26.0,24.0,22.0,24.0,24.0,21.0,26.0,2.000000000005454,28.0,24.0,24.333333333333332,2.2605810462462252,28.0,22.0,24.416666666666668,1.54478791326505,28.0,22.0,26.208333333333332,4.281115931996732,37.0,21.33,27.6,28.7,32.6,83.0,74.0,56.0,1.33,2.0,2.0,1015.0,1013.0,1011.0,2376.0,88.0,27.0,0.0,0.6829101729226117,7.2557965127179544,2.999812511718017,23.76,26.5,0.026600959013833483,729.0,7744,1.0,1030225,327.1,54.51666666666667,2.0,6.0,-0.6000000000000014
78,101.4,14.7,47.3,36.7,70.7,63,0.0,1015,90,26.8,0.0,0.66,2023,11,11,23,5,315,45,-0.25881904510252157,0.9659258262890681,-0.5000000000000004,0.8660254037844384,-0.9749279121818236,-0.2225209339563146,3,3,1,28.0,26.0,24.0,23.33,24.33,21.33,26.333333333333332,1.5275252316590453,28.0,25.0,24.611666666666668,2.2146820689768667,28.0,22.0,24.4725,1.5534543619126784,28.0,22.0,26.36125,4.163211879328484,37.0,21.67,27.0,28.1,31.3,88.0,78.0,61.0,1.0,1.66,2.0,1015.0,1014.0,1012.0,2412.0,59.400000000000006,17.688000000000002,0.0,0.6811803493092831,6.897489966668935,3.217468199442215,24.12,26.470000000000002,0.026403914872990274,718.24,8100,0.43560000000000004,1030225,295.8,49.300000000000004,-3.0,1.0,-0.1999999999999993
72,86.6,13.3,46.7,32.3,63.3,69,0.0,1015,91,26.6,0.0,0.33,2023,11,12,0,6,316,45,0.0,1.0,-0.5000000000000004,0.8660254037844384,-0.7818314824680299,0.6234898018587334,3,3,1,25.0,28.0,26.0,22.67,24.67,21.67,25.0,3.0000000000036997,28.0,22.0,24.5,2.3452078799076634,28.0,22.0,24.25,1.7062878367433578,28.0,22.0,26.375,4.147559785454689,37.0,22.0,26.8,27.6,30.0,90.0,83.0,67.0,0.66,1.33,2.0,1015.0,1015.0,1012.0,2420.6,30.03,8.778,0.0,0.6810934645986193,6.510788662506578,3.5110142094579357,24.206,26.435000000000002,0.026206870732147065,707.5600000000001,8281,0.10890000000000001,1030225,264.2,44.03333333333333,-3.0,-4.0,-0.1999999999999993
65,71.8,12.0,46.0,28.0,56.0,75,0.0,1015,92,26.4,0.0,1.2,2023,11,12,1,6,316,45,0.25881904510252074,0.9659258262890683,-0.5000000000000004,0.8660254037844384,-0.7818314824680299,0.6234898018587334,3,3,1,22.0,25.0,28.0,22.0,25.0,22.0,22.0,3.0000000000038916,25.0,19.0,24.0,3.162277660165381,28.0,19.0,23.75,2.2568199670413844,28.0,19.0,26.25,4.326494715326367,37.0,19.0,26.6,27.0,28.7,91.0,88.0,74.0,0.33,1.0,2.0,1015.0,1015.0,1013.0,2428.7999999999997,110.39999999999999,31.679999999999996,0.0,0.6785471947430448,5.982834763769686,3.833013915507041,24.287999999999997,25.799999999999997,0.02600982659130385,696.9599999999999,8464,1.44,1030225,232.8,38.800000000000004,-3.0,-9.0,-0.20000000000000284
61,67.3,11.7,44.3,25.0,54.3,70,0.0,1015,93,26.3,0.0,0.33,2023,11,12,2,6,316,45,0.49999999999999994,0.8660254037844387,-0.5000000000000004,0.8660254037844384,-0.7818314824680299,0.6234898018587334,3,3,1,19.0,22.0,25.0,24.0,24.67,24.67,19.333333333333332,2.516611478428425,22.0,17.0,22.833333333333332,4.2622372841792595,28.0,17.0,23.110833333333332,2.9517220192268105,28.0,17.0,25.930416666666662,4.714186249265229,37.0,17.0,26.4,26.8,28.1,92.0,90.0,78.0,1.2,0.66,1.66,1015.0,1015.0,1014.0,2445.9,30.69,8.679,0.0,0.6799728010879564,5.751645158533459,3.7860011964789337,24.459,26.135,0.025911304520882247,691.69,8649,0.10890000000000001,1030225,219.60000000000002,36.6,-2.0,-8.0,-0.09999999999999787
56,62.8,11.3,42.7,22.0,52.7,66,0.0,1015,94,26.1,0.0,0.66,2023,11,12,3,6,316,45,0.7071067811865476,0.7071067811865476,-0.5000000000000004,0.8660254037844384,-0.7818314824680299,0.6234898018587334,3,3,1,17.0,19.0,22.0,26.0,24.33,27.33,17.0,2.0000000000063154,19.0,15.0,21.0,4.939635614089491,28.0,15.0,22.333333333333332,3.7280809914470283,28.0,15.0,25.416666666666668,5.201681723599661,37.0,15.0,26.3,26.6,27.6,93.0,91.0,83.0,0.33,0.33,1.33,1015.0,1015.0,1015.0,2453.4,62.040000000000006,17.226000000000003,0.0,0.6817871914912959,5.557030351296345,3.7784266879037256,24.534000000000002,25.770000000000003,0.025714260380039038,681.21,8836,0.43560000000000004,1030225,206.5,34.416666666666664,-2.0,-7.0,-0.1999999999999993
52,58.4,11.0,41.0,19.0,51.0,62,0.0,1015,94,26.0,0.0,1.0,2023,11,12,4,6,316,45,0.8660254037844386,0.5000000000000001,-0.5000000000000004,0.8660254037844384,-0.7818314824680299,0.6234898018587334,3,3,1,15.0,17.0,19.0,28.0,24.0,30.0,15.0,2.0000000000065072,17.0,13.0,18.5,4.460941604637013,25.0,13.0,21.416666666666668,4.544071729054127,28.0,13.0,24.708333333333332,5.685402105520469,37.0,13.0,26.1,26.4,27.0,94.0,92.0,88.0,0.66,1.2,1.0,1015.0,1015.0,1015.0,2444.0,94.0,26.0,0.0,0.6841745171306773,5.308608308335606,3.7269339150986274,24.44,25.5,0.025615738309617428,676.0,8836,1.0,1030225,193.4,32.233333333333334,-2.0,-6.0,-0.10000000000000142
58,70.2,12.3,37.7,23.0,56.0,45,0.5,1015,94,25.9,0.0,1.0,2023,11,12,5,6,316,45,0.9659258262890683,0.25881904510252074,-0.5000000000000004,0.8660254037844384,-0.7818314824680299,0.6234898018587334,3,3,1,13.0,15.0,17.0,25.0,23.33,32.33,14.556666666666667,1.3891124264650192,15.67,13.0,16.945,3.1859300055057034,22.0,13.0,20.778333333333332,4.782621634310098,28.0,13.0,24.014166666666668,5.73124230911625,37.0,13.0,26.0,26.3,26.8,94.0,93.0,90.0,1.0,0.33,0.66,1015.0,1015.0,1015.0,2434.6,94.0,25.9,22.5,0.6812747271857745,5.706853101373873,3.06479148036745,24.346,25.4,0.02551721623919582,670.81,8836,1.0,1030225,214.86999999999998,35.81166666666666,2.67,-1.33,-0.10000000000000142
64,82.1,13.7,34.3,27.0,61.0,29,0.5,1016,94,25.9,0.0,1.0,2023,11,12,6,6,316,45,1.0,6.123233995736766e-17,-0.5000000000000004,0.8660254037844384,-0.7818314824680299,0.6234898018587334,3,0,1,15.67,13.0,15.0,22.0,22.67,34.67,15.666666666666666,2.665001563481549,18.33,13.0,16.333333333333332,2.2302974390534294,19.0,13.0,20.416666666666668,4.7906582074499395,28.0,13.0,23.333333333333332,5.3694884111159285,37.0,13.0,25.9,26.1,26.6,94.0,94.0,91.0,1.0,0.66,0.33,1015.0,1015.0,1015.0,2434.6,94.0,25.9,14.5,0.678863745787193,5.9922633384424495,2.503466900226261,24.346,25.4,0.02549210089360148,670.81,8836,1.0,1032256,236.43,39.405,2.6599999999999984,3.3299999999999983,0.0
69,94.0,15.0,31.0,31.0,66.0,12,0.0,1016,94,25.8,0.9,1.0,2023,11,12,7,6,316,45,0.9659258262890683,-0.25881904510252063,-0.5000000000000004,0.8660254037844384,-0.7818314824680299,0.6234898018587334,3,0,1,18.33,15.67,13.0,19.0,22.0,37.0,18.333333333333332,2.665001563481358,21.0,15.67,16.666666666666668,2.788230023984438,21.0,13.0,20.333333333333332,4.769262060954718,28.0,13.0,22.666666666666668,4.525878888144434,32.67,13.0,25.9,26.0,26.4,94.0,94.0,92.0,1.0,1.0,1.2,1016.0,1015.0,1015.0,2425.2000000000003,94.0,25.8,0.0,0.677397503306345,6.266248916738884,2.0665288980734617,24.252000000000002,25.3,0.02539367579362619,665.64,8836,1.0,1032256,258.0,43.0,2.6700000000000017,8.0,-0.09999999999999787
66,86.4,13.3,38.0,28.7,74.3,29,0.0,1017,86,27.2,1.3,1.66,2023,11,12,8,6,316,45,0.8660254037844387,-0.4999999999999998,-0.5000000000000004,0.8660254037844384,-0.7818314824680299,0.6234898018587334,3,0,1,21.0,18.33,15.67,17.0,24.0,32.67,19.55333333333333,1.3489378537788972,21.0,18.33,17.055,2.9982845095123247,21.0,13.0,19.944166666666664,4.6314075188933845,28.0,13.0,22.110833333333332,4.036648326291417,28.33,13.0,25.8,25.9,26.3,94.0,94.0,93.0,1.0,1.0,0.33,1016.0,1015.0,1015.0,2339.2,142.76,45.151999999999994,0.0,0.6734956970140412,6.4957521990827765,2.856928050522517,23.392,26.37,0.02674530310196352,739.8399999999999,7396,2.7556,1034289,260.03,43.33833333333333,-1.6700000000000017,3.6599999999999984,1.3999999999999986
62,78.8,11.7,45.0,26.3,82.7,45,0.5,1017,78,28.6,2.6,2.33,2023,11,12,9,6,316,45,0.7071067811865476,-0.7071067811865475,-0.5000000000000004,0.8660254037844384,-0.7818314824680299,0.6234898018587334,3,0,1,19.33,21.0,18.33,15.0,26.0,28.33,19.333333333333332,1.665002502507938,21.0,17.67,17.5,2.8254415584084427,21.0,13.0,19.25,4.249765768946671,28.0,13.0,21.666666666666668,3.9069744400710538,28.0,13.0,27.2,25.9,26.1,86.0,94.0,94.0,1.66,1.0,0.66,1017.0,1016.0,1015.0,2230.8,181.74,66.638,22.5,0.6718375727158663,6.734467139560722,3.8458251431501584,22.308000000000003,27.435000000000002,0.028121899585152817,817.96,6084,5.4289000000000005,1034289,262.17,43.695,-1.6599999999999966,-0.6599999999999966,1.4000000000000021
59,71.2,10.0,52.0,24.0,91.0,62,1.0,1018,71,30.0,2.8,3.0,2023,11,12,10,6,316,45,0.49999999999999994,-0.8660254037844387,-0.5000000000000004,0.8660254037844384,-0.7818314824680299,0.6234898018587334,3,0,1,17.67,19.33,21.0,13.0,28.0,24.0,17.666666666666668,1.66500250250813,19.33,16.0,18.0,2.0206731551593125,21.0,15.67,18.25,3.312038647117834,25.0,13.0,21.333333333333332,4.038307508875217,28.0,13.0,28.6,25.8,26.0,78.0,94.0,94.0,2.33,1.0,1.0,1017.0,1016.0,1015.0,2130.0,213.0,90.0,62.0,0.666638890046248,7.119288071192881,5.199480051994801,21.3,28.5,0.02946951918514815,900.0,5041,9.0,1036324,264.2,44.03333333333333,-1.6700000000000017,-5.0,1.3999999999999986
60,73.7,9.7,58.3,25.3,89.7,62,1.0,1017,68,30.5,4.6,3.0,2023,11,12,11,6,316,45,0.258819045102521,-0.9659258262890682,-0.5000000000000004,0.8660254037844384,-0.7818314824680299,0.6234898018587334,3,0,1,16.0,17.67,19.33,15.67,25.0,24.33,16.78,0.8404165633930285,17.67,16.0,18.166666666666668,1.8214792523243695,21.0,16.0,17.555833333333336,2.5551568474662916,22.0,13.0,21.014166666666664,4.093495281931368,28.0,13.0,30.0,27.2,25.9,71.0,86.0,94.0,3.0,1.66,1.0,1018.0,1017.0,1015.0,2074.0,204.0,91.5,62.0,0.6588672384490731,7.597154932481189,6.009689722708999,20.74,29.0,0.02999013766948115,930.25,4624,9.0,1034289,273.37,45.56166666666667,0.6700000000000017,-2.6599999999999966,0.5
62,76.3,9.3,64.7,26.7,88.3,62,3.5,1016,65,30.9,4.1,3.0,2023,11,12,12,6,316,45,1.2246467991473532e-16,-1.0,-0.5000000000000004,0.8660254037844384,-0.7818314824680299,0.6234898018587334,3,1,1,16.67,16.0,17.67,18.33,22.0,24.67,16.666666666666668,0.6650062656537321,17.33,16.0,18.0,1.8490862608276253,21.0,16.0,17.166666666666668,2.1383950367824527,21.0,13.0,20.708333333333332,4.082663949866812,28.0,13.0,30.5,28.6,25.9,68.0,78.0,94.0,3.0,2.33,1.0,1017.0,1017.0,1016.0,2008.5,195.0,92.69999999999999,217.0,0.6490393618216546,8.203418987205676,6.956241264380174,20.085,29.4,0.030413355892366246,954.81,4225,9.0,1032256,282.63,47.105,0.6599999999999966,-0.3400000000000034,0.3999999999999986
63,78.8,9.0,71.0,28.0,87.0,62,2.0,1015,62,31.4,4.8,3.0,2023,11,12,13,6,316,45,-0.2588190451025208,-0.9659258262890683,-0.5000000000000004,0.8660254037844384,-0.7818314824680299,0.6234898018587334,3,1,1,17.33,16.67,16.0,21.0,19.0,25.0,17.333333333333332,0.6650062656535397,18.0,16.67,17.5,1.1485294946067008,19.33,16.0,17.083333333333332,2.079118402914047,21.0,13.0,20.416666666666668,4.012168086412747,28.0,13.0,30.9,30.0,25.8,65.0,71.0,94.0,3.0,3.0,1.0,1016.0,1018.0,1016.0,1946.8,186.0,94.19999999999999,124.0,0.6428341844934109,8.754582824130653,7.888012443061882,19.468,29.9,0.030935930112384127,985.9599999999999,3844,9.0,1030225,291.8,48.63333333333333,0.6700000000000017,2.0,0.5
63,94.0,10.7,72.3,27.7,91.0,75,0.5,1014,70,29.7,2.9,2.66,2023,11,12,14,6,316,45,-0.4999999999999997,-0.8660254037844388,-0.5000000000000004,0.8660254037844384,-0.7818314824680299,0.6234898018587334,3,1,1,18.0,17.33,16.67,19.33,17.0,24.67,17.776666666666667,0.3868246803893185,18.0,17.33,17.278333333333332,0.8002353820271925,18.0,16.0,17.166666666666668,2.0954510615897584,21.0,13.0,20.13875,3.935004903041692,28.0,13.0,31.4,30.5,27.2,62.0,68.0,86.0,3.0,3.0,1.66,1015.0,1017.0,1017.0,2079.0,186.20000000000002,79.002,37.5,0.6497960362441789,8.784225773292217,6.756377908606673,20.79,28.369999999999997,0.02928991194288763,882.0899999999999,4900,7.0756000000000006,1028196,313.7,52.28333333333333,0.0,1.3299999999999983,-1.6999999999999993
63,109.1,12.3,73.7,27.3,95.0,87,0.5,1014,79,27.9,1.0,2.33,2023,11,12,15,6,316,45,-0.7071067811865471,-0.7071067811865479,-0.5000000000000004,0.8660254037844384,-0.7818314824680299,0.6234898018587334,3,1,1,18.0,18.0,17.33,17.67,15.0,24.33,18.0,0.0,18.0,18.0,17.333333333333332,0.8427494684947611,18.0,16.0,17.416666666666668,1.9897479663764908,21.0,13.0,19.875,3.8531534234122264,28.0,13.0,29.7,30.9,28.6,70.0,65.0,78.0,2.66,3.0,2.33,1014.0,1016.0,1017.0,2204.1,184.07,65.007,43.5,0.6593165085528002,8.869197626209251,5.991382814405333,22.041,26.735,0.027514765764530803,778.41,6241,5.4289000000000005,1028196,335.4,55.9,0.0,0.6700000000000017,-1.8000000000000007
63,124.3,14.0,75.0,27.0,99.0,100,0.5,1014,89,26.2,0.9,2.0,2023,11,12,16,6,316,45,-0.8660254037844385,-0.5000000000000004,-0.5000000000000004,0.8660254037844384,-0.7818314824680299,0.6234898018587334,3,1,1,18.0,18.0,18.0,16.0,13.0,24.0,18.0,0.0,18.0,18.0,17.666666666666668,0.5569799517470783,18.0,16.67,17.833333333333332,1.4238254063897926,21.0,15.67,19.625,3.767574470572518,28.0,13.0,27.9,31.4,30.0,79.0,62.0,71.0,2.33,3.0,3.0,1014.0,1015.0,1018.0,2331.7999999999997,178.0,52.4,50.0,0.6666419762231028,8.877937290193557,5.356760231412042,23.317999999999998,25.2,0.025838238818304913,686.4399999999999,7921,4.0,1028196,357.3,59.550000000000004,0.0,0.0,-1.6999999999999993
67,137.3,14.3,64.3,29.3,101.7,91,0.5,1015,91,25.8,0.6,2.0,2023,11,12,17,6,316,45,-0.9659258262890683,-0.25881904510252063,-0.5000000000000004,0.8660254037844384,-0.7818314824680299,0.6234898018587334,3,1,1,18.0,18.0,18.0,16.67,15.67,23.33,18.55666666666667,0.964174949559466,19.67,18.0,18.166666666666668,0.7837261426341118,19.67,17.33,18.166666666666668,1.3368914645104688,21.0,16.0,19.4725,3.6842381667816486,28.0,13.0,26.2,29.7,30.5,89.0,70.0,68.0,2.0,2.66,3.0,1014.0,1014.0,1017.0,2347.8,182.0,51.6,45.5,0.6713081464796423,9.600727221872598,4.496189077686875,23.478,24.8,0.02541869416877422,665.64,8281,4.0,1030225,366.57000000000005,61.095000000000006,1.6700000000000017,1.6700000000000017,-0.3999999999999986
70,150.4,14.7,53.7,31.7,104.3,83,0.5,1016,92,25.4,0.0,2.0,2023,11,12,18,6,316,45,-1.0,-1.8369701987210297e-16,-0.5000000000000004,0.8660254037844384,-0.7818314824680299,0.6234898018587334,3,2,1,19.67,18.0,18.0,17.33,18.33,22.67,19.666666666666668,1.665002502507899,21.33,18.0,18.833333333333332,1.3936379252331266,21.33,18.0,18.416666666666668,1.6206078171389187,21.33,16.0,19.416666666666668,3.64360388562858,28.0,13.0,25.8,27.9,30.9,91.0,79.0,65.0,2.0,2.33,3.0,1015.0,1014.0,1016.0,2336.7999999999997,184.0,50.8,41.5,0.6728494369262799,10.230596558057277,3.6528127338276315,23.368,24.4,0.024999975393725005,645.16,8464,4.0,1032256,376.13,62.68833333333333,1.6599999999999966,3.3299999999999983,-0.40000000000000213
74,163.4,15.0,43.0,34.0,107.0,75,0.5,1017,93,25.0,0.0,2.0,2023,11,12,19,6,316,45,-0.9659258262890684,0.2588190451025203,-0.5000000000000004,0.8660254037844384,-0.7818314824680299,0.6234898018587334,3,2,1,21.33,19.67,18.0,18.0,21.0,22.0,21.333333333333332,1.665002502507707,23.0,19.67,19.666666666666668,2.1076590489564566,23.0,18.0,18.583333333333332,1.97461311899293,23.0,16.0,19.458333333333332,3.6799665247382056,28.0,13.0,25.4,26.2,31.4,92.0,89.0,62.0,2.0,2.0,3.0,1016.0,1014.0,1015.0,2325.0,186.0,50.0,37.5,0.6764506926266874,10.892607159522699,2.866475568295447,23.25,24.0,0.024582080056951762,625.0,8649,4.0,1034289,385.4,64.23333333333333,1.6700000000000017,5.0,-0.3999999999999986
72,168.3,15.0,36.7,32.7,108.0,70,0.5,1017,93,25.1,0.0,1.33,2023,11,12,20,6,316,45,-0.8660254037844386,0.5000000000000001,-0.5000000000000004,0.8660254037844384,-0.7818314824680299,0.6234898018587334,3,2,1,23.0,21.33,19.67,18.0,19.33,24.0,22.22,0.8404165633917854,23.0,21.33,20.388333333333332,2.163417820636592,23.0,18.0,18.833333333333332,2.2486372977809532,23.0,16.0,19.388749999999998,3.6053888561919614,28.0,13.0,25.0,25.8,29.7,93.0,91.0,70.0,2.0,2.0,2.66,1017.0,1015.0,1014.0,2334.3,123.69000000000001,33.383,35.0,0.6828537353597749,11.219252049863343,2.446503566428905,23.343000000000004,24.435000000000002,0.024680408377179573,630.0100000000001,8649,1.7689000000000001,1034289,383.03,63.83833333333333,-0.6700000000000017,2.6599999999999966,0.10000000000000142
71,173.1,15.0,30.3,31.3,109.0,66,0.0,1018,93,25.2,0.0,0.66,2023,11,12,21,6,316,45,-0.7071067811865477,0.7071067811865474,-0.5000000000000004,0.8660254037844384,-0.7818314824680299,0.6234898018587334,3,2,1,22.33,23.0,21.33,18.0,17.67,26.0,22.333333333333332,0.6650062656520956,23.0,21.67,21.0,1.8490862608275664,23.0,18.0,19.166666666666668,2.354494090934238,23.0,16.0,19.208333333333332,3.360171665732823,28.0,13.0,25.1,25.4,27.9,93.0,92.0,79.0,1.33,2.0,2.33,1017.0,1016.0,1014.0,2343.6,61.38,16.632,0.0,0.6923101498354686,11.539230717952137,2.0198653423105126,23.436,24.87,0.024754396115524446,635.04,8649,0.43560000000000004,1036324,380.37,63.395,-0.6599999999999966,0.3400000000000034,0.09999999999999787
69,178.0,15.0,24.0,30.0,110.0,62,0.0,1018,93,25.3,0.0,4.8,2023,11,12,22,6,316,45,-0.5000000000000004,0.8660254037844384,-0.5000000000000004,0.8660254037844384,-0.7818314824680299,0.6234898018587334,3,3,1,21.67,22.33,23.0,18.0,16.0,28.0,21.666666666666668,0.665006265652288,22.33,21.0,21.5,1.148529494606576,23.0,19.67,19.583333333333332,2.179033702995334,23.0,16.67,18.916666666666668,2.8250612408402644,25.0,13.0,25.2,25.0,26.2,93.0,93.0,89.0,0.66,2.0,2.0,1018.0,1017.0,1014.0,2352.9,446.4,121.44,0.0,0.6999766674444184,11.86587560829278,1.5998933404439704,23.529,22.900000000000002,0.024852627846141607,640.09,8649,23.04,1036324,378.0,63.0,-0.6700000000000017,-2.0,0.10000000000000142
65,170.4,14.3,23.7,27.0,103.3,66,0.0,1018,87,24.5,0.0,0.66,2023,11,12,23,6,316,45,-0.25881904510252157,0.9659258262890681,-0.5000000000000004,0.8660254037844384,-0.7818314824680299,0.6234898018587334,3,3,1,21.0,21.67,22.33,19.67,16.67,25.0,20.55666666666667,1.389112426464191,21.67,19.0,21.388333333333332,1.3727259983871196,23.0,19.0,19.7775,1.9915828561043816,23.0,17.33,18.666666666666668,2.511385667518946,23.0,13.0,25.3,25.1,25.8,93.0,93.0,91.0,4.8,1.33,2.0,1018.0,1017.0,1015.0,2131.5,57.42,16.17,0.0,0.7036776415688307,11.915250681770505,1.6572267673589258,21.315,24.17,0.02406677400120432,600.25,7569,0.43560000000000004,1036324,357.7,59.61666666666667,-2.0,-3.3299999999999983,-0.8000000000000007
61,162.8,13.7,23.3,24.0,96.7,70,0.0,1018,81,23.8,0.0,1.33,2023,11,13,0,0,317,46,0.0,1.0,-0.5000000000000004,0.8660254037844384,0.0,1.0,3,3,0,19.0,21.0,21.67,21.33,17.33,22.0,19.0,2.0000000000061235,21.0,17.0,20.666666666666668,2.2605810462462896,23.0,17.0,19.75,2.0303515145730047,23.0,17.0,18.458333333333332,2.4288781927810494,23.0,13.0,24.5,25.2,25.4,87.0,93.0,92.0,0.66,0.66,2.0,1018.0,1018.0,1016.0,1927.8,107.73,31.654000000000003,0.0,0.7083038206741386,11.882344354426687,1.7006057951974312,19.278,23.135,0.0233791518868842,566.44,6561,1.7689000000000001,1036324,337.5,56.25,-2.0,-4.670000000000002,-0.6999999999999993
56,155.2,13.0,23.0,21.0,90.0,75,0.5,1018,75,23.0,0.0,2.0,2023,11,13,1,0,317,46,0.25881904510252074,0.9659258262890683,-0.5000000000000004,0.8660254037844384,0.0,1.0,3,3,0,17.0,19.0,21.0,23.0,18.0,19.0,17.0,2.0000000000063154,19.0,15.0,19.333333333333332,2.8827463757063456,22.33,15.0,19.5,2.4138916146493474,23.0,15.0,18.291666666666668,2.525412866232469,23.0,13.0,23.8,25.3,25.0,81.0,93.0,93.0,1.33,4.8,2.0,1018.0,1018.0,1017.0,1725.0,150.0,46.0,37.5,0.7142517022998904,11.937543265902622,1.769094685024229,17.25,22.0,0.022593298041946912,529.0,5625,4.0,1036324,317.2,52.86666666666667,-2.0,-6.0,-0.8000000000000007
54,152.3,12.7,23.0,19.3,84.0,83,0.5,1018,76,22.2,0.0,2.33,2023,11,13,2,0,317,46,0.49999999999999994,0.8660254037844387,-0.5000000000000004,0.8660254037844384,0.0,1.0,3,3,0,15.0,17.0,19.0,22.33,18.0,17.0,15.223333333333334,1.6761960903663022,17.0,13.67,17.89,3.2294024214986767,21.67,13.67,19.139166666666664,2.9274887107411676,23.0,13.67,18.152916666666666,2.685846120696955,23.0,13.0,23.0,24.5,25.1,75.0,87.0,93.0,2.0,0.66,1.33,1018.0,1018.0,1017.0,1687.2,177.08,51.726,41.5,0.7082534583700326,11.991181796708922,1.8108810329895286,16.872,21.035,0.02180744419700963,492.84,5776,5.4289000000000005,1036324,304.97,50.82833333333334,-1.33,-5.33,-0.8000000000000007
51,149.4,12.3,23.0,17.7,78.0,91,0.5,1018,76,21.4,0.0,2.66,2023,11,13,3,0,317,46,0.7071067811865476,0.7071067811865476,-0.5000000000000004,0.8660254037844384,0.0,1.0,3,3,0,13.67,15.0,17.0,21.67,18.0,15.0,13.666666666666666,1.3350031211049176,15.0,12.33,16.333333333333332,3.2933609985314853,21.0,12.33,18.666666666666668,3.524718772362473,23.0,12.33,18.041666666666668,2.871033243287657,23.0,12.33,22.2,23.8,25.2,76.0,81.0,93.0,2.33,1.33,0.66,1018.0,1018.0,1018.0,1626.3999999999999,202.16000000000003,56.924,45.5,0.6965708152081803,12.145354036257215,1.8697666856353141,16.264,20.07,0.021021590352072343,457.9599999999999,5776,7.0756000000000006,1036324,292.73,48.788333333333334,-1.3399999999999999,-4.67,-0.8000000000000007
46,146.5,12.0,23.0,16.0,72.0,100,1.0,1018,77,20.6,0.0,3.0,2023,11,13,4,0,317,46,0.8660254037844386,0.5000000000000001,-0.5000000000000004,0.8660254037844384,0.0,1.0,3,3,0,12.33,13.67,15.0,21.0,18.0,13.0,12.333333333333334,1.335003121105109,13.67,11.0,14.666666666666666,2.974260692449208,19.0,11.0,18.083333333333332,4.1659885508799475,23.0,11.0,17.958333333333332,3.047344769620329,23.0,11.0,21.4,23.0,25.3,76.0,75.0,93.0,2.66,2.0,4.8,1018.0,1018.0,1018.0,1586.2,231.0,61.800000000000004,100.0,0.6874570339353789,12.207316056995252,1.9165069577535205,15.862,19.1,0.020235736507135064,424.36000000000007,5929,9.0,1036324,280.5,46.75,-1.33,-4.0,-0.7999999999999972
44,149.6,12.3,22.3,15.3,74.7,100,1.0,1019,79,20.2,0.0,2.0,2023,11,13,5,0,317,46,0.9659258262890683,0.25881904510252074,-0.5000000000000004,0.8660254037844384,0.0,1.0,3,3,0,11.0,12.33,13.67,19.0,19.67,15.67,11.333333333333334,0.8787680771174885,12.33,10.67,13.278333333333334,2.4438446486322647,17.0,10.67,17.333333333333332,4.637790095476447,23.0,10.67,17.75,3.36495235446668,23.0,10.67,20.6,22.2,24.5,77.0,76.0,87.0,3.0,2.33,0.66,1018.0,1018.0,1018.0,1595.8,158.0,40.4,100.0,0.6973400431344356,12.161612877001868,1.812860743029022,15.958,19.2,0.019823336777883435,408.03999999999996,6241,4.0,1038361,284.87,47.47833333333333,-0.33000000000000007,-3.0,-0.40000000000000213
43,152.7,12.7,21.7,14.7,77.3,100,1.0,1020,81,19.7,0.0,1.0,2023,11,13,6,0,317,46,1.0,6.123233995736766e-17,-0.5000000000000004,0.8660254037844384,0.0,1.0,3,0,0,10.67,11.0,12.33,17.0,21.33,18.33,10.666666666666666,0.33501243762138916,11.0,10.33,12.166666666666666,1.859512480906931,15.0,10.33,16.416666666666668,4.857890176784542,23.0,10.33,17.416666666666668,3.6859317348029976,23.0,10.33,20.2,21.4,23.8,79.0,76.0,81.0,2.0,2.66,1.33,1019.0,1018.0,1018.0,1595.7,81.0,19.7,100.0,0.7026732875314605,12.022675379891348,1.7085268876466422,15.957,19.2,0.01931370655518965,388.09,6561,1.0,1040400,289.42999999999995,48.23833333333332,-0.33999999999999986,-2.0,-0.5
42,155.8,13.0,21.0,14.0,80.0,100,1.0,1021,83,19.3,0.7,4.0,2023,11,13,7,0,317,46,0.9659258262890683,-0.25881904510252063,-0.5000000000000004,0.8660254037844384,0.0,1.0,3,0,0,10.33,10.67,11.0,15.0,23.0,21.0,10.333333333333334,0.3350124376215816,10.67,10.0,11.333333333333334,1.399209300515373,13.67,10.0,15.333333333333334,4.70338433922079,22.33,10.0,16.958333333333332,3.898746361128187,23.0,10.0,19.7,20.6,23.0,81.0,77.0,75.0,1.0,3.0,2.0,1020.0,1018.0,1018.0,1601.9,332.0,77.2,100.0,0.7142346975216056,11.983693562033691,1.6152603645873396,16.019000000000002,17.3,0.01890301772476227,372.49,6889,16.0,1042441,293.8,48.96666666666667,-0.33000000000000007,-1.0,-0.3999999999999986
39,153.9,12.7,22.0,13.0,85.0,91,1.0,1022,84,19.0,0.9,0.33,2023,11,13,8,0,317,46,0.8660254037844387,-0.4999999999999998,-0.5000000000000004,0.8660254037844384,0.0,1.0,3,0,0,10.0,10.33,10.67,13.67,22.33,19.33,9.886666666666665,0.5095422782864304,10.33,9.33,10.61,1.0200980344957593,12.33,9.33,14.250000000000002,4.434814744516996,21.67,9.33,16.541666666666668,4.159876322019333,23.0,9.33,19.3,20.2,22.2,83.0,79.0,76.0,4.0,2.0,2.33,1021.0,1019.0,1018.0,1596.0,27.720000000000002,6.2700000000000005,91.0,0.7176371048380894,12.117156129438628,1.7321470750334622,15.96,18.835,0.018590979852270203,361.0,7056,0.10890000000000001,1044484,295.93,49.321666666666665,-0.6699999999999999,-1.3399999999999999,-0.3000000000000007
36,151.9,12.3,23.0,12.0,90.0,83,1.0,1023,85,18.7,1.3,0.66,2023,11,13,9,0,317,46,0.7071067811865476,-0.7071067811865475,-0.5000000000000004,0.8660254037844384,0.0,1.0,3,0,0,9.33,10.0,10.33,12.33,21.67,17.67,9.333333333333334,0.6650062656558489,10.0,8.67,10.0,0.8689764093358111,11.0,8.67,13.166666666666666,4.026503859843827,21.0,8.67,16.166666666666668,4.449328886049679,23.0,8.67,19.0,19.7,21.4,84.0,81.0,76.0,0.33,1.0,2.66,1022.0,1020.0,1018.0,1589.5,56.1,12.342,83.0,0.7224397966836097,12.348589545565401,1.8697666856353141,15.895,18.37,0.018279552023898315,349.69,7225,0.43560000000000004,1046529,297.87,49.645,-0.6600000000000001,-1.6600000000000001,-0.3000000000000007
33,150.0,12.0,24.0,11.0,95.0,75,1.0,1024,87,18.4,1.8,1.0,2023,11,13,10,0,317,46,0.49999999999999994,-0.8660254037844387,-0.5000000000000004,0.8660254037844384,0.0,1.0,3,0,0,8.67,9.33,10.0,11.0,21.0,16.0,8.666666666666666,0.6650062656560396,9.33,8.0,9.5,1.0271903426250646,10.67,8.0,12.083333333333334,3.4323337762402186,19.0,8.0,15.833333333333334,4.751750859618814,23.0,8.0,18.7,19.3,20.6,85.0,83.0,77.0,0.66,4.0,3.0,1023.0,1021.0,1018.0,1600.8,87.0,18.4,75.0,0.72720661758022,12.498958420131656,1.999833347221065,16.008,17.9,0.017968732452409715,338.55999999999995,7569,1.0,1048576,300.0,50.0,-0.6699999999999999,-2.0,-0.3000000000000007
33,147.8,11.7,28.7,11.0,97.0,75,0.5,1024,88,17.9,2.2,1.33,2023,11,13,11,0,317,46,0.258819045102521,-0.9659258262890682,-0.5000000000000004,0.8660254037844384,0.0,1.0,3,0,0,8.0,8.67,9.33,10.67,19.0,16.67,8.223333333333334,0.38682468039405177,8.67,8.0,9.055,0.9968500388635353,10.33,8.0,11.166666666666666,2.833886933439611,17.0,8.0,15.472083333333336,5.0080335281270365,23.0,8.0,18.4,19.0,20.2,87.0,84.0,79.0,1.0,0.33,2.0,1024.0,1022.0,1019.0,1575.1999999999998,117.04,23.807,37.5,0.72720661758022,12.6313990257243,2.452781813520212,15.751999999999999,17.235,0.017480451679246407,320.40999999999997,7744,1.7689000000000001,1048576,304.2,50.699999999999996,0.0,-1.33,-0.5
33,145.7,11.3,33.3,11.0,99.0,75,0.75,1023,89,17.3,2.2,1.66,2023,11,13,12,0,317,46,1.2246467991473532e-16,-1.0,-0.5000000000000004,0.8660254037844384,0.0,1.0,3,1,0,8.0,8.0,8.67,10.33,17.0,17.33,8.0,0.0,8.0,8.0,8.666666666666666,0.8427494684951916,10.0,8.0,10.416666666666666,2.28811289189705,15.0,8.0,15.083333333333334,5.215371650158708,23.0,8.0,17.9,18.7,19.7,88.0,85.0,81.0,1.33,0.66,1.0,1024.0,1023.0,1020.0,1539.7,147.73999999999998,28.718,56.25,0.72720661758022,12.89266436598531,2.946641890098221,15.397,16.470000000000002,0.01691102941248347,299.29,7921,2.7556,1046529,308.3,51.38333333333333,0.0,-0.6699999999999999,-0.5999999999999979
33,143.6,11.0,38.0,11.0,101.0,75,1.0,1023,91,16.8,2.0,2.0,2023,11,13,13,0,317,46,-0.2588190451025208,-0.9659258262890683,-0.5000000000000004,0.8660254037844384,0.0,1.0,3,1,0,8.0,8.0,8.0,10.0,15.0,18.0,8.0,0.0,8.0,8.0,8.333333333333334,0.5569799517477744,9.33,8.0,9.833333333333334,1.86693883297383,13.67,8.0,14.666666666666666,5.369407437686929,23.0,8.0,17.3,18.4,19.3,89.0,87.0,83.0,1.66,1.0,4.0,1023.0,1024.0,1021.0,1528.8,182.0,33.6,75.0,0.72720661758022,13.05335878556495,3.454231433506045,15.288,15.8,0.016422271336978166,282.24,8281,4.0,1046529,312.6,52.1,0.0,0.0,-0.5
35,148.4,11.7,39.0,11.7,102.3,75,1.0,1022,89,16.5,1.5,2.0,2023,11,13,14,0,317,46,-0.4999999999999997,-0.8660254037844388,-0.5000000000000004,0.8660254037844384,0.0,1.0,3,1,0,8.0,8.0,8.0,9.33,13.67,18.0,8.11,0.19052558890781682,8.33,8.0,8.166666666666666,0.27969030488911373,8.67,8.0,9.388333333333334,1.4617476049617106,12.33,8.0,14.26375,5.470268900870377,23.0,8.0,16.8,17.9,19.0,91.0,88.0,84.0,2.0,1.33,0.33,1023.0,1024.0,1022.0,1468.5,178.0,33.0,75.0,0.7119049653875738,12.682676694299634,3.333048457396804,14.685,15.5,0.016144798292760967,272.25,7921,4.0,1044484,321.43,53.571666666666665,0.33000000000000007,0.33000000000000007,-0.3000000000000007
36,153.3,12.3,40.0,12.3,103.7,75,0.5,1022,88,16.3,1.0,2.0,2023,11,13,15,0,317,46,-0.7071067811865471,-0.7071067811865479,-0.5000000000000004,0.8660254037844384,0.0,1.0,3,1,0,8.33,8.0,8.0,8.67,12.33,18.0,8.333333333333334,0.33501243762272254,8.67,8.0,8.166666666666666,0.27969030488911373,8.67,8.0,9.083333333333334,1.1381830283684389,11.0,8.0,13.875,5.524458659295429,23.0,8.0,16.5,17.3,18.7,89.0,89.0,85.0,2.0,1.66,0.66,1022.0,1023.0,1023.0,1434.4,176.0,32.6,37.5,0.7048207462807902,12.462401430777986,3.251768148930981,14.344000000000001,15.3,0.01594910376800023,265.69,7744,4.0,1044484,330.27000000000004,55.04500000000001,0.33999999999999986,0.6699999999999999,-0.1999999999999993
37,158.2,13.0,41.0,13.0,105.0,75,0.0,1022,86,16.0,0.7,2.0,2023,11,13,16,0,317,46,-0.8660254037844385,-0.5000000000000004,-0.5000000000000004,0.8660254037844384,0.0,1.0,3,1,0,8.67,8.33,8.0,8.0,11.0,18.0,8.666666666666666,0.3350124376225332,9.0,8.33,8.333333333333334,0.42216900247288713,9.0,8.0,8.916666666666666,0.9653104383718462,10.67,8.0,13.5,5.537723594465409,23.0,8.0,16.3,16.8,18.4,88.0,91.0,87.0,2.0,2.0,1.0,1022.0,1023.0,1024.0,1376.0,172.0,32.0,0.0,0.6922544419660026,12.168294746557956,3.153603568956234,13.76,15.0,0.015655561980859118,256.0,7396,4.0,1044484,339.2,56.53333333333333,0.33000000000000007,1.0,-0.3000000000000007
42,166.1,14.0,37.3,14.7,103.3,75,0.0,1022,83,16.2,0.6,2.0,2023,11,13,17,0,317,46,-0.9659258262890683,-0.25881904510252063,-0.5000000000000004,0.8660254037844384,0.0,1.0,3,1,0,9.0,8.67,8.33,8.0,10.67,19.67,9.223333333333334,0.6925556536203997,10.0,8.67,8.666666666666666,0.760412168924805,10.0,8.0,8.860833333333334,0.8692782621089291,10.33,8.0,13.097083333333336,5.419817483824904,23.0,8.0,16.0,16.5,17.9,86.0,89.0,88.0,2.0,2.0,1.33,1022.0,1022.0,1024.0,1344.6,166.0,32.4,0.0,0.6802258349772125,11.863438325833869,2.6640954217555888,13.446,15.2,0.015851256505619856,262.44,6889,4.0,1044484,345.4,57.56666666666666,1.0,1.67,0.1999999999999993
46,174.1,15.0,33.7,16.3,101.7,75,0.5,1023,81,16.4,0.0,2.0,2023,11,13,18,0,317,46,-1.0,-1.8369701987210297e-16,-0.5000000000000004,0.8660254037844384,0.0,1.0,3,2,0,10.0,9.0,8.67,8.0,10.33,21.33,10.0,1.000000000013974,11.0,9.0,9.166666666666666,1.1305868682453757,11.0,8.0,8.916666666666666,0.9859128979933498,11.0,8.0,12.666666666666666,5.14055627734807,23.0,8.0,16.2,16.3,17.3,83.0,88.0,89.0,2.0,2.0,1.66,1022.0,1022.0,1023.0,1328.3999999999999,162.0,32.8,37.5,0.6748052266732102,11.605892940470635,2.2465168988734088,13.283999999999999,15.399999999999999,0.01603126487657392,268.96,6561,4.0,1046529,351.8,58.63333333333333,1.0,2.33,0.1999999999999993
50,182.1,16.0,30.0,18.0,100.0,75,0.5,1023,78,16.6,0.0,2.0,2023,11,13,19,0,317,46,-0.9659258262890684,0.2588190451025203,-0.5000000000000004,0.8660254037844384,0.0,1.0,3,2,0,11.0,10.0,9.0,8.0,10.0,23.0,11.0,1.000000000013782,12.0,10.0,9.833333333333334,1.4416055863684887,12.0,8.33,9.083333333333334,1.3035708533494883,12.0,8.0,12.208333333333334,4.645742947714032,22.33,8.0,16.4,16.0,16.8,81.0,86.0,91.0,2.0,2.0,2.0,1023.0,1022.0,1023.0,1294.8000000000002,156.0,33.2,37.5,0.6666296316871284,11.380538716330229,1.8748828198237608,12.948000000000002,15.600000000000001,0.016226768106776045,275.56000000000006,6084,4.0,1046529,358.1,59.68333333333334,1.0,3.0,0.20000000000000284
50,182.5,15.7,29.7,17.7,98.7,83,0.5,1024,75,16.8,0.0,1.33,2023,11,13,20,0,317,46,-0.8660254037844386,0.5000000000000001,-0.5000000000000004,0.8660254037844384,0.0,1.0,3,2,0,12.0,11.0,10.0,8.33,9.33,22.33,11.666666666666666,0.5773502692132756,12.0,11.0,10.445,1.4546992816325026,12.0,8.67,9.305833333333334,1.5534211998835628,12.0,8.0,11.777916666666664,4.115487164534947,21.67,8.0,16.6,16.2,16.5,78.0,83.0,89.0,2.0,2.0,2.0,1023.0,1022.0,1022.0,1260.0,99.75,22.344,41.5,0.6779278006892265,11.6234634736641,1.8915992611935546,12.6,16.135,0.01640623397828713,282.24,5625,1.7689000000000001,1048576,356.29999999999995,59.383333333333326,0.0,2.0,0.1999999999999993
50,182.9,15.3,29.3,17.3,97.3,91,0.5,1024,73,16.9,0.0,0.66,2023,11,13,21,0,317,46,-0.7071067811865477,0.7071067811865474,-0.5000000000000004,0.8660254037844384,0.0,1.0,3,2,0,12.0,12.0,11.0,8.67,8.67,21.67,12.0,0.0,12.0,12.0,11.0,1.264911064060267,12.0,9.0,9.583333333333334,1.7182037837315476,12.0,8.0,11.375,3.537723414361872,21.0,8.0,16.8,16.4,16.3,75.0,81.0,88.0,1.33,2.0,2.0,1024.0,1023.0,1022.0,1233.6999999999998,48.18,11.154,45.5,0.693601525923357,11.95346709365401,1.9149075223841578,12.336999999999998,16.57,0.01650389013291979,285.60999999999996,5329,0.43560000000000004,1048576,354.1000000000001,59.01666666666668,0.0,1.0,0.09999999999999787
50,183.3,15.0,29.0,17.0,96.0,100,0.0,1024,71,17.1,0.0,2.8,2023,11,13,22,0,317,46,-0.5000000000000004,0.8660254037844384,-0.5000000000000004,0.8660254037844384,0.0,1.0,3,3,0,12.0,12.0,12.0,9.0,8.0,21.0,12.0,0.0,12.0,12.0,11.5,0.8366600265233419,12.0,10.0,9.916666666666666,1.7703226892991766,12.0,8.0,11.0,2.89099952626629,19.0,8.0,16.9,16.6,16.0,73.0,78.0,86.0,0.66,2.0,2.0,1024.0,1023.0,1022.0,1214.1000000000001,198.79999999999998,47.88,0.0,0.7058408328921828,12.219185387640826,1.9332044530364643,12.141000000000002,15.700000000000001,0.016699202442185118,292.41,5041,7.839999999999999,1048576,352.3,58.71666666666667,0.0,0.0,0.20000000000000284
46,178.6,14.7,28.7,15.3,92.0,100,0.0,1024,68,17.1,0.0,1.0,2023,11,13,23,0,317,46,-0.25881904510252157,0.9659258262890681,-0.5000000000000004,0.8660254037844384,0.0,1.0,3,3,0,12.0,12.0,12.0,10.0,8.0,19.0,11.666666666666666,0.5773502692132756,12.0,11.0,11.666666666666666,0.5163977794769193,12.0,11.0,10.166666666666666,1.68481093265471,12.0,8.0,10.666666666666666,2.3365203907165273,17.0,8.0,17.1,16.8,16.2,71.0,75.0,83.0,2.8,1.33,2.0,1024.0,1024.0,1022.0,1162.8000000000002,68.0,17.1,0.0,0.7189072609633357,12.148833412693016,1.9522481463845998,11.628000000000002,16.6,0.016699202442185118,292.41,4624,1.0,1048576,340.29999999999995,56.71666666666666,-1.0,-1.0,0.0
42,173.9,14.3,28.3,13.7,88.0,100,0.0,1023,66,17.2,0.0,2.0,2023,11,14,0,1,318,46,0.0,1.0,-0.5000000000000004,0.8660254037844384,0.7818314824680298,0.6234898018587336,3,3,0,11.0,12.0,12.0,11.0,8.0,17.0,11.0,1.000000000013782,12.0,10.0,11.5,0.8366600265233419,12.0,10.0,10.333333333333334,1.5440344634260337,12.0,8.0,10.375,1.9094296894969873,15.0,8.0,17.1,16.9,16.4,68.0,73.0,81.0,1.0,0.66,2.0,1024.0,1024.0,1023.0,1135.2,132.0,34.4,0.0,0.729873731844391,12.159988811971191,1.9788825956226836,11.352,16.2,0.016813277797382408,295.84,4356,4.0,1046529,328.20000000000005,54.70000000000001,-1.0,-2.0,0.09999999999999787
37,169.2,14.0,28.0,12.0,84.0,100,0.0,1023,64,17.2,0.0,3.0,2023,11,14,1,1,318,46,0.25881904510252074,0.9659258262890683,-0.5000000000000004,0.8660254037844384,0.7818314824680298,0.6234898018587336,3,3,0,10.0,11.0,12.0,12.0,8.0,15.0,10.0,1.000000000013974,11.0,9.0,11.0,1.264911064060267,12.0,9.0,10.416666666666666,1.4293821509093356,12.0,8.33,10.125,1.653141936093693,13.67,8.0,17.2,17.1,16.6,66.0,71.0,78.0,2.0,2.8,2.0,1023.0,1024.0,1023.0,1100.8,192.0,51.599999999999994,0.0,0.7499375052078994,12.084851082065567,1.9998571530604958,11.008,15.7,0.016813277797382408,295.84,4096,9.0,1046529,316.2,52.699999999999996,-1.0,-3.0,0.0
40,167.3,13.7,27.7,13.3,84.0,100,0.0,1023,64,17.1,0.0,2.33,2023,11,14,2,1,318,46,0.49999999999999994,0.8660254037844387,-0.5000000000000004,0.8660254037844384,0.7818314824680298,0.6234898018587336,3,3,0,9.0,10.0,11.0,12.0,8.33,13.67,9.556666666666667,0.5095422782865533,10.0,9.0,10.611666666666666,1.2541198773039097,12.0,9.0,10.528333333333334,1.2978361945498413,12.0,8.67,9.958333333333334,1.471904021761386,12.33,8.0,17.2,17.1,16.8,64.0,68.0,75.0,3.0,1.0,1.33,1023.0,1024.0,1024.0,1094.4,149.12,39.843,0.0,0.7270130065408615,12.210787533756662,2.021750237208963,10.944,15.935000000000002,0.016715526182281348,292.41,4096,5.4289000000000005,1046529,315.66999999999996,52.61166666666666,0.6699999999999999,-1.33,-0.09999999999999787
43,165.4,13.3,27.3,14.7,84.0,100,0.0,1022,65,17.1,0.0,1.66,2023,11,14,3,1,318,46,0.7071067811865476,0.7071067811865476,-0.5000000000000004,0.8660254037844384,0.7818314824680298,0.6234898018587336,3,3,0,9.67,9.0,10.0,12.0,8.67,12.33,9.666666666666666,0.6650062656557519,10.33,9.0,10.333333333333334,1.0536729410252474,12.0,9.0,10.666666666666666,1.163242594362031,12.0,9.0,9.875,1.3858947823799748,12.0,8.0,17.1,17.2,16.9,64.0,66.0,73.0,2.33,2.0,0.66,1023.0,1023.0,1024.0,1111.5,107.89999999999999,28.386,0.0,0.7026732875314605,12.43515525148485,2.0524772573490715,11.115,16.270000000000003,0.016731881867043184,292.41,4225,2.7556,1044484,315.03000000000003,52.505,0.6600000000000001,0.33000000000000007,0.0
46,163.4,13.0,27.0,16.0,84.0,100,0.0,1022,65,17.0,0.0,1.0,2023,11,14,4,1,318,46,0.8660254037844386,0.5000000000000001,-0.5000000000000004,0.8660254037844384,0.7818314824680298,0.6234898018587336,3,3,0,10.33,9.67,9.0,12.0,9.0,11.0,10.333333333333334,0.665006265655558,11.0,9.67,10.166666666666666,0.7811700625656411,11.0,9.0,10.833333333333334,1.0394258321836993,12.0,9.0,9.875,1.3858947823799748,12.0,8.0,17.1,17.2,17.1,65.0,64.0,71.0,1.66,3.0,2.8,1022.0,1023.0,1024.0,1105.0,65.0,17.0,0.0,0.6874570339353789,12.56826397969387,2.076763325898008,11.05,16.5,0.016634034604662815,289.0,4225,1.0,1044484,314.4,52.4,0.6699999999999999,2.0,-0.10000000000000142
51,170.8,14.0,25.3,18.3,87.7,83,0.0,1022,65,17.0,0.0,1.33,2023,11,14,5,1,318,46,0.9659258262890683,0.25881904510252074,-0.5000000000000004,0.8660254037844384,0.7818314824680298,0.6234898018587336,3,3,0,11.0,10.33,9.67,11.0,10.0,10.67,11.219999999999999,1.0179882121259929,12.33,10.33,10.388333333333334,1.1611962222849292,12.33,9.0,11.027500000000002,1.0861786643613176,12.33,9.0,9.944166666666668,1.4663824658778004,12.33,8.0,17.0,17.1,17.1,65.0,64.0,68.0,1.0,2.33,1.0,1022.0,1023.0,1024.0,1105.0,86.45,22.61,0.0,0.6737336757554231,12.199128633669025,1.8070137847296623,11.05,16.335,0.016634034604662815,289.0,4225,1.7689000000000001,1044484,328.43000000000006,54.738333333333344,1.33,2.66,0.0
54,178.2,15.0,23.7,20.7,91.3,66,0.0,1023,65,17.0,0.0,1.66,2023,11,14,6,1,318,46,1.0,6.123233995736766e-17,-0.5000000000000004,0.8660254037844384,0.7818314824680298,0.6234898018587336,3,0,0,12.33,11.0,10.33,10.0,11.0,10.33,12.333333333333334,1.335003121105108,13.67,11.0,11.0,1.7387121670886407,13.67,9.0,11.25,1.3268417731265683,13.67,9.0,10.083333333333334,1.6514095867441332,13.67,8.0,17.0,17.1,17.2,65.0,65.0,66.0,1.33,1.66,2.0,1022.0,1022.0,1023.0,1105.0,107.89999999999999,28.22,0.0,0.6603545722428869,11.87920805279648,1.5798946736884207,11.05,16.17,0.016617774567180287,289.0,4225,2.7556,1046529,342.56999999999994,57.09499999999999,1.3399999999999999,3.34,0.0
56,185.6,16.0,22.0,23.0,95.0,50,0.0,1023,65,17.0,0.7,2.0,2023,11,14,7,1,318,46,0.9659258262890683,-0.25881904510252063,-0.5000000000000004,0.8660254037844384,0.7818314824680298,0.6234898018587336,3,0,0,13.67,12.33,11.0,9.0,12.0,10.0,13.666666666666666,1.3350031211049165,15.0,12.33,12.0,2.0550231142208597,15.0,9.67,11.5,1.7086837039090865,15.0,9.0,10.291666666666666,1.931990788228349,15.0,8.0,17.0,17.0,17.2,65.0,65.0,64.0,1.66,1.0,3.0,1023.0,1022.0,1023.0,1105.0,130.0,34.0,0.0,0.6521455588887439,11.599275045309668,1.3749140678707579,11.05,16.0,0.016617774567180287,289.0,4225,4.0,1046529,356.6,59.43333333333334,1.33,4.0,0.0
57,188.9,15.0,26.0,23.0,105.0,62,0.0,1024,64,17.6,0.9,2.0,2023,11,14,8,1,318,46,0.8660254037844387,-0.4999999999999998,-0.5000000000000004,0.8660254037844384,0.7818314824680298,0.6234898018587336,3,0,0,15.0,13.67,12.33,9.67,12.0,9.33,14.666666666666666,0.8787680771167592,15.33,13.67,12.943333333333333,2.070571579696919,15.33,10.33,11.777500000000002,2.0362716598557395,15.33,9.0,10.541666666666666,2.175051556943996,15.33,8.0,17.0,17.0,17.1,65.0,65.0,64.0,2.0,1.33,2.33,1023.0,1022.0,1023.0,1126.4,128.0,35.2,0.0,0.6664927611842963,12.592493833744419,1.733217785480968,11.264000000000001,16.6,0.017187483215348423,309.76000000000005,4096,4.0,1048576,373.23,62.205000000000005,0.33000000000000007,3.0,0.6000000000000014
58,192.2,14.0,30.0,23.0,115.0,75,0.0,1024,62,18.1,1.3,2.0,2023,11,14,9,1,318,46,0.7071067811865476,-0.7071067811865475,-0.5000000000000004,0.8660254037844384,0.7818314824680298,0.6234898018587336,3,0,0,15.33,15.0,13.67,10.33,12.0,8.67,15.333333333333334,0.3350124376187126,15.67,15.0,13.833333333333334,1.859512480906898,15.67,11.0,12.083333333333334,2.327504841645459,15.67,9.0,10.833333333333334,2.373444876063573,15.67,8.0,17.6,17.0,17.1,64.0,65.0,65.0,2.0,1.66,1.66,1024.0,1023.0,1022.0,1122.2,124.0,36.2,0.0,0.6812747271857745,13.72759088636526,2.142704092564817,11.222000000000001,17.1,0.01767576398851173,327.61000000000007,3844,4.0,1048576,389.87,64.97833333333334,0.33999999999999986,2.0,0.5
59,195.5,13.0,34.0,23.0,125.0,87,0.0,1025,61,18.7,1.8,2.0,2023,11,14,10,1,318,46,0.49999999999999994,-0.8660254037844387,-0.5000000000000004,0.8660254037844384,0.7818314824680298,0.6234898018587336,3,0,0,15.67,15.33,15.0,11.0,12.0,8.0,15.666666666666666,0.33501243761852323,16.0,15.33,14.666666666666666,1.3992093005152806,16.0,12.33,12.416666666666666,2.5865046028588865,16.0,9.0,11.166666666666666,2.5157290699965267,16.0,8.0,18.1,17.0,17.0,62.0,65.0,65.0,2.0,2.0,1.0,1024.0,1023.0,1022.0,1140.7,122.0,37.4,0.0,0.6956219294813268,15.037304822705947,2.615183447427121,11.407,17.7,0.018243884640112545,349.69,3721,4.0,1050625,406.5,67.75,0.33000000000000007,1.0,0.5999999999999979
64,190.8,13.3,44.0,26.3,135.7,87,0.0,1024,59,19.0,2.2,2.0,2023,11,14,11,1,318,46,0.258819045102521,-0.9659258262890682,-0.5000000000000004,0.8660254037844384,0.7818314824680298,0.6234898018587336,3,0,0,16.0,15.67,15.33,12.33,11.0,8.0,16.666666666666668,1.4499080430698776,18.33,15.67,15.666666666666666,1.5329013884292686,18.33,13.67,13.027499999999998,3.0462081496366946,18.33,9.0,11.597083333333332,2.8161328389600544,18.33,8.0,18.7,17.6,17.0,61.0,64.0,65.0,2.0,2.0,1.33,1025.0,1024.0,1022.0,1121.0,118.0,38.0,0.0,0.696931675601688,14.344786106307797,3.3080219532365986,11.21,18.0,0.018554669380205682,361.0,3481,4.0,1048576,428.43,71.405,2.3299999999999983,2.9999999999999982,0.3000000000000007
69,186.2,13.7,54.0,29.7,146.3,87,0.0,1023,58,19.4,2.2,2.0,2023,11,14,12,1,318,46,1.2246467991473532e-16,-1.0,-0.5000000000000004,0.8660254037844384,0.7818314824680298,0.6234898018587336,3,1,0,18.33,16.0,15.67,13.67,10.0,8.0,18.333333333333332,2.335001784444307,20.67,16.0,16.833333333333332,2.2194113333603336,20.67,15.0,13.916666666666666,3.590743993136525,20.67,9.0,12.125,3.2643928791687973,20.67,8.0,19.0,18.1,17.0,59.0,62.0,65.0,2.0,2.0,1.66,1024.0,1024.0,1023.0,1125.1999999999998,116.0,38.8,0.0,0.6959361637655298,13.59024888694256,3.9413181519597114,11.251999999999999,18.4,0.018963813329605738,376.35999999999996,3364,4.0,1046529,450.57,75.095,2.3400000000000034,5.000000000000002,0.3999999999999986
74,181.5,14.0,64.0,33.0,157.0,87,0.0,1021,56,19.7,2.0,2.0,2023,11,14,13,1,318,46,-0.2588190451025208,-0.9659258262890683,-0.5000000000000004,0.8660254037844384,0.7818314824680298,0.6234898018587336,3,1,0,20.67,18.33,16.0,15.0,9.0,8.0,20.666666666666668,2.3350017844441155,23.0,18.33,18.166666666666668,3.1186193526379893,23.0,15.33,15.083333333333334,4.087985352521146,23.0,9.67,12.75,3.827639754072929,23.0,8.33,19.4,18.7,17.0,58.0,61.0,65.0,2.0,2.0,2.0,1023.0,1025.0,1023.0,1103.2,112.0,39.4,0.0,0.6969485773158389,12.963359760017141,4.571102064138276,11.032,18.7,0.019294790112840243,388.09,3136,4.0,1042441,472.5,78.75,2.3299999999999983,7.0,0.3000000000000007
77,179.7,15.0,68.7,35.3,167.3,91,0.0,1021,57,20.0,1.5,2.0,2023,11,14,14,1,318,46,-0.4999999999999997,-0.8660254037844388,-0.5000000000000004,0.8660254037844384,0.7818314824680298,0.6234898018587336,3,1,0,23.0,20.67,18.33,15.33,9.67,8.33,22.78,2.0090545039951135,24.67,20.67,19.723333333333333,3.696926651510423,24.67,15.67,16.333333333333332,4.549504135484508,24.67,10.33,13.430833333333334,4.415359472949571,24.67,8.67,19.7,19.0,17.6,56.0,59.0,64.0,2.0,2.0,2.0,1021.0,1024.0,1024.0,1140.0,114.0,40.0,0.0,0.6988470581569929,11.979201386574228,4.579694687020866,11.4,19.0,0.019588619403898725,400.0,3249,4.0,1042441,490.67,81.77833333333334,1.6700000000000017,6.340000000000003,0.3000000000000007
81,178.0,16.0,73.3,37.7,177.7,95,0.0,1020,57,20.4,1.4,2.0,2023,11,14,15,1,318,46,-0.7071067811865471,-0.7071067811865479,-0.5000000000000004,0.8660254037844384,0.7818314824680298,0.6234898018587336,3,1,0,24.67,23.0,20.67,15.67,10.33,8.67,24.666666666666668,1.665002502507326,26.33,23.0,21.5,3.9144756992452066,26.33,16.0,17.666666666666668,4.95651881746464,26.33,11.0,14.166666666666666,5.017891178977621,26.33,9.0,20.0,19.4,18.1,57.0,58.0,62.0,2.0,2.0,2.0,1021.0,1023.0,1024.0,1162.8,114.0,40.8,0.0,0.6983899631309514,11.124304730954314,4.580963689769389,11.628,19.4,0.019999980392176084,416.15999999999997,3249,4.0,1040400,509.03,84.83833333333332,1.6599999999999966,5.659999999999997,0.3999999999999986
85,176.2,17.0,78.0,40.0,188.0,100,0.0,1019,57,20.7,1.0,2.0,2023,11,14,16,1,318,46,-0.8660254037844385,-0.5000000000000004,-0.5000000000000004,0.8660254037844384,0.7818314824680298,0.6234898018587336,3,1,0,26.33,24.67,23.0,16.0,11.0,9.0,26.333333333333332,1.665002502507134,28.0,24.67,23.5,3.5948741285309382,28.0,18.33,19.083333333333332,5.295691788156983,28.0,12.33,14.958333333333334,5.628913453471317,28.0,9.0,20.4,19.7,18.7,57.0,56.0,61.0,2.0,2.0,2.0,1020.0,1021.0,1025.0,1179.8999999999999,114.0,41.4,0.0,0.6999825004374891,10.36409622963355,4.587965413799188,11.799,19.7,0.020314013430801345,428.48999999999995,3249,4.0,1038361,527.2,87.86666666666667,1.6700000000000017,5.0,0.3000000000000007
98,222.7,23.0,61.3,49.0,186.0,79,0.0,1020,60,20.5,1.0,2.0,2023,11,14,17,1,318,46,-0.9659258262890683,-0.25881904510252063,-0.5000000000000004,0.8660254037844384,0.7818314824680298,0.6234898018587336,3,1,0,28.0,26.33,24.67,18.33,12.33,10.0,29.44333333333333,4.033563354325036,34.0,26.33,26.111666666666668,4.630591394913561,34.0,20.67,20.889166666666664,6.36935055677992,34.0,13.67,15.958333333333334,6.733263739058066,34.0,9.0,20.7,20.0,19.0,57.0,57.0,59.0,2.0,2.0,2.0,1019.0,1021.0,1024.0,1230.0,120.0,41.0,0.0,0.6938633905430501,9.682187730968218,2.6651015173253336,12.3,19.5,0.020098019511745578,420.25,3600,4.0,1040400,576.0,96.0,6.0,9.329999999999998,-0.1999999999999993
112,269.2,29.0,44.7,58.0,184.0,58,0.0,1020,63,20.2,0.0,2.0,2023,11,14,18,1,318,46,-1.0,-1.8369701987210297e-16,-0.5000000000000004,0.8660254037844384,0.7818314824680298,0.6234898018587336,3,2,0,34.0,28.0,26.33,20.67,13.67,11.0,34.0,6.000000000001562,40.0,28.0,29.333333333333332,6.4530788517301785,40.0,23.0,23.083333333333332,7.986295458566228,40.0,15.0,17.166666666666668,8.238621490150855,40.0,9.0,20.5,20.4,19.4,60.0,57.0,58.0,2.0,2.0,2.0,1020.0,1020.0,1023.0,1272.6,126.0,40.4,0.0,0.6896432820123791,9.282438536602186,1.5413261611668563,12.725999999999999,19.2,0.019803902153037106,408.03999999999996,3969,4.0,1040400,624.9,104.14999999999999,6.0,13.670000000000002,-0.3000000000000007
129,315.7,35.0,28.0,67.0,182.0,37,0.0,1020,66,20.0,0.0,2.0,2023,11,14,19,1,318,46,-0.9659258262890684,0.2588190451025203,-0.5000000000000004,0.8660254037844384,0.7818314824680298,0.6234898018587336,3,2,0,40.0,34.0,28.0,23.0,15.0,12.0,40.0,6.0000000000013705,46.0,34.0,33.166666666666664,8.458263809236916,46.0,24.67,25.666666666666668,9.914819333918391,46.0,15.33,18.583333333333332,10.038236319483723,46.0,9.0,20.2,20.7,19.7,63.0,57.0,56.0,2.0,2.0,2.0,1020.0,1019.0,1021.0,1320.0,132.0,40.0,0.0,0.6865569170609394,9.019742293077341,0.7999771435101855,13.2,19.0,0.019607823913898124,400.0,4356,4.0,1040400,673.7,112.28333333333335,6.0,18.0,-0.1999999999999993
127,317.5,34.0,26.0,66.0,176.3,58,0.0,1020,69,19.9,0.0,1.66,2023,11,14,20,1,318,46,-0.8660254037844386,0.5000000000000001,-0.5000000000000004,0.8660254037844384,0.7818314824680298,0.6234898018587336,3,2,0,46.0,40.0,34.0,24.67,15.33,12.0,43.776666666666664,3.2878006833365574,46.0,40.0,36.61,8.512640013531644,46.0,26.33,28.166666666666668,10.813039546881482,46.0,15.67,19.972083333333334,11.312515569690865,46.0,9.0,20.0,20.5,20.0,66.0,60.0,57.0,2.0,2.0,2.0,1020.0,1020.0,1021.0,1373.1,114.53999999999999,33.034,0.0,0.6868077756397629,9.33796064821623,0.764683391664951,13.731,19.07,0.019509784794328633,396.00999999999993,4761,2.7556,1040400,665.13,110.855,-0.6700000000000017,11.329999999999998,-0.10000000000000142
125,319.2,33.0,24.0,65.0,170.7,79,0.0,1021,72,19.7,0.0,1.33,2023,11,14,21,1,318,46,-0.7071067811865477,0.7071067811865474,-0.5000000000000004,0.8660254037844384,0.7818314824680298,0.6234898018587336,3,2,0,45.33,46.0,40.0,26.33,15.67,12.0,45.333333333333336,0.6650062656454795,46.0,44.67,39.666666666666664,7.28767635578354,46.0,28.0,30.583333333333332,11.005164352441094,46.0,16.0,21.333333333333332,12.239174690372518,46.0,9.0,19.9,20.2,20.4,69.0,63.0,57.0,1.66,2.0,2.0,1020.0,1020.0,1020.0,1418.3999999999999,95.76,26.201,0.0,0.6872201966123598,9.672434168661557,0.7272506893730494,14.184,19.035,0.019294790112840243,388.09,5184,1.7689000000000001,1042441,656.5699999999999,109.42833333333333,-0.6599999999999966,4.670000000000002,-0.1999999999999993
123,321.0,32.0,22.0,64.0,165.0,100,0.0,1021,76,19.6,0.0,1.0,2023,11,14,22,1,318,46,-0.5000000000000004,0.8660254037844384,-0.5000000000000004,0.8660254037844384,0.7818314824680298,0.6234898018587336,3,3,0,44.67,45.33,46.0,28.0,16.0,12.0,44.666666666666664,0.6650062656456781,45.33,44.0,42.333333333333336,4.594586669837258,46.0,34.0,32.916666666666664,10.59266498644928,46.0,18.33,22.666666666666668,12.903218562644312,46.0,9.0,19.7,20.0,20.7,72.0,66.0,57.0,1.33,2.0,2.0,1021.0,1020.0,1019.0,1489.6000000000001,76.0,19.6,0.0,0.687489257980344,10.030936533233337,0.6874785162963658,14.896,19.1,0.01919684701582075,384.1600000000001,5776,1.0,1042441,648.0,108.0,-0.6700000000000017,-2.0,-0.09999999999999787
111,290.0,28.7,22.7,57.0,154.7,100,0.0,1020,75,19.6,0.0,1.0,2023,11,14,23,1,318,46,-0.25881904510252157,0.9659258262890681,-0.5000000000000004,0.8660254037844384,0.7818314824680298,0.6234898018587336,3,3,0,44.0,44.67,45.33,34.0,18.33,11.0,42.666666666666664,2.9089918070267604,44.67,39.33,43.221666666666664,2.8422485230264694,46.0,39.33,34.666666666666664,9.657122038195565,46.0,20.67,23.847083333333334,13.084100035229433,46.0,9.0,19.6,19.9,20.5,76.0,69.0,60.0,1.0,1.66,2.0,1021.0,1020.0,1020.0,1470.0,75.0,19.6,0.0,0.6899878949492114,10.10417755478903,0.7909132085990035,14.7,19.1,0.019215667435620164,384.1600000000001,5625,1.0,1040400,592.43,98.73833333333333,-4.670000000000002,-6.0,0.0
99,259.1,25.3,23.3,50.0,144.3,100,0.0,1020,74,19.6,0.0,1.0,2023,11,15,0,2,319,46,0.0,1.0,-0.5000000000000004,0.8660254037844384,0.9749279121818236,-0.22252093395631434,3,3,0,39.33,44.0,44.67,40.0,20.67,10.0,39.333333333333336,4.665000893177848,44.0,34.67,42.333333333333336,4.436415970876292,46.0,34.67,35.833333333333336,8.600317471236549,46.0,23.0,24.875,12.916941352853263,46.0,9.0,19.6,19.7,20.2,75.0,72.0,63.0,1.0,1.33,2.0,1020.0,1021.0,1020.0,1450.4,74.0,19.6,0.0,0.6933861322773546,10.240701948539584,0.9209122169084225,14.504000000000001,19.1,0.019215667435620164,384.1600000000001,5476,1.0,1040400,536.6700000000001,89.44500000000001,-4.659999999999997,-10.0,0.0
89,228.2,22.0,24.0,43.0,134.0,100,0.0,1020,73,19.6,0.0,1.0,2023,11,15,1,2,319,46,0.25881904510252074,0.9659258262890683,-0.5000000000000004,0.8660254037844384,0.9749279121818236,-0.22252093395631434,3,3,0,34.67,39.33,44.0,46.0,23.0,9.0,34.666666666666664,4.665000893178046,39.33,30.0,39.666666666666664,6.235526174000591,45.33,30.0,36.416666666666664,7.85591882634084,46.0,24.67,25.75,12.499329721159786,46.0,9.67,19.6,19.6,20.0,74.0,76.0,66.0,1.0,1.0,2.0,1020.0,1021.0,1020.0,1430.8000000000002,73.0,19.6,0.0,0.6976581939954886,10.372255806554247,1.0908595063860733,14.308000000000002,19.1,0.019215667435620164,384.1600000000001,5329,1.0,1040400,481.2,80.2,-4.670000000000002,-14.0,0.0
88,214.6,20.7,23.7,43.0,129.3,100,0.0,1020,74,19.5,0.0,1.16,2023,11,15,2,2,319,46,0.49999999999999994,0.8660254037844387,-0.5000000000000004,0.8660254037844384,0.9749279121818236,-0.22252093395631434,3,3,0,30.0,34.67,39.33,45.33,24.67,9.67,31.44666666666667,2.7963607301908064,34.67,29.67,37.056666666666665,6.654266801582776,44.67,29.67,36.833333333333336,7.288347279088845,46.0,26.33,26.583333333333332,12.038882537579264,46.0,10.33,19.6,19.6,19.9,73.0,75.0,69.0,1.0,1.0,1.66,1020.0,1020.0,1020.0,1443.0,85.83999999999999,22.619999999999997,0.0,0.6899839538615382,10.366648954156803,1.1448722283947634,14.43,18.92,0.01911762831605067,380.25,5476,1.3456,1040400,460.97,76.82833333333333,-0.3299999999999983,-9.659999999999997,-0.10000000000000142
87,201.0,19.3,23.3,43.0,124.7,100,0.0,1020,75,19.4,0.0,1.33,2023,11,15,3,2,319,46,0.7071067811865476,0.7071067811865476,-0.5000000000000004,0.8660254037844384,0.9749279121818236,-0.22252093395631434,3,3,0,29.67,30.0,34.67,44.67,26.33,10.33,29.666666666666668,0.335012437610853,30.0,29.33,34.5,6.064908902859152,44.0,29.33,37.083333333333336,6.938365452432639,46.0,28.0,27.375,11.53789521910147,46.0,11.0,19.5,19.6,19.7,74.0,74.0,72.0,1.16,1.0,1.33,1020.0,1020.0,1021.0,1455.0,99.75,25.802,0.0,0.6820771609962559,10.413968188176778,1.2071913372364125,14.55,18.735,0.01901958919648118,376.35999999999996,5625,1.7689000000000001,1040400,440.63,73.43833333333333,-0.3400000000000034,-5.340000000000003,-0.10000000000000142
87,187.3,18.0,23.0,43.0,120.0,100,0.0,1020,75,19.4,0.0,1.5,2023,11,15,4,2,319,46,0.8660254037844386,0.5000000000000001,-0.5000000000000004,0.8660254037844384,0.9749279121818236,-0.22252093395631434,3,3,0,29.33,29.67,30.0,44.0,28.0,11.0,29.333333333333332,0.3350124376110514,29.67,29.0,32.0,4.157297198899836,39.33,29.0,37.166666666666664,6.824421831432238,46.0,29.0,28.125,10.999663235952095,46.0,12.33,19.4,19.6,19.6,75.0,73.0,76.0,1.33,1.0,1.0,1020.0,1020.0,1021.0,1455.0,112.5,29.099999999999998,0.0,0.6744029208623056,10.404977501249931,1.2777067940669962,14.55,18.65,0.01901958919648118,376.35999999999996,5625,2.25,1040400,420.3,70.05,-0.3299999999999983,-1.0,0.0
90,200.4,18.3,21.3,45.0,118.3,100,0.0,1020,76,19.3,0.0,1.66,2023,11,15,5,2,319,46,0.9659258262890683,0.25881904510252074,-0.5000000000000004,0.8660254037844384,0.9749279121818236,-0.22252093395631434,3,3,0,29.0,29.33,29.67,39.33,34.0,12.33,29.666666666666668,0.8844395589038111,30.67,29.0,30.55666666666667,2.0955349356780513,34.67,29.0,36.88916666666667,7.029514994692148,46.0,29.0,28.889166666666664,10.47939963293104,46.0,13.67,19.4,19.5,19.6,75.0,74.0,75.0,1.5,1.16,1.0,1020.0,1020.0,1020.0,1466.8,126.16,32.038,0.0,0.6815404102131064,10.950221299382546,1.1638708267307796,14.668,18.470000000000002,0.01892155007691169,372.49,5776,2.7556,1040400,433.97,72.32833333333333,1.6700000000000017,1.0,-0.09999999999999787
94,213.4,18.7,19.7,47.0,116.7,100,0.0,1020,76,19.2,0.0,1.83,2023,11,15,6,2,319,46,1.0,6.123233995736766e-17,-0.5000000000000004,0.8660254037844384,0.9749279121818236,-0.22252093395631434,3,0,0,30.67,29.0,29.33,34.67,40.0,13.67,30.666666666666668,1.6650025025066972,32.33,29.0,30.166666666666668,1.205730760430056,32.33,29.0,36.25,7.069532580665204,46.0,29.0,29.666666666666668,9.981543692874485,46.0,15.0,19.3,19.4,19.6,76.0,75.0,74.0,1.66,1.33,1.0,1020.0,1020.0,1020.0,1459.2,139.08,35.136,0.0,0.6878577051552095,11.411154483717448,1.0534196032297738,14.592,18.285,0.018823510957342197,368.64,5776,3.3489000000000004,1040400,447.8299999999999,74.63833333333332,1.6599999999999966,3.0,-0.10000000000000142
98,226.4,19.0,18.0,49.0,115.0,100,0.0,1020,77,19.1,0.7,2.0,2023,11,15,7,2,319,46,0.9659258262890683,-0.25881904510252063,-0.5000000000000004,0.8660254037844384,0.9749279121818236,-0.22252093395631434,3,0,0,32.33,30.67,29.0,30.0,46.0,15.0,32.333333333333336,1.6650025025064992,34.0,30.67,30.833333333333332,1.9631063818976269,34.0,29.0,35.25,6.380091193420349,45.33,29.0,30.458333333333332,9.510047166100614,46.0,15.33,19.2,19.4,19.6,76.0,75.0,73.0,1.83,1.5,1.0,1020.0,1020.0,1020.0,1470.7,154.0,38.2,0.0,0.6938633905430501,11.915162359875795,0.9473185621809378,14.707,18.1,0.01872547183777271,364.81000000000006,5929,4.0,1040400,461.4,76.89999999999999,1.6700000000000017,5.0,-0.09999999999999787
100,224.7,19.7,22.7,50.7,126.7,100,0.0,1020,75,19.6,0.9,1.66,2023,11,15,8,2,319,46,0.8660254037844387,-0.4999999999999998,-0.5000000000000004,0.8660254037844384,0.9749279121818236,-0.22252093395631434,3,0,0,34.0,32.33,30.67,29.67,45.33,15.33,33.776666666666664,1.3489378537769467,35.0,32.33,31.721666666666664,2.4715130318586476,35.0,29.0,34.38916666666667,5.537679951244997,44.67,29.0,31.277916666666666,8.982548287200766,46.0,15.67,19.1,19.3,19.5,77.0,76.0,74.0,2.0,1.66,1.16,1020.0,1020.0,1020.0,1470.0,124.5,32.536,0.0,0.6903216899074969,11.405512410537535,1.1522257753413532,14.7,18.770000000000003,0.019215667435620164,384.1600000000001,5625,2.7556,1040400,479.49999999999994,79.91666666666666,1.0,4.329999999999998,0.5
102,222.9,20.3,27.3,52.3,138.3,100,0.0,1021,74,20.2,1.4,1.33,2023,11,15,9,2,319,46,0.7071067811865476,-0.7071067811865475,-0.5000000000000004,0.8660254037844384,0.9749279121818236,-0.22252093395631434,3,0,0,35.0,34.0,32.33,29.33,44.67,15.67,35.0,1.0000000000092832,36.0,34.0,32.833333333333336,2.6724944652229006,36.0,29.0,33.666666666666664,4.552322750447207,44.0,29.0,32.125,8.385421614455861,46.0,16.0,19.6,19.2,19.4,75.0,76.0,75.0,1.66,1.83,1.33,1020.0,1020.0,1020.0,1494.8,98.42,26.866,0.0,0.6883233590179921,10.979754691887099,1.3447613418058222,14.948,19.535,0.01978450559793771,408.03999999999996,5476,1.7689000000000001,1042441,497.1,82.85000000000001,1.0,3.6700000000000017,0.5999999999999979
104,221.2,21.0,32.0,54.0,150.0,100,0.0,1021,72,20.7,1.8,1.0,2023,11,15,10,2,319,46,0.49999999999999994,-0.8660254037844387,-0.5000000000000004,0.8660254037844384,0.9749279121818236,-0.22252093395631434,3,0,0,36.0,35.0,34.0,29.0,44.0,16.0,36.0,1.0000000000091003,37.0,35.0,34.166666666666664,2.3541934216726834,37.0,30.67,33.083333333333336,3.414009461916823,39.33,29.0,33.0,7.697054207829824,46.0,18.33,20.2,19.1,19.4,74.0,77.0,75.0,1.33,2.0,1.5,1021.0,1020.0,1020.0,1490.3999999999999,72.0,20.7,0.0,0.6851724968056148,10.532831769915717,1.523736964906433,14.903999999999998,20.2,0.020274221083035178,428.48999999999995,5184,1.0,1042441,515.2,85.86666666666667,1.0,3.0,0.5
112,211.8,21.0,39.3,58.3,159.3,100,0.0,1020,70,21.1,2.4,0.66,2023,11,15,11,2,319,46,0.258819045102521,-0.9659258262890682,-0.5000000000000004,0.8660254037844384,0.9749279121818236,-0.22252093395631434,3,0,0,37.0,36.0,35.0,30.67,39.33,18.33,37.556666666666665,1.8972699684944578,39.67,36.0,35.666666666666664,2.5405170077460255,39.67,32.33,33.11166666666667,3.4714912523508543,39.67,29.0,33.88916666666666,7.141221376881788,46.0,20.67,20.7,19.6,19.3,72.0,75.0,76.0,1.0,1.66,1.66,1021.0,1020.0,1020.0,1477.0,46.2,13.926000000000002,0.0,0.6804342978679612,10.085234036474453,1.8713394600257127,14.77,20.770000000000003,0.020686254229162523,445.21000000000004,4900,0.43560000000000004,1040400,529.3700000000001,88.22833333333335,2.6700000000000017,4.670000000000002,0.40000000000000213
119,202.5,21.0,46.7,62.7,168.7,100,0.0,1020,67,21.6,2.4,0.33,2023,11,15,12,2,319,46,1.2246467991473532e-16,-1.0,-0.5000000000000004,0.8660254037844384,0.9749279121818236,-0.22252093395631434,3,1,0,39.67,37.0,36.0,32.33,34.67,20.67,39.666666666666664,2.66500156347987,42.33,37.0,37.333333333333336,3.126375963739276,42.33,34.0,33.75,4.371637928947793,42.33,29.0,34.791666666666664,6.756269659372357,46.0,23.0,21.1,20.2,19.2,70.0,74.0,76.0,0.66,1.33,1.83,1020.0,1021.0,1020.0,1447.2,22.11,7.128000000000001,0.0,0.6751088499385974,9.642397981048521,2.2237036331603255,14.472000000000001,21.435000000000002,0.021176449827009974,466.56000000000006,4489,0.10890000000000001,1040400,543.93,90.65499999999999,2.6599999999999966,6.329999999999998,0.5
126,193.2,21.0,54.0,67.0,178.0,100,0.0,1019,65,22.0,2.5,1.2,2023,11,15,13,2,319,46,-0.2588190451025208,-0.9659258262890683,-0.5000000000000004,0.8660254037844384,0.9749279121818236,-0.22252093395631434,3,1,0,42.33,39.67,37.0,34.0,30.0,23.0,42.333333333333336,2.6650015634796844,45.0,39.67,39.166666666666664,3.908225513790952,45.0,35.0,35.0,5.256799925291221,45.0,29.0,35.708333333333336,6.576919899339636,46.0,24.67,21.6,20.7,19.1,67.0,72.0,77.0,0.33,1.0,2.0,1020.0,1021.0,1020.0,1430.0,78.0,26.4,0.0,0.6716317666900493,9.199561925622588,2.5713061282796055,14.3,21.4,0.021589772728387902,484.0,4225,1.44,1038361,558.2,93.03333333333335,2.6700000000000017,8.0,0.3999999999999986
133,187.3,21.0,60.0,70.7,180.3,100,0.0,1019,67,22.0,2.0,1.2,2023,11,15,14,2,319,46,-0.4999999999999997,-0.8660254037844388,-0.5000000000000004,0.8660254037844384,0.9749279121818236,-0.22252093395631434,3,1,0,45.0,42.33,39.67,35.0,29.67,24.67,45.0,2.670000000002783,47.67,42.33,41.278333333333336,4.573005211744939,47.67,36.0,36.5,6.098385777474636,47.67,29.0,36.666666666666664,6.5742585408797245,47.67,26.33,22.0,21.1,19.6,65.0,70.0,75.0,1.2,0.66,1.66,1019.0,1020.0,1020.0,1474.0,80.39999999999999,26.4,0.0,0.6742478889973267,8.918622922717965,2.8570068091995617,14.74,21.4,0.021589772728387902,484.0,4489,1.44,1038361,566.97,94.495,2.6700000000000017,8.0,0.0
140,181.5,21.0,66.0,74.3,182.7,100,0.0,1018,69,22.0,2.0,0.8,2023,11,15,15,2,319,46,-0.7071067811865471,-0.7071067811865479,-0.5000000000000004,0.8660254037844384,0.9749279121818236,-0.22252093395631434,3,1,0,47.67,45.0,42.33,36.0,29.33,26.33,47.666666666666664,2.6650015634793216,50.33,45.0,43.666666666666664,4.9881646591352755,50.33,37.0,38.25,6.823777945869919,50.33,29.0,37.666666666666664,6.756382275248113,50.33,28.0,22.0,21.6,20.2,67.0,67.0,74.0,1.2,0.33,1.33,1019.0,1020.0,1021.0,1518.0,55.2,17.6,0.0,0.677379846839208,8.642445597828674,3.142707490119518,15.18,21.6,0.02161098073577531,484.0,4761,0.6400000000000001,1036324,575.8299999999999,95.97166666666665,2.6599999999999966,8.0,0.0
148,175.7,21.0,72.0,78.0,185.0,100,0.0,1018,71,22.0,1.6,0.8,2023,11,15,16,2,319,46,-0.8660254037844385,-0.5000000000000004,-0.5000000000000004,0.8660254037844384,0.9749279121818236,-0.22252093395631434,3,1,0,50.33,47.67,45.0,37.0,29.0,28.0,50.333333333333336,2.6650015634791444,53.0,47.67,46.333333333333336,4.98816465913525,53.0,39.67,40.25,7.36208591982623,53.0,30.67,38.708333333333336,7.118698993659635,53.0,29.0,22.0,22.0,20.7,69.0,65.0,72.0,0.8,1.2,1.0,1018.0,1019.0,1021.0,1562.0,56.800000000000004,17.6,0.0,0.6794784682247663,8.366268272939383,3.4284081710394743,15.62,21.6,0.02161098073577531,484.0,5041,0.6400000000000001,1036324,584.7,97.45,2.6700000000000017,8.0,0.0
156,219.6,26.0,60.7,88.0,187.0,91,0.0,1018,74,21.7,1.7,0.8,2023,11,15,17,2,319,46,-0.9659258262890683,-0.25881904510252063,-0.5000000000000004,0.8660254037844384,0.9749279121818236,-0.22252093395631434,3,1,0,53.0,50.33,47.67,39.67,30.67,34.0,54.44333333333333,4.9939596847937056,60.0,50.33,49.721666666666664,6.29129371962918,60.0,42.33,42.69416666666666,8.64871031723857,60.0,32.33,39.791666666666664,8.25818469718169,60.0,29.0,22.0,22.0,21.1,71.0,67.0,70.0,0.8,1.2,0.66,1018.0,1019.0,1020.0,1605.8,59.2,17.36,0.0,0.6818104339723412,8.44582900657667,2.3345255951694166,16.058,21.3,0.021316285543923827,470.89,5476,0.6400000000000001,1036324,641.3,106.88333333333333,7.0,12.329999999999998,-0.3000000000000007
165,263.6,31.0,49.3,98.0,189.0,83,0.0,1019,76,21.5,0.0,1.6,2023,11,15,18,2,319,46,-1.0,-1.8369701987210297e-16,-0.5000000000000004,0.8660254037844384,0.9749279121818236,-0.22252093395631434,3,2,0,60.0,53.0,50.33,42.33,32.33,40.0,60.0,7.000000000000687,67.0,53.0,53.833333333333336,8.250710676459645,67.0,45.0,45.583333333333336,10.470704876275205,67.0,34.0,40.916666666666664,9.952976686778124,67.0,29.0,21.7,22.0,21.6,74.0,69.0,67.0,0.8,0.8,0.33,1018.0,1018.0,1020.0,1634.0,121.60000000000001,34.4,0.0,0.6836664931990489,8.502951517692978,1.590271281571562,16.34,20.7,0.021099096075469996,462.25,5776,2.5600000000000005,1038361,697.9000000000001,116.31666666666668,7.0,16.67,-0.1999999999999993
175,307.6,36.0,38.0,108.0,191.0,75,0.0,1019,79,21.2,0.0,1.6,2023,11,15,19,2,319,46,-0.9659258262890684,0.2588190451025203,-0.5000000000000004,0.8660254037844384,0.9749279121818236,-0.22252093395631434,3,2,0,67.0,60.0,53.0,45.0,34.0,46.0,67.0,7.000000000000516,74.0,60.0,58.666666666666664,10.284659773985952,74.0,47.67,48.916666666666664,12.598673330829772,74.0,35.0,42.083333333333336,12.004383498889844,74.0,29.0,21.5,22.0,22.0,76.0,71.0,65.0,1.6,0.8,1.2,1019.0,1018.0,1019.0,1674.8,126.4,33.92,0.0,0.6851788409366579,8.544207105358186,1.0555262353823505,16.748,20.4,0.02080469008371925,449.44,6241,2.5600000000000005,1038361,754.6,125.76666666666667,7.0,21.0,-0.3000000000000007
174,297.4,32.7,39.0,107.3,173.3,83,0.0,1020,81,21.1,0.0,0.33,2023,11,15,20,2,319,46,-0.8660254037844386,0.5000000000000001,-0.5000000000000004,0.8660254037844384,0.9749279121818236,-0.22252093395631434,3,2,0,74.0,67.0,60.0,47.67,35.0,45.33,71.55666666666667,3.9496371141332713,74.0,67.0,63.0,10.201742988331835,74.0,50.33,52.13916666666666,13.619611834231623,74.0,36.0,43.26416666666666,13.622443092085753,74.0,29.0,21.2,21.7,22.0,79.0,74.0,67.0,1.6,0.8,1.2,1019.0,1018.0,1019.0,1709.1000000000001,26.73,6.963000000000001,0.0,0.6865732844987465,9.094523103269012,1.1926240787743494,17.091,20.935000000000002,0.020686254229162523,445.21000000000004,6561,0.10890000000000001,1040400,723.3699999999999,120.56166666666665,-0.3299999999999983,13.670000000000002,-0.09999999999999787
174,287.3,29.3,40.0,106.7,155.7,91,0.0,1020,83,21.1,0.0,0.66,2023,11,15,21,2,319,46,-0.7071067811865477,0.7071067811865474,-0.5000000000000004,0.8660254037844384,0.9749279121818236,-0.22252093395631434,3,2,0,73.67,74.0,67.0,50.33,36.0,44.67,73.66666666666667,0.33501243758738464,74.0,73.33,66.83333333333333,8.69932334533233,74.0,53.0,55.25,13.859304062286048,74.0,37.0,44.458333333333336,14.943204262245839,74.0,29.0,21.1,21.5,22.0,81.0,76.0,69.0,0.33,1.6,0.8,1020.0,1019.0,1018.0,1751.3000000000002,54.78,13.926000000000002,0.0,0.6872475421973552,9.805126104911094,1.3651411214634313,17.513,20.770000000000003,0.020686254229162523,445.21000000000004,6889,0.43560000000000004,1040400,692.3299999999999,115.38833333333332,-0.3400000000000034,6.329999999999998,0.0
173,277.2,26.0,41.0,106.0,138.0,100,0.0,1021,85,21.0,0.0,1.0,2023,11,15,22,2,319,46,-0.5000000000000004,0.8660254037844384,-0.5000000000000004,0.8660254037844384,0.9749279121818236,-0.22252093395631434,3,3,0,73.33,73.67,74.0,53.0,37.0,44.0,73.33333333333333,0.33501243758755433,73.67,73.0,70.16666666666667,5.628341377941084,74.0,60.0,58.25,13.43970846545237,74.0,39.67,45.666666666666664,16.036995453900335,74.0,29.0,21.1,21.2,22.0,83.0,79.0,71.0,0.66,1.6,0.8,1020.0,1019.0,1018.0,1785.0,85.0,21.0,0.0,0.6886727483702983,10.661128418137762,1.5768624283681396,17.85,20.5,0.02056805037409366,441.0,7225,1.0,1042441,661.2,110.2,-0.3299999999999983,-1.0,-0.10000000000000142
160,239.7,22.3,41.3,91.7,126.3,100,0.0,1021,85,21.1,0.0,1.33,2023,11,15,23,2,319,46,-0.25881904510252157,0.9659258262890681,-0.5000000000000004,0.8660254037844384,0.9749279121818236,-0.22252093395631434,3,3,0,73.0,73.33,73.67,60.0,39.67,39.33,69.66666666666667,6.061537208772995,73.33,62.67,70.61166666666666,4.691308630504253,74.0,62.67,60.166666666666664,12.124805777887865,74.0,42.33,46.639166666666675,16.34082907711695,74.0,29.0,21.0,21.1,21.7,85.0,81.0,74.0,1.0,0.33,0.8,1021.0,1020.0,1018.0,1793.5000000000002,113.05000000000001,28.063000000000002,0.0,0.6834167566329702,10.748396932872964,1.851934890812071,17.935000000000002,20.435000000000002,0.020665993471113156,445.21000000000004,7225,1.7689000000000001,1042441,583.97,97.32833333333333,-10.329999999999998,-11.0,0.10000000000000142
146,202.1,18.7,41.7,77.3,114.7,100,0.0,1021,85,21.1,0.0,1.66,2023,11,16,0,3,320,46,0.0,1.0,-0.5000000000000004,0.8660254037844384,0.43388373911755823,-0.900968867902419,3,3,0,62.67,73.0,73.33,67.0,42.33,34.67,62.666666666666664,10.335000403161173,73.0,52.33,68.16666666666667,8.892119357422278,74.0,52.33,61.0,11.086656189064986,74.0,45.0,47.375,16.17519813735286,74.0,29.0,21.1,21.1,21.5,85.0,83.0,76.0,1.33,0.66,1.6,1021.0,1020.0,1019.0,1793.5000000000002,141.1,35.026,0.0,0.6769640754970828,10.806908721458745,2.2298272819635314,17.935000000000002,20.270000000000003,0.020665993471113156,445.21000000000004,7225,2.7556,1042441,506.83,84.47166666666666,-10.340000000000003,-21.0,0.0
118,164.6,15.0,42.0,63.0,103.0,100,0.0,1021,85,21.2,0.0,2.0,2023,11,16,1,3,320,46,0.25881904510252074,0.9659258262890683,-0.5000000000000004,0.8660254037844384,0.43388373911755823,-0.900968867902419,3,3,0,52.33,62.67,73.0,74.0,45.0,30.0,52.333333333333336,10.335000403161317,62.67,42.0,62.833333333333336,13.231393980478572,73.67,42.0,60.75,11.506138282751765,74.0,42.0,47.875,15.79577791689966,74.0,29.0,21.1,21.0,21.2,85.0,85.0,79.0,1.66,1.0,1.6,1021.0,1021.0,1019.0,1802.0,170.0,42.4,0.0,0.6666560848240505,10.972601826544897,2.7998133457769483,18.02,20.2,0.020763936568132645,449.44,7225,4.0,1042441,429.6,71.60000000000001,-10.329999999999998,-31.0,0.09999999999999787
146,164.2,14.3,28.7,66.3,70.0,100,0.5,1022,87,20.4,0.0,2.33,2023,11,16,2,3,320,46,0.49999999999999994,0.8660254037844387,-0.5000000000000004,0.8660254037844384,0.43388373911755823,-0.900968867902419,3,3,0,42.0,52.33,62.67,73.67,47.67,29.67,48.88666666666666,5.964028280729856,52.33,42.0,59.276666666666664,12.588378238146683,73.33,42.0,61.13833333333334,11.095878705285656,74.0,42.0,48.81916666666666,15.330676809889729,74.0,29.0,21.2,21.1,21.1,85.0,85.0,81.0,2.0,1.33,0.33,1021.0,1021.0,1020.0,1774.8,202.71,47.532,50.0,0.7892791963922112,11.481714565415006,2.006852667645619,17.748,19.235,0.019960841525595376,416.15999999999997,7569,5.4289000000000005,1044484,395.83,65.97166666666666,10.329999999999998,-10.340000000000003,-0.8000000000000007
160,163.8,13.7,15.3,69.7,37.0,100,0.5,1022,89,19.5,0.0,2.66,2023,11,16,3,3,320,46,0.7071067811865476,0.7071067811865476,-0.5000000000000004,0.8660254037844384,0.43388373911755823,-0.900968867902419,3,3,0,52.33,42.0,52.33,73.33,50.33,29.33,52.333333333333336,10.335000403161313,62.67,42.0,57.5,10.8389630500329,73.0,42.0,62.166666666666664,10.562110957511049,74.0,42.0,50.208333333333336,14.994760147600688,74.0,29.0,20.4,21.1,21.1,87.0,85.0,83.0,2.33,1.66,0.66,1022.0,1021.0,1020.0,1735.5,236.74,51.870000000000005,50.0,0.8991262679158117,11.955331727611124,1.1167068097219182,17.355,18.17,0.01908021616417205,380.25,7921,7.0756000000000006,1044484,362.17,60.36166666666667,10.340000000000003,10.340000000000003,-0.8999999999999986
173,163.4,13.0,2.0,73.0,4.0,100,0.5,1023,92,18.7,0.0,3.0,2023,11,16,4,3,320,46,0.8660254037844386,0.5000000000000001,-0.5000000000000004,0.8660254037844384,0.43388373911755823,-0.900968867902419,3,3,0,62.67,52.33,42.0,73.0,53.0,29.0,62.666666666666664,10.335000403161157,73.0,52.33,57.5,10.8389630500329,73.0,42.0,63.833333333333336,10.56211095751102,74.0,42.0,52.041666666666664,14.978804058218708,74.0,30.67,19.5,21.2,21.0,89.0,85.0,85.0,2.66,2.0,1.0,1022.0,1021.0,1021.0,1720.3999999999999,276.0,56.099999999999994,50.0,0.9999863015575129,12.56826397969387,0.15383432043688947,17.203999999999997,17.2,0.018279552023898315,349.69,8464,9.0,1046529,328.4,54.73333333333333,10.329999999999998,31.0,-0.8000000000000007
173,1253.9,13.0,11.0,72.3,12.7,100,0.5,1024,81,18.8,0.0,3.33,2023,11,16,5,3,320,46,0.9659258262890683,0.25881904510252074,-0.5000000000000004,0.8660254037844384,0.43388373911755823,-0.900968867902419,3,3,0,73.0,62.67,52.33,62.67,60.0,30.67,69.33333333333333,5.780331593718412,73.0,62.67,59.10999999999999,12.369826191179015,73.0,42.0,64.86083333333333,10.75330770112795,74.0,42.0,53.777499999999996,14.807369860104467,74.0,32.33,18.7,20.4,21.1,92.0,87.0,85.0,3.0,2.33,1.33,1023.0,1022.0,1021.0,1522.8,269.73,62.604000000000006,50.0,1.0004011009529605,96.44642719790787,0.8460887624028921,15.228,17.135,0.01835935707094036,353.44000000000005,6561,11.0889,1048576,1435.23,239.205,-0.6700000000000017,20.0,0.10000000000000142
171,3435.0,13.0,20.0,71.0,30.0,100,0.5,1025,71,18.9,0.0,3.66,2023,11,16,6,3,320,46,1.0,6.123233995736766e-17,-0.5000000000000004,0.8660254037844384,0.43388373911755823,-0.900968867902419,3,0,0,72.33,73.0,62.67,52.33,67.0,32.33,72.11,1.01798821211502,73.0,71.0,62.22166666666667,12.667848146652398,73.0,42.0,65.19416666666667,10.886813924387083,74.0,42.0,55.388749999999995,14.47223858544112,74.0,34.0,18.8,19.5,21.1,81.0,89.0,85.0,3.33,2.66,1.66,1024.0,1022.0,1021.0,1341.8999999999999,259.86,69.17399999999999,50.0,0.9999859156913282,264.2104453503577,1.5383432043688947,13.418999999999999,17.07,0.018439006400969363,357.2099999999999,5041,13.395600000000002,1050625,3640.0,606.6666666666666,-1.3299999999999983,8.329999999999998,0.09999999999999787
171,3435.0,13.0,29.0,71.0,30.0,100,0.5,1026,63,19.0,0.7,4.0,2023,11,16,7,3,320,46,0.9659258262890683,-0.25881904510252063,-0.5000000000000004,0.8660254037844384,0.43388373911755823,-0.900968867902419,3,0,0,71.0,72.33,73.0,42.0,74.0,34.0,71.44333333333333,0.7678758580256615,72.33,71.0,67.055,8.128327626269586,73.0,52.33,64.94416666666667,10.699043677172588,73.67,42.0,56.930416666666666,14.059565358848348,74.0,35.0,18.9,18.7,21.2,71.0,92.0,85.0,3.66,3.0,2.0,1025.0,1023.0,1021.0,1197.0,252.0,76.0,50.0,0.9999859156913282,264.2104453503577,2.2305976463348975,11.97,17.0,0.01851850046929779,361.0,3969,16.0,1052676,3649.0,608.1666666666666,0.0,-2.0,0.10000000000000142
171,3435.0,13.0,28.7,71.0,30.0,100,0.0,1027,59,19.5,0.9,3.83,2023,11,16,8,3,320,46,0.8660254037844387,-0.4999999999999998,-0.5000000000000004,0.8660254037844384,0.43388373911755823,-0.900968867902419,3,0,0,71.0,71.0,72.33,52.33,73.67,35.0,71.0,0.0,71.0,71.0,70.16666666666667,3.768053432031408,73.0,62.67,64.72166666666668,10.527469551202767,73.33,42.0,58.430416666666666,13.528475115447943,74.0,36.0,19.0,18.8,20.4,63.0,81.0,87.0,4.0,3.33,2.33,1026.0,1024.0,1022.0,1150.5,225.97,74.685,0.0,0.9999859156913282,264.2104453503577,2.207522498269364,11.505,17.585,0.018987323284008487,380.25,3481,14.6689,1054729,3648.7,608.1166666666667,0.0,-1.3299999999999983,0.5
171,3435.0,13.0,28.3,71.0,30.0,100,0.0,1027,55,20.0,1.3,3.66,2023,11,16,9,3,320,46,0.7071067811865476,-0.7071067811865475,-0.5000000000000004,0.8660254037844384,0.43388373911755823,-0.900968867902419,3,0,0,71.0,71.0,71.0,62.67,73.33,36.0,71.0,0.0,71.0,71.0,71.555,0.885522444648841,73.0,71.0,64.5275,10.374643148298247,73.0,42.0,59.888749999999995,12.876133740712508,74.0,37.0,19.5,18.9,19.5,59.0,71.0,89.0,3.83,3.66,2.66,1027.0,1025.0,1022.0,1100.0,201.3,73.2,0.0,0.9999859156913282,264.2104453503577,2.176755634181986,11.0,18.17,0.01947417772718819,400.0,3025,13.395600000000002,1054729,3648.3,608.0500000000001,0.0,0.0,0.5
171,3435.0,13.0,28.0,71.0,30.0,100,0.0,1028,51,20.5,1.8,3.5,2023,11,16,10,3,320,46,0.49999999999999994,-0.8660254037844387,-0.5000000000000004,0.8660254037844384,0.43388373911755823,-0.900968867902419,3,0,0,71.0,71.0,71.0,73.0,73.0,37.0,71.0,0.0,71.0,71.0,71.22166666666668,0.5429702262956663,72.33,71.0,64.36083333333333,10.241369278419564,73.0,42.0,61.305416666666666,12.095056834048384,74.0,39.67,20.0,19.0,18.7,55.0,63.0,92.0,3.66,4.0,3.0,1027.0,1026.0,1023.0,1045.5,178.5,71.75,0.0,0.9999859156913282,264.2104453503577,2.1536804861164525,10.455,18.75,0.019941614842787118,420.25,2601,12.25,1056784,3648.0,608.0,0.0,0.0,0.5
152,2290.0,6.0,18.0,57.0,50.3,100,0.0,1027,48,20.9,2.1,3.33,2023,11,16,11,3,320,46,0.258819045102521,-0.9659258262890682,-0.5000000000000004,0.8660254037844384,0.43388373911755823,-0.900968867902419,3,0,0,71.0,71.0,71.0,72.33,62.67,39.67,66.33333333333333,8.08290376865518,71.0,57.0,68.66666666666667,5.715476066492093,71.0,57.0,63.88833333333334,10.455037788143173,73.0,42.0,62.027499999999996,11.233898332242047,74.0,42.0,20.5,19.5,18.8,51.0,59.0,81.0,3.5,3.83,3.33,1028.0,1027.0,1024.0,1003.1999999999999,159.84,69.597,0.0,0.9999824564481326,381.6030661556407,2.9995000833194467,10.032,19.235,0.020350515724911658,436.80999999999995,2304,11.0889,1054729,2478.3,413.05,-14.0,-14.0,0.3999999999999986
162,3435.0,7.7,22.7,64.3,70.7,100,0.0,1027,46,21.3,2.3,3.16,2023,11,16,12,3,320,46,1.2246467991473532e-16,-1.0,-0.5000000000000004,0.8660254037844384,0.43388373911755823,-0.900968867902419,3,1,0,57.0,71.0,71.0,71.0,52.33,42.33,64.11,7.002592377113451,71.0,57.0,67.55499999999999,5.818603784412325,71.0,57.0,64.88833333333334,9.802531985835062,73.0,42.0,62.94416666666667,10.425208127072294,74.0,42.0,20.9,20.0,18.9,48.0,55.0,71.0,3.33,3.66,3.66,1027.0,1027.0,1025.0,979.8000000000001,145.36,67.308,0.0,1.0004510038724126,446.04596805609657,2.947669133878717,9.798,19.72,0.020739999279455426,453.69000000000005,2116,9.985600000000002,1054729,3664.7299999999996,610.7883333333333,7.329999999999998,-6.670000000000002,0.40000000000000213
157,3435.0,5.0,20.0,61.0,91.0,100,0.0,1026,43,21.7,2.2,3.0,2023,11,16,13,3,320,46,-0.2588190451025208,-0.9659258262890683,-0.5000000000000004,0.8660254037844384,0.43388373911755823,-0.900968867902419,3,1,0,64.33,57.0,71.0,71.0,42.0,45.0,60.776666666666664,3.6700999078147345,64.33,57.0,65.88833333333334,6.0615853261869,71.0,57.0,66.47166666666666,6.863248413678781,73.0,52.33,63.61083333333334,9.715237210587905,74.0,42.0,21.3,20.5,19.0,46.0,51.0,63.0,3.16,3.5,4.0,1027.0,1028.0,1026.0,933.1,129.0,65.1,0.0,0.9999836068261176,686.8626274745051,3.999200159968006,9.331,20.2,0.021150076851776948,470.89,1849,9.0,1052676,3673.0,612.1666666666666,-3.3299999999999983,-10.0,0.3999999999999986
157,2290.0,6.0,29.0,61.0,63.0,95,0.0,1025,43,22.0,1.6,2.66,2023,11,16,14,3,320,46,-0.4999999999999997,-0.8660254037844388,-0.5000000000000004,0.8660254037844384,0.43388373911755823,-0.900968867902419,3,1,0,61.0,64.33,57.0,71.0,52.33,47.67,62.10999999999999,1.9225763964035345,64.33,61.0,64.22166666666668,5.741325340602514,71.0,57.0,67.19416666666666,5.574571256783334,73.0,57.0,64.16625,9.127542558224254,74.0,42.0,21.7,20.9,19.5,43.0,48.0,59.0,3.0,3.33,3.83,1026.0,1027.0,1027.0,946.0,114.38000000000001,58.52,0.0,0.9999836068261176,381.6030661556407,4.832527912014664,9.46,20.67,0.021463393694250054,484.0,1849,7.0756000000000006,1050625,2510.0,418.3333333333333,0.0,4.0,0.3000000000000007
159,2290.0,7.0,27.0,62.0,35.0,91,0.0,1025,42,22.2,1.0,2.33,2023,11,16,15,3,320,46,-0.7071067811865471,-0.7071067811865479,-0.5000000000000004,0.8660254037844384,0.43388373911755823,-0.900968867902419,3,1,0,61.0,61.0,64.33,71.0,62.67,50.33,61.333333333333336,0.5773502691967574,62.0,61.0,62.72166666666667,4.696894364007431,71.0,57.0,67.13833333333334,5.627111051673321,73.0,57.0,64.6525,8.657123354938982,74.0,42.0,22.0,21.3,20.0,43.0,46.0,55.0,2.66,3.16,3.66,1025.0,1027.0,1027.0,932.4,97.86,51.726,0.0,0.9999838712278835,327.09612912441077,3.856591915440651,9.324,21.035,0.021658515455106872,492.84,1764,5.4289000000000005,1050625,2483.0,413.8333333333333,1.0,-2.3299999999999983,0.1999999999999993
175,2290.0,16.0,12.0,74.0,7.0,87,0.0,1025,42,22.5,0.7,2.0,2023,11,16,16,3,320,46,-0.8660254037844385,-0.5000000000000004,-0.5000000000000004,0.8660254037844384,0.43388373911755823,-0.900968867902419,3,1,0,62.0,61.0,61.0,71.0,73.0,53.0,65.66666666666667,7.23417813807071,74.0,61.0,63.22166666666667,5.787470662270756,74.0,57.0,67.22166666666666,5.728304260158927,74.0,57.0,65.5275,8.487773943841857,74.0,42.0,22.2,21.7,20.5,42.0,43.0,51.0,2.33,3.0,3.5,1025.0,1026.0,1028.0,945.0,84.0,45.0,0.0,0.999986486669099,143.1160552465471,0.7499531279295043,9.45,21.5,0.0219511980963921,506.25,1764,4.0,1050625,2473.0,412.1666666666667,12.0,13.0,0.3000000000000007
216,3435.0,14.0,13.0,105.0,8.0,91,0.0,1026,44,22.2,0.6,2.33,2023,11,16,17,3,320,46,-0.9659258262890683,-0.25881904510252063,-0.5000000000000004,0.8660254037844384,0.43388373911755823,-0.900968867902419,3,1,0,74.0,62.0,61.0,57.0,72.33,60.0,80.33333333333333,22.18858565419021,105.0,62.0,71.22166666666668,17.263800759584885,105.0,61.0,69.94416666666666,12.332925228710096,105.0,57.0,67.4025,11.60982164788394,105.0,42.0,22.5,22.0,20.9,42.0,43.0,48.0,2.0,2.66,3.33,1025.0,1025.0,1027.0,976.8,102.52000000000001,51.726,0.0,0.9999904762811782,245.33961859867154,0.9285051067780873,9.767999999999999,21.035,0.02163740581149531,492.84,1936,5.4289000000000005,1052676,3680.0,613.3333333333334,31.0,44.0,-0.3000000000000007
202,3053.3,14.7,12.7,94.7,7.7,95,0.0,1027,46,21.8,0.0,2.66,2023,11,16,18,3,320,46,-1.0,-1.8369701987210297e-16,-0.5000000000000004,0.8660254037844384,0.43388373911755823,-0.900968867902419,3,2,0,105.0,74.0,62.0,64.33,71.0,67.0,91.22333333333334,15.78479120334925,105.0,74.0,76.27833333333332,19.178655236137985,105.0,61.0,71.91666666666667,14.259524621256698,105.0,57.0,68.55541666666666,12.873255721158564,105.0,42.0,22.2,22.2,21.3,44.0,42.0,46.0,2.33,2.33,3.16,1026.0,1025.0,1027.0,1002.8000000000001,122.36000000000001,57.98800000000001,0.0,0.9996726539318486,207.6933541935923,0.8638868104210599,10.028,20.47,0.02122685372263513,475.24,2116,7.0756000000000006,1054729,3277.7699999999995,546.295,-10.329999999999998,32.67,-0.3999999999999986
216,3435.0,14.0,13.0,105.0,8.0,100,0.0,1027,48,21.5,0.0,3.0,2023,11,16,19,3,320,46,-0.9659258262890684,0.2588190451025203,-0.5000000000000004,0.8660254037844384,0.43388373911755823,-0.900968867902419,3,2,0,94.67,105.0,74.0,61.0,71.0,74.0,101.55666666666667,5.96402828072843,105.0,94.67,83.61166666666666,20.53262809936034,105.0,61.0,74.75,17.146448876980088,105.0,57.0,69.84708333333333,14.8471910618662,105.0,42.0,21.8,22.5,21.7,46.0,42.0,43.0,2.66,2.0,3.0,1027.0,1025.0,1026.0,1032.0,144.0,64.5,0.0,0.9999904762811782,245.33961859867154,0.9285051067780873,10.32,20.0,0.020934741056727307,462.25,2304,9.0,1054729,3680.0,613.3333333333334,10.329999999999998,31.0,-0.3000000000000007
216,3435.0,14.0,13.0,105.0,8.0,87,0.0,1028,47,21.1,0.0,2.0,2023,11,16,20,3,320,46,-0.8660254037844386,0.5000000000000001,-0.5000000000000004,0.8660254037844384,0.43388373911755823,-0.900968867902419,3,2,0,105.0,94.67,105.0,61.0,71.0,73.67,101.55666666666667,5.96402828072843,105.0,94.67,90.945,18.608872883653483,105.0,62.0,77.58333333333333,19.16121666915767,105.0,57.0,71.15249999999999,16.484924667840364,105.0,42.0,21.5,22.2,22.0,48.0,44.0,43.0,3.0,2.33,2.66,1027.0,1026.0,1025.0,991.7,94.0,42.2,0.0,0.9999904762811782,245.33961859867154,0.9285051067780873,9.917,20.1,0.020525271862576012,445.21000000000004,2209,4.0,1056784,3680.0,613.3333333333334,0.0,0.0,-0.3999999999999986
216,3435.0,14.0,13.0,105.0,8.0,75,0.0,1028,46,20.6,0.0,1.0,2023,11,16,21,3,320,46,-0.7071067811865477,0.7071067811865474,-0.5000000000000004,0.8660254037844384,0.43388373911755823,-0.900968867902419,3,2,0,105.0,105.0,94.67,62.0,71.0,73.33,105.0,0.0,105.0,105.0,98.11166666666666,12.514104708952981,105.0,74.0,80.41666666666667,20.561823554314646,105.0,57.0,72.47208333333333,17.87569833945552,105.0,42.0,21.1,21.8,22.2,47.0,46.0,42.0,2.0,2.66,2.33,1028.0,1027.0,1025.0,947.6,46.0,20.6,0.0,0.9999904762811782,245.33961859867154,0.9285051067780873,9.476,20.1,0.020038891012751935,424.36000000000007,2116,1.0,1056784,3680.0,613.3333333333334,0.0,10.329999999999998,-0.5
216,3435.0,14.0,13.0,105.0,8.0,62,0.0,1029,45,20.2,0.0,2.4,2023,11,16,22,3,320,46,-0.5000000000000004,0.8660254037844384,-0.5000000000000004,0.8660254037844384,0.43388373911755823,-0.900968867902419,3,3,0,105.0,105.0,105.0,74.0,71.0,73.0,105.0,0.0,105.0,105.0,103.27833333333332,4.21720484048833,105.0,94.67,83.25,21.468809934413684,105.0,57.0,73.80541666666666,19.070297409771207,105.0,42.0,20.6,21.5,22.5,46.0,48.0,42.0,1.0,3.0,2.0,1028.0,1027.0,1025.0,909.0,108.0,48.48,0.0,0.9999904762811782,245.33961859867154,0.9285051067780873,9.09,19.0,0.019630690349183334,408.03999999999996,2025,5.76,1058841,3680.0,613.3333333333334,0.0,0.0,-0.40000000000000213
216,3435.0,14.0,13.0,105.0,8.0,61,0.0,1028,47,19.6,0.0,2.4,2023,11,16,23,3,320,46,-0.25881904510252157,0.9659258262890681,-0.5000000000000004,0.8660254037844384,0.43388373911755823,-0.900968867902419,3,3,0,105.0,105.0,105.0,105.0,57.0,62.67,105.0,0.0,105.0,105.0,103.27833333333332,4.21720484048833,105.0,94.67,87.25,20.586862094769796,105.0,61.0,75.56916666666666,19.93358383464397,105.0,42.0,20.2,21.1,22.2,45.0,47.0,44.0,2.4,2.0,2.33,1029.0,1028.0,1026.0,921.2,112.8,47.04,0.0,0.9999904762811782,245.33961859867154,0.9285051067780873,9.212,18.400000000000002,0.019066129313103784,384.1600000000001,2209,5.76,1056784,3680.0,613.3333333333334,0.0,0.0,-0.5999999999999979
216,3435.0,14.0,13.0,105.0,8.0,60,0.0,1028,50,19.1,0.0,2.4,2023,11,17,0,4,321,46,0.0,1.0,-0.5000000000000004,0.8660254037844384,-0.433883739117558,-0.9009688679024191,3,3,0,105.0,105.0,105.0,94.67,64.33,52.33,105.0,0.0,105.0,105.0,105.0,0.0,105.0,105.0,90.63916666666667,19.80336631545808,105.0,61.0,77.76375,20.161872068984902,105.0,42.0,19.6,20.6,21.8,47.0,46.0,46.0,2.4,1.0,2.66,1028.0,1028.0,1027.0,955.0000000000001,120.0,45.84,0.0,0.9999904762811782,245.33961859867154,0.9285051067780873,9.55,17.900000000000002,0.018579748463279706,364.81000000000006,2500,5.76,1056784,3680.0,613.3333333333334,0.0,0.0,-0.5
216,3435.0,14.0,13.0,105.0,8.0,59,0.0,1028,52,18.5,0.0,2.4,2023,11,17,1,4,321,46,0.25881904510252074,0.9659258262890683,-0.5000000000000004,0.8660254037844384,-0.433883739117558,-0.9009688679024191,3,3,0,105.0,105.0,105.0,105.0,61.0,42.0,105.0,0.0,105.0,105.0,105.0,0.0,105.0,105.0,94.30583333333334,17.78744831121706,105.0,61.0,80.38875,19.389505748012287,105.0,52.33,19.1,20.2,21.5,50.0,45.0,48.0,2.4,2.4,3.0,1028.0,1029.0,1027.0,962.0,124.8,44.4,0.0,0.9999904762811782,245.33961859867154,0.9285051067780873,9.62,17.3,0.017996091443490816,342.25,2704,5.76,1056784,3680.0,613.3333333333334,0.0,0.0,-0.6000000000000014
205,2332.8,13.0,3.0,97.0,5.0,58,0.0,1027,59,17.8,0.0,2.0,2023,11,17,2,4,321,46,0.49999999999999994,0.8660254037844387,-0.5000000000000004,0.8660254037844384,-0.433883739117558,-0.9009688679024191,3,3,0,105.0,105.0,105.0,105.0,61.0,52.33,102.33333333333333,4.618802153516451,105.0,97.0,103.66666666666667,3.2659863237065316,105.0,97.0,97.30583333333334,14.366332142979271,105.0,62.0,82.25,18.711093663572548,105.0,57.0,18.5,19.6,21.1,52.0,47.0,47.0,2.4,2.4,2.0,1028.0,1028.0,1028.0,1050.2,118.0,35.6,0.0,0.9999896908279295,179.4323513575879,0.2307514806553342,10.502,16.8,0.01733201817719749,316.84000000000003,3481,4.0,1054729,2547.8,424.6333333333334,-8.0,-8.0,-0.6999999999999993
195,4580.0,26.0,4.0,89.0,6.0,58,0.0,1027,66,17.2,0.0,2.0,2023,11,17,3,4,321,46,0.7071067811865476,0.7071067811865476,-0.5000000000000004,0.8660254037844384,-0.433883739117558,-0.9009688679024191,3,3,0,97.0,105.0,105.0,105.0,62.0,62.67,97.0,7.999999999999775,105.0,89.0,101.0,6.693280212270506,105.0,89.0,99.55583333333334,9.686173330467156,105.0,74.0,83.34708333333333,18.280085976196343,105.0,57.0,17.8,19.1,20.6,59.0,50.0,46.0,2.0,2.4,1.0,1027.0,1028.0,1028.0,1135.2,132.0,34.4,0.0,0.999988764171189,176.14707126648975,0.15384023691396484,11.352,16.2,0.016747792845381845,295.84,4356,4.0,1054729,4794.0,799.0,-8.0,-16.0,-0.6000000000000014
192,128.4,12.0,3.0,87.0,5.0,57,0.0,1026,74,16.5,0.0,1.6,2023,11,17,4,4,321,46,0.8660254037844386,0.5000000000000001,-0.5000000000000004,0.8660254037844384,-0.433883739117558,-0.9009688679024191,3,3,0,89.0,97.0,105.0,105.0,74.0,73.0,91.0,5.291502622129007,97.0,87.0,98.0,8.366600265339107,105.0,87.0,100.63916666666667,6.892067190001068,105.0,87.0,83.93041666666666,18.158517579594285,105.0,57.0,17.2,18.5,20.2,66.0,52.0,45.0,2.0,2.4,2.4,1027.0,1028.0,1029.0,1221.0,118.4,26.400000000000002,0.0,0.9999885058792427,10.699108407632698,0.24997916840263312,12.21,15.7,0.016081855670705976,272.25,5476,2.5600000000000005,1052676,322.4,53.73333333333333,-2.0,-18.0,-0.6999999999999993
191,150.8,16.0,2.0,86.0,6.0,25,0.0,1027,77,16.4,0.0,2.0,2023,11,17,5,4,321,46,0.9659258262890683,0.25881904510252074,-0.5000000000000004,0.8660254037844384,-0.433883739117558,-0.9009688679024191,3,3,0,87.0,89.0,97.0,105.0,105.0,72.33,87.33333333333333,1.5275252316516925,89.0,86.0,94.83333333333333,8.773064838848486,105.0,86.0,99.05583333333334,7.906910048503533,105.0,86.0,84.5,17.99245953170464,105.0,57.0,16.5,17.8,19.6,74.0,59.0,47.0,1.6,2.0,2.4,1026.0,1027.0,1028.0,1262.8,154.0,32.8,0.0,0.9999883722282299,9.424410974314105,0.12499218798825072,12.628,15.399999999999999,0.015968825736294316,268.96,5929,4.0,1054729,346.8,57.800000000000004,-1.0,-11.0,-0.10000000000000142
188,5725.0,20.0,4.0,84.0,57.7,23,0.0,1027,81,16.3,0.0,2.0,2023,11,17,6,4,321,46,1.0,6.123233995736766e-17,-0.5000000000000004,0.8660254037844384,-0.433883739117558,-0.9009688679024191,3,0,0,86.0,87.0,89.0,105.0,94.67,71.0,85.66666666666667,1.5275252316518457,87.0,84.0,91.33333333333333,8.066391179867251,105.0,84.0,98.16666666666667,8.973023543662775,105.0,84.0,85.04166666666667,17.76258418984914,105.0,57.0,16.4,17.2,19.1,77.0,66.0,50.0,2.0,2.0,2.4,1027.0,1027.0,1028.0,1320.3,162.0,32.6,0.0,0.9999880953798168,286.2356882155892,0.19999000049997498,13.203,15.3,0.015871454847658378,265.69,6561,4.0,1054729,5974.7,995.7833333333333,-2.0,-5.0,-0.09999999999999787
76,195.5,15.0,35.0,34.0,84.0,19,0.0,1028,84,16.2,2.1,2.0,2023,11,17,7,4,321,46,0.9659258262890683,-0.25881904510252063,-0.5000000000000004,0.8660254037844384,-0.433883739117558,-0.9009688679024191,3,0,0,84.0,86.0,87.0,105.0,105.0,71.0,64.66666666666667,35.23256069793024,86.0,24.0,77.83333333333333,26.753815927202652,97.0,24.0,91.41666666666667,22.94839401524135,105.0,24.0,83.08333333333333,21.562438288087105,105.0,24.0,16.3,16.5,18.5,81.0,74.0,52.0,2.0,1.6,2.4,1027.0,1026.0,1028.0,1360.8,168.0,32.4,0.0,0.7058615923061087,13.03246450236651,2.333177788147457,13.607999999999999,15.2,0.015758739534300063,262.44,7056,4.0,1056784,387.5,64.58333333333333,-60.0,-63.0,-0.10000000000000142
228,177.4,21.0,1.0,114.0,6.0,25,0.0,1028,66,18.5,2.7,0.33,2023,11,17,8,4,321,46,0.8660254037844387,-0.4999999999999998,-0.5000000000000004,0.8660254037844384,-0.433883739117558,-0.9009688679024191,3,0,0,24.0,84.0,86.0,97.0,105.0,71.0,74.0,45.82575694955843,114.0,24.0,80.66666666666667,29.904291776710608,114.0,24.0,92.16666666666667,23.571297389113685,114.0,24.0,84.875,22.288993969534435,114.0,24.0,16.2,16.4,17.8,84.0,77.0,59.0,2.0,2.0,2.0,1028.0,1027.0,1027.0,1221.0,21.78,6.105,0.0,0.9999912281471215,8.447216799200039,0.04761678015332603,12.21,18.335,0.017996091443490816,342.25,4356,0.10890000000000001,1056784,433.4,72.23333333333333,90.0,28.0,2.3000000000000007
260,159.3,20.0,2.0,138.0,6.0,25,0.0,1028,51,20.9,3.3,0.66,2023,11,17,9,4,321,46,0.7071067811865476,-0.7071067811865475,-0.5000000000000004,0.8660254037844384,-0.433883739117558,-0.9009688679024191,3,0,0,114.0,24.0,84.0,89.0,105.0,71.0,92.0,60.099916805266865,138.0,24.0,88.83333333333333,38.18071066214772,138.0,24.0,94.91666666666667,26.89527952273478,138.0,24.0,87.66666666666667,24.556138994533953,138.0,24.0,18.5,16.3,17.2,66.0,81.0,66.0,0.33,2.0,2.0,1028.0,1027.0,1027.0,1065.8999999999999,33.660000000000004,13.794,0.0,0.999992753675698,7.964601769911504,0.09999500024998749,10.658999999999999,20.57,0.020330719522646378,436.80999999999995,2601,0.43560000000000004,1056784,463.3,77.21666666666667,24.0,54.0,2.3999999999999986
228,141.2,12.0,4.0,114.0,6.0,0,0.0,1028,40,23.2,3.0,1.0,2023,11,17,10,4,321,46,0.49999999999999994,-0.8660254037844387,-0.5000000000000004,0.8660254037844384,-0.433883739117558,-0.9009688679024191,3,0,0,138.0,114.0,24.0,87.0,105.0,71.0,122.0,13.856406460550678,138.0,114.0,93.33333333333333,39.490083143323965,138.0,24.0,95.66666666666667,27.32409304269835,138.0,24.0,89.45833333333333,24.854110090804465,138.0,24.0,20.9,16.2,16.5,51.0,84.0,74.0,0.66,2.0,1.6,1028.0,1028.0,1026.0,928.0,40.0,23.2,0.0,0.9999912281471215,11.765686192817265,0.3333055578701775,9.28,22.7,0.022568071431837127,538.24,1600,1.0,1056784,391.2,65.2,-24.0,90.0,2.3000000000000007
236,4580.0,16.0,29.0,120.0,39.3,0,0.0,1026,35,23.9,2.5,1.33,2023,11,17,11,4,321,46,0.258819045102521,-0.9659258262890682,-0.5000000000000004,0.8660254037844384,-0.433883739117558,-0.9009688679024191,3,0,0,114.0,138.0,114.0,86.0,105.0,57.0,124.0,12.489995996796399,138.0,114.0,99.0,40.64972324629003,138.0,24.0,96.91666666666667,28.12135498265653,138.0,24.0,92.08333333333333,24.602572447094328,138.0,24.0,23.2,18.5,16.4,40.0,66.0,77.0,1.0,0.33,2.0,1028.0,1028.0,1027.0,836.5,46.550000000000004,31.787,0.0,0.9999916667361105,286.2321104930942,1.8123867258296356,8.365,23.235,0.023294324274537745,571.2099999999999,1225,1.7689000000000001,1052676,4904.3,817.3833333333333,6.0,6.0,0.6999999999999993
197,3435.0,7.0,36.0,91.0,72.7,0,0.0,1025,31,24.5,3.1,1.66,2023,11,17,12,4,321,46,1.2246467991473532e-16,-1.0,-0.5000000000000004,0.8660254037844384,-0.433883739117558,-0.9009688679024191,3,1,0,120.0,114.0,138.0,84.0,105.0,64.33,108.33333333333333,15.307950004273183,120.0,91.0,100.16666666666667,40.2314139282556,138.0,24.0,95.75,28.04582289429493,138.0,24.0,93.19458333333334,23.88639798116337,138.0,24.0,23.9,20.9,16.3,35.0,51.0,81.0,1.33,0.66,2.0,1026.0,1028.0,1027.0,759.5,51.46,40.669999999999995,0.0,0.999989011109768,490.6441936866162,5.142122553920868,7.595,23.67,0.023902415704960288,600.25,961,2.7556,1050625,3732.7,622.1166666666667,-29.0,-47.0,0.6000000000000014
175,2290.0,7.0,36.0,74.0,106.0,0,0.0,1023,28,25.2,2.4,2.0,2023,11,17,13,4,321,46,-0.2588190451025208,-0.9659258262890683,-0.5000000000000004,0.8660254037844384,-0.433883739117558,-0.9009688679024191,3,1,0,91.0,120.0,114.0,24.0,105.0,61.0,95.0,23.259406699225952,120.0,74.0,108.5,22.625207181371184,138.0,74.0,93.16666666666667,28.539711833077927,138.0,24.0,93.73625,23.263873245218612,138.0,24.0,24.5,23.2,16.2,31.0,40.0,84.0,1.66,1.0,2.0,1025.0,1028.0,1028.0,705.6,56.0,50.4,0.0,0.999986486669099,327.09612912441077,5.142122553920868,7.056,24.2,0.024633407005467248,635.04,784,4.0,1046529,2587.0,431.1666666666667,-17.0,-40.0,0.6999999999999993
169,2290.0,10.3,37.7,69.7,107.7,0,0.0,1022,27,25.3,2.0,2.0,2023,11,17,14,4,321,46,-0.4999999999999997,-0.8660254037844388,-0.5000000000000004,0.8660254037844384,-0.433883739117558,-0.9009688679024191,3,1,0,74.0,91.0,120.0,114.0,97.0,61.0,78.22333333333334,11.274734291030281,91.0,69.67,101.11166666666668,27.23781960191818,138.0,69.67,90.88916666666665,29.286704230707613,138.0,24.0,94.09750000000001,22.796042419684017,138.0,24.0,25.2,23.9,18.5,28.0,35.0,66.0,2.0,1.33,0.33,1023.0,1026.0,1028.0,683.1,54.0,50.6,0.0,0.9995552431098549,222.30851373653044,3.65983885059703,6.831,24.3,0.024755357382233483,640.09,729,4.0,1044484,2585.0699999999997,430.84499999999997,-4.329999999999998,-50.33,0.10000000000000142
163,2290.0,15.0,46.0,65.0,109.3,5,0.0,1022,26,25.4,1.4,2.0,2023,11,17,15,4,321,46,-0.7071067811865471,-0.7071067811865479,-0.5000000000000004,0.8660254037844384,-0.433883739117558,-0.9009688679024191,3,1,0,69.67,74.0,91.0,138.0,89.0,62.0,69.55666666666667,4.501070243101766,74.0,65.0,88.94500000000001,23.51438176946129,120.0,65.0,88.88916666666665,30.23168339773001,138.0,24.0,94.22250000000001,22.61993123620114,138.0,24.0,25.3,24.5,20.9,27.0,31.0,51.0,2.0,1.66,0.66,1022.0,1025.0,1028.0,660.4,52.0,50.8,0.0,0.999984615621298,152.65648956736217,3.0664622358509432,6.604,24.4,0.02485320464461385,645.16,676,4.0,1044484,2590.3,431.7166666666667,-4.670000000000002,-26.0,0.09999999999999787
157,2290.0,17.0,41.0,61.0,111.0,20,0.0,1021,26,25.5,1.2,2.0,2023,11,17,16,4,321,46,-0.8660254037844385,-0.5000000000000004,-0.5000000000000004,0.8660254037844384,-0.433883739117558,-0.9009688679024191,3,1,0,65.0,69.67,74.0,114.0,87.0,74.0,65.22333333333334,4.339312541559691,69.67,61.0,80.11166666666666,22.13429051645075,120.0,61.0,86.72249999999998,31.292469069322802,138.0,24.0,93.68083333333334,23.27150990349442,138.0,24.0,25.4,25.2,23.2,26.0,28.0,40.0,2.0,2.0,1.0,1022.0,1023.0,1028.0,663.0,52.0,51.0,0.0,0.9999836068261176,134.69795894359154,2.4116228457149576,6.63,24.5,0.024975489739970873,650.25,676,4.0,1042441,2581.0,430.1666666666667,-4.0,-13.0,0.10000000000000142
199,3435.0,17.0,11.0,92.0,8.0,25,0.0,1021,34,23.4,1.1,1.66,2023,11,17,17,4,321,46,-0.9659258262890683,-0.25881904510252063,-0.5000000000000004,0.8660254037844384,-0.433883739117558,-0.9009688679024191,3,1,0,61.0,65.0,69.67,120.0,86.0,105.0,72.66666666666667,16.862186493255717,92.0,61.0,75.445,13.1849971558577,92.0,61.0,87.22249999999998,31.327790197145127,138.0,24.0,93.13916666666667,23.147554085582357,138.0,24.0,25.5,25.3,23.9,26.0,27.0,35.0,2.0,2.0,1.33,1021.0,1022.0,1026.0,795.5999999999999,56.44,38.843999999999994,0.0,0.9999891305529287,202.0469384153873,0.6470207634845009,7.9559999999999995,22.57,0.022918684702561504,547.56,1156,2.7556,1042441,3655.0,609.1666666666666,31.0,22.33,-2.1000000000000014
177,8015.0,15.0,13.0,177.0,8.0,25,0.0,1022,46,21.3,0.0,1.33,2023,11,17,18,4,321,46,-1.0,-1.8369701987210297e-16,-0.5000000000000004,0.8660254037844384,-0.433883739117558,-0.9009688679024191,3,2,0,92.0,61.0,65.0,91.0,84.0,94.67,110.0,60.05830500438714,177.0,61.0,89.77833333333332,44.06362237341183,177.0,61.0,94.97250000000001,40.59175893185456,177.0,24.0,96.56958333333334,28.795744474121083,177.0,24.0,23.4,25.4,24.5,34.0,26.0,31.0,1.66,2.0,1.66,1021.0,1022.0,1025.0,979.8000000000001,61.18000000000001,28.329000000000004,0.0,0.999994350314405,534.2977134857676,0.866608892740484,9.798,20.635,0.0208414668870187,453.69000000000005,2116,1.7689000000000001,1044484,8405.0,1400.8333333333333,85.0,112.0,-2.099999999999998
215,8015.0,16.0,15.0,215.0,8.0,25,0.0,1022,61,19.2,0.0,1.0,2023,11,17,19,4,321,46,-0.9659258262890684,0.2588190451025203,-0.5000000000000004,0.8660254037844384,-0.433883739117558,-0.9009688679024191,3,2,0,177.0,92.0,61.0,74.0,24.0,105.0,161.33333333333334,62.978832422753875,215.0,92.0,113.27833333333332,66.06969665941138,215.0,61.0,110.88916666666667,47.14968571346747,215.0,61.0,101.15291666666667,37.603195803036286,215.0,24.0,21.3,25.5,25.2,46.0,26.0,28.0,1.33,2.0,2.0,1022.0,1021.0,1023.0,1171.2,61.0,19.2,0.0,0.9999953488588424,500.9061933629148,0.9374414099118804,11.712,18.7,0.01878667437703094,368.64,3721,1.0,1044484,8484.0,1414.0,38.0,154.0,-2.1000000000000014
202,5436.7,24.0,10.3,202.3,7.7,25,0.0,1022,68,18.2,0.0,1.0,2023,11,17,20,4,321,46,-0.8660254037844386,0.5000000000000001,-0.5000000000000004,0.8660254037844384,-0.433883739117558,-0.9009688679024191,3,2,0,215.0,177.0,92.0,69.67,114.0,105.0,198.11,19.34828933006672,215.0,177.0,135.38833333333335,70.59946753812405,215.0,61.0,118.25,54.06695159286699,215.0,61.0,105.20833333333333,42.91006577631378,215.0,24.0,19.2,23.4,25.3,61.0,34.0,27.0,1.0,1.66,2.0,1022.0,1021.0,1022.0,1237.6,68.0,18.2,0.0,1.0001433507496256,226.5197283446523,0.4291487854672722,12.376,17.7,0.017808201753227247,331.23999999999995,4624,1.0,1044484,5883.33,980.555,-12.669999999999987,110.33000000000001,-1.0
197,8015.0,16.0,20.0,197.0,7.0,5,0.0,1023,77,17.2,0.0,1.0,2023,11,17,21,4,321,46,-0.7071067811865477,0.7071067811865474,-0.5000000000000004,0.8660254037844384,-0.433883739117558,-0.9009688679024191,3,2,0,202.33,215.0,177.0,65.0,138.0,105.0,204.77666666666667,9.246060422326122,215.0,197.0,157.38833333333335,64.5893243242769,215.0,61.0,123.16666666666667,58.52505637966008,215.0,61.0,109.04166666666667,46.82172300255061,215.0,24.0,18.2,21.3,25.4,68.0,46.0,26.0,1.0,1.33,2.0,1022.0,1022.0,1022.0,1324.3999999999999,77.0,17.2,0.0,0.9999949238836351,500.9061933629148,1.2499218798825074,13.243999999999998,16.7,0.016813277797382408,295.84,5929,1.0,1046529,8452.0,1408.6666666666667,-5.3300000000000125,20.0,-1.0
177,280.1,40.0,1.0,177.0,7.0,2,0.0,1024,86,16.2,0.0,1.0,2023,11,17,22,4,321,46,-0.5000000000000004,0.8660254037844384,-0.5000000000000004,0.8660254037844384,-0.433883739117558,-0.9009688679024191,3,3,0,197.0,202.33,215.0,61.0,114.0,105.0,192.11,13.35426149212206,202.33,177.0,176.72166666666666,44.06845602771471,215.0,92.0,128.41666666666666,60.422944518141364,215.0,61.0,112.04166666666667,48.815667537190265,215.0,24.0,17.2,19.2,25.5,77.0,61.0,26.0,1.0,1.0,2.0,1023.0,1022.0,1021.0,1393.2,86.0,16.2,0.0,0.999994350314405,7.002324941876454,0.02499937501562461,13.932,15.7,0.01582029705049116,262.44,7396,1.0,1048576,682.1,113.68333333333334,-20.0,-38.0,-1.0
191,9.0,18.0,11.0,191.0,8.0,12,0.0,1023,89,15.7,0.0,1.0,2023,11,17,23,4,321,46,-0.25881904510252157,0.9659258262890681,-0.5000000000000004,0.8660254037844384,-0.433883739117558,-0.9009688679024191,3,3,0,177.0,197.0,202.33,92.0,120.0,105.0,188.33333333333334,10.263202878892521,197.0,177.0,193.22166666666666,14.850953392513945,215.0,177.0,134.33333333333334,62.94731163778327,215.0,61.0,115.625,51.36610403250673,215.0,24.0,16.2,18.2,23.4,86.0,68.0,34.0,1.0,1.0,1.66,1024.0,1022.0,1021.0,1397.3,89.0,15.7,0.0,0.9999947644253171,0.49997222376534634,0.6110771623798678,13.972999999999999,15.2,0.0153470035708665,246.48999999999998,7921,1.0,1046529,428.0,71.33333333333333,14.0,-11.330000000000013,-0.5
222,9160.0,15.0,12.0,222.0,8.0,21,0.0,1023,92,15.2,0.0,1.0,2023,11,18,0,5,322,46,0.0,1.0,-0.5000000000000004,0.8660254037844384,-0.9749279121818236,-0.2225209339563146,3,3,1,191.0,177.0,197.0,177.0,91.0,105.0,196.66666666666666,23.028967265887253,222.0,177.0,200.72166666666666,16.31137077828286,222.0,177.0,145.25,66.03276583360963,222.0,61.0,120.5,55.6844126968342,222.0,24.0,15.7,17.2,21.3,89.0,77.0,46.0,1.0,1.0,1.33,1023.0,1023.0,1022.0,1398.3999999999999,92.0,15.2,0.0,0.9999954955157859,610.6259582694487,0.7999466702219852,13.983999999999998,14.7,0.014858245495361197,231.04,8464,1.0,1046529,9639.0,1606.5,31.0,25.0,-0.5
194,208.3,32.0,1.0,194.0,6.0,25,0.25,1023,94,14.7,0.0,1.0,2023,11,18,1,5,322,46,0.25881904510252074,0.9659258262890683,-0.5000000000000004,0.8660254037844384,-0.9749279121818236,-0.2225209339563146,3,3,1,222.0,191.0,177.0,215.0,74.0,105.0,202.33333333333334,17.097758137642078,222.0,191.0,197.22166666666666,14.819676672134946,222.0,177.0,155.25,63.291237221995154,222.0,61.0,124.20833333333333,57.53989018341005,222.0,24.0,15.2,16.2,19.2,92.0,86.0,61.0,1.0,1.0,1.0,1023.0,1024.0,1022.0,1381.8,94.0,14.7,6.25,0.9999948453873949,6.509171588387864,0.031249023468016626,13.818,14.2,0.014369487419855893,216.08999999999997,8836,1.0,1046529,635.3,105.88333333333333,-28.0,17.0,-0.5
185,142.2,25.0,1.7,185.7,9.3,18,0.0,1023,95,14.4,0.0,0.66,2023,11,18,2,5,322,46,0.49999999999999994,0.8660254037844387,-0.5000000000000004,0.8660254037844384,-0.9749279121818236,-0.2225209339563146,3,3,1,194.0,222.0,191.0,202.33,69.67,97.0,200.55666666666664,19.03180583479419,222.0,185.67,194.44500000000002,15.226297974227178,222.0,177.0,164.91666666666666,57.63813010867194,222.0,61.0,127.90291666666667,58.554671775831956,222.0,24.0,14.7,15.7,18.2,94.0,89.0,68.0,1.0,1.0,1.0,1023.0,1023.0,1022.0,1368.0,62.7,9.504000000000001,0.0,0.9998330649808025,5.6877724891004355,0.06799728010879565,13.68,14.07,0.014076232574552714,207.36,9025,0.43560000000000004,1046529,549.5699999999999,91.59499999999998,-8.330000000000013,-5.3300000000000125,-0.29999999999999893
182,76.1,27.0,1.0,182.0,6.0,7,0.0,1023,96,14.0,0.0,0.33,2023,11,18,3,5,322,46,0.7071067811865476,0.7071067811865476,-0.5000000000000004,0.8660254037844384,-0.9749279121818236,-0.2225209339563146,3,3,1,185.67,194.0,222.0,197.0,65.0,89.0,187.22333333333333,6.148953840557548,194.0,182.0,191.94500000000002,15.937695881147786,222.0,177.0,174.66666666666666,48.346706634725294,222.0,61.0,131.77791666666667,58.94419726421965,222.0,24.0,14.4,15.2,17.2,95.0,92.0,77.0,0.66,1.0,1.0,1023.0,1023.0,1023.0,1344.0,31.68,4.62,0.0,0.9999945055246949,2.8184141328098957,0.037035665345727935,13.44,13.835,0.013685226114148472,196.0,9216,0.10890000000000001,1046529,474.1,79.01666666666667,-3.6699999999999875,-40.0,-0.40000000000000036
169,10.0,11.0,3.0,169.0,16.0,25,0.0,1023,96,13.7,0.0,2.0,2023,11,18,4,5,322,46,0.8660254037844386,0.5000000000000001,-0.5000000000000004,0.8660254037844384,-0.9749279121818236,-0.2225209339563146,3,3,1,182.0,185.67,194.0,177.0,61.0,87.0,178.89,8.759354999083815,185.67,169.0,190.61166666666668,17.67769262846885,222.0,169.0,183.66666666666666,32.823833451079224,222.0,92.0,135.19458333333333,58.611424170524586,222.0,24.0,14.0,14.7,16.2,96.0,94.0,86.0,0.33,1.0,1.0,1023.0,1023.0,1024.0,1315.1999999999998,192.0,27.4,0.0,0.9999940828752493,0.909008271975275,0.2727024815925825,13.151999999999997,12.7,0.013391971268845289,187.68999999999997,9216,4.0,1046529,378.0,63.0,-13.0,-25.0,-0.3000000000000007
154,11.0,11.0,2.0,154.0,17.0,6,0.0,1023,92,14.2,0.0,2.0,2023,11,18,5,5,322,46,0.9659258262890683,0.25881904510252074,-0.5000000000000004,0.8660254037844384,-0.9749279121818236,-0.2225209339563146,3,3,1,169.0,182.0,185.67,191.0,92.0,86.0,168.33333333333334,14.011899704654917,182.0,154.0,184.44500000000002,23.128340839756664,222.0,154.0,188.83333333333334,19.089369880228766,222.0,154.0,138.02791666666667,57.76743026843841,222.0,24.0,13.7,14.4,15.7,96.0,95.0,89.0,2.0,0.66,1.0,1023.0,1023.0,1023.0,1306.3999999999999,184.0,28.4,0.0,0.9999935065356718,0.9999090991728026,0.181801654395055,13.063999999999998,13.2,0.013880729344350591,201.64,8464,4.0,1046529,349.0,58.166666666666664,-15.0,-31.669999999999987,0.5
162,8015.0,29.0,3.0,162.0,64.0,1,0.0,1023,88,14.7,0.0,1.6,2023,11,18,6,5,322,46,1.0,6.123233995736766e-17,-0.5000000000000004,0.8660254037844384,-0.9749279121818236,-0.2225209339563146,3,0,1,154.0,169.0,182.0,222.0,177.0,84.0,161.66666666666666,7.50555349946349,169.0,154.0,174.44500000000002,15.283983446731328,194.0,154.0,187.58333333333334,20.3820207461604,222.0,154.0,141.27791666666667,56.78138587977218,222.0,24.0,14.2,14.0,15.2,92.0,96.0,92.0,2.0,0.33,1.0,1023.0,1023.0,1023.0,1293.6,140.8,23.52,0.0,0.9999938271985975,276.3697803524016,0.10344470880314471,12.936,13.899999999999999,0.014369487419855893,216.08999999999997,7744,2.5600000000000005,1046529,8435.0,1405.8333333333333,8.0,-20.0,0.5
270,9.0,31.0,5.0,146.0,88.0,3,0.0,1024,85,15.2,2.1,2.0,2023,11,18,7,5,322,46,0.9659258262890683,-0.25881904510252063,-0.5000000000000004,0.8660254037844384,-0.9749279121818236,-0.2225209339563146,3,0,1,162.0,154.0,169.0,194.0,215.0,24.0,154.0,7.999999999998453,162.0,146.0,166.445,15.560981652837912,185.67,146.0,181.83333333333334,21.638443202836235,222.0,146.0,146.36125,50.99143775631924,222.0,61.0,14.7,13.7,14.7,88.0,96.0,94.0,1.6,2.0,1.0,1023.0,1023.0,1023.0,1292.0,170.0,30.4,0.0,0.9999931507318442,0.29031321570271923,0.16128511983484403,12.92,14.2,0.014843735504164547,231.04,7225,4.0,1048576,425.0,70.83333333333333,-16.0,-23.0,0.5
253,10.0,27.0,7.0,133.0,114.3,3,0.0,1024,72,17.4,2.7,0.66,2023,11,18,8,5,322,46,0.8660254037844387,-0.4999999999999998,-0.5000000000000004,0.8660254037844384,-0.9749279121818236,-0.2225209339563146,3,0,1,146.0,162.0,154.0,185.67,202.33,114.0,147.0,14.525839046333099,162.0,133.0,157.66666666666666,17.305105219750207,182.0,133.0,176.05583333333334,24.706406036539835,222.0,133.0,147.15291666666667,50.613258915819365,222.0,61.0,15.2,14.2,14.4,85.0,92.0,95.0,2.0,2.0,0.66,1024.0,1023.0,1023.0,1252.8,47.52,11.484,0.0,0.9999924812595393,0.37035665345727936,0.25924965742009554,12.527999999999999,17.07,0.0169921709060831,302.75999999999993,5184,0.43560000000000004,1048576,424.3,70.71666666666667,-13.0,-21.0,2.1999999999999993
243,3819.7,27.0,8.3,125.3,140.7,2,0.0,1024,61,19.5,4.0,1.33,2023,11,18,9,5,322,46,0.7071067811865476,-0.7071067811865475,-0.5000000000000004,0.8660254037844384,-0.9749279121818236,-0.2225209339563146,3,0,1,133.0,146.0,162.0,182.0,197.0,138.0,134.77666666666667,10.448905843834016,146.0,125.33,148.22166666666666,16.826372653267462,169.0,125.33,170.08333333333334,27.668285859882836,222.0,125.33,146.625,50.7786845900493,222.0,61.0,17.4,14.7,14.0,72.0,88.0,96.0,0.66,1.6,0.33,1024.0,1023.0,1023.0,1189.5,81.13000000000001,25.935000000000002,0.0,1.0002314426860122,141.465130921077,0.3073960223695419,11.895,18.835,0.01904295015336899,380.25,3721,1.7689000000000001,1048576,4246.33,707.7216666666667,-7.670000000000002,-36.67,2.1000000000000014
229,5725.0,25.0,10.0,115.0,167.0,30,0.0,1024,52,21.7,5.5,2.0,2023,11,18,10,5,322,46,0.49999999999999994,-0.8660254037844387,-0.5000000000000004,0.8660254037844384,-0.9749279121818236,-0.2225209339563146,3,0,1,125.33,133.0,146.0,169.0,177.0,114.0,124.44333333333333,9.032698009637482,133.0,115.0,139.22166666666666,17.89734105018475,162.0,115.0,164.91666666666666,31.747404284253392,222.0,115.0,146.66666666666666,50.75115288188672,222.0,61.0,19.5,15.2,13.7,61.0,85.0,96.0,1.33,2.0,2.0,1024.0,1024.0,1023.0,1128.3999999999999,104.0,43.4,0.0,0.9999913044234398,228.99084036638533,0.39998400063997436,11.283999999999999,20.7,0.02119138555528754,470.89,2704,4.0,1048576,6157.0,1026.1666666666667,-10.329999999999998,-31.0,2.1999999999999993
211,3435.0,4.0,25.0,101.0,26.0,29,0.0,1023,38,22.9,6.8,1.66,2023,11,18,11,5,322,46,0.258819045102521,-0.9659258262890682,-0.5000000000000004,0.8660254037844384,-0.9749279121818236,-0.2225209339563146,3,0,1,115.0,125.33,133.0,154.0,191.0,120.0,113.77666666666666,12.211045546279376,125.33,101.0,130.38833333333335,21.798642541833416,162.0,101.0,157.41666666666666,35.441211843976944,222.0,101.0,145.875,51.33009990757662,222.0,61.0,21.7,17.4,14.2,52.0,72.0,92.0,2.0,0.66,2.0,1024.0,1024.0,1023.0,870.1999999999999,63.08,38.013999999999996,0.0,0.9999900991079296,858.5353661584603,6.248437890527367,8.702,22.07,0.022385119858142854,524.41,1444,2.7556,1046529,3692.0,615.3333333333334,-14.0,-32.0,1.1999999999999993
276,4961.7,23.7,20.0,187.5,74.3,28,0.0,1022,28,24.0,7.0,1.33,2023,11,18,12,5,322,46,1.2246467991473532e-16,-1.0,-0.5000000000000004,0.8660254037844384,-0.9749279121818236,-0.2225209339563146,3,1,1,101.0,115.0,125.33,162.0,222.0,91.0,122.0,25.238858928247442,150.0,101.0,128.38833333333332,18.639871691259838,150.0,101.0,151.41666666666666,29.028002885405467,194.0,101.0,148.33333333333334,49.982879213714895,222.0,61.0,22.9,19.5,14.7,38.0,61.0,88.0,1.66,1.33,1.6,1023.0,1024.0,1023.0,672.0,37.24,31.92,0.0,0.7999957333560888,209.34559723218428,0.8438462512130289,6.72,23.335,0.02348334297128868,576.0,784,1.7689000000000001,1044484,5417.2,902.8666666666667,49.0,24.67,1.1000000000000014
152,4580.0,23.0,25.0,57.0,28.0,27,0.0,1020,20,25.2,6.2,1.0,2023,11,18,13,5,322,46,-0.2588190451025208,-0.9659258262890683,-0.5000000000000004,0.8660254037844384,-0.9749279121818236,-0.2225209339563146,3,1,1,150.0,101.0,115.0,146.0,194.0,74.0,102.66666666666667,46.52239604032998,150.0,57.0,113.55499999999999,32.25889257243599,150.0,57.0,140.0,36.687820371838995,185.67,57.0,147.625,51.188025349006125,222.0,57.0,24.0,21.7,15.2,28.0,52.0,85.0,1.33,2.0,2.0,1022.0,1024.0,1024.0,504.0,20.0,25.2,0.0,0.9999824564481326,199.12177731402983,1.0869092648145733,5.04,24.7,0.024705858131511636,635.04,400,1.0,1040400,4770.0,795.0,-93.0,-58.0,1.1999999999999993
148,4580.0,17.0,23.0,53.0,27.0,26,0.0,1020,19,25.4,4.6,1.0,2023,11,18,14,5,322,46,-0.4999999999999997,-0.8660254037844388,-0.5000000000000004,0.8660254037844384,-0.9749279121818236,-0.2225209339563146,3,1,1,57.0,150.0,101.0,133.0,185.67,69.67,86.66666666666667,54.88472768752079,150.0,53.0,100.22166666666665,38.53651277252049,150.0,53.0,128.94416666666666,41.36580877495357,182.0,53.0,146.93041666666667,52.39077685832592,222.0,53.0,25.2,22.9,17.4,20.0,38.0,72.0,1.0,1.66,0.66,1020.0,1023.0,1024.0,482.59999999999997,19.0,25.4,0.0,0.9999811324314636,269.3959178871831,1.3528615963766837,4.826,24.9,0.024901936370650617,645.16,361,1.0,1040400,4753.0,792.1666666666666,-4.0,-48.0,0.1999999999999993
200,1591.6,14.3,80.3,116.3,108.0,25,0.0,1019,18,25.5,3.2,1.0,2023,11,18,15,5,322,46,-0.7071067811865471,-0.7071067811865479,-0.5000000000000004,0.8660254037844384,-0.9749279121818236,-0.2225209339563146,3,1,1,53.0,57.0,150.0,125.33,182.0,65.0,67.66666666666667,22.03028218914393,93.0,53.0,94.83333333333333,36.53172137562964,150.0,53.0,121.52749999999999,38.89310505031082,169.0,53.0,148.09708333333333,50.773786670509196,222.0,53.0,25.4,24.0,19.5,19.0,28.0,61.0,1.0,1.33,1.33,1020.0,1022.0,1024.0,459.0,18.0,25.5,0.0,0.7996491861634896,111.29291657926018,5.614991958604294,4.59,25.0,0.02502450929881325,650.25,324,1.0,1038361,2003.4999999999998,333.91666666666663,40.0,-57.0,0.10000000000000142
98,97.5,10.0,108.0,49.0,148.0,25,0.0,1019,18,25.7,2.3,1.0,2023,11,18,16,5,322,46,-0.8660254037844385,-0.5000000000000004,-0.5000000000000004,0.8660254037844384,-0.9749279121818236,-0.2225209339563146,3,1,1,93.0,53.0,57.0,115.0,169.0,61.0,60.0,30.11644069275085,93.0,34.0,81.33333333333333,42.126792741278535,150.0,34.0,110.27749999999999,43.199415847270735,162.0,34.0,146.97208333333333,53.03622551813245,222.0,34.0,25.5,25.2,21.7,18.0,20.0,52.0,1.0,1.0,2.0,1019.0,1020.0,1024.0,462.59999999999997,18.0,25.7,0.0,0.6938633905430501,9.749025097490252,10.798920107989202,4.6259999999999994,25.2,0.025220779959980413,660.49,324,1.0,1038361,446.5,74.41666666666667,-59.0,-23.0,0.1999999999999993
196,68.3,12.3,76.7,112.5,101.3,25,0.0,1019,25,23.3,2.0,0.66,2023,11,18,17,5,322,46,-0.9659258262890683,-0.25881904510252063,-0.5000000000000004,0.8660254037844384,-0.9749279121818236,-0.2225209339563146,3,1,1,34.0,93.0,53.0,101.0,154.0,92.0,72.33333333333333,33.231511150312016,93.0,34.0,79.5,41.33158598457083,150.0,34.0,104.94416666666666,41.215918693968874,162.0,34.0,146.88875,53.12784812314264,222.0,34.0,25.7,25.4,22.9,18.0,19.0,38.0,1.0,1.0,1.66,1019.0,1020.0,1023.0,582.5,16.5,15.378000000000002,0.0,0.7999928889520982,5.55239411429965,6.2352654255751565,5.825,22.970000000000002,0.02286553202597446,542.89,625,0.43560000000000004,1038361,461.1,76.85000000000001,56.0,37.0,-2.3999999999999986
244,39.2,54.0,3.0,126.0,6.0,25,0.0,1020,37,21.0,0.0,0.33,2023,11,18,18,5,322,46,-1.0,-1.8369701987210297e-16,-0.5000000000000004,0.8660254037844384,-0.9749279121818236,-0.2225209339563146,3,2,1,90.0,34.0,93.0,150.0,162.0,177.0,83.33333333333333,46.360903068569655,126.0,34.0,75.5,33.57826678076121,126.0,34.0,101.94416666666666,37.858890503440406,150.0,34.0,144.76375,52.89051331164808,222.0,34.0,23.3,25.5,24.0,25.0,18.0,28.0,0.66,1.0,1.33,1019.0,1019.0,1022.0,777.0,12.21,6.930000000000001,0.0,0.9999920635550511,0.7259124831021648,0.05555452676802282,7.77,20.835,0.02058821510959303,441.0,1369,0.10890000000000001,1040400,354.2,59.03333333333333,36.0,33.0,-2.3000000000000007
395,10.0,17.0,14.0,500.0,8.0,25,0.25,1021,52,18.6,0.0,2.0,2023,11,18,19,5,322,46,-0.9659258262890684,0.2588190451025203,-0.5000000000000004,0.8660254037844384,-0.9749279121818236,-0.2225209339563146,3,2,1,126.0,90.0,34.0,57.0,146.0,215.0,185.0,134.57711543943856,339.0,90.0,122.5,110.88146824424705,339.0,34.0,118.02749999999999,77.99575735839136,339.0,34.0,149.93041666666667,64.77193115104946,339.0,34.0,21.0,25.7,25.2,37.0,18.0,20.0,0.33,1.0,1.0,1020.0,1019.0,1020.0,967.2,104.0,37.2,6.25,0.677998644002712,0.588200694076819,0.8234809717075465,9.672,17.6,0.018217416045625816,345.96000000000004,2704,4.0,1042441,888.0,148.0,213.0,305.0,-2.3999999999999986
408,9.0,16.0,23.0,490.0,7.0,25,0.5,1020,37,21.0,0.0,0.33,2023,11,18,20,5,322,46,-0.8660254037844386,0.5000000000000001,-0.5000000000000004,0.8660254037844384,-0.9749279121818236,-0.2225209339563146,3,2,1,339.0,126.0,90.0,53.0,133.0,202.33,291.0,146.99999999999991,408.0,126.0,181.66666666666666,153.06817653146138,408.0,34.0,140.94416666666666,114.60386773247394,408.0,34.0,158.5,83.03638746644945,408.0,34.0,18.6,23.3,25.4,52.0,25.0,19.0,2.0,0.66,1.0,1021.0,1019.0,1020.0,777.0,12.21,6.930000000000001,12.5,0.8326513619359961,0.5624648459471283,1.4374101618648834,7.77,20.835,0.02058821510959303,441.0,1369,0.10890000000000001,1040400,953.0,158.83333333333334,69.0,318.0,2.3999999999999986
412,13.0,20.0,16.0,431.0,8.0,25,0.5,1019,25,23.3,0.0,0.66,2023,11,18,21,5,322,46,-0.7071067811865477,0.7071067811865474,-0.5000000000000004,0.8660254037844384,-0.9749279121818236,-0.2225209339563146,3,2,1,408.0,339.0,126.0,93.0,125.33,197.0,386.3333333333333,41.04063027456212,412.0,339.0,234.83333333333334,170.51735004587252,412.0,34.0,164.83333333333334,138.45040683044274,412.0,34.0,167.45833333333334,97.67735622364403,412.0,34.0,21.0,21.0,25.5,37.0,37.0,18.0,0.33,0.33,1.0,1020.0,1020.0,1019.0,582.5,16.5,15.378000000000002,12.5,0.955914255419361,0.6499675016249187,0.7999600019998999,5.825,22.970000000000002,0.02286553202597446,542.89,625,0.43560000000000004,1038361,900.0,150.0,4.0,286.0,2.3000000000000007
228,713.2,61.0,23.0,163.0,255.0,25,0.5,1019,18,25.7,0.0,1.0,2023,11,18,22,5,322,46,-0.5000000000000004,0.8660254037844384,-0.5000000000000004,0.8660254037844384,-0.9749279121818236,-0.2225209339563146,3,3,1,412.0,408.0,339.0,34.0,115.0,177.0,311.3333333333333,170.9073823254376,412.0,114.0,248.16666666666666,154.00054112459026,412.0,90.0,164.75,138.48342532920336,412.0,34.0,164.83333333333334,98.25461403776524,412.0,34.0,23.3,18.6,25.7,25.0,52.0,18.0,0.66,2.0,1.0,1019.0,1021.0,1019.0,462.59999999999997,18.0,25.7,12.5,0.6993822123790652,11.69161161292438,0.37704299929509355,4.6259999999999994,25.2,0.025220779959980413,660.49,324,1.0,1038361,1329.2,221.53333333333333,-298.0,-225.0,2.3999999999999986
368,14.0,21.0,15.0,368.0,8.0,25,0.25,1020,31,22.1,0.0,1.0,2023,11,18,23,5,322,46,-0.25881904510252157,0.9659258262890681,-0.5000000000000004,0.8660254037844384,-0.9749279121818236,-0.2225209339563146,3,3,1,114.0,412.0,408.0,90.0,101.0,191.0,298.0,160.86018774078303,412.0,114.0,294.5,137.8720421260233,412.0,114.0,187.0,148.40362651780552,412.0,34.0,172.20833333333334,106.5930734623268,412.0,34.0,25.7,21.0,23.3,18.0,37.0,25.0,1.0,0.33,0.66,1019.0,1020.0,1019.0,685.1,31.0,22.1,6.25,0.9999972826160799,0.6666349221465644,0.7142517022998904,6.851,21.6,0.02166664542485743,488.4100000000001,961,1.0,1040400,794.0,132.33333333333334,254.0,-40.0,-3.599999999999998
398,10.0,20.0,15.0,398.0,8.0,25,0.0,1021,53,18.6,0.0,1.0,2023,11,19,0,6,323,46,0.0,1.0,-0.5000000000000004,0.8660254037844384,-0.7818314824680299,0.6234898018587334,3,3,1,368.0,114.0,412.0,126.0,150.0,222.0,293.3333333333333,156.02991166226204,398.0,114.0,339.8333333333333,114.04633561262108,412.0,114.0,207.66666666666666,159.6264578965718,412.0,34.0,179.54166666666666,115.8221868310166,412.0,34.0,22.1,23.3,21.0,31.0,25.0,37.0,1.0,0.66,0.33,1020.0,1019.0,1020.0,985.8000000000001,53.0,18.6,0.0,0.9999974874434989,0.4999750012499375,0.7499625018749062,9.858,18.1,0.018217416045625816,345.96000000000004,2809,1.0,1042441,849.0,141.5,30.0,-14.0,-3.5
351,10.0,15.0,15.0,351.0,8.0,25,0.0,1022,90,15.0,0.0,1.0,2023,11,19,1,6,323,46,0.25881904510252074,0.9659258262890683,-0.5000000000000004,0.8660254037844384,-0.7818314824680299,0.6234898018587334,3,3,1,398.0,368.0,114.0,339.0,57.0,194.0,372.3333333333333,23.797758998134682,398.0,351.0,341.8333333333333,114.13398559003626,412.0,114.0,232.16666666666666,156.9388029736044,412.0,34.0,186.08333333333334,120.99259609639346,412.0,34.0,18.6,25.7,18.6,53.0,18.0,52.0,1.0,1.0,2.0,1021.0,1019.0,1021.0,1350.0,90.0,15.0,0.0,0.9999971510052679,0.6666222251849877,0.9999333377774815,13.5,14.5,0.014677089357055424,225.0,8100,1.0,1044484,750.0,125.0,-47.0,237.0,-3.6000000000000014
337,165.0,38.0,1.0,337.0,6.0,25,0.0,1022,91,14.8,0.0,0.66,2023,11,19,2,6,323,46,0.49999999999999994,0.8660254037844387,-0.5000000000000004,0.8660254037844384,-0.7818314824680299,0.6234898018587334,3,3,1,351.0,398.0,368.0,408.0,53.0,185.67,362.0,31.9530906173404,398.0,337.0,330.0,109.48789887471554,412.0,114.0,255.83333333333334,148.65936250571636,412.0,34.0,192.38875,124.85178375604129,412.0,34.0,15.0,22.1,21.0,90.0,31.0,37.0,1.0,1.0,0.33,1022.0,1020.0,1020.0,1346.8,60.06,9.768,0.0,0.9999970326497548,4.3419910002368365,0.02631509697113234,13.468,14.47,0.014481394832294686,219.04000000000002,8281,0.43560000000000004,1044484,884.0,147.33333333333334,-14.0,-31.0,-0.1999999999999993
419,320.0,33.0,1.0,419.0,6.0,25,0.0,1021,92,14.7,0.0,0.33,2023,11,19,3,6,323,46,0.7071067811865476,0.7071067811865476,-0.5000000000000004,0.8660254037844384,-0.7818314824680299,0.6234898018587334,3,3,1,337.0,351.0,398.0,412.0,93.0,182.0,369.0,43.86342439892224,419.0,337.0,331.1666666666667,110.56838004902941,419.0,114.0,283.0,145.9601439995301,419.0,34.0,202.26375,133.0948696235463,419.0,34.0,14.8,18.6,23.3,91.0,53.0,25.0,0.66,1.0,0.66,1022.0,1021.0,1019.0,1352.3999999999999,30.360000000000003,4.851,0.0,0.9999976133708512,9.696675858307325,0.03030211205721039,13.524,14.535,0.014397635261865561,216.08999999999997,8464,0.10890000000000001,1042441,1198.0,199.66666666666666,82.0,21.0,-0.10000000000000142
366,475.1,24.0,1.0,366.0,5.0,25,0.0,1021,93,14.5,0.0,1.6,2023,11,19,4,6,323,46,0.8660254037844386,0.5000000000000001,-0.5000000000000004,0.8660254037844384,-0.7818314824680299,0.6234898018587334,3,3,1,419.0,337.0,351.0,114.0,34.0,169.0,374.0,41.58124577258319,419.0,337.0,373.1666666666667,30.314462994857784,419.0,337.0,310.6666666666667,124.33483628955895,419.0,90.0,210.47208333333333,136.972491715583,419.0,34.0,14.7,15.0,25.7,92.0,90.0,18.0,0.33,1.0,1.0,1021.0,1022.0,1019.0,1348.5,148.8,23.200000000000003,0.0,0.999997267767028,19.79500854131078,0.0416649306278905,13.485,13.7,0.014201749067826574,210.25,8649,2.5600000000000005,1042441,1237.1,206.1833333333333,-53.0,15.0,-0.1999999999999993
303,2988.4,24.3,2.3,303.0,42.0,45,0.0,1021,91,15.2,0.0,1.2,2023,11,19,5,6,323,46,0.9659258262890683,0.25881904510252074,-0.5000000000000004,0.8660254037844384,-0.7818314824680299,0.6234898018587334,3,3,1,366.0,419.0,337.0,368.0,90.0,154.0,362.6666666666667,58.07179464536378,419.0,303.0,362.3333333333333,41.92215007208723,419.0,303.0,328.4166666666667,103.41220108542917,419.0,114.0,216.68041666666667,137.67651716280378,419.0,34.0,14.5,14.8,22.1,93.0,91.0,31.0,1.6,0.66,1.0,1021.0,1022.0,1020.0,1383.2,109.2,18.24,0.0,0.9999966996808592,122.97436319493025,0.09464631085140528,13.832,14.6,0.014887350746963028,231.04,8281,1.44,1042441,3663.0000000000005,610.5000000000001,-63.0,-34.0,0.6999999999999993
279,11.0,28.0,3.0,279.0,79.0,66,0.0,1021,89,16.0,0.0,1.6,2023,11,19,6,6,323,46,1.0,6.123233995736766e-17,-0.5000000000000004,0.8660254037844384,-0.7818314824680299,0.6234898018587334,3,0,1,303.0,366.0,419.0,398.0,126.0,162.0,316.0,44.93328387732159,366.0,279.0,342.5,49.192479099959364,419.0,279.0,341.1666666666667,83.74944595022463,419.0,114.0,221.55541666666667,137.7275737596941,419.0,34.0,15.2,14.7,18.6,91.0,92.0,53.0,1.2,0.33,1.0,1021.0,1021.0,1021.0,1424.0,142.4,25.6,0.0,0.9999964157834561,0.39284311274597333,0.10713903074890183,14.24,15.2,0.01567089552311898,256.0,7921,2.5600000000000005,1042441,679.0,113.16666666666667,-24.0,-140.0,0.8000000000000007
177,8015.0,25.0,5.0,177.0,116.0,87,0.0,1022,86,16.7,1.9,2.0,2023,11,19,7,6,323,46,0.9659258262890683,-0.25881904510252063,-0.5000000000000004,0.8660254037844384,-0.7818314824680299,0.6234898018587334,3,0,1,279.0,303.0,366.0,351.0,339.0,146.0,253.0,66.90291473471069,303.0,177.0,313.5,82.9113984926074,419.0,177.0,327.6666666666667,96.25376812773504,419.0,114.0,222.84708333333333,137.1322541097106,419.0,34.0,16.0,14.5,15.0,89.0,93.0,90.0,1.6,1.6,1.0,1021.0,1021.0,1022.0,1436.2,172.0,33.4,0.0,0.999994350314405,320.5871765129395,0.19999200031998718,14.362,15.7,0.016340492817521705,278.89,7396,4.0,1044484,8515.0,1419.1666666666667,-102.0,-189.0,0.6999999999999993
265,5396.4,86.0,1.1,304.0,12.0,79,0.0,1022,76,18.3,2.5,0.33,2023,11,19,8,6,323,46,0.8660254037844387,-0.4999999999999998,-0.5000000000000004,0.8660254037844384,-0.7818314824680299,0.6234898018587334,3,0,1,177.0,279.0,303.0,337.0,408.0,133.0,240.33333333333334,55.29315810598362,279.0,177.0,301.5,84.03273171806295,419.0,177.0,315.75,94.23483721774264,419.0,114.0,228.34708333333333,136.01458324878507,419.0,34.0,16.7,15.2,14.8,86.0,91.0,91.0,2.0,1.2,0.66,1022.0,1021.0,1022.0,1390.8,25.080000000000002,6.039000000000001,0.0,0.8717076588563855,62.748107580144406,0.012790548947105266,13.908,18.135,0.01790604901560762,334.89000000000004,5776,0.10890000000000001,1044484,6064.5,1010.75,88.0,-38.0,1.6000000000000014
276,2777.9,86.0,2.2,324.0,12.0,70,0.0,1022,66,19.9,3.7,0.66,2023,11,19,9,6,323,46,0.7071067811865476,-0.7071067811865475,-0.5000000000000004,0.8660254037844384,-0.7818314824680299,0.6234898018587334,3,0,1,265.0,177.0,279.0,419.0,412.0,125.33,239.33333333333334,54.261711485478436,276.0,177.0,277.6666666666667,61.22635598062825,366.0,177.0,304.4166666666667,89.67462226732705,419.0,114.0,234.625,134.5219595779654,419.0,34.0,18.3,16.0,14.7,76.0,89.0,92.0,0.33,1.6,0.33,1022.0,1021.0,1021.0,1313.3999999999999,43.56,13.134,0.0,0.8518492226875843,32.30078720014883,0.025581097894210533,13.133999999999999,19.57,0.019471605213693528,396.00999999999993,4356,0.43560000000000004,1044484,3478.1,579.6833333333333,11.0,-3.0,1.5999999999999979
238,159.3,74.0,4.3,282.0,12.0,62,0.0,1022,58,21.5,4.9,1.0,2023,11,19,10,6,323,46,0.49999999999999994,-0.8660254037844387,-0.5000000000000004,0.8660254037844384,-0.7818314824680299,0.6234898018587334,3,0,1,276.0,265.0,177.0,366.0,114.0,115.0,259.6666666666667,19.55334583474915,276.0,238.0,256.3333333333333,44.23422506008913,303.0,177.0,314.75,70.92137131422952,419.0,177.0,239.75,132.0873393531394,419.0,34.0,19.9,16.7,14.5,66.0,86.0,93.0,0.66,2.0,1.6,1022.0,1022.0,1021.0,1247.0,58.0,21.5,0.0,0.8439686384090838,2.1526736125187496,0.05810732287401521,12.47,21.0,0.021037161411779443,462.25,3364,1.0,1044484,769.6,128.26666666666668,-38.0,61.0,1.6000000000000014
185,141.2,49.0,6.5,206.0,14.0,54,0.0,1021,48,22.8,6.1,1.0,2023,11,19,11,6,323,46,0.258819045102521,-0.9659258262890682,-0.5000000000000004,0.8660254037844384,-0.7818314824680299,0.6234898018587334,3,0,1,238.0,276.0,265.0,303.0,368.0,101.0,198.66666666666666,102.80726303784816,276.0,82.0,219.5,77.27548123434728,279.0,82.0,290.9166666666667,95.27420554601416,419.0,82.0,238.95833333333334,133.00881931094966,419.0,34.0,21.5,18.3,15.2,58.0,76.0,91.0,1.0,0.33,1.2,1022.0,1022.0,1021.0,1094.4,48.0,22.8,0.0,0.3980563201149509,2.881573845431726,0.13265035407440665,10.944,22.3,0.022331026120444547,519.84,2304,1.0,1042441,498.7,83.11666666666666,-156.0,-183.0,1.3000000000000007
165,123.1,49.0,7.6,170.0,14.0,45,0.0,1019,40,24.2,6.3,1.0,2023,11,19,12,6,323,46,1.2246467991473532e-16,-1.0,-0.5000000000000004,0.8660254037844384,-0.7818314824680299,0.6234898018587334,3,1,1,82.0,238.0,276.0,279.0,398.0,150.0,129.0,94.6942448092806,238.0,67.0,184.16666666666666,91.74184795755224,276.0,67.0,263.3333333333333,108.45638698936911,419.0,67.0,235.5,136.45671395211303,419.0,34.0,22.8,19.9,16.0,48.0,66.0,89.0,1.0,0.66,1.6,1021.0,1022.0,1021.0,968.0,40.0,24.2,0.0,0.39411532873336036,2.5121936287014552,0.15509887553315238,9.68,23.7,0.02374875000122669,585.64,1600,1.0,1038361,430.7,71.78333333333333,-15.0,-209.0,1.3999999999999986
156,105.0,41.0,9.7,150.0,12.0,37,0.0,1018,33,25.5,5.4,1.0,2023,11,19,13,6,323,46,-0.2588190451025208,-0.9659258262890683,-0.5000000000000004,0.8660254037844384,-0.7818314824680299,0.6234898018587334,3,1,1,67.0,82.0,238.0,177.0,351.0,57.0,69.66666666666667,11.23981020005679,82.0,60.0,164.66666666666666,105.04030972282324,276.0,60.0,239.08333333333334,119.0847355559232,419.0,60.0,235.625,136.2873602547848,419.0,34.0,24.2,21.5,16.7,40.0,58.0,86.0,1.0,1.0,2.0,1019.0,1022.0,1022.0,841.5,33.0,25.5,0.0,0.399997333351111,2.560913148459794,0.23657959561961903,8.415,25.0,0.025049091307375926,650.25,1089,1.0,1036324,377.7,62.949999999999996,-7.0,-178.0,1.3000000000000007
131,106.4,33.0,9.7,120.0,12.0,29,0.0,1018,30,25.5,3.8,0.66,2023,11,19,14,6,323,46,-0.4999999999999997,-0.8660254037844388,-0.5000000000000004,0.8660254037844384,-0.7818314824680299,0.6234898018587334,3,1,1,60.0,67.0,82.0,265.0,337.0,53.0,58.0,10.148891565090617,67.0,47.0,128.33333333333334,101.0201300071755,276.0,47.0,214.91666666666666,126.59632217358727,419.0,47.0,235.375,136.64196710349697,419.0,34.0,25.5,22.8,18.3,33.0,48.0,76.0,1.0,1.0,0.33,1018.0,1021.0,1022.0,765.0,19.8,16.830000000000002,0.0,0.39166340280497663,3.2241447228871856,0.2939304869549408,7.65,25.17,0.025049091307375926,650.25,900,0.43560000000000004,1036324,328.1,54.68333333333334,-13.0,-35.0,0.0
143,107.8,35.7,9.7,114.0,12.0,20,0.0,1017,26,25.6,3.0,0.33,2023,11,19,15,6,323,46,-0.7071067811865471,-0.7071067811865479,-0.5000000000000004,0.8660254037844384,-0.7818314824680299,0.6234898018587334,3,1,1,47.0,60.0,67.0,276.0,419.0,93.0,52.776666666666664,6.61963997006642,60.0,47.0,90.88833333333334,73.12541840336127,238.0,47.0,184.2775,116.82870320765242,366.0,47.0,233.63875,138.77776993742353,419.0,34.0,25.5,24.2,19.9,30.0,40.0,66.0,0.66,1.0,0.66,1018.0,1019.0,1022.0,665.6,8.58,8.448,0.0,0.45025920825255916,3.019523262653707,0.27170107279908123,6.656000000000001,25.435000000000002,0.02517204997831861,655.3600000000001,676,0.10890000000000001,1034289,330.53,55.08833333333333,4.329999999999998,-15.670000000000002,0.10000000000000142
131,109.1,33.0,9.7,96.0,12.0,12,0.0,1017,23,25.6,2.0,1.2,2023,11,19,16,6,323,46,-0.8660254037844385,-0.5000000000000004,-0.5000000000000004,0.8660254037844384,-0.7818314824680299,0.6234898018587334,3,1,1,51.33,47.0,60.0,238.0,366.0,34.0,48.44333333333333,2.499926665584638,51.33,47.0,59.055,13.717220928452882,82.0,47.0,157.69416666666666,107.6527947919378,303.0,47.0,234.18041666666667,137.98779840447705,419.0,47.0,25.6,25.5,21.5,26.0,33.0,58.0,0.33,1.0,1.0,1017.0,1018.0,1022.0,588.8000000000001,27.599999999999998,30.72,0.0,0.4895782335600671,3.3059604254416532,0.2939304869549408,5.888000000000001,25.0,0.02517204997831861,655.3600000000001,529,1.44,1034289,306.79999999999995,51.133333333333326,-4.329999999999998,-13.0,0.0
118,476.1,42.3,11.9,52.5,13.3,13,0.0,1017,32,23.6,2.0,1.6,2023,11,19,17,6,323,46,-0.9659258262890683,-0.25881904510252063,-0.5000000000000004,0.8660254037844384,-0.7818314824680299,0.6234898018587334,3,1,1,47.0,51.33,47.0,82.0,303.0,90.0,46.776666666666664,4.669007746117068,51.33,42.0,52.38833333333333,9.365298535906561,67.0,42.0,135.94416666666666,101.83541600930296,279.0,42.0,232.18041666666667,140.49351953116457,419.0,42.0,25.6,25.5,22.8,23.0,30.0,48.0,1.2,0.66,1.0,1017.0,1018.0,1021.0,755.2,51.2,37.760000000000005,0.0,0.7999847621950058,11.255053072031396,0.28131722654310776,7.5520000000000005,22.8,0.023205483573762467,556.96,1024,2.5600000000000005,1034289,638.0999999999999,106.34999999999998,-5.0,-5.0,-2.0
267,843.0,51.7,14.1,362.0,14.7,15,0.0,1017,44,21.5,0.0,2.0,2023,11,19,18,6,323,46,-1.0,-1.8369701987210297e-16,-0.5000000000000004,0.8660254037844384,-0.7818314824680299,0.6234898018587334,3,2,1,42.0,47.0,51.33,67.0,279.0,126.0,118.66666666666667,128.48475914805343,267.0,42.0,85.72166666666665,89.01296993509793,267.0,42.0,134.94416666666666,100.3510345517473,276.0,42.0,238.05541666666667,138.7981980831282,419.0,42.0,23.6,25.6,24.2,32.0,26.0,40.0,1.6,0.33,1.0,1017.0,1017.0,1019.0,946.0,88.0,43.0,0.0,0.7375670232955158,16.305293901471924,0.27272199764027777,9.46,20.5,0.021140588848978518,462.25,1936,4.0,1034289,1552.5000000000002,258.75000000000006,225.0,215.67000000000002,-2.1000000000000014
389,1210.0,61.0,16.2,495.0,16.0,16,0.0,1017,60,19.5,0.0,2.0,2023,11,19,19,6,323,46,-0.9659258262890684,0.2588190451025203,-0.5000000000000004,0.8660254037844384,-0.7818314824680299,0.6234898018587334,3,2,1,267.0,42.0,47.0,60.0,177.0,339.0,228.66666666666666,170.75811352124177,377.0,42.0,138.55499999999998,146.32145485197984,377.0,42.0,151.61083333333332,122.2005175899118,377.0,42.0,239.63875,140.2093522996334,419.0,42.0,21.5,25.6,25.5,44.0,23.0,33.0,2.0,1.2,1.0,1017.0,1017.0,1018.0,1170.0,120.0,39.0,0.0,0.7616146230007617,19.835740397698398,0.265569416894805,11.7,18.5,0.019174022444422376,380.25,3600,4.0,1034289,2175.2,362.5333333333333,110.0,330.0,-2.0
487,1008.0,61.0,27.0,591.0,14.0,17,0.0,1018,65,19.3,0.0,2.0,2023,11,19,20,6,323,46,-0.8660254037844386,0.5000000000000001,-0.5000000000000004,0.8660254037844384,-0.7818314824680299,0.6234898018587334,3,2,1,377.0,267.0,42.0,47.0,265.0,408.0,363.3333333333333,90.27919657004759,446.0,267.0,205.05499999999998,182.56859026130414,446.0,42.0,166.69416666666666,146.26887647929436,446.0,42.0,241.22208333333333,142.39084685956524,446.0,42.0,19.5,23.6,25.5,60.0,32.0,30.0,2.0,1.6,0.66,1017.0,1017.0,1018.0,1254.5,130.0,38.6,0.0,0.7546518533809587,16.524319273454534,0.442615694824675,12.545,18.3,0.018958724009111975,372.49,4225,4.0,1036324,2147.0,357.8333333333333,69.0,404.0,-0.1999999999999993
455,874.0,72.3,23.4,559.0,14.7,19,0.0,1018,69,19.2,0.0,2.0,2023,11,19,21,6,323,46,-0.7071067811865477,0.7071067811865474,-0.5000000000000004,0.8660254037844384,-0.7818314824680299,0.6234898018587334,3,2,1,446.0,377.0,267.0,51.33,276.0,412.0,415.3333333333333,35.13308032799419,446.0,377.0,267.0,183.03114489069873,446.0,42.0,178.94416666666666,161.60687189812472,446.0,42.0,241.68041666666667,142.980934833655,446.0,42.0,19.3,21.5,25.6,65.0,44.0,26.0,2.0,2.0,0.33,1018.0,1017.0,1017.0,1324.8,138.0,38.4,0.0,0.7567070541913163,12.088352858190067,0.3236469758371253,13.248,18.2,0.018860492278494814,368.64,4761,4.0,1036324,1966.3999999999999,327.7333333333333,-23.0,156.0,-0.10000000000000142
487,706.0,78.0,27.0,591.0,14.0,20,0.0,1019,74,19.0,0.0,0.8,2023,11,19,22,6,323,46,-0.5000000000000004,0.8660254037844384,-0.5000000000000004,0.8660254037844384,-0.7818314824680299,0.6234898018587334,3,3,1,423.0,446.0,377.0,47.0,238.0,114.0,438.3333333333333,13.279056191359881,446.0,423.0,333.5,157.86671593467682,446.0,42.0,196.2775,178.7610097880812,446.0,42.0,255.51375,146.11685829031003,446.0,42.0,19.2,19.5,25.6,69.0,60.0,23.0,2.0,2.0,1.2,1018.0,1017.0,1017.0,1406.0,59.2,15.200000000000001,0.0,0.7546518533809587,9.05116601069217,0.3461494083409187,14.06,18.6,0.018645712810880462,361.0,5476,0.6400000000000001,1038361,1862.0,310.3333333333333,23.0,69.0,-0.1999999999999993
319,706.0,78.0,15.1,371.0,16.0,4,0.0,1019,79,18.0,0.0,0.0,2023,11,19,23,6,323,46,-0.25881904510252157,0.9659258262890681,-0.5000000000000004,0.8660254037844384,-0.7818314824680299,0.6234898018587334,3,3,1,446.0,423.0,446.0,42.0,82.0,368.0,396.0,67.66830868286839,446.0,319.0,379.6666666666667,73.56539041333635,446.0,267.0,216.0275,178.07843007174705,446.0,42.0,253.47208333333333,144.81328911452422,446.0,42.0,19.0,19.3,23.6,74.0,65.0,32.0,0.8,2.0,1.6,1019.0,1018.0,1017.0,1422.0,0.0,0.0,0.0,0.859835957315479,9.05116601069217,0.19358726170177304,14.22,18.0,0.017664359505044646,324.0,6241,0.0,1038361,1505.1,250.85,-127.0,-127.0,-1.0
296,426.4,200.0,2.2,314.0,32.0,2,0.0,1018,85,17.0,0.0,0.8,2023,11,20,0,0,324,47,0.0,1.0,-0.5000000000000004,0.8660254037844384,0.0,1.0,3,3,0,319.0,446.0,423.0,267.0,67.0,398.0,353.6666666666667,80.78572481158595,446.0,296.0,384.5,65.1544319290709,446.0,296.0,235.11083333333332,172.84978278358713,446.0,42.0,249.22208333333333,141.85375892643125,446.0,42.0,18.0,19.2,21.5,79.0,69.0,44.0,0.0,2.0,2.0,1019.0,1018.0,1017.0,1445.0,68.0,13.600000000000001,0.0,0.9426721570950412,2.1319893400532997,0.010999945000275,14.45,16.6,0.016699394204917284,289.0,7225,0.6400000000000001,1036324,1270.6,211.76666666666665,-23.0,-127.0,-1.0
313,286.5,177.0,2.2,330.0,42.0,1,0.0,1018,91,16.0,0.0,1.2,2023,11,20,1,0,324,47,0.25881904510252074,0.9659258262890683,-0.5000000000000004,0.8660254037844384,0.0,1.0,3,3,0,296.0,319.0,446.0,377.0,60.0,351.0,309.3333333333333,11.930353445447254,319.0,296.0,373.8333333333333,71.55254479518253,446.0,296.0,256.19416666666666,164.79087477264406,446.0,42.0,247.63875,140.8770597029324,446.0,42.0,17.0,19.0,19.5,85.0,74.0,60.0,0.8,0.8,2.0,1018.0,1019.0,1017.0,1456.0,109.2,19.2,0.0,0.9484819742970476,1.6186349229665369,0.012429308308992606,14.56,15.4,0.01571707689874568,256.0,8281,1.44,1036324,1150.7,191.78333333333333,17.0,-133.0,-1.0
328,275.7,223.0,2.2,344.0,47.0,1,0.0,1018,92,15.7,0.0,1.6,2023,11,20,2,0,324,47,0.49999999999999994,0.8660254037844387,-0.5000000000000004,0.8660254037844384,0.0,1.0,3,3,0,313.0,296.0,319.0,446.0,47.0,337.0,312.3333333333333,16.010413278029247,328.0,296.0,354.1666666666667,63.51509007052266,446.0,296.0,279.61083333333335,151.81632188322652,446.0,42.0,247.26375,140.64062734231257,446.0,42.0,16.0,18.0,19.3,91.0,79.0,65.0,1.2,0.0,2.0,1018.0,1019.0,1018.0,1444.3999999999999,147.20000000000002,25.12,0.0,0.9534856003325572,1.2363173259312739,0.009865426612436716,14.443999999999999,14.899999999999999,0.015422381706894197,246.48999999999998,8464,2.5600000000000005,1036324,1219.9,203.3166666666667,15.0,9.0,-0.3000000000000007
325,264.8,218.3,1.4,344.7,42.0,1,0.0,1018,93,15.3,0.0,1.2,2023,11,20,3,0,324,47,0.7071067811865476,0.7071067811865476,-0.5000000000000004,0.8660254037844384,0.0,1.0,3,3,0,328.0,313.0,296.0,423.0,51.33,419.0,322.22333333333336,8.07215171644435,328.0,313.0,337.945,54.15904495095849,446.0,296.0,302.4725,133.91570952213974,446.0,42.0,243.375,136.92688350388707,446.0,42.0,15.7,17.0,19.2,92.0,85.0,69.0,1.6,0.8,2.0,1018.0,1018.0,1018.0,1422.9,111.6,18.36,0.0,0.9447898323474548,1.2130040631971453,0.0064131634761178365,14.229000000000001,14.700000000000001,0.015029454784425557,234.09000000000003,8649,1.44,1036324,1196.8700000000001,199.47833333333335,-2.329999999999984,29.670000000000016,-0.3999999999999986
332,253.9,239.0,1.1,352.0,42.0,1,0.0,1018,94,15.0,0.0,1.6,2023,11,20,4,0,324,47,0.8660254037844386,0.5000000000000001,-0.5000000000000004,0.8660254037844384,0.0,1.0,3,3,0,325.67,328.0,313.0,446.0,47.0,366.0,328.5566666666667,3.2015048544856337,332.0,325.67,318.945,13.110840934125633,332.0,296.0,326.2225,107.07028907345239,446.0,42.0,241.95833333333334,135.77405722188925,446.0,42.0,15.3,16.0,19.0,93.0,91.0,74.0,1.2,1.2,0.8,1018.0,1018.0,1019.0,1410.0,150.4,24.0,0.0,0.9431791386956287,1.0623386513027142,0.004602491202965678,14.1,14.2,0.014734759592574075,225.0,8836,2.5600000000000005,1036324,1220.0,203.33333333333334,6.329999999999984,19.0,-0.3000000000000007
352,309.9,200.0,1.1,376.0,42.0,1,0.0,1018,93,15.5,0.0,1.6,2023,11,20,5,0,324,47,0.9659258262890683,0.25881904510252074,-0.5000000000000004,0.8660254037844384,0.0,1.0,3,3,0,332.0,325.67,328.0,319.0,42.0,303.0,336.5566666666667,13.743712501842243,352.0,325.67,324.445,18.81808040156975,352.0,296.0,352.05583333333334,58.75854405311926,446.0,267.0,244.0,137.0938614995933,446.0,42.0,15.0,15.7,18.0,94.0,92.0,79.0,1.6,1.6,0.0,1018.0,1018.0,1019.0,1441.5,148.8,24.8,0.0,0.9361677229581837,1.5494922525387371,0.0054999725001375,14.415,14.7,0.015225918245659878,240.25,8649,2.5600000000000005,1036324,1281.0,213.5,20.0,24.0,0.5
320,365.9,177.0,1.1,346.0,37.0,1,0.0,1019,91,16.0,0.0,1.6,2023,11,20,6,0,324,47,1.0,6.123233995736766e-17,-0.5000000000000004,0.8660254037844384,0.0,1.0,3,0,0,352.0,332.0,325.67,296.0,267.0,279.0,334.6666666666667,16.16580753730834,352.0,320.0,328.445,13.305944160409776,352.0,313.0,356.4725,53.544569222113935,446.0,296.0,245.70833333333334,137.80258029598716,446.0,42.0,15.5,15.3,17.0,93.0,93.0,85.0,1.6,1.2,0.8,1018.0,1018.0,1018.0,1456.0,145.6,25.6,0.0,0.9248528183444558,2.06721995920927,0.006214654154496303,14.56,15.2,0.015701652893373018,256.0,8281,2.5600000000000005,1038361,1247.0,207.83333333333334,-32.0,-5.670000000000016,0.5
296,421.9,193.0,1.1,324.0,37.0,1,0.0,1019,89,16.5,2.1,2.0,2023,11,20,7,0,324,47,0.9659258262890683,-0.25881904510252063,-0.5000000000000004,0.8660254037844384,0.0,1.0,3,0,0,320.0,352.0,332.0,313.0,377.0,177.0,322.6666666666667,28.095076674273297,352.0,296.0,325.6116666666667,18.172529176386256,352.0,296.0,349.7225,55.780433865941376,446.0,296.0,250.66666666666666,137.3630624252411,446.0,42.0,16.0,15.0,16.0,91.0,94.0,91.0,1.6,1.6,1.2,1019.0,1018.0,1018.0,1468.5,178.0,33.0,0.0,0.9135774272301629,2.1859990362744233,0.005699452334443863,14.685,15.5,0.016192329546290928,272.25,7921,4.0,1038361,1273.0,212.16666666666666,-24.0,-36.0,0.5
259,351.5,170.0,2.2,300.0,42.0,7,0.0,1019,78,18.3,2.7,1.2,2023,11,20,8,0,324,47,0.8660254037844387,-0.4999999999999998,-0.5000000000000004,0.8660254037844384,0.0,1.0,3,0,0,296.0,320.0,352.0,328.0,446.0,265.0,291.6666666666667,30.730007050654844,320.0,259.0,314.1116666666667,32.52418817844052,352.0,259.0,334.13916666666665,52.46051024919594,446.0,259.0,250.41666666666666,137.3412998990876,446.0,42.0,16.5,15.5,15.7,89.0,93.0,92.0,2.0,1.6,1.6,1019.0,1018.0,1018.0,1427.4,93.6,21.96,0.0,0.8633304555651482,2.067634896265316,0.01294110034646855,14.274000000000001,17.7,0.01795876549679539,334.89000000000004,6084,1.44,1038361,1124.7,187.45000000000002,-37.0,-93.0,1.8000000000000007
230,504.0,131.0,11.9,230.0,42.0,4,0.0,1020,69,20.2,4.0,1.6,2023,11,20,9,0,324,47,0.7071067811865476,-0.7071067811865475,-0.5000000000000004,0.8660254037844384,0.0,1.0,3,0,0,259.0,296.0,320.0,325.67,423.0,276.0,261.6666666666667,33.08070938376771,296.0,230.0,298.1666666666667,46.27058100636527,352.0,230.0,318.05583333333334,52.32572068014832,446.0,230.0,248.5,137.28971553362783,446.0,42.0,18.3,16.0,15.3,78.0,91.0,93.0,1.2,1.6,1.2,1019.0,1019.0,1018.0,1393.8,110.4,32.32,0.0,0.9999956521928165,3.847298875581102,0.09083900122899825,13.937999999999999,19.4,0.019803902153037106,408.03999999999996,4761,2.5600000000000005,1040400,1148.9,191.48333333333335,-29.0,-90.0,1.8999999999999986
165,210.7,27.0,106.0,96.0,344.0,0,0.0,1020,60,22.0,5.5,1.6,2023,11,20,10,0,324,47,0.49999999999999994,-0.8660254037844387,-0.5000000000000004,0.8660254037844384,0.0,1.0,3,0,0,230.0,259.0,296.0,332.0,446.0,238.0,185.33333333333334,103.50040257570645,259.0,67.0,254.0,101.28573443481538,352.0,67.0,286.4725,76.75642100768523,352.0,67.0,241.375,142.20749426836497,446.0,42.0,20.2,16.5,15.0,69.0,89.0,94.0,1.6,2.0,1.6,1020.0,1019.0,1018.0,1320.0,96.0,35.2,0.0,0.6979093967771168,7.803414688344875,3.925780526647161,13.2,21.2,0.021568606305287938,484.0,3600,2.5600000000000005,1040400,850.7,141.78333333333333,-163.0,-229.0,1.8000000000000007
230,185.4,170.0,4.3,282.0,42.0,0,0.0,1019,53,23.3,6.7,1.6,2023,11,20,11,0,324,47,0.258819045102521,-0.9659258262890682,-0.5000000000000004,0.8660254037844384,0.0,1.0,3,0,0,67.0,230.0,259.0,352.0,319.0,82.0,175.66666666666666,94.10809387790884,230.0,67.0,233.66666666666666,89.20239159723585,320.0,67.0,279.05583333333334,77.6226604048925,352.0,67.0,247.54166666666666,138.14684627682234,446.0,42.0,22.0,18.3,15.5,60.0,78.0,93.0,1.6,1.2,1.6,1020.0,1019.0,1018.0,1234.9,84.80000000000001,37.28,0.0,0.8155999446810474,1.0905818201069406,0.02529396885900671,12.349,22.5,0.02286553202597446,542.89,2809,2.5600000000000005,1038361,913.7,152.28333333333333,163.0,-29.0,1.3000000000000007
217,160.1,116.0,10.8,242.0,37.0,0,0.0,1017,47,24.7,6.9,1.6,2023,11,20,12,0,324,47,1.2246467991473532e-16,-1.0,-0.5000000000000004,0.8660254037844384,0.0,1.0,3,1,0,230.0,67.0,230.0,320.0,296.0,67.0,171.33333333333334,90.58881461490321,230.0,67.0,216.5,78.5385255782151,296.0,67.0,272.4725,79.38501680532512,352.0,67.0,253.79166666666666,132.9178687456437,446.0,42.0,23.3,20.2,16.0,53.0,69.0,91.0,1.6,1.6,1.6,1019.0,1020.0,1019.0,1160.8999999999999,75.2,39.52,0.0,0.896690509543349,1.3801605158576218,0.0931026456668477,11.608999999999998,23.9,0.024287095096268342,610.0899999999999,2209,2.5600000000000005,1034289,782.9000000000001,130.48333333333335,-13.0,-13.0,1.3999999999999986
195,134.8,100.0,10.8,214.0,37.0,0,0.0,1016,41,26.0,6.1,1.2,2023,11,20,13,0,324,47,-0.2588190451025208,-0.9659258262890683,-0.5000000000000004,0.8660254037844384,0.0,1.0,3,1,0,217.0,230.0,67.0,296.0,313.0,60.0,178.66666666666666,77.92517778826881,230.0,89.0,182.0,82.01950987417536,259.0,67.0,253.80583333333334,93.98265627795664,352.0,67.0,255.0,131.20026474655194,446.0,42.0,24.7,22.0,16.5,47.0,60.0,89.0,1.6,1.6,2.0,1017.0,1020.0,1019.0,1066.0,49.199999999999996,31.2,0.0,0.41588590707520057,1.3479865201347987,0.10799892001079989,10.66,25.4,0.02559052599357678,676.0,1681,1.44,1032256,585.6,97.60000000000001,-128.0,22.0,1.3000000000000007
169,132.3,85.0,9.7,166.0,37.0,0,0.0,1016,39,26.2,4.6,0.8,2023,11,20,14,0,324,47,-0.4999999999999997,-0.8660254037844388,-0.5000000000000004,0.8660254037844384,0.0,1.0,3,1,0,89.0,217.0,230.0,259.0,328.0,47.0,125.33333333333333,79.95206897468822,217.0,70.0,150.5,82.82209850033958,230.0,67.0,232.30583333333334,104.39999411862833,352.0,67.0,255.95833333333334,129.6902121836185,446.0,42.0,26.0,23.3,18.3,41.0,53.0,78.0,1.2,1.6,1.2,1016.0,1019.0,1019.0,1021.8,31.200000000000003,20.96,0.0,0.42168420672164625,1.556452277032035,0.11411630451406453,10.218,25.8,0.02578737619352737,686.4399999999999,1521,0.6400000000000001,1032256,500.0,83.33333333333333,-19.0,-160.0,0.1999999999999993
155,129.8,77.0,9.7,134.0,37.0,0,0.0,1016,37,26.3,3.2,0.4,2023,11,20,15,0,324,47,-0.7071067811865471,-0.7071067811865479,-0.5000000000000004,0.8660254037844384,0.0,1.0,3,1,0,70.0,89.0,217.0,230.0,325.67,51.33,72.66666666666667,15.176736583775204,89.0,59.0,122.0,79.34229641244292,230.0,59.0,210.08333333333334,110.89918299013172,352.0,59.0,256.27791666666667,129.17245890262126,446.0,42.0,26.2,24.7,20.2,39.0,47.0,69.0,0.8,1.6,1.6,1016.0,1017.0,1020.0,973.1,14.8,10.520000000000001,0.0,0.44029522167745017,1.685692393605278,0.12597238996896143,9.731,26.1,0.025885801293502667,691.69,1369,0.16000000000000003,1032256,446.5,74.41666666666667,-11.0,-158.0,0.10000000000000142
153,127.2,85.0,10.8,130.0,37.0,0,0.0,1015,35,26.5,2.3,0.4,2023,11,20,16,0,324,47,-0.8660254037844385,-0.5000000000000004,-0.5000000000000004,0.8660254037844384,0.0,1.0,3,1,0,59.0,70.0,89.0,67.0,332.0,47.0,61.333333333333336,7.767453465151927,70.0,55.0,120.0,81.1369213120633,230.0,55.0,187.0,112.03814285566048,352.0,55.0,256.61125,128.6180631479688,446.0,42.0,26.3,26.0,22.0,37.0,41.0,60.0,0.4,1.2,1.6,1016.0,1016.0,1020.0,927.5,14.0,10.600000000000001,0.0,0.4230736686640872,1.4964529829060833,0.12705732873730896,9.275,26.3,0.026108348661725456,702.25,1225,0.16000000000000003,1030225,445.0,74.16666666666667,-4.0,-34.0,0.1999999999999993
237,488.1,100.3,12.3,227.3,40.3,0,0.0,1016,43,24.5,2.0,1.2,2023,11,20,17,0,324,47,-0.9659258262890683,-0.25881904510252063,-0.5000000000000004,0.8660254037844384,0.0,1.0,3,1,0,55.0,59.0,70.0,230.0,352.0,42.0,78.33333333333333,37.00450423034067,121.0,55.0,101.83333333333333,61.3788780173328,217.0,55.0,167.75,100.34587911093004,320.0,55.0,259.90291666666667,123.80776169667507,446.0,55.0,26.5,26.2,23.3,35.0,39.0,53.0,0.4,0.8,1.6,1015.0,1016.0,1019.0,1053.5,51.6,29.4,0.0,0.5323337776780568,4.8663522796382885,0.12263088104804538,10.535,23.9,0.02411414949394735,600.25,1849,1.44,1032256,989.3,164.88333333333333,66.0,51.0,-2.0
175,849.1,247.0,7.6,194.0,32.0,1,0.0,1016,54,22.5,0.0,2.0,2023,11,20,18,0,324,47,-1.0,-1.8369701987210297e-16,-0.5000000000000004,0.8660254037844384,0.0,1.0,3,2,0,121.0,55.0,59.0,217.0,320.0,267.0,83.33333333333333,33.9754813554319,121.0,55.0,78.0,24.248711305963337,121.0,55.0,147.25,91.11842943015486,296.0,55.0,251.86125,129.46542376458504,446.0,55.0,24.5,26.3,24.7,43.0,37.0,47.0,1.2,0.4,1.6,1016.0,1016.0,1017.0,1215.0,108.0,45.0,0.0,0.38144133277663517,3.4376379042999825,0.030769106197950615,12.15,21.5,0.022145647494441444,506.25,2916,4.0,1032256,1403.6999999999998,233.94999999999996,-47.0,15.0,-2.0
297,1210.0,131.0,15.1,422.0,47.0,1,0.0,1017,66,20.5,0.0,2.4,2023,11,20,19,0,324,47,-0.9659258262890684,0.2588190451025203,-0.5000000000000004,0.8660254037844384,0.0,1.0,3,2,0,74.0,121.0,55.0,89.0,296.0,377.0,149.33333333333334,92.80265800791108,253.0,74.0,105.33333333333333,76.10694230270073,253.0,55.0,143.66666666666666,85.40314379281888,259.0,55.0,246.69458333333333,126.69901516309115,446.0,55.0,22.5,26.5,26.0,54.0,35.0,41.0,2.0,0.4,1.2,1016.0,1015.0,1016.0,1353.0,158.4,49.199999999999996,0.0,0.5995246456761951,9.236570713200662,0.11526629567713223,13.53,19.3,0.020157305646700447,420.25,4356,5.76,1034289,2078.1,346.34999999999997,179.0,198.0,-2.0
259,504.0,146.0,23.8,362.0,42.0,1,0.0,1017,69,20.2,0.0,2.4,2023,11,20,20,0,324,47,-0.8660254037844386,0.5000000000000001,-0.5000000000000004,0.8660254037844384,0.0,1.0,3,2,0,253.0,74.0,121.0,70.0,259.0,446.0,195.33333333333334,105.12056570116667,259.0,74.0,136.83333333333334,95.26051997898509,259.0,55.0,143.66666666666666,85.40314379281888,259.0,55.0,238.90291666666667,119.45209385316733,446.0,55.0,20.5,24.5,26.2,66.0,43.0,39.0,2.4,1.2,0.8,1017.0,1016.0,1016.0,1393.8,165.6,48.48,0.0,0.7154676368297326,3.452031150471572,0.16301258210560202,13.937999999999999,19.0,0.019862320686017024,408.03999999999996,4761,5.76,1034289,1336.8,222.79999999999998,6.0,138.0,-0.3000000000000007
236,504.0,146.0,16.2,290.0,42.0,1,0.0,1017,72,20.0,0.0,2.4,2023,11,20,21,0,324,47,-0.7071067811865477,0.7071067811865474,-0.5000000000000004,0.8660254037844384,0.0,1.0,3,2,0,259.0,253.0,74.0,59.0,230.0,423.0,249.33333333333334,11.930353445447409,259.0,236.0,166.33333333333334,93.73082026028905,259.0,55.0,144.16666666666666,85.97022035495034,259.0,55.0,231.11125,112.83734192700689,446.0,55.0,20.2,22.5,26.3,69.0,54.0,37.0,2.4,2.0,0.4,1017.0,1016.0,1016.0,1440.0,172.79999999999998,48.0,0.0,0.8137902972748371,3.452031150471572,0.11095814412230053,14.4,18.8,0.01966566404556141,400.0,5184,5.76,1034289,1234.2,205.70000000000002,-23.0,162.0,-0.1999999999999993
191,243.4,17.0,82.0,125.0,106.0,1,0.0,1018,75,19.7,0.0,2.0,2023,11,20,22,0,324,47,-0.5000000000000004,0.8660254037844384,-0.5000000000000004,0.8660254037844384,0.0,1.0,3,3,0,236.0,259.0,253.0,55.0,67.0,446.0,193.66666666666666,93.94856748952215,259.0,86.0,171.5,86.97758331892159,259.0,74.0,145.75,84.5836057616149,259.0,55.0,216.11125,106.79566264244637,352.0,55.0,20.0,20.5,26.5,72.0,66.0,35.0,2.4,2.4,0.4,1017.0,1017.0,1015.0,1477.5,150.0,39.4,0.0,0.6879944960440316,14.316804893829774,4.823245691429915,14.775,18.7,0.019351650931580616,388.09,5625,4.0,1036324,659.4,109.89999999999999,-150.0,-167.0,-0.3000000000000007
226,706.0,146.0,15.1,256.0,42.0,1,0.0,1017,79,19.0,0.0,0.33,2023,11,20,23,0,324,47,-0.25881904510252157,0.9659258262890681,-0.5000000000000004,0.8660254037844384,0.0,1.0,3,3,0,86.0,236.0,259.0,121.0,230.0,319.0,182.66666666666666,83.86497083606062,236.0,86.0,189.0,85.33229166030843,259.0,74.0,145.41666666666666,84.22854011376963,259.0,55.0,212.23625,104.56400772451833,352.0,55.0,19.7,20.2,24.5,75.0,69.0,43.0,2.0,2.4,1.2,1018.0,1017.0,1016.0,1501.0,26.07,6.2700000000000005,0.0,0.8828090515271425,4.83558331792248,0.1034239491510332,15.01,18.835,0.01868238084328334,361.0,6241,0.10890000000000001,1034289,1391.1,231.85,140.0,-33.0,-0.6999999999999993
290,706.0,131.0,21.6,417.0,105.0,2,0.0,1017,84,18.2,0.0,0.66,2023,11,21,0,1,325,47,0.0,1.0,-0.5000000000000004,0.8660254037844384,0.7818314824680298,0.6234898018587336,3,3,0,226.0,86.0,236.0,74.0,217.0,296.0,187.33333333333334,88.57388629462578,250.0,86.0,218.33333333333334,65.94138811601259,259.0,86.0,148.16666666666666,87.26223106073382,259.0,55.0,210.31958333333333,103.37670616768457,352.0,55.0,19.0,20.0,22.5,79.0,72.0,54.0,0.33,2.4,2.0,1017.0,1017.0,1016.0,1528.8,55.440000000000005,12.012,0.0,0.5995189459977315,5.38927183761956,0.1648842375249044,15.288,17.87,0.017895754281460882,331.23999999999995,7056,0.43560000000000004,1034289,1630.6,271.76666666666665,24.0,14.0,-0.8000000000000007
309,243.4,170.0,3.2,320.0,100.0,1,0.0,1017,89,17.5,0.0,1.0,2023,11,21,1,1,325,47,0.25881904510252074,0.9659258262890683,-0.5000000000000004,0.8660254037844384,0.7818314824680298,0.6234898018587336,3,3,0,250.0,226.0,86.0,253.0,89.0,313.0,261.6666666666667,42.712215270731335,309.0,226.0,227.66666666666666,75.14962851981775,309.0,86.0,166.5,96.33983411011027,309.0,55.0,210.15291666666667,103.20704974569435,352.0,55.0,18.2,19.7,20.5,84.0,75.0,66.0,0.66,2.0,2.4,1017.0,1018.0,1017.0,1557.5,89.0,17.5,0.0,0.9656219824313049,1.431756283786566,0.018823418685772437,15.575,17.0,0.017207456039866235,306.25,7921,1.0,1034289,1145.6,190.9333333333333,59.0,223.0,-0.6999999999999993
299,259.7,154.0,3.2,304.0,79.0,1,0.0,1016,90,17.0,0.0,1.0,2023,11,21,2,1,325,47,0.49999999999999994,0.8660254037844387,-0.5000000000000004,0.8660254037844384,0.7818314824680298,0.6234898018587336,3,3,0,309.0,250.0,226.0,259.0,70.0,328.0,286.0,31.575306807693277,309.0,250.0,234.33333333333334,80.09660833435211,309.0,86.0,185.58333333333334,98.15058776588049,309.0,55.0,208.94458333333333,101.92917728711254,352.0,55.0,17.5,19.0,20.2,89.0,79.0,69.0,1.0,0.33,2.4,1017.0,1017.0,1017.0,1530.0,90.0,17.0,0.0,0.9835493962190914,1.6863526860215192,0.02077908585009188,15.3,16.5,0.016732266995800202,289.0,8100,1.0,1032256,1098.9,183.15,-10.0,73.0,-0.5
297,276.0,177.0,2.2,300.0,68.0,1,0.0,1016,91,16.6,0.0,1.0,2023,11,21,3,1,325,47,0.7071067811865476,0.7071067811865476,-0.5000000000000004,0.8660254037844384,0.7818314824680298,0.6234898018587336,3,3,0,299.0,309.0,250.0,236.0,59.0,325.67,301.6666666666667,6.429100507325645,309.0,297.0,244.5,84.12074654923087,309.0,86.0,205.41666666666666,94.21393289484885,309.0,55.0,207.75,100.66183163357485,352.0,55.0,17.0,18.2,20.0,90.0,84.0,72.0,1.0,0.66,2.4,1016.0,1017.0,1017.0,1510.6000000000001,91.0,16.6,0.0,0.989996700011,1.5593132242190721,0.012429308308992606,15.106000000000002,16.1,0.01633856659589902,275.56000000000006,8281,1.0,1032256,1120.2,186.70000000000002,-2.0,47.0,-0.3999999999999986
340,292.4,262.0,1.1,354.0,63.0,1,0.0,1016,93,16.1,0.0,1.0,2023,11,21,4,1,325,47,0.8660254037844386,0.5000000000000001,-0.5000000000000004,0.8660254037844384,0.7818314824680298,0.6234898018587336,3,3,0,297.0,299.0,309.0,86.0,55.0,332.0,312.0,24.2693221990224,340.0,297.0,286.8333333333333,41.537533227992725,340.0,226.0,229.16666666666666,88.60415887359297,340.0,74.0,208.08333333333334,101.10344107448337,352.0,55.0,16.6,17.5,19.7,91.0,89.0,75.0,1.0,1.0,2.0,1016.0,1017.0,1018.0,1497.3000000000002,93.0,16.1,0.0,0.9604492642676151,1.1160262747088752,0.004198457257796727,14.973000000000003,15.600000000000001,0.015846441096022543,259.21000000000004,8649,1.0,1032256,1312.5,218.75,43.0,31.0,-0.5
346,319.8,274.7,1.1,370.7,59.7,1,0.0,1016,94,15.9,0.0,0.66,2023,11,21,5,1,325,47,0.9659258262890683,0.25881904510252074,-0.5000000000000004,0.8660254037844384,0.7818314824680298,0.6234898018587336,3,3,0,340.0,297.0,299.0,226.0,121.0,352.0,327.89000000000004,26.958603450474993,346.67,297.0,306.945,34.87030470185098,346.67,250.0,247.9725,87.5010440587058,346.67,74.0,207.86125,100.77890282639213,346.67,55.0,16.1,17.0,19.0,93.0,90.0,79.0,1.0,1.0,0.33,1016.0,1016.0,1017.0,1494.6000000000001,62.040000000000006,10.494000000000002,0.0,0.9351741700184247,1.1641748664912033,0.004004353824703951,14.946000000000002,15.57,0.015649590896071954,252.81,8836,0.43560000000000004,1032256,1372.67,228.77833333333334,6.670000000000016,47.670000000000016,-0.20000000000000107
328,347.2,277.0,1.1,344.0,58.0,1,0.0,1017,95,15.7,0.0,0.33,2023,11,21,6,1,325,47,1.0,6.123233995736766e-17,-0.5000000000000004,0.8660254037844384,0.7818314824680298,0.6234898018587336,3,0,0,346.67,340.0,297.0,250.0,74.0,320.0,338.22333333333336,9.460953087997835,346.67,328.0,319.945,21.289766320932916,346.67,297.0,269.13916666666665,70.69936124931075,346.67,86.0,208.19458333333333,101.1783746003831,346.67,55.0,15.9,16.6,18.2,94.0,91.0,84.0,0.66,1.0,0.66,1016.0,1016.0,1017.0,1491.5,31.35,5.181,0.0,0.9534856003325572,1.2534250778878055,0.0039711047974556055,14.915,15.535,0.015437546275765707,246.48999999999998,9025,0.10890000000000001,1034289,1355.3000000000002,225.88333333333335,-18.670000000000016,31.0,-0.20000000000000107
360,374.7,300.0,1.1,404.0,53.0,8,0.0,1017,96,15.5,1.0,1.2,2023,11,21,7,1,325,47,0.9659258262890683,-0.25881904510252063,-0.5000000000000004,0.8660254037844384,0.7818314824680298,0.6234898018587336,3,0,0,328.0,346.67,340.0,309.0,253.0,296.0,344.89000000000004,16.074087843481625,360.0,328.0,328.445,25.75803078653196,360.0,297.0,278.05583333333334,75.08996512769683,360.0,86.0,210.86125,104.38575757892535,360.0,55.0,15.7,16.1,17.5,95.0,93.0,89.0,0.33,1.0,1.0,1017.0,1016.0,1017.0,1488.0,115.19999999999999,18.599999999999998,0.0,0.8910869032502395,1.2489958366805445,0.0036666544444851857,14.88,14.9,0.015240889635310093,240.25,9216,1.44,1034289,1492.8000000000002,248.80000000000004,32.0,20.0,-0.1999999999999993
354,295.5,293.0,2.2,432.0,53.0,3,0.0,1017,83,18.1,2.1,0.33,2023,11,21,8,1,325,47,0.8660254037844387,-0.4999999999999998,-0.5000000000000004,0.8660254037844384,0.7818314824680298,0.6234898018587336,3,0,0,360.0,328.0,346.67,299.0,259.0,259.0,347.3333333333333,17.00980109622971,360.0,328.0,337.6116666666667,22.800281065517456,360.0,297.0,285.9725,77.85525020248055,360.0,86.0,214.81958333333333,108.0282184745053,360.0,55.0,15.5,15.9,17.0,96.0,94.0,90.0,1.2,0.66,1.0,1017.0,1016.0,1016.0,1502.3000000000002,27.39,5.973000000000001,0.0,0.8194425475866954,1.0085289811297573,0.007508506796905131,15.023000000000001,17.935000000000002,0.017797425961233078,327.61000000000007,6889,0.10890000000000001,1034289,1429.7,238.28333333333333,-6.0,7.329999999999984,2.6000000000000014
303,216.3,231.0,4.3,379.0,53.0,1,0.0,1017,71,20.6,4.0,0.66,2023,11,21,9,1,325,47,0.7071067811865476,-0.7071067811865475,-0.5000000000000004,0.8660254037844384,0.7818314824680298,0.6234898018587336,3,0,0,354.0,360.0,328.0,297.0,236.0,230.0,339.0,31.32091952673106,360.0,303.0,338.6116666666667,20.697459183836884,360.0,303.0,291.55583333333334,76.33326541117754,360.0,86.0,217.86125,109.49201020334614,360.0,55.0,18.1,15.7,16.6,83.0,95.0,91.0,0.33,0.33,1.0,1017.0,1017.0,1016.0,1462.6000000000001,46.86,13.596000000000002,0.0,0.7994701860944958,0.9363595828589487,0.018614638031869992,14.626000000000001,20.270000000000003,0.020255633966928255,424.36000000000007,5041,0.43560000000000004,1034289,1186.6,197.76666666666665,-51.0,-25.0,2.5
279,137.1,177.0,6.5,332.0,53.0,0,0.0,1017,61,23.2,5.5,1.0,2023,11,21,10,1,325,47,0.49999999999999994,-0.8660254037844387,-0.5000000000000004,0.8660254037844384,0.7818314824680298,0.6234898018587336,3,0,0,303.0,354.0,360.0,340.0,86.0,67.0,312.0,38.30143600441056,354.0,279.0,328.445,31.853981697739584,360.0,279.0,307.63916666666665,41.445261261820335,360.0,226.0,226.69458333333333,105.26192387188371,360.0,55.0,20.6,15.5,16.1,71.0,96.0,93.0,0.66,1.2,1.0,1017.0,1017.0,1016.0,1415.2,61.0,23.2,0.0,0.8403589145815826,0.7745718950740391,0.036722956367478146,14.152000000000001,22.7,0.022812170292851236,538.24,3721,1.0,1034289,984.6,164.1,-24.0,-81.0,2.599999999999998
215,259.4,146.3,10.8,296.0,47.7,0,0.0,1016,54,24.3,6.6,1.0,2023,11,21,11,1,325,47,0.258819045102521,-0.9659258262890682,-0.5000000000000004,0.8660254037844384,0.7818314824680298,0.6234898018587336,3,0,0,279.0,303.0,354.0,346.67,226.0,230.0,265.77666666666664,45.30617654727973,303.0,215.33,306.555,54.150162972976645,360.0,215.33,306.75,43.42323194704895,360.0,215.33,226.08333333333334,105.28448647713356,360.0,55.0,23.2,18.1,15.9,61.0,83.0,94.0,1.0,0.33,0.66,1017.0,1017.0,1016.0,1312.2,54.0,24.3,0.0,0.7274637585683833,1.7730569169041903,0.07382041134373654,13.122,23.8,0.02391729929399676,590.49,2916,1.0,1032256,975.5300000000001,162.58833333333334,-63.66999999999999,-138.67,1.1000000000000014
243,1008.0,77.0,36.8,260.0,184.0,0,0.0,1015,47,25.4,6.4,1.0,2023,11,21,12,1,325,47,1.2246467991473532e-16,-1.0,-0.5000000000000004,0.8660254037844384,0.7818314824680298,0.6234898018587336,3,1,0,215.33,279.0,303.0,328.0,250.0,217.0,245.77666666666667,31.925689238186784,279.0,215.33,292.3883333333333,58.371883785488706,360.0,215.33,306.1666666666667,44.2932012704864,360.0,215.33,227.16666666666666,105.32071746592086,360.0,55.0,24.3,20.6,15.7,54.0,71.0,95.0,1.0,0.66,0.33,1016.0,1017.0,1017.0,1193.8,47.0,25.4,0.0,0.9346117899546541,13.090739081310632,0.4779158712224516,11.937999999999999,24.9,0.025024605887087794,645.16,2209,1.0,1030225,1808.8,301.46666666666664,27.669999999999987,-60.0,1.0999999999999979
193,504.0,85.0,19.5,224.0,37.0,0,0.0,1014,41,26.5,5.5,1.0,2023,11,21,13,1,325,47,-0.2588190451025208,-0.9659258262890683,-0.5000000000000004,0.8660254037844384,0.7818314824680298,0.6234898018587336,3,1,0,243.0,215.33,279.0,360.0,309.0,89.0,182.11,82.66756498167783,243.0,88.0,247.05499999999998,91.5521389700969,354.0,88.0,287.75,76.92933463427762,360.0,88.0,227.125,105.37793738234117,360.0,55.0,25.4,23.2,15.5,47.0,61.0,96.0,1.0,1.0,1.2,1015.0,1017.0,1017.0,1086.5,41.0,26.5,0.0,0.3928553890384418,5.929342007741085,0.22940906577569675,10.865,26.0,0.026134096514697717,702.25,1681,1.0,1028196,957.5,159.58333333333334,-155.0,-191.0,1.1000000000000014
180,403.0,46.0,65.2,182.0,184.0,0,0.0,1013,43,26.3,4.1,1.66,2023,11,21,14,1,325,47,-0.4999999999999997,-0.8660254037844388,-0.5000000000000004,0.8660254037844384,0.7818314824680298,0.6234898018587336,3,1,0,88.0,243.0,215.33,354.0,299.0,70.0,136.33333333333334,92.51126057585233,243.0,78.0,201.05499999999998,96.286375723671,303.0,78.0,269.3333333333333,97.65326623344734,360.0,78.0,227.45833333333334,104.8707395120164,360.0,55.0,26.5,24.3,18.1,41.0,54.0,83.0,1.0,1.0,0.33,1014.0,1016.0,1017.0,1130.9,71.38,43.658,0.0,0.42856907379629783,8.7606791156714,1.417360492163214,11.309000000000001,25.470000000000002,0.025962462031133237,691.69,1849,2.7556,1026169,958.2,159.70000000000002,-10.0,-137.33,-0.1999999999999993
169,302.0,39.0,68.0,162.0,179.0,0,0.0,1012,45,26.2,3.1,2.33,2023,11,21,15,1,325,47,-0.7071067811865471,-0.7071067811865479,-0.5000000000000004,0.8660254037844384,0.7818314824680298,0.6234898018587336,3,1,0,78.0,88.0,243.0,303.0,297.0,59.0,78.66666666666667,9.018499505640488,88.0,70.0,162.22166666666666,93.9039872245402,279.0,70.0,250.41666666666666,112.64264268701749,360.0,70.0,227.91666666666666,104.12386669007662,360.0,55.0,26.3,25.4,20.6,43.0,47.0,71.0,1.66,1.0,0.66,1013.0,1015.0,1017.0,1179.0,104.85000000000001,61.046,0.0,0.4320960981722335,7.743391195097562,1.7435450373067358,11.79,25.035,0.025889302480926402,686.4399999999999,2025,5.4289000000000005,1024144,820.0,136.66666666666666,-8.0,-173.0,-0.10000000000000142
167,302.0,54.0,63.2,160.0,163.0,0,0.0,1012,46,26.0,2.1,3.0,2023,11,21,16,1,325,47,-0.8660254037844385,-0.5000000000000004,-0.5000000000000004,0.8660254037844384,0.7818314824680298,0.6234898018587336,3,1,0,70.0,78.0,88.0,279.0,340.0,55.0,72.0,5.291502622120003,78.0,68.0,127.05499999999999,79.88763452499985,243.0,68.0,227.75,120.09744066609164,360.0,68.0,228.45833333333334,103.21506802142196,360.0,68.0,26.2,26.5,23.2,45.0,41.0,61.0,2.33,1.0,1.0,1012.0,1014.0,1017.0,1196.0,138.0,78.0,0.0,0.4249973437666014,5.592489027980964,1.1703486972463475,11.96,24.5,0.025691674217713224,676.0,2116,9.0,1024144,810.2,135.03333333333333,-2.0,-20.0,-0.1999999999999993
165,403.0,77.0,43.2,158.0,153.0,0,0.0,1012,53,25.0,2.0,2.66,2023,11,21,17,1,325,47,-0.9659258262890683,-0.25881904510252063,-0.5000000000000004,0.8660254037844384,0.7818314824680298,0.6234898018587336,3,1,0,68.0,70.0,78.0,215.33,346.67,121.0,68.33333333333333,1.5275252316198873,70.0,67.0,102.33333333333333,69.36473647803052,243.0,67.0,204.44416666666666,122.04246708408367,360.0,67.0,226.20833333333334,106.20469492065075,360.0,67.0,26.0,26.3,24.3,46.0,43.0,54.0,3.0,1.66,1.0,1012.0,1013.0,1016.0,1325.0,140.98000000000002,66.5,0.0,0.4240479490636135,5.233698263658913,0.5610316749133128,13.25,23.67,0.02470353290164733,625.0,2809,7.0756000000000006,1024144,901.2,150.20000000000002,-1.0,-11.0,-1.0
200,240.3,100.0,26.1,249.3,79.0,0,0.0,1012,61,24.0,0.0,2.33,2023,11,21,18,1,325,47,-1.0,-1.8369701987210297e-16,-0.5000000000000004,0.8660254037844384,0.7818314824680298,0.6234898018587336,3,2,0,67.0,68.0,70.0,243.0,328.0,74.0,111.88999999999999,76.88736112001705,200.67,67.0,95.27833333333335,52.23348367346964,200.67,67.0,193.83333333333334,115.69360965563943,360.0,67.0,231.48625,101.34815846603539,360.0,67.0,25.0,26.2,25.4,53.0,45.0,47.0,2.66,2.33,1.0,1012.0,1012.0,1015.0,1464.0,142.13,55.92,0.0,0.8049305859182273,2.4029759702402975,0.26099739002609973,14.64,22.835,0.023715391585581436,576.0,3721,5.4289000000000005,1024144,895.37,149.22833333333332,133.67,130.67,-1.0
267,209.5,123.0,7.6,294.0,37.0,79,0.0,1013,71,23.0,0.0,2.0,2023,11,21,19,1,325,47,-0.9659258262890684,0.2588190451025203,-0.5000000000000004,0.8660254037844384,0.7818314824680298,0.6234898018587336,3,2,0,200.67,67.0,68.0,88.0,360.0,253.0,178.22333333333333,101.8719276019319,267.0,67.0,125.11166666666668,86.87562843897369,267.0,67.0,186.08333333333334,106.28280219501268,354.0,67.0,232.06958333333333,101.51751840592439,360.0,67.0,24.0,26.0,26.5,61.0,46.0,41.0,2.33,3.0,1.0,1012.0,1012.0,1014.0,1633.0,142.0,46.0,0.0,0.9081601763259309,1.703238185055406,0.06178811554377606,16.33,22.0,0.02270481470403287,529.0,5041,4.0,1026169,938.1,156.35,66.33000000000001,199.0,-1.0
224,234.8,131.0,7.6,240.0,32.0,80,0.0,1013,74,22.2,0.0,1.66,2023,11,21,20,1,325,47,-0.8660254037844386,0.5000000000000001,-0.5000000000000004,0.8660254037844384,0.7818314824680298,0.6234898018587336,3,2,0,267.0,200.67,67.0,78.0,354.0,259.0,230.55666666666664,33.6475799030668,267.0,200.67,149.44500000000002,91.37133111649378,267.0,67.0,175.25,93.46351149950517,303.0,67.0,230.61125,101.36511269802202,360.0,67.0,23.0,25.0,26.3,71.0,53.0,43.0,2.0,2.66,1.66,1013.0,1012.0,1013.0,1642.8,122.83999999999999,36.852,0.0,0.933329444460648,1.7923527301318312,0.05801482431431821,16.428,21.37,0.021915082018675203,492.84,5476,2.7556,1026169,869.4000000000001,144.9,-43.0,157.0,-0.8000000000000007
214,260.1,139.0,6.5,224.0,42.0,82,0.0,1014,77,21.4,0.0,1.33,2023,11,21,21,1,325,47,-0.7071067811865477,0.7071067811865474,-0.5000000000000004,0.8660254037844384,0.7818314824680298,0.6234898018587336,3,2,0,224.0,267.0,200.67,70.0,303.0,236.0,235.0,28.16025568065624,267.0,214.0,173.44500000000002,85.02169223204123,267.0,67.0,167.83333333333334,85.6053972739114,279.0,67.0,229.69458333333333,101.4137260231863,360.0,67.0,22.2,24.0,26.2,74.0,61.0,45.0,1.66,2.33,2.33,1013.0,1012.0,1012.0,1647.8,102.41000000000001,28.462,0.0,0.955352877888938,1.871209559643456,0.04676225350896756,16.477999999999998,20.735,0.021104515676020043,457.9599999999999,5929,1.7689000000000001,1028196,885.6,147.6,-10.0,13.330000000000013,-0.8000000000000007
208,285.4,146.0,5.4,214.0,142.0,83,0.0,1014,81,20.6,0.0,1.0,2023,11,21,22,1,325,47,-0.5000000000000004,0.8660254037844384,-0.5000000000000004,0.8660254037844384,0.7818314824680298,0.6234898018587336,3,3,0,214.0,224.0,267.0,68.0,279.0,86.0,215.33333333333334,8.08290376865042,224.0,208.0,196.77833333333334,67.75274766875957,267.0,67.0,161.91666666666666,79.45631988518551,267.0,67.0,234.77791666666667,96.85297306290234,360.0,67.0,21.4,23.0,26.0,77.0,71.0,46.0,1.33,2.0,3.0,1014.0,1013.0,1012.0,1668.6000000000001,81.0,20.6,0.0,0.9719580749622665,1.9547811316360844,0.03698604804076684,16.686,20.1,0.020315561818972566,424.36000000000007,6561,1.0,1028196,1000.8,166.79999999999998,-6.0,-59.0,-0.7999999999999972
200,391.9,139.0,4.3,204.0,121.0,84,0.0,1014,84,20.3,0.0,1.0,2023,11,21,23,1,325,47,-0.25881904510252157,0.9659258262890681,-0.5000000000000004,0.8660254037844384,0.7818314824680298,0.6234898018587336,3,3,0,208.0,214.0,224.0,67.0,215.33,226.0,207.33333333333334,7.023769168563425,214.0,200.0,218.94500000000002,25.187182256059067,267.0,200.0,160.63916666666668,78.63849768036135,267.0,67.0,233.69458333333333,97.10051896065042,360.0,67.0,20.6,22.2,25.0,81.0,74.0,53.0,1.0,1.66,2.66,1014.0,1013.0,1012.0,1705.2,84.0,20.3,0.0,0.9803873510423968,2.819404176948367,0.030935029244393925,17.052,19.8,0.02001970412257976,412.09000000000003,7056,1.0,1028196,1060.1999999999998,176.69999999999996,-8.0,-24.0,-0.3000000000000007
249,498.5,100.0,6.8,202.0,89.3,86,0.0,1014,86,19.9,0.0,1.0,2023,11,22,0,2,326,47,0.0,1.0,-0.5000000000000004,0.8660254037844384,0.9749279121818236,-0.22252093395631434,3,3,0,200.0,208.0,214.0,200.67,243.0,250.0,179.33333333333334,42.910760111343386,208.0,130.0,207.16666666666666,44.53500495864578,267.0,130.0,151.2225,74.53828474805263,267.0,67.0,228.69458333333333,99.28931112746609,360.0,67.0,20.3,21.4,24.0,84.0,77.0,61.0,1.0,1.33,2.33,1014.0,1014.0,1012.0,1711.3999999999999,86.0,19.9,0.0,0.643561170489255,4.984950150498495,0.06799932000679992,17.113999999999997,19.4,0.01962522719405602,396.00999999999993,7396,1.0,1028196,1026.6,171.1,-70.0,-84.0,-0.40000000000000213
197,605.0,77.0,7.6,196.0,63.0,87,0.0,1014,89,19.6,0.0,1.0,2023,11,22,1,2,326,47,0.25881904510252074,0.9659258262890683,-0.5000000000000004,0.8660254037844384,0.9749279121818236,-0.22252093395631434,3,3,0,130.0,200.0,208.0,267.0,88.0,309.0,140.33333333333334,55.22982286168636,200.0,91.0,177.83333333333334,54.16425635662882,224.0,91.0,151.4725,74.31164708968424,267.0,67.0,219.61125,101.56880719011045,360.0,67.0,19.9,20.6,23.0,86.0,81.0,71.0,1.0,1.0,2.0,1014.0,1014.0,1013.0,1744.4,89.0,19.6,0.0,0.4642833454931352,7.857040817651718,0.09870001688289762,17.444000000000003,19.1,0.01932936949766322,384.1600000000001,7921,1.0,1028196,1039.6,173.26666666666665,-39.0,-117.0,-0.29999999999999716
192,403.0,77.0,5.4,192.0,100.0,87,0.0,1014,90,19.6,0.0,0.66,2023,11,22,2,2,326,47,0.49999999999999994,0.8660254037844387,-0.5000000000000004,0.8660254037844384,0.9749279121818236,-0.22252093395631434,3,3,0,91.0,130.0,200.0,224.0,78.0,299.0,137.66666666666666,50.9345985881233,192.0,91.0,172.5,50.13481824041989,214.0,91.0,160.9725,71.290506715321,267.0,67.0,215.15291666666667,100.27264690437885,360.0,67.0,19.6,20.3,22.2,89.0,84.0,74.0,1.0,1.0,1.66,1014.0,1014.0,1013.0,1764.0000000000002,59.400000000000006,12.936000000000002,0.0,0.9999947916937932,5.233698263658913,0.0701289593641641,17.64,19.270000000000003,0.01932936949766322,384.1600000000001,8100,0.43560000000000004,1028196,969.4,161.56666666666666,101.0,-8.0,0.0
222,537.7,139.0,3.2,222.0,53.0,87,0.0,1013,91,19.6,0.0,0.33,2023,11,22,3,2,326,47,0.7071067811865476,0.7071067811865476,-0.5000000000000004,0.8660254037844384,0.9749279121818236,-0.22252093395631434,3,3,0,192.0,91.0,130.0,214.0,70.0,297.0,168.33333333333334,68.63186820518042,222.0,91.0,173.83333333333334,51.5457725392355,222.0,91.0,173.63916666666668,67.0337272583844,267.0,67.0,212.02791666666667,98.76838254787448,360.0,67.0,19.6,19.9,21.4,90.0,86.0,77.0,0.66,1.0,1.33,1014.0,1014.0,1014.0,1783.6000000000001,30.03,6.468000000000001,0.0,0.9999954955157859,3.8683174941187475,0.023021417112107107,17.836000000000002,19.435000000000002,0.019348450791262795,384.1600000000001,8281,0.10890000000000001,1026169,1176.9,196.15,30.0,92.0,0.0
262,504.0,92.0,1.1,262.0,105.0,87,0.0,1013,92,19.6,0.0,1.2,2023,11,22,4,2,326,47,0.8660254037844386,0.5000000000000001,-0.5000000000000004,0.8660254037844384,0.9749279121818236,-0.22252093395631434,3,3,0,222.0,192.0,91.0,208.0,68.0,340.0,225.33333333333334,35.11884584284146,262.0,192.0,182.83333333333334,62.29740497538083,262.0,91.0,189.80583333333334,62.47937586382631,267.0,67.0,208.77791666666667,95.60705426853127,360.0,67.0,19.6,19.6,20.6,91.0,89.0,81.0,0.33,1.0,1.0,1013.0,1014.0,1014.0,1803.2,110.39999999999999,23.52,0.0,0.9999961832206749,5.478201323898653,0.011956391778350235,18.032,19.0,0.019348450791262795,384.1600000000001,8464,1.44,1026169,1226.1,204.35,40.0,171.0,0.0
230,302.0,77.0,5.4,230.0,100.0,83,0.0,1013,92,19.8,0.0,1.2,2023,11,22,5,2,326,47,0.9659258262890683,0.25881904510252074,-0.5000000000000004,0.8660254037844384,0.9749279121818236,-0.22252093395631434,3,3,0,262.0,222.0,192.0,200.0,67.0,346.67,238.0,21.166010488515106,262.0,222.0,187.83333333333334,65.09198619389797,262.0,91.0,203.38916666666668,49.781898400254676,267.0,91.0,203.91666666666666,91.15330877949171,360.0,67.0,19.6,19.6,20.3,92.0,90.0,84.0,1.2,0.66,1.0,1013.0,1014.0,1014.0,1821.6000000000001,110.39999999999999,23.76,0.0,0.9999956521928165,3.9220269866625106,0.0701289593641641,18.216,19.2,0.01954588396260221,392.04,8464,1.44,1026169,944.4,157.4,-32.0,38.0,0.1999999999999993
222,403.4,46.7,29.0,255.7,111.0,79,0.0,1013,92,20.0,0.0,1.2,2023,11,22,6,2,326,47,1.0,6.123233995736766e-17,-0.5000000000000004,0.8660254037844384,0.9749279121818236,-0.22252093395631434,3,0,0,230.0,262.0,222.0,130.0,200.67,328.0,238.0,21.166010488515106,262.0,222.0,203.16666666666666,59.32425024108271,262.0,91.0,205.16666666666666,50.056029213332586,267.0,91.0,199.5,87.36914633001095,360.0,67.0,19.8,19.6,19.9,92.0,91.0,86.0,1.2,0.33,1.0,1013.0,1013.0,1014.0,1840.0,110.39999999999999,24.0,0.0,0.8682015322583799,8.637930665296246,0.6209717136678016,18.4,19.4,0.019743317133941625,400.0,8464,1.44,1026169,1067.8,177.96666666666667,-8.0,0.0,0.1999999999999993
202,353.1,24.0,43.0,252.5,114.0,75,0.0,1014,92,20.2,0.9,0.8,2023,11,22,7,2,326,47,0.9659258262890683,-0.25881904510252063,-0.5000000000000004,0.8660254037844384,0.9749279121818236,-0.22252093395631434,3,0,0,222.0,230.0,262.0,91.0,267.0,360.0,218.0,14.42220510185351,230.0,202.0,221.66666666666666,24.34474618201228,262.0,192.0,199.75,46.11867103659606,262.0,91.0,192.91666666666666,80.42638846994761,354.0,67.0,20.0,19.6,19.6,92.0,92.0,89.0,1.2,1.2,1.0,1013.0,1013.0,1014.0,1858.3999999999999,73.60000000000001,16.16,0.0,0.799996831695716,14.711887004708137,1.7915920169992916,18.584,19.8,0.019921084890448824,408.03999999999996,8464,0.6400000000000001,1028196,988.6,164.76666666666668,-20.0,-60.0,0.1999999999999993
235,279.2,262.0,2.2,268.0,42.0,83,0.0,1015,89,20.6,1.3,0.8,2023,11,22,8,2,326,47,0.8660254037844387,-0.4999999999999998,-0.5000000000000004,0.8660254037844384,0.9749279121818236,-0.22252093395631434,3,0,0,202.0,222.0,230.0,192.0,224.0,354.0,219.66666666666666,16.62327685305346,235.0,202.0,228.83333333333334,19.762759591377954,262.0,202.0,200.66666666666666,46.74949359634923,262.0,91.0,187.95833333333334,73.42740163007953,303.0,67.0,20.2,19.8,19.6,92.0,92.0,90.0,0.8,1.2,0.66,1014.0,1013.0,1014.0,1833.4,71.2,16.48,0.0,0.8768623997671652,1.0656447876153146,0.008396914515593453,18.334,20.200000000000003,0.020295546506850733,424.36000000000007,7921,0.6400000000000001,1030225,1088.4,181.4,33.0,5.0,0.40000000000000213
239,205.2,254.0,2.2,296.0,42.0,91,0.0,1015,86,21.1,2.3,0.8,2023,11,22,9,2,326,47,0.7071067811865476,-0.7071067811865475,-0.5000000000000004,0.8660254037844384,0.9749279121818236,-0.22252093395631434,3,0,0,235.0,202.0,222.0,222.0,214.0,303.0,225.33333333333334,20.30599254735566,239.0,202.0,231.66666666666666,19.805723078610413,262.0,202.0,202.75,47.93959267092798,262.0,91.0,185.29166666666666,70.15709581185428,279.0,67.0,20.6,20.0,19.6,89.0,92.0,91.0,0.8,1.2,0.33,1015.0,1013.0,1013.0,1814.6000000000001,68.8,16.880000000000003,0.0,0.8074297046293764,0.8078708351541922,0.008661383222900698,18.146,20.700000000000003,0.02078815685895876,445.21000000000004,7396,0.6400000000000001,1030225,1038.4,173.0666666666667,4.0,17.0,0.5
245,131.3,293.0,3.2,342.0,42.0,100,0.0,1016,84,21.5,2.6,1.2,2023,11,22,10,2,326,47,0.49999999999999994,-0.8660254037844387,-0.5000000000000004,0.8660254037844384,0.9749279121818236,-0.22252093395631434,3,0,0,239.0,235.0,202.0,262.0,208.0,279.0,239.66666666666666,5.033222956840426,245.0,235.0,228.83333333333334,15.302505241515238,245.0,202.0,205.83333333333334,49.473286333192036,262.0,91.0,183.875,68.50645250472897,267.0,67.0,21.1,20.2,19.6,86.0,92.0,92.0,0.8,0.8,1.2,1015.0,1014.0,1013.0,1806.0,100.8,25.8,0.0,0.7163721743503675,0.44812133746983807,0.010921464431862008,18.06,20.9,0.02116139649468849,462.25,7056,1.44,1032256,1056.5,176.08333333333334,6.0,43.0,0.3999999999999986
235,121.4,216.0,5.4,324.0,42.0,100,0.0,1015,79,22.2,2.1,0.66,2023,11,22,11,2,326,47,0.258819045102521,-0.9659258262890682,-0.5000000000000004,0.8660254037844384,0.9749279121818236,-0.22252093395631434,3,0,0,245.0,239.0,235.0,230.0,200.0,215.33,239.66666666666666,5.033222956840426,245.0,235.0,229.66666666666666,15.513435037624687,245.0,202.0,208.75,50.12552425479584,262.0,91.0,184.69458333333333,69.0149039341236,267.0,67.0,21.5,20.6,19.8,84.0,89.0,92.0,1.2,0.8,1.2,1016.0,1015.0,1013.0,1753.8,52.14,14.652000000000001,0.0,0.7253064033752983,0.5620344350257638,0.024999884259795095,17.538,21.87,0.02187189963359642,492.84,6241,0.43560000000000004,1030225,943.8,157.29999999999998,-10.0,0.0,0.6999999999999993
223,111.5,195.0,5.4,296.7,38.7,100,0.0,1014,74,22.8,2.3,1.33,2023,11,22,12,2,326,47,1.2246467991473532e-16,-1.0,-0.5000000000000004,0.8660254037844384,0.9749279121818236,-0.22252093395631434,3,1,0,235.0,245.0,239.0,222.0,130.0,243.0,234.33333333333334,11.015141094569092,245.0,223.0,229.83333333333334,15.41968438933175,245.0,202.0,216.5,43.60879811147304,262.0,91.0,183.86125,68.39826684255453,267.0,67.0,22.2,21.1,20.0,79.0,86.0,92.0,0.66,0.8,1.2,1015.0,1015.0,1013.0,1687.2,98.42,30.324,0.0,0.7515984105210297,0.5717919395285153,0.027692165681201635,16.872,22.135,0.022485184925853132,519.84,5476,1.7689000000000001,1028196,870.3,145.04999999999998,-12.0,-16.0,0.6000000000000014
212,101.5,146.0,6.5,274.0,37.0,100,0.0,1014,69,23.5,2.3,2.0,2023,11,22,13,2,326,47,-0.2588190451025208,-0.9659258262890683,-0.5000000000000004,0.8660254037844384,0.9749279121818236,-0.22252093395631434,3,1,0,223.0,235.0,245.0,202.0,91.0,88.0,223.33333333333334,11.503622617821891,235.0,212.0,231.5,11.962441222423394,245.0,212.0,226.58333333333334,18.99501529508583,262.0,192.0,189.02791666666667,65.46262464877096,267.0,67.0,22.8,21.5,20.2,74.0,84.0,92.0,1.33,1.2,0.8,1014.0,1016.0,1014.0,1621.5,138.0,47.0,0.0,0.7737198039423214,0.6952007178033027,0.04452024301203416,16.215,22.5,0.023175519550769675,552.25,4761,4.0,1028196,777.0,129.5,-11.0,-33.0,0.6999999999999993
207,504.0,77.0,22.7,210.0,105.0,75,0.0,1013,69,23.7,1.5,1.33,2023,11,22,14,2,326,47,-0.4999999999999997,-0.8660254037844388,-0.5000000000000004,0.8660254037844384,0.9749279121818236,-0.22252093395631434,3,1,0,212.0,223.0,235.0,235.0,192.0,78.0,214.0,8.18535277186811,223.0,207.0,226.83333333333334,15.315569420253407,245.0,207.0,227.83333333333334,16.889121476333887,262.0,202.0,194.40291666666667,61.10062715675966,267.0,67.0,23.5,22.2,20.6,69.0,79.0,89.0,2.0,0.66,0.8,1014.0,1015.0,1015.0,1635.3,91.77000000000001,31.521,0.0,0.9857095918590864,6.545369540655316,0.29480136621602315,16.352999999999998,23.035,0.023395830803720825,561.6899999999999,4761,1.7689000000000001,1026169,1125.7,187.61666666666667,-5.0,-28.0,0.1999999999999993
209,369.8,131.0,6.5,240.0,32.0,50,0.0,1012,69,23.8,1.3,0.66,2023,11,22,15,2,326,47,-0.7071067811865471,-0.7071067811865479,-0.5000000000000004,0.8660254037844384,0.9749279121818236,-0.22252093395631434,3,1,0,207.0,212.0,223.0,239.0,222.0,70.0,209.33333333333334,2.5166114784093785,212.0,207.0,221.83333333333334,15.44560347369443,245.0,207.0,226.75,17.695017275029006,262.0,202.0,200.19458333333333,55.087890327080856,267.0,67.0,23.7,22.8,21.1,69.0,74.0,86.0,1.33,1.33,0.8,1013.0,1014.0,1015.0,1642.2,45.54,15.708000000000002,0.0,0.8708297048762297,2.8228792146624833,0.04961794184777215,16.422,23.470000000000002,0.02351776332236826,566.44,4761,0.43560000000000004,1024144,988.3,164.71666666666667,2.0,-14.0,0.10000000000000142
194,504.0,223.0,25.9,194.0,101.0,25,0.0,1012,68,24.0,1.6,1.2,2023,11,22,16,2,326,47,-0.8660254037844385,-0.5000000000000004,-0.5000000000000004,0.8660254037844384,0.9749279121818236,-0.22252093395631434,3,1,0,209.0,207.0,212.0,245.0,262.0,68.0,203.33333333333334,8.144527815242641,209.0,194.0,213.33333333333334,14.123266855320749,235.0,194.0,221.08333333333334,16.205825738873298,245.0,194.0,205.44458333333333,47.41078816684589,267.0,67.0,23.8,23.5,21.5,69.0,69.0,84.0,0.66,2.0,1.2,1012.0,1014.0,1016.0,1632.0,81.6,28.799999999999997,0.0,0.9999948453873949,2.2600795512127747,0.11614297693732314,16.32,23.4,0.023715391585581436,576.0,4624,1.44,1024144,1241.9,206.98333333333335,-15.0,-18.0,0.1999999999999993
196,504.0,108.0,24.9,180.0,120.3,35,0.0,1012,74,22.8,1.8,1.2,2023,11,22,17,2,326,47,-0.9659258262890683,-0.25881904510252063,-0.5000000000000004,0.8660254037844384,0.9749279121818236,-0.22252093395631434,3,1,0,194.0,209.0,207.0,235.0,230.0,67.0,164.33333333333334,64.80997865555315,209.0,90.0,189.16666666666666,49.46682389912052,223.0,90.0,209.41666666666666,40.853303712703195,245.0,90.0,206.40291666666667,44.64230431554283,267.0,90.0,24.0,23.7,22.2,68.0,69.0,79.0,1.2,1.33,0.66,1012.0,1013.0,1015.0,1687.2,88.8,27.36,0.0,0.49999722223765425,4.666623457190211,0.23055342080165922,16.872,22.2,0.022529622006302367,519.84,5476,1.44,1024144,1027.2,171.20000000000002,-104.0,-117.0,-1.1999999999999993
224,452.4,102.3,43.3,264.7,139.7,45,0.0,1013,81,21.7,0.0,1.6,2023,11,22,18,2,326,47,-1.0,-1.8369701987210297e-16,-0.5000000000000004,0.8660254037844384,0.9749279121818236,-0.22252093395631434,3,2,0,90.0,194.0,209.0,223.0,222.0,200.67,169.55666666666664,70.58406075973,224.67,90.0,189.44499999999996,49.69941800464,224.67,90.0,209.63916666666668,40.93525541151545,245.0,90.0,207.40291666666667,44.776902380305934,267.0,90.0,22.8,23.8,22.8,74.0,69.0,74.0,1.2,0.66,1.33,1012.0,1012.0,1014.0,1757.7,129.6,34.72,0.0,0.8487689884057862,4.42224416183615,0.4232607696894458,17.577,20.9,0.021421499090326663,470.89,6561,2.5600000000000005,1026169,1227.07,204.51166666666666,134.67,15.669999999999987,-1.1000000000000014
240,426.6,42.0,52.0,300.0,159.0,56,0.0,1014,89,20.5,0.0,2.0,2023,11,22,19,2,326,47,-0.9659258262890684,0.2588190451025203,-0.5000000000000004,0.8660254037844384,0.9749279121818236,-0.22252093395631434,3,2,0,224.67,90.0,194.0,212.0,202.0,267.0,184.89,82.5338494194953,240.0,90.0,194.11166666666665,53.416428340601364,240.0,90.0,212.80583333333334,41.75223074243627,245.0,90.0,206.27791666666667,43.53644909519982,262.0,90.0,21.7,24.0,23.5,81.0,68.0,69.0,1.6,1.2,2.0,1013.0,1012.0,1014.0,1824.5,178.0,41.0,0.0,0.7999973333422222,10.156901026166045,1.2380657603390397,18.245,19.5,0.020216942586841632,420.25,7921,4.0,1028196,1219.6,203.26666666666665,15.330000000000013,46.0,-1.1999999999999993
326,483.8,270.0,2.2,385.0,32.0,66,0.0,1014,91,20.6,0.0,1.6,2023,11,22,20,2,326,47,-0.8660254037844386,0.5000000000000001,-0.5000000000000004,0.8660254037844384,0.9749279121818236,-0.22252093395631434,3,2,0,240.0,224.67,90.0,207.0,235.0,224.0,263.5566666666667,54.61803395704819,326.0,224.67,213.94500000000002,76.33456720254549,326.0,90.0,220.38916666666668,52.92017272326826,326.0,90.0,210.52791666666667,49.86090225549444,326.0,90.0,20.5,22.8,23.7,89.0,74.0,69.0,2.0,1.2,1.33,1014.0,1012.0,1013.0,1874.6000000000001,145.6,32.96,0.0,0.8467510473998769,1.7918452153880913,0.008148117969933446,18.746000000000002,19.8,0.020315561818972566,424.36000000000007,8281,2.5600000000000005,1028196,1499.0,249.83333333333334,86.0,236.0,0.10000000000000142
295,541.0,239.0,2.2,338.0,32.0,77,0.0,1014,93,20.6,0.0,1.6,2023,11,22,21,2,326,47,-0.7071067811865477,0.7071067811865474,-0.5000000000000004,0.8660254037844384,0.9749279121818236,-0.22252093395631434,3,2,0,326.0,240.0,224.67,209.0,239.0,214.0,287.0,43.55456348076443,326.0,240.0,228.27833333333334,83.00316148597352,326.0,90.0,225.05583333333334,57.02078687291152,326.0,90.0,213.90291666666667,52.763056367218084,326.0,90.0,20.6,21.7,23.8,91.0,81.0,69.0,1.6,1.6,0.66,1014.0,1013.0,1012.0,1915.8000000000002,148.8,32.96,0.0,0.8727784829038968,2.263588855276756,0.009204982405931357,19.158,19.8,0.020315561818972566,424.36000000000007,8649,2.5600000000000005,1028196,1447.2,241.20000000000002,-31.0,70.33000000000001,0.0
294,598.2,223.0,2.2,330.0,32.0,87,0.0,1015,95,20.7,0.0,1.2,2023,11,22,22,2,326,47,-0.5000000000000004,0.8660254037844384,-0.5000000000000004,0.8660254037844384,0.9749279121818236,-0.22252093395631434,3,3,0,295.0,326.0,240.0,194.0,245.0,208.0,305.0,18.193405398658665,326.0,294.0,244.94500000000002,84.76472232007801,326.0,90.0,229.13916666666668,60.24232617420018,326.0,90.0,217.48625,55.20836198577406,326.0,90.0,20.6,20.5,24.0,93.0,89.0,68.0,1.6,2.0,1.2,1014.0,1014.0,1012.0,1966.5,114.0,24.84,0.0,0.890906391192754,2.6824991816180197,0.009865426612436716,19.665,20.099999999999998,0.02039406857727234,428.48999999999995,9025,1.44,1030225,1479.4,246.5666666666667,-1.0,54.0,0.09999999999999787
304,551.9,216.0,2.2,330.0,32.0,87,0.0,1015,93,20.8,0.0,1.2,2023,11,22,23,2,326,47,-0.25881904510252157,0.9659258262890681,-0.5000000000000004,0.8660254037844384,0.9749279121818236,-0.22252093395631434,3,3,0,294.0,295.0,326.0,90.0,235.0,200.0,297.6666666666667,5.507570547280746,304.0,294.0,280.6116666666667,39.426296004907606,326.0,224.67,234.88916666666668,64.02667163815826,326.0,90.0,221.81958333333333,57.79700146270393,326.0,90.0,20.7,20.6,22.8,95.0,91.0,74.0,1.2,1.6,1.2,1015.0,1014.0,1012.0,1934.4,111.6,24.96,0.0,0.9212093296686981,2.5550807635149835,0.010185138031768372,19.344,20.2,0.020492590647693945,432.64000000000004,8649,1.44,1030225,1436.1,239.35,10.0,-22.0,0.10000000000000142
298,505.6,162.0,2.2,310.0,32.0,87,0.0,1014,92,21.0,0.0,1.2,2023,11,23,0,3,327,47,0.0,1.0,-0.5000000000000004,0.8660254037844384,0.43388373911755823,-0.900968867902419,3,3,0,304.0,294.0,295.0,224.67,223.0,130.0,298.6666666666667,5.033222956841332,304.0,294.0,292.8333333333333,28.456399397439426,326.0,240.0,241.13916666666668,66.37800600395086,326.0,90.0,228.81958333333333,56.348283294646315,326.0,90.0,20.8,20.6,21.7,93.0,93.0,81.0,1.2,1.6,1.6,1015.0,1014.0,1013.0,1932.0,110.39999999999999,25.2,0.0,0.9612872216541237,3.120968389084018,0.013580163085413054,19.32,20.4,0.020710038747496304,441.0,8464,1.44,1028196,1309.8000000000002,218.30000000000004,-6.0,3.0,0.1999999999999993
257,459.3,38.0,26.0,200.0,146.0,87,0.0,1014,90,21.1,0.0,1.6,2023,11,23,1,3,327,47,0.25881904510252074,0.9659258262890683,-0.5000000000000004,0.8660254037844384,0.43388373911755823,-0.900968867902419,3,3,0,298.0,304.0,294.0,240.0,212.0,91.0,246.0,95.31002045955047,304.0,136.0,275.5,69.35632631562838,326.0,136.0,234.80583333333334,72.73254647971689,326.0,90.0,230.69458333333333,52.15563256748582,326.0,90.0,21.0,20.7,20.5,92.0,95.0,89.0,1.2,1.2,2.0,1014.0,1015.0,1014.0,1899.0000000000002,144.0,33.760000000000005,0.0,0.6799966000169999,12.086524038841084,0.6841925212494409,18.990000000000002,20.3,0.02080865797962724,445.21000000000004,8100,2.5600000000000005,1028196,1005.3,167.54999999999998,-162.0,-158.0,0.10000000000000142
262,449.4,139.0,3.2,272.0,26.0,91,0.0,1014,92,20.8,0.0,1.6,2023,11,23,2,3,327,47,0.49999999999999994,0.8660254037844387,-0.5000000000000004,0.8660254037844384,0.43388373911755823,-0.900968867902419,3,3,0,136.0,298.0,304.0,326.0,207.0,192.0,232.0,85.06468127254651,298.0,136.0,264.8333333333333,64.8086928325714,304.0,136.0,239.38916666666668,72.55376156633214,326.0,90.0,233.61125,51.8540685848704,326.0,90.0,21.1,20.8,20.6,90.0,93.0,91.0,1.6,1.2,1.6,1014.0,1015.0,1014.0,1913.6000000000001,147.20000000000002,33.28,0.0,0.9632317528244382,3.2330702656815418,0.023021417112107107,19.136000000000003,20.0,0.020512800283234437,432.64000000000004,8464,2.5600000000000005,1028196,1151.6,191.9333333333333,126.0,-42.0,-0.3000000000000007
228,439.5,116.0,3.2,228.0,26.0,95,0.0,1014,95,20.4,0.0,1.2,2023,11,23,3,3,327,47,0.7071067811865476,0.7071067811865476,-0.5000000000000004,0.8660254037844384,0.43388373911755823,-0.900968867902419,3,3,0,262.0,136.0,298.0,295.0,209.0,222.0,208.66666666666666,65.18691075157078,262.0,136.0,253.66666666666666,64.341795643785,304.0,136.0,240.9725,72.0357612105387,326.0,90.0,233.86125,51.810099259953,326.0,90.0,20.8,21.0,20.6,92.0,92.0,93.0,1.6,1.2,1.6,1014.0,1014.0,1014.0,1937.9999999999998,114.0,24.479999999999997,0.0,0.9999956140543244,3.78876044172033,0.027585969086473393,19.38,19.799999999999997,0.020118323354710695,416.15999999999997,9025,1.44,1028196,1040.7,173.45000000000002,-34.0,-70.0,-0.40000000000000213
208,429.5,100.0,2.2,208.0,26.0,100,0.0,1014,97,20.1,0.0,1.2,2023,11,23,4,3,327,47,0.8660254037844386,0.5000000000000001,-0.5000000000000004,0.8660254037844384,0.43388373911755823,-0.900968867902419,3,3,0,228.0,262.0,136.0,294.0,194.0,262.0,232.66666666666666,27.300793639256312,262.0,208.0,239.33333333333334,63.12738444341401,304.0,136.0,242.13916666666668,71.315621450554,326.0,90.0,231.61125,51.707413421263745,326.0,90.0,20.4,21.1,20.7,95.0,90.0,95.0,1.2,1.6,1.2,1014.0,1014.0,1015.0,1949.7,116.39999999999999,24.12,0.0,0.999995192330806,4.294957050429495,0.02199978000219998,19.497,19.5,0.019822465658317894,404.01000000000005,9409,1.44,1028196,973.7,162.28333333333333,-20.0,72.0,-0.29999999999999716
200,806.0,77.0,1.1,200.0,105.0,91,0.0,1015,94,20.3,0.0,0.33,2023,11,23,5,3,327,47,0.9659258262890683,0.25881904510252074,-0.5000000000000004,0.8660254037844384,0.43388373911755823,-0.900968867902419,3,3,0,208.0,228.0,262.0,304.0,90.0,230.0,212.0,14.422205101853187,228.0,200.0,222.0,55.65608681896278,298.0,136.0,251.30583333333334,55.24009289346567,326.0,136.0,230.36125,52.10911497604858,326.0,90.0,20.1,20.8,20.8,97.0,92.0,93.0,1.2,1.6,1.2,1014.0,1014.0,1015.0,1908.2,31.020000000000003,6.699000000000001,0.0,0.9999950000249999,10.467396527317826,0.014285528759366761,19.082,20.135,0.019999980295585917,412.09000000000003,8836,0.10890000000000001,1030225,1389.1,231.51666666666665,-8.0,-62.0,0.1999999999999993
212,433.4,53.3,15.4,265.0,97.3,83,0.0,1015,92,20.4,0.0,0.66,2023,11,23,6,3,327,47,1.0,6.123233995736766e-17,-0.5000000000000004,0.8660254037844384,0.43388373911755823,-0.900968867902419,3,0,0,200.0,208.0,228.0,298.0,224.67,222.0,206.66666666666666,6.110100926601137,212.0,200.0,207.66666666666666,41.42302097465355,262.0,136.0,250.25,55.912472181566734,326.0,136.0,229.94458333333333,52.21874359296315,326.0,90.0,20.3,20.4,21.0,94.0,95.0,92.0,0.33,1.2,1.2,1015.0,1014.0,1014.0,1876.8,60.720000000000006,13.464,0.0,0.7999969811434674,8.131179527588602,0.2889251608787828,18.768,20.07,0.02009850236600752,416.15999999999997,8464,0.43560000000000004,1030225,1076.3999999999999,179.39999999999998,12.0,-16.0,0.09999999999999787
212,435.4,30.0,22.0,147.0,133.0,75,0.0,1016,89,20.6,1.4,1.0,2023,11,23,7,3,327,47,0.9659258262890683,-0.25881904510252063,-0.5000000000000004,0.8660254037844384,0.43388373911755823,-0.900968867902419,3,0,0,212.0,200.0,208.0,136.0,240.0,202.0,171.33333333333334,60.34346139668526,212.0,102.0,202.0,53.695437422558726,262.0,102.0,238.75,70.50096711135456,326.0,102.0,225.77791666666667,58.19330052425183,326.0,90.0,20.4,20.1,21.1,92.0,97.0,90.0,0.66,1.2,1.6,1015.0,1014.0,1014.0,1833.4,89.0,20.6,0.0,0.6938728307970694,14.512849571680942,0.7333088897036765,18.334,20.1,0.020275570594910832,424.36000000000007,7921,1.0,1032256,869.4,144.9,-110.0,-106.0,0.20000000000000284
238,347.4,68.7,15.7,297.5,97.3,70,0.0,1016,81,22.1,2.2,1.0,2023,11,23,8,3,327,47,0.8660254037844387,-0.4999999999999998,-0.5000000000000004,0.8660254037844384,0.43388373911755823,-0.900968867902419,3,0,0,102.0,212.0,200.0,262.0,326.0,235.0,184.0,72.19418259111958,238.0,102.0,198.0,49.02244383953048,238.0,102.0,231.41666666666666,64.95936958568511,304.0,102.0,225.90291666666667,58.21718806998028,326.0,90.0,20.6,20.3,20.8,89.0,94.0,92.0,1.0,0.33,1.6,1016.0,1015.0,1014.0,1790.1000000000001,81.0,22.1,0.0,0.7999973109334086,5.056694953494126,0.22852651344230793,17.901,21.6,0.02175194709454026,488.4100000000001,6561,1.0,1032256,1064.6,177.4333333333333,136.0,38.0,1.5
368,259.5,193.0,2.2,440.0,26.0,66,0.0,1017,74,23.5,3.4,1.0,2023,11,23,9,3,327,47,0.7071067811865476,-0.7071067811865475,-0.5000000000000004,0.8660254037844384,0.43388373911755823,-0.900968867902419,3,0,0,238.0,102.0,212.0,228.0,295.0,239.0,236.0,133.01127771734215,368.0,102.0,221.33333333333334,85.73136337809278,368.0,102.0,237.5,74.21406384727362,368.0,102.0,231.27791666666667,65.03484524061781,368.0,90.0,22.1,20.4,20.4,81.0,92.0,95.0,1.0,0.66,1.2,1016.0,1015.0,1014.0,1739.0,74.0,23.5,0.0,0.8363617355415102,1.3445526188983477,0.011398904668887726,17.39,23.0,0.02310715525353466,552.25,5476,1.0,1034289,1288.7,214.78333333333333,130.0,156.0,1.3999999999999986
292,171.6,146.0,3.2,340.0,26.0,62,0.0,1017,68,25.0,5.1,1.0,2023,11,23,10,3,327,47,0.49999999999999994,-0.8660254037844387,-0.5000000000000004,0.8660254037844384,0.43388373911755823,-0.900968867902419,3,0,0,368.0,238.0,102.0,208.0,294.0,245.0,299.3333333333333,65.30951946947144,368.0,238.0,235.33333333333334,89.8769529226853,368.0,102.0,237.33333333333334,74.07776421784803,368.0,102.0,233.23625,66.16384450822663,368.0,90.0,23.5,20.6,20.1,74.0,89.0,97.0,1.0,1.0,1.2,1017.0,1016.0,1014.0,1700.0,68.0,25.0,0.0,0.8588210034676369,1.175334415517702,0.021917658098232203,17.0,24.5,0.024582080056951762,625.0,4624,1.0,1034289,978.8,163.13333333333333,-76.0,190.0,1.5
227,101.0,116.0,4.3,256.0,26.0,62,0.0,1016,62,25.9,5.9,1.33,2023,11,23,11,3,327,47,0.258819045102521,-0.9659258262890682,-0.5000000000000004,0.8660254037844384,0.43388373911755823,-0.900968867902419,3,0,0,292.0,368.0,238.0,200.0,304.0,235.0,295.6666666666667,70.57147676882826,368.0,227.0,239.83333333333334,88.41813539464962,368.0,102.0,230.91666666666666,71.05114461790947,368.0,102.0,232.90291666666667,66.17472349963933,368.0,90.0,25.0,22.1,20.3,68.0,81.0,94.0,1.0,1.0,0.33,1017.0,1016.0,1015.0,1605.8,82.46000000000001,34.447,0.0,0.8867152862684131,0.8706821492918164,0.03706864595994862,16.058,25.235,0.02549210089360148,670.81,3844,1.7689000000000001,1032256,730.3,121.71666666666665,-65.0,-11.0,0.8999999999999986
185,101.0,92.0,6.5,194.0,26.0,62,0.0,1015,56,26.8,5.3,1.66,2023,11,23,12,3,327,47,1.2246467991473532e-16,-1.0,-0.5000000000000004,0.8660254037844384,0.43388373911755823,-0.900968867902419,3,1,0,227.0,292.0,368.0,212.0,298.0,223.0,200.33333333333334,107.50968948580051,292.0,82.0,218.16666666666666,109.91708996633139,368.0,82.0,212.91666666666666,79.38337166541642,368.0,82.0,227.02791666666667,72.99922876180906,368.0,82.0,25.9,23.5,20.4,62.0,74.0,92.0,1.33,1.0,0.66,1016.0,1017.0,1015.0,1500.8,92.96,44.488,0.0,0.42267823361735246,1.097814154193976,0.07065140596297866,15.008,25.970000000000002,0.026403914872990274,718.24,3136,2.7556,1030225,501.5,83.58333333333333,-145.0,-286.0,0.9000000000000021
173,504.0,193.0,30.3,128.0,126.0,62,0.0,1014,51,27.7,3.9,2.0,2023,11,23,13,3,327,47,-0.2588190451025208,-0.9659258262890683,-0.5000000000000004,0.8660254037844384,0.43388373911755823,-0.900968867902419,3,1,0,82.0,227.0,292.0,102.0,136.0,212.0,127.33333333333333,86.4310900852999,227.0,73.0,213.33333333333334,116.48805375087433,368.0,73.0,207.66666666666666,86.68053502093242,368.0,73.0,221.23625,79.47056588352643,368.0,73.0,26.8,25.0,20.6,56.0,68.0,89.0,1.66,1.0,1.0,1015.0,1017.0,1016.0,1412.7,102.0,55.4,0.0,0.5703080444684026,2.611385433236097,0.15699400521240822,14.127,26.7,0.027317527300268936,767.29,2601,4.0,1028196,1054.3,175.71666666666667,-9.0,-219.0,0.8999999999999986
170,436.7,221.0,58.8,127.3,112.0,66,0.0,1014,50,27.6,2.6,1.66,2023,11,23,14,3,327,47,-0.4999999999999997,-0.8660254037844388,-0.5000000000000004,0.8660254037844384,0.43388373911755823,-0.900968867902419,3,1,0,73.0,82.0,227.0,238.0,262.0,207.0,75.22333333333334,5.9832794797848585,82.0,70.67,185.44500000000002,128.78288764428262,368.0,70.67,191.72249999999997,93.1343334920047,368.0,70.67,215.55583333333334,85.19829631470118,368.0,70.67,27.7,25.9,22.1,51.0,62.0,81.0,2.0,1.33,1.0,1014.0,1016.0,1016.0,1380.0,83.0,45.816,0.0,0.5551409651141782,1.9760091583296002,0.2660621445151832,13.8,26.770000000000003,0.027218908068138002,761.7600000000001,2500,2.7556,1028196,1026.4699999999998,171.0783333333333,-2.3299999999999983,-156.32999999999998,-0.09999999999999787
164,302.0,277.0,87.4,126.0,84.0,70,0.0,1013,50,27.6,2.1,1.33,2023,11,23,15,3,327,47,-0.7071067811865471,-0.7071067811865479,-0.5000000000000004,0.8660254037844384,0.43388373911755823,-0.900968867902419,3,1,0,70.67,73.0,82.0,368.0,228.0,209.0,69.89,3.5645897379474247,73.0,66.0,135.11166666666665,98.65624570531044,292.0,66.0,178.2225,98.95689365715093,368.0,66.0,209.5975,90.5113900230967,368.0,66.0,27.6,26.8,23.5,50.0,56.0,74.0,1.66,1.66,1.0,1014.0,1015.0,1017.0,1380.0,66.5,36.708000000000006,0.0,0.5238053666240744,1.0902487716650844,0.31552232663419993,13.8,26.935000000000002,0.027245777644839445,761.7600000000001,2500,1.7689000000000001,1026169,942.4,157.06666666666666,-4.670000000000002,-16.0,0.0
164,302.0,277.0,116.0,126.0,84.0,75,0.0,1013,49,27.5,1.4,1.0,2023,11,23,16,3,327,47,-0.8660254037844385,-0.5000000000000004,-0.5000000000000004,0.8660254037844384,0.43388373911755823,-0.900968867902419,3,1,0,66.0,70.67,73.0,292.0,208.0,194.0,67.55666666666667,2.696225757093225,70.67,66.0,97.445,63.74179280503425,227.0,66.0,166.38916666666668,103.46013351293873,368.0,66.0,204.26416666666668,95.12405241105706,368.0,66.0,27.6,27.7,25.0,50.0,51.0,68.0,1.33,2.0,1.0,1013.0,1014.0,1017.0,1347.5,49.0,27.5,0.0,0.5238053666240744,1.0902487716650844,0.41877105136804565,13.475,27.0,0.027147061059169735,756.25,2401,1.0,1026169,971.0,161.83333333333334,0.0,-7.0,-0.10000000000000142
169,403.0,85.0,8.6,154.0,42.0,68,0.0,1013,57,26.0,1.6,1.0,2023,11,23,17,3,327,47,-0.9659258262890683,-0.25881904510252063,-0.5000000000000004,0.8660254037844384,0.43388373911755823,-0.900968867902419,3,1,0,66.0,66.0,70.67,227.0,200.0,90.0,67.33333333333333,2.3094010767324233,70.0,66.0,71.27833333333334,5.926956779543936,82.0,66.0,155.55583333333334,106.3855943305322,368.0,66.0,203.43083333333334,96.24953144625313,368.0,66.0,27.5,27.6,25.9,49.0,50.0,62.0,1.0,1.66,1.33,1013.0,1014.0,1016.0,1482.0,57.0,26.0,0.0,0.45454250297075993,4.7411206926977325,0.1011752802908201,14.82,25.5,0.025666312274124112,676.0,3249,1.0,1026169,762.6,127.10000000000001,4.0,-0.6700000000000017,-1.5
225,706.0,85.0,6.5,226.0,105.0,62,0.0,1014,66,24.5,0.0,1.0,2023,11,23,18,3,327,47,-1.0,-1.8369701987210297e-16,-0.5000000000000004,0.8660254037844384,0.43388373911755823,-0.900968867902419,3,2,0,70.0,66.0,66.0,82.0,212.0,224.67,120.33333333333333,90.66605391949746,225.0,66.0,95.11166666666668,63.6912459971273,225.0,66.0,156.63916666666668,107.07656839496858,368.0,66.0,203.44458333333333,96.25272106731529,368.0,66.0,26.0,27.6,26.8,57.0,50.0,56.0,1.0,1.33,1.66,1013.0,1013.0,1015.0,1617.0,66.0,24.5,0.0,0.995570816058336,8.30578463782779,0.07646968859189891,16.17,24.0,0.024161711872079022,600.25,4356,1.0,1028196,1353.5,225.58333333333334,155.0,159.0,-1.5
216,297.1,30.0,52.0,156.0,149.0,56,0.0,1015,76,23.0,0.0,1.0,2023,11,23,19,3,327,47,-0.9659258262890684,0.2588190451025203,-0.5000000000000004,0.8660254037844384,0.43388373911755823,-0.900968867902419,3,2,0,225.0,70.0,66.0,73.0,102.0,240.0,133.33333333333334,81.29165598838064,225.0,70.0,100.44500000000001,62.80296290781126,225.0,66.0,156.88916666666668,106.94081689151342,368.0,66.0,197.81958333333333,97.9532159171641,368.0,66.0,24.5,27.5,27.7,66.0,49.0,51.0,1.0,1.0,2.0,1014.0,1013.0,1014.0,1748.0,76.0,23.0,0.0,0.6730726085089198,9.90300323322556,1.7332755574814172,17.48,22.5,0.022660076196969265,529.0,5776,1.0,1030225,789.1,131.51666666666668,-120.0,39.0,-1.5
375,1210.0,85.0,11.9,466.0,47.0,50,0.0,1015,80,22.5,0.0,0.66,2023,11,23,20,3,327,47,-0.8660254037844386,0.5000000000000001,-0.5000000000000004,0.8660254037844384,0.43388373911755823,-0.900968867902419,3,2,0,105.0,225.0,70.0,70.67,238.0,326.0,235.0,135.27749258468646,375.0,105.0,151.16666666666666,125.52197682743284,375.0,66.0,168.30583333333334,122.55944994968625,375.0,66.0,199.86125,101.1979950958176,375.0,66.0,23.0,26.0,27.6,76.0,57.0,50.0,1.0,1.0,1.66,1015.0,1013.0,1014.0,1800.0,52.800000000000004,14.850000000000001,0.0,0.804719303177461,14.235126645568874,0.1399983529605534,18.0,22.17,0.022167465844861237,506.25,6400,0.43560000000000004,1030225,2194.9,365.81666666666666,270.0,305.0,-0.5
337,806.0,85.0,21.6,402.0,42.0,43,0.0,1016,85,22.0,0.0,0.33,2023,11,23,21,3,327,47,-0.7071067811865477,0.7071067811865474,-0.5000000000000004,0.8660254037844384,0.43388373911755823,-0.900968867902419,3,2,0,375.0,105.0,225.0,66.0,368.0,295.0,272.3333333333333,146.15516868497411,375.0,105.0,196.33333333333334,136.98126392564274,375.0,66.0,165.7225,118.21739789857094,375.0,66.0,201.61125,103.25694878448951,375.0,66.0,22.5,24.5,27.6,80.0,66.0,50.0,0.66,1.0,1.33,1015.0,1014.0,1013.0,1870.0,28.05,7.260000000000001,0.0,0.8383063723722081,9.482241385395465,0.2541146574746179,18.7,21.835,0.021653521994564967,484.0,7225,0.10890000000000001,1032256,1693.6,282.26666666666665,-38.0,112.0,-0.5
247,504.0,92.0,10.8,278.0,37.0,37,0.0,1017,89,21.5,0.0,1.2,2023,11,23,22,3,327,47,-0.5000000000000004,0.8660254037844384,-0.5000000000000004,0.8660254037844384,0.43388373911755823,-0.900968867902419,3,3,0,337.0,375.0,105.0,66.0,292.0,294.0,319.6666666666667,65.73684912842455,375.0,247.0,226.5,121.60550974359641,375.0,70.0,161.9725,114.50294153625269,375.0,66.0,199.65291666666667,101.86486310107883,375.0,66.0,22.0,23.0,27.5,85.0,76.0,49.0,0.33,1.0,1.0,1016.0,1015.0,1013.0,1913.5,106.8,25.8,0.0,0.8884860126402424,5.478201323898653,0.11739002836925685,19.135,20.9,0.021140588848978518,462.25,7921,1.44,1034289,1168.8,194.79999999999998,-90.0,142.0,-0.5
221,605.0,92.0,2.2,264.0,95.0,50,0.0,1017,91,21.2,0.0,0.8,2023,11,23,23,3,327,47,-0.25881904510252157,0.9659258262890681,-0.5000000000000004,0.8660254037844384,0.43388373911755823,-0.900968867902419,3,3,0,247.0,337.0,375.0,70.0,227.0,304.0,268.3333333333333,60.871449246204406,337.0,221.0,251.66666666666666,95.57963520890101,375.0,105.0,161.4725,114.20588658009451,375.0,66.0,196.19458333333333,99.55088281569451,375.0,66.0,21.5,22.5,26.0,89.0,80.0,57.0,1.2,0.66,1.0,1017.0,1015.0,1013.0,1929.2,72.8,16.96,0.0,0.8371180412195409,6.576015478092629,0.02391278355670047,19.292,20.8,0.020845603888295094,449.44,8281,0.6400000000000001,1034289,1279.2,213.20000000000002,-26.0,-154.0,-0.3000000000000007
242,605.0,100.0,4.3,262.0,95.0,62,0.0,1016,93,20.9,0.0,0.4,2023,11,24,0,4,328,47,0.0,1.0,-0.5000000000000004,0.8660254037844384,-0.433883739117558,-0.9009688679024191,3,3,0,221.0,247.0,337.0,225.0,82.0,298.0,236.66666666666666,13.796134724379565,247.0,221.0,254.5,94.8804510950487,375.0,105.0,174.80583333333334,113.42129689856075,375.0,66.0,193.86125,97.700034903314,375.0,66.0,21.2,22.0,24.5,91.0,85.0,66.0,0.8,0.33,1.0,1017.0,1016.0,1014.0,1943.6999999999998,37.2,8.36,0.0,0.9236605967152798,6.049939500604994,0.04299957000429995,19.436999999999998,20.7,0.020570845894836716,436.80999999999995,8649,0.16000000000000003,1032256,1308.3,218.04999999999998,21.0,-95.0,-0.3000000000000007
204,395.7,35.0,19.0,142.0,141.0,75,0.0,1016,95,20.6,0.0,0.4,2023,11,24,1,4,328,47,0.25881904510252074,0.9659258262890683,-0.5000000000000004,0.8660254037844384,-0.433883739117558,-0.9009688679024191,3,3,0,242.0,221.0,247.0,105.0,73.0,136.0,186.33333333333334,78.93246058075994,242.0,96.0,253.0,97.74456506629883,375.0,96.0,176.7225,111.72618510732529,375.0,66.0,192.19458333333333,99.06169798925603,375.0,66.0,20.9,21.5,23.0,93.0,89.0,76.0,0.4,1.2,1.0,1016.0,1017.0,1015.0,1957.0000000000002,38.0,8.24,0.0,0.6760515771015697,11.305391274535014,0.5428416330961973,19.570000000000004,20.400000000000002,0.020275570594910832,424.36000000000007,9025,0.16000000000000003,1032256,828.7,138.11666666666667,-146.0,-151.0,-0.29999999999999716
263,605.0,123.0,2.2,278.0,95.0,79,0.0,1016,95,20.5,0.0,0.8,2023,11,24,2,4,328,47,0.49999999999999994,0.8660254037844387,-0.5000000000000004,0.8660254037844384,-0.433883739117558,-0.9009688679024191,3,3,0,96.0,242.0,221.0,375.0,70.67,262.0,200.33333333333334,90.9633625880949,263.0,96.0,234.33333333333334,78.60703954905432,337.0,96.0,192.75,108.88870464836995,375.0,66.0,192.23625,99.09254114923648,375.0,66.0,20.6,21.2,22.5,95.0,91.0,80.0,0.4,0.8,0.66,1016.0,1017.0,1015.0,1947.5,76.0,16.400000000000002,0.0,0.9460397624468978,4.9186591978926995,0.017886033446882547,19.475,20.1,0.020177145494935537,420.25,9025,0.6400000000000001,1032256,1366.2,227.70000000000002,167.0,42.0,-0.10000000000000142
232,605.0,108.0,2.2,232.0,105.0,83,0.0,1016,96,20.3,0.0,1.2,2023,11,24,3,4,328,47,0.7071067811865476,0.7071067811865476,-0.5000000000000004,0.8660254037844384,-0.433883739117558,-0.9009688679024191,3,3,0,263.0,96.0,242.0,337.0,66.0,228.0,197.0,88.83130078975479,263.0,96.0,216.83333333333334,60.86515149629209,263.0,96.0,206.58333333333334,101.6244944823236,375.0,66.0,192.40291666666667,99.15865037049053,375.0,66.0,20.5,20.9,22.0,95.0,93.0,85.0,0.8,0.4,0.33,1016.0,1016.0,1016.0,1948.8000000000002,115.19999999999999,24.36,0.0,0.9999956896737514,5.601799983333487,0.02037018175757632,19.488000000000003,19.7,0.01998029529498495,412.09000000000003,9216,1.44,1032256,1284.2,214.03333333333333,-31.0,-10.0,-0.1999999999999993
234,605.0,108.0,2.2,234.0,105.0,87,0.0,1016,96,20.2,0.0,1.2,2023,11,24,4,4,328,47,0.8660254037844386,0.5000000000000001,-0.5000000000000004,0.8660254037844384,-0.433883739117558,-0.9009688679024191,3,3,0,232.0,263.0,96.0,247.0,66.0,208.0,243.0,17.349351572894612,263.0,232.0,214.66666666666666,59.79855070707473,263.0,96.0,220.58333333333334,91.5715898115021,375.0,70.0,193.48625,99.4779753562483,375.0,66.0,20.3,20.6,21.5,96.0,95.0,89.0,1.2,0.4,1.2,1016.0,1016.0,1017.0,1939.1999999999998,115.19999999999999,24.24,0.0,0.9999957265139893,5.601799983333487,0.02037018175757632,19.392,19.599999999999998,0.01988187019500965,408.03999999999996,9216,1.44,1032256,1288.2,214.70000000000002,2.0,138.0,-0.10000000000000142
278,605.0,62.0,10.8,278.0,42.0,83,0.0,1016,96,20.3,0.0,1.2,2023,11,24,5,4,328,47,0.9659258262890683,0.25881904510252074,-0.5000000000000004,0.8660254037844384,-0.433883739117558,-0.9009688679024191,3,3,0,234.0,232.0,263.0,221.0,70.0,200.0,248.0,25.999999999998114,278.0,232.0,224.16666666666666,65.28220788749863,278.0,96.0,237.91666666666666,79.34671710380614,375.0,96.0,196.73625,100.96310117250583,375.0,66.0,20.2,20.5,21.2,96.0,95.0,91.0,1.2,0.8,0.8,1016.0,1016.0,1017.0,1948.8000000000002,115.19999999999999,24.36,0.0,0.9999964028906372,9.757907130530153,0.17419073885905068,19.488000000000003,19.7,0.01998029529498495,412.09000000000003,9216,1.44,1032256,1275.8,212.63333333333333,44.0,15.0,0.10000000000000142
244,504.0,77.0,9.7,244.0,42.0,79,0.0,1017,96,20.4,0.0,1.2,2023,11,24,6,4,328,47,1.0,6.123233995736766e-17,-0.5000000000000004,0.8660254037844384,-0.433883739117558,-0.9009688679024191,3,0,0,278.0,234.0,232.0,242.0,225.0,212.0,252.0,23.065125189339486,278.0,234.0,224.5,65.39648308586573,278.0,96.0,239.5,79.25505432692329,375.0,96.0,198.06958333333333,101.38386217004447,375.0,66.0,20.3,20.3,20.9,96.0,96.0,93.0,1.2,1.2,0.4,1016.0,1016.0,1016.0,1958.3999999999999,115.19999999999999,24.479999999999997,0.0,0.9999959016561407,6.545369540655316,0.12597238996896143,19.584,19.799999999999997,0.02005897732647264,416.15999999999997,9216,1.44,1034289,1120.7,186.78333333333333,-34.0,12.0,0.09999999999999787
204,411.4,32.0,16.0,139.0,165.0,75,0.0,1018,96,20.5,1.0,1.6,2023,11,24,7,4,328,47,0.9659258262890683,-0.25881904510252063,-0.5000000000000004,0.8660254037844384,-0.433883739117558,-0.9009688679024191,3,0,0,244.0,278.0,234.0,96.0,105.0,102.0,206.0,96.767763227223,278.0,96.0,224.5,65.39648308586573,278.0,96.0,238.75,80.67344386757313,375.0,96.0,197.81958333333333,101.63813639271501,375.0,66.0,20.4,20.2,20.6,96.0,96.0,95.0,1.2,1.2,0.4,1017.0,1016.0,1016.0,1968.0,153.60000000000002,32.800000000000004,0.0,0.6906425133632131,12.855848254742039,0.499984375488266,19.68,19.7,0.020137504776517903,420.25,9216,2.5600000000000005,1036324,859.4,143.23333333333332,-148.0,-138.0,0.10000000000000142
214,605.0,77.0,8.6,214.0,42.0,83,0.0,1018,92,21.5,1.6,1.2,2023,11,24,8,4,328,47,0.8660254037844387,-0.4999999999999998,-0.5000000000000004,0.8660254037844384,-0.433883739117558,-0.9009688679024191,3,0,0,96.0,244.0,278.0,263.0,375.0,238.0,184.66666666666666,78.2389502315389,244.0,96.0,216.33333333333334,62.628002256710914,278.0,96.0,225.33333333333334,68.40963958302015,337.0,96.0,196.81958333333333,101.34325822064062,375.0,66.0,20.5,20.3,20.5,96.0,96.0,95.0,1.6,1.2,0.8,1018.0,1016.0,1016.0,1978.0,110.39999999999999,25.8,0.0,0.9999953271246396,7.857040817651718,0.11168686120959467,19.78,20.9,0.021119822082689508,462.25,8464,1.44,1036324,1160.6,193.4333333333333,118.0,-64.0,1.0
269,706.0,69.0,6.5,278.0,42.0,91,0.0,1019,88,22.5,1.7,1.2,2023,11,24,9,4,328,47,0.7071067811865476,-0.7071067811865475,-0.5000000000000004,0.8660254037844384,-0.433883739117558,-0.9009688679024191,3,0,0,214.0,96.0,244.0,232.0,337.0,368.0,193.0,88.39117603018917,269.0,96.0,222.5,66.19894258974173,278.0,96.0,219.66666666666666,60.7009560106428,278.0,96.0,192.69458333333333,95.94368597296953,375.0,66.0,21.5,20.4,20.3,92.0,96.0,96.0,1.2,1.2,1.2,1018.0,1017.0,1016.0,1980.0,105.6,27.0,0.0,0.9676224186243935,10.231735771945333,0.09420153331111143,19.8,21.9,0.02208044938130581,506.25,7744,1.44,1038361,1370.5,228.41666666666666,55.0,25.0,1.0
212,101.0,170.0,2.2,226.0,26.0,100,0.0,1019,84,23.5,2.1,1.6,2023,11,24,10,4,328,47,0.49999999999999994,-0.8660254037844387,-0.5000000000000004,0.8660254037844384,-0.433883739117558,-0.9009688679024191,3,0,0,269.0,214.0,96.0,234.0,247.0,292.0,231.66666666666666,32.34707611722012,269.0,212.0,218.83333333333334,66.0436724195936,278.0,96.0,216.75,60.106156090702825,278.0,96.0,189.36125,93.70718891788071,375.0,66.0,22.5,20.5,20.2,88.0,96.0,96.0,1.2,1.6,1.2,1019.0,1018.0,1016.0,1974.0,134.4,37.6,0.0,0.9380489466860766,0.5941141522696926,0.01294110034646855,19.74,22.7,0.023061802687141624,552.25,7056,2.5600000000000005,1038361,737.2,122.86666666666667,-57.0,116.0,1.0
199,101.0,139.0,4.3,216.0,26.0,100,0.0,1018,75,24.2,3.4,0.33,2023,11,24,11,4,328,47,0.258819045102521,-0.9659258262890682,-0.5000000000000004,0.8660254037844384,-0.433883739117558,-0.9009688679024191,3,0,0,212.0,269.0,214.0,278.0,221.0,227.0,191.0,90.34932207825297,269.0,92.0,187.83333333333334,75.6687958584421,269.0,92.0,206.0,69.9987012866533,278.0,92.0,183.73625,95.38640395380891,375.0,66.0,23.5,21.5,20.3,84.0,92.0,96.0,1.6,1.2,1.2,1019.0,1018.0,1016.0,1815.0,24.75,7.986,0.0,0.4259239540557683,0.7266134776008806,0.030935029244393925,18.15,24.035,0.02377207880935284,585.64,5625,0.10890000000000001,1036324,578.3,96.38333333333333,-120.0,-122.0,0.6999999999999993
187,101.0,108.0,5.4,198.0,26.0,100,0.0,1017,67,24.8,5.7,0.66,2023,11,24,12,4,328,47,1.2246467991473532e-16,-1.0,-0.5000000000000004,0.8660254037844384,-0.433883739117558,-0.9009688679024191,3,1,0,92.0,212.0,269.0,244.0,242.0,82.0,129.0,72.02083032012249,212.0,83.0,161.0,80.17979795434704,269.0,83.0,192.75,77.2388562129894,278.0,83.0,183.77791666666667,95.34023859562704,375.0,66.0,24.2,22.5,20.4,75.0,88.0,96.0,0.33,1.2,1.2,1018.0,1019.0,1017.0,1661.6000000000001,44.22,16.368000000000002,0.0,0.4191898020717067,0.9351765261432764,0.04999953704132369,16.616,24.470000000000002,0.02438542341649615,615.0400000000001,4489,0.43560000000000004,1034289,521.4,86.89999999999999,-9.0,-186.0,0.6000000000000014
177,101.0,85.0,8.6,166.0,26.0,100,0.0,1016,59,25.5,4.6,1.0,2023,11,24,13,4,328,47,-0.2588190451025208,-0.9659258262890683,-0.5000000000000004,0.8660254037844384,-0.433883739117558,-0.9009688679024191,3,1,0,83.0,92.0,212.0,96.0,96.0,73.0,83.66666666666667,8.020806277002078,92.0,76.0,157.66666666666666,83.75838266505976,269.0,76.0,191.08333333333334,79.69311403278434,278.0,76.0,183.90291666666667,95.19053266220634,375.0,66.0,24.8,23.5,20.5,67.0,84.0,96.0,0.66,1.6,1.6,1017.0,1019.0,1018.0,1504.5,59.0,25.5,0.0,0.45782856729778737,1.1882213150433523,0.1011752802908201,15.045,25.0,0.025098400493700303,650.25,3481,1.0,1032256,462.6,77.10000000000001,-7.0,-136.0,0.6999999999999993
176,108.2,60.0,47.8,141.1,55.0,95,0.0,1016,61,25.8,3.8,1.33,2023,11,24,14,4,328,47,-0.4999999999999997,-0.8660254037844388,-0.5000000000000004,0.8660254037844384,-0.433883739117558,-0.9009688679024191,3,1,0,76.0,83.0,92.0,214.0,263.0,70.67,78.0,4.358898943524765,83.0,75.0,134.5,84.28226385189183,269.0,75.0,175.41666666666666,82.69270423279966,278.0,75.0,184.08333333333334,94.97043781077927,375.0,66.0,25.5,24.2,21.5,59.0,75.0,92.0,1.0,0.33,1.2,1016.0,1018.0,1018.0,1573.8,81.13000000000001,34.314,0.0,0.5315341492973119,1.8033032782786955,0.7966533891101815,15.738,25.135,0.02539367579362619,665.64,3721,1.7689000000000001,1032256,487.1,81.18333333333334,-1.0,-17.0,0.3000000000000007
176,115.4,35.0,86.9,93.8,84.0,91,0.0,1016,62,26.2,2.6,1.66,2023,11,24,15,4,328,47,-0.7071067811865471,-0.7071067811865479,-0.5000000000000004,0.8660254037844384,-0.433883739117558,-0.9009688679024191,3,1,0,75.0,76.0,83.0,269.0,232.0,66.0,75.33333333333333,0.5773502690690093,76.0,75.0,102.16666666666667,54.21223724092721,212.0,75.0,162.33333333333334,85.30515633283635,278.0,75.0,184.45833333333334,94.50050801182411,375.0,66.0,25.8,24.8,22.5,61.0,67.0,88.0,1.33,0.66,1.2,1016.0,1017.0,1019.0,1624.3999999999999,102.92,43.492,0.0,0.7995650366200786,3.2970486557526932,2.4827862061083974,16.244,25.37,0.02578737619352737,686.4399999999999,3844,2.7556,1032256,490.1,81.68333333333334,0.0,-8.0,0.3999999999999986
173,122.6,10.0,126.0,91.3,113.0,87,0.0,1015,64,26.5,1.7,2.0,2023,11,24,16,4,328,47,-0.8660254037844385,-0.5000000000000004,-0.5000000000000004,0.8660254037844384,-0.433883739117558,-0.9009688679024191,3,1,0,75.0,75.0,76.0,212.0,234.0,66.0,74.33333333333333,1.154700538318845,75.0,73.0,79.0,7.238784428335014,92.0,73.0,148.91666666666666,85.6689806314059,278.0,73.0,184.75,94.12907419440462,375.0,70.0,26.2,25.5,23.5,62.0,59.0,84.0,1.66,1.0,1.6,1016.0,1016.0,1019.0,1696.0,128.0,53.0,0.0,0.7995531264717801,12.258774122587742,12.598740125987401,16.96,25.5,0.026108348661725456,702.25,4096,4.0,1030225,535.9000000000001,89.31666666666668,-2.0,-3.0,0.3000000000000007
206,403.0,77.0,9.7,278.0,42.0,83,0.0,1016,69,25.6,1.6,2.0,2023,11,24,17,4,328,47,-0.9659258262890683,-0.25881904510252063,-0.5000000000000004,0.8660254037844384,-0.433883739117558,-0.9009688679024191,3,1,0,73.0,75.0,75.0,92.0,278.0,70.0,118.0,76.21679604916407,206.0,73.0,98.0,53.02075065481352,206.0,73.0,142.91666666666666,77.98304982883153,269.0,73.0,190.41666666666666,90.96101251141354,375.0,73.0,26.5,25.8,24.2,64.0,61.0,75.0,2.0,1.33,0.33,1015.0,1016.0,1018.0,1766.4,138.0,51.2,0.0,0.741004528760688,5.233698263658913,0.12597238996896143,17.664,24.6,0.025196825593675597,655.3600000000001,4761,4.0,1032256,1015.7,169.28333333333333,133.0,131.0,-0.8999999999999986
304,806.0,85.0,10.8,404.0,47.0,79,0.0,1016,74,24.6,0.0,2.0,2023,11,24,18,4,328,47,-1.0,-1.8369701987210297e-16,-0.5000000000000004,0.8660254037844384,-0.433883739117558,-0.9009688679024191,3,2,0,206.0,73.0,75.0,83.0,244.0,225.0,194.33333333333334,115.94107698884474,304.0,73.0,134.83333333333334,98.10895304031422,304.0,73.0,147.91666666666666,86.51059665343485,304.0,73.0,193.70833333333334,93.65639288129941,375.0,73.0,25.6,26.2,24.8,69.0,62.0,67.0,2.0,1.66,0.66,1016.0,1016.0,1017.0,1820.4,148.0,49.2,0.0,0.7524733849668689,9.482241385395465,0.12705732873730896,18.204,23.6,0.024212574593922644,605.1600000000001,5476,4.0,1032256,1656.8,276.1333333333333,98.0,229.0,-1.0
315,605.0,85.0,13.0,390.0,47.0,75,0.0,1017,80,23.7,0.0,2.0,2023,11,24,19,4,328,47,-0.9659258262890684,0.2588190451025203,-0.5000000000000004,0.8660254037844384,-0.433883739117558,-0.9009688679024191,3,2,0,304.0,206.0,73.0,76.0,96.0,105.0,275.0,60.00833275470922,315.0,206.0,174.66666666666666,116.28012154563044,315.0,73.0,166.16666666666666,97.02373967543208,315.0,73.0,202.45833333333334,94.81101530512416,375.0,73.0,24.6,26.5,25.5,74.0,64.0,59.0,2.0,2.0,1.0,1016.0,1015.0,1016.0,1896.0,160.0,47.4,0.0,0.8076902366917008,7.117563322784437,0.15293937718379783,18.96,22.7,0.02330381189399027,561.6899999999999,6400,4.0,1034289,1455.0,242.5,11.0,242.0,-0.9000000000000021
290,605.0,90.0,11.9,359.3,63.0,66,0.0,1017,81,23.5,0.0,1.66,2023,11,24,20,4,328,47,-0.8660254037844386,0.5000000000000001,-0.5000000000000004,0.8660254037844384,-0.433883739117558,-0.9009688679024191,3,2,0,315.0,304.0,206.0,75.0,214.0,375.0,303.10999999999996,12.359057407420401,315.0,290.33,210.55499999999998,112.53627037537687,315.0,73.0,172.5275,102.77630157730448,315.0,73.0,198.93041666666667,89.54038503375354,337.0,73.0,23.7,25.6,25.8,80.0,69.0,61.0,2.0,2.0,1.33,1017.0,1016.0,1016.0,1903.5,134.45999999999998,39.01,0.0,0.8080411688250241,6.722147531694092,0.1322207531027433,19.035,22.67,0.02310715525353466,552.25,6561,2.7556,1034289,1419.53,236.58833333333334,-24.670000000000016,84.32999999999998,-0.1999999999999993
255,605.0,108.0,13.0,328.0,100.0,58,0.0,1018,81,23.2,0.0,1.33,2023,11,24,21,4,328,47,-0.7071067811865477,0.7071067811865474,-0.5000000000000004,0.8660254037844384,-0.433883739117558,-0.9009688679024191,3,2,0,290.33,315.0,304.0,75.0,269.0,337.0,286.77666666666664,30.157414234865065,315.0,255.0,240.55499999999998,91.12876686315872,315.0,73.0,171.36083333333332,101.65498086963575,315.0,73.0,195.51375,85.51696357588482,315.0,73.0,23.5,24.6,26.2,81.0,74.0,62.0,1.66,2.0,1.66,1017.0,1016.0,1016.0,1879.2,107.73,30.856,0.0,0.7774366541565423,5.601799983333487,0.12036925584022369,18.792,22.535,0.022789761503181235,538.24,6561,1.7689000000000001,1036324,1409.0,234.83333333333334,-35.329999999999984,-49.0,-0.3000000000000007
241,605.0,100.0,9.7,298.0,95.0,50,0.0,1018,82,23.0,0.0,1.0,2023,11,24,22,4,328,47,-0.5000000000000004,0.8660254037844384,-0.5000000000000004,0.8660254037844384,-0.433883739117558,-0.9009688679024191,3,3,0,255.0,290.33,315.0,73.0,212.0,247.0,262.10999999999996,25.421964912254552,290.33,241.0,268.555,41.81813183297334,315.0,206.0,173.7775,103.04415418335766,315.0,73.0,195.26375,85.36854612756892,315.0,73.0,23.2,23.7,26.5,81.0,80.0,64.0,1.33,2.0,2.0,1018.0,1017.0,1015.0,1886.0,82.0,23.0,0.0,0.8087221183821531,6.049939500604994,0.0969990300096999,18.86,22.5,0.022593298041946912,529.0,6724,1.0,1036324,1348.7,224.78333333333333,-14.0,-74.0,-0.1999999999999993
218,605.0,100.0,9.7,228.0,58.0,62,0.0,1018,85,22.7,0.0,1.0,2023,11,24,23,4,328,47,-0.25881904510252157,0.9659258262890681,-0.5000000000000004,0.8660254037844384,-0.433883739117558,-0.9009688679024191,3,3,0,241.0,255.0,290.33,206.0,92.0,221.0,238.0,18.681541692266602,255.0,218.0,270.555,38.373065423548574,315.0,218.0,184.2775,100.3376775171989,315.0,73.0,195.13875,85.3314119394906,315.0,73.0,23.0,23.5,25.6,82.0,81.0,69.0,1.0,1.66,2.0,1018.0,1017.0,1016.0,1929.5,85.0,22.7,0.0,0.9561361572975557,6.049939500604994,0.0969990300096999,19.295,22.2,0.022298602850095432,515.29,7225,1.0,1036324,1218.7,203.11666666666667,-23.0,-72.32999999999998,-0.3000000000000007
202,403.0,100.0,7.6,202.0,95.0,75,0.0,1018,87,22.5,0.0,1.0,2023,11,25,0,5,329,47,0.0,1.0,-0.5000000000000004,0.8660254037844384,-0.9749279121818236,-0.2225209339563146,3,3,1,218.0,241.0,255.0,304.0,83.0,242.0,220.33333333333334,19.60442127004071,241.0,202.0,253.55499999999998,42.91778361006002,315.0,202.0,194.19416666666666,95.1654141203458,315.0,73.0,193.47208333333333,84.76509233216106,315.0,73.0,22.7,23.2,24.6,85.0,81.0,74.0,1.0,1.33,2.0,1018.0,1018.0,1016.0,1957.5,87.0,22.5,0.0,0.9999950495294577,4.029959700402996,0.07599924000759992,19.575,22.0,0.022102139388861113,506.25,7569,1.0,1036324,1009.6,168.26666666666668,-16.0,-53.0,-0.1999999999999993
211,605.0,62.0,6.5,212.0,68.0,87,0.0,1017,90,22.2,0.0,1.0,2023,11,25,1,5,329,47,0.25881904510252074,0.9659258262890683,-0.5000000000000004,0.8660254037844384,-0.9749279121818236,-0.2225209339563146,3,3,1,202.0,218.0,241.0,315.0,76.0,96.0,210.33333333333334,8.02080627700372,218.0,202.0,236.22166666666666,32.99228419898508,290.33,202.0,205.44416666666666,87.60180648389829,315.0,73.0,198.26375,82.22798618118483,315.0,73.0,22.5,23.0,23.7,87.0,82.0,80.0,1.0,1.0,2.0,1018.0,1018.0,1017.0,1998.0,90.0,22.2,0.0,0.9952783241588483,9.757907130530153,0.10483701875776198,19.98,21.7,0.021828887090573165,492.84,8100,1.0,1034289,1164.5,194.08333333333334,9.0,-30.0,-0.3000000000000007
204,403.0,170.0,1.1,204.0,105.0,87,0.0,1017,91,22.0,0.0,0.66,2023,11,25,2,5,329,47,0.49999999999999994,0.8660254037844387,-0.5000000000000004,0.8660254037844384,-0.9749279121818236,-0.2225209339563146,3,3,1,211.0,202.0,218.0,290.33,75.0,263.0,205.66666666666666,4.725815626240748,211.0,202.0,221.83333333333334,21.49806192815062,255.0,202.0,216.19416666666666,77.46817322538801,315.0,73.0,195.80541666666667,81.08241652407838,315.0,73.0,22.2,22.7,23.5,90.0,85.0,81.0,1.0,1.0,1.66,1017.0,1018.0,1017.0,2002.0,60.06,14.520000000000001,0.0,0.9999950980632447,2.3705742907394662,0.006470550173234275,20.02,21.67,0.021632230450117553,484.0,8281,0.43560000000000004,1034289,1087.1,181.1833333333333,-7.0,-14.0,-0.1999999999999993
209,269.0,138.7,3.6,209.3,44.0,87,0.0,1017,91,21.7,0.0,0.33,2023,11,25,3,5,329,47,0.7071067811865476,0.7071067811865476,-0.5000000000000004,0.8660254037844384,-0.9749279121818236,-0.2225209339563146,3,3,1,204.0,211.0,202.0,255.0,75.0,232.0,208.0,3.6055512754485153,211.0,204.0,214.16666666666666,14.302680401470127,241.0,202.0,227.36083333333332,63.69966925250649,315.0,73.0,194.84708333333333,80.7713486911302,315.0,73.0,22.0,22.5,23.2,91.0,87.0,81.0,0.66,1.0,1.33,1017.0,1018.0,1018.0,1974.7,30.03,7.1610000000000005,0.0,0.9985618797807941,1.9394236523168544,0.025955112075615894,19.747,21.535,0.02133724548943413,470.89,8281,0.10890000000000001,1034289,873.6,145.6,5.0,7.0,-0.3000000000000007
208,101.0,177.0,2.2,208.0,32.0,87,0.0,1017,91,21.5,0.0,0.0,2023,11,25,4,5,329,47,0.8660254037844386,0.5000000000000001,-0.5000000000000004,0.8660254037844384,-0.9749279121818236,-0.2225209339563146,3,3,1,209.0,204.0,211.0,241.0,73.0,234.0,207.0,2.6457513110434574,209.0,204.0,208.66666666666666,5.6450568346648655,218.0,202.0,238.61083333333332,42.27932171519429,315.0,202.0,193.76375,80.39687679487086,315.0,73.0,21.7,22.2,23.0,91.0,90.0,82.0,0.33,1.0,1.0,1017.0,1017.0,1018.0,1956.5,0.0,0.0,0.0,0.999995192330806,0.5706182450946604,0.012429308308992606,19.565,21.5,0.021140588848978518,462.25,8281,0.0,1034289,728.2,121.36666666666667,-1.0,-3.0,-0.1999999999999993
212,101.0,177.0,3.2,212.0,32.0,66,0.0,1017,93,20.9,0.0,0.0,2023,11,25,5,5,329,47,0.9659258262890683,0.25881904510252074,-0.5000000000000004,0.8660254037844384,-0.9749279121818236,-0.2225209339563146,3,3,1,208.0,209.0,204.0,218.0,206.0,278.0,209.66666666666666,2.0816659994394193,212.0,208.0,207.66666666666666,3.932768320991753,212.0,202.0,239.11083333333332,41.892309439221,315.0,202.0,191.01375,78.49659210617165,315.0,73.0,21.5,22.0,22.7,91.0,91.0,85.0,0.0,0.66,1.0,1017.0,1017.0,1018.0,1943.6999999999998,0.0,0.0,0.0,0.9999952830411177,0.5706182450946604,0.018078993903989243,19.436999999999998,20.9,0.020550618927611675,436.80999999999995,8649,0.0,1034289,737.2,122.86666666666667,4.0,8.0,-0.6000000000000014
228,101.0,239.0,2.2,228.0,32.0,45,0.0,1018,94,20.3,0.0,0.8,2023,11,25,6,5,329,47,1.0,6.123233995736766e-17,-0.5000000000000004,0.8660254037844384,-0.9749279121818236,-0.2225209339563146,3,0,1,212.0,208.0,209.0,202.0,304.0,244.0,216.0,10.58300524425318,228.0,208.0,212.0,8.318653737229992,228.0,204.0,232.7775,36.601210641923814,315.0,202.0,190.34708333333333,78.09392831039655,315.0,73.0,20.9,21.7,22.5,93.0,91.0,87.0,0.0,0.33,1.0,1017.0,1017.0,1018.0,1908.2,75.2,16.240000000000002,0.0,0.9999956140543244,0.42259237409048495,0.009204982405931357,19.082,19.900000000000002,0.01994104131528358,412.09000000000003,8836,0.6400000000000001,1036324,830.2,138.36666666666667,16.0,19.0,-0.5999999999999979
252,101.0,239.0,2.2,260.0,32.0,25,0.0,1018,96,19.7,1.1,0.4,2023,11,25,7,5,329,47,0.9659258262890683,-0.25881904510252063,-0.5000000000000004,0.8660254037844384,-0.9749279121818236,-0.2225209339563146,3,0,1,228.0,212.0,208.0,211.0,315.0,96.0,230.66666666666666,20.132891827386022,252.0,212.0,218.83333333333334,18.247374240328345,252.0,204.0,227.5275,26.992170287291,290.33,202.0,196.84708333333333,76.37292022240072,315.0,73.0,20.3,21.5,22.2,94.0,91.0,90.0,0.8,0.0,1.0,1018.0,1017.0,1017.0,1891.1999999999998,38.400000000000006,7.88,0.0,0.9692270414344561,0.42259237409048495,0.009204982405931357,18.912,19.5,0.019351650931580616,388.09,9216,0.16000000000000003,1036324,886.2,147.70000000000002,24.0,44.0,-0.6000000000000014
242,93.6,162.3,35.8,266.7,57.0,37,0.0,1019,82,21.9,1.6,0.4,2023,11,25,8,5,329,47,0.8660254037844387,-0.4999999999999998,-0.5000000000000004,0.8660254037844384,-0.9749279121818236,-0.2225209339563146,3,0,1,252.0,228.0,212.0,204.0,290.33,214.0,240.89,12.09860735786957,252.0,228.0,225.27833333333334,18.78171495541873,252.0,208.0,223.55583333333334,19.330149535390067,255.0,202.0,198.04166666666666,76.875448710839,315.0,73.0,19.7,20.9,22.0,96.0,93.0,91.0,0.4,0.0,0.66,1018.0,1017.0,1017.0,1795.8,32.800000000000004,8.76,0.0,0.9098953509735622,0.5767062433379954,0.2205778152938059,17.958,21.7,0.021491637397804318,479.60999999999996,6724,0.16000000000000003,1038361,858.0699999999999,143.01166666666666,-9.330000000000013,30.669999999999987,2.1999999999999993
238,101.0,231.0,4.3,244.0,26.0,50,0.0,1019,70,24.0,2.9,1.2,2023,11,25,9,5,329,47,0.7071067811865476,-0.7071067811865475,-0.5000000000000004,0.8660254037844384,-0.9749279121818236,-0.2225209339563146,3,0,1,242.67,252.0,228.0,209.0,255.0,269.0,244.22333333333333,7.128087635069434,252.0,238.0,230.11166666666668,17.43819992621373,252.0,208.0,222.13916666666668,17.336290081439397,252.0,202.0,196.75,75.88542215506385,315.0,73.0,21.9,20.3,21.7,82.0,94.0,91.0,0.4,0.8,0.33,1019.0,1018.0,1017.0,1680.0,84.0,28.799999999999997,0.0,0.9754058385006619,0.43722754446950446,0.018614638031869992,16.8,23.4,0.02355247934005953,576.0,4900,1.44,1038361,844.3,140.71666666666667,-4.6699999999999875,10.0,2.1000000000000014
224,78.8,9.0,103.0,280.0,107.0,62,0.0,1020,61,26.2,4.1,1.2,2023,11,25,10,5,329,47,0.49999999999999994,-0.8660254037844387,-0.5000000000000004,0.8660254037844384,-0.9749279121818236,-0.2225209339563146,3,0,1,238.0,242.67,252.0,208.0,241.0,212.0,234.89,9.71577583108498,242.67,224.0,232.77833333333334,14.32629807963666,252.0,212.0,220.7225,16.31971709034892,252.0,202.0,197.25,76.02966749322607,315.0,73.0,24.0,19.7,21.5,70.0,96.0,91.0,1.2,0.4,0.0,1019.0,1018.0,1017.0,1598.2,73.2,31.439999999999998,0.0,0.799997142867347,8.754582824130653,11.443172980779915,15.982000000000001,25.599999999999998,0.02568624932720654,686.4399999999999,3721,1.44,1040400,801.8,133.63333333333333,-14.0,-28.0,2.1999999999999993
169,302.0,69.0,28.1,150.0,105.0,58,0.0,1019,60,26.8,5.0,1.2,2023,11,25,11,5,329,47,0.258819045102521,-0.9659258262890682,-0.5000000000000004,0.8660254037844384,-0.9749279121818236,-0.2225209339563146,3,0,1,224.0,238.0,242.67,212.0,218.0,92.0,177.33333333333334,93.2165936587109,238.0,70.0,209.11166666666668,68.89208094307065,252.0,70.0,208.38916666666668,46.528770661198045,252.0,70.0,196.33333333333334,77.4727360552352,315.0,70.0,26.2,21.9,20.9,61.0,82.0,93.0,1.2,0.4,0.0,1020.0,1019.0,1017.0,1608.0,72.0,32.16,0.0,0.46666355557629613,4.3767481630701,0.4072404747757279,16.08,26.2,0.02630026859639981,718.24,3600,1.44,1038361,724.1,120.68333333333334,-154.0,-172.67,0.6000000000000014
156,91.2,6.3,120.3,75.0,90.3,54,0.0,1017,59,27.4,5.6,1.2,2023,11,25,12,5,329,47,1.2246467991473532e-16,-1.0,-0.5000000000000004,0.8660254037844384,-0.9749279121818236,-0.2225209339563146,3,1,1,70.0,224.0,238.0,228.0,202.0,83.0,118.0,91.93475947648898,224.0,60.0,181.11166666666668,90.44790111808341,252.0,60.0,196.55583333333334,63.3262702142039,252.0,60.0,195.375,79.06157831220847,315.0,60.0,26.8,24.0,20.3,60.0,70.0,94.0,1.2,1.2,0.8,1019.0,1019.0,1018.0,1616.6,70.8,32.879999999999995,0.0,0.7999893334755536,14.473893032851928,19.092207586097445,16.166,26.799999999999997,0.02694195974241913,750.7599999999999,3481,1.44,1034289,443.1,73.85000000000001,-10.0,-178.0,0.5999999999999979
126,97.5,5.0,129.0,56.3,82.0,50,0.0,1016,59,28.0,5.0,1.6,2023,11,25,13,5,329,47,-0.2588190451025208,-0.9659258262890683,-0.5000000000000004,0.8660254037844384,-0.9749279121818236,-0.2225209339563146,3,1,1,60.0,70.0,224.0,252.0,211.0,76.0,58.333333333333336,12.583057392112826,70.0,45.0,146.61166666666668,97.22535068934741,242.67,45.0,182.7225,76.61983176994383,252.0,45.0,194.08333333333334,81.31769985768787,315.0,45.0,27.4,26.2,19.7,59.0,61.0,96.0,1.2,1.2,0.4,1017.0,1020.0,1018.0,1652.0,94.4,44.800000000000004,0.0,0.7992753237065062,19.49610077984403,25.794841031793638,16.52,27.2,0.027559027993082685,784.0,3481,2.5600000000000005,1032256,414.8,69.13333333333334,-15.0,-179.0,0.6000000000000014
156,202.0,85.0,13.0,134.0,37.0,43,0.0,1016,53,27.8,4.1,2.0,2023,11,25,14,5,329,47,-0.4999999999999997,-0.8660254037844388,-0.5000000000000004,0.8660254037844384,-0.9749279121818236,-0.2225209339563146,3,1,1,45.0,60.0,70.0,242.67,204.0,75.0,55.0,8.660254037836966,60.0,45.0,116.16666666666667,89.4168142278989,238.0,45.0,170.7225,83.91373537205254,252.0,45.0,193.45833333333334,82.32417261716957,315.0,45.0,28.0,26.8,21.9,59.0,60.0,82.0,1.6,1.2,0.4,1016.0,1019.0,1019.0,1473.4,106.0,55.6,0.0,0.44775785255333916,2.3764426300867045,0.15293937718379783,14.734000000000002,26.8,0.027362177793132096,772.84,2809,4.0,1032256,531.0,88.5,15.0,-10.0,-0.1999999999999993
154,704.5,68.3,64.6,108.1,34.7,37,0.0,1016,49,27.7,2.5,2.0,2023,11,25,15,5,329,47,-0.7071067811865471,-0.7071067811865479,-0.5000000000000004,0.8660254037844384,-0.9749279121818236,-0.2225209339563146,3,1,1,60.0,45.0,60.0,238.0,209.0,75.0,54.44333333333333,8.220683264376797,60.0,45.0,86.22166666666665,67.9681308899,224.0,45.0,158.16666666666666,88.79587647401108,252.0,45.0,192.76375,83.42997771172148,315.0,45.0,27.8,27.4,24.0,53.0,59.0,70.0,2.0,1.2,1.2,1016.0,1017.0,1019.0,1357.3,98.0,55.4,0.0,0.5395879779095475,10.314636681746972,0.945813384869914,13.573,26.7,0.027263752693156798,767.29,2401,4.0,1032256,1038.53,173.08833333333334,-1.6700000000000017,-1.6700000000000017,-0.10000000000000142
163,1008.0,100.0,32.4,134.0,11.0,31,0.0,1015,44,27.5,1.5,2.0,2023,11,25,16,5,329,47,-0.8660254037844385,-0.5000000000000004,-0.5000000000000004,0.8660254037844384,-0.9749279121818236,-0.2225209339563146,3,1,1,58.33,60.0,45.0,224.0,208.0,73.0,61.10999999999999,3.4707780107451804,65.0,58.33,59.721666666666664,8.394332413395032,70.0,45.0,146.25,91.06659291669203,252.0,45.0,192.43041666666667,83.94368207726231,315.0,45.0,27.7,28.0,26.2,49.0,59.0,61.0,2.0,1.6,1.2,1016.0,1016.0,1020.0,1210.0,88.0,55.0,0.0,0.48507100693278404,10.07989920100799,0.32399676003239963,12.1,26.5,0.02709356936594151,756.25,1936,4.0,1030225,1350.4,225.0666666666667,6.670000000000002,20.0,-0.1999999999999993
195,101.0,85.0,6.5,192.0,26.0,25,0.0,1016,51,26.5,1.5,0.33,2023,11,25,17,5,329,47,-0.9659258262890683,-0.25881904510252063,-0.5000000000000004,0.8660254037844384,-0.9749279121818236,-0.2225209339563146,3,1,1,65.0,58.33,60.0,70.0,212.0,206.0,70.77666666666666,16.130394704817572,89.0,58.33,62.88833333333334,14.448073112584078,89.0,45.0,136.0,89.90809337621066,252.0,45.0,187.55541666666667,86.48040818485376,315.0,45.0,27.5,27.8,26.8,44.0,53.0,60.0,2.0,2.0,1.2,1015.0,1016.0,1019.0,1351.5,16.830000000000002,8.745000000000001,0.0,0.4635392523997271,1.1882213150433523,0.07646968859189891,13.515,26.335,0.026082651493453256,702.25,2601,0.10890000000000001,1032256,499.5,83.25,24.0,29.0,-1.0
205,101.0,154.0,5.4,208.0,26.0,18,0.0,1017,59,25.5,0.0,0.66,2023,11,25,18,5,329,47,-1.0,-1.8369701987210297e-16,-0.5000000000000004,0.8660254037844384,-0.9749279121818236,-0.2225209339563146,3,2,1,89.0,65.0,58.33,60.0,228.0,304.0,119.66666666666667,74.86877408728697,205.0,65.0,87.055,59.54317887046267,205.0,45.0,134.08333333333334,87.99330267214361,252.0,45.0,183.43041666666667,82.97469506758101,315.0,45.0,26.5,27.7,27.4,51.0,49.0,59.0,0.33,2.0,1.2,1016.0,1016.0,1017.0,1504.5,38.940000000000005,16.830000000000002,0.0,0.9855721847491118,0.655839897143525,0.03506470737203005,15.045,25.17,0.025073721658090797,650.25,3481,0.43560000000000004,1034289,699.4,116.56666666666666,116.0,146.67000000000002,-1.0
192,101.0,116.0,5.4,190.0,26.0,12,0.0,1017,68,24.5,0.0,1.0,2023,11,25,19,5,329,47,-0.9659258262890684,0.2588190451025203,-0.5000000000000004,0.8660254037844384,-0.9749279121818236,-0.2225209339563146,3,2,1,205.0,89.0,65.0,45.0,252.0,315.0,127.0,67.55738301621726,205.0,87.0,94.055,55.972012202527736,205.0,58.33,120.33333333333333,80.46161392335776,242.67,45.0,173.93041666666667,80.2638774390949,290.33,45.0,25.5,27.5,28.0,59.0,44.0,59.0,0.66,2.0,1.6,1017.0,1015.0,1016.0,1666.0,68.0,24.5,0.0,0.4578923268824901,0.8706821492918164,0.04655132283342385,16.66,24.0,0.02409043845581273,600.25,4624,1.0,1034289,525.4,87.56666666666666,-118.0,22.0,-1.0
189,605.0,77.0,19.5,164.0,21.0,12,0.0,1018,75,23.9,0.0,1.0,2023,11,25,20,5,329,47,-0.8660254037844386,0.5000000000000001,-0.5000000000000004,0.8660254037844384,-0.9749279121818236,-0.2225209339563146,3,2,1,87.0,205.0,89.0,60.0,242.67,290.33,125.66666666666667,68.71195917257208,205.0,85.0,98.22166666666668,53.81898193636312,205.0,58.33,107.19416666666666,70.98355538859707,238.0,45.0,165.375,78.23480344172467,255.0,45.0,24.5,26.5,27.8,68.0,51.0,53.0,1.0,0.33,2.0,1017.0,1016.0,1016.0,1792.5,75.0,23.9,0.0,0.518289522624862,7.857040817651718,0.2532434643705926,17.925,23.4,0.023477383617501357,571.2099999999999,5625,1.0,1036324,971.5,161.91666666666666,-2.0,-4.0,-0.6000000000000014
226,1411.0,92.0,17.3,226.0,70.0,12,0.0,1018,81,23.2,0.0,1.0,2023,11,25,21,5,329,47,-0.7071067811865477,0.7071067811865474,-0.5000000000000004,0.8660254037844384,-0.9749279121818236,-0.2225209339563146,3,2,1,85.0,87.0,205.0,58.33,238.0,255.0,132.66666666666666,80.83522334560111,226.0,85.0,126.16666666666667,70.04688905773463,226.0,65.0,106.19416666666666,69.03093936889083,226.0,45.0,164.16666666666666,77.00464444867427,252.0,45.0,23.9,25.5,27.7,75.0,59.0,49.0,1.0,0.66,2.0,1018.0,1017.0,1016.0,1879.2,81.0,23.2,0.0,0.9999955752408175,15.336789817501982,0.18804143433223552,18.792,22.7,0.022789761503181235,538.24,6561,1.0,1036324,2042.3,340.3833333333333,141.0,21.0,-0.6999999999999993
152,262.0,16.0,91.0,94.0,92.0,12,0.0,1019,89,22.6,0.0,1.0,2023,11,25,22,5,329,47,-0.5000000000000004,0.8660254037844384,-0.5000000000000004,0.8660254037844384,-0.9749279121818236,-0.2225209339563146,3,3,1,226.0,85.0,87.0,65.0,224.0,241.0,122.66666666666667,90.57777505179298,226.0,57.0,124.83333333333333,71.50501147938223,226.0,57.0,92.27749999999999,59.26500180238194,226.0,45.0,156.5,78.17319617362509,252.0,45.0,23.2,24.5,27.5,81.0,68.0,44.0,1.0,1.0,2.0,1018.0,1017.0,1015.0,2011.4,89.0,22.6,0.0,0.6063765279092775,16.373976626460845,5.687144553465408,20.114,22.1,0.022178584711889392,510.76000000000005,7921,1.0,1038361,612.0,102.0,-169.0,-30.0,-0.5999999999999979
222,403.0,77.0,11.9,222.0,88.7,19,0.0,1019,91,22.2,0.0,0.66,2023,11,25,23,5,329,47,-0.25881904510252157,0.9659258262890681,-0.5000000000000004,0.8660254037844384,-0.9749279121818236,-0.2225209339563146,3,3,1,57.0,226.0,85.0,89.0,70.0,218.0,168.33333333333334,96.43823584726763,226.0,57.0,147.0,78.45253341989614,226.0,57.0,104.94416666666666,69.44065582251203,226.0,45.0,156.66666666666666,78.3141530696372,252.0,45.0,22.6,23.9,26.5,89.0,75.0,51.0,1.0,1.0,0.33,1019.0,1018.0,1016.0,2020.2,60.06,14.652000000000001,0.0,0.9999954955157859,5.233698263658913,0.15454344748769497,20.202,21.87,0.021786043389555063,492.84,8281,0.43560000000000004,1038361,1024.6,170.76666666666665,165.0,137.0,-0.40000000000000213
210,403.0,69.0,10.8,210.0,85.3,26,0.0,1018,93,21.9,0.0,0.33,2023,11,26,0,6,330,47,0.0,1.0,-0.5000000000000004,0.8660254037844384,-0.7818314824680299,0.6234898018587334,3,3,1,222.0,57.0,226.0,205.0,60.0,202.0,163.0,91.99456505685475,222.0,57.0,147.83333333333334,79.21468719036001,226.0,57.0,117.44416666666666,73.9679300850076,226.0,45.0,157.0,78.53221930879891,252.0,45.0,22.2,23.2,25.5,91.0,81.0,59.0,0.66,1.0,0.66,1019.0,1018.0,1017.0,2036.6999999999998,30.69,7.227,0.0,0.9999952381179137,5.840495065288908,0.15651947073230824,20.366999999999997,21.735,0.021512749005158146,479.60999999999996,8649,0.10890000000000001,1036324,988.0999999999999,164.6833333333333,-12.0,-16.0,-0.3000000000000007
200,403.0,85.0,7.6,200.0,82.0,33,0.0,1018,95,21.5,0.0,1.2,2023,11,26,1,6,330,47,0.25881904510252074,0.9659258262890683,-0.5000000000000004,0.8660254037844384,-0.7818314824680299,0.6234898018587334,3,3,1,210.0,222.0,57.0,87.0,45.0,211.0,210.66666666666666,11.015141094567058,222.0,200.0,166.66666666666666,75.1895382793816,226.0,57.0,130.36083333333332,73.70026920616077,226.0,57.0,156.54166666666666,78.23489606511222,252.0,45.0,21.9,22.6,24.5,93.0,89.0,68.0,0.33,1.0,1.0,1018.0,1019.0,1017.0,2042.5,114.0,25.8,0.0,0.9999950000249999,4.7411206926977325,0.08941071281514335,20.425,20.9,0.021119822082689508,462.25,9025,1.44,1036324,977.6,162.93333333333334,-10.0,143.0,-0.3999999999999986
226,101.0,116.0,3.2,226.0,63.0,40,0.0,1018,95,21.2,0.0,0.8,2023,11,26,2,6,330,47,0.49999999999999994,0.8660254037844387,-0.5000000000000004,0.8660254037844384,-0.7818314824680299,0.6234898018587334,3,3,1,200.0,210.0,222.0,85.0,60.0,204.0,212.0,13.11487704859968,226.0,200.0,190.16666666666666,66.03761554346579,226.0,57.0,144.19416666666666,74.86284215554483,226.0,57.0,157.45833333333334,78.94083533924659,252.0,45.0,21.5,22.2,23.9,95.0,91.0,75.0,1.2,0.66,1.0,1018.0,1019.0,1018.0,2014.0,76.0,16.96,0.0,0.9999955752408175,0.8706821492918164,0.027585969086473393,20.14,20.8,0.020825126890838024,449.44,9025,0.6400000000000001,1036324,735.2,122.53333333333335,26.0,4.0,-0.3000000000000007
238,605.0,108.0,6.5,238.0,74.7,47,0.0,1018,95,21.0,0.0,0.8,2023,11,26,3,6,330,47,0.7071067811865476,0.7071067811865476,-0.5000000000000004,0.8660254037844384,-0.7818314824680299,0.6234898018587334,3,3,1,226.0,200.0,210.0,226.0,58.33,209.0,221.33333333333334,19.425069712441733,238.0,200.0,192.16666666666666,67.50530843323801,238.0,57.0,159.16666666666666,74.09187580704119,238.0,57.0,158.66666666666666,79.97919597248944,252.0,45.0,21.2,21.9,23.2,95.0,93.0,81.0,0.8,0.33,1.0,1018.0,1018.0,1018.0,1995.0,76.0,16.8,0.0,0.9999957983369817,5.601799983333487,0.060184627920111845,19.95,20.6,0.020628663429603705,441.0,9025,0.6400000000000001,1036324,1270.2,211.70000000000002,12.0,28.0,-0.1999999999999993
153,151.7,11.0,72.0,87.0,71.0,54,0.0,1018,96,20.7,0.0,1.2,2023,11,26,4,6,330,47,0.8660254037844386,0.5000000000000001,-0.5000000000000004,0.8660254037844384,-0.7818314824680299,0.6234898018587334,3,3,1,238.0,226.0,200.0,57.0,65.0,208.0,173.0,102.3669868658831,238.0,55.0,191.83333333333334,68.30641746327056,238.0,55.0,158.33333333333334,75.2937681030208,238.0,55.0,152.29166666666666,81.94936828505094,252.0,45.0,21.0,21.5,22.6,95.0,95.0,89.0,0.8,1.2,1.0,1018.0,1018.0,1019.0,1987.1999999999998,115.19999999999999,24.84,0.0,0.6321766416477971,13.789655485864921,6.54485955822198,19.872,20.099999999999998,0.02033396823775222,428.48999999999995,9216,1.44,1036324,447.7,74.61666666666666,-183.0,-145.0,-0.3000000000000007
248,504.0,154.0,5.4,248.0,77.7,61,0.0,1019,93,20.7,0.0,2.0,2023,11,26,5,6,330,47,0.9659258262890683,0.25881904510252074,-0.5000000000000004,0.8660254037844384,-0.7818314824680299,0.6234898018587334,3,3,1,55.0,238.0,226.0,222.0,89.0,212.0,180.33333333333334,108.65695253104248,248.0,55.0,196.16666666666666,71.35941890645266,248.0,55.0,171.58333333333334,75.97063826760858,248.0,55.0,153.79166666666666,83.40630675073183,252.0,45.0,20.7,21.2,22.2,96.0,95.0,91.0,1.2,0.8,0.66,1018.0,1018.0,1019.0,1925.1,186.0,41.4,0.0,0.9999959677581945,3.2727060213894714,0.03506470737203005,19.250999999999998,19.7,0.020314013430801345,428.48999999999995,8649,4.0,1038361,1237.1000000000001,206.18333333333337,193.0,22.0,0.0
230,403.0,108.0,6.5,230.0,84.3,68,0.0,1019,90,20.6,0.0,2.0,2023,11,26,6,6,330,47,1.0,6.123233995736766e-17,-0.5000000000000004,0.8660254037844384,-0.7818314824680299,0.6234898018587334,3,0,1,248.0,55.0,238.0,210.0,205.0,228.0,177.66666666666666,106.61300733650287,248.0,55.0,199.5,72.59132179537667,248.0,55.0,173.66666666666666,77.30145633502066,248.0,55.0,153.875,83.48463612884282,252.0,45.0,20.7,21.0,21.9,93.0,95.0,93.0,2.0,0.8,0.33,1019.0,1018.0,1018.0,1854.0000000000002,180.0,41.2,0.0,0.9999956521928165,3.7314469310469347,0.060184627920111845,18.540000000000003,19.6,0.020215878100217764,424.36000000000007,8100,4.0,1038361,1061.8,176.96666666666667,-18.0,-8.0,-0.09999999999999787
228,706.0,92.0,10.8,228.0,91.0,75,0.0,1020,88,20.6,0.7,2.4,2023,11,26,7,6,330,47,0.9659258262890683,-0.25881904510252063,-0.5000000000000004,0.8660254037844384,-0.7818314824680299,0.6234898018587334,3,0,1,230.0,248.0,55.0,200.0,87.0,252.0,235.33333333333334,11.015141094567145,248.0,228.0,204.16666666666666,73.52391901052742,248.0,55.0,185.41666666666666,73.55574056249397,248.0,55.0,152.875,82.39479268054284,248.0,45.0,20.6,20.7,21.5,90.0,96.0,95.0,2.0,1.2,1.2,1019.0,1018.0,1018.0,1812.8000000000002,211.2,49.440000000000005,0.0,0.9999956140543244,7.673829632286605,0.11739002836925685,18.128,19.400000000000002,0.02019605863131507,424.36000000000007,7744,5.76,1040400,1355.8,225.96666666666667,-2.0,173.0,0.0
350,1714.0,193.0,9.7,350.0,110.3,70,0.0,1020,81,22.0,1.0,0.66,2023,11,26,8,6,330,47,0.8660254037844387,-0.4999999999999998,-0.5000000000000004,0.8660254037844384,-0.7818314824680299,0.6234898018587334,3,0,1,228.0,230.0,248.0,226.0,85.0,242.67,269.3333333333333,69.86653944008695,350.0,228.0,224.83333333333334,95.13867072156621,350.0,55.0,207.5,80.15156097839065,350.0,55.0,157.34708333333333,90.03860951928755,350.0,45.0,20.6,20.7,21.2,88.0,93.0,95.0,2.4,2.0,0.8,1020.0,1019.0,1018.0,1782.0,53.46,14.520000000000001,0.0,0.9999971428653062,8.880783001124346,0.05025880694918679,17.82,21.67,0.021568606305287938,484.0,6561,0.43560000000000004,1040400,2727.0,454.5,122.0,102.0,1.3999999999999986
320,1042.0,190.0,10.8,320.0,129.7,66,0.0,1021,74,23.3,1.2,1.33,2023,11,26,9,6,330,47,0.7071067811865476,-0.7071067811865475,-0.5000000000000004,0.8660254037844384,-0.7818314824680299,0.6234898018587334,3,0,1,350.0,228.0,230.0,238.0,226.0,238.0,299.3333333333333,63.57148207595309,350.0,228.0,238.5,102.97523974237659,350.0,55.0,215.33333333333334,86.46842128076483,350.0,55.0,160.76375,94.66894017127395,350.0,45.0,22.0,20.6,21.0,81.0,90.0,95.0,0.66,2.0,0.8,1020.0,1019.0,1018.0,1724.2,98.42,30.989000000000004,0.0,0.9999968750097656,5.484181662201777,0.05684180609575739,17.242,22.635,0.022820741605542014,542.89,5476,1.7689000000000001,1042441,2012.5,335.4166666666667,-30.0,90.0,1.3000000000000007
366,1210.0,239.0,10.8,366.0,149.0,62,0.0,1021,68,24.7,1.9,2.0,2023,11,26,10,6,330,47,0.49999999999999994,-0.8660254037844387,-0.5000000000000004,0.8660254037844384,-0.7818314824680299,0.6234898018587334,3,0,1,320.0,350.0,228.0,55.0,57.0,224.0,345.3333333333333,23.352373184180376,366.0,320.0,290.3333333333333,62.4232862533415,366.0,228.0,241.08333333333334,80.85841535259812,366.0,55.0,166.68041666666667,102.8747059155467,366.0,45.0,23.3,20.6,20.7,74.0,88.0,96.0,1.33,2.4,1.2,1021.0,1020.0,1018.0,1679.6,136.0,49.4,0.0,0.999997267767028,5.062740323262246,0.04518809544729938,16.796,23.7,0.024191944963814924,610.0899999999999,4624,4.0,1042441,2340.8,390.1333333333334,46.0,138.0,1.3999999999999986
332,806.0,146.0,25.9,332.0,142.0,62,0.0,1020,62,25.8,3.4,1.66,2023,11,26,11,6,330,47,0.258819045102521,-0.9659258262890682,-0.5000000000000004,0.8660254037844384,-0.7818314824680299,0.6234898018587334,3,0,1,366.0,320.0,350.0,248.0,222.0,70.0,339.3333333333333,23.86070689089547,366.0,320.0,304.3333333333333,60.41743677670062,366.0,228.0,250.25,84.64484626957473,366.0,55.0,177.59708333333333,106.0223546353674,366.0,45.0,24.7,22.0,20.7,68.0,81.0,93.0,2.0,0.66,2.0,1021.0,1020.0,1019.0,1599.6000000000001,102.92,42.827999999999996,0.0,0.9999969879608797,5.520510133492236,0.17739604523256688,15.996000000000002,24.970000000000002,0.02529409284892858,665.64,3844,2.7556,1040400,1783.9,297.31666666666666,-34.0,-18.0,1.1000000000000014
192,403.0,54.0,37.8,184.0,135.0,62,0.0,1019,56,26.9,3.2,1.33,2023,11,26,12,6,330,47,1.2246467991473532e-16,-1.0,-0.5000000000000004,0.8660254037844384,-0.7818314824680299,0.6234898018587334,3,1,1,332.0,366.0,320.0,230.0,210.0,60.0,261.6666666666667,152.21804536037516,366.0,87.0,280.5,106.34989421715449,366.0,87.0,240.0,96.56933448893756,366.0,55.0,178.72208333333333,104.85712747556846,366.0,45.0,25.8,23.3,20.6,62.0,74.0,90.0,1.66,1.33,2.0,1020.0,1021.0,1019.0,1506.3999999999999,74.48,35.777,0.0,0.47282351726349314,7.462824762504399,0.6999870372770874,15.063999999999998,26.235,0.026398403926983387,723.6099999999999,3136,1.7689000000000001,1038361,900.8,150.13333333333333,-245.0,-233.0,1.0999999999999979
167,202.0,62.0,38.9,148.0,128.0,62,0.0,1017,51,28.0,2.6,1.0,2023,11,26,13,6,330,47,-0.2588190451025208,-0.9659258262890683,-0.5000000000000004,0.8660254037844384,-0.7818314824680299,0.6234898018587334,3,1,1,87.0,332.0,366.0,228.0,200.0,45.0,162.33333333333334,147.24243047889843,332.0,68.0,253.83333333333334,137.61165163846633,366.0,68.0,229.0,108.34037273166595,366.0,55.0,179.68041666666667,103.68034858365212,366.0,55.0,26.9,24.7,20.6,56.0,68.0,88.0,1.33,2.0,2.4,1019.0,1021.0,1020.0,1428.0,51.0,28.0,0.0,0.45945635502462817,3.2580119675489105,0.627409235334914,14.28,27.5,0.027531929663785974,784.0,2601,1.0,1034289,646.9,107.81666666666666,-19.0,-298.0,1.1000000000000014
157,202.0,308.0,64.3,118.0,84.0,64,0.0,1017,51,27.9,1.8,1.0,2023,11,26,14,6,330,47,-0.4999999999999997,-0.8660254037844388,-0.5000000000000004,0.8660254037844384,-0.7818314824680299,0.6234898018587334,3,1,1,68.0,87.0,332.0,350.0,226.0,60.0,72.0,13.453624047070067,87.0,61.0,205.66666666666666,147.44580925433792,366.0,61.0,215.25,118.7282037413028,366.0,55.0,179.72208333333333,103.63034959094105,366.0,55.0,28.0,25.8,22.0,51.0,62.0,81.0,1.0,1.66,0.66,1017.0,1020.0,1020.0,1422.8999999999999,51.0,27.9,0.0,0.5169447716544775,0.655842026486927,0.20876555595598717,14.229,27.4,0.027433601343558166,778.41,2601,1.0,1034289,837.3,139.54999999999998,-7.0,-271.0,-0.10000000000000142
160,158.0,28.0,89.6,78.8,120.0,66,0.0,1016,52,27.7,1.1,1.0,2023,11,26,15,6,330,47,-0.7071067811865471,-0.7071067811865479,-0.5000000000000004,0.8660254037844384,-0.7818314824680299,0.6234898018587334,3,1,1,61.0,68.0,87.0,320.0,238.0,58.33,64.0,3.60555127545045,68.0,61.0,162.83333333333334,144.89639977123863,366.0,61.0,200.66666666666666,126.1927337868786,366.0,55.0,179.91666666666666,103.39662624496341,366.0,55.0,27.9,26.9,23.3,51.0,56.0,74.0,1.0,1.33,1.33,1017.0,1019.0,1021.0,1440.3999999999999,52.0,27.7,0.0,0.7994822400730955,5.642655619442163,3.199885718367201,14.403999999999998,27.2,0.027263752693156798,767.29,2704,1.0,1032256,537.4000000000001,89.56666666666668,2.0,-24.0,-0.1999999999999993
126,136.0,11.0,115.0,71.0,116.0,68,0.0,1016,52,27.6,0.8,1.0,2023,11,26,16,6,330,47,-0.8660254037844385,-0.5000000000000004,-0.5000000000000004,0.8660254037844384,-0.7818314824680299,0.6234898018587334,3,1,1,63.0,61.0,68.0,366.0,55.0,65.0,56.333333333333336,9.865765724627565,63.0,45.0,109.33333333333333,109.91754485370656,332.0,45.0,199.83333333333334,127.27053028406785,366.0,45.0,179.08333333333334,104.43842232613001,366.0,45.0,27.7,28.0,24.7,52.0,51.0,68.0,1.0,1.0,2.0,1016.0,1017.0,1021.0,1435.2,52.0,27.6,0.0,0.6337938902268981,12.36251249886374,10.453595127715662,14.352,27.1,0.027165327593181503,761.7600000000001,2704,1.0,1032256,494.0,82.33333333333333,-18.0,-23.0,-0.09999999999999787
157,292.3,28.0,81.0,76.3,93.0,70,0.0,1017,58,26.3,1.0,1.0,2023,11,26,17,6,330,47,-0.9659258262890683,-0.25881904510252063,-0.5000000000000004,0.8660254037844384,-0.7818314824680299,0.6234898018587334,3,1,1,45.0,63.0,61.0,332.0,248.0,89.0,56.333333333333336,9.865765724627565,63.0,45.0,64.16666666666667,13.600245095827871,87.0,45.0,184.25,132.19003194437354,366.0,45.0,177.91666666666666,105.63798586669044,366.0,45.0,27.6,27.9,25.8,52.0,51.0,62.0,1.0,1.0,1.66,1016.0,1017.0,1020.0,1525.4,58.0,26.3,0.0,0.7994652756844602,10.438912895968,2.8927538302203493,15.254000000000001,25.8,0.025860348219913256,691.69,3364,1.0,1034289,631.6,105.26666666666667,16.0,0.0,-1.3000000000000007
177,101.0,170.0,5.4,168.0,37.0,72,0.0,1017,65,25.0,0.0,1.0,2023,11,26,18,6,330,47,-1.0,-1.8369701987210297e-16,-0.5000000000000004,0.8660254037844384,-0.7818314824680299,0.6234898018587334,3,2,1,61.0,45.0,63.0,87.0,230.0,205.0,60.666666666666664,15.502687938974834,76.0,45.0,62.333333333333336,10.230672835478117,76.0,45.0,171.41666666666666,134.79442821863162,366.0,45.0,172.54166666666666,107.46606306246173,366.0,45.0,26.3,27.7,26.9,58.0,52.0,56.0,1.0,1.0,1.33,1017.0,1016.0,1019.0,1625.0,65.0,25.0,0.0,0.4523782596532163,0.5941141522696926,0.031764519032240986,16.25,24.5,0.024582080056951762,625.0,4225,1.0,1034289,557.4,92.89999999999999,15.0,13.0,-1.3000000000000007
331,605.0,62.0,13.0,363.0,47.0,75,0.0,1018,74,23.7,0.0,1.0,2023,11,26,19,6,330,47,-0.9659258262890684,0.2588190451025203,-0.5000000000000004,0.8660254037844384,-0.7818314824680299,0.6234898018587334,3,2,1,76.0,61.0,45.0,68.0,228.0,87.0,156.0,151.73990905493486,331.0,61.0,106.16666666666667,110.58465836935338,331.0,45.0,180.0,141.82127036263876,366.0,45.0,182.70833333333334,110.5199093481302,366.0,45.0,25.0,27.6,28.0,65.0,52.0,51.0,1.0,1.0,1.0,1017.0,1016.0,1017.0,1753.8,74.0,23.7,0.0,0.9118432180627603,9.757907130530153,0.20967403751552396,17.538,23.2,0.023280920156267038,561.6899999999999,5476,1.0,1036324,1421.0,236.83333333333334,255.0,286.0,-1.3000000000000007
295,806.0,85.0,10.8,310.0,105.0,77,0.0,1018,76,23.4,0.0,0.66,2023,11,26,20,6,330,47,-0.8660254037844386,0.5000000000000001,-0.5000000000000004,0.8660254037844384,-0.7818314824680299,0.6234898018587334,3,2,1,331.0,76.0,61.0,61.0,350.0,85.0,234.0,138.01086913718024,331.0,76.0,145.16666666666666,130.87156553914454,331.0,45.0,175.41666666666666,136.62121380153965,366.0,45.0,191.45833333333334,110.76060324810504,366.0,45.0,23.7,26.3,27.9,74.0,58.0,51.0,1.0,1.0,1.0,1018.0,1017.0,1017.0,1778.3999999999999,50.160000000000004,15.443999999999999,0.0,0.9516098335166662,9.482241385395465,0.12705732873730896,17.784,23.07,0.022986224964415554,547.56,5776,0.43560000000000004,1036324,1611.8,268.6333333333333,-36.0,234.0,-0.3000000000000007
262,605.0,92.0,15.1,296.0,105.0,79,0.0,1018,78,23.0,0.0,0.33,2023,11,26,21,6,330,47,-0.7071067811865477,0.7071067811865474,-0.5000000000000004,0.8660254037844384,-0.7818314824680299,0.6234898018587334,3,2,1,295.0,331.0,76.0,63.0,320.0,226.0,296.0,34.510867853473144,331.0,262.0,178.33333333333334,131.09945334236374,331.0,45.0,170.58333333333334,131.98860717593158,366.0,45.0,192.95833333333334,111.49009672014257,366.0,45.0,23.4,25.0,27.7,76.0,65.0,52.0,0.66,1.0,1.0,1018.0,1017.0,1016.0,1794.0,25.740000000000002,7.590000000000001,0.0,0.8851321448238352,6.576015478092629,0.16412865077553504,17.94,22.835,0.022593298041946912,529.0,6084,0.10890000000000001,1036324,1375.1,229.1833333333333,-33.0,186.0,-0.3999999999999986
164,265.0,17.0,90.0,101.0,98.0,81,0.0,1019,80,22.7,0.0,2.0,2023,11,26,22,6,330,47,-0.5000000000000004,0.8660254037844384,-0.5000000000000004,0.8660254037844384,-0.7818314824680299,0.6234898018587334,3,3,1,262.0,295.0,331.0,45.0,366.0,57.0,207.66666666666666,123.79149136080896,295.0,66.0,181.83333333333334,127.04552989643757,331.0,61.0,145.58333333333334,119.4232034202377,332.0,45.0,193.33333333333334,111.02708900423222,366.0,45.0,23.0,23.7,27.6,78.0,74.0,52.0,0.33,1.0,1.0,1018.0,1018.0,1016.0,1816.0,160.0,45.4,0.0,0.6534588766447856,15.587318393035703,5.2938062466913705,18.16,21.7,0.02227672004247297,515.29,6400,4.0,1038361,637.0,106.16666666666667,-196.0,-265.0,-0.3000000000000007
205,504.0,69.0,15.1,224.0,100.0,83,0.0,1019,83,22.4,0.0,1.6,2023,11,26,23,6,330,47,-0.25881904510252157,0.9659258262890681,-0.5000000000000004,0.8660254037844384,-0.7818314824680299,0.6234898018587334,3,3,1,66.0,262.0,295.0,61.0,332.0,222.0,177.66666666666666,100.8183184413093,262.0,66.0,205.83333333333334,112.4124844786673,331.0,66.0,135.0,106.30829951351168,331.0,45.0,192.625,110.89039339738211,366.0,45.0,22.7,23.4,26.3,80.0,76.0,58.0,2.0,0.66,1.0,1019.0,1018.0,1017.0,1859.1999999999998,132.8,35.839999999999996,0.0,0.9151744858281883,7.304241967507717,0.218837408153505,18.592,21.599999999999998,0.021982314050722224,501.75999999999993,6889,2.5600000000000005,1038361,1117.1,186.1833333333333,139.0,-90.0,-0.3000000000000007
195,403.0,69.0,8.6,194.0,100.0,85,0.0,1018,86,22.0,0.0,1.2,2023,11,27,0,0,331,48,0.0,1.0,-0.5000000000000004,0.8660254037844384,0.0,1.0,3,3,0,205.0,66.0,262.0,76.0,87.0,210.0,120.0,74.50503338701303,205.0,66.0,208.0,109.49703192324415,331.0,66.0,135.16666666666666,106.22774276681818,331.0,45.0,187.58333333333334,112.80029165344177,366.0,45.0,22.4,23.0,25.0,83.0,78.0,65.0,1.6,0.33,1.0,1019.0,1018.0,1017.0,1892.0,103.2,26.4,0.0,0.4587605218529801,5.840495065288908,0.12463587484239358,18.92,21.4,0.02161098073577531,484.0,7396,1.44,1036324,863.6,143.93333333333334,-116.0,-173.0,-0.3999999999999986
197,403.0,131.0,1.1,196.0,105.0,87,0.0,1018,89,21.7,0.0,1.2,2023,11,27,1,0,331,48,0.25881904510252074,0.9659258262890683,-0.5000000000000004,0.8660254037844384,0.0,1.0,3,3,0,89.0,205.0,66.0,331.0,68.0,200.0,128.33333333333334,66.40281118547058,205.0,89.0,168.0,98.90197166892044,295.0,66.0,137.08333333333334,105.10726843937978,331.0,45.0,183.04166666666666,114.46073151072856,366.0,45.0,22.0,22.7,23.7,86.0,80.0,74.0,1.2,2.0,1.0,1018.0,1019.0,1018.0,1931.3,106.8,26.04,0.0,0.4642833454931352,3.0763123945618736,0.008396882466546057,19.313,21.099999999999998,0.021316285543923827,470.89,7921,1.44,1036324,927.1,154.51666666666668,2.0,25.0,-0.3000000000000007
206,403.0,131.0,1.1,206.0,110.0,83,0.0,1018,91,21.3,0.0,0.8,2023,11,27,2,0,331,48,0.49999999999999994,0.8660254037844387,-0.5000000000000004,0.8660254037844384,0.0,1.0,3,3,0,91.0,89.0,205.0,295.0,61.0,226.0,128.66666666666666,66.98009654616256,206.0,89.0,153.16666666666666,81.12069197600945,262.0,66.0,149.16666666666666,103.89315607289942,331.0,45.0,182.20833333333334,114.20689812664655,366.0,45.0,21.7,22.4,23.4,89.0,83.0,76.0,1.2,1.6,0.66,1018.0,1019.0,1018.0,1938.3,72.8,17.040000000000003,0.0,0.9999951456546328,3.0763123945618736,0.008396882466546057,19.383,20.900000000000002,0.020923358621455185,453.69000000000005,8281,0.6400000000000001,1036324,1057.1,176.1833333333333,115.0,1.0,-0.3999999999999986
204,403.0,85.0,14.1,204.0,42.0,79,0.0,1018,93,20.9,0.0,0.8,2023,11,27,3,0,331,48,0.7071067811865476,0.7071067811865476,-0.5000000000000004,0.8660254037844384,0.0,1.0,3,3,0,206.0,91.0,89.0,262.0,63.0,238.0,167.0,65.82552696332871,206.0,91.0,143.5,67.94335876301624,206.0,66.0,160.91666666666666,101.20048358969355,331.0,45.0,180.79166666666666,113.69447203366825,366.0,45.0,21.3,22.0,23.0,91.0,86.0,78.0,0.8,1.2,0.33,1018.0,1018.0,1018.0,1943.6999999999998,74.4,16.72,0.0,0.9999950980632447,4.7411206926977325,0.16588040140704224,19.436999999999998,20.5,0.020530431698986544,436.80999999999995,8649,0.6400000000000001,1036324,952.1,158.68333333333334,-2.0,115.0,-0.40000000000000213
179,358.3,24.0,40.0,117.0,129.0,75,0.0,1017,95,20.5,0.0,0.8,2023,11,27,4,0,331,48,0.8660254037844386,0.5000000000000001,-0.5000000000000004,0.8660254037844384,0.0,1.0,3,3,0,204.0,206.0,91.0,66.0,45.0,55.0,162.33333333333334,73.90759997005212,206.0,77.0,145.33333333333334,65.5398097850963,206.0,77.0,163.58333333333334,98.24686748032694,331.0,61.0,181.70833333333334,112.72069335372723,366.0,45.0,20.9,21.7,22.7,93.0,89.0,80.0,0.8,1.2,2.0,1018.0,1018.0,1019.0,1947.5,76.0,16.400000000000002,0.0,0.6581140332133913,14.928544643973167,1.66659722511562,19.475,20.1,0.020157305646700447,420.25,9025,0.6400000000000001,1034289,745.3,124.21666666666665,-127.0,-14.0,-0.3999999999999986
254,403.0,92.0,9.7,254.0,42.0,75,0.0,1018,95,20.5,0.0,1.2,2023,11,27,5,0,331,48,0.9659258262890683,0.25881904510252074,-0.5000000000000004,0.8660254037844384,0.0,1.0,3,3,0,77.0,204.0,206.0,205.0,61.0,248.0,178.33333333333334,91.24874428359682,254.0,77.0,153.5,76.58394087535544,254.0,77.0,179.66666666666666,95.69110658147825,331.0,66.0,181.95833333333334,112.88065231325847,366.0,45.0,20.5,21.3,22.4,95.0,91.0,83.0,0.8,0.8,1.6,1017.0,1018.0,1019.0,1947.5,114.0,24.599999999999998,0.0,0.9999960630076259,4.380387169704677,0.10543363659090661,19.475,19.9,0.020137504776517903,420.25,9025,1.44,1036324,1054.7,175.78333333333333,177.0,48.0,0.0
241,101.0,146.0,2.2,252.0,26.0,75,0.0,1018,95,20.6,0.0,1.2,2023,11,27,6,0,331,48,1.0,6.123233995736766e-17,-0.5000000000000004,0.8660254037844384,0.0,1.0,3,0,0,254.0,77.0,204.0,89.0,76.0,230.0,190.66666666666666,98.65258908580779,254.0,77.0,178.83333333333334,76.11942371475634,254.0,77.0,193.41666666666666,91.18957110759885,331.0,66.0,182.41666666666666,113.10630500500021,366.0,45.0,20.5,20.9,22.0,95.0,93.0,86.0,1.2,0.8,1.2,1018.0,1018.0,1018.0,1957.0000000000002,114.0,24.720000000000002,0.0,0.9563454113277328,0.691776083725454,0.01506838994253464,19.570000000000004,20.0,0.020235736507135064,424.36000000000007,9025,1.44,1036324,768.2,128.03333333333333,-13.0,37.0,0.10000000000000142
260,101.0,139.0,1.1,276.0,26.0,75,0.0,1019,95,20.6,0.8,1.6,2023,11,27,7,0,331,48,0.9659258262890683,-0.25881904510252063,-0.5000000000000004,0.8660254037844384,0.0,1.0,3,0,0,241.0,254.0,77.0,91.0,331.0,228.0,251.66666666666666,9.71253485621683,260.0,241.0,207.0,67.94703819887918,260.0,77.0,187.5,83.42389019067262,295.0,66.0,183.75,113.85316630757771,366.0,45.0,20.6,20.5,21.7,95.0,95.0,89.0,1.2,0.8,1.2,1018.0,1017.0,1018.0,1957.0000000000002,152.0,32.96,0.0,0.9420255723711147,0.7266134776008806,0.007913612132286819,19.570000000000004,19.8,0.020215878100217764,424.36000000000007,9025,2.5600000000000005,1038361,803.1,133.85,19.0,183.0,0.0
266,907.0,146.0,8.6,266.0,26.0,75,0.0,1019,87,22.2,1.5,1.2,2023,11,27,8,0,331,48,0.8660254037844387,-0.4999999999999998,-0.5000000000000004,0.8660254037844384,0.0,1.0,3,0,0,260.0,241.0,254.0,206.0,295.0,350.0,255.66666666666666,13.051181300297149,266.0,241.0,217.0,72.06108519860042,266.0,77.0,185.08333333333334,80.39160780865473,266.0,66.0,180.25,109.7369384126147,366.0,45.0,20.6,20.5,21.3,95.0,95.0,91.0,1.6,1.2,0.8,1019.0,1018.0,1018.0,1931.3999999999999,104.39999999999999,26.639999999999997,0.0,0.9999962406156369,6.21228621721769,0.05890370613899904,19.314,21.599999999999998,0.021786043389555063,492.84,7569,1.44,1038361,1619.6,269.93333333333334,6.0,12.0,1.5999999999999979
259,101.0,200.0,2.2,310.0,26.0,75,0.0,1018,80,23.9,3.3,1.2,2023,11,27,9,0,331,48,0.7071067811865476,-0.7071067811865475,-0.5000000000000004,0.8660254037844384,0.0,1.0,3,0,0,266.0,260.0,241.0,204.0,262.0,320.0,261.6666666666667,3.7859388971858237,266.0,259.0,226.16666666666666,73.55927315210921,266.0,77.0,184.83333333333334,80.13492410058183,266.0,66.0,177.70833333333334,107.03249371169956,366.0,45.0,22.2,20.6,20.9,87.0,95.0,93.0,1.2,1.2,0.8,1019.0,1018.0,1018.0,1912.0,96.0,28.679999999999996,0.0,0.8354811758671747,0.5049974750126249,0.010999945000275,19.12,23.299999999999997,0.023477383617501357,571.2099999999999,6400,1.44,1036324,898.2,149.70000000000002,-7.0,18.0,1.6999999999999993
238,101.0,154.0,4.3,282.0,26.0,75,0.0,1018,73,25.5,4.6,2.0,2023,11,27,10,0,331,48,0.49999999999999994,-0.8660254037844387,-0.5000000000000004,0.8660254037844384,0.0,1.0,3,0,0,259.0,266.0,260.0,77.0,66.0,366.0,254.33333333333334,14.571661996259252,266.0,238.0,253.0,11.171392035013021,266.0,238.0,199.16666666666666,71.90755850184955,266.0,77.0,172.375,100.21403724463774,332.0,45.0,23.9,20.6,20.5,80.0,95.0,95.0,1.2,1.6,0.8,1018.0,1019.0,1017.0,1861.5,146.0,51.0,0.0,0.8439686384090838,0.655839897143525,0.027921896611060964,18.615,24.5,0.025049091307375926,650.25,5329,4.0,1036324,805.3,134.21666666666667,-21.0,-22.0,1.6000000000000014
187,118.5,105.0,57.9,223.4,72.7,75,0.5,1017,64,26.3,4.8,2.0,2023,11,27,11,0,331,48,0.258819045102521,-0.9659258262890682,-0.5000000000000004,0.8660254037844384,0.0,1.0,3,0,0,238.0,259.0,266.0,254.0,205.0,332.0,228.0,37.02701716314587,259.0,187.0,241.83333333333334,29.0889440624203,266.0,187.0,197.66666666666666,71.96253233875255,266.0,77.0,166.33333333333334,94.37283446023037,331.0,45.0,25.5,22.2,20.5,73.0,87.0,95.0,2.0,1.2,1.2,1018.0,1019.0,1018.0,1683.2,128.0,52.6,37.5,0.8370598162049409,1.1285606803744725,0.5514233197779068,16.832,25.3,0.025860348219913256,691.69,4096,4.0,1034289,764.5,127.41666666666667,-51.0,-79.0,0.8000000000000007
185,101.0,85.0,6.5,198.0,26.0,75,0.0,1017,56,27.2,5.6,1.6,2023,11,27,12,0,331,48,1.2246467991473532e-16,-1.0,-0.5000000000000004,0.8660254037844384,0.0,1.0,3,1,0,187.0,238.0,259.0,241.0,89.0,87.0,169.0,79.54244150137657,238.0,82.0,215.33333333333334,71.50291369354547,266.0,82.0,197.08333333333334,72.94513297158606,266.0,77.0,166.125,94.5609131953996,331.0,45.0,26.3,23.9,20.6,64.0,80.0,95.0,2.0,1.2,1.2,1017.0,1018.0,1018.0,1523.2,89.60000000000001,43.52,0.0,0.4141393225286741,1.1882213150433523,0.07646968859189891,15.232000000000001,26.4,0.02674530310196352,739.8399999999999,3136,2.5600000000000005,1034289,498.5,83.08333333333333,-105.0,-177.0,0.8999999999999986
189,153.5,7.0,165.0,106.3,166.0,75,0.0,1017,49,28.0,5.0,1.2,2023,11,27,13,0,331,48,-0.2588190451025208,-0.9659258262890683,-0.5000000000000004,0.8660254037844384,0.0,1.0,3,1,0,82.0,187.0,238.0,260.0,91.0,68.0,118.0,59.774576535513205,187.0,82.0,186.16666666666666,84.20312741618692,266.0,82.0,196.58333333333334,73.75445543809299,266.0,77.0,166.83333333333334,93.85496056782763,331.0,45.0,27.2,25.5,20.6,56.0,73.0,95.0,1.6,2.0,1.6,1017.0,1018.0,1019.0,1372.0,58.8,33.6,0.0,0.7996161842315689,21.925439222968148,23.568061705470647,13.72,27.4,0.027531929663785974,784.0,2401,1.44,1034289,682.8,113.8,3.0,-153.0,0.8000000000000007
183,156.4,8.0,160.7,100.0,158.7,66,0.0,1016,49,28.0,3.6,0.33,2023,11,27,14,0,331,48,-0.4999999999999997,-0.8660254037844388,-0.5000000000000004,0.8660254037844384,0.0,1.0,3,1,0,85.0,82.0,187.0,266.0,206.0,61.0,82.33333333333333,2.5166114784103564,85.0,80.0,155.16666666666666,83.16589846004553,259.0,80.0,186.08333333333334,80.91348728266738,266.0,77.0,167.625,92.99967858757029,331.0,45.0,28.0,26.3,22.2,49.0,64.0,87.0,1.2,2.0,1.2,1017.0,1017.0,1019.0,1372.0,16.17,9.24,0.0,0.7999920000799992,19.547556555430575,20.084989376327957,13.72,27.835,0.027559027993082685,784.0,2401,0.10890000000000001,1032256,663.8,110.63333333333333,-5.0,-107.0,0.0
169,159.3,9.0,156.3,87.5,151.3,58,0.0,1015,49,28.0,2.3,0.66,2023,11,27,15,0,331,48,-0.7071067811865471,-0.7071067811865479,-0.5000000000000004,0.8660254037844384,0.0,1.0,3,1,0,80.0,85.0,82.0,259.0,204.0,63.0,78.33333333333333,7.637626158255436,85.0,70.0,123.66666666666667,70.85384016880522,238.0,70.0,174.91666666666666,87.21703162834974,266.0,70.0,167.91666666666666,92.66767020622324,331.0,45.0,28.0,27.2,23.9,49.0,56.0,80.0,0.33,1.6,1.2,1016.0,1017.0,1018.0,1372.0,32.34,18.48,0.0,0.7999908572473458,17.698033551827578,17.36473725141651,13.72,27.67,0.02758617971804954,784.0,2401,0.43560000000000004,1030225,633.4000000000001,105.56666666666668,-10.0,-12.0,0.0
165,162.2,10.0,152.0,83.8,144.0,50,0.0,1015,49,28.0,1.7,1.0,2023,11,27,16,0,331,48,-0.8660254037844385,-0.5000000000000004,-0.5000000000000004,0.8660254037844384,0.0,1.0,3,1,0,70.0,80.0,85.0,238.0,77.0,45.0,72.33333333333333,6.8068592855493275,80.0,67.0,95.16666666666667,45.534236203834496,187.0,67.0,174.08333333333334,88.27895696271108,266.0,67.0,168.83333333333334,91.50037617725835,331.0,61.0,28.0,28.0,25.5,49.0,49.0,73.0,0.66,1.2,2.0,1015.0,1017.0,1018.0,1372.0,49.0,28.0,0.0,0.7995131323015239,16.218378162183782,15.198480151984802,13.72,27.5,0.02758617971804954,784.0,2401,1.0,1030225,619.0,103.16666666666667,-3.0,-18.0,0.0
230,444.2,29.7,103.9,177.5,111.7,47,0.0,1015,58,26.3,1.7,0.66,2023,11,27,17,0,331,48,-0.9659258262890683,-0.25881904510252063,-0.5000000000000004,0.8660254037844384,0.0,1.0,3,1,0,67.0,70.0,80.0,187.0,254.0,61.0,84.22333333333334,27.27489016170856,115.67,67.0,83.27833333333334,17.354331351757416,115.67,67.0,162.55583333333334,85.89410049149114,266.0,67.0,171.11125,89.35447529302257,331.0,66.0,28.0,28.0,26.3,49.0,49.0,64.0,1.0,0.33,2.0,1015.0,1016.0,1017.0,1525.4,38.28,17.358,0.0,0.6516583005166168,14.955725396451298,3.498198713848019,15.254000000000001,25.970000000000002,0.025911304520882247,691.69,3364,0.43560000000000004,1030225,982.67,163.77833333333334,48.67,35.67,-1.6999999999999993
168,726.1,49.3,55.7,86.3,79.3,45,0.0,1016,68,24.7,0.0,0.33,2023,11,27,18,0,331,48,-1.0,-1.8369701987210297e-16,-0.5000000000000004,0.8660254037844384,0.0,1.0,3,2,0,115.67,67.0,70.0,82.0,241.0,76.0,83.89,27.540448434982558,115.67,67.0,81.11166666666666,18.32994317139554,115.67,67.0,148.2225,85.96491611275316,266.0,67.0,170.81958333333333,89.68922859466389,331.0,66.0,26.3,28.0,27.2,58.0,49.0,56.0,0.66,0.66,1.6,1015.0,1015.0,1017.0,1679.6,22.44,8.151,0.0,0.7995272360691069,14.727895985882641,1.1297945274943715,16.796,24.535,0.02431099969389794,610.0899999999999,4624,0.10890000000000001,1032256,1065.7,177.61666666666667,-46.67,-1.0,-1.6000000000000014
216,1008.0,69.0,7.6,365.0,47.0,43,0.0,1016,81,23.0,0.0,1.6,2023,11,27,19,0,331,48,-0.9659258262890684,0.2588190451025203,-0.5000000000000004,0.8660254037844384,0.0,1.0,3,2,0,69.0,115.67,67.0,85.0,260.0,331.0,132.55666666666667,73.470195544406,213.0,69.0,102.44500000000001,57.14661976005166,213.0,67.0,144.30583333333334,81.35638014410102,266.0,67.0,165.90291666666667,83.55078713126346,295.0,66.0,24.7,28.0,28.0,68.0,49.0,49.0,0.33,1.0,1.2,1016.0,1015.0,1017.0,1863.0,129.6,36.800000000000004,0.0,0.5835600450409725,14.608483935015434,0.11014333125606875,18.63,22.2,0.02263777299431792,529.0,6561,2.5600000000000005,1032256,1709.6,284.93333333333334,144.0,146.0,-1.6999999999999993
350,1310.0,85.0,20.5,460.0,42.0,41,0.0,1017,82,22.8,0.0,1.6,2023,11,27,20,0,331,48,-0.8660254037844386,0.5000000000000001,-0.5000000000000004,0.8660254037844384,0.0,1.0,3,2,0,213.0,69.0,115.67,80.0,266.0,295.0,210.66666666666666,140.51453068395892,350.0,69.0,147.44500000000002,113.98103416796995,350.0,67.0,151.30583333333334,95.21272188280982,350.0,67.0,168.19458333333333,87.887408257689,350.0,66.0,23.0,26.3,28.0,81.0,58.0,49.0,1.6,0.66,0.33,1016.0,1015.0,1016.0,1869.6000000000001,131.20000000000002,36.480000000000004,0.0,0.7608679111567149,15.411583393136551,0.2411736332513735,18.696,22.0,0.02241885701194001,519.84,6724,2.5600000000000005,1034289,2267.5,377.9166666666667,137.0,234.32999999999998,-0.1999999999999993
371,1008.0,77.0,14.1,451.0,42.0,39,0.0,1017,84,22.7,0.0,1.2,2023,11,27,21,0,331,48,-0.7071067811865477,0.7071067811865474,-0.5000000000000004,0.8660254037844384,0.0,1.0,3,2,0,350.0,213.0,69.0,70.0,259.0,262.0,311.3333333333333,85.80404030891091,371.0,213.0,197.61166666666668,136.99439702654487,371.0,67.0,160.63916666666668,110.92267843029879,371.0,67.0,172.73625,95.43767813115161,371.0,66.0,22.8,24.7,28.0,82.0,68.0,49.0,1.6,0.33,0.66,1017.0,1016.0,1015.0,1906.8,100.8,27.24,0.0,0.8226145840031397,13.090739081310632,0.18311450500642848,19.067999999999998,22.099999999999998,0.0223205286917122,515.29,7056,1.44,1034289,1963.1,327.18333333333334,21.0,302.0,-0.10000000000000142
303,706.0,92.0,11.9,342.0,42.0,37,0.0,1018,85,22.5,0.0,1.6,2023,11,27,22,0,331,48,-0.5000000000000004,0.8660254037844384,-0.5000000000000004,0.8660254037844384,0.0,1.0,3,3,0,371.0,350.0,213.0,67.0,238.0,66.0,341.3333333333333,34.81857741685036,371.0,303.0,236.94500000000002,125.38098001690665,371.0,69.0,166.05583333333334,116.49115124087407,371.0,67.0,182.61125,96.17188006772537,371.0,67.0,22.7,23.0,28.0,84.0,81.0,49.0,1.2,1.6,1.0,1017.0,1016.0,1015.0,1912.5,136.0,36.0,0.0,0.8859623217475973,7.673829632286605,0.12934642014760708,19.125,21.7,0.022102139388861113,506.25,7225,2.5600000000000005,1036324,1496.9,249.48333333333335,-68.0,90.0,-0.1999999999999993
290,638.7,84.3,12.3,318.7,63.0,35,0.0,1018,87,22.1,0.0,1.6,2023,11,27,23,0,331,48,-0.25881904510252157,0.9659258262890681,-0.5000000000000004,0.8660254037844384,0.0,1.0,3,3,0,303.0,371.0,350.0,115.67,187.0,205.0,321.4433333333333,43.38236546493525,371.0,290.33,266.055,111.04947613563942,371.0,69.0,174.66666666666666,121.87464665372224,371.0,67.0,186.16666666666666,98.58264930974222,371.0,67.0,22.5,22.8,26.3,85.0,82.0,58.0,1.6,1.6,0.66,1018.0,1017.0,1015.0,1922.7,139.20000000000002,35.36000000000001,0.0,0.910979256419026,7.57642258098955,0.14590574251788235,19.227,21.3,0.021709212466392472,488.4100000000001,7569,2.5600000000000005,1036324,1407.33,234.55499999999998,-12.670000000000016,-59.670000000000016,-0.3999999999999986
255,605.0,92.0,11.9,282.0,100.0,33,0.0,1017,88,21.6,0.0,1.2,2023,11,28,0,1,332,48,0.0,1.0,-0.5000000000000004,0.8660254037844384,0.7818314824680298,0.6234898018587336,3,3,0,290.33,303.0,371.0,69.0,82.0,89.0,282.77666666666664,24.875482574881083,303.0,255.0,297.055,58.62673579519802,371.0,213.0,189.08333333333334,120.13627658419875,371.0,67.0,193.08333333333334,97.28373811408235,371.0,67.0,22.1,22.7,24.7,87.0,84.0,68.0,1.6,1.2,0.33,1018.0,1017.0,1016.0,1900.8000000000002,105.6,25.92,0.0,0.9042521125811611,6.576015478092629,0.12934642014760708,19.008000000000003,21.0,0.021238917169206326,466.56000000000006,7744,1.44,1034289,1345.9,224.3166666666667,-35.329999999999984,-116.0,-0.5
265,504.0,69.0,13.0,272.0,105.0,31,0.0,1017,90,21.2,0.0,1.2,2023,11,28,1,1,332,48,0.25881904510252074,0.9659258262890683,-0.5000000000000004,0.8660254037844384,0.7818314824680298,0.6234898018587336,3,3,0,255.0,290.33,303.0,213.0,85.0,91.0,270.10999999999996,18.210884108133815,290.33,255.0,305.72166666666664,46.25383029184309,371.0,255.0,204.08333333333334,117.15955494602846,371.0,67.0,200.33333333333334,95.81785055018744,371.0,67.0,21.6,22.5,23.0,88.0,85.0,81.0,1.2,1.6,1.6,1017.0,1018.0,1016.0,1908.0,108.0,25.439999999999998,0.0,0.9742611240399852,7.304241967507717,0.18840306662222286,19.08,20.599999999999998,0.020845603888295094,449.44,8100,1.44,1034289,1228.0,204.66666666666666,10.0,-38.0,-0.40000000000000213
267,504.0,154.0,2.2,274.0,110.0,29,0.0,1017,91,20.7,0.0,0.8,2023,11,28,2,1,332,48,0.49999999999999994,0.8660254037844387,-0.5000000000000004,0.8660254037844384,0.7818314824680298,0.6234898018587336,3,3,0,265.0,255.0,290.33,350.0,80.0,206.0,262.3333333333333,6.429100507319518,267.0,255.0,291.8883333333333,42.63264965571126,371.0,255.0,219.66666666666666,111.45228268255191,371.0,67.0,202.875,96.77892395423301,371.0,67.0,21.2,22.1,22.8,90.0,87.0,82.0,1.2,1.6,1.6,1017.0,1018.0,1017.0,1883.7,72.8,16.56,0.0,0.9744489983613199,3.2727060213894714,0.01428562152193817,18.837,20.3,0.02035396228715606,428.48999999999995,8281,0.6400000000000001,1034289,1311.2,218.53333333333333,2.0,-23.329999999999984,-0.5
269,504.0,116.0,1.1,270.0,116.0,27,0.0,1017,93,20.2,0.0,0.4,2023,11,28,3,1,332,48,0.7071067811865476,0.7071067811865476,-0.5000000000000004,0.8660254037844384,0.7818314824680298,0.6234898018587336,3,3,0,267.0,265.0,255.0,371.0,70.0,204.0,267.0,1.9999999999704041,269.0,265.0,274.8883333333333,17.99407726632885,303.0,255.0,236.25,101.52084774701534,371.0,67.0,205.58333333333334,97.71673594660261,371.0,67.0,20.7,21.6,22.7,91.0,88.0,84.0,0.8,1.2,1.2,1017.0,1017.0,1017.0,1878.6,37.2,8.08,0.0,0.9962926063236803,4.344790131119559,0.009482676873475229,18.785999999999998,20.0,0.019862320686017024,408.03999999999996,8649,0.16000000000000003,1034289,1276.1,212.6833333333333,2.0,14.0,-0.5
262,504.0,100.0,1.1,262.0,116.0,25,0.0,1017,95,19.7,0.0,1.2,2023,11,28,4,1,332,48,0.8660254037844386,0.5000000000000001,-0.5000000000000004,0.8660254037844384,0.7818314824680298,0.6234898018587336,3,3,0,269.0,267.0,265.0,303.0,67.0,77.0,266.0,3.6055512754476,269.0,262.0,268.055,11.95500522793462,290.33,255.0,252.5,86.45548397349268,371.0,69.0,213.29166666666666,94.3720703278841,371.0,67.0,20.2,21.2,22.5,93.0,90.0,85.0,0.4,1.2,1.6,1017.0,1017.0,1018.0,1871.5,114.0,23.639999999999997,0.0,0.9999961832206749,5.039949600503995,0.01099989000109999,18.715,19.099999999999998,0.01937067908487799,388.09,9025,1.44,1034289,1245.1,207.51666666666665,-7.0,-3.0,-0.5
278,369.7,125.7,1.4,289.3,88.0,33,0.0,1017,95,19.5,0.0,1.2,2023,11,28,5,1,332,48,0.9659258262890683,0.25881904510252074,-0.5000000000000004,0.8660254037844384,0.7818314824680298,0.6234898018587336,3,3,0,262.0,269.0,267.0,290.33,115.67,254.0,269.89000000000004,8.37056151042933,278.67,262.0,266.1116666666667,7.854350174687303,278.67,255.0,266.0833333333333,75.05658136406522,371.0,69.0,214.31958333333333,94.96722901493679,371.0,67.0,19.7,20.7,22.1,95.0,91.0,87.0,1.2,0.8,1.6,1017.0,1017.0,1018.0,1852.5,114.0,23.4,0.0,0.9632528059011204,2.9411062760041684,0.011137540671911916,18.525,18.9,0.019174022444422376,380.25,9025,1.44,1034289,1152.77,192.12833333333333,16.670000000000016,11.670000000000016,-0.1999999999999993
278,605.0,92.0,1.1,278.0,110.0,41,0.0,1018,96,19.4,0.0,1.6,2023,11,28,6,1,332,48,1.0,6.123233995736766e-17,-0.5000000000000004,0.8660254037844384,0.7818314824680298,0.6234898018587336,3,0,0,278.67,262.0,269.0,255.0,69.0,241.0,272.89000000000004,9.436964554340555,278.67,262.0,269.945,6.901459990461774,278.67,262.0,283.5,42.24224275209835,371.0,213.0,215.86125,95.71654817230838,371.0,67.0,19.5,20.2,21.6,95.0,93.0,88.0,1.2,0.4,1.2,1017.0,1017.0,1017.0,1862.3999999999999,153.60000000000002,31.04,0.0,0.9999964028906372,6.576015478092629,0.011956391778350235,18.624,18.599999999999998,0.019056955739729136,376.35999999999996,9216,2.5600000000000005,1036324,1364.1,227.35,-0.6700000000000159,9.0,-0.10000000000000142
312,101.0,177.0,2.2,344.0,32.0,50,0.0,1018,97,19.2,0.9,1.6,2023,11,28,7,1,332,48,0.9659258262890683,-0.25881904510252063,-0.5000000000000004,0.8660254037844384,0.7818314824680298,0.6234898018587336,3,0,0,278.0,278.67,262.0,265.0,213.0,260.0,289.5566666666667,19.43938356361148,312.0,278.0,277.77833333333336,17.967493332866795,312.0,262.0,291.75,36.49872700146134,371.0,255.0,218.02791666666667,97.3340031732589,371.0,67.0,19.4,19.7,21.2,96.0,95.0,90.0,1.6,1.2,1.2,1018.0,1017.0,1017.0,1862.3999999999999,155.20000000000002,30.72,0.0,0.9069741076334081,0.5706182450946604,0.012429308308992606,18.624,18.4,0.018860492278494814,368.64,9409,2.5600000000000005,1036324,968.2,161.36666666666667,34.0,50.0,-0.1999999999999993
308,101.0,170.0,2.2,412.0,32.0,58,0.0,1019,86,21.0,2.0,1.6,2023,11,28,8,1,332,48,0.8660254037844387,-0.4999999999999998,-0.5000000000000004,0.8660254037844384,0.7818314824680298,0.6234898018587336,3,0,0,312.0,278.0,278.67,267.0,350.0,266.0,299.3333333333333,18.583146486351687,312.0,278.0,284.6116666666667,20.645406672347583,312.0,262.0,288.25,32.16113945290219,371.0,255.0,219.77791666666667,98.6032989561522,371.0,67.0,19.2,19.5,20.7,97.0,95.0,91.0,1.6,1.2,0.8,1018.0,1017.0,1017.0,1806.0,137.6,33.6,0.0,0.7475710010412596,0.5941141522696926,0.01294110034646855,18.06,20.2,0.02060841942255209,441.0,7396,2.5600000000000005,1038361,1025.2,170.86666666666667,-4.0,29.329999999999984,1.8000000000000007
293,101.0,170.0,3.2,373.0,32.0,66,0.0,1019,76,22.7,3.5,2.0,2023,11,28,9,1,332,48,0.7071067811865476,-0.7071067811865475,-0.5000000000000004,0.8660254037844384,0.7818314824680298,0.6234898018587336,3,0,0,308.0,312.0,278.0,269.0,371.0,259.0,304.3333333333333,10.016652800871345,312.0,293.0,288.6116666666667,19.29665299129917,312.0,262.0,281.75,19.17794140056667,312.0,255.0,221.19458333333333,99.43207819276422,371.0,67.0,21.0,19.4,20.2,86.0,96.0,93.0,1.6,1.6,0.4,1019.0,1018.0,1017.0,1725.2,152.0,45.4,0.0,0.7855206822501817,0.5941141522696926,0.018823418685772437,17.252,21.7,0.02227672004247297,515.29,5776,4.0,1038361,972.2,162.03333333333333,-15.0,15.0,1.6999999999999993
265,101.0,108.0,7.6,310.0,32.0,75,0.0,1019,67,24.5,5.1,2.0,2023,11,28,10,1,332,48,0.49999999999999994,-0.8660254037844387,-0.5000000000000004,0.8660254037844384,0.7818314824680298,0.6234898018587336,3,0,0,293.0,308.0,312.0,262.0,303.0,238.0,288.6666666666667,21.825062046491585,308.0,265.0,289.1116666666667,18.49126325232041,312.0,265.0,278.5833333333333,18.474538908419916,312.0,255.0,222.31958333333333,99.78261055606909,371.0,67.0,22.7,19.2,19.7,76.0,97.0,95.0,2.0,1.6,1.2,1019.0,1018.0,1017.0,1641.5,134.0,49.0,0.0,0.85483595214209,0.9351765261432764,0.0703697187989,16.415,23.5,0.024043155992977436,600.25,4489,4.0,1038361,823.6,137.26666666666668,-28.0,-47.0,1.8000000000000007
198,235.3,126.0,16.9,248.0,63.3,66,0.0,1018,57,25.1,6.2,1.6,2023,11,28,11,1,332,48,0.258819045102521,-0.9659258262890682,-0.5000000000000004,0.8660254037844384,0.7818314824680298,0.6234898018587336,3,0,0,265.0,293.0,308.0,278.67,290.33,187.0,252.22333333333333,48.44553264577877,293.0,198.67,275.7783333333333,41.745979646746974,312.0,198.67,270.945,29.080486272036737,312.0,198.67,222.80583333333334,99.63133145738396,371.0,67.0,24.5,21.0,19.5,67.0,86.0,95.0,2.0,1.6,1.2,1019.0,1019.0,1017.0,1430.7,91.2,40.160000000000004,0.0,0.8010854794940342,1.867445496464314,0.13412591963555842,14.307,24.3,0.024656164384907284,630.0100000000001,3249,2.5600000000000005,1036324,888.17,148.02833333333334,-66.33000000000001,-109.33000000000001,0.6000000000000014
198,605.0,170.0,28.1,198.0,121.0,58,0.0,1017,48,25.6,5.5,1.2,2023,11,28,12,1,332,48,1.2246467991473532e-16,-1.0,-0.5000000000000004,0.8660254037844384,0.7818314824680298,0.6234898018587336,3,1,0,198.67,265.0,293.0,278.0,255.0,82.0,220.55666666666664,38.490513549876475,265.0,198.0,262.445,52.32876981164323,312.0,198.0,266.195,35.8004589863915,312.0,198.0,227.63916666666668,95.21957023531033,371.0,67.0,25.1,22.7,19.4,57.0,76.0,96.0,1.6,2.0,1.6,1018.0,1019.0,1018.0,1228.8000000000002,57.599999999999994,30.72,0.0,0.999994949520457,3.558802595278851,0.1652931453344392,12.288000000000002,25.0,0.02517204997831861,655.3600000000001,2304,1.44,1034289,1320.1,220.01666666666665,-0.6699999999999875,-95.0,0.5
164,504.0,162.0,35.7,124.0,126.0,50,0.0,1016,41,26.2,4.9,0.8,2023,11,28,13,1,332,48,-0.2588190451025208,-0.9659258262890683,-0.5000000000000004,0.8660254037844384,0.7818314824680298,0.6234898018587336,3,1,0,198.0,198.67,265.0,312.0,265.0,85.0,154.22333333333333,76.40438229141863,198.67,66.0,221.44499999999996,89.15205073356383,308.0,66.0,249.61166666666668,68.00730453191709,312.0,66.0,226.8475,96.52705803353167,371.0,66.0,25.6,24.5,19.2,48.0,67.0,97.0,1.2,2.0,1.6,1017.0,1019.0,1018.0,1074.2,32.800000000000004,20.96,0.0,0.5322537721469988,3.1110919068400813,0.2203690100678391,10.742,25.8,0.02578737619352737,686.4399999999999,1681,0.6400000000000001,1032256,1017.7,169.61666666666667,-132.0,-199.0,0.5999999999999979
157,302.0,239.0,74.5,120.0,63.0,50,0.0,1015,40,26.5,3.5,0.4,2023,11,28,14,1,332,48,-0.4999999999999997,-0.8660254037844388,-0.5000000000000004,0.8660254037844384,0.7818314824680298,0.6234898018587336,3,1,0,66.0,198.0,198.67,308.0,267.0,80.0,108.33333333333333,77.69384359994852,198.0,61.0,180.2783333333333,97.79887942439115,293.0,61.0,232.44500000000002,86.66057166796286,312.0,61.0,226.05583333333334,97.85260450274745,371.0,61.0,26.2,25.1,21.0,41.0,57.0,86.0,0.8,1.6,1.6,1016.0,1018.0,1019.0,1060.0,16.0,10.600000000000001,0.0,0.5083290972575228,1.263593039359668,0.31171417692813,10.6,26.3,0.026108348661725456,702.25,1600,0.16000000000000003,1030225,859.5,143.25,-5.0,-137.67,0.3000000000000007
157,302.0,239.0,113.2,120.0,63.0,51,0.0,1015,39,26.8,2.6,0.8,2023,11,28,15,1,332,48,-0.7071067811865471,-0.7071067811865479,-0.5000000000000004,0.8660254037844384,0.7818314824680298,0.6234898018587336,3,1,0,61.0,66.0,198.0,293.0,269.0,70.0,62.666666666666664,2.886751345938252,66.0,61.0,141.61166666666665,89.85942809002621,265.0,61.0,215.11166666666668,98.65568599319468,312.0,61.0,225.68083333333334,98.49181620898776,371.0,61.0,26.5,25.6,22.7,40.0,48.0,76.0,0.4,1.2,2.0,1015.0,1017.0,1019.0,1045.2,31.200000000000003,21.44,0.0,0.5083290972575228,1.263593039359668,0.4736381856142861,10.452,26.400000000000002,0.026403914872990274,718.24,1521,0.6400000000000001,1030225,898.2,149.70000000000002,0.0,-137.0,0.3000000000000007
142,167.5,8.0,152.0,63.8,97.0,52,0.0,1015,38,27.1,2.1,0.8,2023,11,28,16,1,332,48,-0.8660254037844385,-0.5000000000000004,-0.5000000000000004,0.8660254037844384,0.7818314824680298,0.6234898018587336,3,1,0,61.0,61.0,66.0,265.0,262.0,67.0,57.666666666666664,5.773502691891466,61.0,51.0,105.94500000000001,71.73104035213709,198.67,51.0,197.52833333333334,107.90839050984032,312.0,51.0,225.01416666666668,99.6598106567789,371.0,51.0,26.8,26.2,24.5,39.0,41.0,67.0,0.8,0.8,2.0,1015.0,1016.0,1019.0,1029.8,30.400000000000002,21.680000000000003,0.0,0.7993605115907275,20.93488313960755,18.997625296837896,10.298,26.700000000000003,0.026699481084255093,734.4100000000001,1444,0.6400000000000001,1030225,539.3,89.88333333333333,-10.0,-15.0,0.3000000000000007
145,313.3,31.0,104.2,65.0,80.3,52,0.0,1015,46,25.7,1.8,1.2,2023,11,28,17,1,332,48,-0.9659258262890683,-0.25881904510252063,-0.5000000000000004,0.8660254037844384,0.7818314824680298,0.6234898018587336,3,1,0,51.0,61.0,61.0,198.67,278.67,115.67,54.666666666666664,5.50757054728117,61.0,51.0,81.5,57.36462324464368,198.0,51.0,178.63916666666668,112.16843928650188,312.0,51.0,222.36125,103.47161649509873,371.0,51.0,27.1,26.5,25.1,38.0,40.0,57.0,0.8,0.4,1.6,1015.0,1015.0,1018.0,1182.2,55.199999999999996,30.839999999999996,0.0,0.7999876924970385,10.106125608851327,3.3611818973581498,11.822000000000001,25.099999999999998,0.025320172098352613,660.49,2116,1.44,1030225,645.8,107.63333333333333,1.0,-9.0,-1.4000000000000021
153,459.2,54.0,56.4,157.3,63.7,53,0.0,1015,56,24.4,0.0,1.2,2023,11,28,18,1,332,48,-1.0,-1.8369701987210297e-16,-0.5000000000000004,0.8660254037844384,0.7818314824680298,0.6234898018587336,3,2,0,52.0,51.0,61.0,198.0,278.0,69.0,53.55666666666667,3.5971701840862895,57.67,51.0,58.11166666666666,5.779863031817993,66.0,51.0,160.27833333333334,112.45801970944385,312.0,51.0,221.88916666666668,104.22484490239181,371.0,51.0,25.7,26.8,25.6,46.0,39.0,48.0,1.2,0.8,1.2,1015.0,1015.0,1017.0,1366.3999999999999,67.2,29.279999999999998,0.0,0.3666219540880223,8.503546230625359,1.044425103238829,13.663999999999998,23.799999999999997,0.02403938518287174,595.3599999999999,3136,1.44,1030225,848.2700000000001,141.37833333333336,5.670000000000002,-3.3299999999999983,-1.3000000000000007
157,605.0,77.0,8.6,204.0,47.0,54,0.0,1015,67,23.0,0.0,1.6,2023,11,28,19,1,332,48,-0.9659258262890684,0.2588190451025203,-0.5000000000000004,0.8660254037844384,0.7818314824680298,0.6234898018587336,3,2,0,57.67,52.0,51.0,66.0,312.0,213.0,56.89000000000001,4.550417563251197,61.0,52.0,57.27833333333333,4.668706101970449,61.0,51.0,139.36166666666665,104.75144093895724,308.0,51.0,215.55583333333334,109.28392633776107,371.0,51.0,24.4,27.1,26.2,56.0,38.0,41.0,1.2,0.8,0.8,1015.0,1015.0,1016.0,1541.0,107.2,36.800000000000004,0.0,0.29901814206793104,7.857040817651718,0.11168686120959467,15.41,22.2,0.022660076196969265,529.0,4489,2.5600000000000005,1030225,1002.6,167.1,3.3299999999999983,10.0,-1.3999999999999986
208,706.0,108.0,15.1,222.0,32.0,0,0.0,1016,73,22.4,0.0,2.0,2023,11,28,20,1,332,48,-0.8660254037844386,0.5000000000000001,-0.5000000000000004,0.8660254037844384,0.7818314824680298,0.6234898018587336,3,2,0,61.0,57.67,52.0,61.0,308.0,350.0,108.89,85.84792542630211,208.0,57.67,81.77833333333332,61.98492410793597,208.0,51.0,131.02833333333334,93.48821421425092,293.0,51.0,209.63916666666668,105.46587141847384,371.0,51.0,23.0,25.7,26.5,67.0,46.0,40.0,1.6,1.2,0.4,1015.0,1015.0,1015.0,1635.1999999999998,146.0,44.8,0.0,0.9369327165192949,6.536976509476764,0.1398135202451829,16.351999999999997,21.4,0.022047222394466146,501.75999999999993,5329,4.0,1032256,1291.1,215.1833333333333,147.0,156.0,-0.6000000000000014
207,605.0,92.0,10.8,222.0,42.0,1,0.0,1016,80,21.8,0.0,2.0,2023,11,28,21,1,332,48,-0.7071067811865477,0.7071067811865474,-0.5000000000000004,0.8660254037844384,0.7818314824680298,0.6234898018587336,3,2,0,208.0,61.0,57.67,61.0,293.0,371.0,158.66666666666666,84.58329228241973,208.0,61.0,106.11166666666666,78.6215162450241,208.0,51.0,123.86166666666666,82.60588145837512,265.0,51.0,202.80583333333334,99.71244106741781,312.0,51.0,22.4,24.4,26.8,73.0,56.0,39.0,2.0,1.2,0.8,1016.0,1015.0,1015.0,1744.0,160.0,43.6,0.0,0.9324282323052598,6.576015478092629,0.11739002836925685,17.44,20.8,0.021456671794614378,475.24,6400,4.0,1032256,1178.8,196.46666666666667,-1.0,149.32999999999998,-0.5999999999999979
207,706.0,92.0,9.7,220.0,42.0,14,0.0,1017,87,21.2,0.0,1.6,2023,11,28,22,1,332,48,-0.5000000000000004,0.8660254037844384,-0.5000000000000004,0.8660254037844384,0.7818314824680298,0.6234898018587336,3,3,0,207.0,208.0,61.0,51.0,265.0,303.0,207.33333333333334,0.5773502690998854,208.0,207.0,132.11166666666665,82.45225780211597,208.0,52.0,119.02833333333332,74.93795504322613,208.0,51.0,198.80583333333334,97.41749034625353,312.0,51.0,21.8,23.0,27.1,80.0,67.0,38.0,2.0,1.6,0.8,1016.0,1015.0,1015.0,1844.3999999999999,139.20000000000002,33.92,0.0,0.9409048140690269,7.673829632286605,0.10543363659090661,18.444,20.4,0.020845603888295094,449.44,7569,2.5600000000000005,1034289,1276.7,212.78333333333333,0.0,146.0,-0.6000000000000014
218,101.0,139.0,6.5,218.0,26.0,24,0.0,1016,90,20.9,0.0,1.6,2023,11,28,23,1,332,48,-0.25881904510252157,0.9659258262890681,-0.5000000000000004,0.8660254037844384,0.7818314824680298,0.6234898018587336,3,3,0,207.0,207.0,208.0,52.0,198.67,290.33,210.66666666666666,6.35085296107764,218.0,207.0,159.77833333333334,77.92064435479597,218.0,57.67,120.63916666666667,76.98531530083949,218.0,51.0,195.79208333333335,95.56413944385731,312.0,51.0,21.2,22.4,25.7,87.0,73.0,46.0,1.6,2.0,1.2,1017.0,1016.0,1015.0,1880.9999999999998,144.0,33.44,0.0,0.9999954128650785,0.7266134776008806,0.04676225350896756,18.81,20.099999999999998,0.020570845894836716,436.80999999999995,8100,2.5600000000000005,1032256,708.5,118.08333333333333,11.0,10.0,-0.3000000000000007
217,302.7,112.7,7.6,221.3,31.3,25,0.0,1016,92,20.5,0.0,2.0,2023,11,29,0,2,333,48,0.0,1.0,-0.5000000000000004,0.8660254037844384,0.9749279121818236,-0.22252093395631434,3,3,0,218.0,207.0,207.0,57.67,198.0,255.0,214.0,6.082762530289521,218.0,207.0,186.33333333333334,61.604112416839534,218.0,61.0,122.22250000000001,78.89276659145956,218.0,51.0,194.20875,94.85266397728128,312.0,51.0,20.9,21.8,24.4,90.0,80.0,56.0,1.6,2.0,1.2,1016.0,1016.0,1015.0,1886.0,184.0,41.0,0.0,0.9805649319252963,2.6858679159900976,0.06743507156103316,18.86,19.5,0.020177145494935537,420.25,8464,4.0,1032256,892.5999999999999,148.76666666666665,-1.0,10.0,-0.3999999999999986
222,101.0,123.0,6.5,222.0,26.0,58,0.0,1016,95,20.2,0.0,1.6,2023,11,29,1,2,333,48,0.25881904510252074,0.9659258262890683,-0.5000000000000004,0.8660254037844384,0.9749279121818236,-0.22252093395631434,3,3,0,217.0,218.0,207.0,61.0,66.0,265.0,219.0,2.6457513110442714,222.0,217.0,213.16666666666666,6.615638039267825,222.0,207.0,135.2225,81.59285553895003,222.0,51.0,192.41708333333335,93.85825383450513,312.0,51.0,20.5,21.2,23.0,92.0,87.0,67.0,2.0,1.6,1.6,1016.0,1017.0,1015.0,1919.0,152.0,32.32,0.0,0.9999954955157859,0.8211315355159714,0.05284509882033479,19.19,19.4,0.01988187019500965,408.03999999999996,9025,2.5600000000000005,1032256,700.5,116.75,5.0,15.0,-0.3000000000000007
348,706.0,46.0,8.6,348.0,53.0,59,0.0,1016,94,19.8,0.0,1.2,2023,11,29,2,2,333,48,0.49999999999999994,0.8660254037844387,-0.5000000000000004,0.8660254037844384,0.9749279121818236,-0.22252093395631434,3,3,0,222.0,217.0,218.0,208.0,61.0,267.0,262.3333333333333,74.23161949825165,348.0,217.0,236.5,54.964534019674396,348.0,207.0,159.13916666666668,98.22633256074104,348.0,51.0,195.79208333333335,98.0207629282506,348.0,51.0,20.2,20.9,22.4,95.0,90.0,73.0,1.6,1.6,2.0,1016.0,1016.0,1016.0,1861.2,112.8,23.76,0.0,0.999997126445039,15.347492445816396,0.18695245755527054,18.612000000000002,19.2,0.019488169795108472,392.04,8836,1.44,1032256,1509.6,251.6,126.0,130.0,-0.3999999999999986
435,605.0,108.0,16.2,446.0,47.0,59,0.0,1015,94,19.4,0.0,1.2,2023,11,29,3,2,333,48,0.7071067811865476,0.7071067811865476,-0.5000000000000004,0.8660254037844384,0.9749279121818236,-0.22252093395631434,3,3,0,348.0,222.0,217.0,207.0,61.0,269.0,335.0,107.09341716464118,435.0,222.0,274.5,94.84039223875,435.0,207.0,190.30583333333334,120.95983799730092,435.0,51.0,202.70875,108.6875199552452,435.0,51.0,19.8,20.5,21.8,94.0,92.0,80.0,1.2,2.0,2.0,1016.0,1016.0,1016.0,1823.6,112.8,23.279999999999998,0.0,0.9753341360221166,5.601799983333487,0.14999861112397106,18.236,18.799999999999997,0.019113281661791465,376.35999999999996,8836,1.44,1030225,1657.2,276.2,87.0,218.0,-0.40000000000000213
354,605.0,92.0,11.9,354.0,42.0,60,0.0,1015,93,19.0,0.0,0.8,2023,11,29,4,2,333,48,0.8660254037844386,0.5000000000000001,-0.5000000000000004,0.8660254037844384,0.9749279121818236,-0.22252093395631434,3,3,0,435.0,348.0,222.0,207.0,51.0,262.0,379.0,48.59012245302388,435.0,348.0,299.0,92.8827217516797,435.0,217.0,215.55583333333334,120.86168709865538,435.0,52.0,206.54208333333335,112.42763744154945,435.0,51.0,19.4,20.2,21.2,94.0,95.0,87.0,1.2,1.6,1.6,1015.0,1016.0,1017.0,1767.0,74.4,15.200000000000001,0.0,0.9999971751492228,6.576015478092629,0.12934642014760708,17.67,18.6,0.018719193380105043,361.0,8649,0.6400000000000001,1030225,1458.9,243.15,-81.0,132.0,-0.3999999999999986
270,504.0,92.0,8.6,270.0,42.0,61,0.0,1015,94,19.1,0.0,0.8,2023,11,29,5,2,333,48,0.9659258262890683,0.25881904510252074,-0.5000000000000004,0.8660254037844384,0.9749279121818236,-0.22252093395631434,3,3,0,354.0,435.0,348.0,218.0,52.0,278.67,353.0,82.50454532933237,435.0,270.0,307.6666666666667,85.98294404512222,435.0,217.0,233.7225,109.93235309415569,435.0,57.67,206.18083333333334,112.19949875562983,435.0,51.0,19.0,19.8,20.9,93.0,94.0,90.0,0.8,1.2,1.6,1015.0,1016.0,1016.0,1795.4,75.2,15.280000000000001,0.0,0.9999962963100137,5.478201323898653,0.09347724481255637,17.954,18.700000000000003,0.018817715450526653,364.81000000000006,8836,0.6400000000000001,1030225,1186.6,197.76666666666665,-84.0,-78.0,0.10000000000000142
315,445.2,44.0,36.0,364.7,87.3,61,0.0,1016,94,19.1,0.0,1.2,2023,11,29,6,2,333,48,1.0,6.123233995736766e-17,-0.5000000000000004,0.8660254037844384,0.9749279121818236,-0.22252093395631434,3,0,0,270.0,354.0,435.0,217.0,57.67,278.0,313.10999999999996,42.04398054418572,354.0,270.0,324.055,73.74571275674238,435.0,222.0,255.19416666666666,96.79841118702966,435.0,61.0,207.73625,113.48974616821633,435.0,51.0,19.1,19.4,20.5,94.0,94.0,92.0,0.8,1.2,2.0,1015.0,1015.0,1016.0,1795.4,112.8,22.92,0.0,0.8646260909621855,10.117951864730347,0.8181632235631009,17.954,18.5,0.018799194095281403,364.81000000000006,8836,1.44,1032256,1292.53,215.42166666666665,45.329999999999984,-119.67000000000002,0.0
296,365.3,20.0,48.0,370.0,110.0,62,0.0,1016,95,19.2,0.7,1.2,2023,11,29,7,2,333,48,0.9659258262890683,-0.25881904510252063,-0.5000000000000004,0.8660254037844384,0.9749279121818236,-0.22252093395631434,3,0,0,315.33,270.0,354.0,222.0,61.0,312.0,293.77666666666664,22.746640044921023,315.33,270.0,336.3883333333333,57.708481323516246,435.0,270.0,274.7775,75.33013089365022,435.0,207.0,207.06958333333333,112.89608736930252,435.0,51.0,19.1,19.0,20.2,94.0,93.0,95.0,1.2,0.8,1.6,1016.0,1015.0,1016.0,1824.0,114.0,23.04,0.0,0.7999978378436815,18.264086795660216,2.3998800059997,18.24,18.599999999999998,0.018897619195256697,368.64,9025,1.44,1032256,1209.3,201.54999999999998,-19.329999999999984,-58.0,0.09999999999999787
344,307.0,18.0,79.7,430.0,137.0,66,0.0,1016,87,21.0,0.9,0.33,2023,11,29,8,2,333,48,0.8660254037844387,-0.4999999999999998,-0.5000000000000004,0.8660254037844384,0.9749279121818236,-0.22252093395631434,3,0,0,296.0,315.33,270.0,348.0,208.0,308.0,318.4433333333333,24.150975825692868,344.0,296.0,335.72166666666664,57.570450898587055,435.0,270.0,286.11083333333335,74.59716146906898,435.0,207.0,208.56958333333333,114.52284763423285,435.0,51.0,19.2,19.1,19.8,95.0,94.0,94.0,1.2,0.8,1.2,1016.0,1015.0,1016.0,1827.0,28.71,6.930000000000001,0.0,0.7999981395392104,17.054608077329036,4.427531803788678,18.27,20.835,0.020669270994812014,441.0,7569,0.10890000000000001,1032256,1315.7,219.28333333333333,48.0,74.0,1.8000000000000007
299,248.6,16.0,111.3,373.8,164.0,70,0.0,1017,80,22.7,1.3,0.66,2023,11,29,9,2,333,48,0.7071067811865476,-0.7071067811865475,-0.5000000000000004,0.8660254037844384,0.9749279121818236,-0.22252093395631434,3,0,0,344.0,296.0,315.33,435.0,207.0,293.0,313.0,26.888659319495066,344.0,296.0,313.055,31.56393749201698,354.0,270.0,293.7775,70.3332165319289,435.0,207.0,208.81958333333333,114.72154672260841,435.0,51.0,21.0,19.1,19.4,87.0,94.0,94.0,0.33,1.2,1.2,1016.0,1016.0,1015.0,1816.0,52.800000000000004,14.982000000000001,0.0,0.7998908510143098,15.536528966939565,6.955815261546153,18.16,22.37,0.0223205286917122,515.29,6400,0.43560000000000004,1034289,1212.7,202.11666666666667,-45.0,-16.329999999999984,1.6999999999999993
272,190.3,14.0,143.0,340.0,191.0,75,0.0,1017,74,24.5,3.2,1.0,2023,11,29,10,2,333,48,0.49999999999999994,-0.8660254037844387,-0.5000000000000004,0.8660254037844384,0.9749279121818236,-0.22252093395631434,3,0,0,299.0,344.0,296.0,354.0,207.0,265.0,305.0,36.37306695894464,344.0,272.0,299.3883333333333,27.820007488615484,344.0,270.0,299.19416666666666,65.37042456901482,435.0,217.0,209.11125,114.87937902189675,435.0,51.0,22.7,19.2,19.0,80.0,95.0,93.0,0.66,1.2,0.8,1017.0,1016.0,1015.0,1813.0,74.0,24.5,0.0,0.7999976470657439,13.591886293836156,10.21355617455896,18.13,24.0,0.02409043845581273,600.25,5476,1.0,1034289,1150.3,191.71666666666667,-27.0,-24.0,1.8000000000000007
243,181.5,12.3,149.3,303.8,174.0,75,0.0,1016,69,25.2,3.7,1.0,2023,11,29,11,2,333,48,0.258819045102521,-0.9659258262890682,-0.5000000000000004,0.8660254037844384,0.9749279121818236,-0.22252093395631434,3,0,0,272.0,299.0,344.0,270.0,218.0,198.67,271.3333333333333,28.005951748391112,299.0,243.0,294.8883333333333,34.825950334005555,344.0,243.0,301.2775,62.8992157958046,435.0,217.0,210.95833333333334,115.06043707421867,435.0,51.0,24.5,21.0,19.1,74.0,87.0,94.0,1.0,0.33,0.8,1017.0,1016.0,1015.0,1738.8,69.0,25.2,0.0,0.7998657015612194,14.754897975774327,12.137224615884888,17.387999999999998,24.7,0.024803125193774415,635.04,4761,1.0,1032256,1063.9,177.3166666666667,-29.0,-101.0,0.6999999999999993
244,172.7,10.7,155.7,305.0,157.0,75,0.0,1015,65,25.8,2.5,1.0,2023,11,29,12,2,333,48,1.2246467991473532e-16,-1.0,-0.5000000000000004,0.8660254037844384,0.9749279121818236,-0.22252093395631434,3,1,0,243.0,272.0,299.0,315.33,217.0,198.0,253.0,16.46207763315076,272.0,243.0,283.0,38.43956295276983,344.0,243.0,303.5275,60.02778888678381,435.0,222.0,212.875,115.21821693223502,435.0,51.0,25.2,22.7,19.1,69.0,80.0,94.0,1.0,0.66,1.2,1016.0,1017.0,1016.0,1677.0,65.0,25.8,0.0,0.7999973770577802,16.138678628165593,14.55004205214466,16.77,25.3,0.02541869416877422,665.64,4225,1.0,1030225,1045.1,174.1833333333333,1.0,-55.0,0.6000000000000014
230,164.0,9.0,162.0,287.5,140.0,75,0.0,1014,61,26.5,2.0,1.0,2023,11,29,13,2,333,48,-0.2588190451025208,-0.9659258262890683,-0.5000000000000004,0.8660254037844384,0.9749279121818236,-0.22252093395631434,3,1,0,244.0,243.0,272.0,296.0,222.0,66.0,239.0,7.810249675899348,244.0,230.0,272.0,43.13235444535755,344.0,230.0,304.19416666666666,59.07692711561905,435.0,230.0,219.70833333333334,110.91140140814619,435.0,51.0,25.8,24.5,19.2,65.0,74.0,95.0,1.0,1.0,1.2,1015.0,1017.0,1016.0,1616.5,61.0,26.5,0.0,0.7999972174009831,18.22019775580491,17.998000222197536,16.165,26.0,0.026134096514697717,702.25,3721,1.0,1028196,992.5,165.41666666666666,-14.0,-42.0,0.6999999999999993
258,504.0,92.0,46.5,290.0,137.3,62,0.0,1014,58,26.7,1.5,1.0,2023,11,29,14,2,333,48,-0.4999999999999997,-0.8660254037844388,-0.5000000000000004,0.8660254037844384,0.9749279121818236,-0.22252093395631434,3,1,0,230.0,244.0,243.0,344.0,348.0,61.0,244.0,13.99999999999588,258.0,230.0,257.6666666666667,24.824718863798275,299.0,230.0,296.69416666666666,58.721891915634316,435.0,230.0,227.91666666666666,105.82834155065655,435.0,51.0,26.5,25.2,21.0,61.0,69.0,87.0,1.0,1.0,0.33,1014.0,1016.0,1016.0,1548.6,58.0,26.7,0.0,0.8896521046479151,5.478201323898653,0.505429288812078,15.485999999999999,26.2,0.02633133497895959,712.89,3364,1.0,1028196,1327.8,221.29999999999998,28.0,15.0,0.1999999999999993
220,156.2,11.0,146.0,275.0,134.7,50,0.0,1014,54,27.0,1.1,1.0,2023,11,29,15,2,333,48,-0.7071067811865471,-0.7071067811865479,-0.5000000000000004,0.8660254037844384,0.9749279121818236,-0.22252093395631434,3,1,0,258.0,230.0,244.0,299.0,435.0,61.0,236.0,19.69771560358933,258.0,220.0,244.5,18.716303053753858,272.0,220.0,278.7775,43.51830839898325,354.0,220.0,234.54166666666666,99.72566634290459,435.0,51.0,26.7,25.8,22.7,58.0,65.0,80.0,1.0,1.0,0.66,1014.0,1015.0,1017.0,1458.0,54.0,27.0,0.0,0.7999970909196694,14.198709208253796,13.271520770839015,14.58,26.5,0.026627192675352393,729.0,2916,1.0,1028196,942.9000000000001,157.15,-38.0,-24.0,0.3000000000000007
209,152.3,12.0,138.0,261.3,132.0,37,0.0,1014,51,27.2,1.1,1.0,2023,11,29,16,2,333,48,-0.8660254037844385,-0.5000000000000004,-0.5000000000000004,0.8660254037844384,0.9749279121818236,-0.22252093395631434,3,1,0,220.0,258.0,230.0,272.0,354.0,51.0,229.0,25.70992026436271,258.0,209.0,234.0,17.8549712965313,258.0,209.0,266.69416666666666,40.77729592406435,344.0,209.0,241.125,91.99821898087092,435.0,52.0,27.0,26.5,24.5,54.0,61.0,74.0,1.0,1.0,1.0,1014.0,1014.0,1017.0,1387.2,51.0,27.2,0.0,0.79984385823246,12.690609115907009,11.499041746521124,13.872,26.7,0.02682443113961426,739.8399999999999,2601,1.0,1028196,904.6,150.76666666666668,-11.0,-21.0,0.1999999999999993
205,177.0,14.3,121.7,256.3,124.7,43,0.0,1014,58,26.3,1.3,1.33,2023,11,29,17,2,333,48,-0.9659258262890683,-0.25881904510252063,-0.5000000000000004,0.8660254037844384,0.9749279121818236,-0.22252093395631434,3,1,0,209.0,220.0,258.0,243.0,270.0,52.0,211.33333333333334,7.767453465147113,220.0,205.0,227.66666666666666,20.558858593477993,258.0,205.0,261.2775,44.44999726454557,344.0,205.0,247.5,83.20374097985972,435.0,57.67,27.2,26.7,25.2,51.0,58.0,69.0,1.0,1.0,1.0,1014.0,1014.0,1016.0,1525.4,77.14,34.979000000000006,0.0,0.7998408121700658,12.37675687014894,8.509894412978113,15.254000000000001,25.635,0.02593685805043585,691.69,3364,1.7689000000000001,1028196,899.0,149.83333333333334,-4.0,-53.0,-0.8999999999999986
216,201.7,16.7,105.3,270.0,117.3,48,0.0,1015,66,25.4,0.0,1.66,2023,11,29,18,2,333,48,-1.0,-1.8369701987210297e-16,-0.5000000000000004,0.8660254037844384,0.9749279121818236,-0.22252093395631434,3,2,0,205.0,209.0,220.0,244.0,315.33,57.67,210.0,5.567764362820391,216.0,205.0,223.0,19.245778757949957,258.0,205.0,253.0,42.68276211561419,344.0,205.0,254.09708333333333,73.16988650478626,435.0,61.0,26.3,27.0,25.8,58.0,54.0,65.0,1.33,1.0,1.0,1014.0,1014.0,1015.0,1676.3999999999999,109.55999999999999,42.163999999999994,0.0,0.799997037048011,12.077121130471228,6.305011675947548,16.764,24.57,0.025024605887087794,645.16,4356,2.7556,1030225,927.0,154.5,11.0,-4.0,-0.9000000000000021
161,226.4,19.0,89.0,100.0,110.0,54,0.0,1016,74,24.5,0.0,2.0,2023,11,29,19,2,333,48,-0.9659258262890684,0.2588190451025203,-0.5000000000000004,0.8660254037844384,0.9749279121818236,-0.22252093395631434,3,2,0,216.0,205.0,209.0,230.0,296.0,61.0,161.66666666666666,84.76044675043447,216.0,64.0,195.33333333333334,67.06911857678337,258.0,64.0,233.66666666666666,67.03233050799638,344.0,64.0,254.22208333333333,72.82742710647815,435.0,64.0,25.4,27.2,26.5,66.0,51.0,61.0,1.66,1.0,1.0,1015.0,1014.0,1014.0,1813.0,148.0,49.0,0.0,0.6399936000639993,11.915162359875795,4.683964001894637,18.13,23.5,0.02411414949394735,600.25,5476,4.0,1032256,608.4,101.39999999999999,-152.0,-145.0,-0.8999999999999986
208,907.0,77.0,9.7,224.0,58.0,59,0.0,1016,79,23.7,0.0,2.0,2023,11,29,20,2,333,48,-0.8660254037844386,0.5000000000000001,-0.5000000000000004,0.8660254037844384,0.9749279121818236,-0.22252093395631434,3,2,0,64.0,216.0,205.0,258.0,344.0,208.0,162.66666666666666,85.54141297250845,216.0,64.0,187.0,60.51115599622902,220.0,64.0,222.33333333333334,57.50151513155257,299.0,64.0,254.22208333333333,72.82742710647815,435.0,64.0,24.5,26.3,26.7,74.0,58.0,58.0,2.0,1.33,1.0,1016.0,1014.0,1014.0,1872.3,158.0,47.4,0.0,0.9285672831817715,11.779067804314229,0.12597238996896143,18.723,22.7,0.023326748694144986,561.6899999999999,6241,4.0,1032256,1483.7,247.28333333333333,144.0,3.0,-0.8000000000000007
226,907.0,139.0,7.6,258.0,32.0,65,0.0,1017,84,22.8,0.0,2.0,2023,11,29,21,2,333,48,-0.7071067811865477,0.7071067811865474,-0.5000000000000004,0.8660254037844384,0.9749279121818236,-0.22252093395631434,3,2,0,208.0,64.0,216.0,220.0,299.0,207.0,166.0,88.79189152169191,226.0,64.0,188.0,61.21111010265999,226.0,64.0,216.25,52.27745037950631,272.0,64.0,255.01375,72.39376155037917,435.0,64.0,23.7,25.4,27.0,79.0,66.0,54.0,2.0,1.66,1.0,1016.0,1015.0,1014.0,1915.2,168.0,45.6,0.0,0.8759655970325697,6.525132912712858,0.05467586564125437,19.152,21.8,0.02241885701194001,519.84,7056,4.0,1034289,1569.6,261.59999999999997,18.0,10.0,-0.8999999999999986
291,1310.0,177.0,2.2,314.0,32.0,70,0.0,1017,90,22.0,0.0,2.0,2023,11,29,22,2,333,48,-0.5000000000000004,0.8660254037844384,-0.5000000000000004,0.8660254037844384,0.9749279121818236,-0.22252093395631434,3,3,0,226.0,208.0,64.0,209.0,272.0,207.0,241.66666666666666,43.661577311558716,291.0,208.0,201.66666666666666,74.5403693757056,291.0,64.0,217.83333333333334,54.36548593184823,291.0,64.0,258.51375,72.00102486061137,435.0,64.0,22.8,24.5,27.2,84.0,74.0,51.0,2.0,2.0,1.0,1017.0,1016.0,1014.0,1980.0,180.0,44.0,0.0,0.9267486409278952,7.401088129445596,0.012429308308992606,19.8,21.0,0.021632230450117553,484.0,8100,4.0,1034289,2126.2,354.3666666666666,65.0,227.0,-0.8000000000000007
278,907.0,185.0,1.1,298.0,32.0,76,0.0,1017,92,21.9,0.0,1.33,2023,11,29,23,2,333,48,-0.25881904510252157,0.9659258262890681,-0.5000000000000004,0.8660254037844384,0.9749279121818236,-0.22252093395631434,3,3,0,291.0,226.0,208.0,205.0,243.0,218.0,265.0,34.39476704383794,291.0,226.0,213.83333333333334,80.88118858341925,291.0,64.0,220.75,56.72601615741084,291.0,64.0,261.01375,71.57353906313321,435.0,64.0,22.0,23.7,26.3,90.0,79.0,58.0,2.0,2.0,1.33,1017.0,1016.0,1014.0,2014.8,122.36000000000001,29.127,0.0,0.932882775561156,4.9026762017502605,0.00594591380587132,20.148,21.235,0.021533902129889742,479.60999999999996,8464,1.7689000000000001,1034289,1701.1,283.51666666666665,-13.0,70.0,-0.10000000000000142
276,806.0,146.0,3.2,292.0,32.0,81,0.0,1017,94,21.8,0.0,0.66,2023,11,30,0,3,334,48,0.0,1.0,-0.5000000000000004,0.8660254037844384,0.43388373911755823,-0.900968867902419,3,3,0,278.0,291.0,226.0,216.0,244.0,217.0,281.6666666666667,8.144527815239524,291.0,276.0,223.83333333333334,84.81607552030823,291.0,64.0,223.41666666666666,58.63827222639576,291.0,64.0,263.47208333333333,71.00706645662446,435.0,64.0,21.9,22.8,25.4,92.0,84.0,66.0,1.33,2.0,1.66,1017.0,1017.0,1015.0,2049.2000000000003,62.040000000000006,14.388000000000002,0.0,0.9452022424580738,5.520510133492236,0.021917658098232203,20.492000000000004,21.470000000000002,0.021435573809661938,475.24,8836,0.43560000000000004,1034289,1555.2,259.2,-2.0,50.0,-0.09999999999999787
145,186.2,16.0,63.0,78.0,92.0,87,0.0,1017,96,21.7,0.0,0.4,2023,11,30,1,3,334,48,0.25881904510252074,0.9659258262890683,-0.5000000000000004,0.8660254037844384,0.43388373911755823,-0.900968867902419,3,3,0,276.0,278.0,291.0,64.0,230.0,222.0,202.0,129.9076595124394,278.0,52.0,221.83333333333334,89.35864069392858,291.0,52.0,208.58333333333334,76.58798663608819,291.0,52.0,256.38875,82.82050309646935,435.0,52.0,21.8,22.0,24.5,94.0,90.0,74.0,0.66,2.0,2.0,1017.0,1017.0,1016.0,2083.2,38.400000000000006,8.68,0.0,0.6666581197676953,11.636772701706143,3.937253921629898,20.831999999999997,21.5,0.02133724548943413,470.89,9216,0.16000000000000003,1034289,487.2,81.2,-224.0,-239.0,-0.10000000000000142
252,605.0,108.0,7.6,258.0,32.0,75,0.0,1017,94,21.9,0.0,0.33,2023,11,30,2,3,334,48,0.49999999999999994,0.8660254037844387,-0.5000000000000004,0.8660254037844384,0.43388373911755823,-0.900968867902419,3,3,0,52.0,276.0,278.0,208.0,258.0,348.0,193.33333333333334,122.9850939477351,276.0,52.0,229.16666666666666,89.8007052682028,291.0,52.0,208.08333333333334,76.25490545571827,291.0,52.0,252.38875,80.489011365177,435.0,52.0,21.7,21.9,23.7,96.0,92.0,79.0,0.4,1.33,2.0,1017.0,1017.0,1016.0,2058.6,31.020000000000003,7.227,0.0,0.9767404002310069,5.601799983333487,0.0703697187989,20.586,21.735,0.021533902129889742,479.60999999999996,8836,0.10890000000000001,1034289,1262.6,210.4333333333333,200.0,-26.0,0.1999999999999993
230,1210.0,116.0,6.5,230.0,68.0,62,0.0,1017,93,22.0,0.0,0.66,2023,11,30,3,3,334,48,0.7071067811865476,0.7071067811865476,-0.5000000000000004,0.8660254037844384,0.43388373911755823,-0.900968867902419,3,3,0,252.0,52.0,276.0,226.0,220.0,435.0,178.0,109.67223896684108,252.0,52.0,229.83333333333334,89.78734134980625,291.0,52.0,208.91666666666666,76.45136104779648,291.0,52.0,243.84708333333333,70.5285658118122,354.0,52.0,21.9,21.8,22.8,94.0,94.0,84.0,0.33,0.66,2.0,1017.0,1017.0,1017.0,2046.0,61.38,14.520000000000001,0.0,0.9999956521928165,10.43094456082275,0.056033999706899075,20.46,21.67,0.021632230450117553,484.0,8649,0.43560000000000004,1034289,1860.5,310.0833333333333,-22.0,-46.0,0.10000000000000142
235,199.6,17.0,50.0,293.8,103.0,50,0.0,1017,91,22.2,0.0,1.0,2023,11,30,4,3,334,48,0.8660254037844386,0.5000000000000001,-0.5000000000000004,0.8660254037844384,0.43388373911755823,-0.900968867902419,3,3,0,230.0,252.0,52.0,291.0,209.0,354.0,239.0,11.532562594665611,252.0,230.0,220.5,84.93703550277678,278.0,52.0,211.08333333333334,76.82146756465804,291.0,52.0,238.88875,66.51674253524527,344.0,52.0,22.0,21.7,22.0,93.0,96.0,90.0,0.66,0.4,2.0,1017.0,1017.0,1017.0,2020.2,91.0,22.2,0.0,0.7998611304930889,11.740485853773306,2.941003470384095,20.202,21.7,0.021828887090573165,492.84,8281,1.0,1034289,898.4000000000001,149.73333333333335,5.0,183.0,0.1999999999999993
243,242.0,20.0,44.0,303.8,121.7,66,0.0,1017,90,22.2,0.0,1.0,2023,11,30,5,3,334,48,0.9659258262890683,0.25881904510252074,-0.5000000000000004,0.8660254037844384,0.43388373911755823,-0.900968867902419,3,3,0,235.0,230.0,252.0,278.0,205.0,270.0,236.0,6.557438524292938,243.0,230.0,214.66666666666666,81.32322341537274,276.0,52.0,214.25,77.32943106664393,291.0,52.0,237.76375,66.19522817509039,344.0,52.0,22.2,21.9,21.9,91.0,94.0,92.0,1.0,0.33,1.33,1017.0,1017.0,1017.0,1998.0,90.0,22.2,0.0,0.7998657015612194,12.099395030248488,2.199890005499725,19.98,21.7,0.021828887090573165,492.84,8100,1.0,1034289,974.5,162.41666666666666,8.0,-9.0,0.0
280,284.4,23.0,38.0,350.0,140.3,83,0.0,1017,88,22.2,0.0,1.0,2023,11,30,6,3,334,48,1.0,6.123233995736766e-17,-0.5000000000000004,0.8660254037844384,0.43388373911755823,-0.900968867902419,3,0,0,243.0,235.0,230.0,276.0,216.0,315.33,252.66666666666666,24.00694344003856,280.0,235.0,215.33333333333334,81.94062891305283,280.0,52.0,219.58333333333334,79.63377348077765,291.0,52.0,236.29166666666666,64.77283325234691,344.0,52.0,22.2,22.0,21.8,90.0,93.0,94.0,1.0,0.66,0.66,1017.0,1017.0,1017.0,1953.6,88.0,22.2,0.0,0.799997714292245,12.364679796530584,1.6521020825181514,19.535999999999998,21.7,0.021828887090573165,492.84,7744,1.0,1034289,1115.7,185.95000000000002,37.0,50.0,0.0
181,326.8,26.0,32.0,116.0,159.0,100,0.0,1018,87,22.2,0.6,1.0,2023,11,30,7,3,334,48,0.9659258262890683,-0.25881904510252063,-0.5000000000000004,0.8660254037844384,0.43388373911755823,-0.900968867902419,3,0,0,280.0,243.0,235.0,52.0,64.0,296.0,200.66666666666666,106.97819092381971,280.0,79.0,219.83333333333334,71.21633707701224,280.0,79.0,220.83333333333334,77.04524447991338,291.0,52.0,227.25,70.92877627837609,344.0,52.0,22.2,22.2,21.7,88.0,91.0,96.0,1.0,1.0,0.4,1017.0,1017.0,1017.0,1931.3999999999999,87.0,22.2,0.0,0.6810286118223119,12.568747355870928,1.2307218953117187,19.314,21.7,0.02180744419700963,492.84,7569,1.0,1036324,738.8,123.13333333333333,-201.0,-156.0,0.0
307,290.2,23.0,47.0,383.8,164.3,100,0.0,1018,84,22.8,0.8,1.33,2023,11,30,8,3,334,48,0.8660254037844387,-0.4999999999999998,-0.5000000000000004,0.8660254037844384,0.43388373911755823,-0.900968867902419,3,0,0,79.0,280.0,243.0,252.0,208.0,344.0,222.0,124.57527844640718,307.0,79.0,229.0,79.26916172131482,307.0,79.0,229.08333333333334,80.75716498843693,307.0,52.0,225.70833333333334,68.64621283240602,307.0,52.0,22.2,22.2,21.9,87.0,90.0,94.0,1.0,1.0,0.33,1018.0,1017.0,1017.0,1915.2,111.72,30.324,0.0,0.7998936949096016,12.616842745967565,2.043389417851398,19.152,22.135,0.022396834580712593,519.84,7056,1.7689000000000001,1036324,1215.3,202.54999999999998,228.0,64.0,0.6000000000000014
304,253.7,20.0,62.0,380.0,169.7,100,0.0,1019,82,23.4,1.2,1.66,2023,11,30,9,3,334,48,0.7071067811865476,-0.7071067811865475,-0.5000000000000004,0.8660254037844384,0.43388373911755823,-0.900968867902419,3,0,0,307.0,79.0,280.0,230.0,226.0,299.0,230.0,130.77843858985273,307.0,79.0,241.33333333333334,85.00509788634224,307.0,79.0,235.58333333333334,83.5762671111982,307.0,52.0,225.91666666666666,68.88548573486027,307.0,52.0,22.8,22.2,22.0,84.0,88.0,93.0,1.33,1.0,0.66,1018.0,1017.0,1017.0,1918.8,136.12,38.843999999999994,0.0,0.7999978947423823,12.684365781710913,3.0998450077496122,19.188,22.57,0.02296366735655804,547.56,6724,2.7556,1038361,1189.4,198.23333333333335,-3.0,24.0,0.5999999999999979
278,217.1,17.0,77.0,347.5,175.0,100,0.0,1019,79,24.0,1.6,2.0,2023,11,30,10,3,334,48,0.49999999999999994,-0.8660254037844387,-0.5000000000000004,0.8660254037844384,0.43388373911755823,-0.900968867902419,3,0,0,304.0,307.0,79.0,235.0,291.0,272.0,296.3333333333333,15.947831618536767,307.0,278.0,248.5,86.16901995496966,307.0,79.0,234.5,82.87394590033007,307.0,52.0,226.16666666666666,69.07064226709136,307.0,52.0,23.4,22.2,22.2,82.0,87.0,91.0,1.66,1.0,1.0,1019.0,1018.0,1017.0,1896.0,158.0,48.0,0.0,0.7999976978483516,12.769837068407739,4.529145344391506,18.96,23.0,0.02355247934005953,576.0,6241,4.0,1038361,1111.6,185.26666666666665,-26.0,199.0,0.6000000000000014
261,191.8,16.3,77.3,326.3,168.0,100,0.0,1018,75,24.6,1.9,2.0,2023,11,30,11,3,334,48,0.258819045102521,-0.9659258262890682,-0.5000000000000004,0.8660254037844384,0.43388373911755823,-0.900968867902419,3,0,0,278.0,304.0,307.0,243.0,278.0,243.0,281.0,21.65640782770474,304.0,261.0,251.5,86.25253619459522,307.0,79.0,233.08333333333334,82.20535078064944,307.0,52.0,226.91666666666666,69.35849947393227,307.0,52.0,24.0,22.8,22.2,79.0,84.0,90.0,2.0,1.33,1.0,1019.0,1018.0,1017.0,1845.0,150.0,49.2,0.0,0.7998749620748941,11.766149315992884,4.74204036562174,18.45,23.6,0.024165005731821485,605.1600000000001,5625,4.0,1036324,1040.7,173.45000000000002,-17.0,-46.0,0.6000000000000014
242,166.5,15.7,77.7,302.5,161.0,100,0.0,1017,71,25.1,2.2,2.0,2023,11,30,12,3,334,48,1.2246467991473532e-16,-1.0,-0.5000000000000004,0.8660254037844384,0.43388373911755823,-0.900968867902419,3,1,0,261.0,278.0,304.0,280.0,276.0,244.0,260.3333333333333,18.009256878983347,278.0,242.0,245.16666666666666,85.12911761945277,307.0,79.0,230.25,81.17111555226973,307.0,52.0,226.83333333333334,69.3382802025647,307.0,52.0,24.6,23.4,22.2,75.0,82.0,88.0,2.0,1.66,1.0,1018.0,1019.0,1017.0,1782.1000000000001,142.0,50.2,0.0,0.7999973553806434,10.604420100630534,4.94872938029425,17.821,24.1,0.024680408377179573,630.0100000000001,5041,4.0,1034289,965.4,160.9,-19.0,-62.0,0.5
242,141.2,15.0,78.0,302.5,154.0,100,0.0,1016,68,25.7,1.8,2.0,2023,11,30,13,3,334,48,-0.2588190451025208,-0.9659258262890683,-0.5000000000000004,0.8660254037844384,0.43388373911755823,-0.900968867902419,3,1,0,242.0,261.0,278.0,79.0,52.0,230.0,248.33333333333334,10.969655114597378,261.0,242.0,272.3333333333333,29.001149402508567,307.0,242.0,246.08333333333334,58.64602339976672,307.0,79.0,227.33333333333334,69.405341647999,307.0,52.0,25.1,24.0,22.2,71.0,79.0,87.0,2.0,2.0,1.0,1017.0,1019.0,1018.0,1747.6,136.0,51.4,0.0,0.7999973553806434,9.412705819612025,5.199653356442904,17.476,24.7,0.025295250693650892,660.49,4624,4.0,1032256,932.7,155.45000000000002,0.0,-36.0,0.5999999999999979
209,142.4,16.3,72.3,261.3,163.0,100,0.0,1016,69,25.5,1.5,2.0,2023,11,30,14,3,334,48,-0.4999999999999997,-0.8660254037844388,-0.5000000000000004,0.8660254037844384,0.43388373911755823,-0.900968867902419,3,1,0,242.0,242.0,261.0,307.0,252.0,258.0,231.0,19.0525588832546,242.0,209.0,256.0,32.90592651787755,304.0,209.0,242.5,59.55822208714548,307.0,79.0,225.29166666666666,69.18436564192422,307.0,52.0,25.7,24.6,22.8,68.0,75.0,84.0,2.0,2.0,1.33,1016.0,1018.0,1018.0,1759.5,138.0,51.0,0.0,0.79984385823246,8.735660388933194,4.435310717133918,17.595,24.5,0.025098400493700303,650.25,4761,4.0,1032256,864.3,144.04999999999998,-33.0,-52.0,-0.1999999999999993
197,143.6,17.7,66.7,113.8,172.0,100,0.0,1016,70,25.3,1.0,2.0,2023,11,30,15,3,334,48,-0.7071067811865471,-0.7071067811865479,-0.5000000000000004,0.8660254037844384,0.43388373911755823,-0.900968867902419,3,1,0,209.0,242.0,242.0,304.0,230.0,220.0,180.66666666666666,79.38723658960066,242.0,91.0,220.5,67.48851754187491,278.0,91.0,230.91666666666666,73.98090457965601,307.0,79.0,219.91666666666666,74.42587013214985,307.0,52.0,25.5,25.1,23.4,69.0,71.0,82.0,2.0,2.0,1.66,1016.0,1017.0,1019.0,1771.0,140.0,50.6,0.0,0.7996414794246096,8.112536014914411,3.7681486921642846,17.71,24.3,0.024901550293749714,640.09,4900,4.0,1032256,604.8,100.8,-118.0,-151.0,-0.1999999999999993
121,144.7,19.0,61.0,64.0,181.0,100,0.0,1016,71,25.1,0.7,2.0,2023,11,30,16,3,334,48,-0.8660254037844385,-0.5000000000000004,-0.5000000000000004,0.8660254037844384,0.43388373911755823,-0.900968867902419,3,1,0,91.0,209.0,242.0,278.0,235.0,209.0,114.33333333333333,85.42443054146304,209.0,43.0,181.33333333333334,91.39948942235195,261.0,43.0,214.91666666666666,91.66585399088754,307.0,43.0,213.0,82.73425240938138,307.0,43.0,25.3,25.7,24.0,70.0,68.0,79.0,2.0,2.0,2.0,1016.0,1016.0,1019.0,1782.1000000000001,142.0,50.2,0.0,0.6718645021171543,7.615388663754538,3.210357349613178,17.821,24.1,0.02470470009379912,630.0100000000001,5041,4.0,1032256,512.7,85.45,-48.0,-199.0,-0.1999999999999993
199,157.6,20.0,57.0,115.0,177.3,100,0.0,1017,70,25.0,0.6,2.0,2023,11,30,17,3,334,48,-0.9659258262890683,-0.25881904510252063,-0.5000000000000004,0.8660254037844384,0.43388373911755823,-0.900968867902419,3,1,0,43.0,91.0,209.0,261.0,243.0,205.0,75.33333333333333,28.00595174839185,92.0,43.0,153.16666666666666,87.91226687252824,242.0,43.0,202.33333333333334,97.63041006621295,307.0,43.0,208.29166666666666,86.34585620664183,307.0,43.0,25.1,25.5,24.6,71.0,69.0,75.0,2.0,2.0,2.0,1016.0,1016.0,1018.0,1750.0,140.0,50.0,0.0,0.7999930435387518,7.879606019699014,2.8498575071246437,17.5,24.0,0.024582080056951762,625.0,4900,4.0,1034289,618.9000000000001,103.15000000000002,49.0,-117.0,-0.10000000000000142
195,170.4,21.0,53.0,111.3,173.7,100,0.0,1017,70,24.8,0.0,2.0,2023,11,30,18,3,334,48,-1.0,-1.8369701987210297e-16,-0.5000000000000004,0.8660254037844384,0.43388373911755823,-0.900968867902419,3,2,0,92.0,43.0,91.0,242.0,280.0,216.0,74.66666666666667,27.46512940681789,92.0,43.0,127.66666666666667,78.69858109690813,242.0,43.0,186.41666666666666,99.37116678332157,307.0,43.0,203.0,89.68010782291984,307.0,43.0,25.0,25.3,25.1,70.0,70.0,71.0,2.0,2.0,2.0,1017.0,1016.0,1017.0,1736.0,140.0,49.6,0.0,0.7996334264741557,8.113899338126755,2.5236893481262794,17.36,23.8,0.02438542341649615,615.0400000000001,4900,4.0,1034289,618.4,103.06666666666666,-3.0,-2.0,-0.1999999999999993
185,183.3,22.0,49.0,102.5,170.0,100,0.0,1018,70,24.7,0.0,2.0,2023,11,30,19,3,334,48,-0.9659258262890684,0.2588190451025203,-0.5000000000000004,0.8660254037844384,0.43388373911755823,-0.900968867902419,3,2,0,89.0,92.0,43.0,242.0,79.0,64.0,87.66666666666667,5.131601439438814,92.0,82.0,101.0,56.06068140863044,209.0,43.0,186.66666666666666,99.07970467652699,307.0,43.0,203.75,88.5350581506514,307.0,43.0,24.8,25.1,25.7,70.0,71.0,68.0,2.0,2.0,2.0,1017.0,1016.0,1016.0,1729.0,140.0,49.4,0.0,0.7999921951980956,8.331439480023635,2.2271714922048997,17.29,23.7,0.024263237462438643,610.0899999999999,4900,4.0,1036324,608.8,101.46666666666665,-7.0,39.0,-0.10000000000000142
184,186.0,19.7,50.3,101.3,158.0,100,0.0,1019,72,24.1,0.0,2.0,2023,11,30,20,3,334,48,-0.8660254037844386,0.5000000000000001,-0.5000000000000004,0.8660254037844384,0.43388373911755823,-0.900968867902419,3,2,0,82.0,89.0,92.0,209.0,307.0,208.0,84.0,4.358898943531246,89.0,81.0,79.66666666666667,18.543642216852387,92.0,43.0,167.83333333333334,95.54326324506128,304.0,43.0,198.45833333333334,91.99762717482007,307.0,43.0,24.7,25.0,25.5,70.0,70.0,69.0,2.0,2.0,2.0,1018.0,1017.0,1016.0,1735.2,144.0,48.2,0.0,0.7995972399087866,9.44114511953708,2.5531698898533066,17.352,23.1,0.02365061467064311,580.8100000000001,5184,4.0,1038361,596.3,99.38333333333333,-1.0,-11.0,-0.5999999999999979
171,188.7,17.3,51.7,88.8,146.0,100,0.0,1019,75,23.6,0.0,2.0,2023,11,30,21,3,334,48,-0.7071067811865477,0.7071067811865474,-0.5000000000000004,0.8660254037844384,0.43388373911755823,-0.900968867902419,3,2,0,81.0,82.0,89.0,91.0,304.0,226.0,78.0,6.082762530291548,82.0,71.0,76.33333333333333,17.88481665174766,92.0,43.0,148.41666666666666,88.79236078252035,278.0,43.0,192.0,95.35927487322833,307.0,43.0,24.1,24.8,25.3,72.0,70.0,70.0,2.0,2.0,2.0,1019.0,1017.0,1016.0,1770.0,150.0,47.2,0.0,0.7995405457145752,10.906883995144787,2.988266574186463,17.7,22.6,0.023159938017725205,556.96,5625,4.0,1038361,563.5,93.91666666666667,-10.0,-18.0,-0.5
171,191.4,15.0,53.0,88.8,134.0,100,0.0,1020,77,23.0,0.0,2.0,2023,11,30,22,3,334,48,-0.5000000000000004,0.8660254037844384,-0.5000000000000004,0.8660254037844384,0.43388373911755823,-0.900968867902419,3,3,0,71.0,81.0,82.0,43.0,278.0,291.0,74.33333333333333,5.773502691889282,81.0,71.0,81.0,8.786353054593432,92.0,71.0,131.16666666666666,81.10356267629557,261.0,43.0,182.83333333333334,96.00075482795079,307.0,43.0,23.6,24.7,25.1,75.0,70.0,71.0,2.0,2.0,2.0,1019.0,1018.0,1016.0,1771.0,154.0,46.0,0.0,0.7995405457145752,12.759149390040665,3.533097793480435,17.71,22.0,0.022548997500982843,529.0,5929,4.0,1040400,553.2,92.2,0.0,-11.0,-0.6000000000000014
173,197.1,13.7,52.7,91.3,126.7,100,0.0,1019,83,22.2,0.0,2.33,2023,11,30,23,3,334,48,-0.25881904510252157,0.9659258262890681,-0.5000000000000004,0.8660254037844384,0.43388373911755823,-0.900968867902419,3,3,0,71.0,71.0,81.0,92.0,261.0,278.0,71.66666666666667,1.154700538344556,73.0,71.0,77.83333333333333,7.332575718438252,89.0,71.0,115.5,71.31046079069846,242.0,43.0,174.29166666666666,96.28466814005573,307.0,43.0,23.0,24.1,25.0,77.0,72.0,70.0,2.0,2.0,2.0,1020.0,1019.0,1017.0,1842.6,193.39000000000001,51.726,0.0,0.7995531264717801,14.385811254652946,3.8464345668199407,18.426,21.035,0.021786043389555063,492.84,6889,5.4289000000000005,1038361,554.5,92.41666666666667,2.0,-8.0,-0.8000000000000007
165,202.7,12.3,52.3,83.8,119.3,100,0.5,1019,89,21.5,0.0,2.66,2023,12,1,0,4,335,48,0.0,1.0,-2.4492935982947064e-16,1.0,-0.433883739117558,-0.9009688679024191,0,3,0,73.0,71.0,71.0,89.0,242.0,276.0,70.33333333333333,3.0550504632908146,73.0,67.0,74.16666666666667,6.0138728508865755,82.0,67.0,100.91666666666667,60.10212268726518,242.0,43.0,165.58333333333334,96.13709263187766,307.0,43.0,22.2,23.6,24.8,83.0,75.0,70.0,2.33,2.0,2.0,1019.0,1019.0,1017.0,1913.5,236.74,57.190000000000005,50.0,0.7995131323015239,16.478335094707745,4.251686854727257,19.135,20.17,0.021099096075469996,462.25,7921,7.0756000000000006,1038361,537.4,89.56666666666666,-6.0,-4.0,-0.6999999999999993
179,208.3,11.0,52.0,96.3,112.0,100,1.0,1019,96,20.7,0.0,3.0,2023,12,1,1,4,335,48,0.25881904510252074,0.9659258262890683,-2.4492935982947064e-16,1.0,-0.433883739117558,-0.9009688679024191,0,3,0,67.0,73.0,71.0,82.0,242.0,52.0,72.33333333333333,5.033222956839196,77.0,67.0,73.33333333333333,4.966554808580161,81.0,67.0,87.16666666666667,40.60191068798457,209.0,43.0,166.625,94.98137689316691,307.0,43.0,21.5,23.0,24.7,89.0,77.0,70.0,2.66,2.0,2.0,1019.0,1020.0,1018.0,1987.1999999999998,288.0,62.099999999999994,100.0,0.7995763283870365,18.93464230524498,4.72684301427143,19.872,19.2,0.020314013430801345,428.48999999999995,9216,9.0,1038361,556.6,92.76666666666667,10.0,6.0,-0.8000000000000007
168,213.4,11.0,50.0,86.3,114.7,100,0.5,1019,96,20.5,0.0,2.33,2023,12,1,2,4,335,48,0.49999999999999994,0.8660254037844387,-2.4492935982947064e-16,1.0,-0.433883739117558,-0.9009688679024191,0,3,0,77.0,67.0,73.0,81.0,209.0,252.0,71.0,5.29150262212162,77.0,67.0,71.33333333333333,3.444802848731824,77.0,67.0,75.5,13.440102813456722,92.0,43.0,159.0,95.17489621515378,307.0,43.0,20.7,22.2,24.1,96.0,83.0,72.0,3.0,2.33,2.0,1019.0,1019.0,1019.0,1968.0,223.68,47.765,50.0,0.7995272360691069,19.39823652395237,4.545041359876375,19.68,19.335,0.02011774276963418,420.25,9216,5.4289000000000005,1038361,544.4,90.73333333333333,-8.0,-4.0,-0.1999999999999993
172,218.5,11.0,48.0,89.6,117.3,100,0.0,1018,96,20.4,0.0,1.66,2023,12,1,3,4,335,48,0.7071067811865476,0.7071067811865476,-2.4492935982947064e-16,1.0,-0.433883739117558,-0.9009688679024191,0,3,0,69.0,77.0,67.0,71.0,91.0,230.0,72.55666666666667,4.073037359668219,77.0,69.0,71.44500000000001,3.442695165123426,77.0,67.0,73.88916666666667,12.541862597882584,92.0,43.0,152.40291666666667,95.52623420588736,307.0,43.0,20.5,21.5,23.6,96.0,89.0,75.0,2.33,2.66,2.0,1019.0,1019.0,1019.0,1958.3999999999999,159.35999999999999,33.864,0.0,0.799879465630964,19.86183074265976,4.36323970548132,19.584,19.57,0.02003927304590074,416.15999999999997,9216,2.7556,1036324,556.07,92.67833333333334,2.6700000000000017,4.670000000000002,-0.10000000000000142
168,223.5,11.0,46.0,86.3,120.0,100,0.5,1018,96,20.2,0.0,1.0,2023,12,1,4,4,335,48,0.8660254037844386,0.5000000000000001,-2.4492935982947064e-16,1.0,-0.433883739117558,-0.9009688679024191,0,3,0,71.67,69.0,77.0,71.0,43.0,235.0,69.89,1.5415252187104223,71.67,69.0,71.11166666666666,3.5881494766287143,77.0,67.0,76.05583333333334,8.222538270265716,92.0,67.0,145.48625,95.29510557313908,307.0,43.0,20.4,20.7,23.0,96.0,96.0,77.0,1.66,3.0,2.0,1018.0,1019.0,1020.0,1939.1999999999998,96.0,20.2,50.0,0.7995272360691069,20.316334878647396,4.181438051086265,19.392,19.7,0.01984280958466642,408.03999999999996,9216,1.0,1036324,555.8,92.63333333333333,-2.6700000000000017,-8.0,-0.1999999999999993
168,249.7,25.3,34.6,86.3,95.7,100,1.0,1019,95,20.1,0.0,1.33,2023,12,1,5,4,335,48,0.9659258262890683,0.25881904510252074,-2.4492935982947064e-16,1.0,-0.433883739117558,-0.9009688679024191,0,3,0,69.0,71.67,69.0,73.0,92.0,243.0,69.89,1.5415252187104223,71.67,69.0,70.44500000000001,3.538382398775508,77.0,67.0,74.13916666666667,6.709535220766899,89.0,67.0,138.23625,94.16597958611757,307.0,43.0,20.2,20.5,22.2,96.0,96.0,83.0,1.0,2.33,2.33,1018.0,1019.0,1019.0,1909.5000000000002,126.35000000000001,26.733000000000004,100.0,0.7995272360691069,9.869175131417729,1.367534880044267,19.095000000000002,19.435000000000002,0.019725201447299858,404.01000000000005,9025,1.7689000000000001,1038361,560.6,93.43333333333334,0.0,0.0,-0.09999999999999787
152,275.8,39.7,23.3,71.3,71.3,100,0.5,1019,94,20.1,0.0,1.66,2023,12,1,6,4,335,48,1.0,6.123233995736766e-17,-2.4492935982947064e-16,1.0,-0.433883739117558,-0.9009688679024191,0,0,0,69.0,69.0,71.67,67.0,89.0,280.0,65.0,6.928203230269811,69.0,57.0,68.77833333333334,6.55490783052143,77.0,57.0,71.47250000000001,6.624814405627863,82.0,57.0,128.94458333333333,90.50021743808489,307.0,43.0,20.1,20.4,21.5,95.0,96.0,89.0,1.33,1.66,2.66,1019.0,1018.0,1019.0,1889.4,156.04,33.366,50.0,0.7994277780115285,6.946928288959976,0.5868869801768217,18.894000000000002,19.270000000000003,0.019725201447299858,404.01000000000005,8836,2.7556,1038361,538.4,89.73333333333333,-12.0,-14.670000000000002,0.0
137,302.0,54.0,11.9,100.0,47.0,100,0.5,1020,93,20.0,0.6,2.0,2023,12,1,7,4,335,48,0.9659258262890683,-0.25881904510252063,-2.4492935982947064e-16,1.0,-0.433883739117558,-0.9009688679024191,0,0,0,57.0,69.0,69.0,77.0,82.0,79.0,58.333333333333336,10.066445913690469,69.0,49.0,64.11166666666666,9.03054907891163,71.67,49.0,68.72250000000001,8.454180380676435,81.0,49.0,127.69458333333334,91.42253318373949,307.0,43.0,20.1,20.2,20.7,94.0,96.0,96.0,1.66,1.0,3.0,1019.0,1018.0,1019.0,1860.0,186.0,40.0,50.0,0.4899951000489995,5.592489027980964,0.22036628951315718,18.6,19.0,0.019607823913898124,400.0,8649,4.0,1040400,563.9,93.98333333333333,-8.0,-20.0,-0.10000000000000142
100,281.1,40.3,21.9,43.8,73.7,100,0.5,1020,92,19.6,0.8,2.33,2023,12,1,8,4,335,48,0.8660254037844387,-0.4999999999999998,-2.4492935982947064e-16,1.0,-0.433883739117558,-0.9009688679024191,0,0,0,49.0,57.0,69.0,69.0,81.0,307.0,47.0,11.135528725656638,57.0,35.0,58.445,14.413054846213747,71.67,35.0,64.88916666666667,12.046657369901498,77.0,35.0,116.36125,84.85153706237669,304.0,35.0,20.0,20.1,20.5,93.0,95.0,96.0,2.0,1.33,2.33,1020.0,1019.0,1019.0,1803.2,214.36,45.668000000000006,50.0,0.7990685144174792,6.975013026972037,0.5434108334780775,18.032,18.435000000000002,0.019215667435620164,384.1600000000001,8464,5.4289000000000005,1040400,495.8,82.63333333333334,-14.0,-34.0,-0.3999999999999986
98,202.0,170.0,32.0,78.0,63.0,100,0.5,1021,92,19.1,1.2,2.66,2023,12,1,9,4,335,48,0.7071067811865476,-0.7071067811865475,-2.4492935982947064e-16,1.0,-0.433883739117558,-0.9009688679024191,0,0,0,35.0,49.0,57.0,71.67,71.0,304.0,39.333333333333336,8.38649708360164,49.0,34.0,52.166666666666664,15.651411012002493,69.0,34.0,61.80583333333334,14.768075185916842,77.0,34.0,105.11125,76.36656218600356,278.0,34.0,19.6,20.1,20.4,92.0,94.0,96.0,2.33,1.66,1.66,1020.0,1019.0,1018.0,1757.2,244.72000000000003,50.806000000000004,50.0,0.4358918475404161,1.188228304539385,0.18823418685772436,17.572,17.770000000000003,0.018707131530723283,364.81000000000006,8464,7.0756000000000006,1042441,579.0,96.5,-1.0,-23.0,-0.5
123,239.3,13.0,42.0,65.0,127.0,100,0.5,1021,92,18.7,1.6,3.0,2023,12,1,10,4,335,48,0.49999999999999994,-0.8660254037844387,-2.4492935982947064e-16,1.0,-0.433883739117558,-0.9009688679024191,0,0,0,34.0,35.0,49.0,69.0,71.0,278.0,37.666666666666664,5.507570547279365,44.0,34.0,48.0,13.44618905117605,69.0,34.0,59.55583333333334,15.287610823699453,77.0,34.0,95.36125,67.78968655125529,261.0,34.0,19.1,20.0,20.2,92.0,93.0,96.0,2.66,2.0,1.0,1021.0,1020.0,1018.0,1720.3999999999999,276.0,56.099999999999994,50.0,0.6769126628821095,18.406276440273828,3.230520729174679,17.203999999999997,17.2,0.018315359142645305,349.69,8464,9.0,1042441,530.3,88.38333333333333,10.0,-5.0,-0.40000000000000213
115,202.0,177.0,43.0,86.0,79.0,100,0.5,1021,91,18.6,1.9,3.0,2023,12,1,11,4,335,48,0.258819045102521,-0.9659258262890682,-2.4492935982947064e-16,1.0,-0.433883739117558,-0.9009688679024191,0,0,0,44.0,34.0,35.0,69.0,73.0,261.0,39.666666666666664,5.1316014394396205,44.0,34.0,43.333333333333336,8.73307887669829,57.0,34.0,56.889166666666675,15.518497735593474,77.0,34.0,86.19458333333334,58.68020931316008,242.0,34.0,18.7,19.6,20.1,92.0,92.0,95.0,3.0,2.33,1.33,1021.0,1020.0,1019.0,1692.6000000000001,273.0,55.800000000000004,50.0,0.4767386425739235,1.1412364901893208,0.24293648058485545,16.926000000000002,17.1,0.018217416045625816,345.96000000000004,8281,9.0,1042441,628.0,104.66666666666667,-3.0,6.0,-0.09999999999999787
115,202.0,177.0,44.0,86.0,79.0,100,0.5,1020,90,18.6,2.0,3.0,2023,12,1,12,4,335,48,1.2246467991473532e-16,-1.0,-2.4492935982947064e-16,1.0,-0.433883739117558,-0.9009688679024191,0,1,0,41.0,44.0,34.0,57.0,67.0,242.0,42.0,1.7320508075472458,44.0,41.0,40.666666666666664,5.609515724787134,49.0,34.0,54.722500000000004,15.7911506432016,77.0,34.0,77.81958333333333,49.02585284974623,242.0,34.0,18.6,19.1,20.1,91.0,92.0,94.0,3.0,2.66,1.66,1021.0,1021.0,1019.0,1674.0000000000002,270.0,55.800000000000004,50.0,0.4767386425739235,1.1412364901893208,0.24858616617985207,16.740000000000002,17.1,0.01823527623992526,345.96000000000004,8100,9.0,1040400,629.0,104.83333333333333,0.0,7.0,0.0
118,302.0,177.0,45.0,90.0,63.0,100,0.0,1019,89,18.5,1.8,3.0,2023,12,1,13,4,335,48,-0.2588190451025208,-0.9659258262890683,-2.4492935982947064e-16,1.0,-0.433883739117558,-0.9009688679024191,0,1,0,41.0,41.0,44.0,49.0,77.0,242.0,41.333333333333336,0.5773502691248286,42.0,41.0,39.5,4.037325847633254,44.0,34.0,51.80583333333334,14.48025769379504,71.67,34.0,69.48625,34.855262444984334,209.0,34.0,18.6,18.7,20.0,90.0,92.0,93.0,3.0,3.0,2.0,1020.0,1021.0,1020.0,1646.5,267.0,55.5,0.0,0.466661481539094,1.7062050496889847,0.2542358517748487,16.465,17.0,0.018155036157962556,342.25,7921,9.0,1038361,719.0,119.83333333333333,1.0,-2.0,-0.10000000000000142
115,202.0,177.0,45.3,86.0,63.0,100,0.0,1019,90,18.3,1.4,3.0,2023,12,1,14,4,335,48,-0.4999999999999997,-0.8660254037844388,-2.4492935982947064e-16,1.0,-0.433883739117558,-0.9009688679024191,0,1,0,42.0,41.0,41.0,35.0,69.0,209.0,41.333333333333336,0.5773502691248286,42.0,41.0,40.5,3.3911649915578383,44.0,34.0,49.472500000000004,13.692233448860863,71.67,34.0,62.48624999999999,18.78231633918603,92.0,34.0,18.5,18.6,19.6,89.0,91.0,92.0,3.0,3.0,2.33,1019.0,1021.0,1020.0,1647.0,270.0,54.900000000000006,0.0,0.4767386425739235,1.1412364901893208,0.2559307574533477,16.47,16.8,0.01795876549679539,334.89000000000004,8100,9.0,1038361,614.3,102.38333333333333,-1.0,0.0,-0.1999999999999993
115,202.0,177.0,45.7,86.0,63.0,100,0.0,1018,90,18.2,1.0,3.0,2023,12,1,15,4,335,48,-0.7071067811865471,-0.7071067811865479,-2.4492935982947064e-16,1.0,-0.433883739117558,-0.9009688679024191,0,1,0,41.0,42.0,41.0,34.0,71.67,91.0,41.333333333333336,0.5773502691248286,42.0,41.0,41.666666666666664,1.2110601416255182,44.0,41.0,46.916666666666664,11.919871363955886,69.0,34.0,60.40291666666666,18.24744496210261,92.0,34.0,18.3,18.6,19.1,90.0,90.0,92.0,3.0,3.0,2.66,1019.0,1020.0,1021.0,1638.0,270.0,54.599999999999994,0.0,0.4767386425739235,1.1412364901893208,0.2581906316913464,16.38,16.7,0.017878174972323208,331.23999999999995,8100,9.0,1036324,614.7,102.45,0.0,0.0,-0.10000000000000142
118,229.4,17.0,46.0,62.0,147.0,100,0.0,1018,91,18.0,0.7,3.0,2023,12,1,16,4,335,48,-0.8660254037844385,-0.5000000000000004,-2.4492935982947064e-16,1.0,-0.433883739117558,-0.9009688679024191,0,1,0,41.0,41.0,42.0,44.0,69.0,43.0,41.333333333333336,0.5773502691248286,42.0,41.0,41.333333333333336,0.5163977794627492,42.0,41.0,44.666666666666664,9.717213717118941,69.0,34.0,60.36124999999999,18.2900030457373,92.0,34.0,18.2,18.5,18.7,90.0,89.0,92.0,3.0,3.0,3.0,1018.0,1019.0,1021.0,1638.0,273.0,54.0,0.0,0.6774084288963081,13.493323922122228,2.7057231927533674,16.38,16.5,0.01768171151108889,324.0,8281,9.0,1036324,543.4,90.56666666666666,1.0,0.0,-0.1999999999999993
110,202.0,170.0,41.7,84.0,63.0,100,0.0,1019,89,17.9,0.6,2.66,2023,12,1,17,4,335,48,-0.9659258262890683,-0.25881904510252063,-2.4492935982947064e-16,1.0,-0.433883739117558,-0.9009688679024191,0,1,0,42.0,41.0,41.0,41.0,69.0,92.0,40.666666666666664,1.5275252316274917,42.0,39.0,41.0,1.0954451149954672,42.0,39.0,42.166666666666664,6.057802381795867,57.0,34.0,58.15291666666666,17.485780180321612,89.0,34.0,18.0,18.3,18.6,91.0,90.0,91.0,3.0,3.0,3.0,1018.0,1019.0,1021.0,1593.1,236.74,47.614,0.0,0.46428018714062924,1.188228304539385,0.24529267474897207,15.931,16.57,0.017566224174461065,320.40999999999997,7921,7.0756000000000006,1038361,599.7,99.95,-3.0,-2.0,-0.10000000000000142
110,202.0,170.0,37.3,84.0,63.0,100,0.0,1019,88,17.7,0.0,2.33,2023,12,1,18,4,335,48,-1.0,-1.8369701987210297e-16,-2.4492935982947064e-16,1.0,-0.433883739117558,-0.9009688679024191,0,2,0,39.0,42.0,41.0,41.0,57.0,89.0,40.0,1.7320508075473426,42.0,39.0,40.666666666666664,1.3662601021160417,42.0,39.0,40.666666666666664,3.8924947207975826,49.0,34.0,56.06958333333333,16.60727014165801,82.0,34.0,17.9,18.2,18.6,89.0,90.0,90.0,2.66,3.0,3.0,1019.0,1018.0,1020.0,1557.6,205.04000000000002,41.241,0.0,0.46428018714062924,1.188228304539385,0.21941047405603495,15.575999999999999,16.535,0.0173699535132939,313.28999999999996,7744,5.4289000000000005,1038361,595.3,99.21666666666665,0.0,-2.0,-0.1999999999999993
115,202.0,162.0,33.0,86.0,74.0,100,0.0,1019,86,17.6,0.0,2.0,2023,12,1,19,4,335,48,-0.9659258262890684,0.2588190451025203,-2.4492935982947064e-16,1.0,-0.433883739117558,-0.9009688679024191,0,2,0,39.0,39.0,42.0,42.0,49.0,82.0,39.666666666666664,1.1547005383469753,41.0,39.0,40.5,1.2247448713783164,42.0,39.0,40.0,2.891995221911376,44.0,34.0,54.36124999999999,15.918401796691256,81.0,34.0,17.7,18.0,18.5,88.0,91.0,89.0,2.33,3.0,3.0,1019.0,1018.0,1019.0,1513.6000000000001,172.0,35.2,0.0,0.4767386425739235,1.2469058832970166,0.2037024462811958,15.136000000000001,16.6,0.017271818182710324,309.76000000000005,7396,4.0,1038361,598.0,99.66666666666667,2.0,-1.0,-0.09999999999999787
115,302.0,108.0,32.0,86.0,74.0,100,0.0,1020,85,17.7,0.0,1.66,2023,12,1,20,4,335,48,-0.8660254037844386,0.5000000000000001,-2.4492935982947064e-16,1.0,-0.433883739117558,-0.9009688679024191,0,2,0,41.0,39.0,39.0,41.0,35.0,81.0,40.333333333333336,1.154700538346926,41.0,39.0,40.5,1.2247448713783164,42.0,39.0,40.5,2.430862174005922,44.0,34.0,52.69458333333333,15.079975486997283,77.0,34.0,17.6,17.9,18.3,86.0,89.0,90.0,2.0,2.66,3.0,1019.0,1019.0,1019.0,1504.5,141.1,29.381999999999998,0.0,0.4767386425739235,2.796270404903658,0.2962935528374737,15.045,16.87,0.01735292416379984,313.28999999999996,7225,2.7556,1040400,643.0,107.16666666666667,0.0,2.0,0.09999999999999787
112,217.9,65.3,31.0,50.0,116.0,100,0.0,1020,84,17.9,0.0,1.33,2023,12,1,21,4,335,48,-0.7071067811865477,0.7071067811865474,-2.4492935982947064e-16,1.0,-0.433883739117558,-0.9009688679024191,0,2,0,41.0,41.0,39.0,41.0,34.0,71.0,40.666666666666664,0.5773502691249224,41.0,40.0,40.333333333333336,1.2110601416255808,42.0,39.0,41.0,1.3483997248975286,44.0,39.0,51.40291666666666,14.76828666850766,77.0,34.0,17.7,17.7,18.2,85.0,88.0,90.0,1.66,2.33,3.0,1020.0,1019.0,1018.0,1503.6,111.72,23.807,0.0,0.7999840003199936,3.3368554846020735,0.47472473622149736,15.036,17.235,0.01754900240293882,320.40999999999997,7056,1.7689000000000001,1040400,520.2,86.7,-1.0,1.0,0.1999999999999993
118,225.9,17.0,30.0,61.0,137.0,100,0.0,1021,83,18.0,0.0,1.0,2023,12,1,22,4,335,48,-0.5000000000000004,0.8660254037844384,-2.4492935982947064e-16,1.0,-0.433883739117558,-0.9009688679024191,0,3,0,40.0,41.0,41.0,42.0,44.0,71.0,41.0,0.9999999999626148,42.0,40.0,40.333333333333336,1.2110601416255808,42.0,39.0,40.833333333333336,1.0298573010509586,42.0,39.0,50.19458333333333,14.273234598570475,77.0,34.0,17.9,17.6,18.0,84.0,86.0,91.0,1.33,2.0,3.0,1020.0,1019.0,1018.0,1494.0,83.0,18.0,0.0,0.6885133030606055,13.287453679195341,1.764602082230457,14.94,17.5,0.017629757463508852,324.0,6889,1.0,1042441,512.9,85.48333333333333,2.0,1.0,0.10000000000000142
115,221.2,16.7,28.3,51.3,127.3,100,0.0,1020,83,18.0,0.0,0.66,2023,12,1,23,4,335,48,-0.25881904510252157,0.9659258262890681,-2.4492935982947064e-16,1.0,-0.433883739117558,-0.9009688679024191,0,3,0,42.0,40.0,41.0,39.0,41.0,73.0,41.0,0.9999999999626148,42.0,40.0,40.666666666666664,1.0327955589728988,42.0,39.0,40.833333333333336,1.0298573010509586,42.0,39.0,48.86124999999999,13.525285277873357,77.0,34.0,18.0,17.7,17.9,83.0,85.0,89.0,1.0,1.66,2.66,1021.0,1020.0,1019.0,1494.0,54.78,11.88,0.0,0.7992046938656168,13.24471588527633,1.6945093108197113,14.94,17.67,0.017647041522508313,324.0,6889,0.43560000000000004,1040400,485.8,80.96666666666667,-1.0,0.0,0.0
118,216.5,16.3,26.7,52.5,117.7,100,0.0,1020,83,18.0,0.0,0.33,2023,12,2,0,5,336,48,0.0,1.0,-2.4492935982947064e-16,1.0,-0.9749279121818236,-0.2225209339563146,0,3,1,41.0,42.0,40.0,39.0,41.0,67.0,41.666666666666664,0.5773502691247747,42.0,41.0,41.166666666666664,0.7527726526874506,42.0,40.0,40.916666666666664,1.0836246694147988,42.0,39.0,47.81958333333333,13.02086568923636,77.0,34.0,18.0,17.9,17.7,83.0,84.0,88.0,0.66,1.33,2.33,1020.0,1020.0,1019.0,1494.0,27.39,5.94,0.0,0.7999847621950058,13.281393779522727,1.6379363229249737,14.94,17.835,0.017647041522508313,324.0,6889,0.10890000000000001,1040400,471.7,78.61666666666666,1.0,2.0,0.0
123,211.8,16.0,25.0,55.0,108.0,100,0.0,1020,83,18.0,0.0,1.6,2023,12,2,1,5,336,48,0.25881904510252074,0.9659258262890683,-2.4492935982947064e-16,1.0,-0.9749279121818236,-0.2225209339563146,0,3,1,42.0,41.0,42.0,41.0,42.0,77.0,42.333333333333336,1.5275252316273968,44.0,41.0,41.666666666666664,1.3662601021160143,44.0,40.0,41.083333333333336,1.3789543688741357,44.0,39.0,46.44458333333333,11.453507523963127,71.67,34.0,18.0,18.0,17.6,83.0,83.0,86.0,0.33,1.0,2.0,1020.0,1021.0,1019.0,1494.0,132.8,28.8,0.0,0.7999854548099126,13.236672707955753,1.562402349853134,14.94,17.2,0.017647041522508313,324.0,6889,2.5600000000000005,1040400,459.8,76.63333333333334,2.0,2.0,0.0
123,211.5,16.0,23.7,55.0,103.3,100,0.0,1020,83,18.0,0.0,1.6,2023,12,2,2,5,336,48,0.49999999999999994,0.8660254037844387,-2.4492935982947064e-16,1.0,-0.9749279121818236,-0.2225209339563146,0,3,1,44.0,42.0,41.0,41.0,41.0,69.0,43.333333333333336,1.1547005383467,44.0,42.0,42.166666666666664,1.602081978749534,44.0,40.0,41.333333333333336,1.6143297698991153,44.0,39.0,45.40291666666666,10.40148964213264,71.67,34.0,18.0,18.0,17.7,83.0,83.0,85.0,1.6,0.66,1.66,1020.0,1020.0,1020.0,1494.0,132.8,28.8,0.0,0.7999854548099126,13.217923879757514,1.481157427660771,14.94,17.2,0.017647041522508313,324.0,6889,2.5600000000000005,1040400,453.5,75.58333333333333,0.0,3.0,0.0
153,211.1,16.0,22.3,68.8,98.7,100,0.0,1020,83,18.0,0.0,2.0,2023,12,2,3,5,336,48,0.7071067811865476,0.7071067811865476,-2.4492935982947064e-16,1.0,-0.9749279121818236,-0.2225209339563146,0,3,1,44.0,44.0,42.0,40.0,41.0,71.67,47.666666666666664,6.350852961079908,55.0,44.0,44.666666666666664,5.20256347069729,55.0,41.0,42.5,4.253340932823402,55.0,39.0,44.708333333333336,9.038464503428672,69.0,34.0,18.0,18.0,17.9,83.0,83.0,84.0,1.6,0.33,1.33,1020.0,1020.0,1020.0,1494.0,166.0,36.0,0.0,0.7994069853635848,13.192925442159863,1.3936628960689956,14.94,17.0,0.017647041522508313,324.0,6889,4.0,1040400,471.9,78.64999999999999,11.0,13.0,0.0
80,210.7,16.0,21.0,38.0,94.0,100,0.0,1019,83,18.0,0.0,2.0,2023,12,2,4,5,336,48,0.8660254037844386,0.5000000000000001,-2.4492935982947064e-16,1.0,-0.9749279121818236,-0.2225209339563146,0,3,1,55.0,44.0,44.0,42.0,42.0,69.0,41.666666666666664,14.640127503995942,55.0,26.0,42.0,9.31665175907994,55.0,26.0,41.166666666666664,6.39365215496666,55.0,26.0,42.916666666666664,8.24049738192292,69.0,26.0,18.0,18.0,18.0,83.0,83.0,83.0,2.0,1.6,1.0,1020.0,1020.0,1021.0,1494.0,166.0,36.0,0.0,0.6841925212494409,13.167927004562213,1.3124179738766326,14.94,17.0,0.017664359505044646,324.0,6889,4.0,1038361,405.7,67.61666666666666,-29.0,-18.0,0.0
160,218.1,16.7,20.0,78.8,97.0,100,0.0,1020,82,17.8,0.0,2.0,2023,12,2,5,5,336,48,0.9659258262890683,0.25881904510252074,-2.4492935982947064e-16,1.0,-0.9749279121818236,-0.2225209339563146,0,3,1,26.0,55.0,44.0,41.0,39.0,69.0,48.0,19.467922333929835,63.0,26.0,45.666666666666664,12.596295751792818,63.0,26.0,43.166666666666664,8.912027963609876,63.0,26.0,42.666666666666664,7.4697457419449345,63.0,26.0,18.0,18.0,18.0,83.0,83.0,83.0,2.0,1.6,0.66,1019.0,1020.0,1020.0,1459.6000000000001,164.0,35.6,0.0,0.7994822400730955,13.059098257589365,1.197533081851386,14.596000000000002,16.8,0.01745096328336933,316.84000000000003,6724,4.0,1040400,493.59999999999997,82.26666666666667,37.0,19.0,-0.1999999999999993
165,225.5,17.3,19.0,83.8,100.0,100,0.0,1021,81,17.7,0.0,2.0,2023,12,2,6,5,336,48,1.0,6.123233995736766e-17,-2.4492935982947064e-16,1.0,-0.9749279121818236,-0.2225209339563146,0,0,1,63.0,26.0,55.0,42.0,39.0,57.0,52.0,22.605309110912934,67.0,26.0,49.833333333333336,15.03883860763967,67.0,26.0,45.5,11.115100293986401,67.0,26.0,43.083333333333336,8.510436900178119,67.0,26.0,17.8,18.0,18.0,82.0,83.0,83.0,2.0,2.0,0.33,1020.0,1020.0,1020.0,1433.7,162.0,35.4,0.0,0.7995131323015239,13.033928674643082,1.0982024160453152,14.337,16.7,0.01733592817245037,313.28999999999996,6561,4.0,1042441,512.6,85.43333333333334,4.0,12.0,-0.10000000000000142
184,232.9,18.0,18.0,101.3,103.0,100,0.0,1021,80,17.5,0.6,2.4,2023,12,2,7,5,336,48,0.9659258262890683,-0.25881904510252063,-2.4492935982947064e-16,1.0,-0.9749279121818236,-0.2225209339563146,0,0,1,67.0,63.0,26.0,44.0,41.0,49.0,70.33333333333333,9.451631252501,81.0,63.0,56.0,19.183326093250002,81.0,26.0,48.833333333333336,14.971690457374454,81.0,26.0,44.416666666666664,11.4698723190157,81.0,26.0,17.7,18.0,18.0,81.0,83.0,83.0,2.0,2.0,1.6,1021.0,1019.0,1020.0,1400.0,192.0,42.0,0.0,0.7995972399087866,12.938170101661019,0.9999444475306927,14.0,16.3,0.01714004197841138,306.25,6400,5.76,1042441,554.2,92.36666666666667,14.0,55.0,-0.1999999999999993
187,231.1,17.7,22.0,103.8,115.0,100,0.0,1022,80,17.6,0.8,0.33,2023,12,2,8,5,336,48,0.8660254037844387,-0.4999999999999998,-2.4492935982947064e-16,1.0,-0.9749279121818236,-0.2225209339563146,0,0,1,81.0,67.0,63.0,44.0,41.0,35.0,77.0,8.717797887076712,83.0,67.0,62.5,20.83986564256032,83.0,26.0,52.333333333333336,17.64464035715253,83.0,26.0,46.416666666666664,13.72055476970361,83.0,26.0,17.5,17.8,18.0,80.0,82.0,83.0,2.4,2.0,1.6,1021.0,1020.0,1020.0,1408.0,26.400000000000002,5.808000000000001,0.0,0.7996069402028883,13.055759561606688,1.2428676345969154,14.08,17.435000000000002,0.017221118178945033,309.76000000000005,6400,0.10890000000000001,1044484,572.5999999999999,95.43333333333332,2.0,20.0,0.10000000000000142
187,229.4,17.3,26.0,103.8,127.0,100,0.0,1022,79,17.6,1.1,0.66,2023,12,2,9,5,336,48,0.7071067811865476,-0.7071067811865475,-2.4492935982947064e-16,1.0,-0.9749279121818236,-0.2225209339563146,0,0,1,83.0,81.0,67.0,55.0,40.0,34.0,82.33333333333333,1.1547005383438578,83.0,81.0,67.16666666666667,21.930952251706547,83.0,26.0,55.916666666666664,19.209175522191124,83.0,26.0,48.458333333333336,15.342408310094433,83.0,26.0,17.6,17.7,18.0,80.0,81.0,83.0,0.33,2.0,2.0,1022.0,1021.0,1020.0,1390.4,52.14,11.616000000000001,0.0,0.7996069402028883,13.259349170568175,1.5028033061672734,13.904000000000002,17.270000000000003,0.017221118178945033,309.76000000000005,6241,0.43560000000000004,1044484,586.5,97.75,0.0,16.0,0.0
118,227.6,17.0,30.0,62.0,139.0,100,0.0,1022,78,17.7,1.6,1.0,2023,12,2,10,5,336,48,0.49999999999999994,-0.8660254037844387,-2.4492935982947064e-16,1.0,-0.9749279121818236,-0.2225209339563146,0,0,1,83.0,83.0,81.0,26.0,42.0,44.0,69.33333333333333,23.671361036772975,83.0,42.0,69.83333333333333,16.12968278257921,83.0,42.0,55.916666666666664,19.209175522191124,83.0,26.0,48.375,15.37307782258198,83.0,26.0,17.6,17.5,18.0,79.0,80.0,83.0,0.66,2.4,2.0,1022.0,1021.0,1019.0,1380.6,78.0,17.7,0.0,0.6774084288963081,13.387447797188399,1.764602082230457,13.806,17.2,0.0173189654413254,313.28999999999996,6084,1.0,1044484,517.6,86.26666666666667,-41.0,-39.0,0.09999999999999787
184,219.8,17.0,38.7,101.3,147.7,100,0.0,1021,77,17.9,1.9,1.33,2023,12,2,11,5,336,48,0.258819045102521,-0.9659258262890682,-2.4492935982947064e-16,1.0,-0.9749279121818236,-0.2225209339563146,0,0,1,42.0,83.0,83.0,63.0,41.0,41.0,68.66666666666667,23.115651263446026,83.0,42.0,72.83333333333333,16.277796738706137,83.0,42.0,59.25,19.845425394554578,83.0,26.0,50.041666666666664,16.653708730873905,83.0,26.0,17.7,17.6,17.8,78.0,80.0,82.0,1.0,0.33,2.0,1022.0,1022.0,1020.0,1378.3,102.41000000000001,23.807,0.0,0.7995972399087866,12.928651255808482,2.27633668607729,13.783,17.235,0.017531814366489356,320.40999999999997,5929,1.7689000000000001,1042441,605.5,100.91666666666667,39.0,-2.0,0.1999999999999993
181,212.0,17.0,47.3,98.8,156.3,100,0.0,1020,75,18.2,2.0,1.66,2023,12,2,12,5,336,48,1.2246467991473532e-16,-1.0,-2.4492935982947064e-16,1.0,-0.9749279121818236,-0.2225209339563146,0,1,1,81.0,42.0,83.0,67.0,42.0,41.0,67.33333333333333,21.962088546703704,81.0,42.0,74.83333333333333,16.154462747693966,83.0,42.0,62.333333333333336,19.795928568236217,83.0,26.0,51.625,17.539551578226003,83.0,26.0,17.9,17.6,17.7,77.0,79.0,81.0,1.33,0.66,2.0,1021.0,1022.0,1021.0,1365.0,124.5,30.211999999999996,0.0,0.7995870487140818,12.469854714428562,2.7821892829833534,13.65,17.37,0.01784311976164729,331.23999999999995,5625,2.7556,1040400,610.4000000000001,101.73333333333335,-2.0,-4.0,0.3000000000000007
181,204.3,17.0,56.0,98.8,165.0,100,0.0,1019,74,18.4,1.8,2.0,2023,12,2,13,5,336,48,-0.2588190451025208,-0.9659258262890683,-2.4492935982947064e-16,1.0,-0.9749279121818236,-0.2225209339563146,0,1,1,79.0,81.0,42.0,81.0,44.0,42.0,79.66666666666667,1.15470053834403,81.0,79.0,74.5,16.02186006679516,83.0,42.0,65.25,19.424094690496585,83.0,26.0,53.166666666666664,18.267735079302245,83.0,26.0,18.2,17.7,17.5,75.0,78.0,80.0,1.66,1.0,2.4,1020.0,1022.0,1021.0,1361.6,148.0,36.8,0.0,0.7995870487140818,12.016940179989412,3.293923886830186,13.616,17.4,0.01805690082737897,338.55999999999995,5476,4.0,1038361,620.1,103.35000000000001,0.0,37.0,0.1999999999999993
181,201.5,17.7,58.7,98.8,166.7,100,0.0,1019,74,18.5,1.4,1.66,2023,12,2,14,5,336,48,-0.4999999999999997,-0.8660254037844388,-2.4492935982947064e-16,1.0,-0.9749279121818236,-0.2225209339563146,0,1,1,79.0,79.0,81.0,83.0,44.0,41.0,79.0,0.0,79.0,79.0,73.83333333333333,15.676946981687221,83.0,42.0,68.16666666666667,18.551321116067136,83.0,26.0,54.75,18.806220062615253,83.0,26.0,18.4,17.9,17.6,74.0,77.0,80.0,2.0,1.33,0.33,1019.0,1021.0,1022.0,1369.0,122.83999999999999,30.709999999999997,0.0,0.7995870487140818,11.38353765323993,3.3161968250381335,13.69,17.67,0.018155036157962556,342.25,5476,2.7556,1038361,622.4,103.73333333333333,0.0,-2.0,0.10000000000000142
184,198.8,18.3,61.3,101.3,168.3,100,0.0,1018,74,18.5,1.0,1.33,2023,12,2,15,5,336,48,-0.7071067811865471,-0.7071067811865479,-2.4492935982947064e-16,1.0,-0.9749279121818236,-0.2225209339563146,0,1,1,79.0,79.0,79.0,83.0,55.0,41.0,79.66666666666667,1.15470053834403,81.0,79.0,73.5,15.462858726638014,81.0,42.0,70.33333333333333,18.391368199303383,83.0,26.0,56.416666666666664,19.300634516866488,83.0,26.0,18.5,18.2,17.6,74.0,75.0,79.0,1.66,1.66,0.66,1019.0,1020.0,1022.0,1369.0,98.42,24.605,0.0,0.7995972399087866,10.86279438282061,3.349543740779192,13.69,17.835,0.018172870164174692,342.25,5476,1.7689000000000001,1036324,629.0,104.83333333333333,2.0,2.0,0.0
139,196.1,19.0,64.0,73.0,170.0,100,0.0,1018,74,18.6,0.7,1.0,2023,12,2,16,5,336,48,-0.8660254037844385,-0.5000000000000004,-2.4492935982947064e-16,1.0,-0.9749279121818236,-0.2225209339563146,0,1,1,81.0,79.0,79.0,42.0,26.0,42.0,70.0,17.349351572895177,81.0,50.0,74.83333333333333,12.205190152825644,81.0,50.0,72.33333333333333,13.884807481121317,83.0,42.0,56.75,19.10895533285581,83.0,26.0,18.5,18.4,17.7,74.0,74.0,78.0,1.33,2.0,1.0,1018.0,1019.0,1022.0,1376.4,74.0,18.6,0.0,0.6849221243544609,10.320509446871217,3.368243776643334,13.764000000000001,18.1,0.018271101894791853,345.96000000000004,5476,1.0,1036324,572.1,95.35000000000001,-31.0,-29.0,0.10000000000000142
181,221.6,22.0,51.3,98.8,171.7,100,0.0,1018,75,18.5,0.6,1.0,2023,12,2,17,5,336,48,-0.9659258262890683,-0.25881904510252063,-2.4492935982947064e-16,1.0,-0.9749279121818236,-0.2225209339563146,0,1,1,50.0,81.0,79.0,81.0,63.0,39.0,70.0,17.349351572895177,81.0,50.0,74.5,12.02913130695502,81.0,50.0,73.66666666666667,13.673686297762604,83.0,42.0,58.416666666666664,19.237455916647686,83.0,26.0,18.6,18.5,17.9,74.0,74.0,77.0,1.0,1.66,1.33,1018.0,1019.0,1021.0,1387.5,75.0,18.5,0.0,0.7995870487140818,10.072269442298076,2.3317121949002315,13.875,18.0,0.018172870164174692,342.25,5625,1.0,1036324,644.4,107.39999999999999,29.0,0.0,-0.10000000000000142
187,247.1,25.0,38.7,103.8,173.3,100,0.0,1019,76,18.5,0.0,1.0,2023,12,2,18,5,336,48,-1.0,-1.8369701987210297e-16,-2.4492935982947064e-16,1.0,-0.9749279121818236,-0.2225209339563146,0,2,1,79.0,50.0,81.0,79.0,67.0,39.0,70.66666666666667,18.00925687898458,83.0,50.0,75.16666666666667,12.432484332048524,83.0,50.0,75.0,13.744420355512084,83.0,42.0,60.25,19.402487514212368,83.0,26.0,18.5,18.5,18.2,75.0,74.0,75.0,1.0,1.33,1.66,1018.0,1018.0,1020.0,1406.0,76.0,18.5,0.0,0.7996069402028883,9.883604655813766,1.547938082476701,14.06,18.0,0.018155036157962556,342.25,5776,1.0,1038361,670.9000000000001,111.81666666666668,4.0,2.0,0.0
195,272.5,28.0,26.0,111.3,175.0,100,0.0,1019,77,18.4,0.0,1.0,2023,12,2,19,5,336,48,-0.9659258262890684,0.2588190451025203,-2.4492935982947064e-16,1.0,-0.9749279121818236,-0.2225209339563146,0,2,1,83.0,79.0,50.0,79.0,81.0,41.0,83.66666666666667,5.0332229568389995,89.0,79.0,76.83333333333333,13.658940905744927,89.0,50.0,75.66666666666667,14.246743381194912,89.0,42.0,62.25,19.80173466270597,89.0,26.0,18.5,18.6,18.4,76.0,74.0,74.0,1.0,1.0,2.0,1019.0,1018.0,1019.0,1416.8,77.0,18.4,0.0,0.7996334264741557,9.731795293025248,0.9285382664904824,14.168,17.9,0.01805690082737897,338.55999999999995,5929,1.0,1038361,701.8,116.96666666666665,6.0,39.0,-0.10000000000000142
195,276.4,27.3,24.0,111.3,169.3,100,0.0,1020,78,18.4,0.0,1.0,2023,12,2,20,5,336,48,-0.8660254037844386,0.5000000000000001,-2.4492935982947064e-16,1.0,-0.9749279121818236,-0.2225209339563146,0,2,1,89.0,83.0,79.0,79.0,83.0,41.0,87.0,3.4641016151258035,89.0,83.0,78.5,14.556785359411101,89.0,50.0,76.16666666666667,14.627703065403711,89.0,42.0,64.25,19.985320699911195,89.0,26.0,18.4,18.5,18.5,77.0,75.0,74.0,1.0,1.0,1.66,1019.0,1018.0,1019.0,1435.1999999999998,78.0,18.4,0.0,0.7996334264741557,10.124171275777442,0.8790886780704003,14.351999999999999,17.9,0.018039198000786273,338.55999999999995,6084,1.0,1040400,697.3,116.21666666666665,0.0,10.0,0.0
181,280.3,26.7,22.0,98.8,163.7,100,0.0,1020,79,18.3,0.0,1.0,2023,12,2,21,5,336,48,-0.7071067811865477,0.7071067811865474,-2.4492935982947064e-16,1.0,-0.9749279121818236,-0.2225209339563146,0,2,1,89.0,89.0,83.0,81.0,83.0,40.0,85.66666666666667,5.773502691889108,89.0,79.0,78.16666666666667,14.510915431723529,89.0,50.0,75.83333333333333,14.502873278535445,89.0,42.0,65.875,19.50766293135897,89.0,26.0,18.4,18.5,18.5,78.0,76.0,74.0,1.0,1.0,1.33,1020.0,1019.0,1018.0,1445.7,79.0,18.3,0.0,0.7995870487140818,10.497734167259653,0.8239391783079285,14.457,17.8,0.017941158881216786,334.89000000000004,6241,1.0,1040400,670.5,111.75,-10.0,-4.0,-0.09999999999999787
151,284.2,26.0,20.0,81.0,158.0,100,0.0,1020,81,18.3,0.0,1.0,2023,12,2,22,5,336,48,-0.5000000000000004,0.8660254037844384,-2.4492935982947064e-16,1.0,-0.9749279121818236,-0.2225209339563146,0,3,1,79.0,89.0,89.0,50.0,42.0,42.0,74.66666666666667,16.921386861993692,89.0,56.0,79.16666666666667,12.205190152825644,89.0,56.0,77.0,11.855186820349092,89.0,50.0,66.45833333333333,18.964449960884167,89.0,26.0,18.3,18.4,18.6,79.0,77.0,74.0,1.0,1.0,1.0,1020.0,1019.0,1018.0,1482.3,81.0,18.3,0.0,0.6913494895124751,10.930348832737202,0.7692011845698242,14.823,17.8,0.017941158881216786,334.89000000000004,6561,1.0,1040400,625.2,104.2,-23.0,-33.0,0.0
181,275.3,25.3,18.7,98.8,151.0,100,0.0,1020,80,18.3,0.0,1.0,2023,12,2,23,5,336,48,-0.25881904510252157,0.9659258262890681,-2.4492935982947064e-16,1.0,-0.9749279121818236,-0.2225209339563146,0,3,1,56.0,79.0,89.0,79.0,81.0,41.0,71.33333333333333,13.279056191358384,79.0,56.0,79.16666666666667,12.205190152825644,89.0,56.0,76.83333333333333,11.807804301569647,89.0,50.0,68.04166666666667,18.321949693734826,89.0,26.0,18.3,18.4,18.5,81.0,78.0,75.0,1.0,1.0,1.0,1020.0,1020.0,1018.0,1464.0,80.0,18.3,0.0,0.7995870487140818,10.880992846132564,0.7391012212956009,14.64,17.8,0.017941158881216786,334.89000000000004,6400,1.0,1040400,648.1,108.01666666666667,23.0,-10.0,0.0
184,266.3,24.7,17.3,101.3,144.0,100,0.0,1020,80,18.2,0.0,1.0,2023,12,3,0,6,337,48,0.0,1.0,-2.4492935982947064e-16,1.0,-0.7818314824680299,0.6234898018587334,0,3,1,79.0,56.0,79.0,83.0,79.0,42.0,72.0,13.892443989446923,81.0,56.0,78.83333333333333,12.106472098288256,89.0,56.0,77.0,11.855186820349092,89.0,50.0,69.66666666666667,17.628205330902123,89.0,26.0,18.3,18.3,18.5,80.0,79.0,76.0,1.0,1.0,1.0,1020.0,1020.0,1019.0,1456.0,80.0,18.2,0.0,0.7995972399087866,10.780940042913242,0.7003765029755881,14.56,17.7,0.01784311976164729,331.23999999999995,6400,1.0,1040400,634.6,105.76666666666667,2.0,2.0,-0.10000000000000142
187,257.4,24.0,16.0,103.8,137.0,100,0.5,1020,80,18.2,0.0,1.0,2023,12,3,1,6,337,48,0.25881904510252074,0.9659258262890683,-2.4492935982947064e-16,1.0,-0.7818314824680299,0.6234898018587334,0,3,1,81.0,79.0,56.0,89.0,79.0,44.0,81.0,1.9999999999796003,83.0,79.0,77.83333333333333,11.321071798492936,89.0,56.0,77.33333333333333,11.972189997375486,89.0,50.0,71.29166666666667,16.943587132823357,89.0,26.0,18.2,18.3,18.4,80.0,81.0,77.0,1.0,1.0,1.0,1020.0,1020.0,1019.0,1456.0,80.0,18.2,50.0,0.7996069402028883,10.724553143619014,0.666638890046248,14.56,17.7,0.01784311976164729,331.23999999999995,6400,1.0,1040400,621.2,103.53333333333335,2.0,27.0,0.0
187,254.6,23.7,14.7,103.8,131.3,100,0.0,1019,80,18.2,0.0,0.66,2023,12,3,2,6,337,48,0.49999999999999994,0.8660254037844387,-2.4492935982947064e-16,1.0,-0.7818314824680299,0.6234898018587334,0,3,1,83.0,81.0,79.0,89.0,79.0,44.0,82.33333333333333,1.154700538343821,83.0,81.0,76.83333333333333,10.361788777360408,83.0,56.0,77.66666666666667,12.078029138841826,89.0,50.0,72.91666666666667,16.059445728339785,89.0,26.0,18.2,18.3,18.4,80.0,80.0,78.0,1.0,1.0,1.0,1020.0,1020.0,1020.0,1456.0,52.800000000000004,12.012,0.0,0.7996069402028883,10.742162777941859,0.6202269946415763,14.56,17.87,0.01786063016621181,331.23999999999995,6400,0.43560000000000004,1038361,611.1,101.85000000000001,0.0,4.0,0.0
187,251.9,23.3,13.3,103.8,125.7,100,0.0,1019,81,18.2,0.0,0.33,2023,12,3,3,6,337,48,0.7071067811865476,0.7071067811865476,-2.4492935982947064e-16,1.0,-0.7818314824680299,0.6234898018587334,0,3,1,83.0,83.0,81.0,79.0,81.0,55.0,83.0,0.0,83.0,83.0,77.5,10.653637876329634,83.0,56.0,77.83333333333333,12.141838510874981,89.0,50.0,74.08333333333333,15.714619796939441,89.0,26.0,18.2,18.2,18.3,80.0,80.0,79.0,0.66,1.0,1.0,1019.0,1020.0,1020.0,1474.2,26.73,6.006,0.0,0.7996069402028883,10.810694819964807,0.5707909531779751,14.742,18.035,0.01786063016621181,331.23999999999995,6561,0.10890000000000001,1038361,601.0,100.16666666666667,0.0,2.0,0.0
118,249.2,23.0,12.0,62.0,120.0,100,0.0,1019,82,18.2,0.0,1.6,2023,12,3,4,6,337,48,0.8660254037844386,0.5000000000000001,-2.4492935982947064e-16,1.0,-0.7818314824680299,0.6234898018587334,0,3,1,83.0,83.0,83.0,56.0,50.0,26.0,69.33333333333333,23.67136103677297,83.0,42.0,75.16666666666667,16.326869469271568,83.0,42.0,77.16666666666667,13.901166290723543,89.0,42.0,74.75,13.810046752433182,89.0,42.0,18.2,18.2,18.3,81.0,80.0,81.0,0.33,1.0,1.0,1019.0,1020.0,1020.0,1492.3999999999999,131.20000000000002,29.12,0.0,0.6774084288963081,10.834311551671666,0.5217164471109952,14.924,17.4,0.01786063016621181,331.23999999999995,6724,2.5600000000000005,1038361,508.2,84.7,-41.0,-41.0,0.0
187,252.3,22.3,12.3,103.8,118.0,100,0.0,1019,82,18.3,0.0,1.2,2023,12,3,5,6,337,48,0.9659258262890683,0.25881904510252074,-2.4492935982947064e-16,1.0,-0.7818314824680299,0.6234898018587334,0,3,1,42.0,83.0,83.0,79.0,79.0,63.0,69.33333333333333,23.67136103677297,83.0,42.0,75.83333333333333,16.594175685059863,83.0,42.0,77.5,13.9967528701844,89.0,42.0,75.58333333333333,13.672939528951398,89.0,42.0,18.2,18.2,18.3,82.0,80.0,80.0,1.6,0.66,1.0,1019.0,1019.0,1020.0,1500.6000000000001,98.39999999999999,21.96,0.0,0.7996069402028883,11.31339401820546,0.5515447737769607,15.006000000000002,17.7,0.01795876549679539,334.89000000000004,6724,1.44,1038361,591.7,98.61666666666667,41.0,0.0,0.10000000000000142
192,255.4,21.7,12.7,108.8,116.0,100,0.0,1019,82,18.3,0.0,1.6,2023,12,3,6,6,337,48,1.0,6.123233995736766e-17,-2.4492935982947064e-16,1.0,-0.7818314824680299,0.6234898018587334,0,0,1,83.0,42.0,83.0,81.0,83.0,67.0,70.66666666666667,24.90649179096192,87.0,42.0,76.83333333333333,17.13962271074343,87.0,42.0,77.83333333333333,14.185993946225574,89.0,42.0,76.41666666666667,13.736389838569107,89.0,42.0,18.3,18.2,18.2,82.0,81.0,80.0,1.2,0.33,1.0,1019.0,1019.0,1020.0,1500.6000000000001,131.20000000000002,29.28,0.0,0.7996250034466594,11.76904290124879,0.5852264872586517,15.006000000000002,17.5,0.01795876549679539,334.89000000000004,6724,2.5600000000000005,1038361,601.6,100.26666666666667,4.0,4.0,0.0
237,258.5,21.0,13.0,151.3,114.0,100,0.0,1020,83,18.4,0.6,1.6,2023,12,3,7,6,337,48,0.9659258262890683,-0.25881904510252063,-2.4492935982947064e-16,1.0,-0.7818314824680299,0.6234898018587334,0,0,1,87.0,83.0,42.0,83.0,89.0,81.0,97.0,20.8806130178191,121.0,83.0,83.16666666666667,25.063253313698766,121.0,42.0,80.5,18.74954544903367,121.0,42.0,78.08333333333333,16.471098975154,121.0,42.0,18.3,18.2,18.2,82.0,82.0,80.0,1.6,1.6,1.0,1019.0,1019.0,1020.0,1527.1999999999998,132.8,29.439999999999998,0.0,0.799730338860946,12.308937669634778,0.6190181419932383,15.271999999999998,17.599999999999998,0.018039198000786273,338.55999999999995,6889,2.5600000000000005,1040400,678.8,113.13333333333333,34.0,79.0,0.09999999999999787
237,249.4,20.0,18.0,151.3,123.0,100,0.0,1020,85,18.3,0.8,0.33,2023,12,3,8,6,337,48,0.8660254037844387,-0.4999999999999998,-2.4492935982947064e-16,1.0,-0.7818314824680299,0.6234898018587334,0,0,1,121.0,87.0,83.0,83.0,89.0,83.0,109.66666666666667,19.629909152445112,121.0,87.0,89.5,29.432974705251347,121.0,42.0,83.16666666666667,22.052966542695753,121.0,42.0,79.66666666666667,18.646987556374373,121.0,42.0,18.4,18.3,18.2,83.0,82.0,80.0,1.6,1.2,0.66,1020.0,1019.0,1019.0,1555.5,28.05,6.039000000000001,0.0,0.799730338860946,12.469376531173442,0.8999550022498874,15.555,18.135,0.017941158881216786,334.89000000000004,7225,0.10890000000000001,1040400,682.7,113.78333333333335,0.0,38.0,-0.09999999999999787
219,240.2,19.0,23.0,133.8,132.0,100,0.0,1021,87,18.3,1.1,0.66,2023,12,3,9,6,337,48,0.7071067811865476,-0.7071067811865475,-2.4492935982947064e-16,1.0,-0.7818314824680299,0.6234898018587334,0,0,1,121.0,121.0,87.0,83.0,79.0,83.0,116.33333333333333,8.08290376864946,121.0,107.0,93.5,29.998333287033894,121.0,42.0,85.5,23.031598847115905,121.0,42.0,80.66666666666667,19.45935935910305,121.0,42.0,18.3,18.3,18.2,85.0,82.0,81.0,0.33,1.6,0.33,1020.0,1019.0,1019.0,1592.1000000000001,57.42,12.078000000000001,0.0,0.7996950695435758,12.641439924214513,1.2104626072311984,15.921000000000001,17.970000000000002,0.017923586754567334,334.89000000000004,7569,0.43560000000000004,1042441,655.0,109.16666666666667,-14.0,20.0,0.0
213,231.1,18.0,28.0,128.8,141.0,100,0.0,1021,89,18.2,1.6,1.0,2023,12,3,10,6,337,48,0.49999999999999994,-0.8660254037844387,-2.4492935982947064e-16,1.0,-0.7818314824680299,0.6234898018587334,0,0,1,107.0,121.0,121.0,42.0,56.0,42.0,110.33333333333333,9.451631252500718,121.0,103.0,103.66666666666667,16.231656313101038,121.0,83.0,89.41666666666667,21.504580202759026,121.0,42.0,83.20833333333333,18.1275173164451,121.0,42.0,18.3,18.4,18.2,87.0,83.0,82.0,0.66,1.6,1.6,1021.0,1020.0,1019.0,1619.8,89.0,18.2,0.0,0.7996832322730413,12.838175656907948,1.5554691406032997,16.198,17.7,0.017825643657547838,331.23999999999995,7921,1.0,1042441,649.9000000000001,108.31666666666668,-4.0,-18.0,-0.10000000000000142
201,221.8,17.7,33.3,117.1,147.7,100,0.0,1020,87,18.4,1.9,1.33,2023,12,3,11,6,337,48,0.258819045102521,-0.9659258262890682,-2.4492935982947064e-16,1.0,-0.7818314824680299,0.6234898018587334,0,0,1,103.0,107.0,121.0,83.0,79.0,81.0,101.22333333333334,6.840294827947792,107.0,93.67,105.445,13.936862989925896,121.0,87.0,90.63916666666667,21.27432616530556,121.0,42.0,83.73625,18.244521944362013,121.0,42.0,18.2,18.3,18.3,89.0,85.0,82.0,1.0,0.33,1.2,1021.0,1020.0,1019.0,1600.8,115.71000000000001,24.471999999999998,0.0,0.7999077719233824,12.53036551607254,1.8812496469126037,16.008,17.735,0.018039198000786273,338.55999999999995,7569,1.7689000000000001,1040400,631.27,105.21166666666666,-9.329999999999998,-27.33,0.1999999999999993
176,212.4,17.3,38.7,93.8,154.3,100,0.0,1019,86,18.7,2.0,1.66,2023,12,3,12,6,337,48,1.2246467991473532e-16,-1.0,-2.4492935982947064e-16,1.0,-0.7818314824680299,0.6234898018587334,0,1,1,93.67,103.0,107.0,87.0,81.0,79.0,90.55666666666667,14.257265983815085,103.0,75.0,103.445,17.514912217877832,121.0,75.0,90.13916666666667,21.58963659567384,121.0,42.0,83.56958333333334,18.30782999017965,121.0,42.0,18.4,18.3,18.3,87.0,87.0,82.0,1.33,0.66,1.6,1020.0,1021.0,1019.0,1608.2,142.76,31.041999999999998,0.0,0.7995650366200786,12.276747008843419,2.236864921102826,16.082,17.87,0.018351306819129717,349.69,7396,2.7556,1038361,591.5,98.58333333333333,-18.67,-32.0,0.3000000000000007
176,203.1,17.0,44.0,93.8,161.0,100,0.0,1018,84,18.9,1.8,2.0,2023,12,3,13,6,337,48,-0.2588190451025208,-0.9659258262890683,-2.4492935982947064e-16,1.0,-0.7818314824680299,0.6234898018587334,0,1,1,75.0,93.67,103.0,121.0,83.0,79.0,81.22333333333334,10.779129525766539,93.67,75.0,95.77833333333332,18.341941463940856,121.0,75.0,89.47250000000001,21.95062605236659,121.0,42.0,83.40291666666667,18.36934201069388,121.0,42.0,18.7,18.2,18.4,86.0,89.0,83.0,1.66,1.0,1.6,1019.0,1021.0,1020.0,1587.6,168.0,37.8,0.0,0.7995650366200786,11.946356096700192,2.5880830539380035,15.876,17.9,0.018565797086643333,357.2099999999999,7056,4.0,1036324,593.9000000000001,98.98333333333335,0.0,-28.0,0.1999999999999993
165,198.8,17.3,49.0,83.8,159.7,100,0.0,1018,84,18.9,1.4,2.0,2023,12,3,14,6,337,48,-0.4999999999999997,-0.8660254037844388,-2.4492935982947064e-16,1.0,-0.7818314824680299,0.6234898018587334,0,1,1,75.0,75.0,93.67,121.0,83.0,79.0,72.33333333333333,4.618802153508306,75.0,67.0,86.77833333333332,16.662497311826726,107.0,67.0,88.13916666666667,22.847153177874457,121.0,42.0,82.90291666666667,18.655483744248762,121.0,42.0,18.9,18.4,18.3,84.0,87.0,85.0,2.0,1.33,0.33,1018.0,1020.0,1020.0,1587.6,168.0,37.8,0.0,0.7995131323015239,11.490665279463615,2.8322062308537075,15.876,17.9,0.018565797086643333,357.2099999999999,7056,4.0,1036324,575.6,95.93333333333334,-8.0,-26.67,0.0
131,194.5,17.7,54.0,58.8,158.3,100,0.0,1018,84,18.8,1.0,2.0,2023,12,3,15,6,337,48,-0.7071067811865471,-0.7071067811865479,-2.4492935982947064e-16,1.0,-0.7818314824680299,0.6234898018587334,0,1,1,67.0,75.0,75.0,107.0,83.0,81.0,63.0,14.422205101853207,75.0,47.0,76.77833333333332,19.807039573511055,103.0,47.0,85.13916666666667,25.76102851501547,121.0,42.0,81.48625,20.04544224733766,121.0,42.0,18.9,18.7,18.3,84.0,86.0,87.0,2.0,1.66,0.66,1018.0,1019.0,1021.0,1579.2,168.0,37.6,0.0,0.7993061342494175,10.988079769504548,3.05067510310152,15.792,17.8,0.018467565356026176,353.44000000000005,7056,4.0,1036324,530.3,88.38333333333333,-20.0,-28.0,-0.09999999999999787
123,190.3,18.0,59.0,55.0,157.0,100,0.0,1017,84,18.8,0.7,2.0,2023,12,3,16,6,337,48,-0.8660254037844385,-0.5000000000000004,-2.4492935982947064e-16,1.0,-0.7818314824680299,0.6234898018587334,0,1,1,47.0,67.0,75.0,103.0,42.0,50.0,52.666666666666664,12.503332889004241,67.0,44.0,66.945,18.8056946162583,93.67,44.0,85.30583333333333,25.461283427741893,121.0,44.0,81.23625,20.487736907403942,121.0,42.0,18.8,18.9,18.2,84.0,84.0,89.0,2.0,2.0,1.0,1018.0,1018.0,1021.0,1579.2,168.0,37.6,0.0,0.7999854548099126,10.571634909171713,3.2775956891283817,15.792,17.8,0.018485724202827725,353.44000000000005,7056,4.0,1034289,523.3,87.21666666666665,-3.0,-31.0,0.0
122,227.5,63.3,47.7,66.7,131.0,100,0.0,1018,83,18.7,0.7,2.0,2023,12,3,17,6,337,48,-0.9659258262890683,-0.25881904510252063,-2.4492935982947064e-16,1.0,-0.7818314824680299,0.6234898018587334,0,1,1,44.0,47.0,67.0,93.67,83.0,79.0,44.89000000000001,1.8347479390703045,47.0,43.67,58.61166666666667,15.35645846758403,75.0,43.67,82.02833333333334,28.172146409765407,121.0,43.67,79.76416666666667,21.87752766348865,121.0,42.0,18.8,18.9,18.4,84.0,84.0,87.0,2.0,2.0,1.33,1017.0,1018.0,1020.0,1552.1,166.0,37.4,0.0,0.6547128228962084,3.5939400641380077,0.7535425980632219,15.520999999999999,17.7,0.01836933362540901,349.69,6889,4.0,1036324,579.87,96.645,-0.3299999999999983,-23.33,-0.10000000000000142
118,202.0,170.0,36.3,90.0,74.0,100,0.0,1018,83,18.7,0.0,2.0,2023,12,3,18,6,337,48,-1.0,-1.8369701987210297e-16,-2.4492935982947064e-16,1.0,-0.7818314824680299,0.6234898018587334,0,2,1,43.67,44.0,47.0,75.0,87.0,83.0,43.223333333333336,1.0722095565962062,44.0,42.0,53.11166666666666,14.177264075506011,75.0,42.0,78.27833333333334,30.36021344796483,121.0,42.0,78.05583333333333,23.176096178131786,121.0,42.0,18.7,18.8,18.7,83.0,84.0,86.0,2.0,2.0,1.66,1018.0,1018.0,1019.0,1552.1,166.0,37.4,0.0,0.466661481539094,1.188228304539385,0.21352815571673106,15.520999999999999,17.7,0.01836933362540901,349.69,6889,4.0,1036324,614.3,102.38333333333333,-1.6700000000000017,-5.0,0.0
121,302.0,154.0,25.0,90.0,79.0,100,0.0,1018,83,18.6,0.0,2.0,2023,12,3,19,6,337,48,-0.9659258262890684,0.2588190451025203,-2.4492935982947064e-16,1.0,-0.7818314824680299,0.6234898018587334,0,2,1,42.0,43.67,44.0,75.0,121.0,89.0,42.89000000000001,0.8404165633320965,43.67,42.0,47.778333333333336,9.565083202284933,67.0,42.0,71.77833333333334,28.685739514871752,121.0,42.0,76.13916666666667,24.114755525570107,121.0,42.0,18.7,18.8,18.9,83.0,84.0,84.0,2.0,2.0,2.0,1018.0,1017.0,1018.0,1543.8000000000002,166.0,37.2,0.0,0.4777724691947867,1.9610262271024212,0.16233660820384282,15.438000000000002,17.6,0.018271101894791853,345.96000000000004,6889,4.0,1036324,693.0,115.5,1.0,-1.0,-0.09999999999999787
121,302.0,100.0,20.3,90.0,74.0,100,0.0,1019,83,18.6,0.0,1.66,2023,12,3,20,6,337,48,-0.8660254037844386,0.5000000000000001,-2.4492935982947064e-16,1.0,-0.7818314824680299,0.6234898018587334,0,2,1,43.0,42.0,43.67,67.0,121.0,89.0,42.666666666666664,0.5773502691229019,43.0,42.0,43.778333333333336,1.7212834358796028,47.0,42.0,65.27833333333334,25.13600851850481,107.0,42.0,74.2225,24.864528296176193,121.0,42.0,18.6,18.7,18.9,83.0,83.0,84.0,2.0,2.0,2.0,1018.0,1018.0,1018.0,1543.8000000000002,137.78,30.876,0.0,0.4777724691947867,3.019969800301997,0.2029979700202998,15.438000000000002,17.770000000000003,0.018253171488546136,345.96000000000004,6889,2.7556,1038361,629.3,104.88333333333333,0.0,-0.6700000000000017,0.0
118,302.0,100.0,15.7,88.0,68.0,100,0.0,1019,83,18.5,0.0,1.33,2023,12,3,21,6,337,48,-0.7071067811865477,0.7071067811865474,-2.4492935982947064e-16,1.0,-0.7818314824680299,0.6234898018587334,0,2,1,43.0,43.0,42.0,47.0,107.0,79.0,42.666666666666664,0.5773502691229019,43.0,42.0,42.945,0.8283417169060404,44.0,42.0,59.86166666666667,22.154638682484453,103.0,42.0,72.68083333333333,25.688817549694477,121.0,42.0,18.6,18.7,18.8,83.0,83.0,84.0,1.66,2.0,2.0,1019.0,1018.0,1018.0,1535.5,110.39,24.605,0.0,0.4772673037806388,3.019969800301997,0.15699843001569982,15.355,17.835,0.018155036157962556,342.25,6889,1.7689000000000001,1038361,615.7,102.61666666666667,-1.0,0.0,-0.10000000000000142
118,302.0,100.0,11.0,88.0,68.0,100,0.0,1019,83,18.5,0.0,1.0,2023,12,3,22,6,337,48,-0.5000000000000004,0.8660254037844384,-2.4492935982947064e-16,1.0,-0.7818314824680299,0.6234898018587334,0,3,1,42.0,43.0,43.0,44.0,103.0,56.0,42.333333333333336,0.5773502691229352,43.0,42.0,42.61166666666667,0.7133138626393886,43.67,42.0,54.778333333333336,17.957394442163256,93.67,42.0,72.0975,26.237170488020098,121.0,42.0,18.5,18.6,18.8,83.0,83.0,84.0,1.33,2.0,2.0,1019.0,1018.0,1017.0,1535.5,83.0,18.5,0.0,0.4772673037806388,3.019969800301997,0.10999890001099988,15.355,18.0,0.018155036157962556,342.25,6889,1.0,1038361,611.0,101.83333333333333,0.0,-1.0,0.0
119,268.7,100.0,9.3,88.7,99.7,100,0.0,1018,82,18.5,0.0,1.0,2023,12,3,23,6,337,48,-0.25881904510252157,0.9659258262890681,-2.4492935982947064e-16,1.0,-0.7818314824680299,0.6234898018587334,0,3,1,42.0,42.0,43.0,43.67,93.67,79.0,42.11,0.19052558863055047,42.33,42.0,42.38833333333333,0.49073074759335156,43.0,42.0,50.5,13.382138027301098,75.0,42.0,70.56958333333334,26.877645872452604,121.0,42.0,18.5,18.6,18.7,83.0,83.0,83.0,1.0,1.66,2.0,1019.0,1019.0,1018.0,1517.0,82.0,18.5,0.0,0.4772212263672337,2.686973130268697,0.09299907000929991,15.17,18.0,0.018172870164174692,342.25,6724,1.0,1036324,608.73,101.455,0.3299999999999983,-0.6700000000000017,0.0
118,302.0,100.0,7.7,88.0,68.0,100,0.0,1018,81,18.4,0.0,1.0,2023,12,4,0,0,338,49,0.0,1.0,-2.4492935982947064e-16,1.0,0.0,1.0,0,3,0,42.33,42.0,42.0,42.0,75.0,81.0,42.11,0.19052558863055047,42.33,42.0,42.38833333333333,0.4907307475933515,43.0,42.0,47.75,11.082942667980273,75.0,42.0,68.94458333333334,27.393614771578857,121.0,42.0,18.5,18.5,18.7,82.0,83.0,83.0,1.0,1.33,2.0,1018.0,1019.0,1018.0,1490.3999999999999,81.0,18.4,0.0,0.4772673037806388,3.019969800301997,0.07699923000769993,14.903999999999998,17.9,0.01807463843355753,338.55999999999995,6561,1.0,1036324,607.7,101.28333333333335,-0.3299999999999983,0.0,-0.10000000000000142
121,202.0,100.0,6.0,90.0,163.0,100,0.0,1018,81,18.4,0.0,1.0,2023,12,4,1,0,338,49,0.25881904510252074,0.9659258262890683,-2.4492935982947064e-16,1.0,0.0,1.0,0,3,0,42.0,42.33,42.0,43.0,75.0,83.0,42.443333333333335,0.50954227818339,43.0,42.0,42.38833333333333,0.4907307475933515,43.0,42.0,45.083333333333336,7.044110800492573,67.0,42.0,67.27791666666667,27.716211702237153,121.0,42.0,18.4,18.5,18.6,81.0,83.0,83.0,1.0,1.0,2.0,1018.0,1019.0,1018.0,1490.3999999999999,81.0,18.4,0.0,0.4777724691947867,2.0199798002019977,0.05999940000599994,14.903999999999998,17.9,0.01807463843355753,338.55999999999995,6561,1.0,1036324,604.0,100.66666666666667,1.0,1.0,0.0
126,202.0,100.0,5.7,94.0,163.0,100,0.0,1017,81,18.4,0.0,0.66,2023,12,4,2,0,338,49,0.49999999999999994,0.8660254037844387,-2.4492935982947064e-16,1.0,0.0,1.0,0,3,0,43.0,42.0,42.33,43.0,67.0,83.0,43.333333333333336,1.527525231626712,45.0,42.0,42.721666666666664,1.1818699871955125,45.0,42.0,43.25,1.512006493465733,47.0,42.0,65.69458333333334,27.864023864220254,121.0,42.0,18.4,18.5,18.6,81.0,82.0,83.0,1.0,1.0,1.66,1018.0,1018.0,1019.0,1490.3999999999999,53.46,12.144,0.0,0.47871831150732436,2.0199798002019977,0.056999430005699944,14.903999999999998,18.07,0.018092410921916498,338.55999999999995,6561,0.43560000000000004,1034289,609.7,101.61666666666667,2.0,2.6700000000000017,0.0
129,243.6,50.7,5.3,57.5,131.7,100,0.0,1017,82,18.5,0.0,0.33,2023,12,4,3,0,338,49,0.7071067811865476,0.7071067811865476,-2.4492935982947064e-16,1.0,0.0,1.0,0,3,0,45.0,43.0,42.0,42.0,47.0,83.0,44.666666666666664,1.5275252316266748,46.0,43.0,43.38833333333333,1.7055253345035668,46.0,42.0,43.166666666666664,1.2991069193094462,46.0,42.0,64.15291666666667,27.888477826354247,121.0,42.0,18.4,18.4,18.5,81.0,81.0,83.0,0.66,1.0,1.33,1017.0,1018.0,1019.0,1517.0,27.060000000000002,6.105,0.0,0.7999860871984835,4.804638961756178,0.10453442732884953,15.17,18.335,0.018190739242144306,342.25,6724,0.10890000000000001,1034289,534.8,89.13333333333333,1.0,4.0,0.10000000000000142
129,264.4,26.0,5.0,57.5,116.0,100,0.0,1016,83,18.5,0.0,1.2,2023,12,4,4,0,338,49,0.8660254037844386,0.5000000000000001,-2.4492935982947064e-16,1.0,0.0,1.0,0,3,0,46.0,45.0,43.0,42.0,44.0,42.0,45.666666666666664,0.5773502691226918,46.0,45.0,44.055,1.8314338644807306,46.0,42.0,43.333333333333336,1.5244810343724633,46.0,42.0,64.31958333333334,27.761997403264747,121.0,42.0,18.5,18.4,18.5,82.0,81.0,83.0,0.33,1.0,1.0,1017.0,1018.0,1019.0,1535.5,99.6,22.2,0.0,0.7999860871984835,10.168839660013075,0.19230029614245606,15.355,17.9,0.01820864349542963,342.25,6889,1.44,1032256,514.9,85.81666666666666,0.0,3.0,0.0
145,260.3,24.7,6.3,65.0,116.7,100,0.0,1017,83,18.5,0.0,0.33,2023,12,4,5,0,338,49,0.9659258262890683,0.25881904510252074,-2.4492935982947064e-16,1.0,0.0,1.0,0,3,0,46.0,46.0,45.0,42.33,43.67,83.0,48.0,3.4641016151265704,52.0,46.0,45.666666666666664,3.502380143078913,52.0,42.0,44.0275,2.935361600755812,52.0,42.0,63.02791666666667,27.575609887878148,121.0,42.0,18.5,18.4,18.5,83.0,81.0,82.0,1.2,0.66,1.0,1016.0,1017.0,1018.0,1535.5,27.39,6.105,0.0,0.7999876924970385,10.538034897372576,0.2550504028176997,15.355,18.335,0.018190739242144306,342.25,6889,0.10890000000000001,1034289,525.0,87.5,6.0,7.0,0.0
141,256.2,23.3,7.7,63.3,117.3,100,0.0,1018,84,18.5,0.0,0.66,2023,12,4,6,0,338,49,1.0,6.123233995736766e-17,-2.4492935982947064e-16,1.0,0.0,1.0,0,0,0,52.0,46.0,46.0,42.0,42.0,87.0,49.55666666666667,3.1511320716935556,52.0,46.0,47.11166666666667,3.475459202268594,52.0,43.0,44.75,3.418237185226405,52.0,42.0,61.51416666666666,27.197019324642255,121.0,42.0,18.5,18.5,18.4,83.0,82.0,81.0,0.33,0.33,1.0,1017.0,1017.0,1018.0,1554.0,55.440000000000005,12.21,0.0,0.8004612881313092,10.995236255954678,0.330457920260933,15.54,18.17,0.018172870164174692,342.25,7056,0.43560000000000004,1036324,518.47,86.41166666666668,-1.3299999999999983,4.670000000000002,0.0
148,252.1,22.0,9.0,66.3,118.0,100,0.0,1018,84,18.5,0.6,1.0,2023,12,4,7,0,338,49,0.9659258262890683,-0.25881904510252063,-2.4492935982947064e-16,1.0,0.0,1.0,0,0,0,50.67,52.0,46.0,43.0,43.0,121.0,51.89000000000001,1.1688883607608602,53.0,50.67,48.778333333333336,3.506966875611094,53.0,45.0,45.583333333333336,4.103152520438373,53.0,42.0,58.68083333333333,24.095688576404076,121.0,42.0,18.5,18.5,18.4,84.0,83.0,81.0,0.66,1.2,1.0,1018.0,1016.0,1018.0,1554.0,84.0,18.5,0.0,0.7993846246662946,11.458570064997044,0.40907231489477747,15.54,18.0,0.018172870164174692,342.25,7056,1.0,1036324,520.4000000000001,86.73333333333335,2.3299999999999983,7.0,0.0
152,246.5,20.3,14.7,71.3,127.7,100,0.0,1018,85,18.6,0.8,0.66,2023,12,4,8,0,338,49,0.8660254037844387,-0.4999999999999998,-2.4492935982947064e-16,1.0,0.0,1.0,0,0,0,53.0,50.67,52.0,45.0,43.0,121.0,53.55666666666667,3.2015048544794396,57.0,50.67,50.778333333333336,4.26178561950662,57.0,46.0,46.75,5.156882426772561,57.0,42.0,56.01416666666666,20.11092152271466,107.0,42.0,18.5,18.5,18.4,84.0,83.0,81.0,1.0,0.33,0.66,1018.0,1017.0,1017.0,1581.0000000000002,56.1,12.276000000000002,0.0,0.7994277780115285,12.142259002019603,0.7241022609723657,15.810000000000002,18.270000000000003,0.018271101894791853,345.96000000000004,7225,0.43560000000000004,1036324,537.5,89.58333333333333,4.0,5.0,0.10000000000000142
152,240.8,18.7,20.3,71.3,137.3,100,0.0,1019,86,18.6,1.1,0.33,2023,12,4,9,0,338,49,0.7071067811865476,-0.7071067811865475,-2.4492935982947064e-16,1.0,0.0,1.0,0,0,0,57.0,53.0,50.67,46.0,42.0,107.0,55.666666666666664,2.3094010767415973,57.0,53.0,52.61166666666667,4.159905848289528,57.0,46.0,48.0,5.691123870467971,57.0,42.0,53.93083333333333,16.939253080569088,103.0,42.0,18.6,18.5,18.5,85.0,84.0,82.0,0.66,0.66,0.33,1018.0,1018.0,1017.0,1599.6000000000001,28.380000000000003,6.138000000000001,0.0,0.7994277780115285,12.876316774504037,1.0855034490134217,15.996000000000002,18.435000000000002,0.018253171488546136,345.96000000000004,7396,0.10890000000000001,1038361,545.4000000000001,90.90000000000002,0.0,6.329999999999998,0.0
139,235.2,17.0,26.0,62.5,147.0,100,0.0,1019,87,18.7,1.6,2.0,2023,12,4,10,0,338,49,0.49999999999999994,-0.8660254037844387,-2.4492935982947064e-16,1.0,0.0,1.0,0,0,0,57.0,57.0,53.0,46.0,42.0,103.0,54.666666666666664,4.0414518843177305,57.0,50.0,53.278333333333336,3.064770246957089,57.0,50.0,48.666666666666664,5.384696046674409,57.0,42.0,51.7225,13.335482987945026,93.67,42.0,18.6,18.5,18.5,86.0,84.0,83.0,0.33,1.0,1.2,1019.0,1018.0,1016.0,1626.8999999999999,174.0,37.4,0.0,0.7999872002047967,13.834480324686782,1.5293218045997292,16.269,17.7,0.018351306819129717,349.69,7569,4.0,1038361,537.7,89.61666666666667,-7.0,-3.0,0.09999999999999787
137,223.5,16.3,34.7,61.3,154.0,100,0.0,1018,84,19.2,1.9,0.66,2023,12,4,11,0,338,49,0.258819045102521,-0.9659258262890682,-2.4492935982947064e-16,1.0,0.0,1.0,0,0,0,50.0,57.0,57.0,52.0,42.33,93.67,52.0,4.358898943531752,57.0,49.0,52.778333333333336,3.5251690266756586,57.0,49.0,49.2225,5.0017708227742625,57.0,42.0,49.86124999999999,9.901437450541602,75.0,42.0,18.7,18.6,18.5,87.0,85.0,83.0,2.0,0.66,0.33,1019.0,1018.0,1017.0,1612.8,55.440000000000005,12.672,0.0,0.7993344317384709,13.710815287405678,2.1287037605054904,16.128,18.87,0.018860492278494814,368.64,7056,0.43560000000000004,1036324,538.8,89.8,-1.0,-8.0,0.5
134,211.8,15.7,43.3,60.0,161.0,100,0.0,1017,81,19.7,2.0,1.33,2023,12,4,12,0,338,49,1.2246467991473532e-16,-1.0,-2.4492935982947064e-16,1.0,0.0,1.0,0,1,0,49.0,50.0,57.0,50.67,42.0,75.0,49.0,0.9999999999612399,50.0,48.0,52.333333333333336,3.9832984656730672,57.0,48.0,49.7225,4.487607430966425,57.0,43.0,48.73624999999999,8.330189106107316,75.0,42.0,19.2,18.6,18.5,84.0,86.0,84.0,0.66,0.33,0.66,1018.0,1019.0,1018.0,1595.7,107.73,26.201,0.0,0.7999866668888852,13.489586650531814,2.757786128272085,15.957,19.035,0.01937067908487799,388.09,6561,1.7689000000000001,1034289,539.8,89.96666666666665,-1.0,-9.0,0.5
131,200.2,15.0,52.0,58.8,168.0,100,0.0,1016,78,20.2,1.8,2.0,2023,12,4,13,0,338,49,-0.2588190451025208,-0.9659258262890683,-2.4492935982947064e-16,1.0,0.0,1.0,0,1,0,48.0,49.0,50.0,53.0,43.0,75.0,48.0,0.9999999999612825,49.0,47.0,51.333333333333336,4.5018514709654065,57.0,47.0,50.05583333333333,4.072206143935684,57.0,45.0,47.56958333333333,6.173507550092143,67.0,42.0,19.7,18.7,18.5,81.0,87.0,84.0,1.33,2.0,1.0,1017.0,1019.0,1018.0,1575.6,156.0,40.4,0.0,0.7993061342494175,13.345776948203453,3.466435570961936,15.755999999999998,19.2,0.01988187019500965,408.03999999999996,6084,4.0,1032256,541.0,90.16666666666667,-1.0,-3.0,0.5
115,193.4,16.3,52.3,51.3,173.3,100,0.0,1016,76,20.3,1.4,1.33,2023,12,4,14,0,338,49,-0.4999999999999997,-0.8660254037844388,-2.4492935982947064e-16,1.0,0.0,1.0,0,1,0,47.0,48.0,49.0,57.0,45.0,67.0,45.333333333333336,3.785938897189987,48.0,41.0,48.666666666666664,5.163977794939999,57.0,41.0,49.7225,4.64684472615672,57.0,41.0,46.48624999999999,4.727496637391873,57.0,41.0,20.2,19.2,18.6,78.0,84.0,85.0,2.0,0.66,0.66,1016.0,1018.0,1018.0,1542.8,101.08000000000001,26.999000000000002,0.0,0.7992046938656168,11.864302803508986,3.2083921231826262,15.427999999999999,19.635,0.01998029529498495,412.09000000000003,5776,1.7689000000000001,1032256,527.6,87.93333333333334,-6.0,-8.0,0.10000000000000142
102,186.6,17.7,52.7,45.0,178.7,100,0.0,1015,75,20.5,1.0,0.66,2023,12,4,15,0,338,49,-0.7071067811865471,-0.7071067811865479,-2.4492935982947064e-16,1.0,0.0,1.0,0,1,0,41.0,47.0,48.0,57.0,46.0,47.0,41.333333333333336,5.507570547279126,47.0,36.0,45.166666666666664,5.492419017758329,50.0,36.0,48.88916666666666,6.057613478963939,57.0,36.0,46.02791666666666,5.186470676648974,57.0,36.0,20.3,19.7,18.6,76.0,81.0,86.0,1.33,1.33,0.33,1016.0,1017.0,1019.0,1537.5,49.5,13.530000000000001,0.0,0.7999822226172753,10.541777300717474,2.9772329246935203,15.375,20.17,0.020197024436429126,420.25,5625,0.43560000000000004,1030225,516.7,86.11666666666667,-5.0,-12.0,0.1999999999999993
89,179.7,19.0,53.0,37.5,184.0,100,0.0,1015,74,20.6,0.7,2.4,2023,12,4,16,0,338,49,-0.8660254037844385,-0.5000000000000004,-2.4492935982947064e-16,1.0,0.0,1.0,0,1,0,36.0,41.0,47.0,50.0,46.0,44.0,35.666666666666664,5.50757054727917,41.0,30.0,41.833333333333336,7.626707459096182,49.0,30.0,47.55583333333333,8.150635734634893,57.0,30.0,45.44458333333333,6.126574317050932,57.0,30.0,20.5,20.2,18.7,75.0,78.0,87.0,0.66,2.0,2.0,1015.0,1016.0,1019.0,1524.4,177.6,49.440000000000005,0.0,0.7999786672355405,9.457396979106361,2.789326877532761,15.244000000000002,19.400000000000002,0.020295546506850733,424.36000000000007,5476,5.76,1030225,503.2,83.86666666666666,-6.0,-17.0,0.10000000000000142
89,203.3,21.3,44.0,37.5,174.3,100,0.0,1015,75,20.5,0.6,2.0,2023,12,4,17,0,338,49,-0.9659258262890683,-0.25881904510252063,-2.4492935982947064e-16,1.0,0.0,1.0,0,1,0,30.0,36.0,41.0,49.0,52.0,43.67,32.0,3.464101615126777,36.0,30.0,38.666666666666664,7.991662321859782,48.0,30.0,45.7225,9.433426182748965,57.0,30.0,44.875,6.886984573945853,57.0,30.0,20.6,20.3,19.2,74.0,76.0,84.0,2.4,1.33,0.66,1015.0,1016.0,1018.0,1537.5,150.0,41.0,0.0,0.7999786672355405,9.544152856673396,2.0656307215623677,15.375,19.5,0.020197024436429126,420.25,5625,4.0,1030225,510.40000000000003,85.06666666666668,0.0,-11.0,-0.10000000000000142
160,226.8,23.7,35.0,78.3,164.7,100,0.0,1015,76,20.3,0.0,1.6,2023,12,4,18,0,338,49,-1.0,-1.8369701987210297e-16,-2.4492935982947064e-16,1.0,0.0,1.0,0,2,0,30.0,30.0,36.0,48.0,50.67,42.0,40.89,18.86203329442304,62.67,30.0,41.111666666666665,12.42991619708811,62.67,30.0,46.722500000000004,10.572798825283648,62.67,30.0,45.736250000000005,7.750167354436194,62.67,30.0,20.5,20.5,19.7,75.0,75.0,81.0,2.0,0.66,1.33,1015.0,1015.0,1017.0,1542.8,121.60000000000001,32.480000000000004,0.0,0.8003729198860806,9.56921648875575,1.4767309396228008,15.427999999999999,19.5,0.019999980295585917,412.09000000000003,5776,2.5600000000000005,1030225,591.1700000000001,98.52833333333335,32.67,26.67,-0.1999999999999993
181,250.4,26.0,26.0,98.8,155.0,100,0.0,1015,76,20.2,0.0,1.2,2023,12,4,19,0,338,49,-0.9659258262890684,0.2588190451025203,-2.4492935982947064e-16,1.0,0.0,1.0,0,2,0,62.67,30.0,30.0,47.0,53.0,43.0,57.223333333333336,24.949942551702502,79.0,30.0,46.445,20.013499194293004,79.0,30.0,48.889166666666675,14.063885056367155,79.0,30.0,47.236250000000005,10.271292121629886,79.0,30.0,20.3,20.6,20.2,76.0,74.0,78.0,1.6,2.4,2.0,1015.0,1015.0,1016.0,1535.2,91.2,24.24,0.0,0.7995870487140818,9.6303988308142,0.9999615399407714,15.352,19.599999999999998,0.01990145822516431,408.03999999999996,5776,1.44,1030225,635.2,105.86666666666667,16.33,49.0,-0.10000000000000142
137,258.3,25.7,23.0,61.3,150.0,100,0.0,1016,75,20.0,0.0,0.8,2023,12,4,20,0,338,49,-0.8660254037844386,0.5000000000000001,-2.4492935982947064e-16,1.0,0.0,1.0,0,2,0,79.0,62.67,30.0,41.0,57.0,43.0,63.55666666666667,15.019641584713481,79.0,49.0,47.778333333333336,19.84396171802983,79.0,30.0,48.222500000000004,13.83215892239765,79.0,30.0,47.486250000000005,10.236660805973397,79.0,30.0,20.2,20.5,20.3,76.0,75.0,76.0,1.2,2.0,1.33,1015.0,1015.0,1016.0,1500.0,60.0,16.0,0.0,0.7993344317384709,10.050192599509748,0.894906812964476,15.0,19.6,0.01968501999505906,400.0,5625,0.6400000000000001,1032256,567.3,94.55,-30.0,19.0,-0.1999999999999993
142,266.3,25.3,20.0,63.8,145.0,100,0.0,1016,74,19.8,0.0,0.8,2023,12,4,21,0,338,49,-0.7071067811865477,0.7071067811865474,-2.4492935982947064e-16,1.0,0.0,1.0,0,2,0,49.0,79.0,62.67,36.0,57.0,42.0,59.666666666666664,16.77299416720983,79.0,49.0,50.278333333333336,18.98980823143387,79.0,30.0,47.722500000000004,13.59239367841479,79.0,30.0,47.861250000000005,10.191694535259106,79.0,30.0,20.0,20.3,20.5,75.0,76.0,75.0,0.8,1.6,0.66,1016.0,1015.0,1015.0,1465.2,59.2,15.840000000000002,0.0,0.7993605115907275,10.52527568080313,0.7904825896209635,14.652000000000001,19.400000000000002,0.019488169795108472,392.04,5476,0.6400000000000001,1032256,571.4000000000001,95.23333333333335,2.0,-11.670000000000002,-0.1999999999999993
153,274.3,25.0,17.0,68.8,140.0,100,0.0,1017,72,19.6,0.0,0.8,2023,12,4,22,0,338,49,-0.5000000000000004,0.8660254037844384,-2.4492935982947064e-16,1.0,0.0,1.0,0,3,0,51.0,49.0,79.0,30.0,50.0,42.0,51.666666666666664,3.0550504632912276,55.0,49.0,54.445,16.186295128903552,79.0,30.0,48.139166666666675,13.74434261024507,79.0,30.0,48.40291666666667,10.212078304494733,79.0,30.0,19.8,20.2,20.6,74.0,76.0,74.0,0.8,1.2,2.4,1016.0,1015.0,1015.0,1411.2,57.6,15.680000000000001,0.0,0.7994069853635848,10.971561137554497,0.6799728010879564,14.112,19.200000000000003,0.019272350764650184,384.1600000000001,5184,0.6400000000000001,1034289,580.1,96.68333333333334,4.0,-24.0,-0.1999999999999993
153,273.9,25.0,14.7,68.8,133.0,100,0.0,1017,73,19.5,0.0,0.8,2023,12,4,23,0,338,49,-0.25881904510252157,0.9659258262890681,-2.4492935982947064e-16,1.0,0.0,1.0,0,3,0,55.0,51.0,49.0,30.0,49.0,42.33,53.666666666666664,2.3094010767416973,55.0,51.0,58.61166666666667,11.032353179020042,79.0,49.0,48.639166666666675,13.886901911401594,79.0,30.0,48.93083333333333,10.211977160974397,79.0,30.0,19.6,20.0,20.5,72.0,75.0,75.0,0.8,0.8,2.0,1017.0,1016.0,1015.0,1423.5,58.400000000000006,15.600000000000001,0.0,0.7994069853635848,10.955561777528898,0.5879764809407623,14.235,19.1,0.019174022444422376,380.25,5329,0.6400000000000001,1034289,570.4,95.06666666666666,0.0,6.0,-0.10000000000000142
133,273.5,25.0,12.3,59.6,126.0,100,0.0,1016,75,19.3,0.0,0.8,2023,12,5,0,1,339,49,0.0,1.0,-2.4492935982947064e-16,1.0,0.7818314824680298,0.6234898018587336,0,3,0,55.0,55.0,51.0,62.67,48.0,42.0,52.55666666666667,4.2319774731508,55.0,47.67,56.11166666666667,11.613045107405446,79.0,47.67,48.61166666666667,13.88860935071936,79.0,30.0,49.16708333333333,10.109738516022547,79.0,30.0,19.5,19.8,20.3,73.0,74.0,76.0,0.8,0.8,1.6,1017.0,1016.0,1015.0,1447.5,60.0,15.440000000000001,0.0,0.7998187949866613,10.9395624175033,0.4919803207871685,14.475,18.900000000000002,0.018996044295231995,372.49,5625,0.6400000000000001,1032256,544.07,90.67833333333334,-7.329999999999998,-3.3299999999999983,-0.1999999999999993
123,273.1,25.0,10.0,55.0,119.0,100,0.0,1016,76,19.2,0.0,0.8,2023,12,5,1,1,339,49,0.25881904510252074,0.9659258262890683,-2.4492935982947064e-16,1.0,0.7818314824680298,0.6234898018587336,0,3,0,47.67,55.0,55.0,79.0,47.0,43.0,48.89000000000001,5.600562471745402,55.0,44.0,50.278333333333336,4.311938852376441,55.0,44.0,48.36166666666667,13.947134494439355,79.0,30.0,49.20875,10.08524721625972,79.0,30.0,19.3,19.6,20.2,75.0,72.0,76.0,0.8,0.8,1.2,1016.0,1017.0,1015.0,1459.2,60.800000000000004,15.36,0.0,0.7999854548099126,10.9235630574777,0.39998400063997436,14.592,18.8,0.018897619195256697,368.64,5776,0.6400000000000001,1032256,526.1,87.68333333333334,-3.6700000000000017,-11.0,-0.10000000000000142
123,271.4,25.0,9.3,55.0,117.7,100,0.0,1015,77,19.0,0.0,0.4,2023,12,5,2,1,339,49,0.49999999999999994,0.8660254037844387,-2.4492935982947064e-16,1.0,0.7818314824680298,0.6234898018587336,0,3,0,44.0,47.67,55.0,49.0,41.0,45.0,45.223333333333336,2.1188754879078617,47.67,44.0,49.445,5.031515676211969,55.0,44.0,48.61166666666667,13.82957360371337,79.0,30.0,49.16708333333333,10.105436969305714,79.0,30.0,19.2,19.5,20.0,76.0,73.0,75.0,0.8,0.8,0.8,1016.0,1017.0,1016.0,1463.0,30.8,7.6000000000000005,0.0,0.7999854548099126,10.855565777368904,0.3719851205951762,14.63,18.8,0.018719193380105043,361.0,5929,0.16000000000000003,1030225,522.4,87.06666666666666,0.0,-11.0,-0.1999999999999993
118,269.6,25.0,8.7,52.5,116.3,100,0.0,1015,78,18.7,0.0,0.8,2023,12,5,3,1,339,49,0.7071067811865476,0.7071067811865476,-2.4492935982947064e-16,1.0,0.7818314824680298,0.6234898018587336,0,3,0,44.0,44.0,47.67,51.0,36.0,46.0,43.333333333333336,1.1547005383462146,44.0,42.0,47.945,5.763518890397321,55.0,42.0,49.11166666666667,13.434988806930352,79.0,30.0,49.000416666666666,10.19255204598808,79.0,30.0,19.0,19.3,19.8,77.0,75.0,74.0,0.4,0.8,0.8,1015.0,1016.0,1016.0,1458.6,62.400000000000006,14.96,0.0,0.7999847621950058,10.78356865725371,0.3479860805567777,14.585999999999999,18.3,0.018423627168840228,349.69,6084,0.6400000000000001,1030225,514.1,85.68333333333334,-2.0,-5.670000000000002,-0.3000000000000007
102,267.9,25.0,8.0,45.0,115.0,100,0.0,1015,79,18.5,0.0,0.8,2023,12,5,4,1,339,49,0.8660254037844386,0.5000000000000001,-2.4492935982947064e-16,1.0,0.7818314824680298,0.6234898018587336,0,3,0,42.0,44.0,44.0,55.0,30.0,46.0,40.666666666666664,4.163331998923148,44.0,36.0,44.778333333333336,6.3060936138494945,55.0,36.0,49.61166666666667,12.753424376741055,79.0,30.0,48.58375,10.51968829613581,79.0,30.0,18.7,19.2,19.6,78.0,76.0,72.0,0.8,0.8,0.8,1015.0,1016.0,1017.0,1461.5,63.2,14.8,0.0,0.7999822226172753,10.715571377144913,0.3199872005119795,14.615,18.1,0.018226583027997015,342.25,6241,0.6400000000000001,1030225,496.9,82.81666666666666,-6.0,-8.0,-0.1999999999999993
93,273.3,24.7,8.0,40.0,117.7,100,0.0,1015,80,18.5,0.0,0.8,2023,12,5,5,1,339,49,0.9659258262890683,0.25881904510252074,-2.4492935982947064e-16,1.0,0.7818314824680298,0.6234898018587336,0,3,0,36.0,42.0,44.0,55.0,30.0,52.0,36.666666666666664,5.033222956839682,42.0,32.0,40.945,5.821868256837033,47.67,32.0,49.778333333333336,12.484055892019674,79.0,32.0,47.750416666666666,11.017676895185161,79.0,30.0,18.5,19.0,19.5,79.0,77.0,73.0,0.8,0.4,0.8,1015.0,1015.0,1017.0,1480.0,64.0,14.8,0.0,0.7999800004999875,11.064329379377353,0.32387352738755515,14.8,18.1,0.018226583027997015,342.25,6400,0.6400000000000001,1030225,495.7,82.61666666666666,-4.0,-12.0,0.0
99,278.8,24.3,8.0,43.3,120.3,100,0.0,1015,80,18.5,0.0,1.2,2023,12,5,6,1,339,49,1.0,6.123233995736766e-17,-2.4492935982947064e-16,1.0,0.7818314824680298,0.6234898018587336,0,0,0,32.0,36.0,42.0,47.67,62.67,50.67,34.223333333333336,2.0370648819461636,36.0,32.0,38.77833333333333,5.204883924414962,44.0,32.0,47.445,12.472156261773714,79.0,32.0,47.08375,11.313436341265023,79.0,30.0,18.5,18.7,19.3,80.0,78.0,75.0,0.8,0.8,0.8,1015.0,1015.0,1016.0,1480.0,96.0,22.2,0.0,0.8006743493221867,11.472778897987737,0.3292045594831488,14.8,17.9,0.018226583027997015,342.25,6400,1.44,1030225,509.37000000000006,84.89500000000001,2.6700000000000017,-7.329999999999998,0.0
98,284.2,24.0,8.0,42.5,123.0,100,0.0,1016,81,18.5,0.6,1.2,2023,12,5,7,1,339,49,0.9659258262890683,-0.25881904510252063,-2.4492935982947064e-16,1.0,0.7818314824680298,0.6234898018587336,0,0,0,34.67,32.0,36.0,44.0,79.0,53.0,33.556666666666665,1.389112426428627,34.67,32.0,37.11166666666667,4.7823442647548156,44.0,32.0,43.695,8.131876111379722,55.0,32.0,46.29208333333333,11.543865669760669,79.0,30.0,18.5,18.5,19.2,80.0,79.0,76.0,1.2,0.8,0.8,1015.0,1015.0,1016.0,1498.5,97.2,22.2,0.0,0.7999811769134845,11.84117328444648,0.333319445023124,14.985,17.9,0.01820864349542963,342.25,6561,1.44,1032256,515.7,85.95,-0.6700000000000017,-2.0,0.0
104,255.8,22.0,18.7,46.3,143.3,91,0.0,1016,82,18.8,0.8,1.2,2023,12,5,8,1,339,49,0.8660254037844387,-0.4999999999999998,-2.4492935982947064e-16,1.0,0.7818314824680298,0.6234898018587336,0,0,0,34.0,34.67,32.0,44.0,49.0,57.0,35.223333333333336,1.5746851536920679,37.0,34.0,35.945,3.4278491798745474,42.0,32.0,42.695,8.15799384875244,55.0,32.0,45.45875,11.458841019057262,79.0,30.0,18.5,18.5,19.0,81.0,80.0,77.0,1.2,0.8,0.4,1016.0,1015.0,1015.0,1541.6000000000001,98.39999999999999,22.56,0.0,0.799118809528952,11.626744238898231,0.8499613653924821,15.416000000000002,18.2,0.01850391879535552,353.44000000000005,6724,1.44,1032256,523.1,87.18333333333334,3.0,5.0,0.3000000000000007
126,227.4,20.0,29.3,56.3,163.7,83,0.0,1016,83,19.1,1.1,0.8,2023,12,5,9,1,339,49,0.7071067811865476,-0.7071067811865475,-2.4492935982947064e-16,1.0,0.7818314824680298,0.6234898018587336,0,0,0,37.0,34.0,34.67,42.0,51.0,57.0,38.666666666666664,5.686240703070679,45.0,34.0,36.445,4.529475687093001,45.0,32.0,42.195,7.777715836688982,55.0,32.0,44.95875,11.192050483346122,79.0,30.0,18.8,18.5,18.7,82.0,80.0,78.0,1.2,1.2,0.8,1016.0,1015.0,1015.0,1585.3000000000002,66.4,15.280000000000001,0.0,0.7992753237065062,11.36943152842358,1.4649267536623167,15.853000000000002,18.700000000000003,0.018799194095281403,364.81000000000006,6889,0.6400000000000001,1032256,541.7,90.28333333333335,8.0,10.329999999999998,0.3000000000000007
131,199.0,18.0,40.0,58.8,184.0,75,0.0,1017,84,19.4,1.6,0.4,2023,12,5,10,1,339,49,0.49999999999999994,-0.8660254037844387,-2.4492935982947064e-16,1.0,0.7818314824680298,0.6234898018587336,0,0,0,45.0,37.0,34.0,36.0,55.0,50.0,43.0,5.291502622121978,47.0,37.0,38.278333333333336,6.222926696228496,47.0,32.0,41.528333333333336,6.870279646721909,55.0,32.0,44.83375,11.149972436114627,79.0,30.0,19.1,18.5,18.5,83.0,81.0,79.0,0.8,1.2,0.8,1016.0,1016.0,1015.0,1629.6,33.6,7.76,0.0,0.7993061342494175,11.05494139214488,2.222098772290428,16.296,19.2,0.01907569412419457,376.35999999999996,7056,0.16000000000000003,1034289,546.8,91.13333333333333,2.0,13.0,0.29999999999999716
157,185.4,17.0,53.0,76.3,170.7,83,0.0,1015,83,19.6,1.9,0.33,2023,12,5,11,1,339,49,0.258819045102521,-0.9659258262890682,-2.4492935982947064e-16,1.0,0.7818314824680298,0.6234898018587336,0,0,0,47.0,45.0,37.0,32.0,55.0,49.0,51.0,8.717797887076909,61.0,45.0,43.11166666666667,10.29868033617091,61.0,34.0,42.028333333333336,8.055874009722658,61.0,32.0,45.33375,11.604709243684823,79.0,30.0,19.4,18.8,18.5,84.0,82.0,80.0,0.4,1.2,0.8,1017.0,1016.0,1015.0,1626.8000000000002,27.39,6.468000000000001,0.0,0.7994652756844602,10.905240868184224,3.1174636786071406,16.268,19.435000000000002,0.01931032580263468,384.1600000000001,6889,0.10890000000000001,1030225,563.4,93.89999999999999,14.0,24.0,0.20000000000000284
162,171.8,16.0,66.0,80.4,157.3,91,0.0,1014,81,19.9,2.0,0.66,2023,12,5,12,1,339,49,1.2246467991473532e-16,-1.0,-2.4492935982947064e-16,1.0,0.7818314824680298,0.6234898018587336,0,1,0,61.0,47.0,45.0,34.67,47.67,48.0,57.44333333333333,9.196174929461433,64.33,47.0,48.055,12.350309712714365,64.33,34.0,43.416666666666664,10.25260262596672,64.33,32.0,46.014166666666675,12.229740626731664,79.0,30.0,19.6,19.1,18.5,83.0,83.0,80.0,0.33,0.8,1.2,1015.0,1016.0,1015.0,1611.8999999999999,53.46,13.134,0.0,0.800114426437482,10.736828948190738,4.124742203612274,16.119,19.57,0.01962522719405602,396.00999999999993,6561,0.43560000000000004,1028196,555.83,92.63833333333334,3.3299999999999983,19.33,0.29999999999999716
173,158.2,15.0,79.0,91.3,144.0,100,0.0,1013,80,20.1,1.8,1.0,2023,12,5,13,1,339,49,-0.2588190451025208,-0.9659258262890683,-2.4492935982947064e-16,1.0,0.7818314824680298,0.6234898018587336,0,1,0,64.33,61.0,47.0,34.0,44.0,47.0,66.11,6.194860773247497,73.0,61.0,54.555,13.666460770805546,73.0,37.0,45.833333333333336,13.351964331703062,73.0,32.0,47.097500000000004,13.414993963603125,79.0,30.0,19.9,19.4,18.5,81.0,84.0,81.0,0.66,0.4,1.2,1014.0,1017.0,1016.0,1608.0,80.0,20.1,0.0,0.7995531264717801,10.545963602426504,5.266315578961403,16.08,19.6,0.019842033719611334,404.01000000000005,6400,1.0,1026169,560.5,93.41666666666667,8.670000000000002,26.0,0.20000000000000284
179,206.1,43.3,54.5,103.5,113.7,100,0.0,1013,82,20.1,1.4,1.0,2023,12,5,14,1,339,49,-0.4999999999999997,-0.8660254037844388,-2.4492935982947064e-16,1.0,0.7818314824680298,0.6234898018587336,0,1,0,73.0,64.33,61.0,37.0,44.0,41.0,71.44333333333333,6.476853660015275,77.0,64.33,61.221666666666664,13.136164457962368,77.0,45.0,48.583333333333336,16.06315509216888,77.0,32.0,48.597500000000004,14.658589187113215,79.0,30.0,20.1,19.6,18.8,80.0,83.0,82.0,1.0,0.33,1.2,1013.0,1015.0,1016.0,1648.2,82.0,20.1,0.0,0.7439541646940608,4.759705318583867,1.2586314403824395,16.482,19.6,0.019842033719611334,404.01000000000005,6724,1.0,1026169,598.1,99.68333333333334,4.0,16.0,0.0
179,254.1,71.7,29.9,96.3,83.3,100,0.0,1013,84,20.0,1.0,1.0,2023,12,5,15,1,339,49,-0.7071067811865471,-0.7071067811865479,-2.4492935982947064e-16,1.0,0.7818314824680298,0.6234898018587336,0,1,0,77.0,73.0,64.33,45.0,42.0,36.0,75.66666666666667,2.309401076741061,77.0,73.0,66.55499999999999,11.644232477925161,77.0,47.0,51.5,17.83856343583937,77.0,32.0,50.30583333333334,15.492032711567045,79.0,30.0,20.1,19.9,19.1,82.0,81.0,83.0,1.0,0.66,0.8,1013.0,1014.0,1016.0,1680.0,84.0,20.0,0.0,0.7995763283870365,3.543883627843405,0.417009525669098,16.8,19.5,0.019743317133941625,400.0,7056,1.0,1026169,612.3,102.05,0.0,12.670000000000002,-0.10000000000000142
189,302.0,100.0,5.4,128.0,53.0,100,0.0,1012,86,20.0,0.7,1.0,2023,12,5,16,1,339,49,-0.8660254037844385,-0.5000000000000004,-2.4492935982947064e-16,1.0,0.7818314824680298,0.6234898018587336,0,1,0,77.0,77.0,73.0,47.0,36.0,30.0,79.66666666666667,4.618802153508239,85.0,77.0,72.88833333333334,8.889252874490293,85.0,61.0,55.583333333333336,19.498891499182456,85.0,32.0,52.597500000000004,16.399081959989935,85.0,30.0,20.0,20.1,19.4,84.0,80.0,84.0,1.0,1.0,0.4,1013.0,1013.0,1017.0,1720.0,86.0,20.0,0.0,0.6640573120522496,3.019969800301997,0.053999460005399944,17.2,19.5,0.019762826321317865,400.0,7396,1.0,1024144,673.4,112.23333333333333,8.0,12.0,0.0
213,403.0,116.0,4.3,144.0,58.0,100,0.0,1013,85,19.9,1.0,0.66,2023,12,5,17,1,339,49,-0.9659258262890683,-0.25881904510252063,-2.4492935982947064e-16,1.0,0.7818314824680298,0.6234898018587336,0,1,0,85.0,77.0,77.0,61.0,32.0,30.0,88.33333333333333,13.316656236955708,103.0,77.0,79.88833333333334,13.164148915392675,103.0,64.33,61.5,22.267705519222893,103.0,34.0,55.639166666666675,18.642064150654974,103.0,32.0,20.0,20.1,19.6,86.0,82.0,83.0,1.0,1.0,0.33,1012.0,1013.0,1015.0,1691.4999999999998,56.1,13.134,0.0,0.7152728106054819,3.4741079818277427,0.03706864595994862,16.915,19.57,0.019644600548271916,396.00999999999993,7225,0.43560000000000004,1026169,828.3,138.04999999999998,18.0,26.0,-0.10000000000000142
248,403.0,123.0,2.2,172.0,58.0,100,0.0,1013,84,19.7,0.0,0.33,2023,12,5,18,1,339,49,-1.0,-1.8369701987210297e-16,-2.4492935982947064e-16,1.0,0.7818314824680298,0.6234898018587336,0,2,0,103.0,85.0,77.0,64.33,34.67,62.67,105.66666666666667,22.12088003071418,129.0,85.0,90.66666666666667,21.630225765503106,129.0,73.0,69.36083333333333,27.87838278155806,129.0,34.0,58.40291666666667,23.90394773275285,129.0,32.0,19.9,20.0,19.9,85.0,84.0,81.0,0.66,1.0,0.66,1013.0,1013.0,1014.0,1654.8,27.720000000000002,6.501,0.0,0.7499956395602351,3.276396126860757,0.017886033446882547,16.548,19.535,0.0194471673769325,388.09,7056,0.10890000000000001,1026169,887.2,147.86666666666667,26.0,52.0,-0.1999999999999993
123,221.8,17.0,67.0,65.0,85.0,100,0.0,1014,83,19.6,0.0,1.6,2023,12,5,19,1,339,49,-0.9659258262890684,0.2588190451025203,-2.4492935982947064e-16,1.0,0.7818314824680298,0.6234898018587336,0,2,0,129.0,103.0,85.0,73.0,34.0,79.0,92.0,43.554563480764195,129.0,44.0,85.83333333333333,28.512570327254508,129.0,44.0,70.19416666666667,26.856007439788627,129.0,37.0,56.944583333333334,23.659112589328604,129.0,32.0,19.7,20.0,20.1,84.0,86.0,80.0,0.33,1.0,1.0,1013.0,1012.0,1013.0,1626.8000000000002,132.8,31.360000000000003,0.0,0.6769126628821095,13.046291394623845,3.940944650314687,16.268,18.8,0.01932936949766322,384.1600000000001,6889,2.5600000000000005,1028196,499.8,83.3,-85.0,-41.0,-0.09999999999999787
258,403.0,116.0,1.1,174.0,58.0,100,0.0,1014,86,19.5,0.0,1.6,2023,12,5,20,1,339,49,-0.8660254037844386,0.5000000000000001,-2.4492935982947064e-16,1.0,0.7818314824680298,0.6234898018587336,0,2,0,44.0,129.0,103.0,77.0,37.0,49.0,103.33333333333333,51.5396287659627,137.0,44.0,95.83333333333333,34.65496597410874,137.0,44.0,78.5275,30.839068823636897,137.0,44.0,60.611250000000005,28.664035686690426,137.0,32.0,19.6,19.9,20.1,83.0,85.0,82.0,1.6,0.66,1.0,1014.0,1013.0,1013.0,1677.0,137.6,31.200000000000003,0.0,0.7873517968287539,3.4741079818277427,0.009482676873475229,16.77,18.7,0.01923075026553228,380.25,7396,2.5600000000000005,1028196,889.1,148.18333333333334,93.0,34.0,-0.10000000000000142
273,907.0,223.0,4.3,172.0,126.0,100,0.0,1014,89,19.3,0.0,1.6,2023,12,5,21,1,339,49,-0.7071067811865477,0.7071067811865474,-2.4492935982947064e-16,1.0,0.7818314824680298,0.6234898018587336,0,2,0,137.0,44.0,129.0,77.0,45.0,51.0,109.66666666666667,57.13434460404048,148.0,44.0,107.66666666666667,38.81065145893115,148.0,44.0,87.11083333333333,34.74554450398944,148.0,44.0,64.65291666666667,33.65412016628432,148.0,32.0,19.5,19.7,20.0,86.0,84.0,84.0,1.6,0.33,1.0,1014.0,1013.0,1013.0,1717.7,142.4,30.880000000000003,0.0,0.8604601136039907,4.067246335218227,0.019282424742489944,17.177,18.5,0.019033511801270414,372.49,7921,2.5600000000000005,1028196,1580.3,263.3833333333333,11.0,19.0,-0.1999999999999993
270,1310.0,247.0,4.3,166.0,132.0,100,0.0,1014,92,19.2,0.0,2.0,2023,12,5,22,1,339,49,-0.5000000000000004,0.8660254037844384,-2.4492935982947064e-16,1.0,0.7818314824680298,0.6234898018587336,0,3,0,148.0,137.0,44.0,85.0,47.0,55.0,143.66666666666666,5.859465277074852,148.0,137.0,117.83333333333333,39.66568626239353,148.0,44.0,95.36083333333333,36.08334605990293,148.0,44.0,68.44458333333334,37.43337443456055,148.0,32.0,19.3,19.6,20.0,89.0,83.0,86.0,1.6,1.6,1.0,1014.0,1014.0,1012.0,1766.3999999999999,184.0,38.4,0.0,0.8795127740194336,5.303622252541488,0.017408836401472057,17.663999999999998,18.2,0.018934892569139477,368.64,8464,4.0,1028196,2005.3,334.21666666666664,-2.0,102.0,-0.10000000000000142
264,1008.0,247.0,4.3,166.0,132.0,100,0.0,1014,91,19.3,0.0,2.0,2023,12,5,23,1,339,49,-0.25881904510252157,0.9659258262890681,-2.4492935982947064e-16,1.0,0.7818314824680298,0.6234898018587336,0,3,0,146.0,148.0,137.0,103.0,61.0,55.0,145.0,3.605551275451829,148.0,141.0,124.16666666666667,39.85682710235017,148.0,44.0,102.02749999999999,36.5451399890342,148.0,44.0,72.02791666666667,40.11087242600694,148.0,32.0,19.2,19.5,19.9,92.0,86.0,85.0,2.0,1.6,0.66,1014.0,1014.0,1013.0,1756.3,182.0,38.6,0.0,0.849392473539316,4.08095513783345,0.017408836401472057,17.563,18.3,0.019033511801270414,372.49,8281,4.0,1028196,1698.3,283.05,-5.0,4.0,0.10000000000000142
261,605.0,170.0,4.3,166.0,132.0,100,0.0,1013,91,19.4,0.0,1.6,2023,12,6,0,2,340,49,0.0,1.0,-2.4492935982947064e-16,1.0,0.9749279121818236,-0.22252093395631434,0,3,0,141.0,146.0,148.0,129.0,64.33,47.67,142.0,3.6055512754518704,146.0,139.0,125.83333333333333,40.30591354462314,148.0,44.0,108.25,35.89409928715706,148.0,44.0,75.83333333333333,41.987933635921365,148.0,32.0,19.3,19.3,19.7,91.0,89.0,84.0,2.0,1.6,0.33,1014.0,1014.0,1013.0,1765.3999999999999,145.6,31.04,0.0,0.837344353347269,3.558802595278851,0.02529396885900671,17.654,18.599999999999998,0.019151017619923376,376.35999999999996,8281,2.5600000000000005,1026169,1216.3,202.71666666666667,-2.0,-9.0,0.09999999999999787
264,605.0,162.0,5.4,166.0,132.0,100,0.0,1013,91,19.5,0.0,1.6,2023,12,6,1,2,340,49,0.25881904510252074,0.9659258262890683,-2.4492935982947064e-16,1.0,0.9749279121818236,-0.22252093395631434,0,3,0,139.0,141.0,146.0,44.0,73.0,44.0,140.33333333333334,1.1547005383414806,141.0,139.0,142.0,4.19523539267686,148.0,137.0,113.91666666666667,35.18382462370231,148.0,44.0,79.875,43.434099407083295,148.0,32.0,19.4,19.2,19.6,91.0,92.0,83.0,1.6,2.0,1.6,1013.0,1014.0,1014.0,1774.5,145.6,31.200000000000003,0.0,0.849392473539316,3.7345448484885893,0.03333312757328659,17.745,18.7,0.019249734205593085,380.25,8281,2.5600000000000005,1026169,1211.4,201.9,2.0,-5.0,0.10000000000000142
266,537.7,141.3,5.4,167.3,132.0,100,0.0,1014,90,19.5,0.0,0.66,2023,12,6,2,2,340,49,0.49999999999999994,0.8660254037844387,-2.4492935982947064e-16,1.0,0.9749279121818236,-0.22252093395631434,0,3,0,141.0,139.0,141.0,137.0,77.0,44.0,140.89,1.8374710881841578,142.67,139.0,142.945,3.408540743480789,148.0,139.0,119.38916666666667,34.00728730950825,148.0,44.0,83.98625,44.54627401707572,148.0,32.0,19.5,19.3,19.5,91.0,91.0,86.0,1.6,2.0,1.6,1013.0,1014.0,1014.0,1755.0,59.400000000000006,12.870000000000001,0.0,0.8527743408586916,3.805351696024798,0.03821629004748728,17.55,19.17,0.01923075026553228,380.25,8100,0.43560000000000004,1028196,1126.37,187.72833333333332,1.6699999999999875,1.6699999999999875,0.0
155,403.0,123.0,5.4,178.0,132.0,100,0.0,1014,90,19.6,0.0,1.33,2023,12,6,3,2,340,49,0.7071067811865476,0.7071067811865476,-2.4492935982947064e-16,1.0,0.9749279121818236,-0.22252093395631434,0,3,0,142.67,141.0,139.0,148.0,77.0,42.0,146.22333333333333,7.64654388160071,155.0,141.0,144.11166666666665,5.825703104916624,155.0,139.0,125.88916666666667,32.59355972590271,155.0,44.0,88.69458333333334,45.86776266609048,155.0,32.0,19.5,19.4,19.3,90.0,91.0,89.0,0.66,1.6,1.6,1014.0,1013.0,1014.0,1764.0000000000002,119.7,26.068000000000005,0.0,0.8707816248223325,3.276396126860757,0.04390208209689352,17.64,18.935000000000002,0.01932936949766322,384.1600000000001,8100,1.7689000000000001,1028196,996.4,166.06666666666666,12.330000000000013,16.0,0.10000000000000142
270,403.0,100.0,5.4,170.0,132.0,100,0.0,1015,89,19.6,0.0,2.0,2023,12,6,4,2,340,49,0.8660254037844386,0.5000000000000001,-2.4492935982947064e-16,1.0,0.9749279121818236,-0.22252093395631434,0,3,0,155.0,142.67,141.0,146.0,85.0,36.0,147.89,6.378581346969846,155.0,142.67,144.11166666666665,5.825703104916624,155.0,139.0,130.9725,30.313782981282465,155.0,44.0,93.27791666666667,45.86919634931417,155.0,32.0,19.6,19.5,19.2,90.0,91.0,92.0,1.33,1.6,2.0,1014.0,1013.0,1014.0,1744.4,178.0,39.2,0.0,0.8588184775383674,4.029959700402996,0.053999460005399944,17.444000000000003,18.6,0.01931032580263468,384.1600000000001,7921,4.0,1030225,956.4,159.4,-9.0,5.0,0.0
248,403.0,92.0,5.4,152.0,132.0,91,0.5,1016,91,19.5,0.0,2.0,2023,12,6,5,2,340,49,0.9659258262890683,0.25881904510252074,-2.4492935982947064e-16,1.0,0.9749279121818236,-0.22252093395631434,0,3,0,146.0,155.0,142.67,141.0,103.0,32.0,143.33333333333334,13.203534880222259,155.0,129.0,142.11166666666665,8.53667480150411,155.0,129.0,133.13916666666668,29.034895136817482,155.0,44.0,97.31958333333334,44.48773914913527,155.0,34.0,19.6,19.5,19.3,89.0,90.0,91.0,2.0,0.66,2.0,1015.0,1014.0,1014.0,1774.5,182.0,39.0,45.5,0.8486786271142953,4.380387169704677,0.05869501418462843,17.745,18.5,0.019192894495182584,380.25,8281,4.0,1032256,913.4,152.23333333333332,-17.0,-13.669999999999987,-0.10000000000000142
189,504.0,108.0,5.4,112.0,132.0,83,0.5,1017,93,19.3,0.0,2.0,2023,12,6,6,2,340,49,1.0,6.123233995736766e-17,-2.4492935982947064e-16,1.0,0.9749279121818236,-0.22252093395631434,0,0,0,129.0,146.0,155.0,139.0,129.0,34.67,120.0,31.48015247739308,146.0,85.0,133.11166666666665,25.02172689217584,155.0,85.0,129.4725,32.2098091002206,155.0,44.0,99.41666666666667,42.550180673674866,155.0,34.0,19.5,19.6,19.4,91.0,90.0,91.0,2.0,1.33,1.6,1016.0,1014.0,1013.0,1794.9,186.0,38.6,41.5,0.758921795341113,4.666623457190211,0.04999953704132369,17.949,18.3,0.01897736580396676,372.49,8649,4.0,1034289,946.4,157.73333333333332,-44.0,-70.0,-0.1999999999999993
153,188.5,22.0,32.0,68.8,158.0,75,0.5,1018,95,19.2,0.6,2.0,2023,12,6,7,2,340,49,0.9659258262890683,-0.25881904510252063,-2.4492935982947064e-16,1.0,0.9749279121818236,-0.22252093395631434,0,0,0,85.0,129.0,146.0,141.0,44.0,34.0,89.66666666666667,37.22006627255327,129.0,55.0,118.77833333333332,39.8421236465457,155.0,55.0,130.38916666666668,29.607602665632815,155.0,55.0,100.29166666666667,41.34533049357864,155.0,37.0,19.3,19.6,19.5,93.0,89.0,91.0,2.0,2.0,1.6,1017.0,1015.0,1013.0,1824.0,190.0,38.4,37.5,0.7994069853635848,8.567792373073951,1.4544793418480977,18.24,18.2,0.018860492278494814,368.64,9025,4.0,1036324,524.3,87.38333333333333,-30.0,-91.0,-0.10000000000000142
138,196.7,19.7,32.0,61.7,151.3,75,0.5,1019,93,19.5,0.8,2.0,2023,12,6,8,2,340,49,0.8660254037844387,-0.4999999999999998,-2.4492935982947064e-16,1.0,0.9749279121818236,-0.22252093395631434,0,0,0,55.0,85.0,129.0,142.67,137.0,37.0,63.10999999999999,19.168106322741696,85.0,49.33,103.22166666666668,46.340423138623116,155.0,49.33,123.08333333333333,37.57307361137743,155.0,49.33,100.80541666666666,40.59447274211356,155.0,44.0,19.2,19.5,19.5,95.0,91.0,90.0,2.0,2.0,0.66,1018.0,1016.0,1014.0,1813.5,186.0,39.0,37.5,0.799500818463234,9.984264758134104,1.624283031318207,18.135,18.5,0.019136389463798368,380.25,8649,4.0,1038361,510.72999999999996,85.12166666666666,-5.670000000000002,-79.67,0.3000000000000007
107,204.8,17.3,32.0,47.5,144.7,75,0.5,1019,90,19.7,1.1,2.0,2023,12,6,9,2,340,49,0.7071067811865476,-0.7071067811865475,-2.4492935982947064e-16,1.0,0.9749279121818236,-0.22252093395631434,0,0,0,49.33,55.0,85.0,155.0,148.0,45.0,47.44333333333333,8.655612822513916,55.0,38.0,83.72166666666668,44.785140578841975,146.0,38.0,113.91666666666667,43.83760783398185,155.0,38.0,100.51375,41.03561134392445,155.0,38.0,19.5,19.3,19.6,93.0,93.0,90.0,2.0,2.0,1.33,1019.0,1017.0,1014.0,1773.0,180.0,39.4,37.5,0.7999831582493001,11.837466042425293,1.849604069128952,17.73,18.7,0.01933266012496553,388.09,8100,4.0,1038361,484.3,80.71666666666667,-11.329999999999998,-47.0,0.1999999999999993
107,213.0,15.0,32.0,47.5,138.0,75,0.5,1020,88,20.0,1.5,2.0,2023,12,6,10,2,340,49,0.49999999999999994,-0.8660254037844387,-2.4492935982947064e-16,1.0,0.9749279121818236,-0.22252093395631434,0,0,0,38.0,49.33,55.0,146.0,146.0,47.0,41.776666666666664,6.541378549913518,49.33,38.0,65.72166666666668,35.48640326472435,129.0,38.0,104.91666666666667,47.578733280805054,155.0,38.0,100.13875,41.58337076833211,155.0,38.0,19.7,19.2,19.6,90.0,95.0,89.0,2.0,2.0,2.0,1019.0,1018.0,1015.0,1760.0,176.0,40.0,37.5,0.7999831582493001,14.199053396440238,2.1331911205919605,17.6,19.0,0.019607823913898124,400.0,7744,4.0,1040400,483.5,80.58333333333333,0.0,-17.0,0.3000000000000007
80,202.9,13.7,39.3,32.5,131.3,83,0.5,1019,80,21.2,1.9,2.0,2023,12,6,11,2,340,49,0.258819045102521,-0.9659258262890682,-2.4492935982947064e-16,1.0,0.9749279121818236,-0.22252093395631434,0,0,0,38.0,38.0,49.33,129.0,141.0,61.0,34.0,6.928203230270987,38.0,26.0,48.55500000000001,20.50327169014676,85.0,26.0,95.33333333333333,51.101364922765256,155.0,26.0,98.68041666666666,43.58137590652516,155.0,26.0,20.0,19.5,19.5,88.0,93.0,91.0,2.0,2.0,2.0,1020.0,1019.0,1016.0,1696.0,160.0,42.4,41.5,0.7999753853727578,14.809138019122694,2.8684037661484565,16.96,20.2,0.02080469008371925,449.44,6400,4.0,1038361,445.7,74.28333333333333,-12.0,-23.33,1.1999999999999993
78,302.0,177.0,6.5,64.0,89.0,91,0.0,1018,73,22.4,2.0,2.0,2023,12,6,12,2,340,49,1.2246467991473532e-16,-1.0,-2.4492935982947064e-16,1.0,0.9749279121818236,-0.22252093395631434,0,1,0,26.0,38.0,38.0,85.0,139.0,64.33,29.666666666666668,7.234178138065981,38.0,25.0,38.555,12.070797405307339,55.0,25.0,85.83333333333333,52.813431888854886,155.0,25.0,97.04166666666667,45.62090297666028,155.0,25.0,21.2,19.7,19.3,80.0,90.0,93.0,2.0,2.0,2.0,1019.0,1019.0,1017.0,1635.1999999999998,146.0,44.8,0.0,0.3906188965797409,1.7062050496889847,0.036722956367478146,16.351999999999997,21.4,0.02200390765824395,501.75999999999993,5329,4.0,1036324,663.5,110.58333333333333,-1.0,-13.0,1.1999999999999993
78,182.7,11.0,54.0,31.3,118.0,100,0.0,1018,67,23.6,1.9,2.0,2023,12,6,13,2,340,49,-0.2588190451025208,-0.9659258262890683,-2.4492935982947064e-16,1.0,0.9749279121818236,-0.22252093395631434,0,1,0,25.0,26.0,38.0,55.0,141.0,73.0,25.333333333333332,0.577350269137284,26.0,25.0,33.555,9.91787023508448,49.33,25.0,76.16666666666667,52.41256309032116,155.0,25.0,95.04166666666667,47.72436080758763,155.0,25.0,22.4,20.0,19.2,73.0,88.0,95.0,2.0,2.0,2.0,1018.0,1020.0,1018.0,1581.2,134.0,47.2,0.0,0.7986965272674994,16.607581128988272,4.9086446686664855,15.812000000000001,22.6,0.02318268842564988,556.96,4489,4.0,1036324,422.0,70.33333333333333,0.0,-13.0,1.2000000000000028
81,184.8,11.7,60.7,32.9,119.7,95,0.5,1017,67,23.5,1.6,1.66,2023,12,6,14,2,340,49,-0.4999999999999997,-0.8660254037844388,-2.4492935982947064e-16,1.0,0.9749279121818236,-0.22252093395631434,0,1,0,25.0,25.0,26.0,49.33,142.67,77.0,25.44333333333333,0.7678758579828284,26.33,25.0,29.721666666666668,6.434346638676038,38.0,25.0,66.47166666666668,49.68164849287535,155.0,25.0,92.93041666666666,49.63954879092595,155.0,25.0,23.6,21.2,19.5,67.0,80.0,93.0,2.0,2.0,2.0,1018.0,1019.0,1019.0,1574.5,111.22,39.01,47.5,0.8002796267590652,15.793521921203318,5.18759080420477,15.745,22.67,0.02310715525353466,552.25,4489,2.7556,1034289,436.12999999999994,72.68833333333332,1.3299999999999983,0.3299999999999983,-0.10000000000000142
87,186.9,12.3,67.3,36.3,121.3,91,0.0,1017,66,23.5,1.2,1.33,2023,12,6,15,2,340,49,-0.7071067811865471,-0.7071067811865479,-2.4492935982947064e-16,1.0,0.9749279121818236,-0.22252093395631434,0,1,0,26.33,25.0,25.0,38.0,155.0,77.0,26.776666666666667,2.0370648819496457,29.0,25.0,28.221666666666664,5.009871921181393,38.0,25.0,55.97166666666667,41.99002929989436,146.0,25.0,90.93041666666666,51.250141249364,155.0,25.0,23.5,22.4,19.7,67.0,73.0,90.0,1.66,2.0,2.0,1017.0,1018.0,1019.0,1551.0,87.78,31.255000000000003,0.0,0.798876064020275,15.19388667588001,5.471099910576376,15.51,22.835,0.02310715525353466,552.25,4356,1.7689000000000001,1034289,453.1,75.51666666666667,2.6700000000000017,4.0,0.0
87,189.1,13.0,74.0,36.3,123.0,87,0.0,1017,66,23.4,1.1,1.0,2023,12,6,16,2,340,49,-0.8660254037844385,-0.5000000000000004,-2.4492935982947064e-16,1.0,0.9749279121818236,-0.22252093395631434,0,1,0,29.0,26.33,25.0,38.0,146.0,85.0,28.11,1.5415252187164667,29.0,26.33,26.721666666666664,1.843045486861852,29.0,25.0,46.22166666666667,31.444624004554495,129.0,25.0,88.59708333333333,52.78373040503166,155.0,25.0,23.5,23.6,20.0,66.0,67.0,88.0,1.33,2.0,2.0,1017.0,1018.0,1020.0,1544.3999999999999,66.0,23.4,0.0,0.798876064020275,14.5450349973079,5.691869856164911,15.443999999999999,22.9,0.023008826933306848,547.56,4356,1.0,1034289,464.40000000000003,77.4,0.0,4.0,-0.10000000000000142
91,213.6,15.3,67.0,38.8,125.3,87,0.0,1018,70,23.0,1.0,1.0,2023,12,6,17,2,340,49,-0.9659258262890683,-0.25881904510252063,-2.4492935982947064e-16,1.0,0.9749279121818236,-0.22252093395631434,0,1,0,29.0,29.0,26.33,26.0,129.0,103.0,29.666666666666668,1.1547005383525988,31.0,29.0,27.554999999999996,2.4738936921329335,31.0,25.0,38.055,17.72394759024479,85.0,25.0,85.59708333333333,53.962462998480405,155.0,25.0,23.4,23.5,21.2,66.0,67.0,80.0,1.0,1.66,2.0,1017.0,1017.0,1019.0,1610.0,70.0,23.0,0.0,0.7989484807092602,13.959871903797136,4.378798771322136,16.1,22.5,0.022593298041946912,529.0,4900,1.0,1036324,491.0,81.83333333333333,2.0,4.670000000000002,-0.3999999999999986
184,238.1,17.7,60.0,101.3,127.7,87,0.0,1019,74,22.6,0.0,1.0,2023,12,6,18,2,340,49,-1.0,-1.8369701987210297e-16,-2.4492935982947064e-16,1.0,0.9749279121818236,-0.22252093395631434,0,2,0,31.0,29.0,29.0,25.0,85.0,129.0,47.0,29.46183972531135,81.0,29.0,36.88833333333333,21.71531295345847,81.0,25.0,37.721666666666664,16.772889832502308,81.0,25.0,83.59708333333333,53.167540970618205,155.0,25.0,23.0,23.5,22.4,70.0,66.0,73.0,1.0,1.33,2.0,1018.0,1017.0,1018.0,1672.4,74.0,22.6,0.0,0.7995972399087866,13.45121744534207,3.389639003446133,16.724,22.1,0.022178584711889392,510.76000000000005,5476,1.0,1038361,625.8,104.3,50.0,52.0,-0.3999999999999986
179,262.6,20.0,53.0,96.3,130.0,87,0.0,1019,79,22.2,0.0,1.0,2023,12,6,19,2,340,49,-0.9659258262890684,0.2588190451025203,-2.4492935982947064e-16,1.0,0.9749279121818236,-0.22252093395631434,0,2,0,81.0,31.0,29.0,25.0,55.0,44.0,63.0,27.78488797889835,81.0,31.0,45.555,25.97968725754746,81.0,26.33,39.555,19.768067685029965,81.0,25.0,84.97208333333333,52.52176691447926,155.0,25.0,22.6,23.4,23.6,74.0,66.0,67.0,1.0,1.0,2.0,1019.0,1017.0,1018.0,1753.8,79.0,22.2,0.0,0.7995763283870365,13.12934353282336,2.6498675066246684,17.538,21.7,0.021786043389555063,492.84,6241,1.0,1038361,638.9000000000001,106.48333333333335,-4.0,48.0,-0.40000000000000213
180,208.7,85.3,35.7,116.8,97.3,91,0.0,1020,82,21.4,0.0,1.0,2023,12,6,20,2,340,49,-0.8660254037844386,0.5000000000000001,-2.4492935982947064e-16,1.0,0.9749279121818236,-0.22252093395631434,0,2,0,77.0,81.0,31.0,26.33,49.33,137.0,78.77666666666666,2.0370648819463923,81.0,77.0,54.221666666666664,26.939391542249798,81.0,29.0,41.971666666666664,22.63627050607428,81.0,25.0,82.52749999999999,51.34712110383814,155.0,25.0,22.2,23.0,23.5,79.0,70.0,67.0,1.0,1.0,1.66,1019.0,1018.0,1017.0,1754.8,82.0,21.4,0.0,0.6706278199672948,2.446630168462269,0.4185179540685338,17.548,20.9,0.020980371587870993,457.9599999999999,6724,1.0,1040400,622.13,103.68833333333333,1.3299999999999983,47.33,-0.8000000000000007
181,154.9,150.7,18.4,98.8,64.7,95,0.0,1020,84,20.6,0.0,1.0,2023,12,6,21,2,340,49,-0.7071067811865477,0.7071067811865474,-2.4492935982947064e-16,1.0,0.9749279121818236,-0.22252093395631434,0,2,0,78.33,77.0,81.0,29.0,38.0,148.0,78.11,1.0179882120762094,79.0,77.0,62.555,25.257952213114443,81.0,29.0,45.38833333333333,24.957506006420832,81.0,25.0,79.65249999999999,49.417272745996605,155.0,25.0,21.4,22.6,23.5,82.0,74.0,66.0,1.0,1.0,1.33,1020.0,1019.0,1017.0,1730.4,84.0,20.6,0.0,0.7995870487140818,1.027863119687328,0.12209607102806219,17.304000000000002,20.1,0.02019605863131507,424.36000000000007,7056,1.0,1040400,566.5,94.41666666666667,0.6700000000000017,-2.0,-0.7999999999999972
184,101.0,216.0,1.1,158.0,32.0,100,0.0,1020,87,19.8,0.0,1.0,2023,12,6,22,2,340,49,-0.5000000000000004,0.8660254037844384,-2.4492935982947064e-16,1.0,0.9749279121818236,-0.22252093395631434,0,3,0,79.0,78.33,77.0,29.0,38.0,146.0,79.44333333333333,1.389112426428866,81.0,78.33,71.22166666666666,19.765799165898624,81.0,31.0,48.971666666666664,26.817850511562852,81.0,25.0,76.94416666666666,47.361386208843506,155.0,25.0,20.6,22.2,23.4,84.0,79.0,66.0,1.0,1.0,1.0,1020.0,1019.0,1017.0,1722.6000000000001,87.0,19.8,0.0,0.5126549831963089,0.4675904278220934,0.005092569015884186,17.226000000000003,19.3,0.019411745674759142,392.04,7569,1.0,1040400,589.1,98.18333333333334,2.0,4.0,-0.8000000000000007
184,101.0,216.0,1.1,158.0,32.0,75,0.0,1020,89,19.4,0.0,0.66,2023,12,6,23,2,340,49,-0.25881904510252157,0.9659258262890681,-2.4492935982947064e-16,1.0,0.9749279121818236,-0.22252093395631434,0,3,0,81.0,79.0,78.33,31.0,26.0,141.0,80.33333333333333,1.1547005383469937,81.0,79.0,79.55499999999999,1.708844638921746,81.0,77.0,53.555,27.231668563038856,81.0,25.0,74.44416666666666,45.375065353089504,155.0,25.0,19.8,21.4,23.0,87.0,82.0,70.0,1.0,1.0,1.0,1020.0,1020.0,1018.0,1726.6,58.74,12.804,0.0,0.5126549831963089,0.4675904278220934,0.005092569015884186,17.266,19.07,0.01901958919648118,376.35999999999996,7921,0.43560000000000004,1040400,589.1,98.18333333333334,0.0,2.6700000000000017,-0.40000000000000213
184,101.0,216.0,1.1,158.0,32.0,50,0.0,1020,92,19.0,0.0,0.33,2023,12,7,0,3,341,49,0.0,1.0,-2.4492935982947064e-16,1.0,0.43388373911755823,-0.900968867902419,0,3,0,81.0,81.0,79.0,81.0,25.0,139.0,81.0,0.0,81.0,81.0,79.55499999999999,1.708844638921746,81.0,77.0,58.221666666666664,26.686237799261136,81.0,25.0,72.02749999999999,43.28368376692104,155.0,25.0,19.4,20.6,22.6,89.0,84.0,74.0,0.66,1.0,1.0,1020.0,1020.0,1019.0,1748.0,30.360000000000003,6.2700000000000005,0.0,0.5126549831963089,0.4675904278220934,0.005092569015884186,17.48,18.835,0.01862743271820322,361.0,8464,0.10890000000000001,1040400,589.1,98.18333333333334,0.0,2.0,-0.3999999999999986
176,504.0,170.0,3.2,128.0,11.0,25,0.0,1020,95,18.6,0.0,1.6,2023,12,7,1,3,341,49,0.25881904510252074,0.9659258262890683,-2.4492935982947064e-16,1.0,0.43388373911755823,-0.900968867902419,0,3,0,81.0,81.0,81.0,77.0,25.0,141.0,79.0,3.464101615127059,81.0,75.0,79.22166666666666,2.372934189276705,81.0,75.0,62.38833333333333,24.869126838248576,81.0,26.33,69.27749999999999,40.732482204277446,155.0,25.0,19.0,19.8,22.2,92.0,87.0,79.0,0.33,1.0,1.0,1020.0,1020.0,1019.0,1767.0000000000002,152.0,29.760000000000005,0.0,0.5859329223990437,2.964688443009159,0.018823418685772437,17.67,17.8,0.01823527623992526,345.96000000000004,9025,2.5600000000000005,1040400,891.2,148.53333333333333,-6.0,-6.0,-0.3999999999999986
181,101.0,131.0,1.1,146.0,37.0,25,0.0,1019,95,18.5,0.0,1.6,2023,12,7,2,3,341,49,0.49999999999999994,0.8660254037844387,-2.4492935982947064e-16,1.0,0.43388373911755823,-0.900968867902419,0,3,0,75.0,81.0,81.0,78.33,26.33,142.67,78.33333333333333,3.0550504632917974,81.0,75.0,79.33333333333333,2.3380903888939537,81.0,75.0,66.77749999999999,22.45758593235294,81.0,29.0,66.62458333333333,37.705531940940894,155.0,25.0,18.6,19.4,21.4,95.0,89.0,82.0,1.6,0.66,1.0,1020.0,1020.0,1020.0,1757.5,152.0,29.6,0.0,0.5410921843001075,0.7709864810192288,0.008396882466546057,17.575,17.7,0.018155036157962556,342.25,9025,2.5600000000000005,1038361,495.1,82.51666666666667,4.0,-2.0,-0.10000000000000142
187,907.3,144.0,3.2,142.7,53.7,25,0.0,1019,95,18.3,0.0,1.6,2023,12,7,3,3,341,49,0.7071067811865476,0.7071067811865476,-2.4492935982947064e-16,1.0,0.43388373911755823,-0.900968867902419,0,3,0,79.0,75.0,81.0,79.0,29.0,155.0,79.0,3.9999999999907363,83.0,75.0,80.0,2.7568097504128843,83.0,75.0,71.27749999999999,19.40197933904304,83.0,29.0,63.624583333333334,32.93023204333023,146.0,25.0,18.5,19.0,20.6,95.0,92.0,84.0,1.6,0.33,1.0,1019.0,1020.0,1020.0,1738.5,152.0,29.28,0.0,0.5816357278505406,6.300650689925764,0.022222067902306235,17.385,17.5,0.01795876549679539,334.89000000000004,9025,2.5600000000000005,1038361,1333.9,222.3166666666667,4.0,2.0,-0.1999999999999993
192,1109.0,131.0,3.2,150.0,75.0,25,0.0,1018,95,18.2,0.0,1.6,2023,12,7,4,3,341,49,0.8660254037844386,0.5000000000000001,-2.4492935982947064e-16,1.0,0.43388373911755823,-0.900968867902419,0,3,0,83.0,79.0,75.0,81.0,29.0,146.0,83.0,3.9999999999905906,87.0,79.0,81.0,3.99999999999643,87.0,75.0,76.11083333333333,14.52359050168146,87.0,31.0,61.16625,28.404579669406974,129.0,25.0,18.3,18.6,19.8,95.0,95.0,87.0,1.6,1.6,1.0,1019.0,1020.0,1020.0,1729.0,152.0,29.12,0.0,0.5799961333591109,8.465584232181433,0.024427294448133983,17.29,17.4,0.017878174972323208,331.23999999999995,9025,2.5600000000000005,1036324,1555.2,259.2,4.0,12.0,-0.10000000000000142
203,1210.0,77.0,1.1,140.0,47.0,25,0.0,1019,95,18.1,0.0,1.6,2023,12,7,5,3,341,49,0.9659258262890683,0.25881904510252074,-2.4492935982947064e-16,1.0,0.43388373911755823,-0.900968867902419,0,3,0,87.0,83.0,79.0,81.0,31.0,129.0,88.33333333333333,6.110100926601501,95.0,83.0,83.33333333333333,6.976149845483383,95.0,75.0,81.44416666666666,5.228953412280959,95.0,75.0,59.749583333333334,25.581924406514357,95.0,25.0,18.2,18.5,19.4,95.0,95.0,89.0,1.6,1.6,0.66,1018.0,1019.0,1020.0,1719.5000000000002,152.0,28.960000000000004,0.0,0.6785665816672738,15.714081635303437,0.014285528759366761,17.195000000000004,17.3,0.01776249483562823,327.61000000000007,9025,2.5600000000000005,1038361,1570.1,261.68333333333334,8.0,16.0,-0.09999999999999787
261,101.0,116.0,1.1,186.0,37.0,25,0.0,1019,94,17.9,0.0,1.6,2023,12,7,6,3,341,49,1.0,6.123233995736766e-17,-2.4492935982947064e-16,1.0,0.43388373911755823,-0.900968867902419,0,0,0,95.0,87.0,83.0,81.0,81.0,85.0,107.0,27.999999999998533,139.0,87.0,93.0,23.562682360036387,139.0,75.0,86.27749999999999,17.406646653712443,139.0,75.0,61.999583333333334,29.908226798886947,139.0,25.0,18.1,18.3,19.0,95.0,95.0,92.0,1.6,1.6,0.33,1019.0,1019.0,1020.0,1682.6,150.4,28.64,0.0,0.7473078101730636,0.8706821492918164,0.009482676873475229,16.826,17.099999999999998,0.017566224174461065,320.40999999999997,8836,2.5600000000000005,1038361,580.1,96.68333333333334,44.0,56.0,-0.20000000000000284
182,101.0,131.0,1.1,240.0,37.0,25,0.0,1019,93,17.8,1.2,2.0,2023,12,7,7,3,341,49,0.9659258262890683,-0.25881904510252063,-2.4492935982947064e-16,1.0,0.43388373911755823,-0.900968867902419,0,0,0,139.0,95.0,87.0,75.0,77.0,55.0,138.66666666666666,43.5009578438595,182.0,95.0,110.83333333333333,41.14567616003697,182.0,79.0,95.02749999999999,32.32066581362905,182.0,75.0,67.29125,38.59072363332303,182.0,25.0,17.9,18.2,18.6,94.0,95.0,95.0,1.6,1.6,1.6,1019.0,1018.0,1020.0,1655.4,186.0,35.6,0.0,0.7583301736242766,0.7709864810192288,0.008396882466546057,16.554000000000002,16.8,0.017468088843877485,316.84000000000003,8649,4.0,1038361,692.1,115.35000000000001,43.0,95.0,-0.09999999999999787
156,302.7,141.3,2.9,216.7,28.3,24,0.0,1020,87,19.1,1.1,0.33,2023,12,7,8,3,341,49,0.8660254037844387,-0.4999999999999998,-2.4492935982947064e-16,1.0,0.43388373911755823,-0.900968867902419,0,0,0,182.0,139.0,95.0,79.0,78.33,49.33,159.11,21.63437773544462,182.0,139.0,123.72166666666668,41.29107429780234,182.0,83.0,101.52749999999999,36.26050922898602,182.0,75.0,71.74958333333333,42.41659934293273,182.0,25.0,17.8,18.1,18.5,93.0,95.0,95.0,2.0,1.6,1.6,1019.0,1019.0,1019.0,1661.7,28.71,6.303000000000001,0.0,0.7214087613808889,2.1422353698841476,0.02052356317365057,16.617,18.935000000000002,0.01872547183777271,364.81000000000006,7569,0.10890000000000001,1040400,848.2299999999999,141.37166666666664,-25.669999999999987,61.33000000000001,1.3000000000000007
269,101.0,154.0,1.1,208.0,37.0,24,0.0,1020,81,20.3,1.7,0.66,2023,12,7,9,3,341,49,0.7071067811865476,-0.7071067811865475,-2.4492935982947064e-16,1.0,0.43388373911755823,-0.900968867902419,0,0,0,156.33,182.0,139.0,83.0,79.0,38.0,161.11,18.957486647757428,182.0,145.0,134.055,36.54753274846285,182.0,87.0,107.02749999999999,37.51659005753828,182.0,75.0,76.20791666666666,44.29663310192671,182.0,25.0,19.1,17.9,18.3,87.0,94.0,95.0,0.33,1.6,1.6,1020.0,1019.0,1019.0,1644.3,53.46,13.398000000000001,0.0,0.6971120331152254,0.655839897143525,0.007142810760969085,16.442999999999998,19.970000000000002,0.019901941272606596,412.09000000000003,6561,0.43560000000000004,1040400,646.1,107.68333333333334,-11.330000000000013,6.0,1.1999999999999993
216,706.0,162.0,6.5,170.0,11.0,23,0.0,1020,76,21.6,2.0,1.0,2023,12,7,10,3,341,49,0.49999999999999994,-0.8660254037844387,-2.4492935982947064e-16,1.0,0.43388373911755823,-0.900968867902419,0,0,0,145.0,156.33,182.0,87.0,81.0,38.0,135.44333333333336,26.966453851651398,156.33,105.0,137.055,32.41799114689194,182.0,95.0,109.02749999999999,36.63222603242717,182.0,75.0,78.99958333333333,43.89340184931946,182.0,25.0,20.3,17.8,18.2,81.0,93.0,95.0,0.66,2.0,1.6,1020.0,1019.0,1018.0,1641.6000000000001,76.0,21.6,0.0,0.6176434256269081,4.357997790137098,0.04012320911599311,16.416,21.1,0.021176449827009974,466.56000000000006,5776,1.0,1040400,1160.5,193.41666666666666,-40.0,-77.0,1.3000000000000007
189,514.2,111.0,42.7,106.3,61.0,23,0.0,1019,61,22.9,2.2,1.0,2023,12,7,11,3,341,49,0.258819045102521,-0.9659258262890682,-2.4492935982947064e-16,1.0,0.43388373911755823,-0.900968867902419,0,0,0,105.0,145.0,156.33,95.0,81.0,26.0,111.66666666666667,30.55050463303763,145.0,85.0,135.38833333333335,35.154129439749056,182.0,85.0,109.36083333333333,36.371275494001196,182.0,75.0,81.45791666666666,42.423595872761744,182.0,25.0,21.6,19.1,18.1,76.0,87.0,95.0,1.0,0.33,1.6,1020.0,1020.0,1019.0,1396.8999999999999,61.0,22.9,0.0,0.7996161842315689,4.63239069918289,0.3846812190881163,13.969,22.4,0.022472990703640134,524.41,3721,1.0,1038361,920.2,153.36666666666667,-20.0,-71.33000000000001,1.2999999999999972
168,322.5,60.0,78.8,86.3,111.0,23,0.0,1017,50,24.1,2.6,1.0,2023,12,7,12,3,341,49,1.2246467991473532e-16,-1.0,-2.4492935982947064e-16,1.0,0.43388373911755823,-0.900968867902419,0,1,0,85.0,105.0,145.0,139.0,81.0,25.0,86.33333333333333,18.03699901128965,105.0,69.0,123.72166666666668,44.17411930833067,182.0,69.0,108.36083333333333,37.373090090046254,182.0,69.0,83.29125,40.79724567775808,182.0,25.0,22.9,20.3,17.9,61.0,81.0,94.0,1.0,0.66,1.6,1019.0,1020.0,1019.0,1205.0,50.0,24.1,0.0,0.7995272360691069,5.374910418159698,1.313311444809253,12.05,23.6,0.023697125174901502,580.8100000000001,2500,1.0,1034289,727.6,121.26666666666667,-16.0,-76.0,1.2000000000000028
137,130.7,9.0,115.0,61.3,161.0,22,0.0,1016,41,25.4,2.3,1.0,2023,12,7,13,3,341,49,-0.2588190451025208,-0.9659258262890683,-2.4492935982947064e-16,1.0,0.43388373911755823,-0.900968867902419,0,1,0,69.0,85.0,105.0,182.0,75.0,25.0,67.66666666666667,18.036999011289858,85.0,49.0,101.555,42.415942168009984,156.33,49.0,106.19416666666666,40.13461042277357,182.0,49.0,84.29125,39.58236918810602,182.0,26.33,24.1,21.6,17.8,50.0,76.0,93.0,1.0,1.0,2.0,1017.0,1020.0,1019.0,1041.3999999999999,41.0,25.4,0.0,0.7993344317384709,14.520608821242083,12.776358182424175,10.413999999999998,24.9,0.024999975393725005,645.16,1681,1.0,1032256,526.0,87.66666666666667,-20.0,-56.0,1.2999999999999972
115,130.9,9.3,118.0,51.3,159.7,0,0.0,1015,38,25.6,1.8,0.66,2023,12,7,14,3,341,49,-0.4999999999999997,-0.8660254037844388,-2.4492935982947064e-16,1.0,0.43388373911755823,-0.900968867902419,0,1,0,49.0,69.0,85.0,156.33,79.0,26.33,53.0,14.422205101854011,69.0,41.0,82.33333333333333,38.58842658967369,145.0,41.0,103.02749999999999,43.806475055842,182.0,41.0,84.9025,38.75296883437845,182.0,29.0,25.4,22.9,19.1,41.0,61.0,87.0,1.0,1.0,0.33,1016.0,1019.0,1020.0,972.8000000000001,25.080000000000002,16.896,0.0,0.7992046938656168,14.073755510160199,12.686807870121491,9.728000000000002,25.270000000000003,0.02522165002793101,655.3600000000001,1444,0.43560000000000004,1030225,510.20000000000005,85.03333333333335,-8.0,-44.0,0.20000000000000284
121,131.1,9.7,121.0,53.8,158.3,0,0.0,1015,36,25.8,1.1,0.33,2023,12,7,15,3,341,49,-0.7071067811865471,-0.7071067811865479,-2.4492935982947064e-16,1.0,0.43388373911755823,-0.900968867902419,0,1,0,41.0,49.0,69.0,145.0,83.0,29.0,44.333333333333336,4.163331998925945,49.0,41.0,65.33333333333333,25.81214184577941,105.0,41.0,99.69416666666666,46.88278080069468,182.0,41.0,85.48583333333333,37.97241160044579,182.0,29.0,25.6,24.1,20.3,38.0,50.0,81.0,0.66,1.0,0.66,1015.0,1017.0,1020.0,928.8000000000001,11.88,8.514000000000001,0.0,0.7992416497834613,13.514070714359345,12.47294093392434,9.288,25.635,0.02541869416877422,665.64,1296,0.10890000000000001,1030225,516.9,86.14999999999999,2.0,-26.0,0.1999999999999993
112,131.3,10.0,124.0,50.0,157.0,0,0.0,1014,34,26.0,0.9,0.4,2023,12,7,16,3,341,49,-0.8660254037844385,-0.5000000000000004,-2.4492935982947064e-16,1.0,0.43388373911755823,-0.900968867902419,0,1,0,43.0,41.0,49.0,105.0,87.0,29.0,41.333333333333336,1.5275252316351067,43.0,40.0,54.5,18.41466806651619,85.0,40.0,95.77749999999999,49.905469571798875,182.0,40.0,85.94416666666666,37.32178695995283,182.0,31.0,25.8,25.4,21.6,36.0,41.0,76.0,0.33,1.0,1.0,1015.0,1016.0,1020.0,884.0,13.600000000000001,10.4,0.0,0.7999840003199936,13.128687131286874,12.398760123987602,8.84,25.8,0.025641000354043045,676.0,1156,0.16000000000000003,1028196,512.3,85.38333333333333,-3.0,-9.0,0.1999999999999993
123,389.9,40.0,85.2,55.0,120.3,12,0.0,1014,44,24.0,0.9,1.2,2023,12,7,17,3,341,49,-0.9659258262890683,-0.25881904510252063,-2.4492935982947064e-16,1.0,0.43388373911755823,-0.900968867902419,0,1,0,40.0,43.0,41.0,85.0,95.0,31.0,42.333333333333336,2.081665999453681,44.0,40.0,47.666666666666664,10.9117673484472,69.0,40.0,91.52749999999999,52.101011877278246,182.0,40.0,86.48583333333333,36.57658610982335,182.0,40.0,26.0,25.6,22.9,34.0,38.0,61.0,0.4,0.66,1.0,1014.0,1015.0,1019.0,1056.0,52.8,28.799999999999997,0.0,0.7999854548099126,9.747256318592035,2.129946751331217,10.56,23.4,0.023668615711424347,576.0,1936,1.44,1028196,734.4,122.39999999999999,4.0,3.0,-2.0
142,648.4,70.0,46.4,63.8,83.7,14,0.0,1015,56,22.0,0.0,1.6,2023,12,7,18,3,341,49,-1.0,-1.8369701987210297e-16,-2.4492935982947064e-16,1.0,0.43388373911755823,-0.900968867902419,0,2,0,44.0,40.0,43.0,69.0,139.0,81.0,45.0,5.56776436282527,51.0,40.0,44.666666666666664,4.412104562069977,51.0,40.0,84.19416666666667,50.99302669943825,182.0,40.0,85.23583333333333,37.278110480743784,182.0,40.0,24.0,25.8,24.1,44.0,36.0,50.0,1.2,0.33,1.0,1014.0,1015.0,1017.0,1232.0,89.60000000000001,35.2,0.0,0.7993605115907275,9.262724818216881,0.6628476736046627,12.32,21.2,0.02167485549275321,484.0,3136,2.5600000000000005,1030225,963.3,160.54999999999998,7.0,8.0,-2.0
269,907.0,100.0,7.6,240.0,47.0,13,0.0,1015,72,20.0,0.0,1.6,2023,12,7,19,3,341,49,-0.9659258262890684,0.2588190451025203,-2.4492935982947064e-16,1.0,0.43388373911755823,-0.900968867902419,0,2,0,51.0,44.0,40.0,49.0,182.0,77.0,80.0,56.4003546088137,145.0,44.0,60.666666666666664,41.49538126908388,145.0,40.0,81.11083333333333,45.34760842813478,156.33,40.0,88.06916666666666,39.16152891680172,182.0,40.0,22.0,26.0,25.4,56.0,34.0,41.0,1.6,0.4,1.0,1015.0,1014.0,1016.0,1440.0,115.2,32.0,0.0,0.6041641493160445,9.06990930090699,0.07599924000759992,14.4,19.2,0.0197044140843211,400.0,5184,2.5600000000000005,1030225,1446.6,241.1,94.0,105.0,-2.0
207,1008.0,77.0,19.5,316.0,42.0,25,0.0,1015,74,19.9,0.0,2.0,2023,12,7,20,3,341,49,-0.8660254037844386,0.5000000000000001,-2.4492935982947064e-16,1.0,0.43388373911755823,-0.900968867902419,0,2,0,145.0,51.0,44.0,41.0,156.33,78.33,134.33333333333334,78.54510381515351,207.0,51.0,88.33333333333333,70.77193417355947,207.0,40.0,85.33333333333333,54.43650735796024,207.0,40.0,93.43041666666666,45.98357111906784,207.0,40.0,20.0,24.0,25.6,72.0,44.0,38.0,1.6,1.2,0.66,1015.0,1014.0,1015.0,1472.6,148.0,39.8,0.0,0.6550612181607021,13.090739081310632,0.2532434643705926,14.725999999999999,18.9,0.019605892013899492,396.00999999999993,5476,4.0,1030225,1669.5,278.25,62.0,163.0,-0.10000000000000142
169,773.0,166.7,6.1,236.0,51.0,25,0.0,1016,75,19.7,0.0,2.0,2023,12,7,21,3,341,49,-0.7071067811865477,0.7071067811865474,-2.4492935982947064e-16,1.0,0.43388373911755823,-0.900968867902419,0,2,0,207.0,145.0,51.0,43.0,145.0,79.0,173.66666666666666,31.26233090051387,207.0,145.0,109.33333333333333,73.27937408757414,207.0,40.0,87.33333333333333,57.198749721448415,207.0,40.0,97.18041666666666,48.36377897983364,207.0,40.0,19.9,22.0,25.8,74.0,56.0,36.0,2.0,1.6,0.33,1015.0,1015.0,1015.0,1477.5,150.0,39.4,0.0,0.7160986605988957,4.637044768777632,0.03659246195283772,14.775,18.7,0.019389744695133174,388.09,5625,4.0,1032256,1401.8000000000002,233.63333333333335,-38.0,118.0,-0.1999999999999993
181,706.0,200.0,5.4,234.0,53.0,25,0.0,1017,77,19.6,0.0,2.0,2023,12,7,22,3,341,49,-0.5000000000000004,0.8660254037844384,-2.4492935982947064e-16,1.0,0.43388373911755823,-0.900968867902419,0,3,0,169.0,207.0,145.0,40.0,105.0,81.0,185.66666666666666,19.42506971244167,207.0,169.0,132.83333333333334,69.08666055517975,207.0,44.0,93.66666666666667,63.22302994282574,207.0,40.0,101.34708333333333,51.13729078191909,207.0,40.0,19.7,20.0,26.0,75.0,72.0,34.0,2.0,1.6,0.4,1016.0,1015.0,1014.0,1509.2,154.0,39.2,0.0,0.7735009679445815,3.5299823500882495,0.026999865000674996,15.092,18.6,0.019272350764650184,384.1600000000001,5929,4.0,1034289,1379.4,229.9,12.0,36.0,-0.09999999999999787
229,605.0,62.0,6.5,170.0,63.0,25,0.0,1016,78,19.2,0.0,2.0,2023,12,7,23,3,341,49,-0.25881904510252157,0.9659258262890681,-2.4492935982947064e-16,1.0,0.43388373911755823,-0.900968867902419,0,3,0,181.0,169.0,207.0,44.0,85.0,81.0,155.0,35.15679166249246,181.0,115.0,144.66666666666666,55.590166996211025,207.0,51.0,96.16666666666667,63.44193240971395,207.0,40.0,102.76375,51.01992337291694,207.0,40.0,19.6,19.9,24.0,77.0,74.0,44.0,2.0,2.0,1.2,1017.0,1015.0,1014.0,1497.6,156.0,38.4,0.0,0.6764666090199469,9.757907130530153,0.10483701875776198,14.975999999999999,18.2,0.018897619195256697,368.64,6084,4.0,1032256,1021.5,170.25,-66.0,-92.0,-0.40000000000000213
224,504.0,146.0,8.6,164.0,74.0,18,0.0,1016,80,18.7,0.0,1.6,2023,12,8,0,4,342,49,0.0,1.0,-2.4492935982947064e-16,1.0,-0.433883739117558,-0.9009688679024191,0,3,0,115.0,181.0,169.0,51.0,69.0,81.0,135.66666666666666,39.31072796748035,181.0,111.0,154.66666666666666,37.97718613413358,207.0,111.0,99.66666666666667,62.963673990835126,207.0,40.0,104.01375,50.83067559041801,207.0,40.0,19.2,19.7,22.0,78.0,75.0,56.0,2.0,2.0,1.6,1016.0,1016.0,1015.0,1496.0,128.0,29.92,0.0,0.676825141310114,3.452031150471572,0.05890370613899904,14.96,17.9,0.01840549369538022,349.69,6400,2.5600000000000005,1032256,1007.6,167.93333333333334,-4.0,-58.0,-0.5
219,403.0,139.0,7.6,156.0,74.0,2,0.0,1016,82,18.3,0.0,1.6,2023,12,8,1,4,342,49,0.25881904510252074,0.9659258262890683,-2.4492935982947064e-16,1.0,-0.433883739117558,-0.9009688679024191,0,3,0,111.0,115.0,181.0,145.0,49.0,75.0,111.0,3.999999999990001,115.0,107.0,148.33333333333334,42.77694082875292,207.0,107.0,104.5,60.913500518805115,207.0,40.0,105.34708333333333,50.45483460087354,207.0,40.0,18.7,19.6,20.0,80.0,77.0,72.0,1.6,2.0,1.6,1016.0,1017.0,1015.0,1500.6000000000001,131.20000000000002,29.28,0.0,0.6858930391471849,2.8992597175559887,0.05467586564125437,15.006000000000002,17.5,0.018011793295479042,334.89000000000004,6724,2.5600000000000005,1032256,886.6,147.76666666666668,-4.0,-74.0,-0.3999999999999986
237,504.0,154.0,3.2,166.0,74.0,4,0.25,1015,85,17.8,0.0,1.6,2023,12,8,2,4,342,49,0.49999999999999994,0.8660254037844387,-2.4492935982947064e-16,1.0,-0.433883739117558,-0.9009688679024191,0,3,0,107.0,111.0,115.0,207.0,41.0,79.0,113.0,7.211102550922368,121.0,107.0,134.0,32.31717809462892,181.0,107.0,111.16666666666667,57.620755940472016,207.0,40.0,107.09708333333333,50.22913700400122,207.0,40.0,18.3,19.2,19.9,82.0,78.0,74.0,1.6,2.0,2.0,1016.0,1016.0,1015.0,1513.0,136.0,28.480000000000004,1.0,0.7289112716188456,3.2727060213894714,0.02077908585009188,15.13,17.0,0.01753692853504578,316.84000000000003,7225,2.5600000000000005,1030225,1022.2,170.36666666666667,14.0,6.0,-0.5
249,470.3,164.3,3.2,173.3,70.0,6,0.0,1015,88,17.2,0.0,1.6,2023,12,8,3,4,342,49,0.7071067811865476,0.7071067811865476,-2.4492935982947064e-16,1.0,-0.433883739117558,-0.9009688679024191,0,3,0,121.0,107.0,111.0,169.0,43.0,83.0,119.22333333333331,11.438952457862976,129.67,107.0,127.445,27.415108061066697,181.0,107.0,118.38916666666667,53.59051094063867,207.0,40.0,109.04166666666667,50.15902369435706,207.0,40.0,17.8,18.7,19.7,85.0,80.0,75.0,1.6,1.6,2.0,1015.0,1016.0,1016.0,1513.6,140.8,27.52,0.0,0.7482357285878326,2.8624293217935373,0.019476448713032786,15.136,16.4,0.016945796112516145,295.84,7744,2.5600000000000005,1030225,1010.7700000000001,168.46166666666667,8.669999999999987,18.669999999999987,-0.6000000000000014
264,504.0,177.0,1.1,182.0,68.0,3,0.0,1014,92,16.7,0.0,1.6,2023,12,8,4,4,342,49,0.8660254037844386,0.5000000000000001,-2.4492935982947064e-16,1.0,-0.433883739117558,-0.9009688679024191,0,3,0,129.67,121.0,107.0,181.0,40.0,87.0,130.55666666666664,10.029438335881236,141.0,121.0,120.77833333333332,12.703338799962458,141.0,107.0,126.80583333333334,47.775684659635125,207.0,44.0,111.29166666666667,50.33813323883867,207.0,40.0,17.2,18.3,19.6,88.0,82.0,77.0,1.6,1.6,2.0,1015.0,1016.0,1017.0,1536.3999999999999,147.20000000000002,26.72,0.0,0.7747210180163845,2.8474415398783055,0.006214654154496303,15.363999999999999,15.899999999999999,0.01646941176586611,278.89,8464,2.5600000000000005,1028196,1073.1,178.85,11.330000000000013,34.0,-0.5
258,403.0,139.0,1.1,174.0,68.0,6,0.0,1014,93,16.5,0.0,1.6,2023,12,8,5,4,342,49,0.9659258262890683,0.25881904510252074,-2.4492935982947064e-16,1.0,-0.433883739117558,-0.9009688679024191,0,3,0,141.0,129.67,121.0,115.0,44.0,95.0,135.89,5.745981204277352,141.0,129.67,124.445,13.82722495658346,141.0,107.0,134.55583333333334,40.038664826146885,207.0,51.0,113.04166666666667,50.477001277523165,207.0,40.0,16.7,17.8,19.2,92.0,85.0,78.0,1.6,1.6,2.0,1014.0,1015.0,1016.0,1534.5,148.8,26.400000000000002,0.0,0.7873517968287539,2.8992597175559887,0.007913612132286819,15.345,15.7,0.01627217330160424,272.25,8649,2.5600000000000005,1028196,922.1,153.68333333333334,-4.0,16.0,-0.1999999999999993
250,504.0,139.0,1.1,166.0,63.0,6,0.0,1014,93,16.4,0.0,1.6,2023,12,8,6,4,342,49,1.0,6.123233995736766e-17,-2.4492935982947064e-16,1.0,-0.433883739117558,-0.9009688679024191,0,0,0,137.0,141.0,129.67,111.0,51.0,139.0,136.33333333333334,5.033222956838058,141.0,131.0,127.77833333333332,12.259641783781072,141.0,107.0,141.2225,30.349142304788273,207.0,107.0,112.70833333333333,50.32431175508761,207.0,40.0,16.5,17.2,18.7,93.0,88.0,80.0,1.6,1.6,1.6,1014.0,1015.0,1016.0,1525.1999999999998,148.8,26.24,0.0,0.7891518725790808,3.6258731951568692,0.007913612132286819,15.251999999999999,15.599999999999998,0.016173554069473302,268.96,8649,2.5600000000000005,1028196,1004.1,167.35,-6.0,1.3300000000000125,-0.10000000000000142
256,706.0,154.0,1.1,170.0,63.0,19,0.0,1015,94,16.2,2.1,1.2,2023,12,8,7,4,342,49,0.9659258262890683,-0.25881904510252063,-2.4492935982947064e-16,1.0,-0.433883739117558,-0.9009688679024191,0,0,0,131.0,137.0,141.0,107.0,145.0,182.0,134.33333333333334,3.055050463289003,137.0,131.0,132.445,6.946088827531907,141.0,121.0,140.38916666666668,30.37327098208951,207.0,107.0,110.75,48.38787029105959,207.0,40.0,16.4,16.7,18.3,93.0,92.0,82.0,1.6,1.6,1.6,1014.0,1014.0,1016.0,1522.8,112.8,19.439999999999998,0.0,0.7941129758060247,4.584385815676521,0.007142810760969085,15.228,15.6,0.01596057540830009,262.44,8836,1.44,1030225,1229.1,204.85,4.0,-6.0,-0.1999999999999993
202,516.0,105.7,40.1,252.5,72.0,10,0.0,1015,82,18.5,2.3,1.2,2023,12,8,8,4,342,49,0.8660254037844387,-0.4999999999999998,-2.4492935982947064e-16,1.0,-0.433883739117558,-0.9009688679024191,0,0,0,135.0,131.0,137.0,121.0,207.0,156.33,156.0,39.88734135035703,202.0,131.0,145.945,27.76562893218812,202.0,129.67,139.9725,29.39495909938422,202.0,107.0,112.65291666666667,51.08134931308088,207.0,40.0,16.2,16.5,17.8,94.0,93.0,85.0,1.2,1.6,1.6,1015.0,1014.0,1015.0,1517.0,98.39999999999999,22.2,0.0,0.799996831695716,4.881694591347291,0.3793720021570278,15.17,17.9,0.018226583027997015,342.25,6724,1.44,1030225,1188.3000000000002,198.05000000000004,67.0,65.0,2.3000000000000007
199,326.0,57.3,79.0,248.8,81.0,1,0.0,1015,71,20.7,3.4,1.6,2023,12,8,9,4,342,49,0.7071067811865476,-0.7071067811865475,-2.4492935982947064e-16,1.0,-0.433883739117558,-0.9009688679024191,0,0,0,202.0,135.0,131.0,129.67,169.0,145.0,178.66666666666666,37.84617990409637,202.0,135.0,157.5,33.476857678102945,202.0,131.0,142.4725,33.12695939316329,202.0,107.0,114.90291666666667,53.69073383572721,207.0,40.0,18.5,16.4,17.2,82.0,93.0,88.0,1.2,1.6,1.6,1015.0,1014.0,1015.0,1469.7,113.60000000000001,33.12,0.0,0.7998360135208459,5.689254986823965,1.3786844906720652,14.697000000000001,19.9,0.02039406857727234,428.48999999999995,5041,2.5600000000000005,1030225,991.1,165.18333333333334,-3.0,68.0,2.1999999999999993
110,136.0,9.0,118.0,59.0,90.0,14,0.0,1016,62,23.0,3.7,2.4,2023,12,8,10,4,342,49,0.49999999999999994,-0.8660254037844387,-2.4492935982947064e-16,1.0,-0.433883739117558,-0.9009688679024191,0,0,0,199.0,202.0,135.0,141.0,181.0,105.0,146.66666666666666,93.2541330630082,202.0,39.0,140.5,59.396127819917375,202.0,39.0,130.63916666666668,42.225806942788225,202.0,39.0,112.15291666666667,55.866170714070634,207.0,39.0,20.7,16.2,16.7,71.0,94.0,92.0,1.6,1.2,1.6,1015.0,1015.0,1014.0,1426.0,148.79999999999998,55.199999999999996,0.0,0.6610057456653278,15.109432285301635,13.109654482835241,14.26,21.8,0.02263777299431792,529.0,3844,5.76,1032256,451.0,75.16666666666667,-160.0,-96.0,2.3000000000000007
194,131.7,7.3,125.3,242.5,80.0,14,0.0,1014,56,24.1,3.3,2.8,2023,12,8,11,4,342,49,0.258819045102521,-0.9659258262890682,-2.4492935982947064e-16,1.0,-0.433883739117558,-0.9009688679024191,0,0,0,39.0,199.0,202.0,137.0,115.0,85.0,144.0,90.96702699330073,199.0,39.0,150.0,63.163280472122096,202.0,39.0,137.2225,45.590205113298765,202.0,39.0,116.69458333333334,57.95436367853693,207.0,39.0,23.0,18.5,16.5,62.0,82.0,93.0,2.4,1.2,1.6,1016.0,1015.0,1014.0,1349.6000000000001,156.79999999999998,67.48,0.0,0.7999967010445318,18.038624845911517,17.16203259827421,13.496000000000002,22.700000000000003,0.023767234943555284,580.8100000000001,3136,7.839999999999999,1028196,780.8,130.13333333333333,155.0,-8.0,1.1000000000000014
192,127.4,5.7,132.7,108.8,70.0,14,0.0,1013,51,25.3,3.0,2.8,2023,12,8,12,4,342,49,1.2246467991473532e-16,-1.0,-2.4492935982947064e-16,1.0,-0.433883739117558,-0.9009688679024191,0,1,0,194.0,39.0,199.0,131.0,111.0,69.0,106.66666666666667,79.34943814125751,194.0,39.0,142.66666666666666,68.16646291738063,202.0,39.0,135.2225,47.33806350938014,202.0,39.0,117.44458333333334,57.424349174194155,207.0,39.0,24.1,20.7,16.4,56.0,71.0,93.0,2.8,1.6,1.6,1014.0,1015.0,1014.0,1290.3,142.79999999999998,70.84,0.0,0.7996250034466594,22.34695667426767,23.276618137168914,12.902999999999999,23.900000000000002,0.024975296174436157,640.09,2601,7.839999999999999,1026169,531.5999999999999,88.59999999999998,-107.0,-112.0,1.1999999999999993
192,123.1,4.0,140.0,108.8,60.0,13,0.0,1012,46,26.4,2.3,2.8,2023,12,8,13,4,342,49,-0.2588190451025208,-0.9659258262890683,-2.4492935982947064e-16,1.0,-0.433883739117558,-0.9009688679024191,0,1,0,87.0,194.0,39.0,135.0,107.0,49.0,122.66666666666667,61.776478803289244,194.0,87.0,134.66666666666666,71.95739480183138,202.0,39.0,133.55583333333334,48.75297798984913,202.0,39.0,119.02791666666667,55.960323753544465,207.0,39.0,25.3,23.0,16.2,51.0,62.0,94.0,2.8,2.4,1.2,1013.0,1016.0,1015.0,1214.3999999999999,128.79999999999998,73.91999999999999,0.0,0.7996250034466594,30.767308172956756,34.99125218695326,12.143999999999998,25.0,0.02608693074413958,696.9599999999999,2116,7.839999999999999,1024144,522.9000000000001,87.15000000000002,0.0,48.0,1.0999999999999979
152,122.9,4.7,136.7,71.3,57.3,13,0.0,1011,45,26.6,2.0,0.66,2023,12,8,14,4,342,49,-0.4999999999999997,-0.8660254037844388,-2.4492935982947064e-16,1.0,-0.433883739117558,-0.9009688679024191,0,1,0,87.0,87.0,194.0,202.0,121.0,41.0,77.0,17.320508075686693,87.0,57.0,110.5,69.11367447907806,199.0,39.0,128.2225,53.519066122609885,202.0,39.0,119.69458333333334,55.07870660752697,207.0,39.0,26.4,24.1,18.5,46.0,56.0,82.0,2.8,2.8,1.2,1012.0,1014.0,1015.0,1197.0,29.700000000000003,17.556,0.0,0.7994277780115285,26.143373750265898,29.078919378855556,11.97,26.270000000000003,0.026310557556322892,707.5600000000001,2025,0.43560000000000004,1022121,449.90000000000003,74.98333333333333,-30.0,-137.0,0.20000000000000284
161,122.8,5.3,133.3,79.6,54.7,12,0.0,1011,45,26.8,1.4,1.33,2023,12,8,15,4,342,49,-0.7071067811865471,-0.7071067811865479,-2.4492935982947064e-16,1.0,-0.433883739117558,-0.9009688679024191,0,1,0,57.0,87.0,87.0,199.0,129.67,43.0,69.22333333333334,15.752131072755327,87.0,57.0,87.94500000000001,55.12155794242366,194.0,39.0,122.72249999999998,56.6561597589908,202.0,39.0,120.55583333333334,53.977919391952504,207.0,39.0,26.6,25.3,20.7,45.0,51.0,71.0,0.66,2.8,1.6,1011.0,1013.0,1015.0,1206.0,59.85,35.644000000000005,0.0,0.7998643233125212,23.16544048292775,25.146198830409357,12.06,26.135,0.026508381297347876,718.24,2025,1.7689000000000001,1022121,459.37,76.56166666666667,6.670000000000002,-23.33,0.1999999999999993
145,122.6,6.0,130.0,65.0,52.0,12,0.0,1010,44,27.0,1.7,2.0,2023,12,8,16,4,342,49,-0.8660254037844385,-0.5000000000000004,-2.4492935982947064e-16,1.0,-0.433883739117558,-0.9009688679024191,0,1,0,63.67,57.0,87.0,39.0,141.0,40.0,57.55666666666667,5.854881154495601,63.67,52.0,90.11166666666668,53.02866033256578,194.0,52.0,115.30583333333334,59.78495287404215,202.0,39.0,121.05583333333334,53.249953248942454,207.0,39.0,26.8,26.4,23.0,45.0,46.0,62.0,1.33,2.8,2.4,1011.0,1012.0,1016.0,1188.0,88.0,54.0,0.0,0.7999876924970385,20.429928345275787,21.663056157307114,11.88,26.0,0.026732646799359605,729.0,1936,4.0,1020100,427.6,71.26666666666667,-11.670000000000002,-35.0,0.1999999999999993
139,216.0,17.0,88.1,62.5,50.3,12,0.0,1011,51,25.8,2.0,2.33,2023,12,8,17,4,342,49,-0.9659258262890683,-0.25881904510252063,-2.4492935982947064e-16,1.0,-0.433883739117558,-0.9009688679024191,0,1,0,52.0,63.67,57.0,194.0,137.0,44.0,55.223333333333336,7.383063952944503,63.67,50.0,66.11166666666666,16.85440051341602,87.0,50.0,108.05583333333334,62.14361043119532,202.0,39.0,121.30583333333334,52.885295475550635,207.0,39.0,27.0,26.6,24.1,44.0,45.0,56.0,2.0,0.66,2.8,1010.0,1011.0,1014.0,1315.8,118.83,60.114000000000004,0.0,0.7999872002047967,12.705134992059289,5.182048114816775,13.158,24.635,0.025519262592222956,665.64,2601,5.4289000000000005,1022121,483.90000000000003,80.65,-2.0,-7.0,-1.1999999999999993
261,605.0,46.0,4.3,272.0,53.0,12,0.0,1011,59,24.7,0.0,2.66,2023,12,8,18,4,342,49,-1.0,-1.8369701987210297e-16,-2.4492935982947064e-16,1.0,-0.433883739117558,-0.9009688679024191,0,2,0,50.0,52.0,63.67,87.0,131.0,51.0,80.33333333333333,50.81666393352932,139.0,50.0,74.77833333333332,34.193783304376204,139.0,50.0,108.72250000000001,62.45426313784219,202.0,39.0,124.97250000000001,50.808746101777096,207.0,39.0,25.8,26.8,25.3,51.0,45.0,51.0,2.33,1.33,2.8,1011.0,1011.0,1013.0,1457.3,156.94,65.702,0.0,0.5110275329870111,13.151888002434731,0.09347622877763527,14.573,23.369999999999997,0.024431232016585543,610.0899999999999,3481,7.0756000000000006,1022121,1119.3,186.54999999999998,89.0,75.33,-1.1000000000000014
237,403.0,39.0,4.3,220.0,47.0,12,0.0,1012,69,23.5,0.0,3.0,2023,12,8,19,4,342,49,-0.9659258262890684,0.2588190451025203,-2.4492935982947064e-16,1.0,-0.433883739117558,-0.9009688679024191,0,2,0,139.0,50.0,52.0,87.0,135.0,145.0,103.33333333333333,47.05670338361212,139.0,50.0,80.445,39.09087041752805,139.0,50.0,107.55583333333334,62.04820815789917,202.0,39.0,123.97250000000001,50.63331076174773,207.0,39.0,24.7,27.0,26.4,59.0,44.0,46.0,2.66,2.0,2.8,1011.0,1010.0,1012.0,1621.5,207.0,70.5,0.0,0.5499975000113636,10.33306838286198,0.11025358324145534,16.215,22.0,0.02322132092754849,552.25,4761,9.0,1024144,834.3,139.04999999999998,-18.0,69.0,-1.1999999999999993
173,403.0,77.0,7.6,158.0,42.0,12,0.0,1012,71,22.8,0.0,2.33,2023,12,8,20,4,342,49,-0.8660254037844386,0.5000000000000001,-2.4492935982947064e-16,1.0,-0.433883739117558,-0.9009688679024191,0,2,0,121.0,139.0,50.0,57.0,202.0,207.0,111.0,34.11744421846274,139.0,73.0,83.11166666666666,37.692370801882916,139.0,50.0,96.80583333333334,54.968947011981086,199.0,39.0,118.38916666666667,48.419499747489795,202.0,39.0,23.5,25.8,26.6,69.0,51.0,45.0,3.0,2.33,0.66,1012.0,1011.0,1011.0,1618.8,165.43,53.124,0.0,0.4620223922633401,5.233698263658913,0.09870001688289762,16.188,21.635,0.022529622006302367,519.84,5041,5.4289000000000005,1024144,760.6,126.76666666666667,-48.0,23.0,-0.6999999999999993
161,265.8,20.3,56.8,109.3,49.7,12,0.0,1013,73,22.1,0.0,1.66,2023,12,8,21,4,342,49,-0.7071067811865477,0.7071067811865474,-2.4492935982947064e-16,1.0,-0.433883739117558,-0.9009688679024191,0,2,0,73.0,121.0,139.0,63.67,199.0,169.0,85.89,30.761929393325204,121.0,63.67,83.11166666666666,37.692370801882916,139.0,50.0,85.52833333333332,45.091410355839514,194.0,39.0,114.00041666666668,48.40623688517957,202.0,39.0,22.8,24.7,26.8,71.0,59.0,45.0,2.33,2.66,1.33,1012.0,1011.0,1011.0,1613.3000000000002,121.17999999999999,36.686,0.0,0.5825198305596472,13.092951086153391,2.7978917294714543,16.133000000000003,21.270000000000003,0.021816365433005497,488.4100000000001,5329,2.7556,1026169,565.57,94.26166666666667,-9.329999999999998,-75.33,-0.6999999999999993
100,197.3,11.0,83.0,54.0,51.0,12,0.0,1013,76,21.4,0.0,1.0,2023,12,8,22,4,342,49,-0.5000000000000004,0.8660254037844384,-2.4492935982947064e-16,1.0,-0.433883739117558,-0.9009688679024191,0,3,0,63.67,73.0,121.0,52.0,39.0,181.0,57.223333333333336,19.803273298454183,73.0,35.0,80.27833333333334,40.993180123852746,139.0,35.0,85.19500000000001,45.479747240841526,194.0,35.0,107.91708333333334,48.79269443527053,202.0,35.0,22.1,23.5,27.0,73.0,69.0,44.0,1.66,3.0,2.0,1013.0,1012.0,1010.0,1626.3999999999999,76.0,21.4,0.0,0.6481361456269329,17.934733206072178,7.5447686573947825,16.264,20.9,0.02112534933331754,457.9599999999999,5776,1.0,1026169,431.3,71.88333333333334,-28.67,-86.0,-0.7000000000000028
121,202.7,11.7,78.3,57.7,53.7,2,0.0,1013,79,21.0,0.0,0.66,2023,12,8,23,4,342,49,-0.25881904510252157,0.9659258262890681,-2.4492935982947064e-16,1.0,-0.433883739117558,-0.9009688679024191,0,3,0,35.0,63.67,73.0,50.0,194.0,115.0,47.28,14.770284357450219,63.67,35.0,79.14,42.08249089585797,139.0,35.0,72.62583333333333,31.31111724098504,139.0,35.0,104.92416666666668,50.51205520481767,202.0,35.0,21.4,22.8,25.8,76.0,71.0,51.0,1.0,2.33,2.33,1013.0,1012.0,1011.0,1659.0,52.14,13.860000000000001,0.0,0.7481672761303964,17.32330570036749,6.691735749081276,16.59,20.67,0.020730482990638708,441.0,6241,0.43560000000000004,1026169,447.27,74.545,8.170000000000002,-29.83,-0.3999999999999986
143,208.2,12.3,73.7,55.0,56.3,3,0.0,1012,83,20.7,0.0,0.33,2023,12,9,0,5,343,49,0.0,1.0,-2.4492935982947064e-16,1.0,-0.9749279121818236,-0.2225209339563146,0,3,1,43.17,35.0,63.67,139.0,87.0,111.0,43.223333333333336,8.250129291912549,51.5,35.0,64.55666666666667,30.85251540258326,121.0,35.0,69.6675,31.50600235020038,139.0,35.0,102.44500000000001,51.64825557894362,202.0,35.0,21.0,22.1,24.7,79.0,73.0,59.0,0.66,1.66,2.66,1013.0,1013.0,1011.0,1718.1,27.39,6.831,0.0,0.9363466118797841,16.925453215185755,5.991382814405333,17.180999999999997,20.535,0.02045452524256399,428.48999999999995,6889,0.10890000000000001,1024144,457.0,76.16666666666667,8.329999999999998,-12.170000000000002,-0.3000000000000007
155,213.6,13.0,69.0,65.0,59.0,12,0.0,1012,86,20.3,0.0,2.0,2023,12,9,1,5,343,49,0.25881904510252074,0.9659258262890683,-2.4492935982947064e-16,1.0,-0.9749279121818236,-0.2225209339563146,0,3,1,51.5,43.17,35.0,121.0,87.0,107.0,51.39000000000001,8.16555570674386,59.5,43.17,54.30666666666667,13.919292606545719,73.0,35.0,67.37583333333333,31.128548270424773,139.0,35.0,100.46583333333335,52.3711618219394,202.0,35.0,20.7,21.4,23.5,83.0,76.0,69.0,0.33,1.0,3.0,1012.0,1013.0,1012.0,1745.8,172.0,40.6,0.0,0.9153705327610344,16.429505422659794,5.307284055072687,17.458,19.3,0.020059268716137633,412.09000000000003,7396,4.0,1024144,479.1,79.85000000000001,8.0,24.5,-0.3999999999999986
159,219.8,13.7,65.7,65.0,64.7,12,0.0,1012,88,20.1,0.0,1.6,2023,12,9,2,5,343,49,0.49999999999999994,0.8660254037844387,-2.4492935982947064e-16,1.0,-0.9749279121818236,-0.2225209339563146,0,3,1,59.5,51.5,43.17,73.0,57.0,121.0,57.833333333333336,5.686240703071598,62.5,51.5,52.55666666666667,11.558966505126591,63.67,35.0,67.83416666666666,31.002121176206074,139.0,35.0,98.02833333333335,52.7340111079774,202.0,35.0,20.3,21.0,22.8,86.0,79.0,71.0,2.0,0.66,2.33,1012.0,1013.0,1012.0,1768.8000000000002,140.8,32.160000000000004,0.0,0.9615236688666328,16.042624625939716,4.795270418217649,17.688000000000002,19.3,0.019861640452924455,404.01000000000005,7744,2.5600000000000005,1024144,491.4,81.89999999999999,3.0,19.33,-0.1999999999999993
164,302.0,116.0,11.9,92.0,58.0,12,0.0,1012,89,20.0,0.0,1.2,2023,12,9,3,5,343,49,0.7071067811865476,0.7071067811865476,-2.4492935982947064e-16,1.0,-0.9749279121818236,-0.2225209339563146,0,3,1,62.5,59.5,51.5,63.67,63.67,129.67,62.666666666666664,3.2532035493135676,66.0,59.5,52.94499999999999,12.036284725776959,66.0,35.0,68.02833333333334,30.98095920615203,139.0,35.0,95.37541666666668,52.674494362458105,202.0,35.0,20.1,20.7,22.1,88.0,83.0,73.0,1.6,0.33,1.66,1012.0,1012.0,1013.0,1780.0,106.8,24.0,0.0,0.717383506701014,2.6034258325359265,0.10258532254032293,17.8,19.4,0.019762826321317865,400.0,7921,1.44,1024144,645.9,107.64999999999999,3.5,14.5,-0.10000000000000142
153,232.3,15.0,59.0,69.0,76.0,12,0.0,1011,91,19.8,0.0,1.2,2023,12,9,4,5,343,49,0.8660254037844386,0.5000000000000001,-2.4492935982947064e-16,1.0,-0.9749279121818236,-0.2225209339563146,0,3,1,66.0,62.5,59.5,35.0,52.0,141.0,61.166666666666664,5.619905100023216,66.0,55.0,56.27833333333333,8.24492672293927,66.0,43.17,68.27833333333334,30.85169535147994,139.0,35.0,91.79208333333334,52.36006576366584,202.0,35.0,20.0,20.3,21.4,89.0,86.0,76.0,1.2,2.0,1.0,1012.0,1012.0,1013.0,1801.8,109.2,23.76,0.0,0.7970898972478659,15.485634291047266,3.9330711285914273,18.018,19.2,0.01958455036147343,392.04,8281,1.44,1022121,506.3,84.38333333333334,-11.0,-4.5,-0.1999999999999993
200,322.8,25.3,40.8,116.3,66.3,12,0.0,1012,92,19.5,0.0,0.8,2023,12,9,5,5,343,49,0.9659258262890683,0.25881904510252074,-2.4492935982947064e-16,1.0,-0.9749279121818236,-0.2225209339563146,0,3,1,55.0,66.0,62.5,43.17,50.0,137.0,71.33333333333333,19.55334583474816,93.0,55.0,64.58333333333333,14.850645328289191,93.0,51.5,71.86166666666666,31.0323557929547,139.0,35.0,89.95875000000001,51.471096094334555,202.0,35.0,19.8,20.1,21.0,91.0,88.0,79.0,1.2,1.6,0.66,1011.0,1012.0,1013.0,1794.0,73.60000000000001,15.600000000000001,0.0,0.7996491861634896,12.758388996482353,1.6125844828267655,17.94,19.1,0.01926875566328492,380.25,8464,0.6400000000000001,1024144,664.5,110.75,38.0,30.5,-0.3000000000000007
208,413.4,35.7,22.5,101.0,56.7,12,0.0,1012,93,19.1,0.0,0.8,2023,12,9,6,5,343,49,1.0,6.123233995736766e-17,-2.4492935982947064e-16,1.0,-0.9749279121818236,-0.2225209339563146,0,0,1,93.0,55.0,66.0,51.5,139.0,131.0,82.33333333333333,23.860706890896154,99.0,55.0,72.5,18.65475810617684,99.0,55.0,68.52833333333332,24.658906129734834,121.0,35.0,88.62541666666668,50.77143547988823,202.0,35.0,19.5,20.0,20.7,92.0,89.0,83.0,0.8,1.2,0.33,1012.0,1012.0,1012.0,1776.3000000000002,74.4,15.280000000000001,0.0,0.9801883149671785,11.579507576818576,0.6302344472143637,17.763,18.700000000000003,0.01887349913685856,364.81000000000006,8649,0.6400000000000001,1024144,728.3,121.38333333333333,6.0,33.0,-0.3999999999999986
254,504.0,46.0,4.3,168.0,47.0,12,0.0,1013,94,18.8,1.9,0.4,2023,12,9,7,5,343,49,0.9659258262890683,-0.25881904510252063,-2.4492935982947064e-16,1.0,-0.9749279121818236,-0.2225209339563146,0,0,1,99.0,93.0,55.0,59.5,121.0,135.0,108.66666666666667,22.143471573654605,134.0,93.0,84.91666666666667,29.759732301662865,134.0,55.0,69.61166666666666,27.31609277042284,134.0,35.0,88.58375000000001,50.73211758729722,202.0,35.0,19.1,19.8,20.3,93.0,91.0,86.0,0.8,1.2,2.0,1012.0,1011.0,1012.0,1767.2,37.6,7.5200000000000005,0.0,0.7976142999148814,10.956283559053064,0.09347622877763527,17.672,18.6,0.01855871810590513,353.44000000000005,8836,0.16000000000000003,1026169,903.3,150.54999999999998,35.0,79.0,-0.3000000000000007
189,398.1,36.0,32.2,85.0,69.0,22,0.0,1013,87,20.3,2.2,0.33,2023,12,9,8,5,343,49,0.8660254037844387,-0.4999999999999998,-2.4492935982947064e-16,1.0,-0.9749279121818236,-0.2225209339563146,0,0,1,134.0,99.0,93.0,62.5,73.0,202.0,106.0,25.23885892824628,134.0,85.0,88.66666666666667,27.717623755773797,134.0,55.0,70.61166666666666,27.668784785658268,134.0,35.0,83.70875,44.612057671373535,199.0,35.0,18.8,19.5,20.1,94.0,92.0,88.0,0.4,0.8,1.6,1013.0,1012.0,1012.0,1766.1000000000001,28.71,6.699000000000001,0.0,0.9999882354325242,11.058026165939836,0.8944195994555708,17.661,20.135,0.02003946689095075,412.09000000000003,7569,0.10890000000000001,1026169,705.3,117.55,-49.0,-8.0,1.5
269,292.1,26.0,60.1,181.3,91.0,31,0.0,1013,80,21.9,3.3,0.66,2023,12,9,9,5,343,49,0.7071067811865476,-0.7071067811865475,-2.4492935982947064e-16,1.0,-0.9749279121818236,-0.2225209339563146,0,0,1,85.0,134.0,99.0,66.0,63.67,199.0,121.33333333333333,31.94265695481898,145.0,85.0,101.83333333333333,33.047944968887776,145.0,55.0,77.38916666666667,34.84433107886069,145.0,35.0,81.45875,39.62787000304589,194.0,35.0,20.3,19.1,20.0,87.0,93.0,89.0,0.33,0.8,1.2,1013.0,1012.0,1012.0,1752.0,52.800000000000004,14.454,0.0,0.7997749598733597,11.234183300642284,2.311449559632322,17.52,21.57,0.021618932261666078,479.60999999999996,6400,0.43560000000000004,1026169,795.5,132.58333333333334,60.0,46.0,1.5999999999999979
173,186.2,16.0,88.0,91.0,113.0,41,0.0,1013,73,23.4,4.7,1.0,2023,12,9,10,5,343,49,0.49999999999999994,-0.8660254037844387,-2.4492935982947064e-16,1.0,-0.9749279121818236,-0.2225209339563146,0,0,1,145.0,85.0,134.0,55.0,35.0,39.0,101.0,38.57460304397077,145.0,73.0,104.83333333333333,28.442339331824215,145.0,73.0,80.55583333333333,32.273675582523666,145.0,43.17,82.87541666666667,38.63941679494746,194.0,35.0,21.9,18.8,19.8,80.0,94.0,91.0,0.66,0.4,1.2,1013.0,1013.0,1011.0,1708.1999999999998,73.0,23.4,0.0,0.8021889869342095,11.636772701706143,5.4996562714830315,17.081999999999997,22.9,0.0230996810467117,547.56,5329,1.0,1026169,567.2,94.53333333333335,-72.0,-61.0,1.5
152,292.1,69.7,65.5,190.0,94.7,51,0.0,1012,70,24.7,3.7,1.0,2023,12,9,11,5,343,49,0.258819045102521,-0.9659258262890682,-2.4492935982947064e-16,1.0,-0.9749279121818236,-0.2225209339563146,0,0,1,73.0,145.0,85.0,93.0,43.17,194.0,123.33333333333333,43.730233629986984,152.0,73.0,114.66666666666667,33.31466143707052,152.0,73.0,89.625,35.90019308633713,152.0,51.5,81.12541666666667,34.06843445046809,152.0,35.0,23.4,20.3,19.5,73.0,87.0,92.0,1.0,0.33,0.8,1013.0,1013.0,1012.0,1729.0,70.0,24.7,0.0,0.7999957894958447,4.190757664882857,0.9397282678871177,17.29,24.2,0.024407090506827562,610.0899999999999,4900,1.0,1024144,864.0,144.0,79.0,67.0,1.3000000000000007
276,398.1,123.3,43.0,187.5,76.3,61,0.0,1012,67,26.0,3.2,1.0,2023,12,9,12,5,343,49,1.2246467991473532e-16,-1.0,-2.4492935982947064e-16,1.0,-0.9749279121818236,-0.2225209339563146,0,1,1,152.0,73.0,145.0,99.0,51.5,87.0,125.0,45.04442251821984,152.0,73.0,123.16666666666667,34.98237651542035,152.0,73.0,97.83333333333333,37.61064485036825,152.0,55.0,83.75041666666667,36.85397842710936,152.0,35.0,24.7,21.9,19.1,70.0,80.0,93.0,1.0,0.66,0.8,1012.0,1013.0,1012.0,1742.0,67.0,26.0,0.0,0.7999957333560888,3.2286842766887536,0.34874007510076965,17.42,25.5,0.025691674217713224,676.0,4489,1.0,1024144,978.1999999999999,163.03333333333333,-2.0,5.0,1.3000000000000007
197,504.0,177.0,20.5,124.5,58.0,70,0.0,1011,65,27.3,3.7,1.0,2023,12,9,13,5,343,49,-0.2588190451025208,-0.9659258262890683,-2.4492935982947064e-16,1.0,-0.9749279121818236,-0.2225209339563146,0,1,1,150.0,152.0,73.0,134.0,59.5,87.0,131.0,34.65544690232559,152.0,91.0,116.0,36.68242085795275,152.0,73.0,100.45833333333333,35.74496679974788,152.0,55.0,83.91708333333334,36.87834977907202,152.0,35.0,26.0,23.4,18.8,67.0,73.0,94.0,1.0,1.0,0.4,1012.0,1013.0,1013.0,1774.5,65.0,27.3,0.0,0.7309178239532212,2.8474415398783055,0.11581855469743109,17.745,26.8,0.027002940649910337,745.2900000000001,4225,1.0,1022121,975.0,162.5,-59.0,18.0,1.3000000000000007
193,403.0,146.0,20.5,119.5,58.0,80,0.0,1010,66,27.0,2.0,0.66,2023,12,9,14,5,343,49,-0.4999999999999997,-0.8660254037844388,-2.4492935982947064e-16,1.0,-0.9749279121818236,-0.2225209339563146,0,1,1,91.0,150.0,152.0,85.0,62.5,57.0,109.66666666666667,34.961884007204894,150.0,88.0,116.5,36.19254066793276,152.0,73.0,102.58333333333333,33.9985516625553,152.0,55.0,85.20875,36.434808286737976,152.0,35.0,27.3,24.7,20.3,65.0,70.0,87.0,1.0,1.0,0.33,1011.0,1012.0,1013.0,1782.0,43.56,17.82,0.0,0.7363955113346331,2.760255066746118,0.14040999719180006,17.82,26.67,0.026732646799359605,729.0,4356,0.43560000000000004,1020100,835.0,139.16666666666666,-3.0,-64.0,-0.3000000000000007
235,403.0,193.0,15.1,166.0,58.0,90,0.0,1009,68,26.8,1.7,0.33,2023,12,9,15,5,343,49,-0.7071067811865471,-0.7071067811865479,-2.4492935982947064e-16,1.0,-0.9749279121818236,-0.2225209339563146,0,1,1,88.0,91.0,150.0,145.0,66.0,63.67,99.33333333333333,17.097758137640536,119.0,88.0,112.16666666666667,33.55840679571415,152.0,73.0,107.0,32.20954121769624,152.0,55.0,87.51416666666667,36.76172571488285,152.0,35.0,27.0,26.0,21.9,66.0,67.0,80.0,0.66,1.0,0.66,1010.0,1012.0,1013.0,1822.4,22.44,8.844000000000001,0.0,0.7168631514267986,2.0880720825280696,0.07823793659100212,18.224,26.635,0.02656092511305737,718.24,4624,0.10890000000000001,1018081,954.1,159.01666666666668,31.0,-31.0,-0.1999999999999993
196,119.1,6.0,101.0,113.0,43.0,100,0.0,1008,69,26.5,2.2,2.8,2023,12,9,16,5,343,49,-0.8660254037844385,-0.5000000000000004,-2.4492935982947064e-16,1.0,-0.9749279121818236,-0.2225209339563146,0,1,1,119.0,88.0,91.0,73.0,55.0,52.0,99.0,17.349351572895166,119.0,88.0,115.0,30.133038346638173,152.0,88.0,109.91666666666667,28.436398996334184,152.0,73.0,89.09750000000001,35.97554703938019,152.0,35.0,26.8,27.3,23.4,68.0,65.0,73.0,0.33,1.0,1.0,1009.0,1011.0,1013.0,1828.5,193.2,74.19999999999999,0.0,0.796453128733374,19.84669221796367,16.83052824529245,18.285,25.1,0.02628965645867415,702.25,4761,7.839999999999999,1016064,472.1,78.68333333333334,-29.0,-1.0,-0.3000000000000007
231,403.0,123.0,3.2,159.5,47.0,95,0.0,1009,74,25.9,2.0,0.33,2023,12,9,17,5,343,49,-0.9659258262890683,-0.25881904510252063,-2.4492935982947064e-16,1.0,-0.9749279121818236,-0.2225209339563146,0,1,1,90.0,119.0,88.0,152.0,93.0,50.0,108.33333333333333,15.94783161853831,119.0,90.0,109.0,24.314604664685938,150.0,88.0,111.83333333333333,27.963721085893148,152.0,73.0,91.84750000000001,35.37448702961988,152.0,35.0,26.5,27.0,24.7,69.0,66.0,70.0,2.8,0.66,1.0,1008.0,1010.0,1012.0,1916.6,24.42,8.547,0.0,0.7272681675976953,3.276396126860757,0.026016048650010976,19.166,25.735,0.02566895374732037,670.81,5476,0.10890000000000001,1018081,851.7,141.95000000000002,26.0,28.0,-0.6000000000000014
240,375.7,110.0,40.9,153.8,53.0,91,0.0,1009,79,25.4,0.0,0.66,2023,12,9,18,5,343,49,-1.0,-1.8369701987210297e-16,-2.4492935982947064e-16,1.0,-0.9749279121818236,-0.2225209339563146,0,2,1,116.0,90.0,119.0,150.0,99.0,139.0,109.66666666666667,17.387735140990895,123.0,90.0,104.5,16.428633540254268,123.0,88.0,113.83333333333333,27.82031087118951,152.0,73.0,91.18083333333334,34.58926887077178,152.0,35.0,25.9,26.8,26.0,74.0,68.0,67.0,0.33,0.33,1.0,1009.0,1009.0,1012.0,2006.6,52.14,16.764,0.0,0.7997347221409483,3.415423496150035,0.371814801683621,20.066,25.07,0.0251734140996887,645.16,6241,0.43560000000000004,1018081,856.4000000000001,142.73333333333335,7.0,4.0,-0.5
211,504.0,162.0,10.8,128.5,58.0,87,0.0,1009,85,24.8,0.0,1.0,2023,12,9,19,5,343,49,-0.9659258262890684,0.2588190451025203,-2.4492935982947064e-16,1.0,-0.9749279121818236,-0.2225209339563146,0,2,1,123.0,116.0,90.0,91.0,134.0,121.0,113.33333333333333,11.23981020005446,123.0,101.0,106.16666666666667,15.250136611408895,123.0,88.0,111.08333333333333,27.27122470608214,152.0,73.0,90.34750000000001,34.07674819273918,152.0,35.0,25.4,26.5,27.3,79.0,69.0,65.0,0.66,2.8,1.0,1009.0,1008.0,1011.0,2108.0,85.0,24.8,0.0,0.7859861012754764,3.1110919068400813,0.06666625514657318,21.08,24.3,0.0245787665225307,615.0400000000001,7225,1.0,1018081,964.3,160.71666666666667,-22.0,11.0,-0.5999999999999979
189,403.0,116.0,11.9,113.0,58.0,87,0.0,1009,86,24.4,0.0,1.66,2023,12,9,20,5,343,49,-0.8660254037844386,0.5000000000000001,-2.4492935982947064e-16,1.0,-0.9749279121818236,-0.2225209339563146,0,2,1,101.0,123.0,116.0,88.0,85.0,73.0,102.83333333333333,19.315365213561243,123.0,84.5,105.58333333333333,16.125807473321576,123.0,84.5,111.04166666666667,27.315046081311493,152.0,73.0,90.82666666666667,33.902620607528554,152.0,35.0,24.8,25.9,27.0,85.0,74.0,66.0,1.0,0.33,0.66,1009.0,1009.0,1010.0,2098.4,142.76,40.504,0.0,0.7477809930885567,3.4741079818277427,0.10258532254032293,20.984,23.57,0.024182334804425366,595.3599999999999,7396,2.7556,1018081,786.4,131.06666666666666,-16.5,-31.5,-0.40000000000000213
161,269.9,60.0,47.6,64.0,44.0,87,0.0,1010,88,24.0,0.0,2.33,2023,12,9,21,5,343,49,-0.7071067811865477,0.7071067811865474,-2.4492935982947064e-16,1.0,-0.9749279121818236,-0.2225209339563146,0,2,1,84.5,101.0,123.0,119.0,145.0,63.67,83.16666666666667,18.5360010070473,101.0,64.0,96.41666666666667,21.6573698002928,123.0,64.0,104.29166666666667,28.155782817398862,152.0,64.0,90.84041666666667,33.89119270986417,152.0,35.0,24.4,25.4,26.8,86.0,79.0,68.0,1.66,0.66,0.33,1009.0,1009.0,1009.0,2112.0,205.04000000000002,55.92,0.0,0.9999843752441367,4.498258362360627,0.7933201113314778,21.12,22.835,0.023762352710541872,576.0,7744,5.4289000000000005,1020100,549.5,91.58333333333333,-20.5,-59.0,-0.3999999999999986
134,152.9,9.0,66.0,60.0,37.0,87,0.0,1010,89,23.6,0.0,3.0,2023,12,9,22,5,343,49,-0.5000000000000004,0.8660254037844384,-2.4492935982947064e-16,1.0,-0.9749279121818236,-0.2225209339563146,0,3,1,64.0,84.5,101.0,90.0,73.0,35.0,65.5,18.296174463530107,84.5,48.0,89.41666666666667,29.51002654466165,123.0,48.0,102.20833333333333,31.41761111031064,152.0,48.0,91.38208333333334,33.05345156997156,152.0,43.17,24.0,24.8,26.5,88.0,85.0,69.0,2.33,1.0,2.8,1010.0,1009.0,1008.0,2100.4,267.0,70.80000000000001,0.0,0.7999866668888852,16.98700144428397,7.33251860904344,21.004,22.1,0.02336631349869951,556.96,7921,9.0,1020100,372.9,62.15,-16.0,-53.0,-0.3999999999999986
200,146.7,9.0,63.0,116.3,35.7,70,0.0,1009,90,23.4,0.0,2.33,2023,12,9,23,5,343,49,-0.25881904510252157,0.9659258262890681,-2.4492935982947064e-16,1.0,-0.9749279121818236,-0.2225209339563146,0,3,1,48.0,64.0,84.5,116.0,152.0,43.17,68.33333333333333,22.810816147899306,93.0,48.0,85.58333333333333,26.72904163389768,123.0,48.0,97.29166666666667,27.258408488634462,150.0,48.0,93.45833333333333,31.417911212039332,152.0,48.0,23.6,24.4,25.9,89.0,86.0,74.0,3.0,1.66,0.33,1010.0,1009.0,1009.0,2106.0,209.70000000000002,54.522,0.0,0.7996491861634896,16.2981890901011,6.999222308632374,21.06,22.235,0.023191255509162033,547.56,8100,5.4289000000000005,1018081,463.7,77.28333333333333,45.0,8.5,-0.20000000000000284
184,140.5,9.0,60.0,101.3,34.3,54,0.0,1009,92,23.2,0.0,1.66,2023,12,10,0,6,344,49,0.0,1.0,-2.4492935982947064e-16,1.0,-0.7818314824680299,0.6234898018587334,0,3,1,93.0,48.0,64.0,123.0,150.0,51.5,74.0,23.30236039546055,93.0,48.0,78.58333333333333,19.489527102180702,101.0,48.0,91.54166666666667,21.8751190472934,123.0,48.0,94.6875,30.260755364290603,152.0,48.0,23.4,24.0,25.4,90.0,88.0,79.0,2.33,2.33,0.66,1009.0,1010.0,1009.0,2134.4,152.72,38.512,0.0,0.7995972399087866,15.609376735918232,6.665926008221309,21.344,22.37,0.022993039650109365,538.24,8464,2.7556,1018081,426.1,71.01666666666667,-12.0,17.0,-0.1999999999999993
139,134.2,9.0,57.0,50.0,33.0,37,0.0,1009,93,23.0,0.0,1.0,2023,12,10,1,6,344,49,0.25881904510252074,0.9659258262890683,-2.4492935982947064e-16,1.0,-0.7818314824680299,0.6234898018587334,0,3,1,81.0,93.0,48.0,101.0,91.0,59.5,74.66666666666667,22.188585654188543,93.0,50.0,70.08333333333333,18.869066396264465,93.0,48.0,88.125,24.95279634538923,123.0,48.0,94.29166666666667,30.798403638284853,152.0,48.0,23.2,23.6,24.8,92.0,89.0,85.0,1.66,3.0,1.0,1009.0,1010.0,1009.0,2139.0,93.0,23.0,0.0,0.999980000399992,14.909454505054994,6.332629707810244,21.39,22.5,0.022794823791056698,529.0,8649,1.0,1018081,333.2,55.53333333333333,-31.0,2.0,-0.1999999999999993
151,131.3,9.3,55.7,56.0,34.0,58,0.0,1009,93,23.1,0.0,0.66,2023,12,10,2,6,344,49,0.49999999999999994,0.8660254037844387,-2.4492935982947064e-16,1.0,-0.7818314824680299,0.6234898018587334,0,3,1,50.0,81.0,93.0,84.5,88.0,62.5,62.333333333333336,16.441816606849315,81.0,50.0,65.33333333333333,18.08498456362729,93.0,48.0,85.45833333333333,26.62146974746278,123.0,48.0,94.02083333333333,31.117057801661375,152.0,48.0,23.0,23.4,24.4,93.0,90.0,86.0,1.0,2.33,1.66,1009.0,1009.0,1009.0,2148.3,61.38,15.246000000000002,0.0,0.9999821431760147,14.116761638533491,5.988603375981078,21.483,22.770000000000003,0.022893931720583034,533.61,8649,0.43560000000000004,1018081,342.3,57.050000000000004,6.0,-37.0,0.10000000000000142
134,128.4,9.7,54.3,48.0,35.0,79,0.0,1008,94,23.1,0.0,0.33,2023,12,10,3,6,344,49,0.7071067811865476,0.7071067811865476,-2.4492935982947064e-16,1.0,-0.7818314824680299,0.6234898018587334,0,3,1,56.0,50.0,81.0,64.0,119.0,66.0,51.333333333333336,4.163331998924621,56.0,48.0,62.666666666666664,19.44907881280339,93.0,48.0,79.54166666666667,26.37789909386235,123.0,48.0,93.27083333333333,32.02545833995367,152.0,48.0,23.1,23.2,24.0,93.0,92.0,88.0,0.66,1.66,2.33,1009.0,1009.0,1010.0,2171.4,31.020000000000003,7.623000000000001,0.0,0.9999791671006855,13.23574889186682,5.597361096794145,21.714000000000002,22.935000000000002,0.022916643931900862,533.61,8836,0.10890000000000001,1016064,323.4,53.9,-8.0,-33.0,0.0
137,125.5,10.0,53.0,49.0,36.0,100,0.0,1008,94,23.2,0.0,1.2,2023,12,10,4,6,344,49,0.8660254037844386,0.5000000000000001,-2.4492935982947064e-16,1.0,-0.7818314824680299,0.6234898018587334,0,3,1,48.0,56.0,50.0,48.0,90.0,55.0,51.0,4.358898943533384,56.0,48.0,62.833333333333336,19.301986080883946,93.0,48.0,76.125,27.53025195538893,123.0,48.0,93.02083333333333,32.358883991702434,152.0,48.0,23.1,23.0,23.6,94.0,93.0,89.0,0.33,1.0,3.0,1008.0,1009.0,1010.0,2180.7999999999997,112.8,27.84,0.0,0.9999795922532194,12.548745125487452,5.2994700529947005,21.807999999999996,22.599999999999998,0.02301585018268831,538.24,8836,1.44,1016064,322.5,53.75,1.0,-1.0,0.09999999999999787
100,285.3,47.7,37.1,44.0,39.7,75,0.0,1009,94,23.2,0.0,1.2,2023,12,10,5,6,344,49,0.9659258262890683,0.25881904510252074,-2.4492935982947064e-16,1.0,-0.7818314824680299,0.6234898018587334,0,3,1,49.0,48.0,56.0,93.0,116.0,93.0,44.0,7.810249675902739,49.0,35.0,53.166666666666664,15.276343367005033,81.0,35.0,69.375,26.784599543902,123.0,35.0,90.60416666666667,34.45822270981035,152.0,35.0,23.2,23.1,23.4,94.0,93.0,90.0,1.2,0.66,2.33,1008.0,1009.0,1009.0,2180.7999999999997,112.8,27.84,0.0,0.7954364673530148,5.9810066874908285,0.7777614725058175,21.807999999999996,22.599999999999998,0.022993039650109365,538.24,8836,1.44,1018081,488.8,81.46666666666667,-14.0,-21.0,0.0
173,445.2,85.3,21.3,91.3,43.3,50,0.0,1009,94,23.2,0.0,1.6,2023,12,10,6,6,344,49,1.0,6.123233995736766e-17,-2.4492935982947064e-16,1.0,-0.7818314824680299,0.6234898018587334,0,0,1,35.0,49.0,48.0,81.0,123.0,99.0,52.333333333333336,19.218047073864433,73.0,35.0,51.833333333333336,12.448560827125311,73.0,35.0,65.20833333333333,20.934376180352928,101.0,35.0,89.52083333333333,34.5912401472914,152.0,35.0,23.2,23.1,23.2,94.0,94.0,92.0,1.2,0.33,1.66,1009.0,1008.0,1009.0,2180.7999999999997,150.4,37.12,0.0,0.7995531264717801,5.219165074266421,0.24970398940223446,21.807999999999996,22.4,0.022993039650109365,538.24,8836,2.5600000000000005,1018081,759.3999999999999,126.56666666666665,38.0,25.0,0.0
239,605.0,123.0,5.4,147.0,47.0,25,0.0,1010,94,23.2,0.6,1.6,2023,12,10,7,6,344,49,0.9659258262890683,-0.25881904510252063,-2.4492935982947064e-16,1.0,-0.7818314824680299,0.6234898018587334,0,0,1,73.0,35.0,49.0,50.0,101.0,134.0,76.83333333333333,43.875771598152674,122.5,35.0,63.916666666666664,31.27045996890096,122.5,35.0,67.0,24.833079111977643,122.5,35.0,89.04166666666667,34.023302969106105,152.0,35.0,23.2,23.2,23.0,94.0,94.0,93.0,1.6,1.2,1.0,1009.0,1008.0,1009.0,2180.7999999999997,150.4,37.12,0.0,0.8333276644376568,4.9186591978926995,0.04390208209689352,21.807999999999996,22.4,0.02297027428685714,538.24,8836,2.5600000000000005,1020100,1049.9,174.98333333333335,49.5,73.5,0.0
260,504.0,100.0,5.4,172.0,47.0,45,0.0,1010,93,23.3,0.8,0.33,2023,12,10,8,6,344,49,0.8660254037844387,-0.4999999999999998,-2.4492935982947064e-16,1.0,-0.7818314824680299,0.6234898018587334,0,0,1,122.5,73.0,35.0,56.0,84.5,85.0,111.16666666666667,33.94971772096566,138.0,73.0,77.58333333333333,42.881717160890794,138.0,35.0,71.45833333333333,32.02233477187987,138.0,35.0,91.25,35.440090293339395,152.0,35.0,23.2,23.2,23.1,94.0,94.0,93.0,1.6,1.2,0.66,1010.0,1009.0,1009.0,2166.9,30.69,7.689000000000001,0.0,0.8023209167388562,5.039949600503995,0.053999460005399944,21.669,23.135,0.023069284089817736,542.89,8649,0.10890000000000001,1020100,966.4,161.06666666666666,15.5,103.0,0.10000000000000142
241,403.0,116.0,4.3,160.0,47.0,66,0.0,1011,92,23.5,1.1,0.66,2023,12,10,9,6,344,49,0.7071067811865476,-0.7071067811865475,-2.4492935982947064e-16,1.0,-0.7818314824680299,0.6234898018587334,0,0,1,138.0,122.5,73.0,48.0,64.0,145.0,128.16666666666666,8.548879068816188,138.0,122.5,90.25,43.613931260549855,138.0,35.0,76.45833333333333,35.271323874767035,138.0,35.0,90.375,34.296105115406405,152.0,35.0,23.3,23.2,23.1,93.0,94.0,94.0,0.33,1.6,0.33,1010.0,1009.0,1008.0,2162.0,60.720000000000006,15.510000000000002,0.0,0.7749951562802733,3.4741079818277427,0.03706864595994862,21.62,23.17,0.023244289570435638,552.25,8464,0.43560000000000004,1022121,854.3,142.38333333333333,-14.0,51.0,0.1999999999999993
217,107.4,6.0,78.0,106.0,37.0,87,0.0,1012,91,23.6,1.5,1.0,2023,12,10,10,6,344,49,0.49999999999999994,-0.8660254037844387,-2.4492935982947064e-16,1.0,-0.7818314824680299,0.6234898018587334,0,0,1,124.0,138.0,122.5,49.0,48.0,73.0,122.66666666666667,16.04161255401855,138.0,106.0,99.75,38.770800868694565,138.0,35.0,81.29166666666667,34.989906553261676,138.0,35.0,91.75,34.23067528452853,152.0,35.0,23.5,23.2,23.2,92.0,94.0,94.0,0.66,1.6,1.2,1011.0,1010.0,1008.0,2147.6,91.0,23.6,0.0,0.9999905661267346,17.897017163806034,12.99783369438427,21.476,23.1,0.023320135059155082,556.96,8281,1.0,1024144,440.4,73.39999999999999,-18.0,-16.5,0.10000000000000142
157,104.1,5.3,82.3,76.0,35.0,83,0.0,1011,88,24.7,1.9,1.0,2023,12,10,11,6,344,49,0.258819045102521,-0.9659258262890682,-2.4492935982947064e-16,1.0,-0.7818314824680299,0.6234898018587334,0,0,1,106.0,124.0,138.0,35.0,93.0,152.0,97.0,32.44996147917468,124.0,61.0,104.08333333333333,30.69921280206763,138.0,61.0,78.625,35.23500648244733,138.0,35.0,87.95833333333333,32.24933995504838,150.0,35.0,23.6,23.3,23.2,91.0,93.0,94.0,1.0,0.33,1.2,1012.0,1010.0,1009.0,2173.6,88.0,24.7,0.0,0.802621018144498,19.637804187889074,15.525372571212978,21.736,24.2,0.024431232016585543,610.0899999999999,7744,1.0,1022121,363.7,60.61666666666667,-45.0,-77.0,1.0999999999999979
222,100.8,4.7,86.7,277.5,33.0,79,0.0,1010,86,25.7,2.0,1.0,2023,12,10,12,6,344,49,1.2246467991473532e-16,-1.0,-2.4492935982947064e-16,1.0,-0.7818314824680299,0.6234898018587334,0,1,1,61.0,106.0,124.0,73.0,81.0,150.0,129.66666666666666,83.0682450358333,222.0,61.0,128.91666666666666,52.82084500144457,222.0,61.0,90.375,54.3979967044235,222.0,35.0,90.95833333333333,40.55187677709846,222.0,35.0,24.7,23.5,23.2,88.0,92.0,94.0,1.0,0.66,1.6,1011.0,1011.0,1009.0,2210.2,86.0,25.7,0.0,0.7999971171275059,21.44224633056796,18.442884492661136,22.101999999999997,25.2,0.02544551936087192,660.49,7396,1.0,1020100,724.7,120.78333333333335,161.0,98.0,1.0
156,97.5,4.0,91.0,60.0,31.0,75,0.0,1009,84,26.8,1.8,1.0,2023,12,10,13,6,344,49,-0.2588190451025208,-0.9659258262890683,-2.4492935982947064e-16,1.0,-0.7818314824680299,0.6234898018587334,0,1,1,222.0,61.0,106.0,122.5,50.0,91.0,114.33333333333333,93.24340906108725,222.0,60.0,118.5,60.01249869818757,222.0,60.0,91.20833333333333,53.79652672690601,222.0,35.0,89.66666666666667,41.041248250644905,222.0,35.0,25.7,23.6,23.2,86.0,91.0,94.0,1.0,1.0,1.6,1010.0,1012.0,1010.0,2251.2000000000003,84.0,26.8,0.0,0.9999833336111065,24.368907773056733,22.74431392151962,22.512000000000004,26.3,0.02656092511305737,718.24,7056,1.0,1018081,343.5,57.25,-162.0,-46.0,1.1000000000000014
123,199.3,38.7,62.1,44.0,36.3,54,0.0,1008,79,27.0,1.4,1.66,2023,12,10,14,6,344,49,-0.4999999999999997,-0.8660254037844388,-2.4492935982947064e-16,1.0,-0.7818314824680299,0.6234898018587334,0,1,1,60.0,222.0,61.0,138.0,56.0,88.0,108.66666666666667,98.47503913852104,222.0,44.0,102.83333333333333,65.88601267846335,222.0,44.0,90.20833333333333,54.615789563979526,222.0,35.0,87.83333333333333,42.088330166828094,222.0,35.0,26.8,24.7,23.3,84.0,88.0,93.0,1.0,1.0,0.33,1009.0,1011.0,1010.0,2133.0,131.14,44.82,0.0,0.9999772732437899,5.14973773287512,1.6046097000077517,21.33,26.17,0.026785687712611396,729.0,6241,2.7556,1016064,424.40000000000003,70.73333333333333,-16.0,-17.0,0.1999999999999993
161,403.0,123.0,5.4,102.0,42.0,33,0.0,1008,75,27.2,1.1,2.33,2023,12,10,15,6,344,49,-0.7071067811865471,-0.7071067811865479,-2.4492935982947064e-16,1.0,-0.7818314824680299,0.6234898018587334,0,1,1,44.0,60.0,222.0,124.0,48.0,119.0,55.833333333333336,10.39631344916401,63.5,44.0,92.75,66.62413226451784,222.0,44.0,91.5,53.70246312278861,222.0,35.0,85.52083333333333,41.82533015713886,222.0,35.0,27.0,25.7,23.5,79.0,86.0,92.0,1.66,1.0,0.66,1008.0,1010.0,1011.0,2040.0,174.75,63.376,0.0,0.6225429162459192,3.276396126860757,0.04390208209689352,20.4,26.035,0.026984100214186294,739.8399999999999,5625,5.4289000000000005,1016064,738.9,123.14999999999999,19.5,-158.5,0.1999999999999993
153,403.0,108.0,4.3,97.0,47.0,12,0.0,1007,71,27.4,0.9,3.0,2023,12,10,16,6,344,49,-0.8660254037844385,-0.5000000000000004,-2.4492935982947064e-16,1.0,-0.7818314824680299,0.6234898018587334,0,1,1,63.5,44.0,60.0,106.0,49.0,90.0,55.166666666666664,10.054020754567233,63.5,44.0,84.75,67.58975514084932,222.0,44.0,92.25,53.11458454049148,222.0,35.0,84.1875,42.18484492450332,222.0,35.0,27.2,26.8,23.6,75.0,84.0,91.0,2.33,1.0,1.0,1008.0,1009.0,1012.0,1945.3999999999999,213.0,82.19999999999999,0.0,0.5979319800826796,3.7314469310469347,0.03981444616253553,19.453999999999997,25.9,0.027209506246766386,750.7599999999999,5041,9.0,1014049,717.3,119.55,-5.5,-2.0,0.1999999999999993
102,403.0,108.0,4.0,45.0,49.0,33,0.0,1008,75,26.9,1.4,2.33,2023,12,10,17,6,344,49,-0.9659258262890683,-0.25881904510252063,-2.4492935982947064e-16,1.0,-0.7818314824680299,0.6234898018587334,0,1,1,58.0,63.5,44.0,61.0,35.0,116.0,52.5,14.551632210853057,63.5,36.0,80.58333333333333,70.07168948060716,222.0,36.0,92.33333333333333,53.01729277635042,222.0,36.0,80.85416666666667,42.71912288595087,222.0,35.0,27.4,27.0,24.7,71.0,79.0,88.0,3.0,1.66,1.0,1007.0,1008.0,1011.0,2017.5,174.75,62.677,0.0,0.7999822226172753,3.7314469310469347,0.037036694104684215,20.175,25.735,0.026686481461823945,723.6099999999999,5625,5.4289000000000005,1016064,645.0,107.5,-22.0,-8.0,-0.5
153,302.0,108.0,4.3,124.0,47.0,54,0.0,1009,78,26.5,0.0,1.66,2023,12,10,18,6,344,49,-1.0,-1.8369701987210297e-16,-2.4492935982947064e-16,1.0,-0.7818314824680299,0.6234898018587334,0,2,1,36.0,58.0,63.5,222.0,73.0,123.0,49.666666666666664,11.930353445446219,58.0,36.0,52.75,10.562906796898655,63.5,36.0,90.83333333333333,53.86191660724659,222.0,36.0,78.02083333333333,42.05211031427674,222.0,35.0,26.9,27.2,25.7,75.0,75.0,86.0,2.33,2.33,1.0,1008.0,1008.0,1010.0,2067.0,129.48,43.989999999999995,0.0,0.443544810122499,2.796270404903658,0.03981444616253553,20.67,25.67,0.026263601324478372,702.25,6084,2.7556,1018081,640.3,106.71666666666665,19.0,-8.5,-0.3999999999999986
125,403.0,108.0,3.2,75.0,53.0,75,0.0,1010,82,26.0,0.0,1.0,2023,12,10,19,6,344,49,-0.9659258262890684,0.2588190451025203,-2.4492935982947064e-16,1.0,-0.7818314824680299,0.6234898018587334,0,2,1,55.0,36.0,58.0,60.0,122.5,101.0,45.166666666666664,9.51752769017626,55.0,36.0,50.166666666666664,10.32795558988489,63.5,36.0,84.33333333333333,54.3968303443783,222.0,36.0,75.66666666666667,42.290575234007264,222.0,35.0,26.5,27.4,26.8,78.0,71.0,84.0,1.66,3.0,1.0,1009.0,1007.0,1009.0,2132.0,82.0,26.0,0.0,0.5933254223277022,3.7314469310469347,0.029629355283747372,21.32,25.5,0.025742548769753695,676.0,6724,1.0,1020100,686.7,114.45,-10.5,-13.5,-0.5
145,313.8,75.3,19.5,65.0,50.3,83,0.0,1010,83,25.7,0.0,1.0,2023,12,10,20,6,344,49,-0.8660254037844386,0.5000000000000001,-2.4492935982947064e-16,1.0,-0.7818314824680299,0.6234898018587334,0,2,1,44.5,55.0,36.0,44.0,138.0,84.5,50.5,5.4083269131901455,55.0,44.5,51.5,9.879271228181148,63.5,36.0,77.16666666666667,52.308670119750644,222.0,36.0,74.3125,42.51516673110847,222.0,35.0,26.0,26.9,27.0,82.0,75.0,79.0,1.0,2.33,1.66,1010.0,1008.0,1008.0,2133.1,83.0,25.7,0.0,0.7999876924970385,4.167275334988911,0.2589607043731159,21.331,25.2,0.02544551936087192,660.49,6889,1.0,1020100,575.9,95.98333333333333,7.5,16.0,-0.3000000000000007
146,224.6,42.7,35.7,60.0,47.7,91,0.0,1010,85,25.5,0.0,1.0,2023,12,10,21,6,344,49,-0.7071067811865477,0.7071067811865474,-2.4492935982947064e-16,1.0,-0.7818314824680299,0.6234898018587334,0,2,1,52.0,44.5,55.0,63.5,124.0,64.0,49.666666666666664,4.481443219909235,52.5,44.5,49.666666666666664,8.06019023762061,58.0,36.0,71.20833333333333,50.53102482333891,222.0,36.0,73.83333333333333,42.70084681643467,222.0,35.0,25.7,26.5,27.2,83.0,78.0,75.0,1.0,1.66,2.33,1010.0,1009.0,1008.0,2167.5,85.0,25.5,0.0,0.8749854169097182,5.2598299805625155,0.8360459942390108,21.675,25.0,0.025247499754950737,650.25,7225,1.0,1020100,463.2,77.2,0.5,-2.5,-0.1999999999999993
149,135.4,10.0,52.0,60.0,45.0,100,0.0,1011,86,25.2,0.0,1.0,2023,12,10,22,6,344,49,-0.5000000000000004,0.8660254037844384,-2.4492935982947064e-16,1.0,-0.7818314824680299,0.6234898018587334,0,3,1,52.5,52.0,44.5,58.0,106.0,48.0,52.666666666666664,0.7637626157841935,53.5,52.0,48.916666666666664,7.3035379554456075,55.0,36.0,66.83333333333333,49.507269132619506,222.0,36.0,74.0625,42.570737168194746,222.0,35.0,25.5,26.0,27.4,85.0,82.0,71.0,1.0,1.0,3.0,1010.0,1010.0,1007.0,2167.2,86.0,25.2,0.0,0.8916518058032367,13.538646135386463,5.199480051994801,21.671999999999997,24.7,0.024925791369148003,635.04,7396,1.0,1022121,355.9,59.31666666666666,1.0,9.0,-0.3000000000000007
160,127.2,10.0,49.0,78.8,42.0,100,0.0,1010,87,25.0,0.0,0.66,2023,12,10,23,6,344,49,-0.25881904510252157,0.9659258262890681,-2.4492935982947064e-16,1.0,-0.7818314824680299,0.6234898018587334,0,3,1,53.5,52.5,52.0,36.0,61.0,93.0,56.333333333333336,5.795112883565633,63.0,52.5,53.416666666666664,5.944885757239955,63.0,44.5,67.0,49.4892091084687,222.0,36.0,72.8125,42.43071398327482,222.0,35.0,25.2,25.7,26.9,86.0,83.0,75.0,1.0,1.0,2.33,1011.0,1010.0,1008.0,2175.0,57.42,16.5,0.0,0.7994822400730955,12.718728127187282,4.899510048995101,21.75,24.67,0.024752450740147782,625.0,7569,0.43560000000000004,1020100,370.0,61.666666666666664,9.5,11.0,-0.1999999999999993
121,119.1,10.0,46.0,54.0,39.0,100,0.0,1010,89,24.7,0.0,0.33,2023,12,11,0,0,345,50,0.0,1.0,-2.4492935982947064e-16,1.0,0.0,1.0,0,3,0,63.0,53.5,52.5,55.0,222.0,81.0,53.166666666666664,10.004165798969415,63.0,43.0,51.416666666666664,7.193168054941753,63.0,43.0,52.083333333333336,8.644055585754792,63.5,36.0,71.22916666666667,42.8191289959412,222.0,35.0,25.0,25.5,26.5,87.0,85.0,78.0,0.66,1.0,1.66,1010.0,1010.0,1009.0,2198.2999999999997,29.37,8.151,0.0,0.7962815503416604,11.908809119088092,4.599540045995401,21.982999999999997,24.535,0.02445542133126601,610.0899999999999,7921,0.10890000000000001,1020100,311.1,51.85,-20.0,-9.5,-0.3000000000000007
160,110.9,10.0,43.0,78.8,36.0,100,0.0,1010,90,24.5,0.0,2.8,2023,12,11,1,0,345,50,0.25881904510252074,0.9659258262890683,-2.4492935982947064e-16,1.0,0.0,1.0,0,3,0,43.0,63.0,53.5,44.5,60.0,50.0,56.333333333333336,11.547005383789704,63.0,43.0,54.5,7.589466384401988,63.0,43.0,52.333333333333336,8.932406102937799,63.5,36.0,71.77083333333333,42.62066736023642,222.0,35.0,24.7,25.2,26.0,89.0,86.0,82.0,0.33,1.0,1.0,1010.0,1011.0,1010.0,2205.0,251.99999999999997,68.6,0.0,0.7994822400730955,11.088891110888913,4.2995700429957004,22.05,23.1,0.024257401725344827,600.25,8100,7.839999999999999,1020100,341.7,56.949999999999996,20.0,9.5,-0.1999999999999993
121,116.7,11.0,39.3,43.0,39.3,100,0.0,1010,91,24.3,0.0,0.33,2023,12,11,2,0,345,50,0.49999999999999994,0.8660254037844387,-2.4492935982947064e-16,1.0,0.0,1.0,0,3,0,63.0,43.0,63.0,52.0,44.0,56.0,49.666666666666664,11.547005383789793,63.0,43.0,53.0,8.949860334103981,63.0,43.0,52.25,9.021439111155454,63.5,36.0,71.22916666666667,42.91143031232253,222.0,35.0,24.5,25.0,25.7,90.0,87.0,83.0,2.8,0.66,1.0,1010.0,1010.0,1010.0,2211.3,30.03,8.019,0.0,0.9999767447268668,10.60812653395146,3.5724025088628304,22.113000000000003,24.135,0.024059382119423645,590.49,8281,0.10890000000000001,1020100,292.3,48.71666666666667,-20.0,-20.0,-0.1999999999999993
112,122.6,12.0,35.7,40.0,42.7,100,0.0,1010,92,24.2,0.0,0.66,2023,12,11,3,0,345,50,0.7071067811865476,0.7071067811865476,-2.4492935982947064e-16,1.0,0.0,1.0,0,3,0,43.0,63.0,43.0,52.5,63.5,48.0,48.666666666666664,12.503332889004867,63.0,40.0,50.916666666666664,10.423131327323594,63.0,40.0,50.291666666666664,8.907245093261812,63.0,36.0,70.89583333333333,43.1302323017838,222.0,35.0,24.3,24.7,25.5,91.0,89.0,85.0,0.33,0.33,1.0,1010.0,1010.0,1010.0,2226.4,60.720000000000006,15.972,0.0,0.9999750006249845,10.21581534872094,2.9747521039913343,22.264,23.87,0.023960372316463054,585.64,8464,0.43560000000000004,1020100,293.0,48.833333333333336,-3.0,-3.0,-0.10000000000000142
112,128.4,13.0,32.0,40.0,46.0,100,0.0,1010,93,24.0,0.0,1.0,2023,12,11,4,0,345,50,0.8660254037844386,0.5000000000000001,-2.4492935982947064e-16,1.0,0.0,1.0,0,3,0,40.0,43.0,63.0,53.5,58.0,49.0,41.0,1.7320508075515126,43.0,40.0,48.666666666666664,11.183320914050286,63.0,40.0,48.791666666666664,9.006205772919236,63.0,36.0,70.52083333333333,43.36735878481709,222.0,35.0,24.2,24.5,25.2,92.0,90.0,86.0,0.66,2.8,1.0,1010.0,1010.0,1011.0,2232.0,93.0,24.0,0.0,0.9999750006249845,9.876163372048305,2.4613491269902315,22.32,23.5,0.023762352710541872,576.0,8649,1.0,1020100,299.4,49.9,0.0,-23.0,-0.1999999999999993
112,219.9,44.7,22.8,40.0,44.7,79,0.0,1011,93,24.0,0.0,0.66,2023,12,11,5,0,345,50,0.9659258262890683,0.25881904510252074,-2.4492935982947064e-16,1.0,0.0,1.0,0,3,0,40.0,40.0,43.0,63.0,36.0,35.0,40.0,0.0,40.0,40.0,44.833333333333336,9.020347369510475,63.0,40.0,49.125,8.552312287005593,63.0,40.0,70.72916666666667,43.20099112356114,222.0,36.0,24.0,24.3,25.0,93.0,91.0,87.0,1.0,0.33,0.66,1010.0,1010.0,1010.0,2232.0,61.38,15.84,0.0,0.9999750006249845,4.9193530346077265,0.5100557034518244,22.32,23.67,0.023738848922998098,576.0,8649,0.43560000000000004,1022121,412.1,68.68333333333334,0.0,-3.0,0.0
134,311.5,76.3,13.5,60.0,43.3,58,0.0,1011,93,24.0,0.0,0.33,2023,12,11,6,0,345,50,1.0,6.123233995736766e-17,-2.4492935982947064e-16,1.0,0.0,1.0,0,0,0,40.0,40.0,40.0,43.0,55.0,73.0,42.666666666666664,4.618802153510439,48.0,40.0,45.666666666666664,9.04802004123745,63.0,40.0,48.541666666666664,8.351533156284981,63.0,40.0,69.6875,43.4445705068168,222.0,36.0,24.0,24.2,24.7,93.0,92.0,89.0,0.66,0.66,0.33,1011.0,1010.0,1010.0,2232.0,30.69,7.92,0.0,0.7999866668888852,4.082515301241137,0.17693083970065923,22.32,23.835,0.023738848922998098,576.0,8649,0.10890000000000001,1022121,552.6,92.10000000000001,8.0,8.0,0.0
163,403.0,108.0,4.3,106.0,42.0,37,0.0,1012,93,24.0,0.6,2.0,2023,12,11,7,0,345,50,0.9659258262890683,-0.25881904510252063,-2.4492935982947064e-16,1.0,0.0,1.0,0,0,0,48.0,40.0,40.0,63.0,44.5,122.5,51.0,12.767145334801226,65.0,40.0,46.0,9.818350166905226,65.0,40.0,50.25,9.47124835776504,65.0,40.0,67.29166666666667,41.96580302089359,222.0,36.0,24.0,24.0,24.5,93.0,93.0,90.0,0.33,1.0,2.8,1011.0,1010.0,1010.0,2232.0,186.0,48.0,0.0,0.613201762247526,3.7314469310469347,0.03981444616253553,22.32,23.0,0.023715391585581436,576.0,8649,4.0,1024144,728.3,121.38333333333333,17.0,25.0,0.0
239,403.0,116.0,4.3,151.0,47.0,58,0.0,1013,90,24.6,0.9,0.33,2023,12,11,8,0,345,50,0.8660254037844387,-0.4999999999999998,-2.4492935982947064e-16,1.0,0.0,1.0,0,0,0,65.0,48.0,40.0,43.0,52.0,138.0,78.33333333333333,38.75994496040031,122.0,48.0,59.166666666666664,32.276410374554274,122.0,40.0,56.083333333333336,22.810317973683052,122.0,40.0,66.625,40.907437933228046,222.0,36.0,24.0,24.0,24.3,93.0,93.0,91.0,2.0,0.66,0.33,1012.0,1011.0,1010.0,2214.0,29.700000000000003,8.118,0.0,0.8079416692604684,3.4741079818277427,0.03706864595994862,22.14,24.435000000000002,0.0242842800747482,605.1600000000001,8100,0.10890000000000001,1026169,843.3,140.54999999999998,57.0,82.0,0.6000000000000014
231,302.0,100.0,4.3,145.5,47.0,79,0.0,1013,87,25.2,1.1,0.66,2023,12,11,9,0,345,50,0.7071067811865476,-0.7071067811865475,-2.4492935982947064e-16,1.0,0.0,1.0,0,0,0,122.0,65.0,48.0,40.0,52.5,124.0,101.16666666666667,31.441745074554206,122.0,65.0,71.91666666666667,37.82382406191413,122.0,40.0,61.416666666666664,28.63471616232458,122.0,40.0,66.3125,40.47645920779183,222.0,36.0,24.6,24.0,24.2,90.0,93.0,92.0,0.33,0.33,0.66,1013.0,1011.0,1010.0,2192.4,57.42,16.632,0.0,0.800681782255792,3.019969800301997,0.04299957000429995,21.924,24.87,0.024876579588766448,635.04,7569,0.43560000000000004,1026169,715.3,119.21666666666665,-5.5,68.5,0.5999999999999979
201,302.0,108.0,4.3,121.5,47.0,100,0.0,1014,85,25.8,1.5,1.0,2023,12,11,10,0,345,50,0.49999999999999994,-0.8660254037844387,-2.4492935982947064e-16,1.0,0.0,1.0,0,0,0,116.5,122.0,65.0,40.0,53.5,106.0,110.66666666666667,15.118972628232726,122.0,93.5,80.83333333333333,34.99523777125445,122.0,40.0,64.75,29.928323465481128,122.0,40.0,65.79166666666667,40.0214390009927,222.0,36.0,25.2,24.0,24.0,87.0,93.0,93.0,0.66,2.0,1.0,1013.0,1012.0,1010.0,2193.0,85.0,25.8,0.0,0.7695409914321693,2.796270404903658,0.03981444616253553,21.93,25.3,0.025443761889781175,665.64,7225,1.0,1028196,676.3,112.71666666666665,-23.0,28.5,0.6000000000000014
227,302.0,108.0,4.3,164.0,47.0,100,0.0,1013,81,26.1,1.9,1.0,2023,12,11,11,0,345,50,0.258819045102521,-0.9659258262890682,-2.4492935982947064e-16,1.0,0.0,1.0,0,0,0,93.5,116.5,122.0,40.0,63.0,61.0,107.66666666666667,12.392874296677563,116.5,93.5,93.0,30.33974291255559,122.0,48.0,68.91666666666667,32.98679717521408,122.0,40.0,67.95833333333333,41.14262485197294,222.0,36.0,25.8,24.6,24.0,85.0,90.0,93.0,1.0,0.33,0.66,1014.0,1013.0,1011.0,2114.1,81.0,26.1,0.0,0.6890201889012871,2.796270404903658,0.03981444616253553,21.141,25.6,0.025765028859793822,681.21,6561,1.0,1026169,738.3,123.05,19.5,-9.0,0.3000000000000007
102,302.0,113.3,6.5,45.0,43.7,100,0.0,1013,78,26.5,2.0,1.0,2023,12,11,12,0,345,50,1.2246467991473532e-16,-1.0,-2.4492935982947064e-16,1.0,0.0,1.0,0,1,0,113.0,93.5,116.5,48.0,43.0,222.0,80.83333333333333,40.03227864278101,113.0,36.0,91.0,34.06611219379117,122.0,36.0,68.33333333333333,33.54395578486373,122.0,36.0,60.208333333333336,25.352693308030346,122.0,36.0,26.1,25.2,24.0,81.0,87.0,93.0,1.0,0.66,0.33,1013.0,1013.0,1011.0,2067.0,78.0,26.5,0.0,0.7999822226172753,2.6654663242160264,0.05736930830266282,20.67,26.0,0.026159895202472652,702.25,6084,1.0,1026169,546.5,91.08333333333333,-77.0,-80.5,0.3999999999999986
189,302.0,116.0,7.6,142.0,42.0,100,0.0,1012,75,26.8,3.5,1.0,2023,12,11,13,0,345,50,-0.2588190451025208,-0.9659258262890683,-2.4492935982947064e-16,1.0,0.0,1.0,0,1,0,36.0,113.0,93.5,65.0,63.0,60.0,78.0,38.97435053980923,113.0,36.0,94.33333333333333,31.924389840161925,122.0,36.0,70.16666666666667,33.825980690837234,122.0,36.0,61.25,25.852423988612543,122.0,36.0,26.5,25.8,24.0,78.0,85.0,93.0,1.0,1.0,2.0,1013.0,1014.0,1012.0,2010.0,75.0,26.8,0.0,0.5985873338920148,2.6034258325359265,0.0655166765803743,20.1,26.3,0.02648218727056594,718.24,5625,1.0,1024144,694.6,115.76666666666667,49.0,-8.5,0.3000000000000007
149,302.0,123.0,4.3,87.0,42.0,100,0.0,1012,76,26.8,2.4,1.33,2023,12,11,14,0,345,50,-0.4999999999999997,-0.8660254037844388,-2.4492935982947064e-16,1.0,0.0,1.0,0,1,0,85.0,36.0,113.0,122.0,43.0,44.0,58.166666666666664,24.831096096090242,85.0,36.0,82.91666666666667,32.29770373674627,116.5,36.0,71.04166666666667,33.18916740946143,122.0,36.0,61.645833333333336,25.64874739151322,122.0,36.0,26.8,26.1,24.6,75.0,81.0,90.0,1.0,1.0,0.33,1012.0,1013.0,1013.0,2036.8,101.08000000000001,35.644000000000005,0.0,0.6149354605119481,2.4552645913447857,0.034959065373452246,20.368,26.135,0.02648218727056594,718.24,5776,1.7689000000000001,1024144,611.8,101.96666666666665,-31.5,-59.5,0.0
165,302.0,116.0,4.3,100.5,42.0,100,0.0,1011,76,26.8,1.2,1.66,2023,12,11,15,0,345,50,-0.7071067811865471,-0.7071067811865479,-2.4492935982947064e-16,1.0,0.0,1.0,0,1,0,53.5,85.0,36.0,116.5,40.0,63.5,68.33333333333333,15.829824172531563,85.0,53.5,74.58333333333333,28.073860914855196,113.0,36.0,73.25,31.788005170617364,122.0,36.0,61.770833333333336,25.66548145673153,122.0,36.0,26.8,26.5,25.2,76.0,78.0,87.0,1.33,1.0,0.66,1012.0,1013.0,1013.0,2036.8,126.16,44.488,0.0,0.6616849583586233,2.6034258325359265,0.03706864595994862,20.368,25.970000000000002,0.026508381297347876,718.24,5776,2.7556,1022121,631.3,105.21666666666665,13.0,30.5,0.0
143,302.0,116.0,3.2,87.0,47.0,100,0.0,1011,76,26.8,1.1,2.0,2023,12,11,16,0,345,50,-0.8660254037844385,-0.5000000000000004,-2.4492935982947064e-16,1.0,0.0,1.0,0,1,0,66.5,53.5,85.0,93.5,40.0,58.0,57.166666666666664,8.14452781524308,66.5,51.5,67.58333333333333,27.646729764415795,113.0,36.0,74.20833333333333,30.854098249467647,122.0,36.0,61.5,25.74118675687286,122.0,36.0,26.8,26.8,25.8,76.0,75.0,85.0,1.66,1.0,1.0,1011.0,1012.0,1014.0,2036.8,152.0,53.6,0.0,0.5919472189974827,2.6034258325359265,0.027585969086473393,20.368,25.8,0.026508381297347876,718.24,5776,4.0,1022121,606.7,101.11666666666667,-15.0,-33.5,0.0
184,302.0,123.0,4.3,121.5,47.0,100,0.0,1011,79,26.3,1.0,1.66,2023,12,11,17,0,345,50,-0.9659258262890683,-0.25881904510252063,-2.4492935982947064e-16,1.0,0.0,1.0,0,1,0,51.5,66.5,53.5,113.0,40.0,36.0,66.33333333333333,14.750706197781351,81.0,51.5,62.25,18.8062489614481,85.0,36.0,77.625,28.931836035128505,122.0,36.0,63.375,25.440147148877806,122.0,36.0,26.8,26.8,26.1,76.0,76.0,81.0,2.0,1.33,1.0,1011.0,1012.0,1013.0,2077.7000000000003,131.14,43.658,0.0,0.6666611797433766,2.4552645913447857,0.034959065373452246,20.777,25.470000000000002,0.026013821944785416,691.69,6241,2.7556,1022121,678.8,113.13333333333333,29.5,27.5,-0.5
168,178.9,46.0,36.4,86.0,47.7,100,0.0,1012,83,25.9,0.0,1.33,2023,12,11,18,0,345,50,-1.0,-1.8369701987210297e-16,-2.4492935982947064e-16,1.0,0.0,1.0,0,2,0,81.0,51.5,66.5,36.0,48.0,55.0,67.16666666666667,14.835205874313468,81.0,51.5,67.75,13.735901863364038,85.0,51.5,79.375,27.58056380859398,122.0,36.0,63.958333333333336,25.40023821638902,122.0,36.0,26.3,26.8,26.5,79.0,76.0,78.0,1.66,1.66,1.0,1011.0,1011.0,1013.0,2149.7,110.39,34.447,0.0,0.8023162521366031,3.8890458903067326,0.7912871459316102,21.497,25.235,0.025592860086106634,670.81,6889,1.7689000000000001,1024144,464.0,77.33333333333333,-12.0,2.5,-0.40000000000000213
181,117.3,11.0,53.0,98.8,48.0,100,0.0,1012,86,25.4,0.0,1.0,2023,12,11,19,0,345,50,-0.9659258262890684,0.2588190451025203,-2.4492935982947064e-16,1.0,0.0,1.0,0,2,0,69.0,81.0,51.5,85.0,65.0,44.5,76.33333333333333,6.429100507323063,81.0,69.0,66.75,12.380428102451372,81.0,51.5,80.54166666666667,27.210842034790993,122.0,36.0,65.39583333333333,25.226788369693637,122.0,36.0,25.9,26.8,26.8,83.0,76.0,75.0,1.33,2.0,1.0,1012.0,1011.0,1012.0,2184.4,86.0,25.4,0.0,0.7995870487140818,10.662667030269976,4.817743841468958,21.844,24.9,0.025098789428073687,645.16,7396,1.0,1024144,407.1,67.85000000000001,10.0,27.5,-0.5
100,133.1,12.0,50.7,35.0,51.3,95,0.0,1013,88,25.0,0.0,1.0,2023,12,11,20,0,345,50,-0.8660254037844386,0.5000000000000001,-2.4492935982947064e-16,1.0,0.0,1.0,0,2,0,79.0,69.0,81.0,53.5,122.0,52.0,61.0,23.06512518934015,79.0,35.0,63.666666666666664,17.560372053764535,81.0,35.0,73.29166666666667,26.746672123778186,116.5,35.0,64.6875,25.850242829572423,122.0,35.0,25.4,26.3,26.8,86.0,79.0,76.0,1.0,1.66,1.33,1012.0,1011.0,1012.0,2200.0,88.0,25.0,0.0,0.9999714293877319,11.090742438130157,4.2246479460045,22.0,24.5,0.024679146417427033,625.0,7744,1.0,1026169,317.1,52.85,-44.0,-46.0,-0.3999999999999986
98,148.8,13.0,48.3,34.0,54.7,91,0.0,1013,90,24.5,0.0,1.0,2023,12,11,21,0,345,50,-0.7071067811865477,0.7071067811865474,-2.4492935982947064e-16,1.0,0.0,1.0,0,2,0,35.0,79.0,69.0,66.5,116.5,52.5,49.333333333333336,25.696951829609496,79.0,34.0,58.25,21.155968425008773,81.0,34.0,66.41666666666667,25.188230777426433,113.0,34.0,63.916666666666664,26.49719700789871,122.0,34.0,25.0,25.9,26.8,88.0,83.0,76.0,1.0,1.33,1.66,1013.0,1012.0,1011.0,2205.0,90.0,24.5,0.0,0.9999705891003207,11.445273440504577,3.7150988385508805,22.05,24.0,0.02418556348907849,600.25,8100,1.0,1026169,332.8,55.46666666666667,-1.0,-35.0,-0.5
108,164.6,14.0,46.0,39.0,58.0,87,0.0,1013,93,24.1,0.0,1.0,2023,12,11,22,0,345,50,-0.5000000000000004,0.8660254037844384,-2.4492935982947064e-16,1.0,0.0,1.0,0,3,0,34.0,35.0,79.0,51.5,93.5,53.5,35.833333333333336,2.3629078131140586,38.5,34.0,56.083333333333336,22.601806712443032,81.0,34.0,61.833333333333336,24.813241821593802,113.0,34.0,63.291666666666664,26.927001426024677,122.0,34.0,24.5,25.4,26.8,90.0,86.0,76.0,1.0,1.0,2.0,1013.0,1012.0,1011.0,2241.3,93.0,24.1,0.0,0.9871541755339607,11.756303121205628,3.285479608599386,22.413,23.6,0.02379069714639966,580.8100000000001,8649,1.0,1026169,360.1,60.01666666666667,4.5,-40.5,-0.3999999999999986
95,171.0,15.0,42.7,33.0,59.3,91,0.0,1013,93,24.1,0.0,1.0,2023,12,11,23,0,345,50,-0.25881904510252157,0.9659258262890681,-2.4492935982947064e-16,1.0,0.0,1.0,0,3,0,38.5,34.0,35.0,81.0,113.0,63.0,35.166666666666664,2.929732638531319,38.5,33.0,48.083333333333336,20.406902427037654,79.0,33.0,55.166666666666664,20.119340913354993,85.0,33.0,62.041666666666664,27.62832378850284,122.0,33.0,24.1,25.0,26.3,93.0,88.0,79.0,1.0,1.0,1.66,1013.0,1013.0,1011.0,2241.3,93.0,24.1,0.0,0.9999696978879429,11.39924005066329,2.846476901539898,22.413,23.6,0.02379069714639966,580.8100000000001,8649,1.0,1026169,354.0,59.0,-5.5,-2.0,0.0
82,177.4,16.0,39.3,34.0,60.7,95,0.0,1013,93,24.0,0.0,1.0,2023,12,12,0,1,346,50,0.0,1.0,-2.4492935982947064e-16,1.0,0.7818314824680298,0.6234898018587336,0,3,0,33.0,38.5,34.0,69.0,36.0,43.0,32.833333333333336,5.7518113089075245,38.5,27.0,41.083333333333336,18.948394830872495,79.0,27.0,54.416666666666664,21.04522547162269,85.0,27.0,61.375,28.292820567278316,122.0,27.0,24.1,24.5,25.9,93.0,90.0,83.0,1.0,1.0,1.33,1013.0,1013.0,1012.0,2232.0,93.0,24.0,0.0,0.7940942913443723,11.08680707455784,2.4560964939691265,22.32,23.5,0.02369198056072995,576.0,8649,1.0,1026169,354.4,59.06666666666666,-6.0,-7.0,-0.10000000000000142
148,183.8,17.0,36.0,66.3,62.0,100,0.0,1012,93,24.0,0.0,1.0,2023,12,12,1,1,346,50,0.25881904510252074,0.9659258262890683,-2.4492935982947064e-16,1.0,0.7818314824680298,0.6234898018587336,0,3,0,27.0,33.0,38.5,79.0,85.0,63.0,37.666666666666664,13.613718571105942,53.0,27.0,36.75,8.79630604287783,53.0,27.0,51.75,18.716181623006747,81.0,27.0,60.958333333333336,28.341441721278265,122.0,27.0,24.0,24.1,25.4,93.0,93.0,86.0,1.0,1.0,1.0,1013.0,1013.0,1012.0,2232.0,93.0,24.0,0.0,0.7993846246662946,10.811128757131934,2.117522498676548,22.32,23.5,0.023715391585581436,576.0,8649,1.0,1024144,418.1,69.68333333333334,26.0,14.5,0.0
126,173.7,17.3,34.3,46.0,66.3,100,0.0,1012,93,24.0,0.0,0.66,2023,12,12,2,1,346,50,0.49999999999999994,0.8660254037844387,-2.4492935982947064e-16,1.0,0.7818314824680298,0.6234898018587336,0,3,0,53.0,27.0,33.0,35.0,53.5,43.0,41.666666666666664,13.316656236956534,53.0,27.0,38.416666666666664,9.329612353502993,53.0,27.0,51.041666666666664,18.80456706292818,81.0,27.0,61.041666666666664,28.289234650330894,122.0,27.0,24.0,24.1,25.0,93.0,93.0,88.0,1.0,1.0,1.0,1012.0,1013.0,1013.0,2232.0,61.38,15.84,0.0,0.9782396034868808,10.039882087740592,1.982544361597595,22.32,23.67,0.023715391585581436,576.0,8649,0.43560000000000004,1024144,382.6,63.76666666666667,-8.0,12.0,0.0
138,163.6,17.7,32.7,50.0,70.7,100,0.0,1012,94,23.9,0.0,0.33,2023,12,12,3,1,346,50,0.7071067811865476,0.7071067811865476,-2.4492935982947064e-16,1.0,0.7818314824680298,0.6234898018587336,0,3,0,45.0,53.0,27.0,34.0,66.5,40.0,49.166666666666664,4.010403138497515,53.0,45.0,41.0,9.984988733091738,53.0,27.0,49.625,18.163556169626954,81.0,27.0,61.4375,28.047441369781616,122.0,27.0,24.0,24.0,24.5,93.0,93.0,90.0,0.66,1.0,1.0,1012.0,1013.0,1013.0,2246.6,31.020000000000003,7.887,0.0,0.9899802003959921,9.242415682729789,1.8473532568781426,22.465999999999998,23.735,0.023616577453974847,571.2099999999999,8836,0.10890000000000001,1024144,384.2,64.03333333333333,4.5,22.5,-0.10000000000000142
148,153.5,18.0,31.0,53.0,75.0,100,0.0,1012,94,23.9,0.0,2.0,2023,12,12,4,1,346,50,0.8660254037844386,0.5000000000000001,-2.4492935982947064e-16,1.0,0.7818314824680298,0.6234898018587336,0,3,0,49.5,45.0,53.0,38.5,51.5,40.0,49.166666666666664,4.010403138497515,53.0,45.0,43.416666666666664,10.965476125852245,53.0,27.0,49.75,18.18278406525131,81.0,27.0,61.979166666666664,27.739267084871408,122.0,27.0,23.9,24.0,24.1,94.0,93.0,93.0,0.33,1.0,1.0,1012.0,1012.0,1013.0,2246.6,188.0,47.8,0.0,0.9999811324314636,8.527304038664518,1.7221265485250818,22.465999999999998,22.9,0.023616577453974847,571.2099999999999,8836,4.0,1024144,383.5,63.916666666666664,3.5,0.0,0.0
151,171.6,20.3,29.0,56.0,86.0,87,0.0,1013,94,23.9,0.0,0.33,2023,12,12,5,1,346,50,0.9659258262890683,0.25881904510252074,-2.4492935982947064e-16,1.0,0.7818314824680298,0.6234898018587336,0,3,0,53.0,49.5,45.0,33.0,81.0,40.0,52.833333333333336,3.253203549314033,56.0,49.5,47.25,10.610136662643363,56.0,27.0,47.666666666666664,15.51294669466235,79.0,27.0,62.645833333333336,27.37798193672371,122.0,27.0,23.9,24.0,24.1,94.0,93.0,93.0,2.0,0.66,1.0,1012.0,1012.0,1013.0,2246.6,31.020000000000003,7.887,0.0,0.9999821431760147,8.452785577065168,1.4285010590611298,22.465999999999998,23.735,0.02359326397506024,571.2099999999999,8836,0.10890000000000001,1026169,418.9,69.81666666666666,3.0,11.0,0.0
131,189.7,22.7,27.0,59.0,97.0,75,0.0,1013,93,23.9,0.0,0.66,2023,12,12,6,1,346,50,1.0,6.123233995736766e-17,-2.4492935982947064e-16,1.0,0.7818314824680298,0.6234898018587336,0,0,0,56.0,53.0,49.5,27.0,69.0,48.0,52.0,4.582575694948897,56.0,47.0,50.583333333333336,4.152308594822338,56.0,45.0,45.833333333333336,13.987548575480814,79.0,27.0,62.604166666666664,27.401991028370073,122.0,27.0,23.9,23.9,24.0,94.0,94.0,93.0,0.33,0.33,1.0,1013.0,1012.0,1013.0,2222.7,61.38,15.774,0.0,0.7965966678530872,8.356460067838421,1.1893749174045196,22.226999999999997,23.57,0.02359326397506024,571.2099999999999,8649,0.43560000000000004,1026169,442.4,73.73333333333333,-9.0,-2.5,0.0
203,207.8,25.0,25.0,118.8,108.0,62,0.0,1014,93,23.9,0.9,1.0,2023,12,12,7,1,346,50,0.9659258262890683,-0.25881904510252063,-2.4492935982947064e-16,1.0,0.7818314824680298,0.6234898018587336,0,0,0,47.0,56.0,53.0,53.0,79.0,65.0,66.0,25.514701644344807,95.0,47.0,57.583333333333336,18.75744296717,95.0,45.0,47.166666666666664,17.705075457891088,95.0,27.0,63.854166666666664,28.18898920356802,122.0,27.0,23.9,23.9,24.0,93.0,94.0,93.0,0.66,2.0,1.0,1013.0,1012.0,1012.0,2222.7,93.0,23.9,0.0,0.7996565685474027,8.311667533298667,0.9999600015999359,22.226999999999997,23.4,0.023569996479293413,571.2099999999999,8649,1.0,1028196,579.6,96.60000000000001,48.0,42.0,0.0
134,743.2,124.7,18.5,48.0,121.0,75,0.0,1015,90,24.4,1.6,0.66,2023,12,12,8,1,346,50,0.8660254037844387,-0.4999999999999998,-2.4492935982947064e-16,1.0,0.7818314824680298,0.6234898018587336,0,0,0,95.0,47.0,56.0,45.0,35.0,122.0,63.333333333333336,27.42869543622638,95.0,47.0,58.083333333333336,18.391347603333347,95.0,47.0,48.25,17.285700869371052,95.0,27.0,60.770833333333336,25.46821512953137,116.5,27.0,23.9,23.9,24.0,93.0,94.0,93.0,1.0,0.33,0.66,1014.0,1013.0,1012.0,2196.0,59.400000000000006,16.104,0.0,0.9999791671006855,5.95985597549338,0.14835486483668936,21.96,24.07,0.02403938518287174,595.3599999999999,8100,0.43560000000000004,1030225,1103.4,183.9,-47.0,-8.0,0.5
150,403.0,108.0,3.2,92.5,47.0,87,0.0,1015,88,24.9,2.1,0.33,2023,12,12,9,1,346,50,0.7071067811865476,-0.7071067811865475,-2.4492935982947064e-16,1.0,0.7818314824680298,0.6234898018587336,0,0,0,48.0,95.0,47.0,49.5,34.0,116.5,66.16666666666667,25.25041253788272,95.0,48.0,59.083333333333336,17.990043542655343,95.0,47.0,50.041666666666664,16.781291440892243,95.0,27.0,58.229166666666664,22.54029202323663,113.0,27.0,24.4,23.9,23.9,90.0,93.0,94.0,0.66,0.66,0.33,1015.0,1013.0,1012.0,2191.2,29.040000000000003,8.217,0.0,0.599993513583637,3.7314469310469347,0.029629355283747372,21.912,24.735,0.024531995534979766,620.0099999999999,7744,0.10890000000000001,1030225,709.2,118.2,7.5,8.5,0.5
153,1814.0,324.0,5.4,121.5,147.0,100,0.0,1016,86,25.4,2.8,2.8,2023,12,12,10,1,346,50,0.49999999999999994,-0.8660254037844387,-2.4492935982947064e-16,1.0,0.7818314824680298,0.6234898018587336,0,0,0,55.5,48.0,95.0,53.0,38.5,93.5,53.666666666666664,5.008326400432517,57.5,48.0,59.833333333333336,17.778263882242136,95.0,47.0,51.625,16.48708171982794,95.0,27.0,56.729166666666664,21.25209921430171,113.0,27.0,24.9,23.9,23.9,88.0,93.0,94.0,0.33,1.0,2.0,1015.0,1014.0,1012.0,2184.4,240.79999999999998,71.11999999999999,0.0,0.47324713376844635,5.5987481520118765,0.016666615226496217,21.844,24.0,0.024999975393725005,645.16,7396,7.839999999999999,1032256,2469.4,411.56666666666666,2.0,-37.5,0.5
176,302.0,123.0,8.6,136.0,47.0,95,0.0,1015,82,25.9,2.8,3.2,2023,12,12,11,1,346,50,0.258819045102521,-0.9659258262890682,-2.4492935982947064e-16,1.0,0.7818314824680298,0.6234898018587336,0,0,0,57.5,55.5,48.0,56.0,33.0,113.0,62.666666666666664,10.727690027832931,75.0,55.5,63.0,18.630619957477755,95.0,47.0,55.125,16.63119330983236,95.0,27.0,55.145833333333336,18.052146184985535,95.0,27.0,25.4,24.4,23.9,86.0,90.0,94.0,2.8,0.66,0.33,1016.0,1015.0,1013.0,2123.7999999999997,262.40000000000003,82.88,0.0,0.5514665333343137,2.4552645913447857,0.06991813074690449,21.237999999999996,24.299999999999997,0.02551721623919582,670.81,6724,10.240000000000002,1030225,691.6,115.26666666666667,17.5,27.0,0.5
154,302.0,123.0,8.6,94.5,47.0,91,0.0,1014,79,26.5,3.6,3.2,2023,12,12,12,1,346,50,1.2246467991473532e-16,-1.0,-2.4492935982947064e-16,1.0,0.7818314824680298,0.6234898018587336,0,1,0,75.0,57.5,55.5,47.0,27.0,36.0,63.666666666666664,9.82768199186694,75.0,57.5,64.91666666666667,17.191325331882794,95.0,48.0,57.75,14.078513609556497,95.0,45.0,56.083333333333336,17.593023979795326,95.0,27.0,25.9,24.9,23.9,82.0,88.0,93.0,3.2,0.33,0.66,1015.0,1015.0,1013.0,2093.5,252.8,84.80000000000001,0.0,0.619041068348483,2.4552645913447857,0.06991813074690449,20.935,24.9,0.026134096514697717,702.25,6241,10.240000000000002,1028196,633.6,105.60000000000001,-16.5,3.0,0.6000000000000014
95,71.2,7.0,81.0,41.0,91.0,87,0.0,1013,76,27.0,3.3,3.2,2023,12,12,13,1,346,50,-0.2588190451025208,-0.9659258262890683,-2.4492935982947064e-16,1.0,0.7818314824680298,0.6234898018587336,0,1,0,58.5,75.0,57.5,95.0,53.0,85.0,55.5,21.160103969497296,75.0,33.0,54.583333333333336,13.78918658466246,75.0,33.0,56.083333333333336,15.773731519856923,95.0,33.0,53.916666666666664,17.071248818757027,95.0,27.0,26.5,25.4,23.9,79.0,86.0,93.0,3.2,2.8,1.0,1014.0,1016.0,1014.0,2052.0,243.20000000000002,86.4,0.0,0.8048584180873638,10.169975717754607,11.569775746321953,20.52,25.4,0.026653478130821195,729.0,5776,10.240000000000002,1026169,324.2,54.03333333333333,-25.5,-24.5,0.5
176,302.0,123.0,8.6,136.0,47.0,83,0.0,1013,77,26.8,2.2,0.66,2023,12,12,14,1,346,50,-0.4999999999999997,-0.8660254037844388,-2.4492935982947064e-16,1.0,0.7818314824680298,0.6234898018587336,0,1,0,33.0,58.5,75.0,48.0,45.0,53.5,55.5,21.160103969497296,75.0,33.0,59.083333333333336,15.509405748339784,75.0,33.0,58.583333333333336,16.228248845947082,95.0,33.0,54.8125,17.604231519476617,95.0,27.0,27.0,25.9,24.4,76.0,82.0,90.0,3.2,3.2,0.66,1013.0,1015.0,1015.0,2063.6,50.82,17.688000000000002,0.0,0.5514665333343137,2.4552645913447857,0.06991813074690449,20.636,26.470000000000002,0.02645604495948178,718.24,5929,0.43560000000000004,1026169,691.6,115.26666666666667,42.0,0.0,-0.1999999999999993
176,302.0,123.0,8.6,136.0,47.0,79,0.0,1013,78,26.7,2.4,1.33,2023,12,12,15,1,346,50,-0.7071067811865471,-0.7071067811865479,-2.4492935982947064e-16,1.0,0.7818314824680298,0.6234898018587336,0,1,0,75.0,33.0,58.5,55.5,49.5,66.5,61.0,24.248711305962907,75.0,33.0,62.333333333333336,16.61224448010067,75.0,33.0,60.708333333333336,16.596081593025108,95.0,33.0,55.166666666666664,17.932037558920136,95.0,27.0,26.8,26.5,24.9,77.0,79.0,88.0,0.66,3.2,0.33,1013.0,1014.0,1015.0,2082.6,103.74000000000001,35.511,0.0,0.5514665333343137,2.4552645913447857,0.06991813074690449,20.826,26.035,0.02635732837381207,712.89,6084,1.7689000000000001,1026169,691.6,115.26666666666667,0.0,16.5,-0.10000000000000142
143,302.0,123.0,8.6,85.5,47.0,75,0.0,1013,80,26.5,1.7,2.0,2023,12,12,16,1,346,50,-0.8660254037844385,-0.5000000000000004,-2.4492935982947064e-16,1.0,0.7818314824680298,0.6234898018587336,0,1,0,75.0,75.0,33.0,57.5,53.0,51.5,67.16666666666667,13.567731325953675,75.0,51.5,61.333333333333336,17.13378728322011,75.0,33.0,60.583333333333336,16.664924151331128,95.0,33.0,55.166666666666664,17.932037558920136,95.0,27.0,26.7,27.0,25.4,78.0,76.0,86.0,1.33,3.2,2.8,1013.0,1013.0,1016.0,2120.0,160.0,53.0,0.0,0.6023321364662402,2.4552645913447857,0.06991813074690449,21.2,25.5,0.026159895202472652,702.25,6400,4.0,1026169,617.6,102.93333333333334,-23.5,18.5,-0.1999999999999993
157,302.0,123.0,8.6,97.5,47.0,75,0.0,1013,81,26.0,1.3,1.66,2023,12,12,17,1,346,50,-0.9659258262890683,-0.25881904510252063,-2.4492935982947064e-16,1.0,0.7818314824680298,0.6234898018587336,0,1,0,51.5,75.0,75.0,75.0,56.0,81.0,62.5,11.821590417534054,75.0,51.5,59.0,15.80189862010159,75.0,33.0,61.0,16.602299950196247,95.0,33.0,54.333333333333336,17.125918995759168,95.0,27.0,26.5,26.8,25.9,80.0,77.0,82.0,2.0,0.66,3.2,1013.0,1013.0,1015.0,2106.0,134.45999999999998,43.16,0.0,0.6256346088758064,2.4552645913447857,0.06991813074690449,21.06,25.17,0.025666312274124112,676.0,6561,2.7556,1026169,639.1,106.51666666666667,9.5,-14.0,-0.5
155,302.0,123.0,8.6,95.5,47.0,75,0.0,1013,83,25.5,0.0,1.33,2023,12,12,18,1,346,50,-1.0,-1.8369701987210297e-16,-2.4492935982947064e-16,1.0,0.7818314824680298,0.6234898018587336,0,2,0,61.0,51.5,75.0,58.5,47.0,69.0,57.333333333333336,5.107184482008478,61.0,51.5,59.166666666666664,15.80084385932078,75.0,33.0,62.041666666666664,16.026197775874287,95.0,33.0,53.9375,16.880212560479965,95.0,27.0,26.0,26.7,26.5,81.0,78.0,79.0,1.66,1.33,3.2,1013.0,1013.0,1014.0,2116.5,110.39,33.915,0.0,0.6230301253390017,2.4552645913447857,0.06991813074690449,21.165,24.835,0.025172729345775573,650.25,6889,1.7689000000000001,1026169,635.6,105.93333333333334,-1.5,-15.5,-0.5
123,109.1,13.0,59.0,55.0,67.0,75,0.0,1014,84,25.0,0.0,1.0,2023,12,12,19,1,346,50,-0.9659258262890684,0.2588190451025203,-2.4492935982947064e-16,1.0,0.7818314824680298,0.6234898018587336,0,2,0,59.5,61.0,51.5,33.0,95.0,79.0,54.833333333333336,9.411871935660255,61.0,44.0,61.0,12.437845472587625,75.0,44.0,57.791666666666664,12.9605315781337,75.0,33.0,52.479166666666664,16.115398500831684,95.0,27.0,25.5,26.5,27.0,83.0,80.0,76.0,1.33,2.0,3.2,1013.0,1013.0,1013.0,2100.0,84.0,25.0,0.0,0.7999854548099126,8.39166217983232,4.53811245288824,21.0,24.5,0.024654808032733695,625.0,7056,1.0,1028196,347.1,57.85,-15.5,-7.5,-0.5
129,121.6,13.7,59.3,57.5,73.3,58,0.0,1014,87,24.5,0.0,1.33,2023,12,12,20,1,346,50,-0.8660254037844386,0.5000000000000001,-2.4492935982947064e-16,1.0,0.7818314824680298,0.6234898018587336,0,2,0,44.0,59.5,61.0,75.0,48.0,35.0,49.833333333333336,8.431093246624128,59.5,44.0,56.166666666666664,11.509416434669278,75.0,44.0,57.625,13.109893904290004,75.0,33.0,52.9375,15.748921633201565,95.0,27.0,25.0,26.0,26.8,84.0,81.0,77.0,1.0,1.66,0.66,1014.0,1013.0,1013.0,2131.5,115.71000000000001,32.585,0.0,0.7999860871984835,8.875264579227794,4.328151229837238,21.315,23.835,0.024161711872079022,600.25,7569,1.7689000000000001,1028196,371.4,61.9,2.0,-15.0,-0.5
100,134.0,14.3,59.7,35.0,79.7,41,0.0,1015,89,24.0,0.0,1.66,2023,12,12,21,1,346,50,-0.7071067811865477,0.7071067811865474,-2.4492935982947064e-16,1.0,0.7818314824680298,0.6234898018587336,0,2,0,46.0,44.0,59.5,75.0,55.5,34.0,41.666666666666664,5.859465277077252,46.0,35.0,49.5,9.889388252059309,61.0,35.0,55.916666666666664,14.656418595977934,75.0,33.0,52.979166666666664,15.697880753304128,95.0,27.0,24.5,25.5,26.7,87.0,83.0,78.0,1.33,1.33,1.33,1014.0,1013.0,1013.0,2136.0,147.73999999999998,39.839999999999996,0.0,0.9999714293877319,9.36997412768338,4.174533249423117,21.36,23.17,0.02364529690118532,576.0,7921,2.7556,1030225,357.7,59.61666666666667,-11.0,-24.5,-0.5
78,146.5,15.0,60.0,31.0,86.0,25,0.0,1015,91,23.5,0.0,2.0,2023,12,12,22,1,346,50,-0.5000000000000004,0.8660254037844384,-2.4492935982947064e-16,1.0,0.7818314824680298,0.6234898018587336,0,3,0,35.0,46.0,44.0,51.5,57.5,38.5,35.333333333333336,10.503967504389774,46.0,25.0,45.083333333333336,13.915518914745343,61.0,25.0,53.208333333333336,17.131123103515428,75.0,25.0,52.416666666666664,16.462517813313113,95.0,25.0,24.0,25.0,26.5,89.0,84.0,80.0,1.66,1.0,2.0,1015.0,1014.0,1013.0,2138.5,182.0,47.0,0.0,0.8064255991742202,9.76601559896007,3.999733351109926,21.385,22.5,0.023152686549077293,552.25,8281,4.0,1030225,363.5,60.583333333333336,-10.0,-19.0,-0.5
74,151.3,14.7,58.0,29.0,88.0,33,0.0,1015,91,23.3,0.0,1.33,2023,12,12,23,1,346,50,-0.25881904510252157,0.9659258262890681,-2.4492935982947064e-16,1.0,0.7818314824680298,0.6234898018587336,0,3,0,25.0,35.0,46.0,61.0,75.0,33.0,27.666666666666668,6.429100507324424,35.0,23.0,38.75,13.869931506679077,59.5,23.0,48.875,17.68554237479953,75.0,23.0,52.0,17.089915663669395,95.0,23.0,23.5,24.5,26.0,91.0,87.0,81.0,2.0,1.33,1.66,1015.0,1014.0,1013.0,2120.3,121.03,30.989000000000004,0.0,0.7930761008241095,10.291816883205225,3.9453098428678324,21.203000000000003,22.635,0.02295564240823408,542.89,8281,1.7689000000000001,1030225,364.0,60.666666666666664,-2.0,-23.0,-0.1999999999999993
89,156.2,14.3,56.0,38.0,90.0,41,0.0,1015,91,23.1,0.0,0.66,2023,12,13,0,2,347,50,0.0,1.0,-2.4492935982947064e-16,1.0,0.9749279121818236,-0.22252093395631434,0,3,0,23.0,25.0,35.0,59.5,58.5,27.0,26.0,3.605551275456562,30.0,23.0,33.833333333333336,9.621157241550298,46.0,23.0,46.5,18.18215908771094,75.0,23.0,52.125,16.90912411276521,95.0,23.0,23.3,24.0,25.5,91.0,89.0,83.0,1.33,1.66,1.33,1015.0,1015.0,1013.0,2102.1,60.06,15.246000000000002,0.0,0.7894529091339703,10.922313124956295,3.9158100832109644,21.021,22.770000000000003,0.02275859826739087,533.61,8281,0.43560000000000004,1030225,384.5,64.08333333333333,7.0,-5.0,-0.1999999999999993
95,161.1,14.0,54.0,41.0,92.0,50,0.0,1015,91,22.9,0.0,2.0,2023,12,13,1,2,347,50,0.25881904510252074,0.9659258262890683,-2.4492935982947064e-16,1.0,0.9749279121818236,-0.22252093395631434,0,3,0,30.0,23.0,25.0,44.0,33.0,53.0,28.666666666666668,5.13160143944157,33.0,23.0,32.0,8.246211251233447,46.0,23.0,46.5,18.18215908771094,75.0,23.0,51.291666666666664,17.35117880137051,95.0,23.0,23.1,23.5,25.0,91.0,91.0,84.0,0.66,2.0,1.0,1015.0,1015.0,1014.0,2083.9,182.0,45.8,0.0,0.8048584180873638,11.506320977073067,3.85686736661667,20.839000000000002,21.9,0.02256155412654766,524.41,8281,4.0,1030225,395.1,65.85000000000001,3.0,8.0,-0.20000000000000284
101,170.6,14.7,48.7,44.3,92.0,58,0.0,1015,92,22.8,0.0,1.6,2023,12,13,2,2,347,50,0.49999999999999994,0.8660254037844387,-2.4492935982947064e-16,1.0,0.9749279121818236,-0.22252093395631434,0,3,0,33.0,30.0,23.0,46.0,75.0,45.0,32.89,2.836600077547752,35.67,30.0,30.278333333333336,5.285528986453088,35.67,23.0,43.222500000000004,15.990436985896286,75.0,23.0,50.90291666666667,17.60099144420189,95.0,23.0,22.9,23.3,24.5,91.0,91.0,87.0,2.0,1.33,1.33,1015.0,1015.0,1014.0,2097.6,147.20000000000002,36.480000000000004,0.0,0.8051736981106523,11.604652744711245,3.312699816339025,20.976,22.0,0.022463032056126056,519.84,8464,2.5600000000000005,1030225,405.97,67.66166666666668,2.6700000000000017,12.670000000000002,-0.09999999999999787
95,180.1,15.3,43.3,41.0,92.0,66,0.0,1015,92,22.7,0.0,1.6,2023,12,13,3,2,347,50,0.7071067811865476,0.7071067811865476,-2.4492935982947064e-16,1.0,0.9749279121818236,-0.22252093395631434,0,3,0,35.67,33.0,30.0,35.0,75.0,49.5,33.89,1.5415252187179922,35.67,33.0,29.945000000000004,4.982584670627199,35.67,23.0,39.722500000000004,12.650277844591953,61.0,23.0,50.21541666666667,17.976415945723176,95.0,23.0,22.8,23.1,24.0,92.0,91.0,89.0,1.6,0.66,1.66,1015.0,1015.0,1015.0,2088.4,147.20000000000002,36.32,0.0,0.8048584180873638,11.770472518136069,2.8298803999738578,20.884,21.9,0.022364509985704446,515.29,8464,2.5600000000000005,1030225,404.7,67.45,-2.6700000000000017,3.0,-0.10000000000000142
115,189.7,16.0,38.0,51.0,92.0,75,0.0,1015,92,22.5,0.0,1.2,2023,12,13,4,2,347,50,0.8660254037844386,0.5000000000000001,-2.4492935982947064e-16,1.0,0.9749279121818236,-0.22252093395631434,0,3,0,33.0,35.67,33.0,25.0,51.5,53.0,36.556666666666665,4.073037359671027,41.0,33.0,32.61166666666667,5.987054089169044,41.0,23.0,38.8475,12.113327840174875,61.0,23.0,49.71541666666667,18.062277765545996,95.0,23.0,22.7,22.9,23.5,92.0,91.0,91.0,1.6,2.0,2.0,1015.0,1015.0,1015.0,2070.0,110.39999999999999,27.0,0.0,0.8039058057685143,11.85550903068558,2.3748515717767638,20.7,21.9,0.022167465844861237,506.25,8464,1.44,1030225,427.7,71.28333333333333,8.0,8.0,-0.1999999999999993
139,202.0,85.0,7.6,77.0,58.0,83,0.0,1015,92,22.4,0.0,2.0,2023,12,13,5,2,347,50,0.9659258262890683,0.25881904510252074,-2.4492935982947064e-16,1.0,0.9749279121818236,-0.22252093395631434,0,3,0,41.0,33.0,35.67,23.0,61.0,56.0,41.333333333333336,8.504900548111909,50.0,33.0,37.11166666666667,7.31702239074309,50.0,30.0,37.93083333333333,10.607122357024497,59.5,23.0,49.46541666666667,18.012966580667907,95.0,23.0,22.5,22.8,23.3,92.0,92.0,91.0,1.2,1.6,1.33,1015.0,1015.0,1015.0,2060.7999999999997,184.0,44.8,0.0,0.6493422163348528,2.3764426300867045,0.08941071281514335,20.607999999999997,21.4,0.02206894377443963,501.75999999999993,8464,4.0,1030225,479.6,79.93333333333334,9.0,14.329999999999998,-0.10000000000000142
217,605.0,131.0,4.3,128.0,42.0,91,0.0,1016,93,22.3,0.0,2.0,2023,12,13,6,2,347,50,1.0,6.123233995736766e-17,-2.4492935982947064e-16,1.0,0.9749279121818236,-0.22252093395631434,0,0,0,50.0,41.0,33.0,30.0,59.5,47.0,65.5,34.93207694941617,105.5,41.0,49.695,28.08572858232396,105.5,33.0,41.76416666666666,21.66197231779437,105.5,23.0,51.90291666666667,21.3194570204064,105.5,23.0,22.4,22.7,23.1,92.0,92.0,91.0,2.0,1.6,0.66,1015.0,1015.0,1015.0,2073.9,186.0,44.6,0.0,0.8242123108413215,4.618285356600331,0.03282417691468004,20.739,21.3,0.021948797294490854,497.29,8649,4.0,1032256,1015.8,169.29999999999998,55.5,72.5,-0.09999999999999787
134,191.4,15.0,47.0,60.0,111.0,100,0.0,1016,93,22.2,0.8,2.4,2023,12,13,7,2,347,50,0.9659258262890683,-0.25881904510252063,-2.4492935982947064e-16,1.0,0.9749279121818236,-0.22252093395631434,0,0,0,105.5,50.0,41.0,33.0,44.0,95.0,67.83333333333333,32.63561449296252,105.5,48.0,52.195,26.94695066236566,105.5,33.0,42.0975,21.730173460796017,105.5,23.0,49.944583333333334,19.246428461263143,105.5,23.0,22.3,22.5,22.9,93.0,92.0,91.0,2.0,1.2,2.0,1016.0,1015.0,1015.0,2064.6,223.2,53.279999999999994,0.0,0.7999866668888852,12.759149390040665,3.133124458369442,20.646,21.0,0.021850372194515556,492.84,8649,5.76,1032256,472.4,78.73333333333333,-57.5,7.0,-0.10000000000000142
196,403.0,131.0,4.3,238.0,42.0,95,0.0,1016,88,23.3,1.3,0.66,2023,12,13,8,2,347,50,0.8660254037844387,-0.4999999999999998,-2.4492935982947064e-16,1.0,0.9749279121818236,-0.22252093395631434,0,0,0,48.0,105.5,50.0,35.67,46.0,48.0,116.5,74.61065607538856,196.0,48.0,78.91666666666667,62.85413006848981,196.0,33.0,54.5975,49.53415242858309,196.0,23.0,56.111250000000005,35.4692223364455,196.0,23.0,22.2,22.4,22.8,93.0,92.0,92.0,2.4,2.0,1.6,1016.0,1015.0,1015.0,2050.4,58.080000000000005,15.378000000000002,0.0,0.823525951571632,3.0763123945618736,0.03282417691468004,20.504,22.970000000000002,0.022933048294243807,542.89,7744,0.43560000000000004,1032256,1014.3,169.04999999999998,148.0,146.0,1.1000000000000014
154,302.0,116.0,3.2,199.0,47.0,91,0.0,1017,84,24.5,1.2,1.33,2023,12,13,9,2,347,50,0.7071067811865476,-0.7071067811865475,-2.4492935982947064e-16,1.0,0.9749279121818236,-0.22252093395631434,0,0,0,196.0,48.0,105.5,33.0,35.0,55.5,132.83333333333334,76.34188452830624,196.0,48.0,99.16666666666667,64.64879478123807,196.0,41.0,64.55583333333333,56.726121521559286,196.0,23.0,60.236250000000005,40.75755964155379,196.0,23.0,23.3,22.3,22.7,88.0,93.0,92.0,0.66,2.0,1.6,1016.0,1016.0,1015.0,2058.0,111.72,32.585,0.0,0.7763780081507128,2.6034258325359265,0.027585969086473393,20.58,23.835,0.02409043845581273,600.25,7056,1.7689000000000001,1034289,821.7,136.95000000000002,-41.5,49.0,1.1999999999999993
254,302.0,131.0,7.6,172.5,47.0,87,0.0,1018,80,25.6,2.6,2.0,2023,12,13,10,2,347,50,0.49999999999999994,-0.8660254037844387,-2.4492935982947064e-16,1.0,0.9749279121818236,-0.22252093395631434,0,0,0,154.5,196.0,48.0,41.0,25.0,57.5,161.33333333333334,31.805397864721527,196.0,133.5,114.58333333333333,58.765139893193776,196.0,48.0,73.5975,58.468324621891064,196.0,23.0,63.40291666666667,43.40233048032354,196.0,23.0,24.5,22.2,22.5,84.0,93.0,92.0,1.33,2.4,1.2,1017.0,1016.0,1015.0,2048.0,160.0,51.2,0.0,0.7739085570518431,2.3053259135426445,0.05801482431431821,20.48,24.6,0.025147323037993087,655.3600000000001,6400,4.0,1036324,793.6,132.26666666666668,-21.0,85.5,1.1000000000000014
255,302.0,46.0,27.0,180.5,26.0,83,0.0,1017,76,26.1,3.3,1.66,2023,12,13,11,2,347,50,0.258819045102521,-0.9659258262890682,-2.4492935982947064e-16,1.0,0.9749279121818236,-0.22252093395631434,0,0,0,133.5,154.5,196.0,50.0,23.0,75.0,140.83333333333334,11.846237095940634,154.5,133.5,128.66666666666666,49.603091301517026,196.0,48.0,82.88916666666667,58.55609702876678,196.0,30.0,65.88208333333334,45.730460401296284,196.0,23.0,25.6,23.3,22.4,80.0,88.0,92.0,2.0,0.66,2.0,1018.0,1016.0,1015.0,1983.6000000000001,126.16,43.326,0.0,0.745148226325616,6.565074672289733,0.5869437620921285,19.836000000000002,25.270000000000003,0.025663691579457644,681.21,5776,2.7556,1034289,716.0,119.33333333333333,1.0,-61.5,0.5
213,302.0,46.0,7.6,140.0,5.0,79,0.0,1016,72,26.5,3.6,1.33,2023,12,13,12,2,347,50,1.2246467991473532e-16,-1.0,-2.4492935982947064e-16,1.0,0.9749279121818236,-0.22252093395631434,0,1,0,134.5,133.5,154.5,105.5,30.0,58.5,123.5,18.193405398657852,134.5,102.5,128.16666666666666,49.897561730676124,196.0,48.0,88.93083333333334,56.299750921187965,196.0,33.0,67.71541666666667,46.30007756394769,196.0,23.0,26.1,24.5,22.3,76.0,84.0,93.0,1.66,1.33,2.0,1017.0,1017.0,1016.0,1908.0,95.76,35.245000000000005,0.0,0.7321376275883743,6.565074672289733,0.16521379970000652,19.08,25.835,0.026082651493453256,702.25,5184,1.7689000000000001,1032256,603.1,100.51666666666667,-32.0,-52.0,0.3999999999999986
215,302.0,46.0,5.4,141.0,5.0,75,0.0,1015,68,27.0,3.6,1.0,2023,12,13,13,2,347,50,-0.2588190451025208,-0.9659258262890683,-2.4492935982947064e-16,1.0,0.9749279121818236,-0.22252093395631434,0,1,0,102.5,134.5,133.5,48.0,33.0,33.0,113.66666666666667,18.057777641040147,134.5,102.5,137.5,34.88122704263666,196.0,102.5,94.84750000000001,53.55118182636053,196.0,33.0,70.67375,46.25374455464254,196.0,23.0,26.5,25.6,22.2,72.0,80.0,93.0,1.33,2.0,2.4,1016.0,1018.0,1016.0,1836.0,68.0,27.0,0.0,0.7375834213941744,6.565074672289733,0.1173887524184257,18.36,26.5,0.026600959013833483,729.0,4624,1.0,1030225,603.4,100.56666666666666,1.5,-29.5,0.5
89,302.0,56.3,5.0,38.0,14.0,75,0.0,1014,67,27.2,2.4,1.33,2023,12,13,14,2,347,50,-0.4999999999999997,-0.8660254037844388,-2.4492935982947064e-16,1.0,0.9749279121818236,-0.22252093395631434,0,1,0,104.0,102.5,134.5,196.0,35.67,75.0,78.83333333333333,42.29755706105568,104.0,30.0,109.83333333333333,43.87444206672757,154.5,30.0,94.375,54.14254124740729,196.0,30.0,68.79875,46.97717617075655,196.0,23.0,27.0,26.1,23.3,68.0,76.0,88.0,1.0,1.66,0.66,1015.0,1017.0,1016.0,1822.3999999999999,89.11,36.176,0.0,0.7894529091339703,5.364025505763664,0.0888083693007229,18.224,26.535,0.02682443113961426,739.8399999999999,4489,1.7689000000000001,1028196,445.3,74.21666666666667,-74.0,-104.5,0.1999999999999993
269,302.0,46.0,5.4,200.0,5.0,75,0.0,1014,65,27.4,2.0,1.66,2023,12,13,15,2,347,50,-0.7071067811865471,-0.7071067811865479,-2.4492935982947064e-16,1.0,0.9749279121818236,-0.22252093395631434,0,1,0,30.0,104.0,102.5,154.5,33.0,75.0,93.0,58.283788483590556,145.0,30.0,108.25,42.074636064973475,145.0,30.0,103.70833333333333,52.220014594428754,196.0,30.0,71.71541666666667,49.48503295720232,196.0,23.0,27.2,26.5,24.5,67.0,72.0,84.0,1.33,1.33,1.33,1014.0,1016.0,1017.0,1781.0,107.89999999999999,45.483999999999995,0.0,0.7249963750181249,6.565074672289733,0.1173887524184257,17.81,26.57,0.027021669603876128,750.7599999999999,4225,2.7556,1028196,703.4,117.23333333333333,115.0,42.5,0.1999999999999993
186,302.0,77.0,4.3,136.5,32.0,75,0.0,1014,64,27.6,1.7,2.0,2023,12,13,16,2,347,50,-0.8660254037844385,-0.5000000000000004,-2.4492935982947064e-16,1.0,0.9749279121818236,-0.22252093395631434,0,1,0,145.0,30.0,104.0,133.5,41.0,51.5,85.83333333333333,57.57241816471893,145.0,30.0,99.75,41.093490968764954,145.0,30.0,107.16666666666667,48.96210655994906,196.0,30.0,73.00708333333334,49.33879225881,196.0,23.0,27.4,27.0,25.6,65.0,68.0,80.0,1.66,1.0,2.0,1014.0,1015.0,1018.0,1766.4,128.0,55.2,0.0,0.6043911766214167,3.9220269866625106,0.05584343060479734,17.664,26.6,0.027218908068138002,761.7600000000001,4096,4.0,1028196,634.3,105.71666666666665,-62.5,-21.5,0.20000000000000284
219,302.0,116.0,5.4,151.0,47.0,58,0.0,1014,69,26.7,1.5,1.66,2023,12,13,17,2,347,50,-0.9659258262890683,-0.25881904510252063,-2.4492935982947064e-16,1.0,0.9749279121818236,-0.22252093395631434,0,1,0,82.5,145.0,30.0,134.5,50.0,61.0,111.66666666666667,31.457643480293466,145.0,82.5,95.25,37.87974392732832,145.0,30.0,111.95833333333333,45.553893323947904,196.0,30.0,74.94458333333334,49.75801233091237,196.0,23.0,27.6,27.2,26.1,64.0,67.0,76.0,2.0,1.33,1.66,1014.0,1014.0,1017.0,1842.3,114.53999999999999,44.321999999999996,0.0,0.7119158151270522,2.6034258325359265,0.04655132283342385,18.423,25.87,0.02633133497895959,712.89,4761,2.7556,1028196,728.9,121.48333333333333,25.0,77.5,-0.9000000000000021
213,302.0,116.0,4.3,168.0,47.0,41,0.0,1015,76,25.7,0.0,1.33,2023,12,13,18,2,347,50,-1.0,-1.8369701987210297e-16,-2.4492935982947064e-16,1.0,0.9749279121818236,-0.22252093395631434,0,2,0,107.5,82.5,145.0,102.5,105.5,59.5,97.66666666666667,13.326039671757501,107.5,82.5,95.33333333333333,37.89942831582864,145.0,30.0,111.75,45.59181545369262,196.0,30.0,76.75708333333334,49.96281343064898,196.0,23.0,26.7,27.4,26.5,69.0,65.0,72.0,1.66,1.66,1.33,1014.0,1014.0,1016.0,1953.2,101.08000000000001,34.181,0.0,0.6130915887405431,2.6034258325359265,0.03706864595994862,19.532,25.035,0.025320172098352613,660.49,5776,1.7689000000000001,1030225,740.3,123.38333333333333,-4.5,-42.0,-1.0
173,154.1,13.0,62.0,91.0,64.0,25,0.0,1015,83,24.8,0.0,1.0,2023,12,13,19,2,347,50,-0.9659258262890684,0.2588190451025203,-2.4492935982947064e-16,1.0,0.9749279121818236,-0.22252093395631434,0,2,0,103.0,107.5,82.5,104.0,48.0,44.0,94.5,18.754999333508984,107.5,73.0,90.16666666666667,38.58842658967367,145.0,30.0,113.83333333333333,42.905993082833675,196.0,30.0,77.96541666666667,49.48453873415337,196.0,23.0,25.7,27.6,27.0,76.0,64.0,68.0,1.33,2.0,1.0,1015.0,1014.0,1015.0,2058.4,83.0,24.8,0.0,0.8021889869342095,11.852934389662334,4.768863933543574,20.584,24.3,0.024433473464558163,615.0400000000001,6889,1.0,1030225,457.1,76.18333333333334,-30.0,-9.5,-0.8999999999999986
185,166.1,12.3,65.3,90.0,64.0,50,0.0,1015,85,24.5,0.0,1.33,2023,12,13,20,2,347,50,-0.8660254037844386,0.5000000000000001,-2.4492935982947064e-16,1.0,0.9749279121818236,-0.22252093395631434,0,2,0,73.0,103.0,107.5,30.0,196.0,46.0,85.83333333333333,15.46231979145622,103.0,73.0,98.75,26.29971482735064,145.0,73.0,104.29166666666667,34.9697650792352,154.5,30.0,79.44458333333334,49.015855995272766,196.0,23.0,24.8,26.7,27.2,83.0,69.0,67.0,1.0,1.66,1.33,1015.0,1014.0,1014.0,2082.5,113.05000000000001,32.585,0.0,0.9055454939389562,13.502967238435899,5.308511503129827,20.825,23.835,0.024137907253293348,600.25,7225,1.7689000000000001,1030225,479.2,79.86666666666666,8.5,-26.0,-0.3000000000000007
186,178.2,11.7,68.7,83.0,64.0,75,0.0,1016,87,24.1,0.0,1.66,2023,12,13,21,2,347,50,-0.7071067811865477,0.7071067811865474,-2.4492935982947064e-16,1.0,0.9749279121818236,-0.22252093395631434,0,2,0,81.5,73.0,103.0,145.0,154.5,35.0,79.0,5.220153254448347,82.5,73.0,88.33333333333333,13.655279809166618,107.5,73.0,98.29166666666667,31.584992360679305,145.0,30.0,81.42375,48.09354533320906,196.0,23.0,24.5,25.7,27.4,85.0,76.0,65.0,1.33,1.33,1.66,1015.0,1015.0,1014.0,2096.7000000000003,144.42,40.006,0.0,0.993963928145444,15.229467566874627,5.8712930518759086,20.967000000000002,23.270000000000003,0.023720449094046168,580.8100000000001,7569,2.7556,1032256,488.09999999999997,81.35,1.0,-20.5,-0.3999999999999986
211,190.3,11.0,72.0,126.3,64.0,100,0.0,1016,89,23.8,0.0,2.0,2023,12,13,22,2,347,50,-0.5000000000000004,0.8660254037844384,-2.4492935982947064e-16,1.0,0.9749279121818236,-0.22252093395631434,0,3,0,82.5,81.5,73.0,82.5,133.5,25.0,88.33333333333333,10.981044273349319,101.0,81.5,91.41666666666667,14.154210209921063,107.5,73.0,95.58333333333333,29.624033036257245,145.0,30.0,84.59041666666667,46.69869781995805,196.0,23.0,24.1,24.8,27.6,87.0,83.0,64.0,1.66,1.0,2.0,1016.0,1015.0,1014.0,2118.2000000000003,178.0,47.6,0.0,0.7996769621776549,17.298427415689485,6.54485955822198,21.182000000000002,22.8,0.023425173794120284,566.44,7921,4.0,1032256,564.6,94.10000000000001,18.5,28.0,-0.3000000000000007
168,182.3,10.3,70.7,69.0,58.3,93,0.0,1016,89,23.5,0.0,1.66,2023,12,13,23,2,347,50,-0.25881904510252157,0.9659258262890681,-2.4492935982947064e-16,1.0,0.9749279121818236,-0.22252093395631434,0,3,0,101.0,82.5,81.5,107.5,134.5,23.0,84.16666666666667,16.06497224813225,101.0,69.0,85.0,14.131525041550422,103.0,69.0,90.125,27.778445699039253,145.0,30.0,86.50708333333334,44.973029451881,196.0,30.0,23.8,24.5,26.7,89.0,85.0,69.0,2.0,1.33,1.66,1016.0,1015.0,1014.0,2091.5,147.73999999999998,39.01,0.0,0.9999855074564136,17.69731094068537,6.86341131928939,20.915,22.67,0.023129898494194397,552.25,7921,2.7556,1032256,459.6,76.60000000000001,-32.0,-12.5,-0.3000000000000007
156,174.3,9.7,69.3,60.0,52.7,86,0.0,1016,89,23.3,0.0,1.33,2023,12,14,0,3,348,50,0.0,1.0,-2.4492935982947064e-16,1.0,0.43388373911755823,-0.900968867902419,0,3,0,69.0,101.0,82.5,103.0,102.5,30.0,76.66666666666667,21.548395145190327,101.0,60.0,77.83333333333333,14.080719678575836,101.0,60.0,86.58333333333333,28.74957180181655,145.0,30.0,87.75708333333334,43.73400959746385,196.0,30.0,23.5,24.1,25.7,89.0,87.0,76.0,1.66,1.66,1.33,1016.0,1016.0,1015.0,2073.7000000000003,118.37,30.989000000000004,0.0,0.9999833336111065,17.967219874239774,7.143593443974849,20.737000000000002,22.635,0.022933048294243807,542.89,7921,1.7689000000000001,1032256,426.0,71.0,-9.0,-22.5,-0.1999999999999993
156,166.3,9.0,68.0,60.0,47.0,79,0.0,1015,89,23.0,0.0,1.0,2023,12,14,1,3,348,50,0.25881904510252074,0.9659258262890683,-2.4492935982947064e-16,1.0,0.43388373911755823,-0.900968867902419,0,3,0,60.0,69.0,101.0,73.0,104.0,33.0,63.0,5.196152422700221,69.0,60.0,75.66666666666667,15.860853276751305,101.0,60.0,82.91666666666667,29.129673509804483,145.0,30.0,88.88208333333334,42.59669572602327,196.0,30.0,23.3,23.8,24.8,89.0,89.0,83.0,1.33,2.0,1.0,1016.0,1016.0,1015.0,2047.0,89.0,23.0,0.0,0.9999833336111065,18.475724919453395,7.554716142650817,20.47,22.5,0.022660076196969265,529.0,7921,1.0,1030225,410.3,68.38333333333334,0.0,-41.0,-0.3000000000000007
150,178.2,31.7,49.7,68.0,50.7,72,0.0,1015,88,23.0,0.0,1.0,2023,12,14,2,3,348,50,0.49999999999999994,0.8660254037844387,-2.4492935982947064e-16,1.0,0.43388373911755823,-0.900968867902419,0,3,0,60.0,60.0,69.0,81.5,30.0,35.67,58.0,3.464101615128385,60.0,54.0,71.08333333333333,17.704283850713423,101.0,54.0,84.91666666666667,25.799782709912776,145.0,54.0,89.64583333333333,41.757186095087356,196.0,30.0,23.0,23.5,24.5,89.0,89.0,85.0,1.0,1.66,1.33,1015.0,1016.0,1015.0,2024.0,88.0,23.0,0.0,0.7941059690298672,5.6212737768524645,1.567773887259077,20.24,22.5,0.022660076196969265,529.0,7744,1.0,1030225,432.29999999999995,72.05,-6.0,-15.0,0.0
437,202.0,62.0,13.0,541.0,58.0,65,0.0,1015,88,23.0,0.0,1.0,2023,12,14,3,3,348,50,0.7071067811865476,0.7071067811865476,-2.4492935982947064e-16,1.0,0.43388373911755823,-0.900968867902419,0,3,0,54.0,60.0,60.0,82.5,145.0,33.0,170.66666666666666,196.8992974424572,398.0,54.0,123.66666666666667,135.4410080687036,398.0,54.0,106.0,93.61381017000315,398.0,54.0,104.85416666666667,74.14050690744439,398.0,30.0,23.0,23.3,24.1,88.0,89.0,87.0,1.0,1.33,1.66,1015.0,1016.0,1016.0,2024.0,88.0,23.0,0.0,0.7356733166851818,3.2580119675489105,0.20967403751552396,20.24,22.5,0.022660076196969265,529.0,7744,1.0,1030225,1274.0,212.33333333333334,344.0,338.0,0.0
153,202.0,77.0,13.0,184.5,58.0,58,0.0,1015,87,22.9,0.0,1.0,2023,12,14,4,3,348,50,0.8660254037844386,0.5000000000000001,-2.4492935982947064e-16,1.0,0.43388373911755823,-0.900968867902419,0,3,0,398.0,54.0,60.0,101.0,82.5,41.0,201.83333333333334,177.0200082853156,398.0,54.0,132.41666666666666,135.37962057365445,398.0,54.0,111.91666666666667,94.23515878649052,398.0,54.0,109.54166666666667,73.48127780874428,398.0,30.0,23.0,23.0,23.8,88.0,89.0,89.0,1.0,1.0,2.0,1015.0,1015.0,1016.0,1992.3,87.0,22.9,0.0,0.8319738104400518,2.623342553992805,0.16882897624706172,19.923,22.4,0.02256155412654766,524.41,7569,1.0,1030225,688.0,114.66666666666667,-244.5,93.5,-0.10000000000000142
159,302.0,116.0,8.6,190.0,58.0,51,0.0,1015,88,22.9,0.0,1.0,2023,12,14,5,3,348,50,0.9659258262890683,0.25881904510252074,-2.4492935982947064e-16,1.0,0.43388373911755823,-0.900968867902419,0,3,0,153.5,398.0,54.0,69.0,107.5,50.0,236.83333333333334,139.6015162286327,398.0,153.5,147.41666666666666,131.8887473087323,398.0,54.0,116.20833333333333,95.18366416692706,398.0,54.0,114.08333333333333,73.00813931197781,398.0,30.0,22.9,23.0,23.5,87.0,88.0,89.0,1.0,1.0,1.66,1015.0,1015.0,1016.0,2015.1999999999998,88.0,22.9,0.0,0.8368377008542061,2.6034258325359265,0.07413729191989724,20.151999999999997,22.4,0.02256155412654766,524.41,7744,1.0,1030225,833.6,138.93333333333334,5.5,105.0,0.0
209,216.0,38.3,31.7,113.0,72.7,44,0.0,1015,89,22.9,0.0,1.0,2023,12,14,6,3,348,50,1.0,6.123233995736766e-17,-2.4492935982947064e-16,1.0,0.43388373911755823,-0.900968867902419,0,0,0,159.0,153.5,398.0,60.0,103.0,105.5,137.33333333333334,32.87983171084114,159.0,99.5,154.0,127.56762912275187,398.0,54.0,115.91666666666667,95.23316680970969,398.0,54.0,113.83333333333333,73.04907026558742,398.0,30.0,22.9,23.0,23.3,88.0,88.0,89.0,1.0,1.0,1.33,1015.0,1015.0,1016.0,2038.1,89.0,22.9,0.0,0.8805231812107857,5.639539437612596,0.8276546304274041,20.381,22.4,0.02256155412654766,524.41,7921,1.0,1030225,571.2,95.2,-59.5,-298.5,0.0
211,222.9,19.0,41.0,116.0,80.0,37,0.0,1015,90,22.9,0.7,1.0,2023,12,14,7,3,348,50,0.9659258262890683,-0.25881904510252063,-2.4492935982947064e-16,1.0,0.43388373911755823,-0.900968867902419,0,0,0,99.5,159.0,153.5,60.0,73.0,48.0,119.83333333333333,33.927619034250554,159.0,99.5,160.83333333333334,122.52373919639672,398.0,54.0,118.25,94.4256561822817,398.0,54.0,116.04166666666667,71.76212466358521,398.0,30.0,22.9,22.9,23.0,89.0,87.0,89.0,1.0,1.0,1.0,1015.0,1015.0,1015.0,2061.0,90.0,22.9,0.0,0.8706821492918164,11.730961528340613,2.1577811694121363,20.61,22.4,0.02256155412654766,524.41,8100,1.0,1030225,579.9,96.64999999999999,1.5,-52.5,0.0
180,249.3,53.7,28.8,98.0,67.3,50,0.0,1016,86,24.0,0.9,1.0,2023,12,14,8,3,348,50,0.8660254037844387,-0.4999999999999998,-2.4492935982947064e-16,1.0,0.43388373911755823,-0.900968867902419,0,0,0,101.0,99.5,159.0,54.0,81.5,196.0,92.83333333333333,12.867918764635151,101.0,78.0,164.83333333333334,118.66956925289078,398.0,78.0,117.95833333333333,94.55480814016902,398.0,54.0,111.125,70.06801819598655,398.0,30.0,22.9,22.9,23.0,90.0,88.0,88.0,1.0,1.0,1.0,1015.0,1015.0,1015.0,2064.0,86.0,24.0,0.0,0.7959102458138182,4.642371650434815,0.5363028621440942,20.64,23.5,0.023622023994070873,576.0,7396,1.0,1032256,575.1,95.85000000000001,-23.0,-81.0,1.1000000000000014
158,403.0,131.0,6.5,188.0,47.0,62,0.0,1016,81,25.1,1.4,1.0,2023,12,14,9,3,348,50,0.7071067811865476,-0.7071067811865475,-2.4492935982947064e-16,1.0,0.43388373911755823,-0.900968867902419,0,0,0,78.0,101.0,99.5,398.0,82.5,154.5,112.33333333333333,41.186567389541494,158.0,78.0,124.83333333333333,36.03424297340841,159.0,78.0,124.25,94.49278471733328,398.0,54.0,111.27083333333333,70.16579421296598,398.0,30.0,24.0,22.9,23.0,86.0,89.0,88.0,1.0,1.0,1.0,1016.0,1015.0,1015.0,2033.1000000000001,81.0,25.1,0.0,0.8404210615900979,3.0763123945618736,0.04961794184777215,20.331000000000003,24.6,0.02470470009379912,630.0100000000001,6561,1.0,1032256,933.5,155.58333333333334,80.0,58.5,1.1000000000000014
165,302.0,123.0,4.3,95.0,42.0,75,0.0,1016,77,26.2,2.5,1.0,2023,12,14,10,3,348,50,0.49999999999999994,-0.8660254037844387,-2.4492935982947064e-16,1.0,0.43388373911755823,-0.900968867902419,0,0,0,158.0,78.0,101.0,153.5,101.0,133.5,100.83333333333333,49.8405791833647,158.0,66.5,110.33333333333333,39.526784168037636,159.0,66.5,121.375,95.7805552955672,398.0,54.0,108.47916666666667,70.57457960365008,398.0,30.0,25.1,22.9,22.9,81.0,90.0,87.0,1.0,1.0,1.0,1016.0,1015.0,1015.0,2017.3999999999999,77.0,26.2,0.0,0.6999926316565088,2.4552645913447857,0.034959065373452246,20.174,25.7,0.02578737619352737,686.4399999999999,5929,1.0,1032256,632.8,105.46666666666665,-91.5,-34.5,1.0999999999999979
98,235.0,100.0,9.4,34.0,47.3,66,0.0,1015,70,27.3,2.0,1.66,2023,12,14,11,3,348,50,0.258819045102521,-0.9659258262890682,-2.4492935982947064e-16,1.0,0.43388373911755823,-0.900968867902419,0,0,0,66.5,158.0,78.0,159.0,69.0,134.5,86.16666666666667,64.29683766199744,158.0,34.0,89.5,41.63171867698907,158.0,34.0,118.45833333333333,98.02700424171898,398.0,34.0,104.29166666666667,71.93202054516611,398.0,30.0,26.2,24.0,22.9,77.0,86.0,88.0,1.0,1.0,1.0,1016.0,1016.0,1015.0,1911.0,116.19999999999999,45.318,0.0,0.9999705891003207,2.3499765002349977,0.0939990600093999,19.11,26.470000000000002,0.026896525225098302,745.2900000000001,4900,2.7556,1030225,459.7,76.61666666666666,-32.5,-44.0,1.1000000000000014
114,202.0,69.0,18.4,63.5,58.0,58,0.0,1014,64,28.5,1.9,2.33,2023,12,14,12,3,348,50,1.2246467991473532e-16,-1.0,-2.4492935982947064e-16,1.0,0.43388373911755823,-0.900968867902419,0,1,0,34.0,66.5,158.0,99.5,60.0,102.5,47.0,17.197383521917875,66.5,34.0,79.66666666666667,45.57813803422234,158.0,34.0,116.83333333333333,99.23831127262473,398.0,34.0,101.70833333333333,73.10295251675353,398.0,30.0,27.3,25.1,22.9,70.0,81.0,89.0,1.66,1.0,1.0,1015.0,1016.0,1015.0,1824.0,149.12,66.405,0.0,0.6377852317286342,2.9274938044376166,0.26666280198837694,18.24,27.335,0.028106481157316413,812.25,4096,5.4289000000000005,1028196,451.4,75.23333333333333,6.5,-117.5,1.1999999999999993
142,101.0,54.0,19.5,90.0,58.0,50,0.0,1013,58,29.6,2.0,3.0,2023,12,14,13,3,348,50,-0.2588190451025208,-0.9659258262890683,-2.4492935982947064e-16,1.0,0.43388373911755823,-0.900968867902419,0,1,0,40.5,34.0,66.5,101.0,60.0,104.0,41.833333333333336,8.578072821634688,51.0,34.0,71.33333333333333,45.468303978338845,158.0,34.0,116.08333333333333,99.73962314066739,398.0,34.0,99.5,73.82764887987757,398.0,30.0,28.5,26.2,22.9,64.0,77.0,90.0,2.33,1.0,1.0,1014.0,1016.0,1015.0,1716.8000000000002,174.0,88.80000000000001,0.0,0.5666603704403285,1.8703357345234348,0.3611044239921483,17.168000000000003,28.1,0.029220109358233607,876.1600000000001,3364,9.0,1026169,373.5,62.25,10.5,-15.5,1.1000000000000014
87,134.7,77.0,16.2,36.0,52.7,41,0.0,1013,59,29.4,1.8,2.66,2023,12,14,14,3,348,50,-0.4999999999999997,-0.8660254037844388,-2.4492935982947064e-16,1.0,0.43388373911755823,-0.900968867902419,0,1,0,51.0,40.5,34.0,78.0,54.0,30.0,40.166666666666664,11.003787226826422,51.0,29.0,63.166666666666664,48.341148793410184,158.0,29.0,114.0,101.40154203597032,398.0,29.0,99.45833333333333,73.86884921303448,398.0,29.0,29.6,27.3,24.0,58.0,70.0,86.0,3.0,1.66,1.0,1013.0,1015.0,1016.0,1734.6,156.94,78.204,0.0,0.8055331796338991,1.7493279308060932,0.2103868780924923,17.346,28.07,0.02902267618689419,864.3599999999999,3481,7.0756000000000006,1026169,345.59999999999997,57.599999999999994,-22.0,-5.0,-0.20000000000000284
126,101.0,54.0,18.4,80.0,58.0,33,0.0,1012,60,29.2,1.7,2.33,2023,12,14,15,3,348,50,-0.7071067811865471,-0.7071067811865479,-2.4492935982947064e-16,1.0,0.43388373911755823,-0.900968867902419,0,1,0,29.0,51.0,40.5,158.0,398.0,145.0,41.666666666666664,11.372481406151772,51.0,29.0,44.333333333333336,13.362883920270352,66.5,29.0,84.58333333333333,49.3833949518421,159.0,29.0,95.29166666666667,74.00850665951224,398.0,29.0,29.4,28.5,25.1,59.0,64.0,81.0,2.66,2.33,1.0,1013.0,1014.0,1016.0,1752.0,139.8,68.036,0.0,0.5624929688378895,1.8703357345234348,0.3407344308438732,17.52,28.035,0.028853726429124083,852.64,3600,5.4289000000000005,1024144,356.4,59.4,16.0,4.5,-0.1999999999999993
102,202.0,123.0,9.7,67.0,42.0,25,0.0,1012,61,29.0,1.6,2.0,2023,12,14,16,3,348,50,-0.8660254037844385,-0.5000000000000004,-2.4492935982947064e-16,1.0,0.43388373911755823,-0.900968867902419,0,1,0,45.0,29.0,51.0,66.5,153.5,82.5,36.666666666666664,8.020806277006672,45.0,29.0,39.25,7.948270252070738,51.0,29.0,74.79166666666667,46.010106761909924,159.0,29.0,93.35416666666667,74.96049382213288,398.0,29.0,29.2,29.6,26.2,60.0,58.0,77.0,2.33,3.0,1.0,1012.0,1013.0,1016.0,1769.0,122.0,58.0,0.0,0.5373054133520395,1.6422630710319428,0.07886114747034575,17.69,28.0,0.028656098165910904,841.0,3721,4.0,1024144,479.7,79.95,-9.0,-15.0,-0.1999999999999993
145,202.0,139.0,9.7,98.0,42.0,25,0.0,1012,66,27.9,1.5,2.0,2023,12,14,17,3,348,50,-0.9659258262890683,-0.25881904510252063,-2.4492935982947064e-16,1.0,0.43388373911755823,-0.900968867902419,0,1,0,36.0,45.0,29.0,34.0,159.0,107.5,44.333333333333336,8.020806277006495,52.0,36.0,42.25,8.909264840600095,52.0,29.0,65.875,37.852059509237186,158.0,29.0,91.04166666666667,75.36013775411301,398.0,29.0,29.0,29.4,27.3,61.0,59.0,70.0,2.0,2.66,1.66,1012.0,1013.0,1015.0,1841.3999999999999,132.0,55.8,0.0,0.5306068305425454,1.4532269552017612,0.06978367062107466,18.413999999999998,26.9,0.02756914271823842,778.41,4356,4.0,1024144,542.7,90.45,16.0,23.0,-1.1000000000000014
153,202.0,123.0,5.4,102.0,42.0,25,0.0,1013,71,26.7,0.0,2.0,2023,12,14,18,3,348,50,-1.0,-1.8369701987210297e-16,-2.4492935982947064e-16,1.0,0.43388373911755823,-0.900968867902419,0,2,0,52.0,36.0,45.0,40.5,99.5,103.0,48.5,11.169153951841292,57.5,36.0,45.083333333333336,10.753681540134062,57.5,29.0,62.375,36.373145063605726,158.0,29.0,89.14583333333333,75.6181021527812,398.0,29.0,27.9,29.2,28.5,66.0,60.0,64.0,2.0,2.33,2.33,1012.0,1012.0,1014.0,1895.7,142.0,53.4,0.0,0.5637199635297693,1.6422630710319428,0.04390208209689352,18.957,25.7,0.02635732837381207,712.89,5041,4.0,1026169,531.9,88.64999999999999,5.5,12.5,-1.1999999999999993
155,202.0,92.0,4.3,102.5,42.0,25,0.0,1014,76,25.6,0.0,2.0,2023,12,14,19,3,348,50,-0.9659258262890684,0.2588190451025203,-2.4492935982947064e-16,1.0,0.43388373911755823,-0.900968867902419,0,2,0,57.5,52.0,36.0,51.0,101.0,73.0,56.166666666666664,3.68555739790638,59.0,52.0,46.416666666666664,12.051625063310768,59.0,29.0,58.875,34.27901889441353,158.0,29.0,88.5625,75.80184586773973,398.0,29.0,26.7,29.0,29.6,71.0,61.0,58.0,2.0,2.0,3.0,1013.0,1012.0,1013.0,1945.6000000000001,152.0,51.2,0.0,0.5756041404474103,2.195628308387952,0.046738622406278185,19.456000000000003,24.6,0.025246523425519307,655.3600000000001,5776,4.0,1028196,501.8,83.63333333333334,1.5,23.0,-1.0999999999999979
150,138.0,87.3,3.8,68.0,49.3,25,0.0,1014,80,25.1,0.0,2.0,2023,12,14,20,3,348,50,-0.8660254037844386,0.5000000000000001,-2.4492935982947064e-16,1.0,0.43388373911755823,-0.900968867902419,0,2,0,59.0,57.5,52.0,29.0,78.0,81.5,56.833333333333336,2.565800719709579,59.0,54.0,50.583333333333336,8.67419544779923,59.0,36.0,56.875,33.75791153061774,158.0,29.0,87.41666666666667,76.12042328166442,398.0,29.0,25.6,27.9,29.4,76.0,66.0,59.0,2.0,2.0,2.66,1014.0,1012.0,1013.0,2008.0,160.0,50.2,0.0,0.7941059690298672,1.580737906782282,0.04352756554907733,20.08,24.1,0.02475342726486463,630.0100000000001,6400,4.0,1028196,400.40000000000003,66.73333333333333,-5.0,2.0,-0.5
160,10.0,102.0,2.3,78.8,64.0,25,0.0,1014,84,24.7,0.0,2.0,2023,12,14,21,3,348,50,-0.7071067811865477,0.7071067811865474,-2.4492935982947064e-16,1.0,0.43388373911755823,-0.900968867902419,0,2,0,54.0,59.0,57.5,45.0,158.0,82.5,58.666666666666664,4.50924975281493,63.0,54.0,53.583333333333336,9.436189202565902,63.0,36.0,48.958333333333336,12.040572195199083,66.5,29.0,86.60416666666667,76.27908984185311,398.0,29.0,25.1,26.7,29.2,80.0,71.0,60.0,2.0,2.0,2.33,1014.0,1013.0,1012.0,2074.7999999999997,168.0,49.4,0.0,0.7994822400730955,0.0980382545269164,0.02254879854119077,20.747999999999998,23.7,0.02435895033634089,610.0899999999999,7056,4.0,1028196,320.1,53.35,9.0,5.5,-0.40000000000000213
121,10.0,78.0,2.7,43.0,64.0,25,0.0,1015,88,24.2,0.0,2.0,2023,12,14,22,3,348,50,-0.5000000000000004,0.8660254037844384,-2.4492935982947064e-16,1.0,0.43388373911755823,-0.900968867902419,0,3,0,63.0,54.0,59.0,36.0,66.5,101.0,53.333333333333336,10.016652800874326,63.0,43.0,54.75,6.9263987756954055,63.0,43.0,47.0,10.772439581885653,63.0,29.0,84.1875,76.72066958326415,398.0,29.0,24.7,25.6,29.0,84.0,76.0,61.0,2.0,2.0,2.0,1014.0,1014.0,1012.0,2129.6,176.0,48.4,0.0,0.9999767447268668,0.12820348457071062,0.03461494083409187,21.296,23.2,0.02384234104202853,585.64,7744,4.0,1030225,240.7,40.11666666666667,-20.0,-16.0,-0.5
137,47.3,55.7,18.8,58.0,56.3,25,0.0,1015,89,23.9,0.0,1.66,2023,12,14,23,3,348,50,-0.25881904510252157,0.9659258262890681,-2.4492935982947064e-16,1.0,0.43388373911755823,-0.900968867902419,0,3,0,43.0,63.0,54.0,52.0,34.0,69.0,51.666666666666664,10.263202878890395,63.0,43.0,54.25,7.264640390270858,63.0,43.0,48.25,9.96699097475419,63.0,29.0,83.35416666666667,77.00091461436884,398.0,29.0,24.2,25.1,27.9,88.0,80.0,66.0,2.0,2.0,2.0,1015.0,1014.0,1012.0,2127.1,147.73999999999998,39.67399999999999,0.0,0.8448130204651644,0.8491768549936266,0.33751638211163176,21.271,23.07,0.023546774830763714,571.2099999999999,7921,2.7556,1030225,285.1,47.51666666666667,6.0,-5.0,-0.3000000000000007
108,84.6,33.3,34.9,44.3,48.7,25,0.0,1014,89,23.7,0.0,1.33,2023,12,15,0,4,349,50,0.0,1.0,-2.4492935982947064e-16,1.0,-0.433883739117558,-0.9009688679024191,0,3,0,49.0,43.0,63.0,57.5,40.5,60.0,43.44333333333333,5.348797372612572,49.0,38.33,51.055,9.439393518651197,63.0,38.33,48.06916666666667,10.138591849803012,63.0,29.0,82.45125,77.41262447950201,398.0,29.0,23.9,24.7,26.7,89.0,84.0,71.0,1.66,2.0,2.0,1015.0,1014.0,1013.0,2109.2999999999997,118.37,31.521,0.0,0.8652174894471909,2.540464250322813,1.0480165760787965,21.092999999999996,23.035,0.023372758015031542,561.6899999999999,7921,1.7689000000000001,1028196,284.12999999999994,47.35499999999999,-10.670000000000002,-24.67,-0.1999999999999993
102,122.0,11.0,51.0,45.0,41.0,25,0.0,1014,90,23.4,0.0,1.0,2023,12,15,1,4,349,50,0.25881904510252074,0.9659258262890683,-2.4492935982947064e-16,1.0,-0.433883739117558,-0.9009688679024191,0,3,0,38.33,49.0,43.0,59.0,51.0,60.0,41.11,6.931543839573885,49.0,36.0,47.221666666666664,10.206606520613025,63.0,36.0,46.81916666666667,10.655883955764068,63.0,29.0,81.45125,77.86892327118109,398.0,29.0,23.7,24.2,25.6,89.0,88.0,76.0,1.33,2.0,2.0,1014.0,1015.0,1014.0,2106.0,90.0,23.4,0.0,0.7999822226172753,11.089900918098355,4.635942187073903,21.06,22.9,0.023076900318638738,547.56,8100,1.0,1028196,306.0,51.0,-2.3299999999999983,-7.0,-0.3000000000000007
133,120.0,11.0,48.3,54.0,41.7,45,0.0,1014,90,23.2,0.0,1.0,2023,12,15,2,4,349,50,0.49999999999999994,0.8660254037844387,-2.4492935982947064e-16,1.0,-0.433883739117558,-0.9009688679024191,0,3,0,36.0,38.33,49.0,54.0,29.0,54.0,40.61,6.079580577633202,47.5,36.0,46.13833333333333,9.67433804798138,63.0,36.0,48.36083333333334,9.062643060517535,63.0,36.0,81.18041666666666,77.97977655772551,398.0,29.0,23.4,23.9,25.1,90.0,89.0,80.0,1.0,1.66,2.0,1014.0,1015.0,1014.0,2088.0,90.0,23.2,0.0,0.8796133404936946,10.908099263703301,4.390509953640578,20.88,22.7,0.02287966185437687,538.24,8100,1.0,1028196,322.5,53.75,11.5,-1.5,-0.1999999999999993
99,118.1,11.0,45.7,37.7,42.3,66,0.0,1014,91,23.0,0.0,1.0,2023,12,15,3,4,349,50,0.7071067811865476,0.7071067811865476,-2.4492935982947064e-16,1.0,-0.433883739117558,-0.9009688679024191,0,3,0,47.5,36.0,38.33,63.0,45.0,398.0,39.39,7.054877745215383,47.5,34.67,41.416666666666664,6.023389964680967,49.0,34.67,47.5,9.865909164202048,63.0,34.67,66.04166666666667,39.64388002187025,159.0,29.0,23.2,23.7,24.7,90.0,89.0,84.0,1.0,1.33,2.0,1014.0,1014.0,1014.0,2093.0,91.0,23.0,0.0,0.9196042545290576,10.735387692027997,4.154167802927007,20.93,22.5,0.022682423390115,529.0,8281,1.0,1028196,289.47,48.245000000000005,-12.829999999999998,-3.6599999999999966,-0.1999999999999993
98,116.1,11.0,43.0,34.0,43.0,87,0.0,1013,92,22.8,0.0,1.0,2023,12,15,4,4,349,50,0.8660254037844386,0.5000000000000001,-2.4492935982947064e-16,1.0,-0.433883739117558,-0.9009688679024191,0,3,0,34.67,47.5,36.0,43.0,36.0,153.5,38.723333333333336,7.608195142954,47.5,34.0,39.916666666666664,6.639369447968621,49.0,34.0,47.333333333333336,10.092141257009706,63.0,34.0,61.0625,35.46606096587015,159.0,29.0,23.0,23.4,24.2,91.0,90.0,88.0,1.0,1.0,2.0,1014.0,1014.0,1015.0,2097.6,92.0,22.8,0.0,0.9999705891003207,10.553586037632943,3.9087355694936825,20.976,22.3,0.022507381532693455,519.84,8464,1.0,1026169,281.1,46.85,-0.6700000000000017,-2.0,-0.1999999999999993
129,302.0,123.0,4.3,72.0,47.0,70,0.0,1014,92,22.9,0.0,0.66,2023,12,15,5,4,349,50,0.9659258262890683,0.25881904510252074,-2.4492935982947064e-16,1.0,-0.433883739117558,-0.9009688679024191,0,3,0,34.0,34.67,47.5,49.0,52.0,159.0,38.223333333333336,6.7431174788275055,46.0,34.0,39.416666666666664,5.889076894269515,47.5,34.0,46.833333333333336,9.988013118760323,63.0,34.0,56.354166666666664,28.7670081134124,158.0,29.0,22.8,23.2,23.9,92.0,90.0,89.0,1.0,1.0,1.66,1013.0,1014.0,1015.0,2106.7999999999997,60.720000000000006,15.113999999999999,0.0,0.6388800155553395,2.4552645913447857,0.034959065373452246,21.067999999999998,22.57,0.022583804157984066,524.41,8464,0.43560000000000004,1028196,594.3,99.05,12.0,-1.5,0.09999999999999787
131,202.0,131.0,4.3,73.5,47.0,54,0.0,1014,92,22.9,0.0,0.33,2023,12,15,6,4,349,50,1.0,6.123233995736766e-17,-2.4492935982947064e-16,1.0,-0.433883739117558,-0.9009688679024191,0,0,0,46.0,34.0,34.67,38.33,57.5,99.5,42.333333333333336,7.234178138065692,47.0,34.0,40.86166666666667,6.590964775100781,47.5,34.0,45.958333333333336,9.411921679279521,63.0,34.0,54.166666666666664,27.3022782401301,158.0,29.0,22.9,23.0,23.7,92.0,91.0,89.0,0.66,1.0,1.33,1014.0,1014.0,1014.0,2106.7999999999997,30.360000000000003,7.5569999999999995,0.0,0.639447082352621,1.5419729620384577,0.03282417691468004,21.067999999999998,22.735,0.022583804157984066,524.41,8464,0.10890000000000001,1028196,504.8,84.13333333333334,1.0,12.329999999999998,0.0
173,302.0,139.0,4.3,96.0,47.0,37,0.0,1014,91,23.0,0.9,1.6,2023,12,15,7,4,349,50,0.9659258262890683,-0.25881904510252063,-2.4492935982947064e-16,1.0,-0.433883739117558,-0.9009688679024191,0,0,0,47.0,46.0,34.0,36.0,59.0,101.0,55.333333333333336,15.307950004271087,73.0,46.0,47.028333333333336,14.129926279589016,73.0,34.0,47.125,11.752215651833275,73.0,34.0,53.0,25.7692079478765,158.0,29.0,22.9,22.8,23.4,92.0,92.0,90.0,0.33,1.0,1.0,1014.0,1013.0,1014.0,2093.0,145.6,36.800000000000004,0.0,0.7604087457422318,2.172646239955108,0.030935029244393925,20.93,22.2,0.022682423390115,529.0,8281,2.5600000000000005,1028196,661.3,110.21666666666665,26.0,39.0,0.10000000000000142
202,302.0,146.0,4.3,117.0,42.0,50,0.0,1014,88,23.8,1.8,0.66,2023,12,15,8,4,349,50,0.8660254037844387,-0.4999999999999998,-2.4492935982947064e-16,1.0,-0.433883739117558,-0.9009688679024191,0,0,0,73.0,47.0,46.0,47.5,54.0,78.0,71.5,23.785499784531,94.5,47.0,54.86166666666667,24.01434605952495,94.5,34.0,50.5,18.03959735490777,94.5,34.0,53.6875,26.66955930416348,158.0,29.0,23.0,22.9,23.2,91.0,92.0,90.0,1.6,0.66,1.0,1014.0,1014.0,1014.0,2094.4,58.080000000000005,15.708000000000002,0.0,0.807685404398253,2.0684789830206642,0.02945185306949952,20.944000000000003,23.470000000000002,0.02347137724716248,566.44,7744,0.43560000000000004,1028196,705.8,117.63333333333333,21.5,48.5,0.8000000000000007
112,302.0,143.7,4.3,50.0,43.7,62,0.0,1015,85,24.7,2.0,1.33,2023,12,15,9,4,349,50,0.7071067811865476,-0.7071067811865475,-2.4492935982947064e-16,1.0,-0.433883739117558,-0.9009688679024191,0,0,0,94.5,73.0,47.0,34.67,63.0,158.0,69.16666666666667,27.45147233452622,94.5,40.0,55.75,23.202909300343247,94.5,34.0,48.583333333333336,17.81116724944778,94.5,34.0,48.770833333333336,14.869267084265388,94.5,29.0,23.8,22.9,23.0,88.0,92.0,91.0,0.66,0.33,1.0,1014.0,1014.0,1014.0,2099.5,113.05000000000001,32.851,0.0,0.7999840003199936,2.1015859319002654,0.02992324340122894,20.995,24.035,0.024334951394136557,610.0899999999999,7225,1.7689000000000001,1030225,583.7,97.28333333333335,-54.5,-7.0,0.8999999999999986
162,302.0,146.0,4.3,206.0,42.0,75,0.0,1015,82,25.5,1.6,2.0,2023,12,15,10,4,349,50,0.49999999999999994,-0.8660254037844387,-2.4492935982947064e-16,1.0,-0.433883739117558,-0.9009688679024191,0,0,0,40.0,94.5,73.0,34.0,43.0,66.5,98.83333333333333,61.11532813732778,162.0,40.0,77.08333333333333,46.426734395891174,162.0,40.0,58.5,37.10145525202624,162.0,34.0,52.75,27.355706661619134,162.0,29.0,24.7,23.0,22.8,85.0,91.0,92.0,1.33,1.6,1.0,1015.0,1014.0,1013.0,2091.0,164.0,51.0,0.0,0.7864039494953908,2.0684789830206642,0.02945185306949952,20.91,24.5,0.025123127957509404,650.25,6724,4.0,1030225,862.3,143.71666666666667,122.0,89.0,0.8000000000000007
182,202.0,116.0,4.3,107.0,42.0,66,0.0,1014,75,26.4,2.1,2.0,2023,12,15,11,4,349,50,0.258819045102521,-0.9659258262890682,-2.4492935982947064e-16,1.0,-0.433883739117558,-0.9009688679024191,0,0,0,162.0,40.0,94.5,46.0,49.0,34.0,93.83333333333333,62.250167335785136,162.0,40.0,82.66666666666667,43.88583674338027,162.0,40.0,61.041666666666664,37.43470311047786,162.0,34.0,54.645833333333336,27.575538453755083,162.0,29.0,25.5,23.8,22.9,82.0,88.0,92.0,2.0,0.66,0.66,1015.0,1014.0,1014.0,1980.0,150.0,52.8,0.0,0.7429837104326128,1.7413642985836328,0.03706864595994862,19.8,25.4,0.02603547728256678,696.9599999999999,5625,4.0,1028196,550.8,91.8,-82.5,-15.0,0.8999999999999986
213,202.0,131.0,4.3,152.0,42.0,58,0.0,1013,69,27.4,3.0,2.0,2023,12,15,12,4,349,50,1.2246467991473532e-16,-1.0,-2.4492935982947064e-16,1.0,-0.433883739117558,-0.9009688679024191,0,1,0,79.5,162.0,40.0,47.0,38.33,40.5,114.83333333333333,42.5039213877172,162.0,79.5,92.0,40.61649911058264,162.0,40.0,66.43083333333333,38.5074862752991,162.0,34.0,57.25,29.091084694381642,162.0,29.0,26.4,24.7,22.9,75.0,85.0,92.0,2.0,1.33,0.33,1014.0,1015.0,1014.0,1890.6,138.0,54.8,0.0,0.6776271208742047,1.5419729620384577,0.03282417691468004,18.906,26.4,0.027048344473500026,750.7599999999999,4761,4.0,1026169,634.3,105.71666666666665,23.5,63.0,1.0
169,202.0,131.0,4.3,104.5,42.0,50,0.0,1012,64,28.3,3.1,2.0,2023,12,15,13,4,349,50,-0.2588190451025208,-0.9659258262890683,-2.4492935982947064e-16,1.0,-0.433883739117558,-0.9009688679024191,0,1,0,103.0,79.5,162.0,73.0,36.0,51.0,84.0,17.197383521917526,103.0,69.5,91.41666666666667,40.9675684739359,162.0,40.0,69.2225,37.296057340981,162.0,34.0,58.020833333333336,29.163286466656427,162.0,29.0,27.4,25.5,23.0,69.0,82.0,91.0,2.0,2.0,1.6,1013.0,1015.0,1014.0,1811.2,128.0,56.6,0.0,0.6650654060726692,1.5419729620384577,0.03282417691468004,18.112000000000002,27.3,0.02796439924466478,800.89,4096,4.0,1024144,553.3,92.21666666666665,-33.5,-92.5,0.9000000000000021
107,202.0,136.0,4.0,48.0,43.7,37,0.0,1011,61,28.7,3.0,2.0,2023,12,15,14,4,349,50,-0.4999999999999997,-0.8660254037844388,-2.4492935982947064e-16,1.0,-0.433883739117558,-0.9009688679024191,0,1,0,69.5,103.0,79.5,94.5,47.5,29.0,70.16666666666667,32.505127800598764,103.0,38.0,82.0,46.26769931604508,162.0,38.0,68.43083333333333,37.89508422385756,162.0,34.0,58.395833333333336,28.829851213881195,162.0,34.0,28.3,26.4,23.8,64.0,75.0,88.0,2.0,2.0,0.66,1012.0,1014.0,1014.0,1750.7,122.0,57.4,0.0,0.7916501739547093,1.485283196447085,0.02941154844449673,17.507,27.7,0.028387706837085226,823.6899999999999,3721,4.0,1022121,471.7,78.61666666666666,-31.5,-41.5,0.3999999999999986
119,202.0,139.0,3.2,76.5,42.0,25,0.0,1010,58,29.0,2.5,2.0,2023,12,15,15,4,349,50,-0.7071067811865471,-0.7071067811865479,-2.4492935982947064e-16,1.0,-0.433883739117558,-0.9009688679024191,0,1,0,38.0,69.5,103.0,40.0,34.67,45.0,50.0,17.036725037398835,69.5,38.0,82.41666666666667,45.82293821511913,162.0,38.0,69.08333333333333,37.324031579309036,162.0,34.0,58.291666666666664,28.884820846983853,162.0,34.0,28.7,27.4,24.7,61.0,69.0,85.0,2.0,2.0,1.33,1011.0,1013.0,1015.0,1682.0,116.0,58.0,0.0,0.5555482934863596,1.4532269552017612,0.023021417112107107,16.82,28.0,0.028712842858571428,841.0,3364,4.0,1020100,505.2,84.2,4.5,-60.5,0.3000000000000007
142,202.0,146.0,3.2,112.0,47.0,12,0.0,1010,56,29.4,1.5,2.0,2023,12,15,16,4,349,50,-0.8660254037844385,-0.5000000000000004,-2.4492935982947064e-16,1.0,-0.433883739117558,-0.9009688679024191,0,1,0,42.5,38.0,69.5,162.0,34.0,36.0,43.833333333333336,6.601767440107834,51.0,38.0,63.916666666666664,24.89461119733793,103.0,38.0,70.5,36.17633581123436,162.0,38.0,58.916666666666664,28.541755173882205,162.0,34.0,29.0,28.3,25.5,58.0,64.0,82.0,2.0,2.0,2.0,1010.0,1012.0,1015.0,1646.3999999999999,112.0,58.8,0.0,0.4553530772046678,1.383552167450908,0.021917658098232203,16.464,28.4,0.029108882070413792,864.3599999999999,3136,4.0,1020100,561.2,93.53333333333335,8.5,-18.5,0.3999999999999986
129,302.0,92.0,13.0,81.5,58.0,14,0.0,1010,62,28.3,0.9,2.0,2023,12,15,17,4,349,50,-0.9659258262890683,-0.25881904510252063,-2.4492935982947064e-16,1.0,-0.433883739117558,-0.9009688679024191,0,1,0,51.0,42.5,38.0,79.5,46.0,52.0,46.5,4.272001872650997,51.0,42.5,58.333333333333336,24.453356961092734,103.0,38.0,70.5,36.17633581123436,162.0,38.0,58.666666666666664,28.63111042306961,162.0,34.0,29.4,28.7,26.4,56.0,61.0,75.0,2.0,2.0,2.0,1010.0,1011.0,1014.0,1754.6000000000001,124.0,56.6,0.0,0.5644102526349369,3.282573015510701,0.1413028119259573,17.546000000000003,27.3,0.02801977423784729,800.89,3844,4.0,1020100,592.5,98.75,-5.0,8.0,-1.0999999999999979
167,202.0,123.0,4.3,112.0,42.0,16,0.0,1011,69,27.3,0.0,2.0,2023,12,15,18,4,349,50,-1.0,-1.8369701987210297e-16,-2.4492935982947064e-16,1.0,-0.433883739117558,-0.9009688679024191,0,2,0,46.0,51.0,42.5,103.0,47.0,57.5,55.166666666666664,11.814539065628576,68.5,46.0,52.583333333333336,13.414233733859783,69.5,38.0,72.29166666666667,35.43140513297342,162.0,38.0,59.125,28.699585514353455,162.0,34.0,28.3,29.0,27.4,62.0,58.0,69.0,2.0,2.0,2.0,1010.0,1010.0,1013.0,1883.7,138.0,54.6,0.0,0.6116016821278382,1.6422630710319428,0.034959065373452246,18.837,26.3,0.027002940649910337,745.2900000000001,4761,4.0,1022121,551.8,91.96666666666665,22.5,26.0,-1.0
159,202.0,116.0,4.3,105.5,42.0,18,0.0,1011,77,26.2,0.0,2.0,2023,12,15,19,4,349,50,-0.9659258262890684,0.2588190451025203,-2.4492935982947064e-16,1.0,-0.433883739117558,-0.9009688679024191,0,2,0,68.5,46.0,51.0,69.5,73.0,59.0,59.0,11.651180197727998,68.5,46.0,51.416666666666664,11.863459304377525,68.5,38.0,71.41666666666667,35.541802106387664,162.0,38.0,59.270833333333336,28.707813951676858,162.0,34.0,27.3,29.4,28.3,69.0,56.0,64.0,2.0,2.0,2.0,1011.0,1010.0,1012.0,2017.3999999999999,154.0,52.4,0.0,0.5924114463370015,1.7413642985836328,0.03706864595994862,20.174,25.2,0.025914910074272924,686.4399999999999,5929,4.0,1022121,532.3,88.71666666666665,-6.0,11.5,-1.1000000000000014
157,10.0,131.0,2.3,68.0,69.0,20,0.0,1011,81,25.6,0.0,2.0,2023,12,15,20,4,349,50,-0.8660254037844386,0.5000000000000001,-2.4492935982947064e-16,1.0,-0.433883739117558,-0.9009688679024191,0,2,0,62.5,68.5,46.0,38.0,94.5,54.0,63.833333333333336,4.163331998923527,68.5,60.5,55.166666666666664,10.216000522054708,68.5,42.5,68.58333333333333,34.88346399952255,162.0,38.0,59.541666666666664,28.686579299109408,162.0,34.0,26.2,28.3,28.7,77.0,62.0,61.0,2.0,2.0,2.0,1011.0,1010.0,1011.0,2073.6,162.0,51.2,0.0,0.8896927986353141,0.0763352951504187,0.0175571178845963,20.736,24.6,0.02532143885119797,655.3600000000001,6561,4.0,1022121,340.8,56.800000000000004,-2.0,14.5,-0.5999999999999979
148,160.7,46.7,28.1,66.0,45.3,22,0.0,1012,85,25.1,0.0,2.0,2023,12,15,21,4,349,50,-0.7071067811865477,0.7071067811865474,-2.4492935982947064e-16,1.0,-0.433883739117558,-0.9009688679024191,0,2,0,60.5,62.5,68.5,42.5,40.0,63.0,58.666666666666664,5.008326400431835,62.5,53.0,56.916666666666664,8.339164626425255,68.5,46.0,69.66666666666667,34.10833897859456,162.0,38.0,59.125,28.70678059577471,162.0,34.0,25.6,27.3,29.0,81.0,69.0,58.0,2.0,2.0,2.0,1011.0,1011.0,1010.0,2133.5,170.0,50.2,0.0,0.8030181360888471,3.441039806428128,0.6017001777263871,21.335,24.1,0.024802347033253923,630.0100000000001,7225,4.0,1024144,399.8,66.63333333333334,-7.5,-15.5,-0.5
150,140.1,12.0,40.0,67.5,47.0,25,0.0,1012,89,24.5,0.0,2.0,2023,12,15,22,4,349,50,-0.5000000000000004,0.8660254037844384,-2.4492935982947064e-16,1.0,-0.433883739117558,-0.9009688679024191,0,3,0,53.0,60.5,62.5,51.0,162.0,43.0,55.833333333333336,4.07226390761497,60.5,53.0,57.416666666666664,7.996353335528784,68.5,46.0,60.666666666666664,17.952378081686078,103.0,38.0,59.583333333333336,28.525374770494007,162.0,34.0,25.1,26.2,29.4,85.0,77.0,56.0,2.0,2.0,2.0,1012.0,1011.0,1010.0,2180.5,178.0,49.0,0.0,0.7999881483237284,11.674027164402967,3.333055578701775,21.805,23.5,0.024209462243614383,600.25,7921,4.0,1024144,360.6,60.1,1.0,-8.5,-0.6000000000000014
100,10.0,99.0,2.3,35.0,67.0,50,0.0,1013,89,24.3,0.0,2.0,2023,12,15,23,4,349,50,-0.25881904510252157,0.9659258262890681,-2.4492935982947064e-16,1.0,-0.433883739117558,-0.9009688679024191,0,3,0,54.0,53.0,60.5,46.0,79.5,49.0,47.333333333333336,10.69267662156051,54.0,35.0,55.583333333333336,11.590585259883216,68.5,35.0,56.958333333333336,18.301090793784603,103.0,35.0,59.0,28.892001149709532,162.0,34.0,24.5,25.6,28.3,89.0,81.0,62.0,2.0,2.0,2.0,1012.0,1011.0,1010.0,2162.7000000000003,178.0,48.6,0.0,0.9999714293877319,0.10100908071635639,0.023232088564761968,21.627000000000002,23.3,0.023988130317739075,590.49,7921,4.0,1026169,248.3,41.38333333333333,-19.0,-25.5,-0.1999999999999993
145,202.0,108.0,7.6,84.0,58.0,75,0.0,1013,89,24.2,0.0,2.0,2023,12,16,0,5,350,50,0.0,1.0,-2.4492935982947064e-16,1.0,-0.9749279121818236,-0.2225209339563146,0,3,1,35.0,54.0,53.0,68.5,103.0,38.33,47.0,10.440306508907366,54.0,35.0,52.833333333333336,9.719396414727706,62.5,35.0,52.708333333333336,11.169069167147669,69.5,35.0,59.569583333333334,28.6000628578164,162.0,34.0,24.3,25.1,27.3,89.0,85.0,69.0,2.0,2.0,2.0,1013.0,1012.0,1011.0,2153.7999999999997,178.0,48.4,0.0,0.619040249520839,1.8703530522865528,0.0703697187989,21.537999999999997,23.2,0.023889413732069365,585.64,7921,4.0,1026169,511.6,85.26666666666667,17.0,-1.0,-0.10000000000000142
165,117.3,13.0,37.0,95.0,48.0,100,0.0,1014,89,24.0,0.0,2.0,2023,12,16,1,5,350,50,0.25881904510252074,0.9659258262890683,-2.4492935982947064e-16,1.0,-0.9749279121818236,-0.2225209339563146,0,3,1,52.0,35.0,54.0,62.5,69.5,36.0,51.166666666666664,15.766525721707533,66.5,35.0,53.5,10.611314715903736,66.5,35.0,52.458333333333336,10.786056515308909,68.5,35.0,60.84041666666667,28.181791605214627,162.0,34.0,24.2,24.5,26.2,89.0,89.0,77.0,2.0,2.0,2.0,1013.0,1012.0,1011.0,2136.0,178.0,48.0,0.0,0.6999926316565088,9.022382893623568,2.8459349280824555,21.36,23.0,0.023668615711424347,576.0,7921,4.0,1028196,376.8,62.800000000000004,14.5,12.5,-0.1999999999999993
155,10.0,64.0,3.1,59.0,62.0,100,0.0,1014,90,24.0,0.0,1.33,2023,12,16,2,5,350,50,0.49999999999999994,0.8660254037844387,-2.4492935982947064e-16,1.0,-0.9749279121818236,-0.2225209339563146,0,3,1,66.5,52.0,35.0,60.5,38.0,47.5,59.166666666666664,7.25143663926413,66.5,52.0,53.25,10.429525396678182,66.5,35.0,54.208333333333336,9.89365805437466,68.5,35.0,61.319583333333334,28.042528025835082,162.0,34.0,24.0,24.3,25.6,89.0,89.0,81.0,2.0,2.0,2.0,1014.0,1013.0,1011.0,2160.0,119.7,31.92,0.0,0.9999830511347265,0.15624755863189638,0.04843674317588787,21.6,23.335,0.023668615711424347,576.0,8100,1.7689000000000001,1028196,257.1,42.85,-7.5,24.0,0.0
100,102.1,13.7,37.0,44.0,63.3,100,0.0,1014,90,23.9,0.0,0.66,2023,12,16,3,5,350,50,0.7071067811865476,0.7071067811865476,-2.4492935982947064e-16,1.0,-0.9749279121818236,-0.2225209339563146,0,3,1,59.0,66.5,52.0,53.0,42.5,34.67,53.5,16.454482671902237,66.5,35.0,50.25,12.828678809602915,66.5,35.0,53.583333333333336,10.887510219871281,68.5,35.0,61.333333333333336,28.028970519907308,162.0,34.0,24.0,24.2,25.1,90.0,89.0,85.0,1.33,2.0,2.0,1014.0,1013.0,1012.0,2151.0,59.400000000000006,15.774,0.0,0.7954364673530148,7.452010802131231,2.7005328078242465,21.51,23.57,0.023569996479293413,571.2099999999999,8100,0.43560000000000004,1028196,295.1,49.18333333333334,-24.0,-17.0,-0.10000000000000142
160,94.5,14.0,37.0,78.8,71.0,100,0.0,1014,91,23.9,0.0,1.6,2023,12,16,4,5,350,50,0.8660254037844386,0.5000000000000001,-2.4492935982947064e-16,1.0,-0.9749279121818236,-0.2225209339563146,0,3,1,35.0,59.0,66.5,54.0,51.0,34.0,52.333333333333336,15.143755588798465,63.0,35.0,51.75,13.84106209797337,66.5,35.0,54.583333333333336,11.175934643305593,68.5,35.0,62.541666666666664,27.41782848514113,162.0,35.0,23.9,24.0,24.5,90.0,89.0,89.0,0.66,2.0,2.0,1014.0,1014.0,1012.0,2174.9,145.6,38.24,0.0,0.7994822400730955,6.749517891579173,2.642668380829941,21.749000000000002,23.099999999999998,0.023569996479293413,571.2099999999999,8281,2.5600000000000005,1028196,358.3,59.71666666666667,28.0,-3.5,0.0
150,163.7,53.0,26.1,54.0,63.0,87,0.5,1014,90,23.9,0.0,0.33,2023,12,16,5,5,350,50,0.9659258262890683,0.25881904510252074,-2.4492935982947064e-16,1.0,-0.9749279121818236,-0.2225209339563146,0,3,1,63.0,35.0,59.0,35.0,46.0,46.0,50.666666666666664,14.294521094925335,63.0,35.0,54.916666666666664,11.155342516777425,66.5,35.0,55.25,10.851267207101808,68.5,35.0,62.875,27.25613213811658,162.0,35.0,23.9,24.0,24.3,91.0,90.0,89.0,1.6,1.33,2.0,1014.0,1014.0,1013.0,2151.0,29.700000000000003,7.887,43.5,0.9999814818244107,3.0886209694156714,0.49244353880115477,21.51,23.735,0.023569996479293413,571.2099999999999,8100,0.10890000000000001,1028196,413.79999999999995,68.96666666666665,-9.0,-5.0,0.0
197,403.0,131.0,4.3,111.0,47.0,75,3.0,1015,90,23.9,0.0,0.66,2023,12,16,6,5,350,50,1.0,6.123233995736766e-17,-2.4492935982947064e-16,1.0,-0.9749279121818236,-0.2225209339563146,0,0,1,54.0,63.0,35.0,52.0,68.5,47.0,69.16666666666667,19.015344680895442,90.5,54.0,61.333333333333336,18.071155653876232,90.5,35.0,57.083333333333336,14.528707214795702,90.5,35.0,64.6875,27.59876040852187,162.0,35.0,23.9,23.9,24.2,90.0,90.0,89.0,0.33,0.66,2.0,1014.0,1014.0,1013.0,2151.0,59.400000000000006,15.774,225.0,0.8153079701984667,3.0763123945618736,0.03282417691468004,21.51,23.57,0.023546774830763714,571.2099999999999,8100,0.43560000000000004,1030225,786.8,131.13333333333333,36.5,55.5,0.0
175,302.0,131.0,4.3,106.5,47.0,62,1.5,1015,89,23.9,0.7,1.0,2023,12,16,7,5,350,50,0.9659258262890683,-0.25881904510252063,-2.4492935982947064e-16,1.0,-0.9749279121818236,-0.2225209339563146,0,0,1,90.5,54.0,63.0,66.5,62.5,73.0,73.0,18.29617446352991,90.5,54.0,62.666666666666664,18.80868593673208,90.5,35.0,58.083333333333336,15.326497158562965,90.5,35.0,64.75,27.620093504863974,162.0,35.0,23.9,23.9,24.0,90.0,91.0,89.0,0.66,1.6,2.0,1015.0,1014.0,1014.0,2127.1,89.0,23.9,93.0,0.6995239481319424,2.3053259135426445,0.03282417691468004,21.271,23.4,0.023546774830763714,571.2099999999999,7921,1.0,1030225,665.3,110.88333333333333,-16.0,11.5,0.0
175,504.0,108.0,6.5,110.0,58.0,70,0.0,1016,87,24.7,1.3,0.66,2023,12,16,8,5,350,50,0.8660254037844387,-0.4999999999999998,-2.4492935982947064e-16,1.0,-0.9749279121818236,-0.2225209339563146,0,0,1,74.5,90.5,54.0,59.0,60.5,94.5,79.83333333333333,9.237604307029768,90.5,74.5,65.25,19.263307088866046,90.5,35.0,59.25,16.04326536700953,90.5,35.0,63.916666666666664,26.97771490414473,162.0,35.0,23.9,23.9,24.0,89.0,90.0,90.0,1.0,0.33,1.33,1015.0,1014.0,1014.0,2148.9,57.42,16.302,0.0,0.6772665703039062,4.666623457190211,0.060184627920111845,21.489,24.37,0.02431099969389794,610.0899999999999,7569,0.43560000000000004,1032256,861.0,143.5,0.0,20.5,0.8000000000000007
121,302.0,95.0,4.3,54.0,54.3,79,0.0,1017,84,25.4,2.5,0.33,2023,12,16,9,5,350,50,0.7071067811865476,-0.7071067811865475,-2.4492935982947064e-16,1.0,-0.9749279121818236,-0.2225209339563146,0,0,1,74.5,74.5,90.5,35.0,53.0,40.0,64.0,18.186533479471205,74.5,43.0,66.58333333333333,16.88021524349212,90.5,43.0,58.416666666666664,16.645820296196185,90.5,35.0,64.04166666666667,26.868810375871316,162.0,35.0,24.7,23.9,23.9,87.0,90.0,90.0,0.66,0.66,0.66,1016.0,1015.0,1014.0,2133.6,27.720000000000002,8.382,0.0,0.7962815503416604,3.1789139061694085,0.04526268144545847,21.336,25.235,0.02497539333786299,645.16,7056,0.10890000000000001,1034289,552.6,92.10000000000001,-31.5,-47.5,0.6999999999999993
148,302.0,77.0,4.3,142.0,58.0,87,0.0,1017,82,26.2,3.2,5.2,2023,12,16,10,5,350,50,0.49999999999999994,-0.8660254037844387,-2.4492935982947064e-16,1.0,-0.9749279121818236,-0.2225209339563146,0,0,1,43.0,74.5,74.5,63.0,54.0,162.0,56.833333333333336,16.096065771897887,74.5,43.0,64.91666666666667,17.774748005713707,90.5,43.0,58.333333333333336,16.672423248274992,90.5,35.0,59.5,16.98528775146406,103.0,35.0,25.4,23.9,23.9,84.0,89.0,91.0,0.33,1.0,1.6,1017.0,1015.0,1014.0,2148.4,426.40000000000003,136.24,0.0,0.3732368081914916,3.9220269866625106,0.05584343060479734,21.484,23.599999999999998,0.025762019899685448,686.4399999999999,6724,27.040000000000003,1034289,636.3,106.05,10.0,-21.5,0.8000000000000007
138,202.0,123.0,3.2,104.5,42.0,79,0.0,1017,73,24.1,4.1,1.33,2023,12,16,11,5,350,50,0.258819045102521,-0.9659258262890682,-2.4492935982947064e-16,1.0,-0.9749279121818236,-0.2225209339563146,0,0,1,53.0,43.0,74.5,54.0,35.0,79.5,48.5,5.074445782539433,53.0,43.0,64.16666666666667,18.411047408190097,90.5,43.0,59.541666666666664,15.296253750111577,90.5,35.0,58.25,16.54769128780677,103.0,35.0,26.2,24.7,23.9,82.0,87.0,90.0,5.2,0.66,0.33,1017.0,1016.0,1014.0,1759.3000000000002,97.09,32.053000000000004,0.0,0.47367967770643343,1.6422630710319428,0.026016048650010976,17.593000000000004,23.435000000000002,0.023697125174901502,580.8100000000001,5329,1.7689000000000001,1034289,524.2,87.36666666666667,-3.5,-25.0,-2.099999999999998
91,302.0,146.0,17.3,86.0,74.0,70,0.0,1017,65,22.1,4.0,2.66,2023,12,16,12,5,350,50,1.2246467991473532e-16,-1.0,-2.4492935982947064e-16,1.0,-0.9749279121818236,-0.2225209339563146,0,1,1,49.5,53.0,43.0,90.5,52.0,103.0,44.5,11.82159041753408,53.0,31.0,54.25,17.386057632481123,74.5,31.0,57.791666666666664,17.30667019773754,90.5,31.0,55.25,14.479370632492152,90.5,31.0,24.1,25.4,23.9,73.0,84.0,90.0,1.33,0.33,0.66,1017.0,1017.0,1015.0,1436.5,172.9,58.78600000000001,0.0,0.36046092487296655,2.0684789830206642,0.11849233909356785,14.365,20.770000000000003,0.02173055877034536,488.4100000000001,4225,7.0756000000000006,1034289,656.3,109.38333333333333,-18.5,-12.0,-2.0
118,302.0,139.0,16.2,92.0,95.0,62,0.0,1017,58,20.0,3.6,4.0,2023,12,16,13,5,350,50,-0.2588190451025208,-0.9659258262890683,-2.4492935982947064e-16,1.0,-0.9749279121818236,-0.2225209339563146,0,1,1,31.0,49.5,53.0,74.5,66.5,69.5,40.833333333333336,9.305016568135072,49.5,31.0,48.833333333333336,14.665151436879912,74.5,31.0,55.75,17.628102563802013,90.5,31.0,54.104166666666664,14.39050046465447,90.5,31.0,22.1,26.2,23.9,65.0,82.0,89.0,2.66,5.2,1.0,1017.0,1017.0,1015.0,1160.0,232.0,80.0,0.0,0.4565167769915544,2.172646239955108,0.11654592413004222,11.6,18.0,0.01966566404556141,400.0,3364,16.0,1034289,686.2,114.36666666666667,11.0,-11.0,-2.1000000000000014
87,403.0,139.0,16.2,52.0,89.0,58,0.0,1018,57,19.4,2.7,3.66,2023,12,16,14,5,350,50,-0.4999999999999997,-0.8660254037844388,-2.4492935982947064e-16,1.0,-0.9749279121818236,-0.2225209339563146,0,1,1,42.0,31.0,49.5,74.5,59.0,38.0,34.0,6.999999999995514,42.0,29.0,41.25,9.642354484250884,53.0,29.0,53.25,19.183918454597592,90.5,29.0,53.729166666666664,14.935352841255057,90.5,29.0,20.0,24.1,24.7,58.0,73.0,87.0,4.0,1.33,0.66,1017.0,1017.0,1016.0,1105.8,208.62,71.00399999999999,0.0,0.5576815830464799,2.8992597175559887,0.11654592413004222,11.058,17.57,0.019056955739729136,376.35999999999996,3249,13.395600000000002,1036324,728.2,121.36666666666667,-13.0,-20.5,-0.6000000000000014
74,369.3,139.0,16.2,29.0,70.3,54,0.0,1018,56,18.9,1.4,3.33,2023,12,16,15,5,350,50,-0.7071067811865471,-0.7071067811865479,-2.4492935982947064e-16,1.0,-0.9749279121818236,-0.2225209339563146,0,1,1,29.0,42.0,31.0,43.0,35.0,42.5,31.333333333333332,9.712534856219124,42.0,23.0,37.916666666666664,12.068208925379908,53.0,23.0,52.25,20.490019743544217,90.5,23.0,52.916666666666664,16.060799337590588,90.5,23.0,19.4,22.1,25.4,57.0,65.0,84.0,3.66,2.66,0.33,1018.0,1017.0,1017.0,1058.3999999999999,186.48000000000002,62.937,0.0,0.7930761008241095,2.656815418594111,0.11654592413004222,10.583999999999998,17.235,0.018565797086643333,357.2099999999999,3136,11.0889,1036324,646.8,107.8,-6.0,-8.0,-0.5
87,403.0,139.0,16.2,50.5,58.0,50,0.0,1018,54,18.3,1.0,3.0,2023,12,16,16,5,350,50,-0.8660254037844385,-0.5000000000000004,-2.4492935982947064e-16,1.0,-0.9749279121818236,-0.2225209339563146,0,1,1,23.0,29.0,42.0,53.0,63.0,51.0,27.0,3.464101615129033,29.0,23.0,33.916666666666664,9.84081636179736,49.5,23.0,49.416666666666664,21.20659560065263,90.5,23.0,52.0,16.78638164393039,90.5,23.0,18.9,20.0,26.2,56.0,58.0,82.0,3.33,4.0,5.2,1018.0,1017.0,1017.0,988.2,162.0,54.900000000000006,0.0,0.5742460545335736,2.8992597175559887,0.11654592413004222,9.882,16.8,0.017976406702940373,334.89000000000004,2916,9.0,1036324,695.7,115.95,6.0,-13.0,-0.5999999999999979
118,403.0,146.0,16.2,84.0,58.0,58,0.0,1019,55,17.7,0.7,3.0,2023,12,16,17,5,350,50,-0.9659258262890683,-0.25881904510252063,-2.4492935982947064e-16,1.0,-0.9749279121818236,-0.2225209339563146,0,1,1,29.0,23.0,29.0,49.5,54.0,46.0,31.333333333333332,9.712534856219124,42.0,23.0,32.666666666666664,7.7114633284882075,42.0,23.0,48.416666666666664,21.25369843038193,90.5,23.0,51.833333333333336,16.868201797586156,90.5,23.0,18.3,19.4,24.1,54.0,57.0,73.0,3.0,3.66,1.33,1018.0,1018.0,1017.0,973.5,165.0,53.099999999999994,0.0,0.4999940476899084,2.760255066746118,0.11095814412230053,9.735,16.2,0.0173699535132939,313.28999999999996,3025,9.0,1038361,749.2,124.86666666666667,13.0,13.0,-0.6000000000000014
95,403.0,162.0,15.1,52.5,79.0,66,0.0,1020,56,17.1,0.0,3.0,2023,12,16,18,5,350,50,-1.0,-1.8369701987210297e-16,-2.4492935982947064e-16,1.0,-0.9749279121818236,-0.2225209339563146,0,2,1,42.0,29.0,23.0,31.0,90.5,68.5,34.666666666666664,6.658328118474659,42.0,29.0,33.0,7.668115805069183,42.0,23.0,43.625,16.94928933881391,74.5,23.0,50.354166666666664,16.89962642156435,90.5,23.0,17.7,18.9,22.1,55.0,56.0,65.0,3.0,3.33,2.66,1019.0,1018.0,1017.0,957.6000000000001,168.0,51.300000000000004,0.0,0.6285594560103618,2.487638965191573,0.09320930117715322,9.576,15.600000000000001,0.0167646894463829,292.41,3136,9.0,1040400,744.6,124.10000000000001,-9.0,10.0,-0.5999999999999979
94,403.0,154.0,15.1,50.5,74.0,75,0.0,1021,57,16.5,0.0,3.0,2023,12,16,19,5,350,50,-0.9659258262890684,0.2588190451025203,-2.4492935982947064e-16,1.0,-0.9749279121818236,-0.2225209339563146,0,2,1,33.0,42.0,29.0,42.0,74.5,62.5,35.833333333333336,5.346338310775883,42.0,32.5,31.416666666666668,6.296162852612553,42.0,23.0,40.125,14.089204442341774,74.5,23.0,49.104166666666664,17.07081106976876,90.5,23.0,17.1,18.3,20.0,56.0,54.0,58.0,3.0,3.0,4.0,1020.0,1018.0,1017.0,940.5,171.0,49.5,0.0,0.6435516128393497,2.6168661242459463,0.09805131135512106,9.405,15.0,0.016160611008216447,272.25,3249,9.0,1042441,729.1,121.51666666666667,-0.5,3.5,-0.6000000000000014
103,403.0,31.0,15.1,55.5,47.0,83,0.0,1021,60,15.9,0.0,2.33,2023,12,16,20,5,350,50,-0.8660254037844386,0.5000000000000001,-2.4492935982947064e-16,1.0,-0.9749279121818236,-0.2225209339563146,0,2,1,32.5,33.0,42.0,29.0,74.5,60.5,34.0,2.1794494717559347,36.5,32.5,32.666666666666664,6.46271356835644,42.0,23.0,36.958333333333336,9.018814509204418,53.0,23.0,48.104166666666664,17.07717722236573,90.5,23.0,16.5,17.7,19.4,57.0,55.0,57.0,3.0,3.0,3.66,1021.0,1019.0,1018.0,954.0,139.8,37.047000000000004,0.0,0.6576458081836364,12.999580658688428,0.48708106190122896,9.54,14.735,0.015572952426099485,252.81,3600,5.4289000000000005,1042441,588.1,98.01666666666667,4.0,-5.5,-0.5999999999999996
80,335.7,72.0,15.1,33.0,56.0,91,0.0,1022,63,15.3,0.0,1.66,2023,12,16,21,5,350,50,-0.7071067811865477,0.7071067811865474,-2.4492935982947064e-16,1.0,-0.9749279121818236,-0.2225209339563146,0,2,1,36.5,32.5,33.0,23.0,43.0,53.0,31.666666666666668,5.299371031855701,36.5,26.0,33.166666666666664,5.627314338707099,42.0,26.0,35.541666666666664,9.313866332545622,53.0,23.0,46.979166666666664,17.62130575941224,90.5,23.0,15.9,17.1,18.9,60.0,56.0,56.0,2.33,3.0,3.33,1021.0,1020.0,1018.0,963.9000000000001,104.58,25.398,0.0,0.7878549134874702,4.662435243954945,0.20971930945403533,9.639000000000001,14.47,0.014970631144196533,234.09000000000003,3969,2.7556,1044484,537.8,89.63333333333333,-10.5,-7.0,-0.5999999999999996
115,302.0,31.0,15.1,74.0,47.0,100,0.0,1023,66,14.7,0.0,1.0,2023,12,16,22,5,350,50,-0.5000000000000004,0.8660254037844384,-2.4492935982947064e-16,1.0,-0.9749279121818236,-0.2225209339563146,0,3,1,26.0,36.5,32.5,29.0,53.0,54.0,34.5,7.697402159166238,41.0,26.0,35.166666666666664,5.972157622385634,42.0,26.0,34.541666666666664,7.7882730415424986,49.5,23.0,46.4375,17.59589409863741,90.5,23.0,15.3,16.5,18.3,63.0,57.0,54.0,1.66,3.0,3.0,1022.0,1021.0,1018.0,970.1999999999999,66.0,14.7,0.0,0.5540465669382846,9.74162123802458,0.48708106190122896,9.702,14.2,0.014369487419855893,216.08999999999997,4356,1.0,1046529,510.1,85.01666666666667,15.0,8.5,-0.6000000000000014
118,302.0,31.0,15.1,76.0,47.0,100,0.0,1023,65,14.5,0.0,1.66,2023,12,16,23,5,350,50,-0.25881904510252157,0.9659258262890681,-2.4492935982947064e-16,1.0,-0.9749279121818236,-0.2225209339563146,0,3,1,41.0,26.0,36.5,42.0,49.5,35.0,36.333333333333336,8.962886439828955,42.0,26.0,35.166666666666664,5.972157622385634,42.0,26.0,33.916666666666664,6.704250121892103,42.0,23.0,46.729166666666664,17.455520595943007,90.5,23.0,14.7,15.9,17.7,66.0,60.0,55.0,1.0,2.33,3.0,1023.0,1021.0,1019.0,942.5,107.89999999999999,24.07,0.0,0.5526243075749003,9.74162123802458,0.48708106190122896,9.425,13.67,0.014173984189653774,210.25,4225,2.7556,1046529,513.1,85.51666666666667,1.0,5.5,-0.1999999999999993
98,302.0,31.0,15.1,53.0,47.0,100,0.0,1023,65,14.2,0.0,2.33,2023,12,17,0,6,351,50,0.0,1.0,-2.4492935982947064e-16,1.0,-0.7818314824680299,0.6234898018587334,0,3,1,42.0,41.0,26.0,33.0,31.0,52.0,39.0,4.358898943533275,42.0,34.0,35.333333333333336,5.913261931169535,42.0,26.0,34.166666666666664,6.6412393877936085,42.0,23.0,45.979166666666664,17.605260556873056,90.5,23.0,14.5,15.3,17.1,65.0,63.0,56.0,1.66,1.66,3.0,1023.0,1022.0,1020.0,923.0,151.45000000000002,33.086,0.0,0.6414973302390521,9.74162123802458,0.48708106190122896,9.23,13.035,0.013880729344350591,201.64,4225,5.4289000000000005,1046529,482.1,80.35000000000001,-8.0,8.0,-0.3000000000000007
100,302.0,23.0,16.2,55.0,47.0,100,0.0,1023,64,14.0,0.0,3.0,2023,12,17,1,6,351,50,0.25881904510252074,0.9659258262890683,-2.4492935982947064e-16,1.0,-0.7818314824680299,0.6234898018587334,0,3,1,34.0,42.0,41.0,32.5,42.0,66.5,37.166666666666664,4.25245027405018,42.0,34.0,35.833333333333336,5.750362307421936,42.0,26.0,33.625,6.19429723065811,42.0,23.0,44.6875,17.16594992875573,90.5,23.0,14.2,14.7,16.5,65.0,66.0,57.0,2.33,1.0,3.0,1023.0,1023.0,1021.0,896.0,192.0,42.0,0.0,0.6454428101307249,13.129863918960044,0.7043172035998434,8.96,12.5,0.013685226114148472,196.0,4096,9.0,1046529,478.7,79.78333333333333,1.5,-5.5,-0.1999999999999993
99,302.0,15.0,16.2,53.5,47.0,100,0.0,1023,67,13.7,0.0,3.0,2023,12,17,2,6,351,50,0.49999999999999994,0.8660254037844387,-2.4492935982947064e-16,1.0,-0.7818314824680299,0.6234898018587334,0,3,1,35.5,34.0,42.0,36.5,29.0,59.0,34.666666666666664,0.7637626157847042,35.5,34.0,35.5,5.761944116351026,42.0,26.0,34.083333333333336,6.022055422783165,42.0,23.0,43.666666666666664,17.005540444135494,90.5,23.0,14.0,14.5,15.9,64.0,65.0,60.0,3.0,1.66,2.33,1023.0,1023.0,1021.0,917.9,201.0,41.099999999999994,0.0,0.644847759854956,20.13199120058663,1.07992800479968,9.179,12.2,0.013391971268845289,187.68999999999997,4489,9.0,1046529,468.2,78.03333333333333,-1.0,-7.5,-0.3000000000000007
50,302.0,17.7,16.9,15.0,47.0,100,0.0,1024,70,13.3,0.0,3.0,2023,12,17,3,6,351,50,0.7071067811865476,0.7071067811865476,-2.4492935982947064e-16,1.0,-0.7818314824680299,0.6234898018587334,0,3,1,34.5,35.5,34.0,26.0,23.0,35.0,27.333333333333332,13.288466176849486,35.5,12.0,33.166666666666664,10.911767348446286,42.0,12.0,33.166666666666664,8.277387964513444,42.0,12.0,42.708333333333336,18.12631804303145,90.5,12.0,13.7,14.2,15.3,67.0,65.0,63.0,3.0,2.33,1.66,1023.0,1023.0,1022.0,931.0,210.0,39.900000000000006,0.0,0.7999466702219852,17.061182984012202,0.9547483193039941,9.31,11.8,0.01298826856614398,176.89000000000001,4900,9.0,1048576,410.59999999999997,68.43333333333332,-22.5,-22.0,-0.3999999999999986
86,302.0,15.0,17.3,45.5,47.0,100,0.0,1024,73,13.0,0.0,3.0,2023,12,17,4,6,351,50,0.8660254037844386,0.5000000000000001,-2.4492935982947064e-16,1.0,-0.7818314824680299,0.6234898018587334,0,3,1,12.0,34.5,35.5,41.0,29.0,63.0,25.0,11.651180197728479,34.5,12.0,31.083333333333332,10.292796834030007,42.0,12.0,33.125,8.301492198827463,42.0,12.0,41.270833333333336,17.812415776562336,90.5,12.0,13.3,14.0,14.7,70.0,64.0,66.0,3.0,3.0,1.0,1024.0,1023.0,1023.0,949.0,219.0,39.0,0.0,0.6263598602228523,20.13199120058663,1.1532564495700288,9.49,11.5,0.012695300102245994,169.0,5329,9.0,1048576,455.3,75.88333333333334,16.5,-7.0,-0.3000000000000007
115,302.0,15.0,17.3,72.0,47.0,79,0.0,1024,73,12.9,0.0,3.0,2023,12,17,5,6,351,50,0.9659258262890683,0.25881904510252074,-2.4492935982947064e-16,1.0,-0.7818314824680299,0.6234898018587334,0,3,1,28.5,12.0,34.5,42.0,42.0,54.0,27.166666666666668,14.545904349103662,41.0,12.0,30.916666666666668,10.0867074244581,41.0,12.0,33.041666666666664,8.208804401183535,42.0,12.0,40.729166666666664,17.604951851969663,90.5,12.0,13.0,13.7,14.5,73.0,67.0,65.0,3.0,3.0,1.66,1024.0,1023.0,1023.0,941.7,219.0,38.7,0.0,0.5694365356036721,20.13199120058663,1.1532564495700288,9.417,11.4,0.012597643947613334,166.41,5329,9.0,1048576,494.3,82.38333333333334,12.5,6.5,-0.09999999999999964
88,302.0,15.0,16.2,46.5,47.0,58,0.0,1025,73,12.7,0.0,3.0,2023,12,17,6,6,351,50,1.0,6.123233995736766e-17,-2.4492935982947064e-16,1.0,-0.7818314824680299,0.6234898018587334,0,0,1,41.0,28.5,12.0,34.0,33.0,90.5,33.0,6.946221994720402,41.0,28.5,30.166666666666668,9.978309810114036,41.0,12.0,32.75,8.272352638865115,42.0,12.0,38.1875,14.176536417003712,74.5,12.0,12.9,13.3,14.2,73.0,70.0,65.0,3.0,3.0,2.33,1024.0,1024.0,1023.0,927.0999999999999,219.0,38.099999999999994,0.0,0.6343949592481882,20.13199120058663,1.07992800479968,9.270999999999999,11.2,0.012390231814407985,161.29,5329,9.0,1050625,456.2,76.03333333333333,-11.5,17.5,-0.20000000000000107
92,302.0,23.0,16.2,50.0,42.0,37,0.0,1026,73,12.6,0.6,3.0,2023,12,17,7,6,351,50,0.9659258262890683,-0.25881904510252063,-2.4492935982947064e-16,1.0,-0.7818314824680299,0.6234898018587334,0,0,1,29.5,41.0,28.5,35.5,32.5,74.5,34.0,6.144102863717138,41.0,29.5,29.5,9.67987603226153,41.0,12.0,32.666666666666664,8.280133215143733,42.0,12.0,36.395833333333336,11.926385770058534,74.5,12.0,12.7,13.0,14.0,73.0,73.0,64.0,3.0,3.0,3.0,1025.0,1024.0,1023.0,919.8,219.0,37.8,0.0,0.629987400251995,13.129863918960044,0.7043172035998434,9.198,11.1,0.012280689784902744,158.76,5329,9.0,1052676,464.7,77.45,2.0,3.0,-0.09999999999999964
92,202.0,131.0,11.9,53.5,42.0,58,0.0,1026,69,13.1,0.8,2.66,2023,12,17,8,6,351,50,0.8660254037844387,-0.4999999999999998,-2.4492935982947064e-16,1.0,-0.7818314824680299,0.6234898018587334,0,0,1,31.5,29.5,41.0,34.5,36.5,74.5,30.833333333333332,1.1547005383524964,31.5,29.5,29.0,9.444575162491489,41.0,12.0,32.25,8.195065033848802,42.0,12.0,34.604166666666664,8.763783140148899,53.0,12.0,12.6,12.9,13.7,73.0,73.0,67.0,3.0,3.0,3.0,1026.0,1024.0,1023.0,903.9,183.54000000000002,34.846000000000004,0.0,0.588774041606699,1.5419729620384577,0.09083900122899825,9.039,11.77,0.012768018744621107,171.60999999999999,4761,7.0756000000000006,1052676,471.9,78.64999999999999,0.0,-9.5,0.5
95,202.0,116.0,11.9,55.5,42.0,79,0.0,1026,66,13.5,1.1,2.33,2023,12,17,9,6,351,50,0.7071067811865476,-0.7071067811865475,-2.4492935982947064e-16,1.0,-0.7818314824680299,0.6234898018587334,0,0,1,31.5,31.5,29.5,12.0,26.0,43.0,32.0,0.8660254037485362,33.0,31.5,32.5,4.460941604633684,41.0,28.5,32.833333333333336,7.955367922842993,42.0,12.0,34.1875,8.583113476853454,53.0,12.0,13.1,12.7,13.3,69.0,73.0,70.0,2.66,3.0,3.0,1026.0,1025.0,1024.0,891.0,153.78,31.455000000000002,0.0,0.5945838813715069,1.7413642985836328,0.10258532254032293,8.91,12.335,0.013157881912395798,182.25,4356,5.4289000000000005,1052676,460.4,76.73333333333333,1.5,3.5,0.40000000000000036
82,131.9,13.0,38.0,34.0,111.0,100,0.0,1026,63,14.0,1.5,2.0,2023,12,17,10,6,351,50,0.49999999999999994,-0.8660254037844387,-2.4492935982947064e-16,1.0,-0.7818314824680299,0.6234898018587334,0,0,1,33.0,31.5,31.5,28.5,41.0,53.0,30.5,3.1224989991893235,33.0,27.0,32.25,4.761827380318579,41.0,27.0,31.666666666666668,7.6702889993307055,42.0,12.0,33.104166666666664,7.700902215166566,49.5,12.0,13.5,12.6,13.0,66.0,73.0,73.0,2.33,3.0,3.0,1026.0,1026.0,1024.0,882.0,126.0,28.0,0.0,0.7940942913443723,10.145373432812862,2.9228520883009,8.82,13.0,0.01364521087211416,196.0,3969,4.0,1052676,354.9,59.15,-6.0,-4.5,0.5
94,202.0,116.0,11.9,55.5,74.0,100,0.0,1025,60,14.7,1.8,1.66,2023,12,17,11,6,351,50,0.258819045102521,-0.9659258262890682,-2.4492935982947064e-16,1.0,-0.7818314824680299,0.6234898018587334,0,0,1,27.0,33.0,31.5,41.0,42.0,49.5,30.833333333333332,3.329164059230417,33.0,27.0,30.833333333333332,2.2286019533820136,33.0,27.0,30.875,6.964602057411609,41.0,12.0,32.395833333333336,6.863544474514892,42.0,12.0,14.0,13.1,12.9,63.0,69.0,73.0,2.0,2.66,3.0,1026.0,1026.0,1024.0,882.0,99.6,24.401999999999997,0.0,0.5855750346840598,1.7413642985836328,0.10258532254032293,8.82,13.87,0.014341449422976172,216.08999999999997,3600,2.7556,1050625,491.9,81.98333333333333,5.5,1.0,0.6999999999999993
118,202.0,146.0,21.6,82.0,74.0,100,0.0,1024,56,15.3,1.9,1.33,2023,12,17,12,6,351,50,1.2246467991473532e-16,-1.0,-2.4492935982947064e-16,1.0,-0.7818314824680299,0.6234898018587334,0,1,1,32.5,27.0,33.0,29.5,34.0,31.0,33.833333333333336,7.5883682918840005,42.0,27.0,32.916666666666664,4.93372746172896,42.0,27.0,31.541666666666668,7.6409730857326,42.0,12.0,32.854166666666664,7.128447551379935,42.0,12.0,14.7,13.5,12.7,60.0,66.0,73.0,1.66,2.33,3.0,1025.0,1026.0,1025.0,856.8000000000001,74.48,20.349000000000004,0.0,0.5121888757454177,1.383552167450908,0.14794419216306737,8.568000000000001,14.635000000000002,0.01494139165879721,234.09000000000003,3136,1.7689000000000001,1048576,567.6,94.60000000000001,9.5,9.0,0.6000000000000014
104,202.0,154.0,21.6,61.5,37.0,100,0.0,1023,53,16.0,1.8,1.0,2023,12,17,13,6,351,50,-0.2588190451025208,-0.9659258262890683,-2.4492935982947064e-16,1.0,-0.7818314824680299,0.6234898018587334,0,1,1,42.0,32.5,27.0,31.5,35.5,42.0,37.166666666666664,4.752192476454353,42.0,32.5,33.833333333333336,5.125101625004001,42.0,27.0,31.666666666666668,7.72343933435328,42.0,12.0,32.645833333333336,6.919536247761032,42.0,12.0,15.3,14.0,12.6,56.0,63.0,73.0,1.33,2.0,3.0,1024.0,1026.0,1026.0,848.0,53.0,16.0,0.0,0.601616233882376,1.31167979428705,0.1402588294881202,8.48,15.5,0.015640258416169683,256.0,2809,1.0,1046529,513.1,85.51666666666667,-5.0,10.0,0.6999999999999993
96,202.0,146.0,28.1,57.5,37.0,100,0.0,1022,54,16.1,1.4,1.33,2023,12,17,14,6,351,50,-0.4999999999999997,-0.8660254037844388,-2.4492935982947064e-16,1.0,-0.7818314824680299,0.6234898018587334,0,1,1,37.0,42.0,32.5,31.5,34.5,29.0,37.5,4.272001872651266,42.0,33.5,34.166666666666664,5.006662228133502,42.0,27.0,31.583333333333332,7.695433514079454,42.0,12.0,32.833333333333336,6.877288815317873,42.0,12.0,16.0,14.7,13.1,53.0,60.0,69.0,1.0,1.66,2.66,1023.0,1025.0,1026.0,869.4000000000001,71.82000000000001,21.413000000000004,0.0,0.5825985635032435,1.383552167450908,0.19246443517510153,8.694,15.435000000000002,0.01575340924323949,259.21000000000004,2916,1.7689000000000001,1044484,504.1,84.01666666666667,-3.5,1.0,0.10000000000000142
107,302.0,116.0,20.5,58.0,53.0,100,0.0,1021,54,16.1,1.0,1.66,2023,12,17,15,6,351,50,-0.7071067811865471,-0.7071067811865479,-2.4492935982947064e-16,1.0,-0.7818314824680299,0.6234898018587334,0,1,1,33.5,37.0,42.0,33.0,12.0,23.0,36.166666666666664,2.3629078131128423,38.0,33.5,35.0,5.186520991951367,42.0,27.0,33.75,4.79346145569079,42.0,27.0,33.458333333333336,6.621632313317836,42.0,12.0,16.1,15.3,13.5,54.0,56.0,66.0,1.33,1.33,2.33,1022.0,1024.0,1026.0,869.4000000000001,89.64,26.726000000000003,0.0,0.6551611179117601,2.6034258325359265,0.17672261446022017,8.694,15.270000000000001,0.015768838620138472,259.21000000000004,2916,2.7556,1042441,587.5,97.91666666666667,4.5,-4.0,0.0
104,137.1,17.0,43.0,46.0,169.0,100,0.0,1021,54,16.2,0.8,2.0,2023,12,17,16,6,351,50,-0.8660254037844385,-0.5000000000000004,-2.4492935982947064e-16,1.0,-0.7818314824680299,0.6234898018587334,0,1,1,38.0,33.5,37.0,27.0,28.5,29.0,36.166666666666664,2.3629078131128423,38.0,33.5,36.666666666666664,3.4009802508422693,42.0,32.5,34.458333333333336,4.569952920642654,42.0,27.0,33.791666666666664,6.5887200489988516,42.0,12.0,16.1,16.0,14.0,54.0,53.0,63.0,1.66,1.0,2.0,1021.0,1023.0,1026.0,874.8,108.0,32.4,0.0,0.8043303406447686,8.064231515793187,2.5292629845303214,8.748,15.2,0.015866781717157965,262.44,2916,4.0,1042441,449.1,74.85000000000001,-1.0,0.0,0.09999999999999787
115,302.0,123.0,20.5,61.5,53.0,87,0.0,1021,57,15.7,0.7,2.0,2023,12,17,17,6,351,50,-0.9659258262890683,-0.25881904510252063,-2.4492935982947064e-16,1.0,-0.7818314824680299,0.6234898018587334,0,1,1,37.0,38.0,33.5,32.5,41.0,42.0,38.666666666666664,2.0816659994506495,41.0,37.0,38.083333333333336,3.072729514067153,42.0,33.5,34.458333333333336,4.569952920642654,42.0,27.0,33.75,6.537517146042834,42.0,12.0,16.2,16.1,14.7,54.0,54.0,60.0,2.0,1.33,1.66,1021.0,1022.0,1025.0,894.9,114.0,31.4,0.0,0.6666558267345246,2.4552645913447857,0.16666531166413281,8.949,14.7,0.015377066232060498,246.48999999999998,3249,4.0,1042441,601.0,100.16666666666667,4.0,7.5,-0.5
139,156.2,21.7,35.0,62.5,191.0,75,0.0,1021,59,15.3,0.0,2.0,2023,12,17,18,6,351,50,-1.0,-1.8369701987210297e-16,-2.4492935982947064e-16,1.0,-0.7818314824680299,0.6234898018587334,0,2,1,41.0,37.0,38.0,42.0,29.5,33.0,42.666666666666664,6.658328118474452,50.0,37.0,39.416666666666664,5.713288603476946,50.0,33.5,36.166666666666664,6.117535649602974,50.0,27.0,34.458333333333336,7.3261245859797635,50.0,12.0,15.7,16.1,15.3,57.0,54.0,56.0,2.0,1.66,1.33,1021.0,1021.0,1024.0,902.7,118.0,30.6,0.0,0.7999872002047967,7.197824985023731,1.612828901893922,9.027000000000001,14.3,0.014985293843982525,234.09000000000003,3481,4.0,1042441,516.4,86.06666666666666,9.0,12.0,-0.3999999999999986
156,165.7,24.0,31.0,71.0,202.0,62,0.0,1022,62,14.8,0.0,2.0,2023,12,17,19,6,351,50,-0.9659258262890684,0.2588190451025203,-2.4492935982947064e-16,1.0,-0.7818314824680299,0.6234898018587334,0,2,1,50.0,41.0,37.0,37.0,31.5,32.5,50.333333333333336,9.504384952918569,60.0,41.0,43.25,9.92849434707768,60.0,33.5,38.541666666666664,8.996106059976471,60.0,27.0,35.604166666666664,8.972153983379446,60.0,12.0,15.3,16.2,16.0,59.0,54.0,53.0,2.0,2.0,1.0,1021.0,1021.0,1023.0,917.6,124.0,29.6,0.0,0.8450585203025309,6.903879005041456,1.2916128494646055,9.176,13.8,0.014481394832294686,219.04000000000002,3844,4.0,1044484,553.7,92.28333333333335,10.0,23.0,-0.5
152,175.1,25.0,27.0,58.0,201.7,75,0.0,1022,62,14.7,0.0,1.66,2023,12,17,20,6,351,50,-0.8660254037844386,0.5000000000000001,-2.4492935982947064e-16,1.0,-0.7818314824680299,0.6234898018587334,0,2,1,60.0,50.0,41.0,33.5,31.5,36.5,54.833333333333336,5.00832640043192,60.0,50.0,46.75,9.496051811145193,60.0,37.0,40.458333333333336,9.77580113743673,60.0,27.0,36.354166666666664,9.767380458163567,60.0,12.0,14.8,15.7,16.1,62.0,57.0,54.0,2.0,2.0,1.33,1022.0,1021.0,1022.0,911.4,102.92,24.401999999999997,0.0,0.9396389717418665,7.003719851205951,1.0799568017279308,9.113999999999999,13.87,0.014383547569914315,216.08999999999997,3844,2.7556,1044484,541.3,90.21666666666665,-5.5,13.5,-0.10000000000000142
150,184.4,26.0,23.0,68.0,201.3,87,0.0,1022,62,14.5,0.0,1.33,2023,12,17,21,6,351,50,-0.7071067811865477,0.7071067811865474,-2.4492935982947064e-16,1.0,-0.7818314824680299,0.6234898018587334,0,2,1,54.5,60.0,50.0,38.0,33.0,26.0,56.666666666666664,2.929732638529105,60.0,54.5,49.666666666666664,8.942408325871783,60.0,37.0,42.333333333333336,10.355791821118551,60.0,27.0,37.583333333333336,10.251899788594587,60.0,12.0,14.7,15.3,16.1,62.0,59.0,54.0,1.66,2.0,1.66,1022.0,1021.0,1021.0,899.0,82.46000000000001,19.285,0.0,0.8161644681695857,7.092034921733779,0.8845813622552978,8.99,13.835,0.014187853045153577,210.25,3844,1.7689000000000001,1044484,558.2,93.03333333333335,1.0,5.5,-0.1999999999999993
107,193.8,27.0,19.0,54.0,201.0,100,0.0,1022,63,14.4,0.0,1.0,2023,12,17,22,6,351,50,-0.5000000000000004,0.8660254037844384,-2.4492935982947064e-16,1.0,-0.7818314824680299,0.6234898018587334,0,3,1,55.5,54.5,60.0,37.0,27.0,41.0,49.333333333333336,9.827681991866914,55.5,38.0,49.833333333333336,8.664102184682555,60.0,38.0,43.25,9.309086470165195,60.0,32.5,37.458333333333336,10.22668787670571,60.0,12.0,14.5,14.8,16.2,62.0,62.0,54.0,1.33,2.0,2.0,1022.0,1022.0,1021.0,907.2,63.0,14.4,0.0,0.7036906723949556,7.177511944002074,0.7036776415688307,9.072000000000001,13.9,0.014090005782773207,207.36,3969,1.0,1044484,532.8,88.8,-17.5,-22.0,-0.09999999999999964
169,132.5,29.7,13.7,101.0,154.7,100,0.0,1021,64,14.2,0.0,1.0,2023,12,17,23,6,351,50,-0.25881904510252157,0.9659258262890681,-2.4492935982947064e-16,1.0,-0.7818314824680299,0.6234898018587334,0,3,1,38.0,55.5,54.5,41.0,32.5,42.0,54.5,16.023420358959886,70.0,38.0,54.666666666666664,10.619165064477604,70.0,38.0,46.375,11.425897617411007,70.0,33.5,38.625,12.178250391937244,70.0,12.0,14.4,14.7,15.7,63.0,62.0,57.0,1.0,1.66,2.0,1022.0,1022.0,1021.0,908.8,64.0,14.2,0.0,0.6930624449262879,4.4611292549072425,0.4612639305073903,9.088,13.7,0.013907919776768092,201.64,4096,1.0,1042441,501.59999999999997,83.6,32.0,15.5,-0.20000000000000107
152,71.3,32.3,8.4,71.3,108.3,100,0.0,1021,66,14.0,0.0,1.0,2023,12,18,0,0,352,51,0.0,1.0,-2.4492935982947064e-16,1.0,0.0,1.0,0,3,0,70.0,38.0,55.5,50.0,42.0,34.0,55.0,16.093476939428907,70.0,38.0,55.833333333333336,10.385887861257784,70.0,38.0,47.625,11.720465783480641,70.0,33.5,39.583333333333336,12.692574572378403,70.0,12.0,14.2,14.5,15.3,64.0,62.0,59.0,1.0,1.33,2.0,1021.0,1022.0,1021.0,924.0,66.0,14.0,0.0,0.7994277780115285,2.2073620011764343,0.260053868301291,9.24,13.5,0.013712033582729106,196.0,4356,1.0,1042441,348.6,58.1,-13.0,1.5,-0.1999999999999993
115,10.0,35.0,3.1,41.0,62.0,100,0.0,1021,68,13.8,0.0,1.0,2023,12,18,1,0,352,51,0.25881904510252074,0.9659258262890683,-2.4492935982947064e-16,1.0,0.0,1.0,0,3,0,57.0,70.0,38.0,60.0,37.0,35.5,56.0,14.525839046331528,70.0,41.0,52.666666666666664,11.677613911524107,70.0,38.0,47.958333333333336,11.44444750906749,70.0,33.5,39.8125,12.665266179252962,70.0,12.0,14.0,14.4,14.8,66.0,63.0,62.0,1.0,1.0,2.0,1021.0,1022.0,1022.0,938.4000000000001,68.0,13.8,0.0,0.9999756103509672,0.2857061226822091,0.08856889803148482,9.384,13.3,0.01351614738869012,190.44000000000003,4624,1.0,1042441,192.1,32.016666666666666,-16.0,3.0,-0.1999999999999993
145,10.0,39.0,2.7,63.0,62.0,100,0.0,1021,68,13.9,0.0,0.66,2023,12,18,2,0,352,51,0.49999999999999994,0.8660254037844387,-2.4492935982947064e-16,1.0,0.0,1.0,0,3,0,41.0,57.0,70.0,54.5,33.5,34.5,50.0,8.185352771868276,57.0,41.0,52.25,11.643667807008008,70.0,38.0,49.5,10.529180232266842,70.0,37.0,40.541666666666664,12.848546413021248,70.0,12.0,13.8,14.2,14.7,68.0,64.0,62.0,1.0,1.0,1.66,1021.0,1021.0,1022.0,945.2,44.88,9.174000000000001,0.0,0.825383724067872,0.2564036819568729,0.06922899412835569,9.452,13.57,0.013614090485709614,193.21,4624,0.43560000000000004,1042441,228.7,38.11666666666667,11.0,-18.0,0.09999999999999964
126,113.8,28.3,9.0,56.0,133.3,100,0.0,1021,67,13.9,0.0,0.33,2023,12,18,3,0,352,51,0.7071067811865476,0.7071067811865476,-2.4492935982947064e-16,1.0,0.0,1.0,0,3,0,52.0,41.0,57.0,55.5,38.0,12.0,46.0,5.5677643628240086,52.0,41.0,50.5,11.844830095866905,70.0,38.0,50.083333333333336,10.01551826220334,70.0,37.0,41.916666666666664,11.338340752266992,70.0,27.0,13.9,14.0,14.5,68.0,66.0,62.0,0.66,1.0,1.33,1021.0,1021.0,1022.0,931.3000000000001,22.11,4.587000000000001,0.0,0.803557079337869,4.021059326525564,0.3180099643122151,9.313,13.735000000000001,0.013614090485709614,193.21,4489,0.10890000000000001,1042441,385.4,64.23333333333333,-7.0,-12.0,0.0
157,165.7,25.0,12.0,76.0,169.0,100,0.0,1020,67,14.0,0.0,1.2,2023,12,18,4,0,352,51,0.8660254037844386,0.5000000000000001,-2.4492935982947064e-16,1.0,0.0,1.0,0,3,0,45.0,52.0,41.0,38.0,37.0,28.5,52.666666666666664,8.020806277006328,61.0,45.0,54.333333333333336,10.65207335060276,70.0,41.0,52.083333333333336,9.550900322462784,70.0,38.0,43.270833333333336,11.603952818523487,70.0,27.0,13.9,13.8,14.4,67.0,68.0,63.0,0.33,1.0,1.0,1021.0,1021.0,1022.0,938.0,80.39999999999999,16.8,0.0,0.802621018144498,6.627734890604375,0.4799808007679693,9.38,13.4,0.013725476739728687,196.0,4489,1.44,1040400,508.7,84.78333333333333,16.0,20.0,0.09999999999999964
115,10.0,42.0,2.7,48.0,62.0,100,0.0,1021,68,14.0,0.0,1.6,2023,12,18,5,0,352,51,0.9659258262890683,0.25881904510252074,-2.4492935982947064e-16,1.0,0.0,1.0,0,3,0,61.0,45.0,52.0,70.0,41.0,41.0,49.0,10.583005244255151,61.0,41.0,49.5,8.479386770277339,61.0,41.0,52.083333333333336,9.550900322462784,70.0,38.0,43.270833333333336,11.603952818523487,70.0,27.0,14.0,13.9,14.2,67.0,68.0,64.0,1.2,0.66,1.0,1020.0,1021.0,1021.0,952.0,108.80000000000001,22.400000000000002,0.0,0.8541488718985022,0.23808956929596917,0.06428418370991168,9.52,13.2,0.013712033582729106,196.0,4624,2.5600000000000005,1042441,205.7,34.28333333333333,-20.0,-11.0,0.0
157,10.0,49.0,2.3,76.3,62.0,100,0.0,1021,69,14.0,0.0,1.6,2023,12,18,6,0,352,51,1.0,6.123233995736766e-17,-2.4492935982947064e-16,1.0,0.0,1.0,0,0,0,41.0,61.0,45.0,57.0,50.0,29.5,54.333333333333336,11.547005383789493,61.0,41.0,50.166666666666664,9.304120950773429,61.0,41.0,53.0,9.855778185221423,70.0,38.0,44.583333333333336,11.759054482349661,70.0,27.0,14.0,13.9,14.0,68.0,67.0,66.0,1.6,0.33,1.0,1021.0,1021.0,1021.0,966.0,110.4,22.400000000000002,0.0,0.7994652756844602,0.20407746780677946,0.046937817595559275,9.66,13.2,0.013712033582729106,196.0,4761,2.5600000000000005,1042441,260.6,43.43333333333334,20.0,16.0,0.0
126,189.1,25.0,10.0,53.0,172.0,100,0.0,1022,70,14.0,0.6,1.6,2023,12,18,7,0,352,51,0.9659258262890683,-0.25881904510252063,-2.4492935982947064e-16,1.0,0.0,1.0,0,0,0,61.0,41.0,61.0,41.0,60.0,31.5,49.0,10.583005244255151,61.0,41.0,50.833333333333336,8.635199283549925,61.0,41.0,51.75,9.838468099525317,70.0,38.0,45.145833333333336,11.424115574813397,70.0,27.0,14.0,14.0,13.8,69.0,67.0,68.0,1.6,1.2,1.0,1021.0,1020.0,1021.0,980.0,112.0,22.400000000000002,0.0,0.8490405841399219,7.563697452101915,0.39998400063997436,9.8,13.2,0.013698616733251729,196.0,4900,2.5600000000000005,1044484,494.1,82.35000000000001,-16.0,-16.0,0.0
134,195.1,24.0,13.3,56.0,188.3,100,0.0,1022,70,14.5,0.8,0.33,2023,12,18,8,0,352,51,0.8660254037844387,-0.4999999999999998,-2.4492935982947064e-16,1.0,0.0,1.0,0,0,0,45.0,61.0,41.0,52.0,54.5,31.5,51.333333333333336,8.50490054811134,61.0,45.0,50.166666666666664,8.68139773692123,61.0,41.0,51.208333333333336,9.852222484227127,70.0,38.0,45.833333333333336,11.057819057972885,70.0,27.0,14.0,14.0,13.9,70.0,68.0,68.0,1.6,1.6,0.66,1022.0,1021.0,1021.0,1015.0,23.1,4.785,0.0,0.857127551293727,8.128827965501436,0.5541435773509437,10.15,14.335,0.014187853045153577,210.25,4900,0.10890000000000001,1044484,524.7,87.45,3.0,7.0,0.5
155,101.0,116.0,3.2,100.0,16.0,100,0.0,1023,70,15.1,1.1,0.66,2023,12,18,9,0,352,51,0.7071067811865476,-0.7071067811865475,-2.4492935982947064e-16,1.0,0.0,1.0,0,0,0,48.0,45.0,61.0,45.0,55.5,33.0,50.666666666666664,7.371114795827348,59.0,45.0,52.5,8.893818077741113,61.0,41.0,51.5,10.040825753796573,70.0,38.0,46.916666666666664,11.019416329003654,70.0,27.0,14.5,14.0,13.9,70.0,69.0,67.0,0.33,1.6,0.33,1022.0,1021.0,1021.0,1057.0,46.2,9.966000000000001,0.0,0.5899941000589993,0.8706821492918164,0.027585969086473393,10.57,14.77,0.014760493880260137,228.01,4900,0.43560000000000004,1046529,395.2,65.86666666666666,11.0,-2.0,0.5999999999999996
134,207.2,22.0,20.0,60.0,221.0,100,0.0,1023,70,15.6,1.7,1.0,2023,12,18,10,0,352,51,0.49999999999999994,-0.8660254037844387,-2.4492935982947064e-16,1.0,0.0,1.0,0,0,0,59.0,48.0,45.0,61.0,38.0,27.0,51.666666666666664,6.350852961080466,59.0,48.0,50.333333333333336,7.941452428027323,61.0,41.0,52.333333333333336,9.198155282771834,70.0,41.0,47.791666666666664,10.17020014623712,70.0,32.5,15.1,14.0,14.0,70.0,70.0,67.0,0.66,1.6,1.2,1023.0,1022.0,1020.0,1092.0,70.0,15.6,0.0,0.7999866668888852,9.417753738466432,0.9090495886550611,10.92,15.1,0.01524925195576544,243.35999999999999,4900,1.0,1046529,578.2,96.36666666666667,-11.0,3.0,0.5
171,238.8,48.0,16.2,78.0,172.0,100,0.0,1022,69,16.1,2.1,1.0,2023,12,18,11,0,352,51,0.258819045102521,-0.9659258262890682,-2.4492935982947064e-16,1.0,0.0,1.0,0,0,0,48.0,59.0,48.0,41.0,70.0,32.5,59.5,11.757976016301807,71.5,48.0,55.416666666666664,10.209880835084297,71.5,45.0,52.458333333333336,9.466347892622858,71.5,41.0,49.416666666666664,10.72143998548462,71.5,33.5,15.6,14.5,14.0,70.0,70.0,68.0,1.0,0.33,1.6,1023.0,1022.0,1021.0,1110.9,69.0,16.1,0.0,0.9166549146805809,4.97489635632591,0.33749296889648134,11.109000000000002,15.600000000000001,0.01575340924323949,259.21000000000004,4761,1.0,1044484,624.5,104.08333333333333,23.5,23.5,0.5000000000000018
176,270.4,74.0,12.4,76.0,123.0,100,0.0,1021,68,16.7,2.3,1.0,2023,12,18,12,0,352,51,1.2246467991473532e-16,-1.0,-2.4492935982947064e-16,1.0,0.0,1.0,0,1,0,71.5,48.0,59.0,61.0,57.0,42.0,64.83333333333333,14.682756326155525,75.0,48.0,57.75,12.968230411276444,75.0,45.0,53.958333333333336,11.466271355057048,75.0,41.0,50.791666666666664,11.791593050419312,75.0,33.5,16.1,15.1,14.0,69.0,70.0,69.0,1.0,0.66,1.6,1022.0,1023.0,1021.0,1135.6,68.0,16.7,0.0,0.9868291206694648,3.6540046756124913,0.16756530317157875,11.356,16.2,0.016356497202255432,278.89,4624,1.0,1042441,630.8,105.13333333333333,3.5,16.0,0.5999999999999979
242,302.0,100.0,8.6,166.0,74.0,100,0.0,1020,66,17.2,2.0,1.0,2023,12,18,13,0,352,51,-0.2588190451025208,-0.9659258262890683,-2.4492935982947064e-16,1.0,0.0,1.0,0,1,0,75.0,71.5,48.0,45.0,41.0,37.0,90.5,29.929082845952998,125.0,71.5,71.08333333333333,28.754854662589118,125.0,48.0,60.958333333333336,22.837825813301748,125.0,41.0,54.458333333333336,18.872522392338222,125.0,33.5,16.7,15.6,14.0,68.0,70.0,70.0,1.0,1.0,1.6,1021.0,1023.0,1022.0,1135.2,66.0,17.2,0.0,0.7530075120029397,3.019969800301997,0.0859991400085999,11.352,16.7,0.016862728565952386,295.84,4356,1.0,1040400,775.6,129.26666666666668,50.0,77.0,0.5
213,302.0,92.0,10.8,129.0,74.0,100,0.0,1019,66,17.4,1.5,1.0,2023,12,18,14,0,352,51,-0.4999999999999997,-0.8660254037844388,-2.4492935982947064e-16,1.0,0.0,1.0,0,1,0,125.0,75.0,71.5,48.0,52.0,33.5,101.0,25.059928172281627,125.0,75.0,80.25,28.691026471702916,125.0,48.0,65.20833333333333,25.59781447820361,125.0,41.0,57.354166666666664,20.75503038378691,125.0,37.0,17.2,16.1,14.5,66.0,69.0,70.0,1.0,1.0,0.33,1020.0,1022.0,1022.0,1148.3999999999999,66.0,17.4,0.0,0.7984434229192021,3.282573015510701,0.11739002836925685,11.483999999999998,16.9,0.017075547521543156,302.75999999999993,4356,1.0,1038361,710.8,118.46666666666665,-22.0,31.5,0.1999999999999993
220,302.0,85.0,11.9,132.5,68.0,100,0.0,1019,66,17.6,1.1,1.0,2023,12,18,15,0,352,51,-0.7071067811865471,-0.7071067811865479,-2.4492935982947064e-16,1.0,0.0,1.0,0,1,0,103.0,125.0,75.0,59.0,45.0,38.0,112.0,11.532562594666922,125.0,103.0,88.41666666666667,28.404958487324446,125.0,48.0,70.45833333333333,27.46854261392945,125.0,41.0,60.270833333333336,22.740492120534537,125.0,37.0,17.4,16.7,15.1,66.0,68.0,70.0,1.0,1.0,0.66,1019.0,1021.0,1023.0,1161.6000000000001,66.0,17.6,0.0,0.8150881880136753,3.5528993776543802,0.1399983529605534,11.616000000000001,17.1,0.017271818182710324,309.76000000000005,4356,1.0,1038361,707.4,117.89999999999999,5.0,33.0,0.20000000000000284
213,302.0,85.0,10.8,127.5,68.0,100,0.0,1018,65,17.8,0.7,1.0,2023,12,18,16,0,352,51,-0.8660254037844385,-0.5000000000000004,-2.4492935982947064e-16,1.0,0.0,1.0,0,1,0,108.0,103.0,125.0,48.0,61.0,37.0,104.5,3.04138126513484,108.0,102.5,97.5,20.513410247931947,125.0,71.5,73.91666666666667,28.751943280831778,125.0,41.0,63.0,23.73494946459742,125.0,38.0,17.6,17.2,15.6,66.0,66.0,70.0,1.0,1.0,1.0,1019.0,1020.0,1023.0,1157.0,65.0,17.8,0.0,0.8039152634096988,3.5528993776543802,0.12705732873730896,11.57,17.3,0.01748524804985457,316.84000000000003,4225,1.0,1036324,695.8,115.96666666666665,-5.5,-22.5,0.1999999999999993
175,280.5,67.3,10.5,93.0,123.0,100,0.0,1019,68,17.1,0.8,0.66,2023,12,18,17,0,352,51,-0.9659258262890683,-0.25881904510252063,-2.4492935982947064e-16,1.0,0.0,1.0,0,1,0,102.5,108.0,103.0,71.5,41.0,41.0,94.83333333333333,18.250570767328067,108.0,74.0,97.91666666666667,19.895770069706426,125.0,74.0,76.66666666666667,26.831404033784143,125.0,45.0,64.375,23.357919241755788,125.0,38.0,17.8,17.4,16.1,65.0,66.0,69.0,1.0,1.0,1.0,1018.0,1019.0,1022.0,1162.8000000000002,44.88,11.286000000000001,0.0,0.7956903689207643,4.167842974101425,0.15601551239951858,11.628000000000002,16.770000000000003,0.016781141529792418,292.41,4624,0.43560000000000004,1038361,648.3,108.05,-28.5,-29.0,-0.6999999999999993
232,259.0,49.7,10.3,146.3,178.0,100,0.0,1019,72,16.5,0.0,0.33,2023,12,18,18,0,352,51,-1.0,-1.8369701987210297e-16,-2.4492935982947064e-16,1.0,0.0,1.0,0,2,0,74.0,102.5,108.0,75.0,61.0,50.0,97.83333333333333,21.876547564303852,117.0,74.0,104.91666666666667,17.45971553796415,125.0,74.0,81.33333333333333,28.66605002860265,125.0,45.0,67.16666666666667,25.473202742706963,125.0,38.0,17.1,17.6,16.7,68.0,66.0,68.0,0.66,1.0,1.0,1019.0,1019.0,1021.0,1188.0,23.76,5.445,0.0,0.7997211228904791,5.211162753264522,0.20723929095994045,11.88,16.335,0.016192329546290928,272.25,5184,0.10890000000000001,1038361,760.3,126.71666666666665,43.0,9.0,-0.6000000000000014
199,237.5,32.0,10.0,95.0,233.0,100,0.0,1020,75,15.8,0.0,1.6,2023,12,18,19,0,352,51,-0.9659258262890684,0.2588190451025203,-2.4492935982947064e-16,1.0,0.0,1.0,0,2,0,117.0,74.0,102.5,125.0,45.0,60.0,94.5,21.569654610121056,117.0,74.0,99.5,14.825653442596032,117.0,74.0,85.29166666666667,26.38134528009906,125.0,48.0,68.52083333333333,25.935320538780992,125.0,38.0,16.5,17.8,17.2,72.0,65.0,66.0,0.33,1.0,1.0,1019.0,1018.0,1020.0,1185.0,120.0,25.28,0.0,0.9736739613267228,7.421643073653949,0.3124902346801663,11.85,15.0,0.015490180891979519,249.64000000000001,5625,2.5600000000000005,1040400,700.0,116.66666666666667,-24.5,-10.0,-0.6999999999999993
139,233.2,30.3,9.0,50.0,213.7,100,0.0,1020,75,16.0,0.0,0.66,2023,12,18,20,0,352,51,-0.8660254037844386,0.5000000000000001,-2.4492935982947064e-16,1.0,0.0,1.0,0,2,0,92.5,117.0,74.0,103.0,48.0,54.5,86.5,33.90058996536667,117.0,50.0,90.66666666666667,24.77431465584115,117.0,50.0,85.45833333333333,26.129449019459486,125.0,48.0,68.33333333333333,26.057072254817758,125.0,38.0,15.8,17.1,17.4,75.0,68.0,66.0,1.6,0.66,1.0,1020.0,1019.0,1019.0,1200.0,49.5,10.56,0.0,0.999980000399992,7.6961156397478625,0.2970199003333223,12.0,15.67,0.0156862591311185,256.0,5625,0.43560000000000004,1040400,586.2,97.7,-42.5,-24.0,0.1999999999999993
134,229.0,28.7,8.0,48.0,194.3,100,0.0,1020,75,16.2,0.0,1.33,2023,12,18,21,0,352,51,-0.7071067811865477,0.7071067811865474,-2.4492935982947064e-16,1.0,0.0,1.0,0,2,0,50.0,92.5,117.0,108.0,59.0,55.5,63.5,25.13463745511216,92.5,48.0,80.66666666666667,28.24476352647734,117.0,48.0,84.54166666666667,27.308388931984474,125.0,48.0,68.02083333333333,26.261841704461332,125.0,38.0,16.0,16.5,17.6,75.0,72.0,66.0,0.66,0.33,1.0,1020.0,1019.0,1019.0,1215.0,99.75,21.546,0.0,0.9999791671006855,7.978816069126511,0.27873593254590434,12.15,15.535,0.01588233737025748,262.44,5625,1.7689000000000001,1040400,556.0,92.66666666666667,-2.0,-69.0,0.1999999999999993
98,224.7,27.0,7.0,43.0,175.0,100,0.0,1020,75,16.4,0.0,2.0,2023,12,18,22,0,352,51,-0.5000000000000004,0.8660254037844384,-2.4492935982947064e-16,1.0,0.0,1.0,0,3,0,48.0,50.0,92.5,102.5,48.0,38.0,44.0,8.717797887077547,50.0,34.0,69.25,31.330097350630066,117.0,34.0,83.375,29.24203465747582,125.0,34.0,67.85416666666667,26.47249563910358,125.0,34.0,16.2,15.8,17.8,75.0,75.0,65.0,1.33,1.6,1.0,1020.0,1020.0,1018.0,1230.0,150.0,32.8,0.0,0.7906792865282203,8.321914003185066,0.25924965742009554,12.3,15.399999999999999,0.01607841560939646,268.96,5625,4.0,1040400,510.7,85.11666666666666,-14.0,-58.5,0.1999999999999993
129,217.9,25.3,6.7,46.0,157.0,100,0.0,1020,77,15.8,0.0,1.66,2023,12,18,23,0,352,51,-0.25881904510252157,0.9659258262890681,-2.4492935982947064e-16,1.0,0.0,1.0,0,3,0,34.0,48.0,50.0,74.0,71.5,70.0,42.666666666666664,7.571877794396019,48.0,34.0,64.58333333333333,32.54292037704396,117.0,34.0,81.25,31.053838878483848,125.0,34.0,66.85416666666667,26.838680379124316,125.0,34.0,16.4,16.0,17.1,75.0,75.0,68.0,2.0,0.66,0.66,1020.0,1020.0,1019.0,1216.6000000000001,127.82,26.228,0.0,0.9999782613421447,8.612307813920397,0.26481166752302276,12.166000000000002,14.97,0.015490180891979519,249.64000000000001,5929,2.7556,1040400,498.9,83.14999999999999,12.0,-4.0,-0.5999999999999979
148,211.1,23.7,6.3,66.3,139.0,100,0.0,1020,80,15.3,0.0,1.33,2023,12,19,0,1,353,51,0.0,1.0,-2.4492935982947064e-16,1.0,0.7818314824680298,0.6234898018587336,0,3,0,46.0,34.0,48.0,117.0,75.0,57.0,44.333333333333336,9.609023536929595,53.0,34.0,53.916666666666664,19.996041274877946,92.5,34.0,79.41666666666667,32.088537555086056,125.0,34.0,66.6875,26.91484659795302,125.0,34.0,15.8,16.2,16.5,77.0,75.0,72.0,1.66,1.33,0.33,1020.0,1020.0,1019.0,1224.0,106.4,20.349000000000004,0.0,0.7993846246662946,8.90679718155352,0.26581156913210413,12.24,14.635000000000002,0.014999985294132066,234.09000000000003,6400,1.7689000000000001,1040400,499.4,83.23333333333333,7.0,5.0,-0.5
95,204.3,22.0,6.0,33.0,121.0,100,0.0,1020,83,14.7,0.0,1.0,2023,12,19,1,1,353,51,0.25881904510252074,0.9659258262890683,-2.4492935982947064e-16,1.0,0.7818314824680298,0.6234898018587336,0,3,0,53.0,46.0,34.0,92.5,125.0,41.0,44.0,10.148891565088952,53.0,33.0,44.0,8.461678320519802,53.0,33.0,71.75,31.185296651990544,117.0,33.0,66.35416666666667,27.29368423784889,125.0,33.0,15.3,16.4,15.8,80.0,75.0,75.0,1.33,2.0,1.6,1020.0,1020.0,1020.0,1220.1,83.0,14.7,0.0,0.9999696978879429,9.285941548111449,0.27271487659651833,12.200999999999999,14.2,0.014411750576715121,216.08999999999997,6889,1.0,1040400,419.3,69.88333333333334,-20.0,-1.0,-0.6000000000000014
76,198.8,21.0,6.3,24.0,116.0,91,0.0,1020,86,14.1,0.0,0.66,2023,12,19,2,1,353,51,0.49999999999999994,0.8660254037844387,-2.4492935982947064e-16,1.0,0.7818314824680298,0.6234898018587336,0,3,0,33.0,53.0,46.0,50.0,103.0,52.0,36.666666666666664,14.843629385472727,53.0,24.0,39.666666666666664,11.039323650777751,53.0,24.0,65.16666666666667,32.30700271214198,117.0,24.0,65.1875,28.505458096729228,125.0,24.0,14.7,15.8,16.0,83.0,77.0,75.0,1.0,1.66,0.66,1020.0,1020.0,1020.0,1212.6,56.760000000000005,9.306000000000001,0.0,0.999958335069372,9.466215894481214,0.299985714965954,12.126,13.77,0.013823515859298178,198.81,7396,0.43560000000000004,1040400,390.1,65.01666666666667,-9.0,-22.0,-0.5999999999999996
88,302.0,23.0,14.1,47.0,47.0,83,0.0,1020,89,13.6,0.0,0.33,2023,12,19,3,1,353,51,0.7071067811865476,0.7071067811865476,-2.4492935982947064e-16,1.0,0.7818314824680298,0.6234898018587336,0,3,0,24.0,33.0,53.0,48.0,108.0,45.0,28.833333333333332,4.5368858629319835,33.0,24.0,36.583333333333336,10.827819109433841,53.0,24.0,58.625,30.755727478425825,117.0,24.0,64.54166666666667,29.15099993313243,125.0,24.0,14.1,15.3,16.2,86.0,80.0,75.0,0.66,1.33,1.33,1020.0,1020.0,1020.0,1210.3999999999999,29.37,4.488,0.0,0.6276462202931853,13.129863918960044,0.6130168253554192,12.104,13.435,0.013333320261450725,184.95999999999998,7921,0.10890000000000001,1040400,462.6,77.10000000000001,5.5,-23.5,-0.5
52,187.9,19.0,7.0,16.0,106.0,75,0.0,1020,92,13.0,0.0,3.2,2023,12,19,4,1,353,51,0.8660254037844386,0.5000000000000001,-2.4492935982947064e-16,1.0,0.7818314824680298,0.6234898018587336,0,3,0,29.5,24.0,33.0,34.0,102.5,61.0,22.166666666666668,8.401388774082198,29.5,13.0,33.083333333333336,14.575378782955188,53.0,13.0,51.166666666666664,29.991160313826157,117.0,13.0,62.541666666666664,30.99295735803761,125.0,13.0,13.6,14.7,16.4,89.0,83.0,75.0,0.33,1.0,2.0,1020.0,1020.0,1020.0,1196.0,294.40000000000003,41.6,0.0,0.8124492219236297,9.88895321298879,0.3684016630703647,11.96,11.4,0.012745085544033781,169.0,8464,10.240000000000002,1040400,348.9,58.15,-16.5,-20.0,-0.5999999999999996
90,605.0,23.0,9.0,52.0,74.0,75,0.0,1021,93,12.8,0.0,0.66,2023,12,19,5,1,353,51,0.9659258262890683,0.25881904510252074,-2.4492935982947064e-16,1.0,0.7818314824680298,0.6234898018587336,0,3,0,13.0,29.5,24.0,46.0,74.0,41.0,24.333333333333332,9.827681991867342,30.5,13.0,30.5,13.130118049734103,53.0,13.0,47.541666666666664,29.606862175494243,117.0,13.0,62.104166666666664,31.381931649565598,125.0,13.0,13.0,14.1,15.8,92.0,86.0,77.0,3.2,0.66,1.66,1020.0,1020.0,1020.0,1190.4,61.38,8.448,0.0,0.5865271821695737,26.30320420851267,0.39128733533324633,11.904000000000002,12.47,0.012536716418495185,163.84000000000003,8649,0.43560000000000004,1042441,793.5,132.25,17.5,6.5,-0.1999999999999993
118,302.0,23.0,14.1,74.0,47.0,75,0.0,1021,94,12.6,0.0,1.33,2023,12,19,6,1,353,51,1.0,6.123233995736766e-17,-2.4492935982947064e-16,1.0,0.7818314824680298,0.6234898018587336,0,0,0,30.5,13.0,29.5,53.0,117.0,61.0,28.5,14.603081866508141,42.0,13.0,28.666666666666668,9.672986439906744,42.0,13.0,41.291666666666664,19.953876740363523,92.5,13.0,61.3125,31.64951146679822,125.0,13.0,12.8,13.6,15.3,93.0,89.0,80.0,0.66,0.33,1.33,1021.0,1020.0,1020.0,1184.3999999999999,125.02000000000001,16.758,0.0,0.5675598978392183,13.129863918960044,0.6130168253554192,11.844,11.934999999999999,0.012340830224456195,158.76,8836,1.7689000000000001,1042441,502.1,83.68333333333334,11.5,12.5,-0.20000000000000107
80,302.0,23.0,13.0,43.5,47.0,75,0.0,1022,94,12.4,0.6,2.0,2023,12,19,7,1,353,51,0.9659258262890683,-0.25881904510252063,-2.4492935982947064e-16,1.0,0.7818314824680298,0.6234898018587336,0,0,0,42.0,30.5,13.0,33.0,92.5,45.0,32.833333333333336,8.251262529653918,42.0,26.0,27.5,9.465727652956899,42.0,13.0,35.75,12.145893432458987,53.0,13.0,60.520833333333336,32.30610359839422,125.0,13.0,12.6,13.0,14.7,94.0,92.0,83.0,1.33,3.2,1.0,1021.0,1020.0,1020.0,1165.6000000000001,188.0,24.8,0.0,0.5976874094848394,13.129863918960044,0.5651928177035781,11.656,11.4,0.012133060535165817,153.76000000000002,8836,4.0,1044484,454.5,75.75,-16.0,13.0,-0.1999999999999993
118,302.0,23.0,13.0,74.0,47.0,83,0.0,1023,89,12.8,0.8,2.0,2023,12,19,8,1,353,51,0.8660254037844387,-0.4999999999999998,-2.4492935982947064e-16,1.0,0.7818314824680298,0.6234898018587336,0,0,0,26.0,42.0,30.5,24.0,50.0,48.0,36.666666666666664,9.237604307030555,42.0,26.0,30.5,10.881176406986208,42.0,13.0,35.083333333333336,11.49472869965668,53.0,13.0,60.270833333333336,32.430185605479224,125.0,13.0,12.4,12.8,14.1,94.0,93.0,86.0,2.0,0.66,0.66,1022.0,1021.0,1020.0,1139.2,178.0,25.6,0.0,0.5675598978392183,13.129863918960044,0.5651928177035781,11.392000000000001,11.8,0.012512206732935746,163.84000000000003,7921,4.0,1046529,501.0,83.5,16.0,11.5,0.40000000000000036
78,302.0,123.0,13.0,42.5,74.0,91,0.0,1023,84,13.1,1.1,2.0,2023,12,19,9,1,353,51,0.7071067811865476,-0.7071067811865475,-2.4492935982947064e-16,1.0,0.7818314824680298,0.6234898018587336,0,0,0,42.0,26.0,42.0,29.5,48.0,59.0,31.0,9.539392014166209,42.0,25.0,29.75,11.116429282820684,42.0,13.0,33.166666666666664,11.054273820423152,53.0,13.0,58.854166666666664,33.22109046147205,125.0,13.0,12.8,12.6,13.6,89.0,94.0,89.0,2.0,1.33,0.33,1023.0,1021.0,1020.0,1100.3999999999999,168.0,26.2,0.0,0.5882214536128562,2.4552645913447857,0.10569019764066959,11.003999999999998,12.1,0.012805461578238926,171.60999999999999,7056,4.0,1046529,579.5,96.58333333333333,-17.0,-17.0,0.29999999999999893
74,302.0,123.0,10.8,40.5,74.0,100,0.0,1024,80,13.5,1.5,2.0,2023,12,19,10,1,353,51,0.49999999999999994,-0.8660254037844387,-2.4492935982947064e-16,1.0,0.7818314824680298,0.6234898018587336,0,0,0,25.0,42.0,26.0,13.0,34.0,48.0,30.0,10.440306508907598,42.0,23.0,31.416666666666668,8.558134531930428,42.0,23.0,32.25,11.428632305029296,53.0,13.0,57.8125,33.95995483814325,125.0,13.0,13.1,12.4,13.0,84.0,94.0,92.0,2.0,2.0,3.2,1023.0,1022.0,1020.0,1080.0,160.0,27.0,0.0,0.5678872126614158,2.4552645913447857,0.08780416419378705,10.8,12.5,0.013183580875409301,182.25,6400,4.0,1048576,573.3,95.55,-2.0,-3.0,0.40000000000000036
69,204.7,97.3,8.4,33.3,70.0,100,0.0,1023,73,14.2,1.8,2.0,2023,12,19,11,1,353,51,0.258819045102521,-0.9659258262890682,-2.4492935982947064e-16,1.0,0.7818314824680298,0.6234898018587336,0,0,0,23.0,25.0,42.0,30.5,46.0,71.5,22.94333333333333,2.085577457989543,25.0,20.83,29.804999999999996,9.611043127567015,42.0,20.83,30.1525,10.976461695991068,53.0,13.0,55.701249999999995,34.64025483294453,125.0,13.0,13.5,12.8,12.8,80.0,89.0,93.0,2.0,2.0,0.66,1024.0,1023.0,1021.0,1036.6,146.0,28.4,0.0,0.6255067415392932,2.1037810505544647,0.08633004799539573,10.366,13.2,0.013880729344350591,201.64,5329,4.0,1046529,434.53,72.42166666666667,-2.1700000000000017,-21.17,0.6999999999999993
72,302.0,123.0,10.8,36.5,79.0,100,0.0,1022,66,14.9,1.9,2.0,2023,12,19,12,1,353,51,1.2246467991473532e-16,-1.0,-2.4492935982947064e-16,1.0,0.7818314824680298,0.6234898018587336,0,1,0,20.83,23.0,25.0,42.0,53.0,75.0,21.94333333333333,1.0861092639667804,23.0,20.83,26.471666666666664,7.840842854350507,42.0,20.83,27.569166666666664,8.472852324635081,42.0,13.0,53.492916666666666,35.0434994876455,125.0,13.0,14.2,13.1,12.6,73.0,84.0,94.0,2.0,2.0,1.33,1023.0,1023.0,1021.0,983.4,132.0,29.8,0.0,0.6027232130626559,2.4552645913447857,0.08780416419378705,9.834,13.9,0.014579242094675055,222.01000000000002,4356,4.0,1044484,573.3,95.55,1.1700000000000017,-3.0,0.7000000000000011
60,10.0,46.0,3.6,19.0,62.0,100,0.0,1021,60,15.6,1.8,2.0,2023,12,19,13,1,353,51,-0.2588190451025208,-0.9659258262890683,-2.4492935982947064e-16,1.0,0.7818314824680298,0.6234898018587336,0,1,0,22.0,20.83,23.0,26.0,33.0,125.0,19.776666666666667,2.8973493633449174,22.0,16.5,24.888333333333332,8.84945290210752,42.0,16.5,26.194166666666664,8.842184487731187,42.0,13.0,48.97208333333333,32.30949530363157,117.0,13.0,14.9,13.5,12.4,66.0,80.0,94.0,2.0,2.0,2.0,1022.0,1024.0,1022.0,936.0,120.0,31.2,0.0,0.8683753486658596,0.21738657855264018,0.07825916827895046,9.36,14.6,0.015279123135041003,243.35999999999999,3600,4.0,1042441,157.1,26.183333333333334,-5.5,-6.5,0.6999999999999993
58,10.0,39.0,3.6,20.0,62.0,100,0.0,1021,60,15.5,1.4,2.0,2023,12,19,14,1,353,51,-0.4999999999999997,-0.8660254037844388,-2.4492935982947064e-16,1.0,0.7818314824680298,0.6234898018587336,0,1,0,16.5,22.0,20.83,42.0,24.0,103.0,18.0,3.499999999991782,22.0,15.5,20.471666666666668,3.7377555653919723,25.0,15.5,25.485833333333332,9.359275863916618,42.0,13.0,45.326249999999995,30.851773511491583,117.0,13.0,15.6,14.2,12.8,60.0,73.0,89.0,2.0,2.0,2.0,1021.0,1023.0,1023.0,930.0,120.0,31.0,0.0,0.7749612519374031,0.2564036819568729,0.09230532550447425,9.3,14.5,0.01518118003802151,240.25,3600,4.0,1042441,150.1,25.016666666666666,-1.0,-5.329999999999998,-0.09999999999999964
61,108.0,25.3,23.9,21.3,101.3,100,0.0,1021,60,15.4,1.0,2.0,2023,12,19,15,1,353,51,-0.7071067811865471,-0.7071067811865479,-2.4492935982947064e-16,1.0,0.7818314824680298,0.6234898018587336,0,1,0,15.5,16.5,22.0,25.0,29.5,108.0,16.333333333333332,0.7637626157886865,17.0,15.5,19.138333333333332,3.185406829059437,23.0,15.5,24.444166666666664,9.565237684951658,42.0,13.0,41.53458333333334,28.300768307157067,117.0,13.0,15.5,14.9,13.1,60.0,66.0,84.0,2.0,2.0,2.0,1021.0,1022.0,1023.0,924.0,120.0,30.8,0.0,0.7980845969672785,4.268605983953203,0.9446266945970514,9.24,14.4,0.015083236941002017,237.16000000000003,3600,4.0,1042441,296.8,49.46666666666667,1.5,-5.0,-0.09999999999999964
65,157.0,15.0,34.0,23.8,121.0,100,0.0,1020,60,15.3,0.7,2.0,2023,12,19,16,1,353,51,-0.8660254037844385,-0.5000000000000004,-2.4492935982947064e-16,1.0,0.7818314824680298,0.6234898018587336,0,1,0,17.0,15.5,16.5,23.0,13.0,102.5,17.166666666666668,1.7559422921258234,19.0,15.5,18.471666666666668,2.575813787256062,22.0,15.5,24.944166666666664,9.055894572877596,42.0,15.5,38.055416666666666,25.47119873575355,117.0,13.0,15.4,15.6,13.5,60.0,60.0,80.0,2.0,2.0,2.0,1021.0,1021.0,1024.0,918.0,120.0,30.6,0.0,0.7982857863114995,10.465968935404307,2.266515565628958,9.18,14.3,0.014999985294132066,234.09000000000003,3600,4.0,1040400,369.8,61.63333333333333,2.0,2.5,-0.09999999999999964
82,161.5,16.0,31.7,34.0,124.7,100,0.0,1021,59,15.0,0.7,2.0,2023,12,19,17,1,353,51,-0.9659258262890683,-0.25881904510252063,-2.4492935982947064e-16,1.0,0.7818314824680298,0.6234898018587336,0,1,0,19.0,17.0,15.5,20.83,30.5,74.0,21.0,5.291502622123648,27.0,17.0,19.5,4.3358966777302115,27.0,15.5,24.6525,8.915970476923807,42.0,15.5,36.09708333333334,24.37046742324727,117.0,13.0,15.3,15.5,14.2,60.0,60.0,73.0,2.0,2.0,2.0,1020.0,1021.0,1023.0,885.0,118.0,30.0,0.0,0.7940942913443723,10.093119180051247,1.981126179613774,8.85,14.0,0.014691464552924043,225.0,3481,4.0,1042441,394.9,65.81666666666666,8.0,11.5,-0.3000000000000007
107,165.9,17.0,29.3,47.5,128.3,100,0.0,1021,59,14.6,0.0,2.0,2023,12,19,18,1,353,51,-1.0,-1.8369701987210297e-16,-2.4492935982947064e-16,1.0,0.7818314824680298,0.6234898018587336,0,2,0,27.0,19.0,17.0,22.0,42.0,117.0,28.0,9.539392014166262,38.0,19.0,22.166666666666668,8.801515021098293,38.0,15.5,24.319166666666664,8.259025320359939,42.0,15.5,32.805416666666666,17.268279786225968,92.5,13.0,15.0,15.4,14.9,59.0,60.0,66.0,2.0,2.0,2.0,1021.0,1021.0,1022.0,861.4,118.0,29.2,0.0,0.7999831582493001,9.758249514734427,1.7234280336450796,8.613999999999999,13.6,0.014299692164846068,213.16,3481,4.0,1042441,426.00000000000006,71.00000000000001,11.0,21.0,-0.40000000000000036
107,170.4,18.0,27.0,47.5,132.0,100,0.0,1022,59,14.3,0.0,2.0,2023,12,19,19,1,353,51,-0.9659258262890684,0.2588190451025203,-2.4492935982947064e-16,1.0,0.7818314824680298,0.6234898018587336,0,2,0,38.0,27.0,19.0,16.5,26.0,92.5,34.333333333333336,6.350852961080916,38.0,27.0,25.75,10.284697370363052,38.0,15.5,25.319166666666664,9.158535470784585,42.0,15.5,30.534583333333334,11.792094248918595,53.0,13.0,14.6,15.3,15.6,59.0,60.0,60.0,2.0,2.0,2.0,1021.0,1020.0,1021.0,843.7,118.0,28.6,0.0,0.7999831582493001,9.466140769957224,1.499916671296039,8.437000000000001,13.3,0.013992158520392838,204.49,3481,4.0,1044484,432.9,72.14999999999999,0.0,19.0,-0.29999999999999893
89,173.3,17.7,26.7,30.0,129.0,100,0.0,1022,59,14.2,0.0,1.66,2023,12,19,20,1,353,51,-0.8660254037844386,0.5000000000000001,-2.4492935982947064e-16,1.0,0.7818314824680298,0.6234898018587336,0,2,0,38.0,38.0,27.0,15.5,42.0,50.0,35.333333333333336,4.618802153510138,38.0,30.0,28.166666666666668,9.02034736950965,38.0,17.0,24.319166666666664,7.712601799332952,38.0,15.5,29.70125,11.03935029298919,53.0,13.0,14.3,15.0,15.5,59.0,59.0,60.0,2.0,2.0,2.0,1022.0,1021.0,1021.0,837.8,97.94,23.572,0.0,0.9999666677777407,9.790407321620247,1.5083893565335291,8.378,13.37,0.013894311258012467,201.64,3481,2.7556,1044484,406.7,67.78333333333333,-8.0,3.0,-0.10000000000000142
87,176.2,17.3,26.3,29.0,126.0,100,0.0,1023,59,14.1,0.0,1.33,2023,12,19,21,1,353,51,-0.7071067811865477,0.7071067811865474,-2.4492935982947064e-16,1.0,0.7818314824680298,0.6234898018587336,0,2,0,30.0,38.0,38.0,17.0,25.0,48.0,32.333333333333336,4.932882862309921,38.0,29.0,30.166666666666668,7.194905605122274,38.0,19.0,24.6525,7.830243378309436,38.0,15.5,28.909583333333334,10.328417311799633,53.0,13.0,14.2,14.6,15.4,59.0,59.0,60.0,1.66,2.0,2.0,1022.0,1021.0,1021.0,831.9,78.47,18.753,0.0,0.9999655184303989,10.18438240564129,1.5201433443153574,8.318999999999999,13.434999999999999,0.01378297772924953,198.81,3481,1.7689000000000001,1046529,403.8,67.3,-1.0,-9.0,-0.09999999999999964
87,179.2,17.0,26.0,29.0,123.0,100,0.0,1023,59,14.0,0.0,1.0,2023,12,19,22,1,353,51,-0.5000000000000004,0.8660254037844384,-2.4492935982947064e-16,1.0,0.7818314824680298,0.6234898018587336,0,3,0,29.0,30.0,38.0,19.0,23.0,34.0,29.333333333333332,0.5773502691364761,30.0,29.0,31.833333333333332,4.875106836431396,38.0,27.0,25.1525,7.906325574553044,38.0,15.5,28.70125,10.271545462863305,53.0,13.0,14.1,14.3,15.3,59.0,59.0,60.0,1.33,2.0,2.0,1023.0,1022.0,1020.0,826.0,59.0,14.0,0.0,0.9999655184303989,10.540556437856596,1.5293218045997292,8.26,13.5,0.013685226114148472,196.0,3481,1.0,1046529,403.2,67.2,0.0,-9.0,-0.09999999999999964
65,169.2,16.3,26.7,24.0,117.3,100,0.0,1023,62,13.7,0.0,1.0,2023,12,19,23,1,353,51,-0.25881904510252157,0.9659258262890681,-2.4492935982947064e-16,1.0,0.7818314824680298,0.6234898018587336,0,3,0,29.0,29.0,30.0,27.0,20.83,46.0,25.666666666666668,5.773502691891053,29.0,19.0,30.5,7.063993204976438,38.0,19.0,25.0,8.014191957221586,38.0,15.5,27.57625,9.760388807518268,53.0,13.0,14.0,14.2,15.0,59.0,59.0,59.0,1.0,1.66,2.0,1023.0,1022.0,1021.0,849.4,62.0,13.7,0.0,0.7916336819299196,10.379731304827923,1.6379363229249737,8.494,13.2,0.013391971268845289,187.68999999999997,3844,1.0,1046529,372.5,62.083333333333336,-10.0,-11.0,-0.3000000000000007
93,159.3,15.7,27.3,40.0,111.7,100,0.0,1023,64,13.5,0.0,1.0,2023,12,20,0,2,354,51,0.0,1.0,-2.4492935982947064e-16,1.0,0.9749279121818236,-0.22252093395631434,0,3,0,19.0,29.0,29.0,38.0,22.0,53.0,26.666666666666668,6.8068592855496055,32.0,19.0,29.5,6.156297588644749,38.0,19.0,25.833333333333332,8.191828892621176,38.0,15.5,26.70125,8.198427374384542,42.0,13.0,13.7,14.1,14.6,62.0,59.0,59.0,1.0,1.33,2.0,1023.0,1023.0,1021.0,864.0,64.0,13.5,0.0,0.7999800004999875,10.14585058276543,1.73874275523852,8.64,13.0,0.01319646803864317,182.25,4096,1.0,1046529,386.0,64.33333333333333,13.0,3.0,-0.1999999999999993
88,149.4,15.0,28.0,34.0,106.0,100,0.0,1023,67,13.2,0.0,1.0,2023,12,20,1,2,354,51,0.25881904510252074,0.9659258262890683,-2.4492935982947064e-16,1.0,0.9749279121818236,-0.22252093395631434,0,3,0,32.0,19.0,29.0,38.0,16.5,33.0,26.833333333333332,6.898067362187241,32.0,19.0,28.083333333333332,4.587119648169167,32.0,19.0,26.916666666666668,7.689524554789486,38.0,15.5,26.55541666666667,8.112189421491536,42.0,13.0,13.5,14.0,14.3,64.0,59.0,59.0,1.0,1.0,2.0,1023.0,1023.0,1022.0,884.4,67.0,13.2,0.0,0.8676215405429253,9.959336044263717,1.8665422305179655,8.844,12.7,0.012903213193339987,174.23999999999998,4489,1.0,1046529,361.9,60.31666666666666,-2.5,0.5,-0.3000000000000007
100,140.8,13.7,29.7,43.8,98.3,100,0.0,1023,69,13.0,0.0,1.33,2023,12,20,2,2,354,51,0.49999999999999994,0.8660254037844387,-2.4492935982947064e-16,1.0,0.9749279121818236,-0.22252093395631434,0,3,0,29.5,32.0,19.0,30.0,15.5,24.0,32.166666666666664,2.7537852736317388,35.0,29.5,28.916666666666668,5.389032071403892,35.0,19.0,28.541666666666668,7.094999305950484,38.0,17.0,27.01375,8.270729851870584,42.0,13.0,13.2,13.7,14.2,67.0,62.0,59.0,1.0,1.0,1.66,1023.0,1023.0,1022.0,897.0,91.77000000000001,17.29,0.0,0.7990685144174792,10.276622144369027,2.167724983577841,8.97,12.335,0.012707709963137866,169.0,4761,1.7689000000000001,1046529,361.3,60.21666666666667,5.5,16.0,-0.1999999999999993
59,132.3,12.3,31.3,16.0,90.7,100,0.0,1023,71,12.9,0.0,1.66,2023,12,20,3,2,354,51,0.7071067811865476,0.7071067811865476,-2.4492935982947064e-16,1.0,0.9749279121818236,-0.22252093395631434,0,3,0,35.0,29.5,32.0,29.0,17.0,29.5,26.833333333333332,9.776672917371883,35.0,16.0,26.75,7.534918712232588,35.0,16.0,28.458333333333332,7.247125867076963,38.0,16.0,26.45125,8.548688845564275,42.0,13.0,13.0,13.5,14.1,69.0,64.0,59.0,1.33,1.0,1.33,1023.0,1023.0,1023.0,915.9,117.86,21.413999999999998,0.0,0.9999375039060058,10.75522315258922,2.544508576538493,9.158999999999999,12.07,0.012609958348036807,166.41,5041,2.7556,1046529,298.6,49.76666666666667,-19.0,-16.0,-0.09999999999999964
59,123.7,11.0,33.0,16.0,83.0,100,0.0,1023,74,12.7,0.0,2.0,2023,12,20,4,2,354,51,0.8660254037844386,0.5000000000000001,-2.4492935982947064e-16,1.0,0.9749279121818236,-0.22252093395631434,0,3,0,16.0,35.0,29.5,29.0,19.0,13.0,22.333333333333332,10.969655114600203,35.0,16.0,24.583333333333332,8.558134531930378,35.0,16.0,28.208333333333332,7.6439469021145685,38.0,16.0,26.57625,8.363376067064346,42.0,15.5,12.9,13.2,14.0,71.0,67.0,59.0,1.66,1.0,1.0,1023.0,1023.0,1023.0,939.8,148.0,25.4,0.0,0.9999375039060058,11.244432324334152,2.9997272975184077,9.398,11.7,0.012414455117834684,161.29,5476,4.0,1046529,282.7,47.11666666666667,0.0,-13.5,-0.20000000000000107
110,127.0,11.3,33.0,48.8,84.3,100,0.0,1024,68,12.9,0.0,2.33,2023,12,20,5,2,354,51,0.9659258262890683,0.25881904510252074,-2.4492935982947064e-16,1.0,0.9749279121818236,-0.22252093395631434,0,3,0,16.0,16.0,35.0,19.0,27.0,30.5,23.666666666666668,13.279056191359155,39.0,16.0,27.916666666666668,9.75918370903118,39.0,16.0,29.208333333333332,8.233684509743092,39.0,16.0,26.93041666666667,8.709571685754119,42.0,15.5,12.7,13.0,13.7,74.0,69.0,62.0,2.0,1.33,1.0,1023.0,1023.0,1023.0,877.2,158.44,30.057000000000002,0.0,0.7991639515583698,11.237943544819043,2.920095566764003,8.772,11.735,0.012597643947613334,166.41,4624,5.4289000000000005,1048576,343.40000000000003,57.23333333333334,23.0,4.0,0.20000000000000107
76,130.3,11.7,33.0,30.0,85.7,100,0.0,1025,63,13.0,0.0,2.66,2023,12,20,6,2,354,51,1.0,6.123233995736766e-17,-2.4492935982947064e-16,1.0,0.9749279121818236,-0.22252093395631434,0,0,0,39.0,16.0,16.0,32.0,38.0,42.0,26.333333333333332,11.676186592088746,39.0,16.0,26.583333333333332,9.635438063036856,39.0,16.0,28.041666666666668,7.857996313344052,39.0,16.0,26.18041666666667,8.109837546846787,42.0,15.5,12.9,12.9,13.5,68.0,71.0,64.0,2.33,1.66,1.0,1024.0,1023.0,1023.0,819.0,167.58,34.58,0.0,0.7999733342221925,11.135800358943682,2.8202717716434496,8.19,11.67,0.012682914455693214,169.0,3969,7.0756000000000006,1050625,314.7,52.449999999999996,-15.0,8.0,0.09999999999999964
118,133.6,12.0,33.0,52.5,87.0,100,0.0,1025,58,13.2,0.7,3.0,2023,12,20,7,2,354,51,0.9659258262890683,-0.25881904510252063,-2.4492935982947064e-16,1.0,0.9749279121818236,-0.22252093395631434,0,0,0,24.0,39.0,16.0,29.5,38.0,26.0,35.0,9.643650760989674,42.0,24.0,28.666666666666668,11.552777443827942,42.0,16.0,28.375,8.385932484601001,42.0,16.0,26.847083333333334,8.728408629879754,42.0,15.5,13.0,12.7,13.2,63.0,74.0,67.0,2.66,2.0,1.0,1025.0,1023.0,1023.0,765.5999999999999,174.0,39.599999999999994,0.0,0.7999847621950058,11.132405632863929,2.7497708524289646,7.655999999999999,11.7,0.012878036216550032,174.23999999999998,3364,9.0,1050625,360.1,60.01666666666667,18.0,26.0,0.1999999999999993
100,132.7,12.0,34.7,35.0,93.7,95,0.0,1026,54,13.8,0.8,3.0,2023,12,20,8,2,354,51,0.8660254037844387,-0.4999999999999998,-2.4492935982947064e-16,1.0,0.9749279121818236,-0.22252093395631434,0,0,0,42.0,24.0,39.0,35.0,30.0,42.0,33.666666666666664,9.073771725874003,42.0,24.0,28.666666666666668,11.552777443827942,42.0,16.0,28.791666666666668,8.595607581601922,42.0,16.0,26.55541666666667,8.306820654382289,42.0,15.5,13.2,12.9,13.0,58.0,68.0,69.0,3.0,2.33,1.33,1025.0,1024.0,1023.0,745.2,162.0,41.400000000000006,0.0,0.9999714293877319,11.057411882343137,2.8914257145237903,7.452000000000001,12.3,0.013450279288226816,190.44000000000003,2916,9.0,1052676,343.09999999999997,57.18333333333333,-7.0,-4.0,0.6000000000000014
102,131.7,12.0,36.3,36.0,100.3,91,0.0,1026,51,14.4,1.2,3.0,2023,12,20,9,2,354,51,0.7071067811865476,-0.7071067811865475,-2.4492935982947064e-16,1.0,0.9749279121818236,-0.22252093395631434,0,0,0,35.0,42.0,24.0,16.0,29.0,25.0,37.666666666666664,3.7859388971917065,42.0,35.0,32.0,9.939818911829,42.0,16.0,29.375,8.844939487943224,42.0,16.0,27.01375,8.518048262111849,42.0,15.5,13.8,13.0,12.9,54.0,63.0,71.0,3.0,2.66,1.66,1026.0,1025.0,1023.0,734.4,153.0,43.2,0.0,0.9999722229938058,10.974085492875593,3.0247479376718607,7.343999999999999,12.9,0.01403507403988885,207.36,2601,9.0,1052676,352.3,58.71666666666667,1.0,12.0,0.5999999999999996
112,130.7,12.0,38.0,40.0,107.0,87,0.0,1027,48,15.0,2.0,3.0,2023,12,20,10,2,354,51,0.49999999999999994,-0.8660254037844387,-2.4492935982947064e-16,1.0,0.9749279121818236,-0.22252093395631434,0,0,0,36.0,35.0,42.0,16.0,29.0,23.0,37.0,2.6457513110525035,40.0,35.0,36.0,6.418722614348896,42.0,24.0,30.291666666666668,9.357686032279066,42.0,16.0,27.722083333333334,8.869354164600509,42.0,15.5,14.4,13.2,12.7,51.0,58.0,74.0,3.0,3.0,2.0,1026.0,1025.0,1023.0,720.0,144.0,45.0,0.0,0.9999750006249845,10.89075910340805,3.1664027997666864,7.2,13.5,0.014605633295391144,225.0,2304,9.0,1054729,367.7,61.28333333333333,4.0,-2.0,0.5999999999999996
121,126.6,11.3,42.0,43.0,107.7,91,0.0,1026,52,15.3,2.6,3.0,2023,12,20,11,2,354,51,0.258819045102521,-0.9659258262890682,-2.4492935982947064e-16,1.0,0.9749279121818236,-0.22252093395631434,0,0,0,40.0,36.0,35.0,39.0,19.0,20.83,39.666666666666664,3.5118845842750113,43.0,36.0,36.666666666666664,6.976149845482154,43.0,24.0,32.291666666666664,9.28943273865437,43.0,16.0,28.645833333333332,9.265972304817163,43.0,15.5,15.0,13.8,12.9,48.0,54.0,68.0,3.0,3.0,2.33,1027.0,1026.0,1024.0,795.6,156.0,45.900000000000006,0.0,0.9999767447268668,11.202548447040085,3.7164852667905492,7.956,13.8,0.014912266167381904,234.09000000000003,2704,9.0,1052676,373.59999999999997,62.26666666666666,3.0,8.0,0.3000000000000007
104,122.6,10.7,46.0,46.0,108.3,95,0.0,1025,56,15.7,2.7,3.0,2023,12,20,12,2,354,51,1.2246467991473532e-16,-1.0,-2.4492935982947064e-16,1.0,0.9749279121818236,-0.22252093395631434,0,1,0,43.0,40.0,36.0,24.0,32.0,22.0,40.0,2.9999999999891718,43.0,37.0,38.833333333333336,3.3115957885317084,43.0,35.0,32.708333333333336,9.386785521368083,43.0,16.0,29.270833333333332,9.304018728096452,43.0,15.5,15.3,14.4,13.0,52.0,51.0,63.0,3.0,3.0,2.66,1026.0,1026.0,1025.0,879.1999999999999,168.0,47.099999999999994,0.0,0.8043303406447686,11.45687318942155,4.298663676291936,8.792,14.2,0.015317058227260266,246.48999999999998,3136,9.0,1050625,370.59999999999997,61.76666666666666,-6.0,1.0,0.3999999999999986
139,118.5,10.0,50.0,62.5,109.0,100,0.0,1023,60,16.0,2.8,3.0,2023,12,20,13,2,354,51,-0.2588190451025208,-0.9659258262890683,-2.4492935982947064e-16,1.0,0.9749279121818236,-0.22252093395631434,0,1,0,37.0,43.0,40.0,42.0,29.5,16.5,43.333333333333336,6.50640709864263,50.0,37.0,40.166666666666664,5.63619256826992,50.0,35.0,34.416666666666664,10.543919689762703,50.0,16.0,30.666666666666668,9.804243387728286,50.0,15.5,15.7,15.0,13.2,56.0,48.0,58.0,3.0,3.0,3.0,1025.0,1027.0,1025.0,960.0,180.0,48.0,0.0,0.7999872002047967,11.848815118488153,4.999500049995,9.6,14.5,0.015640258416169683,256.0,3600,9.0,1046529,400.0,66.66666666666667,13.0,10.0,0.3000000000000007
123,117.3,10.0,56.0,46.0,111.0,95,0.0,1023,57,16.4,1.9,2.0,2023,12,20,14,2,354,51,-0.4999999999999997,-0.8660254037844388,-2.4492935982947064e-16,1.0,0.9749279121818236,-0.22252093395631434,0,1,0,50.0,37.0,43.0,35.0,35.0,15.5,43.666666666666664,6.5064070986426215,50.0,37.0,41.666666666666664,5.163977794938825,50.0,36.0,35.166666666666664,10.903154950687949,50.0,16.0,31.854166666666668,9.611450560871413,50.0,16.0,16.0,15.3,13.8,60.0,52.0,54.0,3.0,3.0,3.0,1023.0,1026.0,1026.0,934.8,114.0,32.8,0.0,0.9565009456316168,11.728827117288272,5.599440055994401,9.347999999999999,15.399999999999999,0.01603126487657392,268.96,3249,4.0,1046529,384.3,64.05,-6.0,1.0,0.3999999999999986
112,116.1,10.0,62.0,40.0,113.0,91,0.0,1022,54,16.8,1.2,1.0,2023,12,20,15,2,354,51,-0.7071067811865471,-0.7071067811865479,-2.4492935982947064e-16,1.0,0.9749279121818236,-0.22252093395631434,0,1,0,44.0,50.0,37.0,36.0,16.0,17.0,44.666666666666664,5.033222956840553,50.0,40.0,42.333333333333336,4.5018514709640645,50.0,37.0,37.166666666666664,9.123728637040212,50.0,16.0,32.8125,9.203983660209817,50.0,16.0,16.4,15.7,14.4,57.0,56.0,51.0,2.0,3.0,3.0,1023.0,1025.0,1026.0,907.2,54.0,16.8,0.0,0.9999750006249845,11.608839116088392,6.199380061993801,9.072000000000001,16.3,0.016438340079902077,282.24,2916,1.0,1044484,381.1,63.51666666666667,-4.0,3.0,0.40000000000000213
115,115.0,10.0,68.0,43.0,115.0,87,0.0,1022,51,17.2,0.9,2.8,2023,12,20,16,2,354,51,-0.8660254037844385,-0.5000000000000004,-2.4492935982947064e-16,1.0,0.9749279121818236,-0.22252093395631434,0,1,0,40.0,44.0,50.0,40.0,16.0,19.0,41.666666666666664,2.0816659994503857,44.0,40.0,42.5,4.41588043315879,50.0,37.0,39.25,6.254089571117443,50.0,24.0,33.729166666666664,8.857543047628855,50.0,16.0,16.8,16.0,15.0,54.0,60.0,48.0,1.0,3.0,3.0,1022.0,1023.0,1027.0,877.1999999999999,142.79999999999998,48.16,0.0,0.953466198460501,11.498850114988501,6.799320067993201,8.771999999999998,15.799999999999999,0.016829729129423553,295.84,2601,7.839999999999999,1044484,392.0,65.33333333333333,1.0,-9.0,0.3999999999999986
133,172.0,16.7,55.0,55.0,129.7,91,0.0,1022,55,16.7,0.7,0.33,2023,12,20,17,2,354,51,-0.9659258262890683,-0.25881904510252063,-2.4492935982947064e-16,1.0,0.9749279121818236,-0.22252093395631434,0,1,0,41.0,40.0,44.0,43.0,39.0,27.0,42.833333333333336,4.072263907615438,47.5,40.0,43.25,4.875961443649319,50.0,37.0,39.958333333333336,6.689402518949635,50.0,24.0,34.583333333333336,9.1635699644174,50.0,16.0,17.2,16.4,15.3,51.0,57.0,52.0,2.8,2.0,3.0,1022.0,1023.0,1026.0,918.5,18.150000000000002,5.511,0.0,0.8636206614425193,10.29878450392192,3.2932159750913117,9.185,16.535,0.016340492817521705,278.89,3025,0.10890000000000001,1044484,475.9,79.31666666666666,6.5,3.5,-0.5
134,229.0,23.3,42.0,60.0,144.3,95,0.0,1023,60,16.3,0.0,0.66,2023,12,20,18,2,354,51,-1.0,-1.8369701987210297e-16,-2.4492935982947064e-16,1.0,0.9749279121818236,-0.22252093395631434,0,2,0,47.5,41.0,40.0,37.0,24.0,38.0,45.5,3.905124837944763,48.0,41.0,45.083333333333336,4.054832507838225,50.0,40.0,41.958333333333336,4.807467360696925,50.0,35.0,35.0,9.545087514119148,50.0,16.0,16.7,16.8,15.7,55.0,54.0,56.0,0.33,1.0,3.0,1022.0,1022.0,1025.0,978.0,39.6,10.758000000000001,0.0,0.7999866668888852,9.827904381786189,1.8024977468778163,9.78,15.97,0.015933513261472864,265.69,3600,0.43560000000000004,1046529,546.6,91.10000000000001,0.5,8.0,-0.3999999999999986
150,286.0,30.0,29.0,68.0,159.0,100,0.0,1023,64,15.8,0.0,1.0,2023,12,20,19,2,354,51,-0.9659258262890684,0.2588190451025203,-2.4492935982947064e-16,1.0,0.9749279121818236,-0.22252093395631434,0,2,0,48.0,47.5,41.0,50.0,42.0,38.0,50.333333333333336,4.481443219908603,55.5,47.5,46.0,5.683308895349175,55.5,40.0,43.083333333333336,6.196895605982005,55.5,35.0,35.729166666666664,10.413180576085518,55.5,16.0,16.3,17.2,16.0,60.0,51.0,60.0,0.66,2.8,3.0,1023.0,1022.0,1023.0,1011.2,64.0,15.8,0.0,0.8161644681695857,9.533015566147794,0.9666344455184827,10.112,15.3,0.015444755185967562,249.64000000000001,4096,1.0,1046529,627.5,104.58333333333333,7.5,14.5,-0.5
148,291.3,61.0,20.1,66.3,125.3,100,0.0,1023,66,15.7,0.0,0.66,2023,12,20,20,2,354,51,-0.8660254037844386,0.5000000000000001,-2.4492935982947064e-16,1.0,0.9749279121818236,-0.22252093395631434,0,2,0,55.5,48.0,47.5,44.0,35.0,30.0,52.166666666666664,3.81881307912081,55.5,48.0,47.5,6.212889826800022,55.5,40.0,44.583333333333336,6.240750731834573,55.5,36.0,36.6875,10.909521668867917,55.5,16.0,15.8,16.7,16.4,64.0,55.0,57.0,1.0,0.33,2.0,1023.0,1022.0,1023.0,1036.2,43.56,10.362,0.0,0.7993846246662946,4.775331551941772,0.329502795036147,10.362,15.37,0.0153470035708665,246.48999999999998,4356,0.43560000000000004,1046529,617.0,102.83333333333333,-2.5,5.5,-0.10000000000000142
156,296.7,92.0,11.1,75.0,91.7,100,0.0,1024,67,15.7,0.0,0.33,2023,12,20,21,2,354,51,-0.7071067811865477,0.7071067811865474,-2.4492935982947064e-16,1.0,0.9749279121818236,-0.22252093395631434,0,2,0,53.0,55.5,48.0,40.0,36.0,29.0,56.166666666666664,3.5472994422888533,60.0,53.0,50.833333333333336,6.72805073305948,60.0,41.0,46.583333333333336,7.035085233481431,60.0,37.0,37.979166666666664,11.761653949305327,60.0,16.0,15.7,16.3,16.8,66.0,60.0,54.0,0.66,0.66,1.0,1023.0,1023.0,1022.0,1051.8999999999999,22.11,5.181,0.0,0.7999893334755536,3.224964946033195,0.1206508624906251,10.518999999999998,15.535,0.015332016277327854,246.48999999999998,4489,0.10890000000000001,1048576,626.5,104.41666666666667,7.0,12.0,0.0
168,302.0,123.0,2.2,118.0,58.0,100,0.0,1024,68,15.6,0.0,1.6,2023,12,20,22,2,354,51,-0.5000000000000004,0.8660254037844384,-2.4492935982947064e-16,1.0,0.9749279121818236,-0.22252093395631434,0,3,0,60.0,53.0,55.5,41.0,40.0,29.0,60.666666666666664,8.020806277006152,69.0,53.0,55.5,8.111719916266583,69.0,47.5,49.0,9.212146132338589,69.0,37.0,39.645833333333336,13.18223373453476,69.0,16.0,15.7,15.8,17.2,67.0,64.0,51.0,0.33,1.0,2.8,1024.0,1023.0,1022.0,1060.8,108.80000000000001,24.96,0.0,0.5847408072812942,2.4552645913447857,0.017886033446882547,10.607999999999999,14.799999999999999,0.015234360122695193,243.35999999999999,4624,2.5600000000000005,1048576,672.2,112.03333333333335,9.0,13.5,-0.09999999999999964
165,302.0,100.0,6.5,97.0,63.0,100,0.0,1024,61,15.6,0.0,0.66,2023,12,20,23,2,354,51,-0.25881904510252157,0.9659258262890681,-2.4492935982947064e-16,1.0,0.9749279121818236,-0.22252093395631434,0,3,0,69.0,60.0,53.0,47.5,43.0,19.0,65.16666666666667,4.645786621580867,69.0,60.0,58.666666666666664,8.072587358872179,69.0,48.0,50.958333333333336,10.25904995896456,69.0,37.0,41.625,13.509457234938496,69.0,16.0,15.6,15.7,16.7,68.0,66.0,55.0,1.6,0.66,0.33,1024.0,1023.0,1022.0,951.6,40.260000000000005,10.296,0.0,0.6855599426810033,3.019969800301997,0.06499935000649994,9.516,15.27,0.015234360122695193,243.35999999999999,3721,0.43560000000000004,1048576,635.0,105.83333333333333,-2.5,13.5,0.0
153,235.3,67.0,9.4,58.0,58.0,100,0.0,1024,55,15.5,0.0,1.33,2023,12,21,0,3,355,51,0.0,1.0,-2.4492935982947064e-16,1.0,0.43388373911755823,-0.900968867902419,0,3,0,66.5,69.0,60.0,48.0,37.0,32.0,64.5,5.766281297329037,69.0,58.0,60.333333333333336,6.258327785169377,69.0,53.0,52.708333333333336,9.4182085087917,69.0,40.0,42.708333333333336,13.744498240535448,69.0,16.0,15.6,15.7,16.3,61.0,67.0,60.0,0.66,0.33,0.66,1024.0,1024.0,1023.0,852.5,73.15,20.615000000000002,0.0,0.9999827589179497,3.511887882270414,0.14029641348636587,8.525,14.835,0.01513670396806253,240.25,3025,1.7689000000000001,1048576,485.7,80.95,-8.5,-2.0,-0.09999999999999964
139,202.0,39.0,13.0,76.5,58.0,100,0.0,1024,49,15.5,0.0,2.0,2023,12,21,1,3,355,51,0.25881904510252074,0.9659258262890683,-2.4492935982947064e-16,1.0,0.43388373911755823,-0.900968867902419,0,3,0,58.0,66.5,69.0,55.5,50.0,29.5,58.166666666666664,8.251262529653394,66.5,50.0,59.416666666666664,7.405515962215122,69.0,50.0,52.708333333333336,9.4182085087917,69.0,40.0,43.5625,13.523178572202495,69.0,16.0,15.5,15.6,15.8,55.0,68.0,64.0,1.33,1.6,1.0,1024.0,1024.0,1023.0,759.5,98.0,31.0,0.0,0.6535862276310114,5.179354375528833,0.33332478654393477,7.595,14.5,0.01513670396806253,240.25,2401,4.0,1048576,438.5,73.08333333333333,-8.0,-19.0,0.0
123,173.2,29.7,25.0,44.0,66.7,100,0.0,1024,48,15.2,0.0,2.33,2023,12,21,2,3,355,51,0.49999999999999994,0.8660254037844387,-2.4492935982947064e-16,1.0,0.43388373911755823,-0.900968867902419,0,3,0,50.0,58.0,66.5,53.0,44.0,35.0,50.666666666666664,7.023769168563603,58.0,44.0,57.916666666666664,9.562513616545747,69.0,44.0,52.708333333333336,9.4182085087917,69.0,40.0,43.9375,13.39963700027561,69.0,16.0,15.5,15.6,15.7,49.0,61.0,66.0,2.0,0.66,0.66,1024.0,1024.0,1023.0,729.5999999999999,111.84,35.416,0.0,0.9999772732437899,5.831453486414598,0.8417225009258947,7.295999999999999,14.035,0.014843735504164547,231.04,2304,5.4289000000000005,1048576,382.59999999999997,63.76666666666666,-6.0,-22.5,-0.3000000000000007
123,144.4,20.3,37.0,44.0,75.3,100,0.0,1024,47,14.8,0.0,2.66,2023,12,21,3,3,355,51,0.7071067811865476,0.7071067811865476,-2.4492935982947064e-16,1.0,0.43388373911755823,-0.900968867902419,0,3,0,44.0,50.0,58.0,60.0,40.0,16.0,46.0,3.464101615128068,50.0,44.0,55.25,10.989767968431178,69.0,44.0,53.041666666666664,8.988523827970058,69.0,41.0,45.104166666666664,12.008130548731879,69.0,16.0,15.2,15.5,15.7,48.0,55.0,67.0,2.33,1.33,0.33,1024.0,1024.0,1024.0,695.6,125.02000000000001,39.368,0.0,0.9999772732437899,7.112950100980247,1.8225703167331657,6.956,13.47,0.014453110885633901,219.04000000000002,2209,7.0756000000000006,1048576,365.00000000000006,60.83333333333334,0.0,-14.0,-0.3999999999999986
50,115.6,11.0,49.0,18.0,84.0,100,0.0,1024,47,14.5,0.0,3.0,2023,12,21,4,3,355,51,0.8660254037844386,0.5000000000000001,-2.4492935982947064e-16,1.0,0.43388373911755823,-0.900968867902419,0,3,0,44.0,44.0,50.0,69.0,41.0,16.0,33.333333333333336,18.475208614066325,44.0,12.0,45.75,18.67551873442757,66.5,12.0,50.625,14.64135643243968,69.0,12.0,44.9375,12.449299351684473,69.0,12.0,14.8,15.5,15.6,47.0,49.0,68.0,2.66,2.0,1.6,1024.0,1024.0,1024.0,681.5,141.0,43.5,0.0,0.6666296316871284,10.508135624034178,4.4541405326788475,6.815,13.0,0.014160142421735916,210.25,2209,9.0,1048576,289.6,48.26666666666667,-32.0,-38.0,-0.3000000000000007
123,144.4,33.0,36.6,44.0,77.0,100,0.0,1024,46,14.4,0.0,3.0,2023,12,21,5,3,355,51,0.9659258262890683,0.25881904510252074,-2.4492935982947064e-16,1.0,0.43388373911755823,-0.900968867902419,0,3,0,12.0,44.0,44.0,66.5,47.5,39.0,33.333333333333336,18.475208614066325,44.0,12.0,42.0,15.697133496277427,58.0,12.0,50.333333333333336,14.74377115526121,69.0,12.0,45.145833333333336,12.387299918682352,69.0,12.0,14.5,15.2,15.6,47.0,48.0,61.0,3.0,2.33,0.66,1024.0,1024.0,1024.0,662.4,138.0,43.2,0.0,0.9999772732437899,4.37562498106118,1.1090573012939002,6.624,12.9,0.014062486267103255,207.36,2116,9.0,1048576,379.0,63.166666666666664,32.0,0.0,-0.09999999999999964
115,173.2,55.0,24.3,41.0,70.0,100,0.0,1025,46,14.2,0.0,3.0,2023,12,21,6,3,355,51,1.0,6.123233995736766e-17,-2.4492935982947064e-16,1.0,0.43388373911755823,-0.900968867902419,0,0,0,44.0,12.0,44.0,58.0,48.0,24.0,32.333333333333336,17.672954855746983,44.0,12.0,39.166666666666664,13.629624597420914,50.0,12.0,49.75,14.981048634249296,69.0,12.0,45.854166666666664,11.585672529941471,69.0,12.0,14.4,14.8,15.5,46.0,47.0,55.0,3.0,2.66,1.33,1024.0,1024.0,1024.0,653.1999999999999,138.0,42.599999999999994,0.0,0.9999756103509672,3.149033653933565,0.44181014890638354,6.531999999999999,12.7,0.013853645020834126,201.64,2116,9.0,1050625,404.5,67.41666666666667,-3.0,-3.0,-0.20000000000000107
134,202.0,77.0,11.9,79.5,63.0,100,0.0,1026,45,14.1,1.3,3.0,2023,12,21,7,3,355,51,0.9659258262890683,-0.25881904510252063,-2.4492935982947064e-16,1.0,0.43388373911755823,-0.900968867902419,0,0,0,41.0,44.0,12.0,50.0,55.5,42.0,44.333333333333336,3.5118845842747684,48.0,41.0,38.833333333333336,13.332916660154341,48.0,12.0,49.125,14.875429711132163,69.0,12.0,46.104166666666664,11.56360404051536,69.0,12.0,14.2,14.5,15.5,46.0,47.0,49.0,3.0,3.0,2.0,1025.0,1024.0,1024.0,634.5,135.0,42.3,0.0,0.6037659903649011,2.623342553992805,0.15454344748769497,6.345,12.6,0.013742676664057832,198.81,2025,9.0,1052676,481.4,80.23333333333333,7.0,36.0,-0.09999999999999964
138,302.0,92.0,9.7,86.5,58.0,100,0.0,1027,43,14.6,1.8,3.0,2023,12,21,8,3,355,51,0.8660254037844387,-0.4999999999999998,-2.4492935982947064e-16,1.0,0.43388373911755823,-0.900968867902419,0,0,0,48.0,41.0,44.0,44.0,53.0,35.0,46.166666666666664,4.536885862931328,49.5,41.0,39.75,13.93466899499068,49.5,12.0,48.833333333333336,14.826777577520266,69.0,12.0,46.708333333333336,11.334745223223536,69.0,12.0,14.1,14.4,15.2,45.0,46.0,48.0,3.0,3.0,2.33,1026.0,1024.0,1024.0,627.8,129.0,43.8,0.0,0.5722477196795412,3.282573015510701,0.10543363659090661,6.278,13.1,0.014216149740847379,213.16,1849,9.0,1054729,597.7,99.61666666666667,1.5,5.5,0.5
256,605.0,108.0,9.7,160.0,68.0,100,0.0,1027,40,15.2,2.4,3.0,2023,12,21,9,3,355,51,0.7071067811865476,-0.7071067811865475,-2.4492935982947064e-16,1.0,0.43388373911755823,-0.900968867902419,0,0,0,49.5,48.0,41.0,44.0,60.0,36.0,77.66666666666667,50.09075097593622,135.5,48.0,55.0,41.77439407100904,135.5,12.0,55.125,29.122878385463043,135.5,12.0,50.854166666666664,21.173958147290676,135.5,12.0,14.6,14.2,14.8,43.0,46.0,47.0,3.0,3.0,2.66,1027.0,1025.0,1024.0,608.0,120.0,45.599999999999994,0.0,0.8468697070643308,5.601799983333487,0.08981398320385921,6.08,13.7,0.014800375072663026,231.04,1600,9.0,1054729,1086.2,181.03333333333333,86.0,94.5,0.5999999999999996
100,148.8,10.0,60.0,44.0,124.0,100,0.0,1028,38,15.7,3.5,3.0,2023,12,21,10,3,355,51,0.49999999999999994,-0.8660254037844387,-2.4492935982947064e-16,1.0,0.43388373911755823,-0.900968867902419,0,0,0,135.5,49.5,48.0,12.0,69.0,40.0,73.33333333333333,54.323874432272014,135.5,35.0,58.833333333333336,37.916575091463926,135.5,35.0,52.291666666666664,29.30362864075158,135.5,12.0,50.645833333333336,21.30956060524089,135.5,12.0,15.2,14.1,14.5,40.0,45.0,47.0,3.0,3.0,3.0,1027.0,1026.0,1024.0,596.6,114.0,47.099999999999994,0.0,0.7954364673530148,14.878512148785124,5.9994000599940005,5.966,14.2,0.015272358684475988,246.48999999999998,1444,9.0,1056784,421.8,70.3,-100.5,-13.0,0.5
267,302.0,69.0,13.0,167.0,58.0,100,0.0,1027,36,16.3,4.5,2.66,2023,12,21,11,3,355,51,0.258819045102521,-0.9659258262890682,-2.4492935982947064e-16,1.0,0.43388373911755823,-0.900968867902419,0,0,0,35.0,135.5,49.5,44.0,66.5,43.0,104.66666666666667,60.46555493281482,143.5,35.0,75.41666666666667,49.97340959617048,143.5,35.0,58.708333333333336,39.391657130858015,143.5,12.0,54.833333333333336,28.4275076010161,143.5,12.0,15.7,14.6,14.4,38.0,43.0,46.0,3.0,3.0,3.0,1028.0,1027.0,1024.0,586.8000000000001,95.76,43.358000000000004,0.0,0.859276291758732,4.3767481630701,0.18840306662222286,5.868,14.97,0.015871454847658378,265.69,1296,7.0756000000000006,1054729,752.5,125.41666666666667,108.5,94.0,0.6000000000000014
172,202.0,54.0,18.4,97.5,58.0,100,0.0,1026,35,16.8,4.3,2.33,2023,12,21,12,3,355,51,1.2246467991473532e-16,-1.0,-2.4492935982947064e-16,1.0,0.43388373911755823,-0.900968867902419,0,1,0,143.5,35.0,135.5,41.0,58.0,37.0,83.5,55.15659525387621,143.5,35.0,80.58333333333333,47.23072799213055,143.5,35.0,59.875,39.57566113844948,143.5,12.0,56.291666666666664,28.37057441705499,143.5,12.0,16.3,15.2,14.2,36.0,40.0,46.0,2.66,3.0,3.0,1027.0,1027.0,1025.0,588.0,81.55,39.144000000000005,0.0,0.7384539645747222,3.7406714690468696,0.3407344308438732,5.88,15.635000000000002,0.01637425304653699,282.24,1225,5.4289000000000005,1052676,501.9,83.64999999999999,-71.5,-63.5,0.5
102,148.8,9.0,75.0,45.0,137.0,100,0.0,1025,34,17.4,2.7,2.0,2023,12,21,13,3,355,51,-0.2588190451025208,-0.9659258262890683,-2.4492935982947064e-16,1.0,0.43388373911755823,-0.900968867902419,0,1,0,72.0,143.5,35.0,48.0,50.0,50.0,83.83333333333333,54.718217563561524,143.5,36.0,78.58333333333333,49.1033773448082,143.5,35.0,58.708333333333336,40.096167541488015,143.5,12.0,55.708333333333336,28.648133965586247,143.5,12.0,16.8,15.7,14.1,35.0,38.0,45.0,2.33,3.0,3.0,1026.0,1028.0,1026.0,591.5999999999999,68.0,34.8,0.0,0.7999822226172753,16.531496500388847,8.332407510276637,5.9159999999999995,16.4,0.016975593194543222,302.75999999999993,1156,4.0,1050625,450.8,75.13333333333334,-36.0,1.0,0.5999999999999979
160,202.0,31.0,21.6,118.0,58.0,100,0.0,1024,28,20.5,2.0,1.66,2023,12,21,14,3,355,51,-0.4999999999999997,-0.8660254037844388,-2.4492935982947064e-16,1.0,0.43388373911755823,-0.900968867902419,0,1,0,36.0,72.0,143.5,49.5,44.0,44.0,57.0,18.73499399519329,72.0,36.0,80.83333333333333,47.796094680074276,143.5,35.0,60.291666666666664,39.83685954976628,143.5,12.0,56.5,28.572942506474423,143.5,12.0,17.4,16.3,14.6,34.0,36.0,43.0,2.0,2.66,3.0,1025.0,1027.0,1027.0,574.0,46.48,34.03,0.0,0.5338937805611816,6.515918841327699,0.6967517176865262,5.74,19.67,0.020019511699695607,420.25,784,2.7556,1048576,493.6,82.26666666666667,27.0,-80.5,3.1000000000000014
108,202.0,46.0,21.6,69.0,63.0,100,0.0,1024,23,23.7,1.5,1.33,2023,12,21,15,3,355,51,-0.7071067811865471,-0.7071067811865479,-2.4492935982947064e-16,1.0,0.43388373911755823,-0.900968867902419,0,1,0,63.0,36.0,72.0,135.5,44.0,40.0,45.833333333333336,14.919226968354138,63.0,36.0,64.66666666666667,41.61209759993629,143.5,35.0,59.833333333333336,40.072283174131776,143.5,12.0,56.4375,28.612217100241224,143.5,12.0,20.5,16.8,15.2,28.0,35.0,40.0,1.66,2.33,3.0,1024.0,1026.0,1027.0,545.1,30.590000000000003,31.521,0.0,0.5579629280735061,4.391208886763332,0.4695550096737028,5.4510000000000005,23.035,0.02314450864794077,561.6899999999999,529,1.7689000000000001,1048576,440.1,73.35000000000001,-24.5,-33.5,3.1999999999999993
111,151.2,11.0,85.0,48.0,140.0,100,0.0,1024,19,26.8,1.0,1.0,2023,12,21,16,3,355,51,-0.8660254037844385,-0.5000000000000004,-2.4492935982947064e-16,1.0,0.43388373911755823,-0.900968867902419,0,1,0,38.5,63.0,36.0,35.0,12.0,41.0,47.0,13.865424623859585,63.0,38.5,65.41666666666667,41.00660515900607,143.5,36.0,62.125,37.810607578488764,143.5,35.0,56.375,28.64901925630017,143.5,12.0,23.7,17.4,15.7,23.0,34.0,38.0,1.33,2.0,3.0,1024.0,1025.0,1028.0,509.2,19.0,26.8,0.0,0.8228995229266057,13.744205072266157,7.726570311789838,5.092,26.3,0.02617184944155328,718.24,361,1.0,1048576,474.7,79.11666666666666,1.0,3.5,3.1000000000000014
126,302.0,85.0,16.2,80.5,63.0,97,0.0,1024,28,22.2,1.0,0.66,2023,12,21,17,3,355,51,-0.9659258262890683,-0.25881904510252063,-2.4492935982947064e-16,1.0,0.43388373911755823,-0.900968867902419,0,1,0,39.5,38.5,63.0,143.5,44.0,47.5,41.0,3.4999999999905183,45.0,38.5,49.0,14.903019828207832,72.0,36.0,62.208333333333336,37.76810723669311,143.5,35.0,56.270833333333336,28.687210893368697,143.5,12.0,26.8,20.5,16.3,19.0,28.0,36.0,1.0,1.66,2.66,1024.0,1024.0,1027.0,621.6,18.48,14.652000000000001,0.0,0.5589992670898498,3.5528993776543802,0.19058599310596344,6.216,21.87,0.02167966632845085,492.84,784,0.43560000000000004,1048576,591.7,98.61666666666667,5.5,-18.0,-4.600000000000001
190,403.0,154.0,5.4,134.5,63.0,95,0.0,1025,42,17.6,0.0,0.33,2023,12,21,18,3,355,51,-1.0,-1.8369701987210297e-16,-2.4492935982947064e-16,1.0,0.43388373911755823,-0.900968867902419,0,2,0,45.0,39.5,38.5,72.0,41.0,48.0,56.666666666666664,25.121372043207792,85.5,39.5,51.25,19.40811685867426,85.5,36.0,65.91666666666667,37.68097743697724,143.5,35.0,57.833333333333336,29.233195346129378,143.5,12.0,22.2,23.7,16.8,28.0,23.0,35.0,0.66,1.33,2.33,1024.0,1024.0,1026.0,739.2,13.860000000000001,5.808000000000001,0.0,0.6356830060743043,2.6168661242459463,0.03506470737203005,7.392,17.435000000000002,0.017170714955400044,309.76000000000005,1764,0.10890000000000001,1050625,845.4,140.9,40.5,47.0,-4.599999999999998
212,218.3,18.0,61.0,128.0,133.0,93,0.0,1026,64,13.0,0.0,2.8,2023,12,21,19,3,355,51,-0.9659258262890684,0.2588190451025203,-2.4492935982947064e-16,1.0,0.43388373911755823,-0.900968867902419,0,2,0,85.5,45.0,39.5,36.0,48.0,55.5,77.5,29.330018752123607,102.0,45.0,62.25,26.458930439455724,102.0,38.5,70.41666666666667,38.56095135881501,143.5,35.0,59.770833333333336,30.581672248852996,143.5,12.0,17.6,26.8,17.4,42.0,19.0,34.0,0.33,1.0,2.0,1025.0,1024.0,1025.0,832.0,179.2,36.4,0.0,0.7968687744626994,12.127104049775012,3.388700627742903,8.32,11.6,0.012670552952677435,169.0,4096,7.839999999999999,1052676,660.3,110.05,16.5,62.5,-4.600000000000001
238,1008.0,239.0,5.4,179.0,63.0,91,0.0,1027,56,13.7,0.0,4.0,2023,12,21,20,3,355,51,-0.8660254037844386,0.5000000000000001,-2.4492935982947064e-16,1.0,0.43388373911755823,-0.900968867902419,0,2,0,102.0,85.5,45.0,63.0,49.5,53.0,103.0,18.02082129093774,121.5,85.5,72.0,35.88871688985213,121.5,38.5,76.41666666666667,40.5601872268696,143.5,35.0,62.625,33.02148510077802,143.5,12.0,13.0,22.2,20.5,64.0,28.0,28.0,2.8,0.66,1.66,1026.0,1024.0,1024.0,767.1999999999999,224.0,54.8,0.0,0.6787671577253758,4.217555575081276,0.02259404772364969,7.672,11.7,0.013339811743123911,187.68999999999997,3136,16.0,1054729,1615.9,269.31666666666666,19.5,76.5,0.6999999999999993
188,1008.0,254.0,5.4,286.0,63.0,89,0.0,1028,49,14.4,0.0,4.0,2023,12,21,21,3,355,51,-0.7071067811865477,0.7071067811865474,-2.4492935982947064e-16,1.0,0.43388373911755823,-0.900968867902419,0,2,0,121.5,102.0,85.5,38.5,135.5,60.0,137.16666666666666,45.0897253632492,188.0,102.0,96.91666666666667,54.86111251758049,188.0,39.5,80.79166666666667,49.38414280521623,188.0,35.0,67.95833333333333,41.759642642427224,188.0,12.0,13.7,17.6,23.7,56.0,42.0,23.0,4.0,0.33,1.33,1027.0,1025.0,1024.0,705.6,196.0,57.6,0.0,0.6573403589497939,3.9684883130381374,0.021259758819847166,7.056,12.4,0.014007768474933392,207.36,2401,16.0,1056784,1804.4,300.73333333333335,66.5,102.5,0.7000000000000011
139,185.0,12.0,67.0,50.0,122.0,87,0.0,1029,42,15.1,0.0,3.6,2023,12,21,22,3,355,51,-0.5000000000000004,0.8660254037844384,-2.4492935982947064e-16,1.0,0.43388373911755823,-0.900968867902419,0,3,0,188.0,121.5,102.0,39.5,35.0,69.0,119.83333333333333,69.01509496721167,188.0,50.0,98.66666666666667,52.791729150186264,188.0,45.0,82.04166666666667,48.297589970614744,188.0,36.0,67.16666666666667,41.91883115972031,188.0,12.0,14.4,13.0,26.8,49.0,64.0,19.0,4.0,2.8,1.0,1028.0,1026.0,1024.0,634.1999999999999,151.20000000000002,54.36,0.0,0.999980000399992,15.41538205149571,5.582868094325473,6.342,13.299999999999999,0.014674426944191502,228.01,1764,12.96,1058841,486.0,81.0,-138.0,-52.0,0.6999999999999993
192,202.0,92.0,17.3,152.0,58.0,87,0.0,1029,41,14.7,0.0,0.66,2023,12,21,23,3,355,51,-0.25881904510252157,0.9659258262890681,-2.4492935982947064e-16,1.0,0.43388373911755823,-0.900968867902419,0,3,0,50.0,188.0,121.5,45.0,143.5,66.5,108.33333333333333,71.4306190182701,188.0,50.0,105.66666666666667,46.68368737221415,188.0,50.0,77.33333333333333,44.3546314755659,188.0,36.0,68.02083333333333,42.113067053667606,188.0,12.0,15.1,13.7,22.2,42.0,56.0,28.0,3.6,4.0,0.66,1029.0,1027.0,1024.0,602.6999999999999,27.060000000000002,9.702,0.0,0.5723646554956875,2.195628308387952,0.18804143433223552,6.026999999999999,14.37,0.014285700402623515,216.08999999999997,1681,0.43560000000000004,1058841,608.3,101.38333333333333,37.0,-34.5,-0.40000000000000036
192,202.0,92.0,17.3,142.0,58.0,87,0.0,1029,40,14.4,0.0,1.33,2023,12,22,0,4,356,51,0.0,1.0,-2.4492935982947064e-16,1.0,-0.433883739117558,-0.9009688679024191,0,3,0,87.0,50.0,188.0,85.5,72.0,58.0,74.66666666666667,21.361959960014484,87.0,50.0,105.91666666666667,46.55793881462782,188.0,50.0,78.58333333333333,44.4020030943178,188.0,36.0,69.22916666666667,42.22892558184662,188.0,12.0,14.7,14.4,17.6,41.0,49.0,42.0,0.66,4.0,0.33,1029.0,1028.0,1025.0,576.0,53.2,19.152,0.0,0.6126717417482975,2.195628308387952,0.18804143433223552,5.76,13.735,0.013994155496447527,207.36,1600,1.7689000000000001,1058841,598.3,99.71666666666665,0.0,-101.0,-0.29999999999999893
153,178.6,10.0,62.0,55.0,127.0,87,0.0,1030,39,14.0,0.0,2.0,2023,12,22,1,4,356,51,0.25881904510252074,0.9659258262890683,-2.4492935982947064e-16,1.0,-0.433883739117558,-0.9009688679024191,0,3,0,87.0,87.0,50.0,102.0,36.0,50.0,76.33333333333333,18.475208614066073,87.0,55.0,98.08333333333333,51.08269439513373,188.0,50.0,80.16666666666667,43.064081918869235,188.0,38.5,69.4375,42.142179763479604,188.0,12.0,14.4,15.1,13.0,40.0,42.0,64.0,1.33,3.6,2.8,1029.0,1029.0,1026.0,546.0,78.0,28.0,0.0,0.9999818185123908,17.85821417858214,6.199380061993801,5.46,13.0,0.013592219813378822,196.0,1521,4.0,1060900,487.6,81.26666666666667,-32.0,5.0,-0.40000000000000036
137,187.9,9.7,61.3,61.0,126.0,91,0.0,1030,41,13.6,0.0,2.0,2023,12,22,2,4,356,51,0.49999999999999994,0.8660254037844387,-2.4492935982947064e-16,1.0,-0.433883739117558,-0.9009688679024191,0,3,0,55.0,87.0,87.0,121.5,63.0,44.0,63.666666666666664,20.428737928057757,87.0,49.0,86.0,52.975466019658185,188.0,49.0,79.0,43.75551913239498,188.0,38.5,69.64583333333333,42.023150753785714,188.0,12.0,14.0,14.7,13.7,39.0,41.0,56.0,2.0,0.66,4.0,1030.0,1029.0,1027.0,557.6,82.0,27.2,0.0,0.8032655202373732,19.369137202350277,6.318936192145141,5.5760000000000005,12.6,0.013203870675853713,184.95999999999998,1681,4.0,1060900,494.9,82.48333333333333,-6.0,-38.0,-0.40000000000000036
152,197.3,9.3,60.7,71.3,125.0,95,0.0,1029,43,13.1,0.0,2.0,2023,12,22,3,4,356,51,0.7071067811865476,0.7071067811865476,-2.4492935982947064e-16,1.0,-0.433883739117558,-0.9009688679024191,0,3,0,49.0,55.0,87.0,188.0,38.5,44.0,53.666666666666664,4.163331998924525,57.0,49.0,64.16666666666667,17.937855687529215,87.0,49.0,80.54166666666667,42.50692902517711,188.0,39.5,70.1875,41.7611772333238,188.0,12.0,13.6,14.4,14.4,41.0,40.0,49.0,2.0,1.33,4.0,1030.0,1029.0,1028.0,563.3,86.0,26.2,0.0,0.7994277780115285,21.21277282012687,6.5261799806472425,5.632999999999999,12.1,0.012730794236351569,171.60999999999999,1849,4.0,1058841,520.6,86.76666666666667,8.0,-30.0,-0.5
141,206.6,9.0,60.0,55.0,124.0,100,0.0,1029,45,12.7,0.0,2.0,2023,12,22,4,4,356,51,0.8660254037844386,0.5000000000000001,-2.4492935982947064e-16,1.0,-0.433883739117558,-0.9009688679024191,0,3,0,57.0,49.0,55.0,50.0,39.5,12.0,52.166666666666664,4.252450274050172,57.0,49.0,64.25,17.85987122013923,87.0,49.0,81.45833333333333,41.65139871782752,188.0,45.0,71.79166666666667,40.13670028969705,188.0,35.0,13.1,14.0,15.1,43.0,39.0,42.0,2.0,2.0,3.6,1029.0,1030.0,1029.0,571.5,90.0,25.4,0.0,0.9181651242704678,22.95300522164204,6.665926008221309,5.715,11.7,0.012342067694783581,161.29,2025,4.0,1058841,505.1,84.18333333333334,-6.5,-4.5,-0.40000000000000036
150,209.9,9.7,59.3,59.0,121.0,100,0.0,1030,44,12.4,0.0,2.33,2023,12,22,5,4,356,51,0.9659258262890683,0.25881904510252074,-2.4492935982947064e-16,1.0,-0.433883739117558,-0.9009688679024191,0,3,0,50.5,57.0,49.0,87.0,45.0,44.0,53.833333333333336,3.2532035493139406,57.0,50.5,58.75,14.148321455210054,87.0,49.0,82.20833333333333,41.011338971586305,188.0,49.0,72.20833333333333,39.886773624159765,188.0,35.0,12.7,13.6,14.7,45.0,41.0,41.0,2.0,2.0,0.66,1029.0,1030.0,1029.0,545.6,102.52000000000001,28.892000000000003,0.0,0.9152387247673769,21.636944644881975,6.112771879187713,5.456,11.235,0.012038823263278386,153.76000000000002,1936,5.4289000000000005,1060900,512.9,85.48333333333333,3.5,5.0,-0.29999999999999893
157,213.2,10.3,58.7,76.3,118.0,100,0.0,1030,43,12.1,0.0,2.66,2023,12,22,6,4,356,51,1.0,6.123233995736766e-17,-2.4492935982947064e-16,1.0,-0.433883739117558,-0.9009688679024191,0,0,0,54.0,50.5,57.0,87.0,85.5,41.0,55.166666666666664,5.346338310775739,61.0,50.5,54.416666666666664,4.363675820523736,61.0,49.0,80.16666666666667,41.440172282313306,188.0,49.0,73.04166666666667,39.412510887950205,188.0,35.0,12.4,13.1,14.4,44.0,43.0,40.0,2.33,2.0,1.33,1030.0,1029.0,1029.0,520.3,114.38000000000001,32.186,0.0,0.7994652756844602,20.69701970682458,5.698475876128532,5.202999999999999,10.77,0.011747561410134553,146.41,1849,7.0756000000000006,1060900,537.5,89.58333333333333,7.0,4.0,-0.3000000000000007
153,216.5,11.0,58.0,61.0,115.0,100,0.0,1031,42,11.8,1.9,3.0,2023,12,22,7,4,356,51,0.9659258262890683,-0.25881904510252063,-2.4492935982947064e-16,1.0,-0.433883739117558,-0.9009688679024191,0,0,0,61.0,54.0,50.5,55.0,102.0,48.0,56.666666666666664,3.7859388971915373,61.0,54.0,54.416666666666664,4.363675820523736,61.0,49.0,76.25,41.410088801467005,188.0,49.0,73.33333333333333,39.244680245050695,188.0,35.0,12.1,12.7,14.0,43.0,45.0,39.0,2.66,2.0,2.0,1030.0,1029.0,1030.0,495.6,126.0,35.400000000000006,0.0,0.9016245635317455,19.680029088264703,5.272247977456595,4.956,10.3,0.011445187735026447,139.24,1764,9.0,1062961,516.5,86.08333333333333,-6.0,4.5,-0.29999999999999893
129,202.3,10.0,63.0,58.0,118.7,87,0.0,1032,39,12.4,2.2,2.33,2023,12,22,8,4,356,51,0.8660254037844387,-0.4999999999999998,-2.4492935982947064e-16,1.0,-0.433883739117558,-0.9009688679024191,0,0,0,55.0,61.0,54.0,49.0,121.5,49.5,54.0,7.549834435266475,61.0,46.0,53.916666666666664,5.200160253936745,61.0,46.0,69.95833333333333,39.60627724199314,188.0,46.0,73.1875,39.34347426691426,188.0,35.0,11.8,12.4,13.6,42.0,44.0,41.0,3.0,2.33,2.0,1031.0,1030.0,1030.0,483.6,90.87,28.892000000000003,0.0,0.793089774314236,20.227977202279774,6.299370062993701,4.836,11.235,0.012015492233050162,153.76000000000002,1521,5.4289000000000005,1065024,498.0,83.0,-9.0,-8.0,0.5999999999999996
160,188.1,9.0,68.0,78.8,122.3,75,0.0,1032,37,13.0,3.2,1.66,2023,12,22,9,4,356,51,0.7071067811865476,-0.7071067811865475,-2.4492935982947064e-16,1.0,-0.433883739117558,-0.9009688679024191,0,0,0,46.0,55.0,61.0,57.0,188.0,135.5,54.666666666666664,8.504900548111575,63.0,46.0,54.916666666666664,6.35937627968526,63.0,46.0,59.541666666666664,13.710411328176985,87.0,46.0,70.16666666666667,37.06858117253702,188.0,35.0,12.4,12.1,13.1,39.0,43.0,43.0,2.33,2.66,2.0,1032.0,1030.0,1029.0,481.0,61.419999999999995,21.58,0.0,0.7994822400730955,20.897678035773804,7.554716142650817,4.81,12.17,0.01259688701852033,169.0,1369,2.7556,1065024,529.2,88.2,17.0,2.0,0.5999999999999996
151,173.9,8.0,73.0,58.0,126.0,62,0.0,1033,34,13.6,3.9,1.0,2023,12,22,10,4,356,51,0.49999999999999994,-0.8660254037844387,-2.4492935982947064e-16,1.0,-0.433883739117558,-0.9009688679024191,0,0,0,63.0,46.0,55.0,50.5,50.0,35.0,55.166666666666664,8.578072821634729,63.0,46.0,55.916666666666664,5.986791015779958,63.0,46.0,60.083333333333336,13.42459299083671,87.0,46.0,71.0625,36.43615992390031,188.0,36.0,13.0,11.8,12.7,37.0,42.0,45.0,1.66,3.0,2.0,1032.0,1031.0,1029.0,462.4,34.0,13.6,0.0,0.9741211358424855,21.73478315210599,9.123859517560305,4.624,13.1,0.013165524525145668,184.95999999999998,1156,1.0,1067089,495.4,82.56666666666666,-6.5,1.5,0.5999999999999996
148,165.0,7.7,79.7,53.0,126.0,50,0.0,1031,32,14.4,4.6,1.33,2023,12,22,11,4,356,51,0.258819045102521,-0.9659258262890682,-2.4492935982947064e-16,1.0,-0.433883739117558,-0.9009688679024191,0,0,0,56.5,63.0,46.0,54.0,87.0,143.5,57.5,5.074445782539635,63.0,53.0,55.75,6.064239441179491,63.0,46.0,57.25,10.495670102905077,87.0,46.0,67.29166666666667,33.14819054234969,188.0,36.0,13.6,12.4,12.4,34.0,39.0,44.0,1.0,2.33,2.33,1033.0,1032.0,1030.0,460.8,42.56,19.152,0.0,0.9999811324314636,21.425788858589794,10.349305285027919,4.6080000000000005,13.735,0.013967008761388205,207.36,1024,1.7689000000000001,1062961,484.4,80.73333333333333,-3.5,7.0,0.8000000000000007
152,156.0,7.3,86.3,71.3,126.0,37,0.0,1030,30,15.2,4.5,1.66,2023,12,22,12,4,356,51,1.2246467991473532e-16,-1.0,-2.4492935982947064e-16,1.0,-0.433883739117558,-0.9009688679024191,0,1,0,53.0,56.5,63.0,61.0,87.0,72.0,55.5,2.1794494717554183,57.0,53.0,55.083333333333336,5.571504883478391,63.0,46.0,54.75,4.783969443494359,63.0,46.0,66.66666666666667,33.196931061230565,188.0,36.0,14.4,13.0,12.1,32.0,37.0,43.0,1.33,1.66,2.66,1031.0,1032.0,1030.0,456.0,49.8,25.232,0.0,0.7994277780115285,21.36693603615943,11.820298589234351,4.56,14.37,0.014757267225954149,231.04,900,2.7556,1060900,503.90000000000003,83.98333333333333,4.0,-6.0,0.7999999999999989
133,147.1,7.0,93.0,53.0,126.0,25,0.0,1028,27,16.0,4.5,2.0,2023,12,22,13,4,356,51,-0.2588190451025208,-0.9659258262890683,-2.4492935982947064e-16,1.0,-0.433883739117558,-0.9009688679024191,0,1,0,57.0,53.0,56.5,55.0,55.0,36.0,52.5,4.769696007078019,57.0,47.5,53.833333333333336,6.377042156566278,63.0,46.0,54.125,5.218520340611745,63.0,46.0,67.14583333333333,32.81584955298423,188.0,38.5,15.2,13.6,11.8,30.0,34.0,42.0,1.66,1.0,3.0,1030.0,1033.0,1031.0,432.0,54.0,32.0,0.0,0.8962095054810287,21.0112841022711,13.28381659762891,4.32,15.0,0.015564187194370433,256.0,729,4.0,1056784,473.6,78.93333333333334,-9.5,-9.0,0.8000000000000007
107,232.4,66.3,72.5,48.0,105.0,27,0.0,1028,27,16.3,4.5,1.66,2023,12,22,14,4,356,51,-0.4999999999999997,-0.8660254037844388,-2.4492935982947064e-16,1.0,-0.433883739117558,-0.9009688679024191,0,1,0,47.5,57.0,53.0,46.0,49.0,63.0,47.5,9.49999999999672,57.0,38.0,52.5,8.740709353362387,63.0,38.0,53.208333333333336,6.896831727591423,63.0,38.0,66.10416666666667,33.34567932596638,188.0,38.0,16.0,14.4,12.4,27.0,32.0,39.0,2.0,1.33,2.33,1028.0,1031.0,1032.0,440.1,44.82,27.058,0.0,0.7916501739547093,3.5052261655178656,1.093497835628422,4.401,15.47,0.01585601570426488,265.69,729,2.7556,1056784,562.2,93.7,-9.5,-15.0,0.3000000000000007
152,302.0,154.0,31.4,90.0,105.0,29,0.0,1027,26,16.5,3.2,1.33,2023,12,22,15,4,356,51,-0.7071067811865471,-0.7071067811865479,-2.4492935982947064e-16,1.0,-0.433883739117558,-0.9009688679024191,0,1,0,38.0,47.5,57.0,63.0,57.0,38.5,47.5,9.49999999999672,57.0,38.0,51.5,7.563068160472749,57.0,38.0,53.208333333333336,6.896831727591423,63.0,38.0,66.875,32.890546415015635,188.0,38.0,16.3,15.2,13.0,27.0,30.0,37.0,1.66,1.66,1.66,1028.0,1030.0,1032.0,429.0,34.58,21.945,0.0,0.6333262963744847,1.9610262271024212,0.20389477990402657,4.29,15.835,0.016066196624930258,272.25,676,1.7689000000000001,1054729,739.4,123.23333333333333,19.0,0.0,0.1999999999999993
139,403.0,185.0,31.4,75.5,63.0,31,0.0,1026,25,16.8,2.3,1.0,2023,12,22,16,4,356,51,-0.8660254037844385,-0.5000000000000004,-2.4492935982947064e-16,1.0,-0.433883739117558,-0.9009688679024191,0,1,0,57.0,38.0,47.5,56.5,50.5,39.5,48.333333333333336,9.609023536929794,57.0,38.0,50.416666666666664,7.158328482727184,57.0,38.0,53.166666666666664,6.916164640409968,63.0,38.0,67.3125,32.57893841519252,188.0,38.0,16.5,16.0,13.6,26.0,27.0,34.0,1.33,2.0,1.0,1027.0,1028.0,1033.0,420.0,25.0,16.8,0.0,0.6622428842002093,2.178366603423765,0.16972881227669037,4.2,16.3,0.01637425304653699,282.24,625,1.0,1052676,807.9,134.65,-7.0,2.5,0.3000000000000007
154,10.0,99.0,7.6,83.0,64.0,34,0.0,1027,31,15.4,2.0,1.33,2023,12,22,17,4,356,51,-0.9659258262890683,-0.25881904510252063,-2.4492935982947064e-16,1.0,-0.433883739117558,-0.9009688679024191,0,1,0,50.0,57.0,38.0,53.0,54.0,45.0,55.166666666666664,4.536885862931577,58.5,50.0,51.333333333333336,7.871890920650725,58.5,38.0,53.541666666666664,7.085382947665948,63.0,38.0,67.875,32.292228840361865,188.0,38.0,16.8,16.3,14.4,25.0,27.0,32.0,1.0,1.66,1.33,1026.0,1028.0,1031.0,477.40000000000003,41.230000000000004,20.482000000000003,0.0,0.7048107854122239,0.10100908071635639,0.07676690134443086,4.774,14.735,0.014995116849934908,237.16000000000003,961,1.7689000000000001,1054729,322.1,53.68333333333334,8.5,20.5,-1.4000000000000004
165,20.0,166.0,2.7,83.0,64.0,36,0.0,1027,38,14.0,0.0,1.66,2023,12,22,18,4,356,51,-1.0,-1.8369701987210297e-16,-2.4492935982947064e-16,1.0,-0.433883739117558,-0.9009688679024191,0,2,0,58.5,50.0,57.0,57.0,61.0,85.5,58.333333333333336,8.251262529653708,66.5,50.0,52.916666666666664,9.926815535035566,66.5,38.0,54.0,7.757694127879891,66.5,38.0,67.08333333333333,32.073511577742366,188.0,38.0,15.4,16.5,15.2,31.0,26.0,30.0,1.33,1.33,1.66,1027.0,1027.0,1030.0,532.0,63.08,23.24,0.0,0.8011951663232972,0.12048120192047035,0.0162649622592635,5.32,13.17,0.013631924409031734,196.0,1444,2.7556,1054729,402.2,67.03333333333333,8.0,9.5,-1.4000000000000004
212,262.6,23.0,48.0,128.0,142.0,38,0.0,1027,47,12.6,0.0,2.0,2023,12,22,19,4,356,51,-0.9659258262890684,0.2588190451025203,-2.4492935982947064e-16,1.0,-0.433883739117558,-0.9009688679024191,0,2,0,66.5,58.5,50.0,47.5,55.0,102.0,75.66666666666667,23.153473461518928,102.0,58.5,62.0,21.80596248735555,102.0,38.0,57.916666666666664,15.900019058495834,102.0,38.0,67.08333333333333,32.073511577742366,188.0,38.0,14.0,16.8,16.0,38.0,25.0,27.0,1.66,1.0,2.0,1027.0,1026.0,1028.0,592.1999999999999,94.0,25.2,0.0,0.7968687744626994,11.416894917612279,2.0868657884439807,5.922,11.6,0.012268731968128561,158.76,2209,4.0,1054729,705.6,117.60000000000001,35.5,52.0,-1.4000000000000004
229,202.0,108.0,4.3,162.0,37.0,1,0.0,1028,50,11.9,0.0,2.0,2023,12,22,20,4,356,51,-0.8660254037844386,0.5000000000000001,-2.4492935982947064e-16,1.0,-0.433883739117558,-0.9009688679024191,0,2,0,102.0,66.5,58.5,38.0,46.0,121.5,94.33333333333333,24.901472513352598,114.5,66.5,74.75,26.76705064066563,114.5,50.0,63.625,22.257914833317123,114.5,38.0,66.79166666666667,31.585259587162536,188.0,38.0,12.6,15.4,16.3,47.0,31.0,27.0,2.0,1.33,1.66,1027.0,1027.0,1028.0,595.0,100.0,23.8,0.0,0.7067857605817248,1.8703530522865528,0.03981444616253553,5.95,10.9,0.01157586422581301,141.61,2500,4.0,1056784,627.8,104.63333333333333,12.5,56.0,-0.6999999999999993
264,202.0,92.0,4.3,210.0,37.0,1,0.0,1029,54,11.3,0.0,2.0,2023,12,22,21,4,356,51,-0.7071067811865477,0.7071067811865474,-2.4492935982947064e-16,1.0,-0.433883739117558,-0.9009688679024191,0,2,0,114.5,102.0,66.5,57.0,63.0,188.0,119.16666666666667,19.914400149973044,141.0,102.0,88.75,36.00104165159613,141.0,50.0,70.125,31.52064619203679,141.0,38.0,64.83333333333333,24.37820956201073,141.0,38.0,11.9,14.0,16.5,50.0,38.0,26.0,2.0,1.66,1.33,1028.0,1027.0,1027.0,610.2,108.0,22.6,0.0,0.6714253741648849,2.195628308387952,0.046738622406278185,6.102,10.3,0.01098152479929563,127.69000000000001,2916,4.0,1058841,686.3,114.38333333333333,26.5,74.5,-0.5999999999999996
187,302.0,116.0,4.3,126.0,37.0,1,0.0,1030,58,10.6,0.0,2.0,2023,12,22,22,4,356,51,-0.5000000000000004,0.8660254037844384,-2.4492935982947064e-16,1.0,-0.433883739117558,-0.9009688679024191,0,3,0,141.0,114.5,102.0,50.0,56.5,50.0,112.83333333333333,29.035897322680565,141.0,83.0,94.25,31.08174705514411,141.0,58.5,72.33333333333333,31.40739152531088,141.0,38.0,66.20833333333333,24.435770584493707,141.0,38.0,11.3,12.6,16.8,54.0,47.0,25.0,2.0,2.0,1.0,1029.0,1027.0,1026.0,614.8,116.0,21.2,0.0,0.6587249307545178,2.6034258325359265,0.03706864595994862,6.148,9.6,0.010291252144415394,112.36,3364,4.0,1060900,668.3,111.38333333333333,-58.0,-19.0,-0.7000000000000011
167,251.9,81.3,21.5,75.0,56.3,1,0.0,1030,52,11.1,0.0,1.66,2023,12,22,23,4,356,51,-0.25881904510252157,0.9659258262890681,-2.4492935982947064e-16,1.0,-0.433883739117558,-0.9009688679024191,0,3,0,83.0,141.0,114.5,58.5,53.0,87.0,97.5,38.36339401043553,141.0,68.5,95.91666666666667,28.978296476270415,141.0,66.5,73.625,30.85385271360215,141.0,38.0,65.4375,24.039963331015258,141.0,38.0,10.6,11.9,15.4,58.0,50.0,31.0,2.0,2.0,1.33,1030.0,1028.0,1027.0,577.1999999999999,86.32,18.426,0.0,0.9133211557179237,3.0983628737653905,0.2644493917663989,5.771999999999999,10.27,0.01077668856632178,123.21,2704,2.7556,1060900,554.5,92.41666666666667,-14.5,-46.0,0.5
151,302.0,77.0,3.2,93.5,37.0,1,0.0,1030,47,11.7,0.0,1.33,2023,12,23,0,5,357,51,0.0,1.0,-2.4492935982947064e-16,1.0,-0.9749279121818236,-0.2225209339563146,0,3,1,68.5,83.0,141.0,66.5,57.0,87.0,69.16666666666667,13.51234003913695,83.0,56.0,94.16666666666667,31.331560233518953,141.0,56.0,73.54166666666667,30.904146774805405,141.0,38.0,64.14583333333333,23.660864388758586,141.0,38.0,11.1,11.3,14.0,52.0,54.0,38.0,1.66,2.0,1.66,1030.0,1029.0,1027.0,549.9,62.510000000000005,15.561,0.0,0.5989240756783349,3.9220269866625106,0.04155790184543058,5.499,11.035,0.011359212272609444,136.89,2209,1.7689000000000001,1060900,568.7,94.78333333333335,-12.5,-85.0,0.5999999999999996
163,151.7,12.0,56.0,65.0,95.0,23,0.0,1031,42,12.2,0.0,1.0,2023,12,23,1,5,357,51,0.25881904510252074,0.9659258262890683,-2.4492935982947064e-16,1.0,-0.9749279121818236,-0.2225209339563146,0,3,1,56.0,68.5,83.0,102.0,47.5,55.0,63.166666666666664,6.448514040712455,68.5,56.0,88.0,33.074159097397455,141.0,56.0,75.0,29.96209726850243,141.0,38.0,64.5625,23.58071821932416,141.0,38.0,11.7,10.6,12.6,47.0,58.0,47.0,1.33,2.0,2.0,1030.0,1030.0,1027.0,512.4,42.0,12.2,0.0,0.999984615621298,12.64061328222648,4.666277810182485,5.124,11.7,0.011833160200620562,148.83999999999997,1764,1.0,1062961,444.7,74.11666666666666,9.0,-18.0,0.5
187,168.5,33.7,38.4,104.0,74.0,2,0.0,1030,43,11.9,0.0,1.0,2023,12,23,2,5,357,51,0.49999999999999994,0.8660254037844387,-2.4492935982947064e-16,1.0,-0.9749279121818236,-0.2225209339563146,0,3,1,65.0,56.0,68.5,114.5,38.0,49.0,68.0,13.747727084865,83.0,56.0,82.75,30.419976988813755,141.0,56.0,78.75,27.636027210869667,141.0,50.0,65.97916666666667,23.626385014229673,141.0,38.0,12.2,11.1,11.9,42.0,52.0,50.0,1.0,1.66,2.0,1031.0,1030.0,1028.0,511.7,43.0,11.9,0.0,0.798069249334141,4.999851636449957,1.1394320643304352,5.117,11.4,0.011553386841371999,141.61,1849,1.0,1060900,501.6,83.60000000000001,18.0,14.5,-0.29999999999999893
208,185.2,55.3,20.8,123.8,53.0,3,0.0,1030,44,11.5,0.0,1.0,2023,12,23,3,5,357,51,0.7071067811865476,0.7071067811865476,-2.4492935982947064e-16,1.0,-0.9749279121818236,-0.2225209339563146,0,3,1,83.0,65.0,56.0,141.0,57.0,57.0,82.33333333333333,17.009801096228585,99.0,65.0,75.75,15.516926242009328,99.0,56.0,82.25,27.28844244197569,141.0,50.0,67.72916666666667,24.472690709845285,141.0,38.0,11.9,11.7,11.3,43.0,47.0,54.0,1.0,1.33,2.0,1030.0,1030.0,1029.0,506.0,44.0,11.5,0.0,0.7996704388494439,3.3489448653731397,0.3761233974069185,5.06,11.0,0.01116503770384689,132.25,1936,1.0,1060900,537.1,89.51666666666667,16.0,43.0,-0.40000000000000036
174,202.0,77.0,3.2,108.5,32.0,1,0.0,1030,45,11.2,0.0,1.0,2023,12,23,4,5,357,51,0.8660254037844386,0.5000000000000001,-2.4492935982947064e-16,1.0,-0.9749279121818236,-0.2225209339563146,0,3,1,99.0,83.0,65.0,83.0,50.0,50.5,85.16666666666667,12.887332281479294,99.0,73.5,74.16666666666667,15.108496505828242,99.0,56.0,84.20833333333333,25.551604053305525,141.0,56.0,68.6875,24.217677921573767,141.0,38.0,11.5,12.2,10.6,44.0,42.0,58.0,1.0,1.0,2.0,1030.0,1031.0,1030.0,503.99999999999994,45.0,11.2,0.0,0.6774131113998949,2.623342553992805,0.04155790184543058,5.039999999999999,10.7,0.010873775850703057,125.43999999999998,2025,1.0,1060900,496.2,82.7,-25.5,8.5,-0.3000000000000007
207,187.8,55.7,19.8,98.0,54.7,1,0.0,1031,50,10.3,0.0,1.0,2023,12,23,5,5,357,51,0.9659258262890683,0.25881904510252074,-2.4492935982947064e-16,1.0,-0.9749279121818236,-0.2225209339563146,0,3,1,73.5,99.0,83.0,68.5,58.5,54.0,90.16666666666667,14.442414387257298,99.0,73.5,79.08333333333333,17.50547533392409,99.0,56.0,87.5,24.45961420939949,141.0,56.0,70.52083333333333,24.71774541510281,141.0,38.0,11.2,11.9,11.1,45.0,43.0,52.0,1.0,1.0,1.66,1030.0,1030.0,1030.0,515.0,50.0,10.3,0.0,0.9999897960224895,3.3715732213066194,0.35546938116012283,5.15,9.8,0.009990290989048509,106.09000000000002,2500,1.0,1062961,514.0,85.66666666666667,24.5,15.0,-0.8999999999999986
193,173.5,34.3,36.4,88.0,77.3,1,0.0,1031,56,9.5,0.0,1.0,2023,12,23,6,5,357,51,1.0,6.123233995736766e-17,-2.4492935982947064e-16,1.0,-0.9749279121818236,-0.2225209339563146,0,0,1,98.0,73.5,99.0,56.0,66.5,61.0,86.5,12.318684994751857,98.0,73.5,84.41666666666667,13.477450302880923,99.0,65.0,89.29166666666667,23.5521262631441,141.0,56.0,71.64583333333333,24.879483064088596,141.0,38.0,10.3,11.5,11.7,50.0,44.0,47.0,1.0,1.0,1.33,1031.0,1030.0,1030.0,532.0,56.0,9.5,0.0,0.999988636492767,5.05816156963354,1.0611935512084196,5.32,9.0,0.009214346057860274,90.25,3136,1.0,1062961,497.50000000000006,82.91666666666667,-10.0,-11.0,-0.8000000000000007
193,159.3,13.0,53.0,88.0,100.0,1,0.0,1032,62,8.6,1.4,1.0,2023,12,23,7,5,357,51,0.9659258262890683,-0.25881904510252063,-2.4492935982947064e-16,1.0,-0.9749279121818236,-0.2225209339563146,0,0,1,88.0,98.0,73.5,65.0,102.0,55.0,91.33333333333333,5.773502691889579,98.0,88.0,88.25,9.548560100871688,99.0,73.5,88.125,23.20964239276276,141.0,56.0,73.02083333333333,24.831378801597904,141.0,38.0,9.5,11.2,12.2,56.0,45.0,42.0,1.0,1.0,1.0,1031.0,1030.0,1031.0,533.1999999999999,62.0,8.6,0.0,0.999988636492767,12.252903622798248,4.076609491577571,5.331999999999999,8.1,0.008333325258405758,73.96,3844,1.0,1065024,501.3,83.55,0.0,14.5,-0.9000000000000004
172,152.7,11.7,57.7,90.0,107.3,1,0.0,1032,48,10.8,2.3,1.66,2023,12,23,8,5,357,51,0.8660254037844387,-0.4999999999999998,-2.4492935982947064e-16,1.0,-0.9749279121818236,-0.2225209339563146,0,0,1,88.0,88.0,98.0,83.0,114.5,46.0,82.66666666666667,9.237604307029999,88.0,72.0,86.41666666666667,11.594898303418848,99.0,72.0,84.58333333333333,22.03182959155787,141.0,56.0,74.10416666666667,24.159334844837264,141.0,38.0,8.6,10.3,11.9,62.0,50.0,43.0,1.0,1.0,1.0,1032.0,1031.0,1030.0,518.4000000000001,79.67999999999999,17.928,0.0,0.7999911112098754,13.05016665242287,4.931202461328092,5.184000000000001,9.97,0.010465106138463045,116.64000000000001,2304,2.7556,1065024,491.4,81.89999999999999,-16.0,-26.0,2.200000000000001
161,146.1,10.3,62.3,64.0,114.7,1,0.0,1032,37,13.1,3.2,2.33,2023,12,23,9,5,357,51,0.7071067811865476,-0.7071067811865475,-2.4492935982947064e-16,1.0,-0.9749279121818236,-0.2225209339563146,0,0,1,72.0,88.0,88.0,99.0,141.0,63.0,74.66666666666667,12.220201853212654,88.0,64.0,80.58333333333333,12.74526055703157,98.0,64.0,78.16666666666667,13.771402076456987,99.0,56.0,74.14583333333333,24.140206028563423,141.0,38.0,10.8,9.5,11.5,48.0,56.0,44.0,1.66,1.0,1.0,1032.0,1031.0,1030.0,484.7,86.21000000000001,30.523,0.0,0.9999843752441367,14.183089020483447,6.047956509076788,4.8469999999999995,11.934999999999999,0.012693786149432026,171.60999999999999,1369,5.4289000000000005,1065024,461.4,76.89999999999999,-8.0,-24.0,2.299999999999999
203,139.5,9.0,67.0,118.8,122.0,1,0.0,1032,28,15.3,4.6,3.0,2023,12,23,10,5,357,51,0.49999999999999994,-0.8660254037844387,-2.4492935982947064e-16,1.0,-0.9749279121818236,-0.2225209339563146,0,0,1,64.0,72.0,88.0,73.5,83.0,56.5,77.0,16.093476939428843,95.0,64.0,84.16666666666667,13.362883920270544,98.0,64.0,79.16666666666667,14.56698217534773,99.0,56.0,75.75,24.195759599746747,141.0,38.0,13.1,8.6,11.2,37.0,62.0,45.0,2.33,1.0,1.0,1032.0,1032.0,1030.0,428.40000000000003,84.0,45.900000000000006,0.0,0.7996565685474027,15.498277969114543,7.443617375847128,4.284000000000001,13.8,0.014825567029489313,234.09000000000003,784,9.0,1065024,551.3,91.88333333333333,31.0,7.0,2.200000000000001
151,160.3,26.7,52.6,56.0,102.3,1,0.0,1030,28,16.1,5.7,2.66,2023,12,23,11,5,357,51,0.258819045102521,-0.9659258262890682,-2.4492935982947064e-16,1.0,-0.9749279121818236,-0.2225209339563146,0,0,1,95.0,64.0,72.0,98.0,68.5,53.0,71.66666666666667,20.599352740638796,95.0,56.0,77.16666666666667,15.497311594809732,95.0,56.0,78.125,15.794309965068303,99.0,56.0,75.875,24.08059384649891,141.0,38.0,15.3,10.8,10.3,28.0,48.0,50.0,3.0,1.66,1.0,1032.0,1032.0,1031.0,450.80000000000007,74.48,42.82600000000001,0.0,0.9999821431760147,6.003520467398225,1.9699636717725928,4.508000000000001,14.770000000000001,0.01563105278538565,259.21000000000004,784,7.0756000000000006,1060900,453.90000000000003,75.65,-39.0,-16.0,0.8000000000000007
153,202.0,62.0,23.8,94.0,63.0,0,0.0,1029,27,17.0,6.1,2.33,2023,12,23,12,5,357,51,1.2246467991473532e-16,-1.0,-2.4492935982947064e-16,1.0,-0.9749279121818236,-0.2225209339563146,0,1,1,56.0,95.0,64.0,88.0,56.0,57.0,69.5,22.09637979398278,95.0,56.0,72.08333333333333,16.218559327715383,95.0,56.0,78.25,15.608127253567773,99.0,56.0,75.89583333333333,24.063764553635306,141.0,38.0,16.1,13.1,9.5,28.0,37.0,56.0,2.66,2.33,1.0,1030.0,1032.0,1031.0,459.0,62.910000000000004,39.61,0.0,0.6116956202593589,3.2580119675489105,0.3838647763745746,4.59,15.835,0.01652087801663944,289.0,729,5.4289000000000005,1058841,502.3,83.71666666666667,1.5,-6.5,0.8999999999999986
155,202.0,62.0,23.8,95.5,63.0,0,0.0,1027,26,17.8,5.6,2.0,2023,12,23,13,5,357,51,-0.2588190451025208,-0.9659258262890683,-2.4492935982947064e-16,1.0,-0.9749279121818236,-0.2225209339563146,0,1,1,57.5,56.0,95.0,88.0,65.0,47.5,57.5,1.4999999999781817,59.0,56.0,67.25,14.784282194274988,95.0,56.0,77.75,16.157604457904966,99.0,56.0,76.375,23.583454959486502,141.0,38.0,17.0,15.3,8.6,27.0,28.0,62.0,2.33,3.0,1.0,1029.0,1032.0,1032.0,462.8,52.0,35.6,0.0,0.6177945780672454,3.2580119675489105,0.3838647763745746,4.628,16.8,0.01733201817719749,316.84000000000003,676,4.0,1054729,505.3,84.21666666666667,1.5,-36.0,0.8000000000000007
142,177.9,45.0,44.5,64.0,91.7,0,0.0,1027,27,18.0,4.5,1.33,2023,12,23,14,5,357,51,-0.4999999999999997,-0.8660254037844388,-2.4492935982947064e-16,1.0,-0.9749279121818236,-0.2225209339563146,0,1,1,59.0,57.5,56.0,72.0,83.0,38.0,55.833333333333336,4.252450274050063,59.0,51.0,63.75,15.88001889167504,95.0,51.0,75.08333333333333,17.772339761719298,99.0,51.0,76.91666666666667,22.800012712939147,141.0,50.0,17.8,16.1,10.8,26.0,28.0,48.0,2.0,2.66,1.66,1027.0,1030.0,1032.0,486.0,35.910000000000004,23.94,0.0,0.7968625490226715,3.953245483433702,0.9888669140685763,4.86,17.335,0.017526759954469374,324.0,729,1.7689000000000001,1054729,474.09999999999997,79.01666666666667,-8.0,-5.0,0.1999999999999993
153,153.7,28.0,65.3,69.0,120.3,1,0.0,1026,28,18.3,3.2,0.66,2023,12,23,15,5,357,51,-0.7071067811865471,-0.7071067811865479,-2.4492935982947064e-16,1.0,-0.9749279121818236,-0.2225209339563146,0,1,1,51.0,59.0,57.5,64.0,99.0,57.0,55.0,3.999999999991926,59.0,51.0,62.25,16.27190830849154,95.0,51.0,71.41666666666667,16.907278332303758,98.0,51.0,76.83333333333333,22.87948894736933,141.0,50.0,18.0,17.0,13.1,27.0,27.0,37.0,1.33,2.33,2.33,1027.0,1029.0,1032.0,512.4,18.48,12.078000000000001,0.0,0.7970898972478659,5.489089675368736,2.332059569301096,5.124,17.970000000000002,0.017836239925692082,334.89000000000004,784,0.43560000000000004,1052676,491.3,81.88333333333334,4.0,-2.5,0.3000000000000007
173,129.6,11.0,86.0,91.3,149.0,86,0.0,1025,28,18.5,2.1,2.0,2023,12,23,16,5,357,51,-0.8660254037844385,-0.5000000000000004,-2.4492935982947064e-16,1.0,-0.9749279121818236,-0.2225209339563146,0,1,1,55.0,51.0,59.0,95.0,73.5,50.0,59.666666666666664,11.718930554161808,73.0,51.0,58.583333333333336,7.565822272999962,73.0,51.0,71.375,16.902292743883226,98.0,51.0,77.79166666666667,22.177601639780523,141.0,51.0,18.3,17.8,15.3,28.0,26.0,28.0,0.66,2.0,3.0,1026.0,1027.0,1032.0,518.0,56.0,37.0,0.0,0.7995531264717801,11.780747204799564,7.817471138987365,5.18,17.5,0.018048762879255727,342.25,784,4.0,1050625,539.9,89.98333333333333,18.0,14.0,0.1999999999999993
180,254.4,30.3,58.8,94.0,111.7,88,0.0,1025,36,16.7,1.7,1.2,2023,12,23,17,5,357,51,-0.9659258262890683,-0.25881904510252063,-2.4492935982947064e-16,1.0,-0.9749279121818236,-0.2225209339563146,0,1,1,73.0,55.0,51.0,56.0,98.0,58.5,68.66666666666667,12.09683154107984,78.0,55.0,62.25,10.73196161006719,78.0,51.0,69.70833333333333,14.906463414072391,95.0,51.0,78.60416666666667,21.793985591696096,141.0,51.0,18.5,18.0,16.1,28.0,27.0,28.0,2.0,1.33,2.66,1025.0,1027.0,1030.0,601.1999999999999,43.199999999999996,20.04,0.0,0.8297784066126955,8.395762516088578,1.940530015511039,6.012,16.099999999999998,0.016292667031544358,278.89,1296,1.44,1050625,627.2,104.53333333333335,5.0,27.0,-1.8000000000000007
191,379.2,49.7,31.5,101.0,74.3,90,0.0,1026,45,15.0,0.0,1.2,2023,12,23,18,5,357,51,-1.0,-1.8369701987210297e-16,-2.4492935982947064e-16,1.0,-0.9749279121818236,-0.2225209339563146,0,2,1,78.0,73.0,55.0,57.5,88.0,66.5,79.0,6.557438524296448,86.0,73.0,67.0,14.014278433082323,86.0,51.0,69.54166666666667,14.693007510271574,95.0,51.0,79.41666666666667,21.68633444013345,141.0,51.0,16.7,18.3,17.0,36.0,28.0,27.0,1.2,0.66,2.33,1025.0,1026.0,1029.0,675.0,54.0,18.0,0.0,0.8514767180522965,7.629625158447515,0.6337900645862257,6.75,14.4,0.014619868791550885,225.0,2025,1.44,1052676,721.6999999999999,120.28333333333332,8.0,31.0,-1.6999999999999993
233,504.0,69.0,4.3,166.0,37.0,93,0.0,1026,56,13.2,0.0,0.8,2023,12,23,19,5,357,51,-0.9659258262890684,0.2588190451025203,-2.4492935982947064e-16,1.0,-0.9749279121818236,-0.2225209339563146,0,2,1,86.0,78.0,73.0,59.0,88.0,102.0,94.0,21.166010488514885,118.0,78.0,76.83333333333333,24.24389957631865,118.0,51.0,72.04166666666667,19.78803395688201,118.0,51.0,80.08333333333333,22.635901969461205,141.0,51.0,15.0,18.5,17.8,45.0,28.0,26.0,1.2,2.0,2.0,1026.0,1025.0,1027.0,739.1999999999999,44.800000000000004,10.56,0.0,0.710839091330775,7.304241967507717,0.06231793742119679,7.3919999999999995,12.799999999999999,0.012865484536564779,174.23999999999998,3136,0.6400000000000001,1052676,898.3,149.71666666666667,32.0,45.0,-1.8000000000000007
166,605.0,77.0,5.4,232.5,37.0,95,0.0,1027,60,13.4,0.0,0.8,2023,12,23,20,5,357,51,-0.8660254037844386,0.5000000000000001,-2.4492935982947064e-16,1.0,-0.9749279121818236,-0.2225209339563146,0,2,1,118.0,86.0,78.0,51.0,72.0,114.5,123.33333333333333,40.26578365477624,166.0,86.0,96.0,40.044974715936064,166.0,55.0,79.875,33.573613150805336,166.0,51.0,82.22916666666667,27.87510154657608,166.0,51.0,13.2,16.7,18.0,56.0,36.0,27.0,0.8,1.2,1.33,1026.0,1025.0,1027.0,804.0,48.0,10.72,0.0,0.7139754237616183,7.857040817651718,0.0701289593641641,8.04,13.0,0.013047699077216089,179.56,3600,0.6400000000000001,1054729,1122.9,187.15,48.0,88.0,0.20000000000000107
228,705.3,74.3,5.0,143.0,37.0,97,0.0,1027,64,13.6,0.0,1.2,2023,12,23,21,5,357,51,-0.7071067811865477,0.7071067811865474,-2.4492935982947064e-16,1.0,-0.9749279121818236,-0.2225209339563146,0,2,1,166.0,118.0,86.0,55.0,64.0,141.0,132.66666666666666,28.936712552279367,166.0,114.0,105.83333333333333,34.87358121367271,166.0,73.0,84.04166666666667,34.51380378218374,166.0,51.0,81.10416666666667,25.87300892010347,166.0,51.0,13.4,15.0,18.3,60.0,45.0,28.0,0.8,1.2,0.66,1027.0,1026.0,1026.0,870.4,76.8,16.32,0.0,0.7971972223970462,9.49246981871038,0.06729384530490841,8.704,13.0,0.013242440854487971,184.95999999999998,4096,1.44,1054729,1078.6,179.76666666666665,-52.0,28.0,0.1999999999999993
224,806.0,77.0,5.4,332.0,37.0,100,0.0,1028,68,13.8,0.0,1.2,2023,12,23,22,5,357,51,-0.5000000000000004,0.8660254037844384,-2.4492935982947064e-16,1.0,-0.9749279121818236,-0.2225209339563146,0,3,1,114.0,166.0,118.0,73.0,95.0,83.0,168.0,55.027265968789486,224.0,114.0,131.0,55.074495004493336,224.0,78.0,94.79166666666667,53.24448683936967,224.0,51.0,86.97916666666667,39.00041225163072,224.0,51.0,13.6,13.2,18.5,64.0,56.0,28.0,1.2,0.8,2.0,1027.0,1026.0,1025.0,938.4000000000001,81.6,16.56,0.0,0.6746967629615573,10.467396527317826,0.0701289593641641,9.384,13.200000000000001,0.0134241114551445,190.44000000000003,4624,1.44,1056784,1481.4,246.9,110.0,106.0,0.20000000000000107
244,596.3,56.3,17.6,126.0,54.0,100,0.0,1028,59,14.3,0.0,1.6,2023,12,23,23,5,357,51,-0.25881904510252157,0.9659258262890681,-2.4492935982947064e-16,1.0,-0.9749279121818236,-0.2225209339563146,0,3,1,224.0,114.0,166.0,78.0,56.0,68.5,154.66666666666666,60.343461396685186,224.0,114.0,139.0,48.9857122026409,224.0,86.0,100.625,52.436595912673646,224.0,51.0,89.375,39.57773034334437,224.0,51.0,13.8,13.4,16.7,68.0,60.0,36.0,1.2,0.8,1.2,1028.0,1027.0,1025.0,843.7,94.4,22.880000000000003,0.0,0.9999920635550511,10.591286122804213,0.31260545993854466,8.437000000000001,13.5,0.013910492304968576,204.49,3481,2.5600000000000005,1056784,976.1999999999999,162.7,-98.0,-40.0,0.5
244,386.6,35.7,29.8,126.0,71.0,100,0.0,1028,51,14.8,0.0,2.0,2023,12,24,0,6,358,51,0.0,1.0,-2.4492935982947064e-16,1.0,-0.7818314824680299,0.6234898018587334,0,3,1,126.0,224.0,114.0,86.0,57.5,56.0,158.66666666666666,56.58032638058244,224.0,126.0,145.66666666666666,42.641138196190646,224.0,114.0,106.33333333333333,51.02465238994857,224.0,51.0,92.29166666666667,39.59054472830737,224.0,51.0,14.3,13.6,15.0,59.0,64.0,45.0,1.6,1.2,1.2,1028.0,1027.0,1026.0,754.8000000000001,102.0,29.6,0.0,0.9999920635550511,10.828828324136579,0.8347105123105796,7.548000000000001,13.8,0.014396873154792652,219.04000000000002,2601,4.0,1056784,775.1,129.18333333333334,0.0,12.0,0.5
234,176.8,15.0,42.0,128.0,88.0,100,0.0,1028,44,15.3,0.0,2.0,2023,12,24,1,6,358,51,0.25881904510252074,0.9659258262890683,-2.4492935982947064e-16,1.0,-0.7818314824680299,0.6234898018587334,0,3,1,126.0,126.0,224.0,118.0,59.0,65.0,123.5,4.330127018911885,126.0,118.5,145.75,42.5766955035259,224.0,114.0,111.29166666666667,48.85156475270585,224.0,51.0,94.52083333333333,39.493114195269904,224.0,51.0,14.8,13.8,13.2,51.0,68.0,56.0,2.0,1.2,0.8,1028.0,1028.0,1026.0,673.2,88.0,30.6,0.0,0.9257740173904891,11.785880941270584,2.7998133457769483,6.732,14.3,0.014883254004616727,234.09000000000003,1936,4.0,1056784,568.3,94.71666666666665,-7.5,-105.5,0.5
187,302.0,92.0,19.5,125.0,16.0,100,0.0,1028,43,15.2,0.0,2.4,2023,12,24,2,6,358,51,0.49999999999999994,0.8660254037844387,-2.4492935982947064e-16,1.0,-0.7818314824680299,0.6234898018587334,0,3,1,118.5,126.0,126.0,166.0,51.0,83.0,109.33333333333333,22.684429314691787,126.0,83.5,132.0,47.737825673148976,224.0,83.5,114.0,46.02420311887221,224.0,55.0,94.54166666666667,39.48690390129612,224.0,51.0,15.3,14.3,13.4,44.0,59.0,60.0,2.0,1.6,0.8,1028.0,1028.0,1027.0,653.6,103.2,36.48,0.0,0.6679946560427517,3.282573015510701,0.21195421788893598,6.5360000000000005,14.0,0.014785977834651912,231.04,1849,5.76,1056784,638.0,106.33333333333333,-35.0,-42.5,-0.10000000000000142
224,394.9,77.0,21.2,133.3,78.7,100,0.0,1028,41,15.0,0.0,2.4,2023,12,24,3,6,358,51,0.7071067811865476,0.7071067811865476,-2.4492935982947064e-16,1.0,-0.7818314824680299,0.6234898018587334,0,3,1,83.5,118.5,126.0,114.0,55.0,99.0,104.39,18.458772981970284,118.5,83.5,131.52833333333334,47.96468301434534,224.0,83.5,118.68083333333334,42.173436805288134,224.0,73.0,95.04875,39.624548749317086,224.0,51.0,15.2,14.8,13.6,43.0,51.0,64.0,2.4,2.0,1.2,1028.0,1028.0,1027.0,615.0,98.39999999999999,36.0,0.0,0.833977239480574,5.1285048246126665,0.27532109972597757,6.15,13.8,0.014591425494722282,225.0,1681,5.76,1056784,816.27,136.045,27.67,-14.829999999999998,-0.1999999999999993
219,504.0,108.0,10.8,136.0,74.0,100,0.0,1028,40,14.9,0.0,2.8,2023,12,24,4,6,358,51,0.8660254037844386,0.5000000000000001,-2.4492935982947064e-16,1.0,-0.7818314824680299,0.6234898018587334,0,3,1,111.17,83.5,118.5,224.0,73.0,73.5,100.72333333333334,15.0282944252916,111.17,83.5,112.11166666666666,15.920829647560032,126.0,83.5,121.55583333333334,39.890385594510406,224.0,78.0,96.46541666666667,39.427936573292634,224.0,51.0,15.0,15.3,13.8,41.0,44.0,68.0,2.4,2.0,1.2,1028.0,1028.0,1028.0,596.0,112.0,41.72,0.0,0.7904353644458496,4.666623457190211,0.09999907408264738,5.96,13.5,0.014494149324757467,222.01000000000002,1600,7.839999999999999,1056784,940.3,156.71666666666667,-3.6700000000000017,-11.0,-0.09999999999999964
193,403.0,77.0,4.3,122.0,37.0,100,0.0,1029,37,14.8,0.0,1.0,2023,12,24,5,6,358,51,0.9659258262890683,0.25881904510252074,-2.4492935982947064e-16,1.0,-0.7818314824680299,0.6234898018587334,0,3,1,107.5,111.17,83.5,126.0,78.0,98.0,102.05666666666667,12.739294852276961,111.17,87.5,105.695,16.930273181492357,126.0,83.5,122.34750000000001,39.03243386187638,224.0,83.5,96.02791666666667,39.468402439460846,224.0,51.0,14.9,15.2,14.3,40.0,43.0,59.0,2.8,2.4,1.6,1028.0,1028.0,1028.0,547.6,37.0,14.8,0.0,0.7172072360062622,5.233698263658913,0.05584343060479734,5.476,14.3,0.014382882038015514,219.04000000000002,1369,1.0,1058841,730.8,121.8,-20.0,4.0,-0.09999999999999964
177,403.0,77.0,4.3,111.5,37.0,100,0.0,1030,35,14.6,0.0,2.0,2023,12,24,6,6,358,51,1.0,6.123233995736766e-17,-2.4492935982947064e-16,1.0,-0.7818314824680299,0.6234898018587334,0,0,1,87.5,107.5,111.17,126.0,86.0,88.0,90.33333333333333,15.939991635294355,107.5,76.0,97.36166666666666,17.23951323751994,118.5,76.0,121.51416666666667,39.97437416835253,224.0,76.0,95.52791666666667,39.650116615780306,224.0,51.0,14.8,15.0,14.8,37.0,41.0,51.0,1.0,2.4,2.0,1029.0,1028.0,1028.0,511.0,70.0,29.2,0.0,0.6816082366974286,5.233698263658913,0.05584343060479734,5.11,13.6,0.014174743519666485,213.16,1225,4.0,1060900,708.8,118.13333333333333,-11.5,-35.17,-0.20000000000000107
164,403.0,77.0,4.3,104.5,37.0,100,0.0,1031,33,14.5,0.7,3.0,2023,12,24,7,6,358,51,0.9659258262890683,-0.25881904510252063,-2.4492935982947064e-16,1.0,-0.7818314824680299,0.6234898018587334,0,0,1,76.0,87.5,107.5,118.5,118.0,88.0,76.5,10.758717395671535,87.5,66.0,88.61166666666666,17.68250029454615,111.17,66.0,117.18083333333334,43.08722283890703,224.0,66.0,94.61125,40.08365809398765,224.0,51.0,14.6,14.9,15.3,35.0,40.0,44.0,2.0,2.8,2.0,1030.0,1028.0,1028.0,478.5,99.0,43.5,0.0,0.6315729036085779,5.233698263658913,0.05584343060479734,4.785,13.0,0.014064001877786734,210.25,1089,9.0,1062961,691.8,115.3,-10.0,-41.5,-0.09999999999999964
142,317.1,55.0,23.2,64.0,62.3,95,0.0,1031,31,15.1,0.8,3.0,2023,12,24,8,6,358,51,0.8660254037844387,-0.4999999999999998,-2.4492935982947064e-16,1.0,-0.7818314824680299,0.6234898018587334,0,0,1,66.0,76.0,87.5,83.5,166.0,72.0,64.33333333333333,12.58305739211511,76.0,51.0,83.19500000000001,23.561921610937368,111.17,51.0,107.59750000000001,44.02076454769464,224.0,51.0,93.73625,40.82113122993229,224.0,51.0,14.5,14.8,15.2,33.0,37.0,43.0,3.0,1.0,2.4,1031.0,1029.0,1028.0,468.09999999999997,93.0,45.3,0.0,0.7968625490226715,5.765349720914166,0.4218105125361357,4.681,13.6,0.014645960576177909,228.01,961,9.0,1062961,572.6,95.43333333333334,-15.0,-36.5,0.5999999999999996
157,231.2,33.0,42.1,69.0,87.7,91,0.0,1032,29,15.7,1.1,3.0,2023,12,24,9,6,358,51,0.7071067811865476,-0.7071067811865475,-2.4492935982947064e-16,1.0,-0.7818314824680299,0.6234898018587334,0,0,1,51.0,66.0,76.0,111.17,114.0,64.0,59.333333333333336,7.637626158255219,66.0,51.0,74.83333333333333,20.328961278595205,107.5,51.0,103.18083333333334,45.93706810969855,224.0,51.0,93.61125,40.920618733103844,224.0,51.0,15.1,14.6,15.0,31.0,35.0,41.0,3.0,2.0,2.4,1031.0,1030.0,1028.0,455.29999999999995,87.0,47.099999999999994,0.0,0.8840451587658149,7.0058483076270415,1.2757189176085575,4.553,14.2,0.01521316355313609,246.48999999999998,841,9.0,1065024,524.0,87.33333333333333,10.0,-15.0,0.5999999999999996
176,145.3,11.0,61.0,93.8,113.0,87,0.0,1032,27,16.3,1.5,3.0,2023,12,24,10,6,358,51,0.49999999999999994,-0.8660254037844387,-2.4492935982947064e-16,1.0,-0.7818314824680299,0.6234898018587334,0,0,1,61.0,51.0,66.0,107.5,224.0,95.0,62.333333333333336,12.055427546680516,75.0,51.0,69.41666666666667,12.831276891510939,87.5,51.0,90.76416666666667,26.214433033013606,126.0,51.0,92.77791666666667,41.09438510034444,224.0,51.0,15.7,14.5,14.9,29.0,33.0,40.0,3.0,3.0,2.8,1032.0,1031.0,1028.0,440.1,81.0,48.900000000000006,0.0,0.7995650366200786,13.207890191800747,5.544950459049177,4.401,14.8,0.01579455833860626,265.69,729,9.0,1065024,499.1,83.18333333333334,14.0,9.0,0.6000000000000014
157,140.5,11.0,63.7,64.0,119.0,83,0.0,1031,27,17.1,1.8,2.66,2023,12,24,11,6,358,51,0.258819045102521,-0.9659258262890682,-2.4492935982947064e-16,1.0,-0.7818314824680299,0.6234898018587334,0,0,1,75.0,61.0,51.0,87.5,126.0,56.0,65.66666666666667,8.082903768650368,75.0,61.0,65.0,9.486832980502786,76.0,51.0,85.34750000000001,24.95709012940417,126.0,51.0,92.98625,40.912097903815116,224.0,51.0,16.3,15.1,14.8,27.0,31.0,37.0,3.0,3.0,1.0,1032.0,1031.0,1029.0,461.70000000000005,71.82000000000001,45.486000000000004,0.0,0.9531101076545678,12.771566221252614,5.790382692482502,4.617000000000001,15.770000000000001,0.016585822904148496,292.41,729,7.0756000000000006,1062961,459.2,76.53333333333333,-14.0,10.0,0.8000000000000007
157,135.6,11.0,66.3,64.0,125.0,79,0.0,1030,26,18.0,2.1,2.33,2023,12,24,12,6,358,51,1.2246467991473532e-16,-1.0,-2.4492935982947064e-16,1.0,-0.7818314824680299,0.6234898018587334,0,1,1,61.0,75.0,61.0,76.0,126.0,57.5,65.66666666666667,8.082903768650368,75.0,61.0,62.5,7.842193570676195,75.0,51.0,79.93083333333333,22.237379447608014,118.5,51.0,93.13208333333334,40.78614971426626,224.0,51.0,17.1,15.7,14.6,27.0,29.0,35.0,2.66,3.0,2.0,1031.0,1032.0,1030.0,468.0,60.58,41.94,0.0,0.9531101076545678,12.326152167984729,6.026724843196073,4.68,16.835,0.017475711188629915,324.0,676,5.4289000000000005,1060900,462.9,77.14999999999999,0.0,0.0,0.8999999999999986
159,130.7,11.0,69.0,66.0,131.0,75,0.0,1029,26,18.8,1.9,2.0,2023,12,24,13,6,358,51,-0.2588190451025208,-0.9659258262890683,-2.4492935982947064e-16,1.0,-0.7818314824680299,0.6234898018587334,0,1,1,61.0,61.0,75.0,66.0,118.5,59.0,61.333333333333336,0.577350269129454,62.0,61.0,61.833333333333336,7.652886165795334,75.0,51.0,75.2225,19.08694181180426,111.17,51.0,93.25708333333334,40.681457530125584,224.0,51.0,18.0,16.3,14.5,26.0,27.0,33.0,2.33,3.0,3.0,1030.0,1032.0,1031.0,488.8,52.0,37.6,0.0,0.9393797063680852,11.880738114716843,6.272157076629398,4.888,17.8,0.01827014745369538,353.44000000000005,676,4.0,1058841,469.7,78.28333333333333,1.0,-13.0,0.8000000000000007
158,130.5,11.7,69.0,68.0,136.0,79,0.0,1028,27,18.9,1.4,1.66,2023,12,24,14,6,358,51,-0.4999999999999997,-0.8660254037844388,-2.4492935982947064e-16,1.0,-0.7818314824680299,0.6234898018587334,0,1,1,62.0,61.0,61.0,51.0,83.5,51.0,61.5,0.4999999999304621,62.0,61.0,63.583333333333336,5.607286925655031,75.0,61.0,73.38916666666667,19.275234915832666,111.17,51.0,93.69458333333334,40.261547193663404,224.0,51.0,18.8,17.1,15.1,26.0,27.0,31.0,2.0,2.66,3.0,1029.0,1031.0,1031.0,510.29999999999995,44.82,31.373999999999995,0.0,0.9043984647284599,11.15289291513546,5.896931886163577,5.103,18.07,0.018385196123350073,357.2099999999999,729,2.7556,1056784,476.7,79.45,-0.5,0.5,0.09999999999999787
152,130.3,12.3,69.0,71.0,141.0,83,0.0,1027,29,18.9,1.1,1.33,2023,12,24,15,6,358,51,-0.7071067811865471,-0.7071067811865479,-2.4492935982947064e-16,1.0,-0.7818314824680299,0.6234898018587334,0,1,1,61.5,62.0,61.0,61.0,111.17,55.0,60.166666666666664,2.753785273630507,62.0,57.0,62.916666666666664,6.183984691654869,75.0,57.0,68.875,15.619226205950643,107.5,51.0,93.77791666666667,40.17996212467887,224.0,51.0,18.9,18.0,15.7,27.0,26.0,29.0,1.66,2.33,3.0,1028.0,1030.0,1032.0,548.0999999999999,38.57,25.137,0.0,0.8028055942874044,10.592634745142671,5.609300056905942,5.480999999999999,18.235,0.01840309795219284,357.2099999999999,841,1.7689000000000001,1054729,480.6,80.10000000000001,-4.5,-4.0,0.0
169,130.1,13.0,69.0,86.0,146.0,87,0.0,1027,31,19.0,0.9,1.0,2023,12,24,16,6,358,51,-0.8660254037844385,-0.5000000000000004,-2.4492935982947064e-16,1.0,-0.7818314824680299,0.6234898018587334,0,1,1,57.0,61.5,62.0,75.0,107.5,73.0,62.833333333333336,6.6017674401074835,70.0,57.0,62.083333333333336,4.271026418394255,70.0,57.0,65.75,9.889158434638516,87.5,51.0,93.65291666666667,40.25201463812197,224.0,51.0,18.9,18.8,16.3,29.0,26.0,27.0,1.33,2.0,3.0,1027.0,1029.0,1032.0,589.0,31.0,19.0,0.0,0.8139440239066987,10.00692254441966,5.307284055072687,5.89,18.5,0.018500468840828784,361.0,961,1.0,1054729,514.1,85.68333333333334,13.0,8.0,0.10000000000000142
203,173.9,18.0,58.0,118.8,149.0,91,0.0,1027,33,18.3,0.8,0.66,2023,12,24,17,6,358,51,-0.9659258262890683,-0.25881904510252063,-2.4492935982947064e-16,1.0,-0.7818314824680299,0.6234898018587334,0,1,1,70.0,57.0,61.5,61.0,87.5,78.0,74.0,19.313207915826055,95.0,57.0,67.75,14.006248605531596,95.0,57.0,66.375,11.495305365864498,95.0,51.0,94.36125,40.11392844002384,224.0,51.0,19.0,18.9,17.1,31.0,27.0,27.0,1.0,1.66,2.66,1027.0,1028.0,1031.0,603.9,21.78,12.078000000000001,0.0,0.7996565685474027,9.660574412532636,3.2220432198211206,6.039,17.970000000000002,0.017818872620377197,334.89000000000004,1089,0.43560000000000004,1054729,612.7,102.11666666666667,25.0,33.5,-0.6999999999999993
204,217.7,23.0,47.0,121.0,152.0,95,0.0,1027,36,17.7,0.0,0.33,2023,12,24,18,6,358,51,-1.0,-1.8369701987210297e-16,-2.4492935982947064e-16,1.0,-0.7818314824680299,0.6234898018587334,0,2,1,95.0,70.0,57.0,61.0,76.0,86.0,87.0,14.730919862653579,96.0,70.0,73.58333333333333,17.488329441848446,96.0,57.0,68.04166666666667,14.158932826587133,96.0,51.0,94.77791666666667,40.075220141430385,224.0,51.0,18.3,18.9,18.0,33.0,29.0,26.0,0.66,1.33,2.33,1027.0,1027.0,1030.0,637.1999999999999,11.88,5.841,0.0,0.7933818728770836,9.464805878005302,2.043389417851398,6.371999999999999,17.535,0.01723464728856155,313.28999999999996,1296,0.10890000000000001,1054729,656.7,109.45,1.0,39.0,-0.6000000000000014
225,261.5,28.0,36.0,121.0,155.0,100,0.0,1027,40,17.0,0.0,1.2,2023,12,24,19,6,358,51,-0.9659258262890684,0.2588190451025203,-2.4492935982947064e-16,1.0,-0.7818314824680299,0.6234898018587334,0,2,1,96.0,95.0,70.0,62.0,66.0,118.0,101.0,9.539392014165104,112.0,95.0,81.91666666666667,22.154946776434016,112.0,57.0,71.875,18.966627389849336,112.0,51.0,94.52791666666667,39.94255124324046,224.0,51.0,17.7,19.0,18.8,36.0,31.0,26.0,0.33,1.0,2.0,1027.0,1027.0,1029.0,680.0,48.0,20.4,0.0,0.9256121850232643,9.338952180279275,1.2856683689868218,6.8,16.4,0.016553051068109965,289.0,1600,1.44,1054729,713.5,118.91666666666667,16.0,42.0,-0.6999999999999993
242,275.0,41.7,25.8,140.0,115.7,100,0.0,1028,42,16.8,0.0,1.6,2023,12,24,20,6,358,51,-0.8660254037844386,0.5000000000000001,-2.4492935982947064e-16,1.0,-0.7818314824680299,0.6234898018587334,0,2,1,112.0,96.0,95.0,61.5,51.0,166.0,110.83333333333333,14.28577380939678,124.5,96.0,92.41666666666667,25.255527447800905,124.5,57.0,78.0,23.042450942867923,124.5,57.0,92.79875,37.53993633597084,224.0,51.0,17.0,18.3,18.9,40.0,33.0,27.0,1.2,0.66,1.66,1027.0,1027.0,1028.0,705.6,67.2,26.880000000000003,0.0,0.8892793622902693,6.594566077552097,0.6186901992757967,7.056,16.0,0.016342396554088957,282.24,1764,2.5600000000000005,1056784,722.7,120.45,12.5,29.5,-0.1999999999999993
217,288.5,55.3,15.6,133.0,76.3,100,0.0,1028,44,16.7,0.0,1.2,2023,12,24,21,6,358,51,-0.7071067811865477,0.7071067811865474,-2.4492935982947064e-16,1.0,-0.7818314824680299,0.6234898018587334,0,2,1,124.5,112.0,96.0,57.0,61.0,114.0,114.16666666666667,9.438396756507215,124.5,106.0,100.58333333333333,18.542968119117972,124.5,70.0,81.75,23.67728101711779,124.5,57.0,92.46541666666667,37.3786675942741,224.0,51.0,16.8,17.7,18.9,42.0,36.0,29.0,1.6,0.33,1.33,1028.0,1027.0,1027.0,734.8,52.8,20.04,0.0,0.7969864888233923,5.216903853456539,0.2820925480551889,7.348,16.099999999999998,0.01624512038412414,278.89,1936,1.44,1056784,674.7,112.45,-18.5,10.0,-0.10000000000000142
159,302.0,69.0,5.4,218.0,37.0,100,0.0,1028,47,16.5,0.0,1.6,2023,12,24,22,6,358,51,-0.5000000000000004,0.8660254037844384,-2.4492935982947064e-16,1.0,-0.7818314824680299,0.6234898018587334,0,3,1,106.0,124.5,112.0,70.0,75.0,224.0,129.83333333333334,26.89950433248242,159.0,106.0,115.41666666666667,23.984196185543237,159.0,95.0,88.75,32.334543869871716,159.0,57.0,89.75708333333334,28.80538347618709,159.0,51.0,16.7,17.0,19.0,44.0,40.0,31.0,1.2,1.2,1.0,1028.0,1027.0,1027.0,775.5,75.2,26.400000000000002,0.0,0.7293544525025114,4.3767481630701,0.07825973536615412,7.755,15.7,0.01605056804419451,272.25,2209,2.5600000000000005,1056784,790.4,131.73333333333332,53.0,47.0,-0.1999999999999993
264,101.0,200.0,5.4,181.0,26.0,100,0.0,1028,50,16.3,0.0,1.6,2023,12,24,23,6,358,51,-0.25881904510252157,0.9659258262890681,-2.4492935982947064e-16,1.0,-0.7818314824680299,0.6234898018587334,0,3,1,159.0,106.0,124.5,95.0,61.0,126.0,135.33333333333334,26.950572040927785,159.0,106.0,123.08333333333333,23.499822694365747,159.0,96.0,95.41666666666667,34.28147746188354,159.0,57.0,90.38208333333334,29.77244509232337,159.0,51.0,16.5,16.8,18.3,47.0,42.0,33.0,1.6,1.6,0.66,1028.0,1028.0,1027.0,815.0,80.0,26.080000000000002,0.0,0.7790012209877293,0.5049974750126249,0.026999865000674996,8.15,15.5,0.01585601570426488,265.69,2500,2.5600000000000005,1056784,654.4,109.06666666666666,-18.0,16.5,-0.1999999999999993
267,101.0,200.0,5.4,184.0,26.0,100,0.0,1028,53,16.0,0.0,1.6,2023,12,25,0,0,359,52,0.0,1.0,-2.4492935982947064e-16,1.0,0.0,1.0,0,3,0,141.0,159.0,106.0,96.0,61.0,126.0,147.83333333333334,9.751068317534953,159.0,141.0,131.0,20.33961651555804,159.0,106.0,102.29166666666667,35.016527483027645,159.0,57.0,91.11125,30.87652961358042,159.0,51.0,16.3,16.7,17.7,50.0,44.0,36.0,1.6,1.2,0.33,1028.0,1028.0,1027.0,848.0,84.80000000000001,25.6,0.0,0.779887065831164,0.5049974750126249,0.026999865000674996,8.48,15.2,0.015564187194370433,256.0,2809,2.5600000000000005,1056784,659.9,109.98333333333333,2.5,37.5,-0.3000000000000007
157,605.0,146.0,8.6,211.0,16.0,100,0.0,1027,56,15.8,0.0,2.0,2023,12,25,1,0,359,52,0.25881904510252074,0.9659258262890683,-2.4492935982947064e-16,1.0,0.0,1.0,0,3,0,143.5,141.0,159.0,112.0,62.0,118.5,147.33333333333334,8.892881047963822,157.5,141.0,138.58333333333334,20.320966184377863,159.0,106.0,110.25,35.86876331598451,159.0,57.0,92.73625,33.3109391632063,159.0,51.0,16.0,16.5,17.0,53.0,47.0,40.0,1.6,1.6,1.2,1028.0,1028.0,1027.0,884.8000000000001,112.0,31.6,0.0,0.746441959990711,4.143807234197026,0.05890370613899904,8.848,14.8,0.015384600404478673,249.64000000000001,3136,4.0,1054729,1144.1,190.6833333333333,14.0,-1.5,-0.1999999999999993
270,101.0,177.0,6.5,186.5,32.0,100,0.0,1027,51,15.8,0.0,2.0,2023,12,25,2,0,359,52,0.49999999999999994,0.8660254037844387,-2.4492935982947064e-16,1.0,0.0,1.0,0,3,0,157.5,143.5,141.0,124.5,61.5,83.5,148.83333333333334,7.571877794393778,157.5,143.5,142.08333333333334,19.18701818070304,159.0,106.0,117.25,33.615810674036446,159.0,57.0,95.31958333333334,34.928353809174716,159.0,51.0,15.8,16.3,16.8,56.0,50.0,42.0,2.0,1.6,1.6,1027.0,1028.0,1028.0,805.8000000000001,102.0,31.6,0.0,0.780156674763138,0.5706182450946604,0.036722956367478146,8.058,14.8,0.015384600404478673,249.64000000000001,2601,4.0,1054729,648.5,108.08333333333333,-12.0,4.5,0.0
177,403.0,105.3,11.5,95.0,50.7,100,0.0,1026,47,15.8,0.0,1.6,2023,12,25,3,0,359,52,0.7071067811865476,0.7071067811865476,-2.4492935982947064e-16,1.0,0.0,1.0,0,3,0,145.5,157.5,143.5,106.0,57.0,111.17,126.33333333333333,44.00094695950578,157.5,76.0,137.08333333333334,30.840584732890985,159.0,76.0,118.83333333333333,30.854006173747237,159.0,70.0,93.85416666666667,34.97218744842228,159.0,51.0,15.8,16.0,16.7,51.0,53.0,44.0,2.0,1.6,1.2,1027.0,1028.0,1028.0,742.6,75.2,25.28,0.0,0.7999915790360101,3.8271241488684815,0.10921073873942318,7.426,15.0,0.015399595127100266,249.64000000000001,2209,2.5600000000000005,1052676,741.5,123.58333333333333,-69.5,-67.5,0.0
218,302.0,85.0,13.0,134.0,68.0,100,0.0,1026,43,15.8,0.0,2.0,2023,12,25,4,0,359,52,0.8660254037844386,0.5000000000000001,-2.4492935982947064e-16,1.0,0.0,1.0,0,3,0,76.0,145.5,157.5,159.0,70.0,107.5,109.33333333333333,34.836522979959504,145.5,76.0,128.33333333333334,30.826395615878084,157.5,76.0,121.875,27.182986824983175,159.0,76.0,93.8125,34.955814500471206,159.0,51.0,15.8,15.8,16.5,47.0,56.0,47.0,1.6,2.0,1.6,1026.0,1027.0,1028.0,679.4,86.0,31.6,0.0,0.7947701882821769,3.5528993776543802,0.15293937718379783,6.794,14.8,0.015399595127100266,249.64000000000001,1849,4.0,1052676,708.5,118.08333333333333,30.5,-51.0,0.0
153,302.0,77.0,4.3,198.0,37.0,95,0.0,1026,41,15.7,0.0,0.33,2023,12,25,5,0,359,52,0.9659258262890683,0.25881904510252074,-2.4492935982947064e-16,1.0,0.0,1.0,0,3,0,106.5,76.0,145.5,141.0,95.0,87.5,111.83333333333333,38.77606650155796,153.0,76.0,130.33333333333334,32.17245198405971,157.5,76.0,126.70833333333333,27.126352780118673,159.0,76.0,96.54166666666667,36.942057058455674,159.0,51.0,15.8,15.8,16.3,43.0,51.0,50.0,2.0,2.0,1.6,1026.0,1027.0,1028.0,643.6999999999999,13.530000000000001,5.181,0.0,0.7727233700839895,3.9220269866625106,0.05584343060479734,6.436999999999999,15.535,0.015302129335156593,246.48999999999998,1681,0.10890000000000001,1052676,771.3,128.54999999999998,46.5,7.5,-0.10000000000000142
211,302.0,85.0,13.0,129.5,68.0,91,0.0,1026,40,15.6,0.0,0.66,2023,12,25,6,0,359,52,1.0,6.123233995736766e-17,-2.4492935982947064e-16,1.0,0.0,1.0,0,0,0,153.0,106.5,76.0,143.5,96.0,76.0,120.16666666666667,28.567172302019024,153.0,101.0,123.25,33.350787097158,157.5,76.0,127.125,26.6459318061523,159.0,76.0,97.58333333333333,36.689255229227705,159.0,51.0,15.7,15.8,16.0,41.0,47.0,53.0,0.33,1.6,1.6,1026.0,1026.0,1028.0,624.0,26.400000000000002,10.296,0.0,0.7799167573995567,3.5528993776543802,0.15293937718379783,6.24,15.27,0.015204663543212921,243.35999999999999,1600,0.43560000000000004,1052676,698.5,116.41666666666667,-52.0,25.0,-0.09999999999999964
163,171.0,16.0,42.0,65.0,84.0,87,0.0,1027,39,15.5,0.8,1.0,2023,12,25,7,0,359,52,0.9659258262890683,-0.25881904510252063,-2.4492935982947064e-16,1.0,0.0,1.0,0,0,0,101.0,153.0,106.5,157.5,112.0,66.0,106.33333333333333,44.24176006143119,153.0,65.0,107.83333333333333,35.65202191554675,153.0,65.0,123.20833333333333,31.98967044455837,159.0,65.0,97.54166666666667,36.727230943179926,159.0,51.0,15.6,15.8,15.8,40.0,43.0,56.0,0.66,2.0,2.0,1026.0,1026.0,1027.0,604.5,39.0,15.5,0.0,0.999984615621298,10.686832072995436,2.6248359477532652,6.045,15.0,0.015092487738570848,240.25,1521,1.0,1054729,443.0,73.83333333333333,-36.0,-41.5,-0.09999999999999964
158,504.0,146.0,13.0,110.0,74.0,87,0.0,1027,33,16.4,1.1,0.66,2023,12,25,8,0,359,52,0.8660254037844387,-0.4999999999999998,-2.4492935982947064e-16,1.0,0.0,1.0,0,0,0,65.0,101.0,153.0,145.5,124.5,51.0,75.83333333333333,21.86511681499227,101.0,61.5,93.83333333333333,34.37246960383592,153.0,61.5,117.95833333333333,36.59635993655648,159.0,61.5,97.97916666666667,36.20757762590978,159.0,57.0,15.5,15.7,15.8,39.0,41.0,51.0,1.0,0.33,2.0,1027.0,1026.0,1027.0,541.1999999999999,21.78,10.824,0.0,0.5590858264924864,3.452031150471572,0.08904048602406832,5.411999999999999,16.07,0.015968825736294316,268.96,1089,0.43560000000000004,1054729,908.5,151.41666666666666,-3.5,-91.5,0.8999999999999986
107,191.7,62.0,29.9,48.0,73.3,87,0.0,1027,28,17.3,1.6,0.33,2023,12,25,9,0,359,52,0.7071067811865476,-0.7071067811865475,-2.4492935982947064e-16,1.0,0.0,1.0,0,0,0,61.5,65.0,101.0,76.0,106.0,61.0,54.833333333333336,14.68275632615568,65.0,38.0,87.5,41.14851151621352,153.0,38.0,112.29166666666667,43.27210855490882,159.0,38.0,97.02083333333333,37.50984774077711,159.0,38.0,16.4,15.6,15.8,33.0,40.0,47.0,0.66,0.66,1.6,1027.0,1026.0,1026.0,484.40000000000003,9.24,5.7090000000000005,0.0,0.7916501739547093,3.0918856147481493,0.48225028628570504,4.844,17.135,0.016845163734017787,299.29,784,0.10890000000000001,1054729,442.9,73.81666666666666,-23.5,-63.0,0.9000000000000021
122,202.0,85.0,23.8,86.0,68.0,87,0.0,1027,24,18.2,2.5,2.8,2023,12,25,10,0,359,52,0.49999999999999994,-0.8660254037844387,-2.4492935982947064e-16,1.0,0.0,1.0,0,0,0,38.0,61.5,65.0,106.5,159.0,75.0,47.666666666666664,12.291596044992163,61.5,38.0,77.0,43.31166124728946,153.0,38.0,102.66666666666667,44.758104057118096,157.5,38.0,95.70833333333333,38.84134861611901,159.0,38.0,17.3,15.5,15.8,28.0,39.0,43.0,0.33,1.0,2.0,1027.0,1027.0,1026.0,436.79999999999995,67.19999999999999,50.959999999999994,0.0,0.5058080719991628,2.3764426300867045,0.2799967059211068,4.367999999999999,16.8,0.017721501731741255,331.23999999999995,576,7.839999999999999,1054729,508.3,84.71666666666667,5.5,-21.5,0.8999999999999986
152,235.3,100.3,28.5,71.3,82.0,87,0.0,1026,21,18.9,4.3,2.4,2023,12,25,11,0,359,52,0.258819045102521,-0.9659258262890682,-2.4492935982947064e-16,1.0,0.0,1.0,0,0,0,43.5,38.0,61.5,153.0,141.0,61.0,46.166666666666664,9.776672917371608,57.0,38.0,61.0,22.21485989152202,101.0,38.0,95.66666666666667,44.78653071329889,157.5,38.0,95.54166666666667,39.004993177203254,159.0,38.0,18.2,16.4,15.7,24.0,33.0,41.0,2.8,0.66,0.33,1027.0,1027.0,1026.0,396.9,50.4,45.35999999999999,0.0,0.7994277780115285,2.345938724439437,0.28414472437961735,3.969,17.7,0.018421034677354113,357.2099999999999,441,5.76,1052676,574.4000000000001,95.73333333333335,13.5,-4.5,0.6999999999999993
129,302.0,123.0,34.6,71.5,105.0,87,0.0,1025,19,19.5,5.7,2.0,2023,12,25,12,0,359,52,1.2246467991473532e-16,-1.0,-2.4492935982947064e-16,1.0,0.0,1.0,0,1,0,57.0,43.5,38.0,101.0,143.5,61.0,48.833333333333336,7.182153808800434,57.0,43.5,51.833333333333336,10.84742673017981,65.0,38.0,87.54166666666667,44.159554887687875,157.5,38.0,94.91666666666667,39.69658474705046,159.0,38.0,18.9,17.3,15.6,21.0,28.0,40.0,2.4,0.33,0.66,1026.0,1027.0,1026.0,370.5,38.0,39.0,0.0,0.6433476454874757,2.4552645913447857,0.2812985260282437,3.705,18.5,0.01902437168353982,380.25,361,4.0,1050625,682.1,113.68333333333334,-11.0,8.0,0.6000000000000014
130,302.0,131.0,37.8,72.5,110.0,87,0.0,1024,17,20.2,5.5,1.6,2023,12,25,13,0,359,52,-0.2588190451025208,-0.9659258262890683,-2.4492935982947064e-16,1.0,0.0,1.0,0,1,0,46.0,57.0,43.5,65.0,157.5,62.0,49.833333333333336,6.211548384522674,57.0,46.0,48.75,8.790620000884607,61.5,38.0,78.29166666666667,39.55919519204546,153.0,38.0,94.27083333333333,40.37567583676354,159.0,38.0,19.5,18.2,15.5,19.0,24.0,39.0,2.0,2.8,1.0,1025.0,1027.0,1027.0,343.4,27.200000000000003,32.32,0.0,0.6413704638556709,2.3053259135426445,0.28854741566858266,3.4339999999999997,19.4,0.01972654323579762,408.03999999999996,289,2.5600000000000005,1048576,699.8,116.63333333333333,0.5,3.0,0.6999999999999993
130,302.0,123.0,38.9,72.5,121.0,0,0.0,1023,17,20.4,4.5,1.2,2023,12,25,14,0,359,52,-0.4999999999999997,-0.8660254037844388,-2.4492935982947064e-16,1.0,0.0,1.0,0,1,0,46.5,46.0,57.0,61.5,145.5,61.5,46.333333333333336,0.28867513448068993,46.5,46.0,46.25,6.186679238489112,57.0,38.0,70.04166666666667,34.23346205457974,153.0,38.0,93.64583333333333,41.0160305794308,159.0,38.0,20.2,18.9,16.4,17.0,21.0,33.0,1.6,2.4,0.66,1024.0,1026.0,1027.0,346.79999999999995,20.4,24.479999999999997,0.0,0.6413704638556709,2.4552645913447857,0.3162575914016959,3.4679999999999995,19.799999999999997,0.019941329480616343,416.15999999999997,289,1.44,1046529,703.9,117.31666666666666,0.0,-10.5,0.1999999999999993
110,302.0,121.0,39.3,49.0,89.3,0,0.0,1022,17,20.6,3.2,0.8,2023,12,25,15,0,359,52,-0.7071067811865471,-0.7071067811865479,-2.4492935982947064e-16,1.0,0.0,1.0,0,1,0,46.5,46.5,46.0,38.0,76.0,57.0,44.0,4.330127018914677,46.5,39.0,46.416666666666664,5.928040710607418,57.0,39.0,66.95833333333333,35.297732565171245,153.0,38.0,92.89583333333333,41.870914250168646,159.0,38.0,20.4,19.5,17.3,17.0,19.0,28.0,1.2,2.0,0.33,1023.0,1025.0,1027.0,350.20000000000005,13.600000000000001,16.48,0.0,0.7959021244464399,2.495847141759159,0.3247907042090561,3.5020000000000007,20.200000000000003,0.020156536050356118,424.36000000000007,289,0.6400000000000001,1044484,639.5999999999999,106.59999999999998,-7.5,-7.0,0.20000000000000284
142,302.0,116.0,40.0,92.0,79.0,0,0.0,1022,17,20.8,2.3,1.2,2023,12,25,16,0,359,52,-0.8660254037844385,-0.5000000000000004,-2.4492935982947064e-16,1.0,0.0,1.0,0,1,0,39.0,46.5,46.5,43.5,106.5,70.0,45.5,6.06217782648566,51.0,39.0,47.666666666666664,5.980523945827744,57.0,39.0,62.333333333333336,33.220566831497415,153.0,38.0,92.10416666666667,42.4975649345038,159.0,38.0,20.6,20.2,18.2,17.0,17.0,24.0,0.8,1.6,2.8,1022.0,1024.0,1027.0,353.6,20.4,24.96,0.0,0.5543418006326017,2.6034258325359265,0.34482461358091737,3.536,20.2,0.020352230575116856,432.64000000000004,289,1.44,1044484,680.0,113.33333333333333,12.0,4.5,0.1999999999999993
157,202.0,85.0,42.2,96.0,16.0,0,0.0,1022,24,18.7,2.0,1.2,2023,12,25,17,0,359,52,-0.9659258262890683,-0.25881904510252063,-2.4492935982947064e-16,1.0,0.0,1.0,0,1,0,51.0,39.0,46.5,57.0,153.0,95.0,50.166666666666664,10.774197572592874,60.5,39.0,48.25,7.1326713088402185,60.5,39.0,54.625,17.0815224465161,101.0,38.0,90.66666666666667,42.9761477492151,159.0,38.0,20.8,20.4,18.9,17.0,17.0,21.0,1.2,1.2,2.4,1022.0,1023.0,1026.0,448.79999999999995,28.799999999999997,22.439999999999998,0.0,0.6302017687315756,2.3764426300867045,0.4964647474735591,4.4879999999999995,18.099999999999998,0.018297438065129096,349.69,576,1.44,1044484,501.7,83.61666666666666,9.5,14.0,-2.1000000000000014
188,403.0,69.0,4.3,144.0,37.0,1,0.0,1023,33,16.7,0.0,2.0,2023,12,25,18,0,359,52,-1.0,-1.8369701987210297e-16,-2.4492935982947064e-16,1.0,0.0,1.0,0,2,0,60.5,51.0,39.0,46.0,101.0,96.0,65.16666666666667,16.98774067771406,84.0,51.0,54.583333333333336,16.041872293052943,84.0,39.0,53.208333333333336,13.134718624061094,84.0,38.0,90.16666666666667,42.98120586920592,159.0,38.0,18.7,20.6,19.5,24.0,17.0,19.0,1.2,0.8,2.0,1022.0,1022.0,1025.0,551.1,66.0,33.4,0.0,0.5833292824355386,5.840495065288908,0.06231793742119679,5.511,15.7,0.016324519721877106,278.89,1089,4.0,1046529,741.3,123.55,23.5,45.0,-2.0
225,1411.0,378.0,1.1,197.0,68.0,87,0.0,1023,46,14.6,0.0,2.0,2023,12,25,19,0,359,52,-0.9659258262890684,0.2588190451025203,-2.4492935982947064e-16,1.0,0.0,1.0,0,2,0,84.0,60.5,51.0,46.5,65.0,112.0,85.33333333333333,25.526130402653163,111.5,60.5,65.41666666666667,27.410612300104148,111.5,39.0,57.083333333333336,21.269732371410786,111.5,38.0,90.14583333333333,42.97028274604915,159.0,38.0,16.7,20.8,20.2,33.0,17.0,17.0,2.0,1.2,1.6,1023.0,1022.0,1024.0,671.6,92.0,29.2,0.0,0.5659869746854077,3.7327943576868847,0.002910045211520605,6.716,13.6,0.014271735804754835,213.16,2116,4.0,1046529,2166.6,361.09999999999997,27.5,60.5,-2.0999999999999996
213,403.0,162.0,15.1,147.5,16.0,87,0.0,1024,52,14.5,0.0,0.33,2023,12,25,20,0,359,52,-0.8660254037844386,0.5000000000000001,-2.4492935982947064e-16,1.0,0.0,1.0,0,2,0,111.5,84.0,60.5,46.5,61.5,124.5,99.33333333333333,14.020817855362413,111.5,84.0,74.75,29.15947530392059,111.5,39.0,60.5,25.008180479775337,111.5,38.0,89.22916666666667,42.43690435752026,159.0,38.0,14.6,18.7,20.4,46.0,24.0,17.0,2.0,1.2,1.2,1023.0,1022.0,1023.0,754.0,17.16,4.785,0.0,0.6949105429793696,2.487638965191573,0.09320930117715322,7.54,14.335,0.014160142421735916,210.25,2704,0.10890000000000001,1048576,846.1,141.01666666666668,-9.0,42.0,-0.09999999999999964
204,739.0,239.3,6.8,120.0,33.3,87,0.0,1024,59,14.5,0.0,0.66,2023,12,25,21,0,359,52,-0.7071067811865477,0.7071067811865474,-2.4492935982947064e-16,1.0,0.0,1.0,0,2,0,102.5,111.5,84.0,39.0,38.0,106.0,103.33333333333333,7.783529619218271,111.5,96.0,84.25,24.01405838253825,111.5,51.0,65.33333333333333,25.85478093060591,111.5,39.0,88.8125,42.31399514088283,159.0,38.0,14.5,16.7,20.6,52.0,33.0,17.0,0.33,2.0,0.8,1024.0,1023.0,1022.0,855.5,38.940000000000005,9.57,0.0,0.7999933333888883,3.088160935390993,0.028416095210634304,8.555,14.17,0.014160142421735916,210.25,3481,0.43560000000000004,1048576,1234.3999999999999,205.73333333333332,-6.5,12.0,0.0
236,403.0,170.0,9.7,164.5,16.0,87,0.0,1025,67,14.4,0.0,1.0,2023,12,25,22,0,359,52,-0.5000000000000004,0.8660254037844384,-2.4492935982947064e-16,1.0,0.0,1.0,0,3,0,96.0,102.5,111.5,51.0,43.5,159.0,106.16666666666667,12.41303078757348,120.0,96.0,95.75,21.271459752446617,120.0,60.5,71.70833333333333,29.197181007552867,120.0,39.0,87.1875,40.19728860096924,157.5,38.0,14.5,14.6,20.8,59.0,46.0,17.0,0.66,2.0,1.2,1024.0,1023.0,1022.0,964.8000000000001,67.0,14.4,0.0,0.7294788481528988,2.3705742907394662,0.05705848789124769,9.648000000000001,13.9,0.014048766781690945,207.36,4489,1.0,1050625,883.2,147.20000000000002,24.0,8.5,-0.09999999999999964
170,403.0,185.0,7.6,236.0,16.0,87,0.0,1024,72,13.4,0.0,0.66,2023,12,25,23,0,359,52,-0.25881904510252157,0.9659258262890681,-2.4492935982947064e-16,1.0,0.0,1.0,0,3,0,120.0,96.0,102.5,60.5,57.0,141.0,128.66666666666666,37.75358702604615,170.0,96.0,114.0,30.11478042423616,170.0,84.0,81.125,40.17921500205979,170.0,39.0,88.39583333333333,42.26777453915453,170.0,38.0,14.4,14.5,18.7,67.0,52.0,24.0,1.0,0.33,1.2,1025.0,1024.0,1022.0,964.8000000000001,47.52,8.844000000000001,0.0,0.7203359307799543,2.178366603423765,0.04108085902238366,9.648000000000001,13.07,0.01308592472077664,179.56,5184,0.43560000000000004,1048576,1017.6,169.6,50.0,67.5,-1.0
